EntityId,TeamId,Name,ShortName,RowId,TeamAbbreviation,SecondsPlayed,GamesPlayed,Minutes,PlusMinus,OffPoss,DefPoss,PenaltyDefPoss,TotalPoss,AtRimFGM,AtRimFGA,LongMidRangeFGA,Corner3FGM,Corner3FGA,Arc3FGA,FG2M,FG2A,FG3M,FG3A,Points,OpponentPoints,PtsAssisted2s,PtsAssisted3s,NonHeaveArc3FGA,TwoPtAssists,ThreePtAssists,Assists,Corner3Assists,AtRimAssists,AssistPoints,DefThreePtRebounds,DefRebounds,Rebounds,Fouls,FoulsDrawn,FirstChancePoints,NonShootingPenaltyNonTakeFouls,Assisted2sPct,NonPutbacksAssisted2sPct,Assisted3sPct,Fg3Pct,NonHeaveFg3Pct,Fg2Pct,EfgPct,TsPct,FG3APct,DefThreePtReboundPct,DefFGReboundPct,DefArc3ReboundPct,Pace,SecondsPerPossOff,SecondsPerPossDef,SecondsExcludingORebsPerPossOff,SecondsExcludingORebsPerPossDef,AtRimFrequency,AtRimAccuracy,UnblockedAtRimAccuracy,AtRimPctAssisted,LongMidRangeFrequency,Corner3Frequency,Corner3Accuracy,UnblockedCorner3Accuracy,Corner3PctAssisted,Arc3Frequency,AtRimFG3AFrequency,ShotQualityAvg,Avg2ptShotDistance,Avg3ptShotDistance,PenaltyOffPoss,ShortMidRangeFGA,Arc3FGM,PenaltyArc3FGM,PenaltyArc3FGA,PenaltyFG2A,PenaltyFG3M,PenaltyFG3A,PenaltyPoints,NonHeaveArc3FGM,Fg2aBlocked,Arc3Assists,FTDefRebounds,LiveBallTurnovers,BadPassTurnovers,Turnovers,ShootingFouls,PenaltyPointsExcludingTakeFouls,PenaltyOffPossExcludingTakeFouls,PenaltyFg3Pct,PenaltyEfgPct,PenaltyTsPct,FG2APctBlocked,ShortMidRangePctBlocked,LiveBallTurnoverPct,DefFTReboundPct,ShortMidRangeFrequency,Arc3Accuracy,UnblockedArc3Accuracy,Arc3PctAssisted,PenaltyArc3Frequency,PenaltyArc3Accuracy,NonHeaveArc3Accuracy,PenaltyShotQualityAvg,PenaltyPointsPct,PenaltyOffPossPct,SecondChanceOffPoss,PenaltyAtRimFGM,PenaltyAtRimFGA,ShortMidRangeFGM,LongMidRangeFGM,FtPoints,SecondChanceFG2M,SecondChanceFG2A,SecondChanceFtPoints,SecondChancePoints,PenaltyFG2M,ShortMidRangeAssists,LongMidRangeAssists,OffTwoPtRebounds,OffRebounds,LostBallTurnovers,Loose Ball Fouls,FTA,2pt And 1 Free Throw Trips,TwoPtShootingFoulsDrawn,SecondChanceFg2Pct,PenaltyFg2Pct,SecondChanceEfgPct,SecondChanceTsPct,OffTwoPtReboundPct,OffFGReboundPct,OffShortMidRangeReboundPct,OffLongMidRangeReboundPct,DefCorner3ReboundPct,ShortMidRangeAccuracy,UnblockedShortMidRangeAccuracy,ShortMidRangePctAssisted,LongMidRangeAccuracy,UnblockedLongMidRangeAccuracy,LongMidRangePctAssisted,PenaltyAtRimFrequency,PenaltyAtRimAccuracy,SecondChanceShotQualityAvg,ShootingFoulsDrawnPct,TwoPtShootingFoulsDrawnPct,SecondChancePointsPct,BadPassOutOfBoundsTurnovers,DeadBallTurnovers,LostBallOutOfBoundsTurnovers,Offensive Fouls Drawn,Technical Free Throw Trips,Blocked3s,BlockedArc3,Blocks,RecoveredBlocks,BlocksRecoveredPct,PtsUnassisted2s,DefTwoPtRebounds,Charge Fouls,Loose Ball Fouls Drawn,DefTwoPtReboundPct,DefShortMidRangeReboundPct,Steals,BadPassSteals,Blocked2s,BlockedAtRim,PenaltyCorner3FGA,LostBallSteals,NonShootingFoulsDrawn,NonShootingPenaltyNonTakeFoulsDrawn,PenaltyCorner3Frequency,SecondChanceAtRimFGA,SecondChanceCorner3FGA,SecondChanceFG3A,PenaltyFtPoints,PtsUnassisted3s,Fg3aBlocked,OffThreePtRebounds,FG3APctBlocked,Arc3PctBlocked,OffThreePtReboundPct,OffArc3ReboundPct,OffCorner3ReboundPct,SecondChanceAtRimFrequency,SecondChanceCorner3Frequency,SecondChanceAtRimFGM,PtsPutbacks,PenaltyTurnovers,Offensive Fouls,BlockedShortMidRange,OffAtRimReboundPct,SecondChanceAtRimAccuracy,SecondChanceArc3FGA,SecondChanceTurnovers,BlockedLongMidRange,DefAtRimReboundPct,DefLongMidRangeReboundPct,SecondChanceArc3Frequency,PenaltyCorner3FGM,SelfOReb,AtRimPctBlocked,SelfORebPct,PenaltyCorner3Accuracy,SecondChanceArc3FGM,SecondChanceFG3M,SecondChanceFg3Pct,SecondChanceArc3Accuracy,SecondChanceArc3PctAssisted,SecondChanceAtRimPctAssisted,Corner3PctBlocked,Travels,FTOffRebounds,LongMidRangePctBlocked,OffFTReboundPct,Charge Fouls Drawn,ThreePtShootingFoulsDrawn,DefensiveGoaltends,ThreePtShootingFoulsDrawnPct,StepOutOfBoundsTurnovers,team_id,year,season,team_vs
1627741-1628396-1629216-1630557-1631243,1610612737,"Buddy Hield, Tony Bradley, Gabe Vincent, Corey Kispert, Mouhamed Gueye","Hield, Bradley, Vincent, Kispert, Gueye",1627741-1628396-1629216-1630557-1631243,ATL,140.0,1,2.0,-1.0,4.0,3.0,3.0,7,1.0,1.0,1.0,1.0,1.0,1.0,1.0,2.0,1.0,2.0,5.0,6.0,2.0,3.0,1.0,1.0,1.0,2.0,1.0,1.0,5.0,1.0,1.0,1.0,1.0,1.0,5.0,1.0,1.0,1.0,1.0,0.5,0.5,0.5,0.625,0.625,0.5,1.0,0.5,1.0,72.0,17.0,24.0,17.0,24.0,0.25,1.0,1.0,1.0,0.25,0.25,1.0,1.0,1.0,0.25,0.75,0.56265,9.3,23.6,,,,,,,,,,,,,,,,,,,,,,,,,,,,,,,,,,,,,,,,,,,,,,,,,,,,,,,,,,,,,,,,,,,,,,,,,,,,,,,,,,,,,,,,,,,,,,,,,,,,,,,,,,,,,,,,,,,,,,,,,,,,,,,,,,,,,,,,,,,,,,,,,,,,,,,1610612737,2026,2025-26,False
1627741-1628396-1630557-1630811-1631243,1610612737,"Buddy Hield, Tony Bradley, Corey Kispert, Keaton Wallace, Mouhamed Gueye","Hield, Bradley, Kispert, Wallace, Gueye",1627741-1628396-1630557-1630811-1631243,ATL,109.0,1,2.0,-4.0,5.0,6.0,6.0,11,,,,,,3.0,,1.0,1.0,3.0,3.0,7.0,,3.0,3.0,,1.0,1.0,,,3.0,,1.0,1.0,1.0,1.0,3.0,,,,1.0,0.3333333333333333,0.3333333333333333,,0.375,0.375,0.75,,,,145.32110091743118,13.52,6.8999999999999995,13.52,6.566666666666666,,,,,,,,,,0.75,0.75,0.44125,12.1,26.833333333333332,4.0,1.0,1.0,1.0,3.0,1.0,1.0,3.0,3.0,1.0,1.0,1.0,1.0,1.0,1.0,1.0,1.0,3.0,4.0,0.3333333333333333,0.375,0.375,1.0,1.0,1.0,1.0,0.25,0.3333333333333333,0.3333333333333333,1.0,0.75,0.3333333333333333,0.3333333333333333,0.44125,1.0,0.8,,,,,,,,,,,,,,,,,,,,,,,,,,,,,,,,,,,,,,,,,,,,,,,,,,,,,,,,,,,,,,,,,,,,,,,,,,,,,,,,,,,,,,,,,,,,,,,,,,,,,,,,,,,,,,,,,,,1610612737,2026,2025-26,False
1627741-1629216-1629638-1630228-1631243,1610612737,"Buddy Hield, Gabe Vincent, Nickeil Alexander-Walker, Jonathan Kuminga, Mouhamed Gueye","Hield, Vincent, Alexander-Walker, Kuminga, Gueye",1627741-1629216-1629638-1630228-1631243,ATL,165.0,1,3.0,2.0,5.0,4.0,4.0,9,1.0,1.0,2.0,,,,3.0,5.0,,,7.0,5.0,6.0,,,3.0,,3.0,,1.0,6.0,1.0,1.0,3.0,2.0,3.0,4.0,2.0,1.0,1.0,,,,0.6,0.6,0.7,,0.5,0.5,,78.54545454545455,15.76,21.55,14.34,21.55,0.2,1.0,1.0,1.0,0.4,,,,,,0.2,0.41624,10.0,,3.0,2.0,,,,3.0,,,4.0,,,,,1.0,,1.0,,4.0,3.0,,0.6666666666666666,0.6666666666666666,,,1.0,,0.4,,,,,,,0.5272666666666667,0.5714285714285714,0.6,2.0,1.0,1.0,1.0,1.0,1.0,1.0,1.0,1.0,3.0,2.0,1.0,1.0,2.0,2.0,1.0,1.0,1.0,1.0,1.0,1.0,0.6666666666666666,1.0,1.5,1.0,1.0,1.0,1.0,1.0,0.5,0.5,1.0,0.5,0.5,1.0,0.3333333333333333,1.0,0.2681,0.2,0.2,0.42857142857142855,,,,,,,,,,,,,,,,,,,,,,,,,,,,,,,,,,,,,,,,,,,,,,,,,,,,,,,,,,,,,,,,,,,,,,,,,,1610612737,2026,2025-26,False
1627741-1629216-1630168-1630228-1630552,1610612737,"Buddy Hield, Gabe Vincent, Onyeka Okongwu, Jonathan Kuminga, Jalen Johnson","Hield, Vincent, Okongwu, Kuminga, Johnson",1627741-1629216-1630168-1630228-1630552,ATL,159.0,1,3.0,-4.0,6.0,7.0,,13,1.0,1.0,,,1.0,3.0,1.0,1.0,1.0,4.0,5.0,9.0,2.0,3.0,3.0,1.0,1.0,2.0,,1.0,5.0,2.0,2.0,2.0,1.0,,5.0,,1.0,1.0,1.0,0.25,0.25,1.0,0.5,0.5,0.8,1.0,1.0,1.0,117.73584905660378,12.166666666666666,12.285714285714286,12.166666666666666,12.285714285714286,0.2,1.0,1.0,1.0,,0.2,,,,0.6,1.0,0.48605,3.6,24.95,,,1.0,,,,,,,1.0,,1.0,,,,1.0,1.0,,,,,,,,,,,0.3333333333333333,0.3333333333333333,1.0,,,0.3333333333333333,,,,,,,,,,,,,,,,,,,,,,,,,,,,,,,,,,,,,,,,,,,,,1.0,1.0,,,,,,,,,,,,,,,,,,,,,,,,,,,,,,,,,,,,,,,,,,,,,,,,,,,,,,,,,,,,,,,,,,,,,,,,1610612737,2026,2025-26,False
1627741-1629638-1630168-1630228-1630552,1610612737,"Buddy Hield, Nickeil Alexander-Walker, Onyeka Okongwu, Jonathan Kuminga, Jalen Johnson","Hield, Alexander-Walker, Okongwu, Kuminga, Johnson",1627741-1629638-1630168-1630228-1630552,ATL,109.0,1,2.0,-2.0,4.0,4.0,3.0,8,,,,,,2.0,,1.0,1.0,2.0,4.0,6.0,,3.0,2.0,,1.0,1.0,,,3.0,,1.0,1.0,3.0,1.0,4.0,,,,1.0,0.5,0.5,,0.5,0.5,0.6666666666666666,,,,105.68807339449542,16.0,11.25,16.0,11.25,,,,,,,,,,0.6666666666666666,0.6666666666666666,0.4809833333333333,4.2,25.4,,1.0,1.0,,,,,,,1.0,,1.0,1.0,,,1.0,3.0,,,,,,,,,1.0,0.3333333333333333,0.5,0.5,1.0,,,0.5,,,,,,,,,1.0,,,,,,,,,,,,1.0,,,,,,,,,,,,,,,,,,,,,,,,,1.0,1.0,1.0,1.0,,,,,,,,,,,,,,,,,,,,,,,,,,,,,,,,,,,,,,,,,,,,,,,,,,,,,,,,,,,,,,,,,,,,,1610612737,2026,2025-26,False
1627741-1629638-1630168-1630228-203468,1610612737,"Buddy Hield, Nickeil Alexander-Walker, Onyeka Okongwu, Jonathan Kuminga, CJ McCollum","Hield, Alexander-Walker, Okongwu, Kuminga, McCollum",1627741-1629638-1630168-1630228-203468,ATL,101.0,1,2.0,-6.0,4.0,4.0,,8,,,,,,,,1.0,,,,6.0,,,,,,,,,,1.0,1.0,1.0,3.0,1.0,,,,,,,,,,,,1.0,1.0,1.0,114.05940594059406,12.25,13.0,12.25,13.0,,,,,,,,,,,,0.4264,12.7,,,1.0,,,,,,,,,,,,2.0,2.0,2.0,2.0,,,,,,,,1.0,,1.0,,,,,,,,,,,,,,,,,,,,,,,,,,1.0,2.0,,1.0,,,,,,,,,,,,,,,,,,,0.5,0.5,,,,,,,1.0,1.0,1.0,1.0,1.0,,,,,,,,,,,,,,,,,,,,,,,,,,,,,,,,,,,,,,,,,,,,,,,,,,,,,,,,,,,,,,,,1610612737,2026,2025-26,False
1628396-1629216-1629638-1630228-1630552,1610612737,"Tony Bradley, Gabe Vincent, Nickeil Alexander-Walker, Jonathan Kuminga, Jalen Johnson","Bradley, Vincent, Alexander-Walker, Kuminga, Johnson",1628396-1629216-1629638-1630228-1630552,ATL,184.0,1,3.0,-6.0,7.0,8.0,,15,2.0,2.0,1.0,,1.0,,2.0,4.0,,1.0,4.0,10.0,2.0,,,1.0,,1.0,,1.0,2.0,1.0,3.0,3.0,3.0,2.0,4.0,,0.5,0.5,,,,0.5,0.4,0.4,0.2,1.0,1.0,1.0,117.39130434782608,14.142857142857142,10.625,14.142857142857142,10.625,0.4,1.0,1.0,0.5,0.2,0.2,,,,,0.6,0.5962500000000001,7.475,22.8,,1.0,,,,,,,,,1.0,,1.0,1.0,1.0,2.0,2.0,,,,,,0.25,1.0,0.5,1.0,0.2,,,,,,,,,,,,,,,,,,,,,,,,,,,,,,,,,,,,,,,,,,,,,,,,,,,,1.0,,,,,,,,,2.0,1.0,1.0,1.0,1.0,1.0,,,,,,,,,,,,,,,,,,,,,,,,,,,,,,,,,,,,,,,,,,,,,,,,,,,,,,,,,,1610612737,2026,2025-26,False
1628396-1629216-1629638-1630228-1630557,1610612737,"Tony Bradley, Gabe Vincent, Nickeil Alexander-Walker, Jonathan Kuminga, Corey Kispert","Bradley, Vincent, Alexander-Walker, Kuminga, Kispert",1628396-1629216-1629638-1630228-1630557,ATL,78.0,1,1.0,-1.0,3.0,3.0,,6,1.0,1.0,,,,1.0,1.0,1.0,,1.0,2.0,3.0,,,1.0,,,,,,,1.0,1.0,1.0,2.0,,2.0,,,,,,,1.0,0.5,0.5,0.5,1.0,0.5,,110.76923076923076,7.0,19.0,7.0,15.333333333333334,0.5,1.0,1.0,,,,,,,0.5,1.0,0.716675,1.2,25.7,,,,,,,,,,,,,,,,1.0,1.0,,,,,,,,,,,,,,,,,,,,,,,,,,,,,,,,,,,,1.0,,,,,,,,,,,,1.0,,,,,,,,,,,,,1.0,1.0,,,,,,1.0,,,2.0,,,,,,1.0,1.0,1.0,1.0,,,,,,,,,,,,,,,,,,,,,,,,,,,,,,,,,,,,,,,,,,,,,,,,,,,,,,1610612737,2026,2025-26,False
1628396-1629216-1629638-1630228-1630700,1610612737,"Tony Bradley, Gabe Vincent, Nickeil Alexander-Walker, Jonathan Kuminga, Dyson Daniels","Bradley, Vincent, Alexander-Walker, Kuminga, Daniels",1628396-1629216-1629638-1630228-1630700,ATL,39.0,1,1.0,-1.0,1.0,1.0,1.0,2,,,,,,,,1.0,,,1.0,2.0,,,,,,,,,,,,,,1.0,1.0,,,,,,,,,0.25,,,,,73.84615384615384,32.0,7.0,32.0,7.0,,,,,,,,,,,,0.4306,11.0,,,1.0,,,,,,,,,,,,,,,,,,,,,,,,,1.0,,,,,,,,,,,,,,,1.0,,,,,,,,,,,,2.0,,1.0,,,,,,,,,,,,,,,,,,,0.5,0.5,,,,,,,,,,,,,,,,,,,,,,,,,,,,,,,,,,,,,,,,,,,,,,,,,,,,,,,,,,,,,,,,,,,,,,,,,,,1610612737,2026,2025-26,False
1628396-1629216-1630228-1630552-203468,1610612737,"Tony Bradley, Gabe Vincent, Jonathan Kuminga, Jalen Johnson, CJ McCollum","Bradley, Vincent, Kuminga, Johnson, McCollum",1628396-1629216-1630228-1630552-203468,ATL,33.0,1,1.0,,1.0,,,1,,,,,,,,,,,,,,,,,,,,,,,,,,1.0,,,,,,,,,,,,,,,43.63636363636363,16.0,,16.0,,,,,,,,,,,,,,,,,,,,,,,,,,,,,,,,,,,,,,,,,,,,,,,,,,,,,,,,,,,,,,,,,,,,,2.0,,1.0,,,,,,,,,,,,,,,,,,,1.0,1.0,,,,,,,,,,,,,,,,,,,,,,,,,,,,,,,,,,,,,,,,,,,,,,,,,,,,,,,,,,,,,,,,,,,,,,,,,,,1610612737,2026,2025-26,False
1628396-1629216-1630228-1630557-203468,1610612737,"Tony Bradley, Gabe Vincent, Jonathan Kuminga, Corey Kispert, CJ McCollum","Bradley, Vincent, Kuminga, Kispert, McCollum",1628396-1629216-1630228-1630557-203468,ATL,74.0,1,1.0,-2.0,2.0,3.0,,5,,,,,1.0,,,1.0,,1.0,,2.0,,,,,,,,,,1.0,1.0,2.0,1.0,1.0,,,,,,,,,,,0.5,1.0,1.0,1.0,97.29729729729729,11.5,17.0,10.0,12.666666666666666,,,,,,0.5,,,,,0.5,0.5095,4.6,24.6,2.0,1.0,,,,1.0,,1.0,,,1.0,,,,,,1.0,,2.0,,,,1.0,1.0,,,0.5,,,,,,,0.5095,,1.0,1.0,,,,,,,,,,,,,1.0,1.0,,,2.0,,,,,,,1.0,0.5,1.0,,,,,,,,,,,,,,,,,,,,,,,,,,,,1.0,,,1.0,,,,1.0,1.0,1.0,1.0,0.5,,,,,,,,,,,,,,,,,,,,,,,,,,,,,,,,,,,,,,,,,,,,,,,,,1610612737,2026,2025-26,False
1628396-1629216-1630228-1630700-203468,1610612737,"Tony Bradley, Gabe Vincent, Jonathan Kuminga, Dyson Daniels, CJ McCollum","Bradley, Vincent, Kuminga, Daniels, McCollum",1628396-1629216-1630228-1630700-203468,ATL,302.0,2,5.0,-5.0,12.0,9.0,8.0,21,,2.0,,,1.0,5.0,1.0,4.0,1.0,6.0,9.0,14.0,,,5.0,,,,,,,,2.0,5.0,3.0,3.0,9.0,2.0,,,,0.16666666666666666,0.16666666666666666,0.25,0.25,0.375,0.6,,0.5,,100.13245033112582,12.933333333333332,16.311111111111114,12.174999999999999,15.933333333333334,0.2,,,,,0.1,,,,0.5,0.8,0.446735,5.075,26.833333333333332,8.0,2.0,1.0,1.0,5.0,2.0,1.0,6.0,7.0,1.0,1.0,,1.0,,,1.0,1.0,7.0,8.0,0.16666666666666666,0.1875,0.35,0.25,0.5,,0.5,0.2,0.2,0.25,,0.625,0.2,0.2,0.44114375,0.7777777777777778,0.6666666666666666,2.0,,1.0,1.0,,4.0,,1.0,,,,,,,3.0,,,4.0,,1.0,,,,,,0.42857142857142855,,,,0.5,1.0,,,,,0.125,,,0.09090909090909091,0.2,,,1.0,1.0,,,,,,,,2.0,1.0,,1.0,0.5,1.0,1.0,,,,1.0,1.0,1.0,1.0,0.125,1.0,1.0,1.0,4.0,3.0,1.0,3.0,0.16666666666666666,0.2,0.75,0.6666666666666666,1.0,0.5,0.5,,,,,,,,,,,,,,,,,,,,,,,,,,,,,,,,,,,1610612737,2026,2025-26,False
1628396-1629638-1630228-1630552-203468,1610612737,"Tony Bradley, Nickeil Alexander-Walker, Jonathan Kuminga, Jalen Johnson, CJ McCollum","Bradley, Alexander-Walker, Kuminga, Johnson, McCollum",1628396-1629638-1630228-1630552-203468,ATL,211.0,1,4.0,-1.0,7.0,7.0,3.0,14,2.0,3.0,,,1.0,,3.0,5.0,,1.0,8.0,9.0,,,,,,,,,,1.0,2.0,3.0,2.0,2.0,6.0,,,,,,,0.6,0.5,0.5714285714285714,0.16666666666666666,1.0,1.0,,95.54502369668246,14.428571428571429,15.714285714285714,14.428571428571429,15.714285714285714,0.5,0.6666666666666666,0.6666666666666666,,,0.16666666666666666,,,,,0.6666666666666666,0.5599916666666667,4.14,22.8,5.0,2.0,,,,4.0,,1.0,6.0,,,,,,,1.0,,6.0,5.0,,0.6,0.6,,,,,0.3333333333333333,,,,,,,0.57293,0.75,0.7142857142857143,1.0,2.0,3.0,1.0,,2.0,1.0,1.0,,2.0,3.0,,,1.0,1.0,,,2.0,,1.0,1.0,0.75,1.0,1.0,0.5,0.3333333333333333,,,1.0,0.5,0.5,,,,,0.6,0.6666666666666666,0.619,0.14285714285714285,0.16666666666666666,0.25,,1.0,,,,,,1.0,1.0,1.0,6.0,1.0,,,1.0,1.0,1.0,,1.0,,1.0,1.0,,,0.2,1.0,,,,,,,,,,,,1.0,,1.0,2.0,1.0,1.0,1.0,1.0,1.0,,,,,,,,,,,,,,,,,,,,,,,,,,,,1610612737,2026,2025-26,False
1628396-1629638-1630228-1630557-203468,1610612737,"Tony Bradley, Nickeil Alexander-Walker, Jonathan Kuminga, Corey Kispert, CJ McCollum","Bradley, Alexander-Walker, Kuminga, Kispert, McCollum",1628396-1629638-1630228-1630557-203468,ATL,554.0,3,9.0,10.0,16.0,16.0,,32,5.0,6.0,1.0,2.0,3.0,5.0,7.0,8.0,2.0,8.0,21.0,11.0,8.0,6.0,5.0,4.0,2.0,6.0,2.0,3.0,14.0,2.0,9.0,14.0,5.0,3.0,19.0,,0.5714285714285714,0.6666666666666666,1.0,0.25,0.25,0.875,0.625,0.6176470588235294,0.5,0.6666666666666666,0.7777777777777778,0.6666666666666666,83.17689530685921,14.8125,19.8125,13.75,19.0,0.375,0.8333333333333334,0.8333333333333334,0.6,0.0625,0.1875,0.6666666666666666,0.6666666666666666,1.0,0.3125,0.875,0.591334375,5.2625,24.9375,,1.0,,,,,,,,,,,2.0,3.0,2.0,4.0,4.0,,,,,,,,0.75,1.0,0.0625,,,,,,,,,,4.0,,,1.0,1.0,1.0,1.0,1.0,,2.0,,,1.0,1.0,5.0,1.0,,2.0,,1.0,1.0,,0.5,0.5,1.0,0.7142857142857143,,,,1.0,1.0,,1.0,1.0,1.0,,,,0.058823529411764705,0.1111111111111111,0.09523809523809523,1.0,1.0,,1.0,,,,1.0,1.0,1.0,6.0,5.0,,,0.8333333333333334,1.0,2.0,1.0,1.0,,,1.0,,,,1.0,,1.0,,,1.0,4.0,0.125,0.2,0.6666666666666666,0.6,1.0,0.5,,1.0,2.0,,,,1.0,1.0,1.0,2.0,1.0,0.5,1.0,0.5,,,,,,,,,,,,,,,,,,,,,,1610612737,2026,2025-26,False
1628396-1629638-1630228-1630700-203468,1610612737,"Tony Bradley, Nickeil Alexander-Walker, Jonathan Kuminga, Dyson Daniels, CJ McCollum","Bradley, Alexander-Walker, Kuminga, Daniels, McCollum",1628396-1629638-1630228-1630700-203468,ATL,7.0,1,,1.0,,1.0,1.0,1,,,,,,,,,,,1.0,,,,,,,,,,,,,,,1.0,1.0,,,,,,,,,,,,,,205.71428571428572,,7.0,,7.0,,,,,,,,,,,,,,,,,,,,,,,1.0,,,,,,,,,1.0,,,,,,,,,,,,,,,,,1.0,,,,,,,1.0,,,,,,,,,,,,1.0,,,,,,,,,,,,,,,,,,,,,,,,,,,1.0,1.0,,,,,,,,,,,,,,,,,,,,,,,,1.0,,,,,,,,,,,,,,,,,,,,,,,,,,,,,,,,,,,,,,,,,,,,,1610612737,2026,2025-26,False
1628396-1630228-1630552-1630700-203468,1610612737,"Tony Bradley, Jonathan Kuminga, Jalen Johnson, Dyson Daniels, CJ McCollum","Bradley, Kuminga, Johnson, Daniels, McCollum",1628396-1630228-1630552-1630700-203468,ATL,13.0,1,,,,1.0,1.0,1,,,,,,,,,,,,,,,,,,,,,,,,,,1.0,,,,,,,,,,,,,,,110.76923076923076,,13.0,,13.0,,,,,,,,,,,,,,,,,,,,,,,,,,,,,,,,,,,,,,,,,,,,,,,,,,,,,,,,,,,,,,,,,,,,,,,,,,,,,,,,,,,,,,,,,,,,,,,1.0,,,,,,,,,,,,,,,,,,,,,,,,,,,,,,,,,,,,,,,,,,,,,,,,,,,,,,,,,,,,,,,,,,,,,,1610612737,2026,2025-26,False
1628396-1630228-1630557-1630811-1642258,1610612737,"Tony Bradley, Jonathan Kuminga, Corey Kispert, Keaton Wallace, Zaccharie Risacher","Bradley, Kuminga, Kispert, Wallace, Risacher",1628396-1630228-1630557-1630811-1642258,ATL,52.0,1,1.0,-2.0,1.0,1.0,,2,,,,,,,,1.0,,,1.0,3.0,,,,,,,,,,,,,,1.0,1.0,,,,,,,,,0.25,,,,,55.38461538461538,38.0,14.0,38.0,14.0,,,,,,,,,,,,0.3915,11.2,,1.0,1.0,,,,1.0,,,1.0,,,,,,,,,1.0,1.0,,,0.25,,,,,1.0,,,,,,,0.3915,1.0,1.0,,,,,,1.0,,,,,,,,,,,,2.0,,,,,,,,,,,,,,,,,,,,,,,,,,,,,,,,,,,,,,,,,,,,,,1.0,1.0,,,,,1.0,,,,,,,,,,,,,,,,,,,,,,,,,,,,,,,,,,,,,,,,,,,,,1610612737,2026,2025-26,False
1628396-1630557-1630811-1642258-1642854,1610612737,"Tony Bradley, Corey Kispert, Keaton Wallace, Zaccharie Risacher, Asa Newell","Bradley, Kispert, Wallace, Risacher, Newell",1628396-1630557-1630811-1642258-1642854,ATL,644.0,2,11.0,9.0,19.0,21.0,10.0,40,4.0,9.0,,1.0,3.0,7.0,5.0,13.0,2.0,10.0,23.0,14.0,4.0,6.0,7.0,2.0,2.0,4.0,1.0,2.0,10.0,5.0,9.0,18.0,3.0,3.0,18.0,,0.4,0.5,1.0,0.2,0.2,0.38461538461538464,0.34782608695652173,0.4230769230769231,0.43478260869565216,0.7142857142857143,0.5333333333333333,0.8,89.44099378881988,14.799999999999999,17.276190476190475,12.942105263157893,15.114285714285716,0.391304347826087,0.4444444444444444,0.5714285714285714,0.5,,0.13043478260869565,0.3333333333333333,0.3333333333333333,1.0,0.30434782608695654,0.8260869565217391,0.5589500000000001,4.630769230769231,25.28,19.0,4.0,1.0,1.0,7.0,13.0,2.0,10.0,23.0,1.0,3.0,1.0,1.0,1.0,,1.0,2.0,23.0,19.0,0.2,0.34782608695652173,0.4230769230769231,0.23076923076923078,0.25,1.0,1.0,0.17391304347826086,0.14285714285714285,0.14285714285714285,1.0,0.30434782608695654,0.14285714285714285,0.14285714285714285,0.5589500000000001,1.0,1.0,4.0,4.0,9.0,1.0,,7.0,1.0,5.0,3.0,5.0,5.0,,,6.0,9.0,1.0,1.0,7.0,,1.0,0.2,0.38461538461538464,0.14285714285714285,0.25,0.75,0.5625,0.6666666666666666,,0.5,0.25,0.3333333333333333,,,,,0.391304347826087,0.4444444444444444,0.43707,0.041666666666666664,0.07142857142857142,0.21739130434782608,,,,,1.0,,,3.0,2.0,0.6666666666666666,6.0,3.0,,1.0,0.375,,2.0,1.0,3.0,3.0,3.0,1.0,2.0,1.0,0.13043478260869565,3.0,1.0,2.0,7.0,,,3.0,,,0.375,0.3333333333333333,0.5,0.42857142857142855,0.14285714285714285,1.0,2.0,1.0,,,0.8,0.3333333333333333,1.0,,,0.3333333333333333,1.0,0.14285714285714285,1.0,1.0,0.2222222222222222,0.07692307692307693,0.3333333333333333,,,,,,,,,,,,,,,,,1610612737,2026,2025-26,False
1629216-1629638-1630168-1630228-1630552,1610612737,"Gabe Vincent, Nickeil Alexander-Walker, Onyeka Okongwu, Jonathan Kuminga, Jalen Johnson","Vincent, Alexander-Walker, Okongwu, Kuminga, Johnson",1629216-1629638-1630168-1630228-1630552,ATL,691.0,6,12.0,-10.0,24.0,23.0,3.0,47,5.0,7.0,,1.0,5.0,4.0,7.0,10.0,3.0,9.0,27.0,37.0,8.0,6.0,4.0,4.0,2.0,6.0,1.0,3.0,14.0,3.0,8.0,10.0,7.0,3.0,22.0,,0.5714285714285714,0.6666666666666666,0.6666666666666666,0.3333333333333333,0.3333333333333333,0.7,0.6052631578947368,0.6428571428571429,0.47368421052631576,0.75,0.5,0.6666666666666666,97.94500723589,13.375,16.08695652173913,13.208333333333334,15.173913043478262,0.3684210526315789,0.7142857142857143,0.7142857142857143,0.6,,0.2631578947368421,0.2,0.2,1.0,0.21052631578947367,0.8421052631578947,0.5802131578947369,3.72,24.299999999999997,,3.0,2.0,,,,,,,2.0,,1.0,1.0,5.0,3.0,5.0,6.0,,,,,,,,1.0,1.0,0.15789473684210525,0.5,0.5,0.5,,,0.5,,,,2.0,,,2.0,,4.0,1.0,1.0,,5.0,,1.0,,,2.0,2.0,,5.0,1.0,3.0,1.0,,1.25,1.25,,0.2222222222222222,,,1.0,0.6666666666666666,0.6666666666666666,0.5,,,,,,,0.14285714285714285,0.25,0.18518518518518517,,,,,,,,,,,6.0,4.0,,,0.4,0.6666666666666666,,,,,,,,,,1.0,,1.0,,3.0,,2.0,,,0.3333333333333333,0.5,0.25,0.5,,1.0,2.0,,,,,1.0,1.0,,,0.4,,0.5,,,,,,1.0,1.0,1.0,1.0,1.0,,,,,,,,,,,,1610612737,2026,2025-26,False
1629216-1629638-1630168-1630228-1630557,1610612737,"Gabe Vincent, Nickeil Alexander-Walker, Onyeka Okongwu, Jonathan Kuminga, Corey Kispert","Vincent, Alexander-Walker, Okongwu, Kuminga, Kispert",1629216-1629638-1630168-1630228-1630557,ATL,244.0,1,4.0,3.0,7.0,6.0,,13,4.0,4.0,1.0,,,1.0,4.0,5.0,,1.0,8.0,5.0,6.0,,1.0,3.0,,3.0,,3.0,6.0,2.0,3.0,3.0,2.0,1.0,8.0,,0.75,0.75,,,,0.8,0.6666666666666666,0.6666666666666666,0.16666666666666666,1.0,0.75,1.0,76.72131147540983,14.0,24.333333333333332,14.0,23.833333333333332,0.6666666666666666,1.0,1.0,0.75,0.16666666666666666,,,,,0.16666666666666666,0.8333333333333334,0.6666333333333333,4.4,24.7,,,,,,,,,,,,,,,,1.0,,,,,,,,,,,,,,,,,,,,,,,,,,,,,,,,,,,,,,,,,,,,,,,,,,,,,,,,,,,,,,1.0,1.0,,,,,,,,,2.0,1.0,,,0.5,,1.0,1.0,,,,,,,,,,,,,,,,,,,,,,,,,,,,,,,,0.5,,,,,,,,,,,,,,,,,,,,,,,,1610612737,2026,2025-26,False
1629216-1629638-1630168-1630228-1630700,1610612737,"Gabe Vincent, Nickeil Alexander-Walker, Onyeka Okongwu, Jonathan Kuminga, Dyson Daniels","Vincent, Alexander-Walker, Okongwu, Kuminga, Daniels",1629216-1629638-1630168-1630228-1630700,ATL,9.6,1,,,,1.0,,1,,,,,,,,,,,,,,,,,,,,,,,,,,,,,,,,,,,,,,,,,150.0,,9.6,,9.5,,,,,,,,,,,,,,,,,,,,,,,,,,,,,,,,,,,,,,,,,,,,,,,,,,,,,,,,,,,,,,,,,,,,,,,,,,,,,,,,,,,,,,,,,,,,,,,,,,,,,,,,,,,,,,,,,,,,,,,,,,,,,,,,,,,,,,,,,,,,,,,,,,,,,,,,,,,,,,,,,,,,,1610612737,2026,2025-26,False
1629216-1629638-1630168-1630228-203468,1610612737,"Gabe Vincent, Nickeil Alexander-Walker, Onyeka Okongwu, Jonathan Kuminga, CJ McCollum","Vincent, Alexander-Walker, Okongwu, Kuminga, McCollum",1629216-1629638-1630168-1630228-203468,ATL,149.0,1,2.0,-3.0,5.0,4.0,,9,,,,,,2.0,,2.0,1.0,2.0,5.0,8.0,,3.0,2.0,,1.0,1.0,,,3.0,1.0,1.0,1.0,,2.0,5.0,,,,1.0,0.5,0.5,,0.375,0.5,0.5,0.5,0.3333333333333333,0.5,86.97986577181207,12.6,21.5,12.6,20.5,,,,,,,,,,0.5,0.5,0.48505,5.6,26.85,,2.0,1.0,,,,,,,1.0,2.0,1.0,,,,,,,,,,,1.0,1.0,,,0.5,0.5,0.5,1.0,,,0.5,,,,,,,,,2.0,,,,,,,,,,,,2.0,,1.0,,,,,,,,,,,,,,,,,,,0.2,0.3333333333333333,,,,,,,,,,,,,,,,,,,,,,,,,,,,,,,,,,,,,,,,,,,,,,,,,,,,,,,,,,,,,,,,,,,,,,,,,,,1610612737,2026,2025-26,False
1629216-1629638-1630168-1630552-1630557,1610612737,"Gabe Vincent, Nickeil Alexander-Walker, Onyeka Okongwu, Jalen Johnson, Corey Kispert","Vincent, Alexander-Walker, Okongwu, Johnson, Kispert",1629216-1629638-1630168-1630552-1630557,ATL,183.0,1,3.0,-1.0,6.0,6.0,,12,1.0,1.0,,1.0,1.0,3.0,1.0,3.0,1.0,4.0,5.0,6.0,,3.0,3.0,,1.0,1.0,1.0,,3.0,,1.0,2.0,,1.0,5.0,,,,1.0,0.25,0.25,0.3333333333333333,0.35714285714285715,0.35714285714285715,0.5714285714285714,,0.5,,94.42622950819673,15.666666666666666,14.833333333333334,13.833333333333334,13.0,0.14285714285714285,1.0,1.0,,,0.14285714285714285,1.0,1.0,1.0,0.42857142857142855,0.7142857142857143,0.5666214285714285,5.3,24.95,,2.0,,,,,,,,,1.0,,,,,,,,,,,,0.3333333333333333,0.5,,,0.2857142857142857,,,,,,,,,,1.0,,,,,,,1.0,,,,,,,1.0,,,,,,,,,,,0.2,,,,,,,,,,,,,,,,,,,,,,,,,,2.0,1.0,,,0.5,1.0,2.0,,,,,2.0,,,,,,,,,,1.0,,,0.3333333333333333,0.3333333333333333,,,,,,,,,,,,,,,,,,,,,,,,,,,,,,,,,,,,,,1610612737,2026,2025-26,False
1629216-1629638-1630168-1630552-1630700,1610612737,"Gabe Vincent, Nickeil Alexander-Walker, Onyeka Okongwu, Jalen Johnson, Dyson Daniels","Vincent, Alexander-Walker, Okongwu, Johnson, Daniels",1629216-1629638-1630168-1630552-1630700,ATL,464.0,4,8.0,-8.0,11.0,13.0,1.0,24,1.0,2.0,,1.0,3.0,3.0,1.0,3.0,1.0,6.0,5.0,13.0,,3.0,3.0,,1.0,1.0,1.0,,3.0,1.0,5.0,5.0,2.0,1.0,5.0,1.0,,,1.0,0.16666666666666666,0.16666666666666666,0.3333333333333333,0.2777777777777778,0.2777777777777778,0.6666666666666666,0.5,0.625,0.5,74.48275862068965,18.09090909090909,20.384615384615383,18.09090909090909,20.307692307692307,0.2222222222222222,0.5,0.5,,,0.3333333333333333,0.3333333333333333,0.3333333333333333,1.0,0.3333333333333333,0.8888888888888888,0.5583833333333333,5.566666666666666,24.633333333333336,,1.0,,,,,,,,,,,,1.0,,2.0,,,,,,,,,0.5,,0.1111111111111111,,,,,,,,,,,,,,,,,,,,,,,,,1.0,1.0,,,,,,,,,,,,,,,,,,,,,,,,,,1.0,,,,,,,,,2.0,4.0,,,0.6666666666666666,0.5,2.0,2.0,,,,,,,,,,,,,,,,,,,,,,,,,,,,,,,,0.6666666666666666,1.0,,,,,,,,,,,,,,,,,,,,,,,1610612737,2026,2025-26,False
1629216-1629638-1630228-1630552-1631243,1610612737,"Gabe Vincent, Nickeil Alexander-Walker, Jonathan Kuminga, Jalen Johnson, Mouhamed Gueye","Vincent, Alexander-Walker, Kuminga, Johnson, Gueye",1629216-1629638-1630228-1630552-1631243,ATL,172.6,2,3.0,1.0,6.0,5.0,5.0,11,1.0,2.0,2.0,,,1.0,2.0,5.0,,1.0,5.0,4.0,4.0,,1.0,2.0,,2.0,,1.0,4.0,1.0,1.0,2.0,2.0,3.0,3.0,,1.0,1.0,,,,0.4,0.3333333333333333,0.35714285714285715,0.16666666666666666,1.0,1.0,1.0,91.7728852838934,12.833333333333334,19.119999999999997,12.5,19.119999999999997,0.3333333333333333,0.5,1.0,1.0,0.3333333333333333,,,,,0.16666666666666666,0.5,0.5684833333333333,8.74,25.2,4.0,1.0,,,1.0,2.0,,1.0,3.0,,1.0,,,,,,1.0,3.0,4.0,,0.3333333333333333,0.375,0.2,,,,0.16666666666666666,,,,0.3333333333333333,,,0.5436666666666666,0.6,0.6666666666666666,1.0,,1.0,,1.0,1.0,1.0,1.0,,2.0,1.0,,1.0,1.0,1.0,,,2.0,,,1.0,0.5,1.0,1.0,0.3333333333333333,0.25,,1.0,,,,,0.5,0.5,1.0,0.3333333333333333,,0.863,,,0.4,,,,,,,,,,,,,,1.0,,,1.0,,,,,1.0,1.0,1.0,,1.0,,,1.0,,,,,,,,,1.0,,1.0,,,,,,1.0,,,,,,,,,0.5,,,,,,,,1.0,,,,,,,,,,,1610612737,2026,2025-26,False
1629216-1629638-1630228-1630700-1631243,1610612737,"Gabe Vincent, Nickeil Alexander-Walker, Jonathan Kuminga, Dyson Daniels, Mouhamed Gueye","Vincent, Alexander-Walker, Kuminga, Daniels, Gueye",1629216-1629638-1630228-1630700-1631243,ATL,8.7,1,,,,1.0,1.0,1,,,,,,1.0,,,,1.0,,,,,1.0,,,,,,,,,1.0,,1.0,,,,,,,,,,,1.0,,,,165.51724137931035,,7.5,,7.5,,,,,,,,,,1.0,1.0,,,,,,,,1.0,,,1.0,,,,,,,,,,,,,,,,,,,,,,,1.0,,,,,,,,,,,,,,,,,,,,1.0,,,,,,,,,,,1.0,,,,,,,,,,,,,,,,,,,1.0,,,,,,,,,,,,,,,,,,,,,,,,,,,,1.0,,,1.0,1.0,,,,,,,,,,,,,,,,,,1.0,,1.0,,,,,,,,,,,,,,,,,,1610612737,2026,2025-26,False
1629216-1629638-1630228-1631243-1642258,1610612737,"Gabe Vincent, Nickeil Alexander-Walker, Jonathan Kuminga, Mouhamed Gueye, Zaccharie Risacher","Vincent, Alexander-Walker, Kuminga, Gueye, Risacher",1629216-1629638-1630228-1631243-1642258,ATL,149.0,1,2.0,-5.0,5.0,5.0,2.0,10,,2.0,,,1.0,2.0,,4.0,,3.0,1.0,6.0,,,2.0,,,,,,,1.0,2.0,5.0,1.0,1.0,1.0,,,,,,,,,0.0625,0.42857142857142855,1.0,1.0,1.0,96.64429530201342,17.1,12.7,15.48,12.7,0.2857142857142857,,,,,0.14285714285714285,,,,0.2857142857142857,0.7142857142857143,0.5193083333333334,5.925,24.15,1.0,2.0,,,1.0,1.0,,1.0,,,,,,,,,,,1.0,,,,,,,,0.2857142857142857,,,,0.5,,,0.3932,,0.2,2.0,,,,,1.0,,1.0,,,,,,1.0,3.0,,,2.0,,1.0,,,,,0.25,0.42857142857142855,,,,,,,,,,,,0.6136,0.125,0.2,,,,,,,,,,,,,1.0,,,1.0,1.0,,,,,,,,,,1.0,1.0,1.0,,,,2.0,,,0.6666666666666666,1.0,,0.5,0.5,,,,,,0.5,,,,,,,,,2.0,,0.2857142857142857,,,,,,,,,,,,,,,,,,1610612737,2026,2025-26,False
1629216-1629638-1630228-1631243-203468,1610612737,"Gabe Vincent, Nickeil Alexander-Walker, Jonathan Kuminga, Mouhamed Gueye, CJ McCollum","Vincent, Alexander-Walker, Kuminga, Gueye, McCollum",1629216-1629638-1630228-1631243-203468,ATL,58.0,1,1.0,,1.0,1.0,,2,,,,,,,1.0,1.0,,,2.0,2.0,,,,,,,,,,,,,,2.0,2.0,,,,,,,1.0,1.0,1.0,,,,,49.6551724137931,27.0,31.0,27.0,23.0,,,,,,,,,,,,0.4783,11.5,,,1.0,,,,,,,,,,,,,,,,,,,,,,,,,1.0,,,,,,,,,,,,,1.0,,,,,,,,,,,,,,,,,,,,,,,,,,1.0,1.0,,,,,,,,,,,,,,,,,,,,,2.0,,,,,,,,,,,,,,,,,,,,,,,,,,,,,,,,,,,,,,,,,,,,,,,,,,,,,,,,,,,,,,,1610612737,2026,2025-26,False
1629216-1629638-1630552-1630700-1631243,1610612737,"Gabe Vincent, Nickeil Alexander-Walker, Jalen Johnson, Dyson Daniels, Mouhamed Gueye","Vincent, Alexander-Walker, Johnson, Daniels, Gueye",1629216-1629638-1630552-1630700-1631243,ATL,262.0,3,4.0,-2.0,9.0,9.0,5.0,18,3.0,4.0,,1.0,3.0,1.0,3.0,5.0,1.0,4.0,9.0,11.0,2.0,3.0,1.0,1.0,1.0,2.0,1.0,1.0,5.0,1.0,2.0,5.0,3.0,1.0,7.0,,0.3333333333333333,0.3333333333333333,1.0,0.25,0.25,0.6,0.5,0.5,0.4444444444444444,1.0,1.0,,98.93129770992367,16.444444444444443,12.666666666666666,14.11111111111111,12.555555555555555,0.4444444444444444,0.75,1.0,0.3333333333333333,,0.3333333333333333,0.3333333333333333,0.3333333333333333,1.0,0.1111111111111111,0.8888888888888888,0.6561166666666667,3.08,24.125,,1.0,,,,,,,,,1.0,,,3.0,3.0,3.0,,,,,,,0.2,,1.0,,0.1111111111111111,,,,,,,,,,1.0,,,,,,1.0,1.0,,2.0,,,,1.0,3.0,,,,,,1.0,,0.5,0.5,0.5,0.6,1.0,,1.0,,,,,,,,,,,,0.2222222222222222,,,,,,,,1.0,1.0,1.0,4.0,1.0,,,1.0,,,,1.0,1.0,,,,,,1.0,,1.0,,,,2.0,,,0.6666666666666666,1.0,0.5,0.5,,1.0,,,,,,1.0,1.0,,,1.0,,0.5,,,0.25,,,,,,,,1.0,,,,,,,,,,,1610612737,2026,2025-26,False
1629216-1629638-1630552-1631243-203468,1610612737,"Gabe Vincent, Nickeil Alexander-Walker, Jalen Johnson, Mouhamed Gueye, CJ McCollum","Vincent, Alexander-Walker, Johnson, Gueye, McCollum",1629216-1629638-1630552-1631243-203468,ATL,75.0,1,1.0,-4.0,3.0,3.0,3.0,6,,,,,,3.0,,1.0,,3.0,,4.0,,,3.0,,,,,,,1.0,1.0,2.0,1.0,,,,,,,,,,,,0.75,1.0,1.0,1.0,115.2,18.333333333333332,6.666666666666667,16.333333333333332,6.666666666666667,,,,,,,,,,0.75,0.75,0.53355,11.5,25.7,,1.0,,,,,,,,,,,,,,,1.0,,,,,,,,,,0.25,,,,,,,,,,1.0,,,,,,,,,,,,,1.0,1.0,,,,,,,,,,1.0,0.25,1.0,,,,,,,,,,,0.56265,,,,,,,,,,,,,,,,,,,,,,,,,,,,,,,1.0,,,,,,,,,,,,,,,,,,,1.0,,,,,1.0,,1.0,,0.25,,,,,,,,,,,,,,,,,,1610612737,2026,2025-26,False
1629216-1630168-1630228-1630552-1630700,1610612737,"Gabe Vincent, Onyeka Okongwu, Jonathan Kuminga, Jalen Johnson, Dyson Daniels","Vincent, Okongwu, Kuminga, Johnson, Daniels",1629216-1630168-1630228-1630552-1630700,ATL,742.0,5,12.0,9.0,25.0,24.0,7.0,49,5.0,8.0,,1.0,2.0,8.0,7.0,12.0,5.0,10.0,34.0,25.0,8.0,9.0,8.0,4.0,3.0,7.0,1.0,3.0,17.0,2.0,8.0,11.0,10.0,8.0,29.0,1.0,0.5714285714285714,0.6666666666666666,0.6,0.5,0.5,0.5833333333333334,0.6590909090909091,0.68,0.45454545454545453,0.4,0.5833333333333334,0.5,95.0943396226415,13.4,16.958333333333332,12.8,15.125,0.36363636363636365,0.625,0.625,0.6,,0.09090909090909091,0.5,0.5,1.0,0.36363636363636365,0.8181818181818182,0.5958204545454545,3.9,24.82,6.0,4.0,4.0,1.0,2.0,4.0,1.0,3.0,8.0,4.0,,2.0,1.0,1.0,,3.0,3.0,8.0,6.0,0.3333333333333333,0.5,0.5,,,0.3333333333333333,0.5,0.18181818181818182,0.5,0.5,0.5,0.2857142857142857,0.5,0.5,0.6255571428571428,0.23529411764705882,0.24,4.0,2.0,4.0,2.0,,5.0,2.0,3.0,1.0,5.0,2.0,1.0,,1.0,3.0,1.0,1.0,7.0,1.0,4.0,0.6666666666666666,0.5,0.6666666666666666,0.625,0.2,0.3,,,0.3333333333333333,0.5,0.5,0.5,,,,0.5714285714285714,0.5,0.6176,0.16,0.26666666666666666,0.14705882352941177,,2.0,,1.0,,,,2.0,2.0,1.0,6.0,5.0,,,0.7142857142857143,1.0,3.0,1.0,2.0,1.0,1.0,2.0,,,0.14285714285714285,3.0,,,1.0,6.0,,2.0,,,0.4,0.25,1.0,1.0,,2.0,2.0,,2.0,1.0,0.3333333333333333,0.6666666666666666,,,,0.75,,,,,,,,,,,,,0.5,,,,,,,,,,,1610612737,2026,2025-26,False
1629216-1630168-1630228-1630552-203468,1610612737,"Gabe Vincent, Onyeka Okongwu, Jonathan Kuminga, Jalen Johnson, CJ McCollum","Vincent, Okongwu, Kuminga, Johnson, McCollum",1629216-1630168-1630228-1630552-203468,ATL,73.5,1,1.0,-3.0,3.0,3.0,3.0,6,,,1.0,,,,,1.0,,,2.0,5.0,,,,,,,,,,1.0,1.0,1.0,,1.0,2.0,,,,,,,,,0.5,,1.0,1.0,,117.55102040816325,11.333333333333334,13.166666666666666,11.333333333333334,13.166666666666666,,,,,1.0,,,,,,,0.4598,15.6,,3.0,,,,,1.0,,,2.0,,,,,1.0,,1.0,,2.0,3.0,,,0.5,,,1.0,,,,,,,,,0.4598,1.0,1.0,,,,,,2.0,,,,,,,,,,1.0,,2.0,,,,,,,,,,,1.0,,,,,,,,,,,,,,,,,,,,,,,,,,1.0,,,,,,,,,1.0,1.0,,,,,2.0,,,,,,,,,,,,,1.0,,,,,,,,,,,,,,,,,,,,,,,,,,,,,,,,1610612737,2026,2025-26,False
1629216-1630168-1630228-1630557-203468,1610612737,"Gabe Vincent, Onyeka Okongwu, Jonathan Kuminga, Corey Kispert, CJ McCollum","Vincent, Okongwu, Kuminga, Kispert, McCollum",1629216-1630168-1630228-1630557-203468,ATL,95.3,1,2.0,2.0,4.0,3.0,3.0,7,,1.0,,1.0,1.0,,1.0,2.0,1.0,1.0,7.0,5.0,2.0,3.0,,1.0,1.0,2.0,1.0,,5.0,,1.0,1.0,1.0,1.0,7.0,,1.0,1.0,1.0,1.0,1.0,0.5,0.8333333333333334,0.875,0.3333333333333333,,0.5,,105.77124868835257,14.45,12.5,14.45,11.700000000000001,0.3333333333333333,,,,,0.3333333333333333,1.0,1.0,1.0,,0.6666666666666666,0.47573333333333334,4.4,23.9,4.0,1.0,,,,2.0,1.0,1.0,7.0,,,,,,,,1.0,7.0,4.0,1.0,0.8333333333333334,0.875,,,,,0.3333333333333333,,,,,,,0.47573333333333334,1.0,1.0,,,1.0,1.0,,2.0,,,,,1.0,1.0,,,,,,2.0,,,,0.5,,,,,,,,1.0,1.0,1.0,,,,0.3333333333333333,,,,,,,,,,,1.0,1.0,1.0,,,,1.0,,,1.0,1.0,,,,,1.0,,1.0,1.0,0.3333333333333333,,,,2.0,,,,,,,,,,,,,,,,,,,,,,,,1.0,,,,1.0,,,,,,,,,,,,,,,,,1610612737,2026,2025-26,False
1629216-1630168-1630228-1630700-203468,1610612737,"Gabe Vincent, Onyeka Okongwu, Jonathan Kuminga, Dyson Daniels, CJ McCollum","Vincent, Okongwu, Kuminga, Daniels, McCollum",1629216-1630168-1630228-1630700-203468,ATL,46.599999999999994,1,1.0,,4.0,3.0,3.0,7,,,,,,1.0,,1.0,,1.0,2.0,2.0,,,1.0,,,,,,,,1.0,2.0,,1.0,,,,,,,,,,0.3333333333333333,0.5,,1.0,,216.3090128755365,6.6,6.733333333333333,6.6,6.733333333333333,,,,,,,,,,0.5,0.5,0.4972,5.9,24.9,,1.0,,,,,,,,,1.0,,,2.0,1.0,2.0,,,,,,,1.0,1.0,1.0,,0.5,,,,,,,,,,1.0,,,,,2.0,,,2.0,2.0,,,,,1.0,1.0,,2.0,,1.0,,,,1.0,,0.5,,,,,,,,,,,,,0.3333333333333333,0.5,1.0,,,,,,,,,,,,1.0,,,1.0,,1.0,,,,,1.0,,,,,,,,,,1.0,,,1.0,1.0,,,,,,,,,,,,,,1.0,,,,1.0,,1.0,,,,,,,,,,,,,,,,,,1610612737,2026,2025-26,False
1629216-1630168-1630552-1630700-203468,1610612737,"Gabe Vincent, Onyeka Okongwu, Jalen Johnson, Dyson Daniels, CJ McCollum","Vincent, Okongwu, Johnson, Daniels, McCollum",1629216-1630168-1630552-1630700-203468,ATL,293.0,2,5.0,-3.0,7.0,10.0,10.0,17,1.0,1.0,1.0,1.0,2.0,4.0,3.0,4.0,2.0,6.0,12.0,15.0,2.0,6.0,4.0,1.0,2.0,3.0,1.0,,8.0,1.0,2.0,5.0,3.0,1.0,8.0,1.0,0.3333333333333333,0.5,1.0,0.3333333333333333,0.3333333333333333,0.75,0.6,0.6,0.6,1.0,1.0,1.0,83.54948805460751,18.714285714285715,16.2,18.142857142857142,15.5,0.1,1.0,1.0,,0.1,0.2,0.5,1.0,1.0,0.4,0.7,0.5317700000000001,8.2,24.71666666666667,,2.0,1.0,,,,,,,1.0,,1.0,1.0,,,,1.0,,,,,,,,,1.0,0.2,0.25,0.25,1.0,,,0.25,,,,2.0,,,2.0,,,2.0,2.0,,4.0,,1.0,,1.0,3.0,,,,,,1.0,,1.0,1.0,1.0,0.6,,1.0,,1.0,1.0,0.5,,,,,,0.478,,,0.3333333333333333,,,,,,,,,,,4.0,,,1.0,,,1.0,1.0,,,,,,,,,,,,,1.0,2.0,0.16666666666666666,,0.5,0.3333333333333333,1.0,,,,2.0,,,,,,,,,,,,,,,,,,,,,,,0.5,,,,,,,,,,1610612737,2026,2025-26,False
1629216-1630228-1630552-1630700-1631243,1610612737,"Gabe Vincent, Jonathan Kuminga, Jalen Johnson, Dyson Daniels, Mouhamed Gueye","Vincent, Kuminga, Johnson, Daniels, Gueye",1629216-1630228-1630552-1630700-1631243,ATL,565.0,3,9.0,-11.0,21.0,20.0,17.0,41,3.0,5.0,,1.0,4.0,4.0,5.0,8.0,3.0,8.0,21.0,32.0,8.0,9.0,4.0,4.0,3.0,7.0,1.0,2.0,17.0,3.0,3.0,4.0,5.0,6.0,21.0,1.0,0.8,0.8,1.0,0.375,0.375,0.625,0.59375,0.6176470588235294,0.5,1.0,0.5,1.0,104.49557522123895,13.666666666666666,13.9,13.333333333333334,13.9,0.3125,0.6,0.6,0.6666666666666666,,0.25,0.25,0.3333333333333333,1.0,0.25,0.8125,0.5757875,3.4875,24.125,,3.0,2.0,,,,,,,2.0,,2.0,,2.0,1.0,5.0,4.0,,,,,,,,0.4,,0.1875,0.5,0.5,1.0,,,0.5,,,,2.0,,,2.0,,2.0,,1.0,,,,2.0,,,1.0,1.0,,4.0,1.0,2.0,,,,,,0.125,,,,0.6666666666666666,0.6666666666666666,1.0,,,,,,,0.11764705882352941,0.2222222222222222,,1.0,3.0,,,1.0,,,2.0,,,2.0,,,1.0,,,3.0,2.0,2.0,2.0,,1.0,,,,1.0,,,,,1.0,1.0,0.125,,0.2,0.5,,1.0,,,,,,,,,,1.0,,,,,,,,,,,,,,,,0.25,,,,,,,,,,1610612737,2026,2025-26,False
1629216-1630228-1630552-1631243-203468,1610612737,"Gabe Vincent, Jonathan Kuminga, Jalen Johnson, Mouhamed Gueye, CJ McCollum","Vincent, Kuminga, Johnson, Gueye, McCollum",1629216-1630228-1630552-1631243-203468,ATL,55.5,1,1.0,-4.0,2.0,2.0,2.0,4,,,,,,2.0,,,,2.0,,4.0,,,2.0,,,,,,,,,1.0,1.0,,,1.0,,,,,,,,,1.0,,,,103.78378378378378,8.0,19.75,7.95,19.75,,,,,,,,,,1.0,1.0,0.5106,,30.75,2.0,,,,2.0,,,2.0,,,,,,,,,,,2.0,,,,,,,,,,,,1.0,,,0.5106,,1.0,1.0,,,,,,,,,,,,,,1.0,,,,,,,,,,,0.5,,,,,,,,,,,,,,,,,,,,,,,,,,,,,,,,,,,,,,,,,,,,,,,1.0,,,0.5,0.5,,,,,,,,,,,,,,,,,,,,,,,,,,,,,,,,,,,,,,1610612737,2026,2025-26,False
1629216-1630228-1630700-1631243-203468,1610612737,"Gabe Vincent, Jonathan Kuminga, Dyson Daniels, Mouhamed Gueye, CJ McCollum","Vincent, Kuminga, Daniels, Gueye, McCollum",1629216-1630228-1630700-1631243-203468,ATL,74.0,1,1.0,-2.0,1.0,2.0,1.0,3,,,,,1.0,,,1.0,,1.0,,2.0,,,,,,,,,,,1.0,2.0,,1.0,,,,,,,,,,,0.5,,0.5,,58.37837837837838,36.0,19.0,34.0,14.0,,,,,,0.5,,,,,0.5,0.524275,12.2,23.2,,1.0,,,,,,,,,,,,,,,,,,,,,,,,,0.5,,,,,,,,,,1.0,,,,,,,1.0,,,,,,,1.0,,,,,,,,,,,0.5,,,,,,,,,,,,,,,,,,,,,,,,,,,1.0,,,1.0,,,,,,,,,,,,,,,,,1.0,,,1.0,,1.0,,,,,,,,,,,,,1.0,,,,,,,,,,,,,,,,,,,,,,,,1610612737,2026,2025-26,False
1629638-1630168-1630228-1630552-1630700,1610612737,"Nickeil Alexander-Walker, Onyeka Okongwu, Jonathan Kuminga, Jalen Johnson, Dyson Daniels","Alexander-Walker, Okongwu, Kuminga, Johnson, Daniels",1629638-1630168-1630228-1630552-1630700,ATL,235.6,3,4.0,-11.0,6.0,9.0,6.0,15,1.0,1.0,,,1.0,1.0,1.0,1.0,1.0,2.0,8.0,19.0,,3.0,1.0,,1.0,1.0,,,3.0,,,1.0,2.0,2.0,5.0,1.0,,,1.0,0.5,0.5,1.0,0.8333333333333334,0.8,0.6666666666666666,,,,91.68081494057725,13.766666666666666,17.0,13.433333333333332,15.555555555555555,0.3333333333333333,1.0,1.0,,,0.3333333333333333,,,,0.3333333333333333,1.0,0.6470833333333333,1.2,24.55,4.0,,1.0,1.0,1.0,1.0,1.0,2.0,8.0,1.0,,1.0,,1.0,1.0,2.0,1.0,8.0,4.0,0.5,0.8333333333333334,0.8,,,0.5,,,1.0,1.0,1.0,0.3333333333333333,1.0,1.0,0.6470833333333333,1.0,0.6666666666666666,1.0,1.0,1.0,,,3.0,,,,3.0,1.0,,,,1.0,,1.0,4.0,,1.0,,1.0,1.5,1.5,,1.0,,,,,,,,,,0.3333333333333333,1.0,,0.25,0.5,0.375,,1.0,,,,,,,,,2.0,,,,,,2.0,2.0,,,1.0,,1.0,1.0,0.3333333333333333,,,1.0,3.0,,,1.0,,,1.0,,1.0,,,,,,,,,,1.0,,,,,1.0,,,,,,1.0,1.0,1.0,1.0,1.0,,,1.0,,,,,,,,,1610612737,2026,2025-26,False
1629638-1630168-1630228-1630552-203468,1610612737,"Nickeil Alexander-Walker, Onyeka Okongwu, Jonathan Kuminga, Jalen Johnson, CJ McCollum","Alexander-Walker, Okongwu, Kuminga, Johnson, McCollum",1629638-1630168-1630228-1630552-203468,ATL,1214.2,6,20.0,5.0,39.0,37.0,17.0,76,12.0,15.0,5.0,1.0,3.0,5.0,17.0,25.0,2.0,8.0,47.0,42.0,14.0,6.0,5.0,7.0,2.0,9.0,1.0,6.0,20.0,4.0,16.0,19.0,8.0,12.0,43.0,1.0,0.4117647058823529,0.4666666666666667,1.0,0.25,0.25,0.68,0.6060606060606061,0.6025641025641025,0.24242424242424243,0.8,0.7777777777777778,1.0,90.13342118267171,14.107692307692309,17.945945945945947,13.946153846153848,17.21891891891892,0.45454545454545453,0.8,0.8571428571428571,0.5,0.15151515151515152,0.09090909090909091,0.3333333333333333,0.3333333333333333,1.0,0.15151515151515152,0.696969696969697,0.5897828125,5.216,24.542857142857144,12.0,5.0,1.0,,2.0,10.0,,3.0,12.0,1.0,1.0,1.0,2.0,2.0,2.0,4.0,4.0,12.0,11.0,,0.46153846153846156,0.42857142857142855,0.04,,0.5,1.0,0.15151515151515152,0.2,0.2,1.0,0.15384615384615385,,0.2,0.56585,0.2553191489361702,0.3076923076923077,4.0,3.0,5.0,2.0,3.0,7.0,2.0,2.0,,4.0,6.0,,1.0,2.0,3.0,,,13.0,1.0,6.0,1.0,0.6,0.6666666666666666,0.6666666666666666,0.25,0.23076923076923078,0.3333333333333333,,,0.4,0.4,,0.6,0.6,0.3333333333333333,0.38461538461538464,0.6,0.8074,0.15789473684210525,0.2,0.0851063829787234,1.0,2.0,,1.0,,,,6.0,4.0,0.6666666666666666,20.0,10.0,,1.0,0.7692307692307693,1.0,,,6.0,5.0,1.0,,1.0,,0.07692307692307693,2.0,1.0,1.0,,,,1.0,,,0.2,0.3333333333333333,,0.6666666666666666,0.3333333333333333,2.0,4.0,2.0,1.0,1.0,0.3333333333333333,1.0,,,,0.5714285714285714,1.0,,,,0.06666666666666667,,,,,,,,,,,,,,,,,,,1610612737,2026,2025-26,False
1629638-1630168-1630228-1630557-203468,1610612737,"Nickeil Alexander-Walker, Onyeka Okongwu, Jonathan Kuminga, Corey Kispert, CJ McCollum","Alexander-Walker, Okongwu, Kuminga, Kispert, McCollum",1629638-1630168-1630228-1630557-203468,ATL,225.0,2,4.0,,8.0,10.0,,18,2.0,2.0,,,1.0,2.0,2.0,3.0,,3.0,6.0,6.0,4.0,,2.0,2.0,,2.0,,2.0,4.0,2.0,4.0,4.0,1.0,2.0,6.0,,1.0,1.0,,,,0.6666666666666666,0.3333333333333333,0.42857142857142855,0.5,1.0,1.0,1.0,115.2,10.75,13.9,10.75,13.9,0.3333333333333333,1.0,1.0,1.0,,0.16666666666666666,,,,0.3333333333333333,0.8333333333333334,0.6204916666666667,5.366666666666667,25.53333333333333,,1.0,,,,,,,,,,,,1.0,,1.0,,,,,,,,,1.0,,0.16666666666666666,,,,,,,,,,,,,,,2.0,,,,,,,,,,1.0,,2.0,,1.0,,,,,,,,,1.0,,,,,,,,,,0.14285714285714285,0.25,,,,,1.0,,,,,,,,2.0,,,1.0,,1.0,,,,,1.0,,,,,,,,,,,,,,,,,,,,,,,,,,,,1.0,1.0,,,,,,,,,,,,,,,,,,,,,,,1610612737,2026,2025-26,False
1629638-1630168-1630228-1630700-203468,1610612737,"Nickeil Alexander-Walker, Onyeka Okongwu, Jonathan Kuminga, Dyson Daniels, CJ McCollum","Alexander-Walker, Okongwu, Kuminga, Daniels, McCollum",1629638-1630168-1630228-1630700-203468,ATL,360.9,3,6.0,-5.0,13.0,12.0,,25,2.0,3.0,,,1.0,5.0,3.0,6.0,1.0,6.0,11.0,16.0,2.0,3.0,5.0,1.0,1.0,2.0,,,5.0,1.0,4.0,7.0,,7.0,10.0,,0.3333333333333333,0.3333333333333333,1.0,0.16666666666666666,0.16666666666666666,0.5,0.375,0.4230769230769231,0.5,0.5,0.8,1.0,99.75062344139651,14.753846153846155,14.091666666666667,13.600000000000001,14.091666666666667,0.25,0.6666666666666666,1.0,,,0.08333333333333333,,,,0.4166666666666667,0.75,0.5662863636363636,5.3999999999999995,25.22,4.0,3.0,1.0,,2.0,1.0,,2.0,1.0,1.0,2.0,1.0,,2.0,1.0,2.0,,1.0,4.0,,,0.125,0.3333333333333333,0.3333333333333333,1.0,,0.25,0.2,0.2,1.0,0.6666666666666666,,0.2,0.650675,0.09090909090909091,0.3076923076923077,3.0,,1.0,1.0,,2.0,,,1.0,1.0,,1.0,,,3.0,1.0,,3.0,1.0,1.0,,,,0.5,,0.375,,,,0.3333333333333333,0.5,1.0,,,,0.3333333333333333,,,0.08333333333333333,0.16666666666666666,0.09090909090909091,,,,1.0,,,,,,,4.0,3.0,,3.0,1.0,1.0,,,,,,,1.0,1.0,,,,,1.0,,,3.0,,,0.6,0.5,1.0,,,,,,,,,,,1.0,,1.0,,,,1.0,0.3333333333333333,0.16666666666666666,,,,,,,,,,,,,,,,,,1610612737,2026,2025-26,False
1629638-1630168-1630552-1630557-203468,1610612737,"Nickeil Alexander-Walker, Onyeka Okongwu, Jalen Johnson, Corey Kispert, CJ McCollum","Alexander-Walker, Okongwu, Johnson, Kispert, McCollum",1629638-1630168-1630552-1630557-203468,ATL,309.0,2,5.0,,11.0,10.0,9.0,21,2.0,2.0,3.0,,,5.0,3.0,7.0,1.0,5.0,14.0,14.0,,3.0,5.0,,1.0,1.0,,,3.0,3.0,3.0,8.0,5.0,3.0,5.0,2.0,,,1.0,0.2,0.2,0.42857142857142855,0.375,0.5,0.4166666666666667,0.75,0.6,0.75,97.86407766990291,12.20909090909091,17.47,11.854545454545455,17.369999999999997,0.16666666666666666,1.0,1.0,,0.25,,,,,0.4166666666666667,0.5833333333333334,0.4623875,10.5,27.360000000000003,10.0,2.0,1.0,1.0,5.0,6.0,1.0,5.0,14.0,1.0,,1.0,,1.0,1.0,1.0,2.0,14.0,10.0,0.2,0.4090909090909091,0.5384615384615384,,,1.0,,0.16666666666666666,0.2,0.2,1.0,0.45454545454545453,0.2,0.2,0.46304999999999996,1.0,0.9090909090909091,5.0,2.0,2.0,,1.0,5.0,1.0,1.0,4.0,9.0,3.0,,,3.0,5.0,,1.0,5.0,1.0,3.0,1.0,0.5,1.25,1.125,0.75,0.625,0.5,1.0,,,,,0.3333333333333333,0.3333333333333333,,0.18181818181818182,1.0,0.4548,0.21428571428571427,0.3333333333333333,0.6428571428571429,,,,,,,,,,,6.0,,,,,,1.0,1.0,,,,,,,,1.0,,1.0,5.0,,,2.0,,,0.5,0.5,,0.5,,1.0,2.0,1.0,,,,1.0,1.0,,,,,0.5,,,,,,1.0,1.0,1.0,1.0,1.0,,,,,,,,,,,,1610612737,2026,2025-26,False
1629638-1630168-1630552-1630700-203468,1610612737,"Nickeil Alexander-Walker, Onyeka Okongwu, Jalen Johnson, Dyson Daniels, CJ McCollum","Alexander-Walker, Okongwu, Johnson, Daniels, McCollum",1629638-1630168-1630552-1630700-203468,ATL,4938.2,6,82.0,-28.0,166.0,168.0,34.0,334,24.0,37.0,10.0,10.0,19.0,44.0,41.0,78.0,26.0,63.0,183.0,211.0,44.0,66.0,44.0,22.0,22.0,44.0,10.0,14.0,110.0,28.0,53.0,69.0,33.0,28.0,169.0,7.0,0.5365853658536586,0.5945945945945946,0.8461538461538461,0.4126984126984127,0.4126984126984127,0.5256410256410257,0.5673758865248227,0.5828025477707006,0.44680851063829785,0.7567567567567568,0.704225352112676,0.8076923076923077,97.39581223927748,13.831927710843374,15.726785714285715,13.229518072289157,15.319642857142856,0.2624113475177305,0.6486486486486487,0.7058823529411765,0.5833333333333334,0.07092198581560284,0.1347517730496454,0.5263157894736842,0.5263157894736842,1.0,0.3120567375886525,0.7092198581560284,0.5495078014184397,6.51025641025641,25.066666666666666,31.0,31.0,16.0,4.0,9.0,12.0,5.0,12.0,31.0,16.0,7.0,12.0,3.0,16.0,6.0,28.0,13.0,31.0,31.0,0.4166666666666667,0.4791666666666667,0.5,0.08974358974358974,0.0967741935483871,0.5714285714285714,1.0,0.2198581560283688,0.36363636363636365,0.37209302325581395,0.75,0.375,0.4444444444444444,0.36363636363636365,0.5464770833333333,0.16939890710382513,0.18674698795180722,16.0,3.0,7.0,14.0,3.0,23.0,5.0,9.0,1.0,14.0,4.0,5.0,3.0,9.0,16.0,10.0,3.0,33.0,2.0,14.0,0.5555555555555556,0.3333333333333333,0.5416666666666666,0.5,0.25,0.2054794520547945,0.3125,0.2857142857142857,0.6363636363636364,0.45161290322580644,0.5,0.35714285714285715,0.3,0.3333333333333333,1.0,0.2916666666666667,0.42857142857142855,0.5301375,0.0915032679738562,0.15555555555555556,0.07650273224043716,2.0,12.0,4.0,3.0,,,,7.0,4.0,0.5714285714285714,38.0,22.0,,6.0,0.6470588235294118,0.5555555555555556,12.0,8.0,7.0,4.0,3.0,4.0,4.0,4.0,0.125,4.0,,3.0,8.0,12.0,1.0,6.0,0.015873015873015872,0.022727272727272728,0.16216216216216217,0.14285714285714285,0.2222222222222222,0.3333333333333333,,3.0,8.0,3.0,2.0,3.0,0.15384615384615385,0.75,3.0,4.0,,0.7142857142857143,1.0,0.25,1.0,1.0,0.08108108108108109,0.015151515151515152,0.3333333333333333,1.0,1.0,0.3333333333333333,0.3333333333333333,1.0,,,3.0,1.0,0.1,0.2,,,,,,1610612737,2026,2025-26,False
1629638-1630168-1630552-1642258-203468,1610612737,"Nickeil Alexander-Walker, Onyeka Okongwu, Jalen Johnson, Zaccharie Risacher, CJ McCollum","Alexander-Walker, Okongwu, Johnson, Risacher, McCollum",1629638-1630168-1630552-1642258-203468,ATL,396.0,1,7.0,-4.0,14.0,13.0,,27,4.0,6.0,,,1.0,4.0,5.0,9.0,2.0,5.0,16.0,20.0,8.0,6.0,4.0,4.0,2.0,6.0,,4.0,14.0,1.0,4.0,5.0,3.0,,16.0,,0.8,0.8,1.0,0.4,0.4,0.5555555555555556,0.5714285714285714,0.5714285714285714,0.35714285714285715,0.5,0.6,1.0,98.18181818181819,11.357142857142858,18.23076923076923,10.857142857142858,18.0,0.42857142857142855,0.6666666666666666,0.8,1.0,,0.07142857142857142,,,,0.2857142857142857,0.7857142857142857,0.5048678571428572,4.655555555555555,24.96,,3.0,2.0,,,,,,,2.0,1.0,2.0,1.0,1.0,1.0,1.0,1.0,,,,,,0.1111111111111111,,1.0,1.0,0.21428571428571427,0.5,0.5,1.0,,,0.5,,,,1.0,,,1.0,,,,,,,,,,,1.0,,,,,,,,,,,0.14285714285714285,,,,0.3333333333333333,0.3333333333333333,,,,,,,,,,,,,,,,,,,,,2.0,2.0,,,0.6666666666666666,,1.0,1.0,,,,,,,,,,1.0,,,,1.0,,,0.3333333333333333,,1.0,,,,,,,,,,1.0,,,,1.0,1.0,,,0.16666666666666666,,,,,,,,,,,,,,,,,,,1610612737,2026,2025-26,False
1629638-1630228-1630552-1630557-203468,1610612737,"Nickeil Alexander-Walker, Jonathan Kuminga, Jalen Johnson, Corey Kispert, CJ McCollum","Alexander-Walker, Kuminga, Johnson, Kispert, McCollum",1629638-1630228-1630552-1630557-203468,ATL,69.0,1,1.0,1.0,3.0,2.0,2.0,5,1.0,1.0,,,,2.0,1.0,1.0,1.0,2.0,6.0,5.0,,3.0,2.0,,1.0,1.0,,,3.0,,,,3.0,1.0,3.0,,,,1.0,0.5,0.5,1.0,0.8333333333333334,1.0,0.6666666666666666,,,,104.34782608695653,7.666666666666667,23.0,7.0,23.0,0.3333333333333333,1.0,1.0,,,,,,,0.6666666666666666,1.0,0.5604833333333333,2.8,25.5,,,1.0,,,,,,,1.0,,1.0,,,,,1.0,,,,,,,,,,,0.5,0.5,1.0,,,0.5,,,,1.0,,,,,1.0,,,,3.0,,,,,,,,1.0,1.0,1.0,,,1.5,1.5,,,,,,,,,,,,,,,0.3333333333333333,1.0,0.5,,,,,,,,,,,2.0,,,,,,,,,,,,,,,,,1.0,,,,,,,,,,,,,,,,,,,1.0,,,,,1.0,,,,,,1.0,1.0,1.0,1.0,1.0,,,,,,,,,,,,1610612737,2026,2025-26,False
1629638-1630228-1630552-1630700-1631243,1610612737,"Nickeil Alexander-Walker, Jonathan Kuminga, Jalen Johnson, Dyson Daniels, Mouhamed Gueye","Alexander-Walker, Kuminga, Johnson, Daniels, Gueye",1629638-1630228-1630552-1630700-1631243,ATL,212.0,2,4.0,1.0,7.0,6.0,,13,1.0,2.0,,,,2.0,1.0,4.0,1.0,2.0,5.0,4.0,2.0,3.0,2.0,1.0,1.0,2.0,,1.0,5.0,1.0,3.0,3.0,,1.0,5.0,,1.0,1.0,1.0,0.5,0.5,0.25,0.4166666666666667,0.4166666666666667,0.3333333333333333,1.0,1.0,,88.30188679245283,14.714285714285714,18.166666666666668,14.714285714285714,18.166666666666668,0.3333333333333333,0.5,0.5,1.0,,,,,,0.3333333333333333,0.6666666666666666,0.6046166666666667,5.675,25.4,2.0,2.0,1.0,1.0,1.0,1.0,1.0,1.0,3.0,1.0,,1.0,,1.0,1.0,1.0,,3.0,2.0,1.0,0.75,0.75,,,1.0,,0.3333333333333333,0.5,0.5,1.0,0.5,1.0,0.5,0.49865,0.6,0.2857142857142857,,,,,,,,,,,,,,,,,,,,,,,,,,,,,1.0,,,,,,,,,,,,,,,,,,,,,,,,2.0,,,1.0,1.0,1.0,1.0,,,,,,,,,,,,,,,,,,,,,,,,,,,,,,,,1.0,,,,,,,,,,,,,,,,,,,,,,,,1610612737,2026,2025-26,False
1629638-1630228-1630552-1630700-203468,1610612737,"Nickeil Alexander-Walker, Jonathan Kuminga, Jalen Johnson, Dyson Daniels, CJ McCollum","Alexander-Walker, Kuminga, Johnson, Daniels, McCollum",1629638-1630228-1630552-1630700-203468,ATL,66.6,1,1.0,-2.0,3.0,3.0,3.0,6,,,1.0,,1.0,,,1.0,,1.0,,2.0,,,,,,,,,,,,,,,,,,,,,,,,,0.5,,,,129.72972972972974,10.133333333333333,12.066666666666668,10.133333333333333,12.066666666666668,,,,,0.5,0.5,,,,,0.5,0.51775,14.7,22.9,3.0,,,,,1.0,,1.0,,,,,,,,,,,3.0,,,,,,,,,,,,,,,0.51775,,1.0,,,,,,,,,,,,,,,,,,,,,,,,,,,,,,,,,,,,,,,,,,,,,,,,,,,,,,,,,,,,,,1.0,,,,0.5,,,,,,,,,,,,,,,,,,,,,,,,,,,,,,,,,,,,,,,,,,,,,,,,,1610612737,2026,2025-26,False
1629638-1630228-1630552-1631243-203468,1610612737,"Nickeil Alexander-Walker, Jonathan Kuminga, Jalen Johnson, Mouhamed Gueye, CJ McCollum","Alexander-Walker, Kuminga, Johnson, Gueye, McCollum",1629638-1630228-1630552-1631243-203468,ATL,90.0,1,2.0,2.0,4.0,4.0,3.0,8,,,,,,3.0,1.0,1.0,1.0,3.0,6.0,4.0,,3.0,3.0,,1.0,1.0,,,3.0,1.0,2.0,2.0,,1.0,6.0,,,,1.0,0.3333333333333333,0.3333333333333333,1.0,0.625,0.75,0.75,1.0,0.6666666666666666,,128.0,8.65,13.85,5.15,13.225,,,,,,,,,,0.75,0.75,0.5068875,9.1,26.333333333333332,2.0,1.0,1.0,1.0,2.0,,1.0,2.0,3.0,1.0,,1.0,,,,,,3.0,2.0,0.5,0.75,0.75,,,,,0.25,0.3333333333333333,0.3333333333333333,1.0,1.0,0.5,0.3333333333333333,0.5262,0.5,0.5,1.0,,,1.0,,1.0,,,,,,,,,,,,1.0,1.0,1.0,,,,,,,,,1.0,1.0,1.0,,,,,,,0.49905,0.25,1.0,,,,,,,,,1.0,,,2.0,1.0,,,0.5,,,,1.0,,,,,,,,,1.0,,,,,,,,,,,,,,,,1.0,,,1.0,,,1.0,,1.0,,,,,,,,,,,,,,,,,,,,,,1610612737,2026,2025-26,False
1629638-1630228-1630557-1631243-203468,1610612737,"Nickeil Alexander-Walker, Jonathan Kuminga, Corey Kispert, Mouhamed Gueye, CJ McCollum","Alexander-Walker, Kuminga, Kispert, Gueye, McCollum",1629638-1630228-1630557-1631243-203468,ATL,317.0,2,5.0,-1.0,10.0,10.0,,20,1.0,2.0,1.0,,1.0,3.0,4.0,5.0,,4.0,11.0,12.0,,,3.0,,,,,,,1.0,3.0,5.0,2.0,5.0,9.0,,,,,,,0.8,0.4444444444444444,0.5,0.4444444444444444,0.5,0.6666666666666666,0.5,90.85173501577287,14.9,16.8,13.9,16.0,0.2222222222222222,0.5,0.5,,0.1111111111111111,0.1111111111111111,,,,0.3333333333333333,0.6666666666666666,0.5060611111111111,7.24,25.7,,2.0,,,,,,,,,,,1.0,1.0,,1.0,2.0,,,,,,,,1.0,1.0,0.2222222222222222,,,,,,,,,,2.0,,,2.0,1.0,3.0,1.0,1.0,,2.0,,,,1.0,2.0,1.0,,6.0,1.0,2.0,1.0,,1.0,1.0,1.0,0.4,,,,1.0,1.0,,1.0,1.0,,,,0.5332,0.2727272727272727,0.3333333333333333,0.18181818181818182,,,,,,,,,,,8.0,1.0,,,1.0,1.0,,,,,,,,,,1.0,,,,,,1.0,,,0.25,0.3333333333333333,,1.0,,1.0,2.0,,,,1.0,1.0,,1.0,,,,,,,,,,,,,,,,,,,,,1.0,1.0,1.0,0.2,,1610612737,2026,2025-26,False
1629638-1630228-1630700-1631243-203468,1610612737,"Nickeil Alexander-Walker, Jonathan Kuminga, Dyson Daniels, Mouhamed Gueye, CJ McCollum","Alexander-Walker, Kuminga, Daniels, Gueye, McCollum",1629638-1630228-1630700-1631243-203468,ATL,292.7,3,5.0,-3.0,9.0,10.0,5.0,19,,,3.0,,1.0,5.0,1.0,4.0,3.0,6.0,11.0,14.0,,9.0,5.0,,3.0,3.0,,,9.0,1.0,3.0,5.0,3.0,,11.0,1.0,,,1.0,0.5,0.5,0.25,0.55,0.55,0.6,0.3333333333333333,0.5,0.3333333333333333,93.47454731807312,15.233333333333333,15.559999999999999,15.222222222222221,15.319999999999999,,,,,0.3,0.1,,,,0.5,0.6,0.47010500000000005,13.275,25.516666666666666,9.0,1.0,3.0,3.0,5.0,4.0,3.0,6.0,11.0,3.0,,3.0,,,,,2.0,11.0,9.0,0.5,0.55,0.55,,,,,0.1,0.6,0.6,1.0,0.5,0.6,0.6,0.47010500000000005,1.0,1.0,1.0,,,,1.0,,,,,,1.0,,,1.0,2.0,,,,,,,0.25,,,0.3333333333333333,0.3333333333333333,,0.5,,,,,0.3333333333333333,0.3333333333333333,,,,,,,,,,,,,,,1.0,1.0,1.0,2.0,2.0,,,0.6666666666666666,,,,1.0,1.0,1.0,,,,0.1,,,,,,,1.0,,,0.3333333333333333,0.5,,,,,,,,,,,,,,0.5,1.0,,,,,,,,,,,,,,,,,,,,,,,1610612737,2026,2025-26,False
1629638-1630552-1630700-1631243-203468,1610612737,"Nickeil Alexander-Walker, Jalen Johnson, Dyson Daniels, Mouhamed Gueye, CJ McCollum","Alexander-Walker, Johnson, Daniels, Gueye, McCollum",1629638-1630552-1630700-1631243-203468,ATL,117.0,1,2.0,-3.0,3.0,3.0,,6,1.0,1.0,,,1.0,1.0,1.0,2.0,,2.0,2.0,5.0,2.0,,1.0,1.0,,1.0,,1.0,2.0,,1.0,2.0,1.0,1.0,2.0,,1.0,1.0,,,,0.5,0.25,0.25,0.5,,,,73.84615384615385,21.333333333333332,17.666666666666668,21.333333333333332,17.333333333333332,0.25,1.0,1.0,1.0,,0.25,,,,0.25,0.75,0.5961125,4.3,24.85,,1.0,,,,,,,,,,,1.0,,,,1.0,,,,,,,,,1.0,0.25,,,,,,,,,,,,,,,,,,,,,,,1.0,1.0,,,,,,,,,,1.0,0.3333333333333333,1.0,,,,,,,,,,,,,,,,,,,,,,,,,,,,1.0,,,,,,,,,,,,,,,,,,,,,,,,,,,,,,,,,,,,,,,,,,,,,,,,,,,,,,,,,,,,1610612737,2026,2025-26,False
1630168-1630228-1630552-1630557-203468,1610612737,"Onyeka Okongwu, Jonathan Kuminga, Jalen Johnson, Corey Kispert, CJ McCollum","Okongwu, Kuminga, Johnson, Kispert, McCollum",1630168-1630228-1630552-1630557-203468,ATL,35.0,1,1.0,,2.0,1.0,,3,,,,,,,,1.0,,,2.0,2.0,,,,,,,,,,,,,,1.0,2.0,,,,,,,,,0.5,,,,,123.42857142857142,15.0,5.0,15.0,5.0,,,,,,,,,,,,0.3813,9.5,,,1.0,,,,,,,,,,,,,,,,,,,,,,,,,1.0,,,,,,,,,,,,,,,2.0,,,,,,,,,,,,2.0,,1.0,,,,,,,,,,,,,,,,,,,0.5,0.5,,,,,,,,,,,,,,,,,,,,,,,,,,,,,,,,,,,,,,,,,,,,,,,,,,,,,,,,,,,,,,,,,,,,,,,,,,,1610612737,2026,2025-26,False
1630168-1630228-1630552-1630700-203468,1610612737,"Onyeka Okongwu, Jonathan Kuminga, Jalen Johnson, Dyson Daniels, CJ McCollum","Okongwu, Kuminga, Johnson, Daniels, McCollum",1630168-1630228-1630552-1630700-203468,ATL,730.0,5,12.0,-6.0,26.0,27.0,12.0,53,5.0,6.0,1.0,,2.0,3.0,8.0,14.0,,5.0,19.0,25.0,4.0,,3.0,2.0,,2.0,,2.0,4.0,6.0,11.0,13.0,3.0,3.0,15.0,1.0,0.25,0.3333333333333333,,,,0.5714285714285714,0.42105263157894735,0.475,0.2631578947368421,0.75,0.6875,0.7142857142857143,104.54794520547945,12.615384615384615,14.88888888888889,12.615384615384615,14.37037037037037,0.3157894736842105,0.8333333333333334,0.8333333333333334,0.4,0.05263157894736842,0.10526315789473684,,,,0.15789473684210525,0.5789473684210527,0.5588921052631579,5.914285714285714,24.84,4.0,7.0,,,1.0,1.0,,1.0,,,,,,2.0,,8.0,1.0,,4.0,,,,,,0.25,,0.3684210526315789,,,,0.5,,,0.49485,,0.15384615384615385,2.0,,,2.0,1.0,3.0,2.0,2.0,,4.0,,,,1.0,2.0,2.0,,3.0,1.0,2.0,1.0,,1.0,1.0,0.16666666666666666,0.18181818181818182,0.2,,1.0,0.2857142857142857,0.2857142857142857,,1.0,1.0,,,,0.5854,0.1,0.13333333333333333,0.21052631578947367,2.0,6.0,3.0,,,,,1.0,1.0,1.0,12.0,5.0,,,0.625,1.0,3.0,1.0,1.0,1.0,,2.0,,,,2.0,,,,,,1.0,,,0.2,,0.5,1.0,,2.0,4.0,2.0,,,,1.0,,,,0.6,,,,,,,,,,,,,,,,,,,,,,,1.0,1610612737,2026,2025-26,False
1630168-1630228-1630557-1630811-1642258,1610612737,"Onyeka Okongwu, Jonathan Kuminga, Corey Kispert, Keaton Wallace, Zaccharie Risacher","Okongwu, Kuminga, Kispert, Wallace, Risacher",1630168-1630228-1630557-1630811-1642258,ATL,122.0,1,2.0,,4.0,5.0,,9,,,,,,1.0,1.0,1.0,1.0,1.0,7.0,7.0,2.0,3.0,1.0,1.0,1.0,2.0,,,5.0,1.0,1.0,1.0,,1.0,7.0,,1.0,1.0,1.0,1.0,1.0,1.0,1.25,1.1666666666666667,0.5,1.0,1.0,1.0,106.22950819672131,13.5,13.6,13.5,13.6,,,,,,,,,,0.5,0.5,0.5213,12.1,26.2,3.0,1.0,1.0,1.0,1.0,1.0,1.0,1.0,5.0,1.0,,1.0,,1.0,1.0,1.0,,5.0,3.0,1.0,1.25,1.25,,,1.0,,0.5,1.0,1.0,1.0,0.5,1.0,1.0,0.5213,0.7142857142857143,0.75,,,,1.0,,2.0,,,,,1.0,1.0,,,,,,2.0,,1.0,,1.0,,,,,,,,1.0,1.0,1.0,,,,,,,0.3333333333333333,0.5,,,,,,,,,,,,,,,,,,,,,,,,,,,,,,,,,,,,,,,,,,,1.0,,,,,,,,,,,,,,,,,,,,,,,,,,,,,,,,1610612737,2026,2025-26,False
1630228-1630552-1630700-1631243-203468,1610612737,"Jonathan Kuminga, Jalen Johnson, Dyson Daniels, Mouhamed Gueye, CJ McCollum","Kuminga, Johnson, Daniels, Gueye, McCollum",1630228-1630552-1630700-1631243-203468,ATL,165.0,1,3.0,3.0,6.0,6.0,,12,1.0,1.0,,,,2.0,2.0,4.0,1.0,2.0,9.0,6.0,2.0,,2.0,1.0,,1.0,,,2.0,,2.0,3.0,1.0,1.0,7.0,,0.5,1.0,,0.5,0.5,0.5,0.5833333333333334,0.6428571428571429,0.3333333333333333,,1.0,,104.72727272727273,11.5,16.0,11.5,16.0,0.16666666666666666,1.0,1.0,,,,,,,0.3333333333333333,0.5,0.512425,6.775,25.15,6.0,3.0,1.0,1.0,2.0,4.0,1.0,2.0,9.0,1.0,,,,,,,1.0,9.0,6.0,0.5,0.5833333333333334,0.6428571428571429,,,,,0.5,0.5,0.5,,0.3333333333333333,0.5,0.5,0.512425,1.0,1.0,1.0,1.0,1.0,1.0,,2.0,1.0,1.0,,2.0,2.0,1.0,,1.0,1.0,,,2.0,,1.0,1.0,0.5,1.0,1.0,0.5,0.3333333333333333,0.5,,,0.3333333333333333,0.3333333333333333,1.0,,,,0.16666666666666666,1.0,0.5935,0.14285714285714285,0.2,0.2222222222222222,,,,,,,,,,,2.0,2.0,,,1.0,1.0,1.0,1.0,,,,,,,,1.0,,,2.0,3.0,,,,,,,,1.0,,1.0,2.0,,,,,1.0,,,,,,,,,,,,,,,,,,,,,,,,,,,,1610612737,2026,2025-26,False
