PLAYER_ID,PLAYER_NAME,NICKNAME,TEAM_ID,TEAM_ABBREVIATION,AGE,GP,W,L,W_PCT,MIN,FGM,FGA,FG_PCT,FG3M,FG3A,FG3_PCT,FTM,FTA,FT_PCT,OREB,DREB,REB,AST,TOV,STL,BLK,BLKA,PF,PFD,PTS,PLUS_MINUS,NBA_FANTASY_PTS,DD2,TD3,WNBA_FANTASY_PTS,GP_RANK,W_RANK,L_RANK,W_PCT_RANK,MIN_RANK,FGM_RANK,FGA_RANK,FG_PCT_RANK,FG3M_RANK,FG3A_RANK,FG3_PCT_RANK,FTM_RANK,FTA_RANK,FT_PCT_RANK,OREB_RANK,DREB_RANK,REB_RANK,AST_RANK,TOV_RANK,STL_RANK,BLK_RANK,BLKA_RANK,PF_RANK,PFD_RANK,PTS_RANK,PLUS_MINUS_RANK,NBA_FANTASY_PTS_RANK,DD2_RANK,TD3_RANK,WNBA_FANTASY_PTS_RANK,team_poss,sp_work_PACE_RANK,sp_work_DEF_RATING,AST_TO_RANK,EFG_PCT,DREB_PCT_RANK,OREB_PCT,E_TOV_PCT,POSS,DEF_RATING_RANK,DREB_PCT,AST_RATIO,USG_PCT,PACE,OFF_RATING_RANK,AST_RATIO_RANK,PIE,PIE_RANK,REB_PCT_RANK,sp_work_NET_RATING_RANK,sp_work_PACE,EFG_PCT_RANK,TM_TOV_PCT,OFF_RATING,E_DEF_RATING,E_USG_PCT,FGA_PG_RANK,AST_TO,FGA_PG,TS_PCT_RANK,E_PACE_RANK,USG_PCT_RANK,E_PACE,PACE_PER40,TM_TOV_PCT_RANK,E_NET_RATING,sp_work_NET_RATING,PACE_RANK,OREB_PCT_RANK,E_OFF_RATING_RANK,NET_RATING,sp_work_OFF_RATING_RANK,E_DEF_RATING_RANK,FGM_PG_RANK,sp_work_DEF_RATING_RANK,DEF_RATING,E_OFF_RATING,E_NET_RATING_RANK,FGM_PG,sp_work_OFF_RATING,E_TOV_PCT_RANK,AST_PCT,TS_PCT,AST_PCT_RANK,NET_RATING_RANK,REB_PCT,E_USG_PCT_RANK,PASSES_MADE,AST_TO_PASS_PCT_ADJ,FT_AST,AST_PTS_CREATED,PASSES_RECEIVED,AST_ADJ,SECONDARY_AST,AST_TO_PASS_PCT,POTENTIAL_AST,DRIVE_FG_PCT,DRIVE_FT_PCT,DRIVES,DRIVE_PASSES_PCT,DRIVE_TOV,DRIVE_AST,DRIVE_PF_PCT,DRIVE_FGA,DRIVE_TOV_PCT,DRIVE_AST_PCT,DRIVE_PTS,DRIVE_PTS_PCT,DRIVE_PF,DRIVE_FGM,DRIVE_FTA,DRIVE_FTM,DRIVE_PASSES,AVG_DRIB_PER_TOUCH,FRONT_CT_TOUCHES,PTS_PER_TOUCH,TOUCHES,PAINT_TOUCHES,PTS_PER_PAINT_TOUCH,TIME_OF_POSS,POST_TOUCHES,POINTS,PTS_PER_ELBOW_TOUCH,AVG_SEC_PER_TOUCH,PTS_PER_POST_TOUCH,ELBOW_TOUCHES,DREB_CONTEST_PCT,AVG_DREB_DIST,OREB_CHANCE_PCT_ADJ,DREB_UNCONTEST,REB_CHANCE_PCT_ADJ,REB_CHANCE_DEFER,REB_CHANCES,OREB_CONTEST_PCT,DREB_CHANCES,REB_CHANCE_PCT,REB_UNCONTEST,DREB_CHANCE_PCT_ADJ,DREB_CHANCE_PCT,REB_CONTEST,OREB_UNCONTEST,AVG_REB_DIST,OREB_CHANCE_PCT,OREB_CHANCE_DEFER,DREB_CONTEST,REB_CONTEST_PCT,AVG_OREB_DIST,OREB_CONTEST,OREB_CHANCES,DREB_CHANCE_DEFER,PLAYER_LAST_TEAM_ID,very_tight_FGA,very_tight_FG2A_FREQUENCY,very_tight_FG3_PCT,very_tight_FG2M,very_tight_FG_PCT,very_tight_FG3A,very_tight_FG2_PCT,very_tight_EFG_PCT,very_tight_FG2A,very_tight_FGM,very_tight_FGA_FREQUENCY,G,very_tight_FG3M,very_tight_FG3A_FREQUENCY,PLAYER_LAST_TEAM_ABBREVIATION,tight_FG3M,tight_FGM,tight_EFG_PCT,tight_FG3A,tight_FG2M,tight_FG3A_FREQUENCY,tight_FG_PCT,tight_FGA_FREQUENCY,tight_FG2_PCT,tight_FG3_PCT,tight_FG2A_FREQUENCY,tight_FG2A,tight_FGA,open_FG3A_FREQUENCY,open_EFG_PCT,open_FGA_FREQUENCY,open_FG2M,open_FGA,open_FG3M,open_FG2A_FREQUENCY,open_FG3A,open_FG3_PCT,open_FG_PCT,open_FG2_PCT,open_FG2A,open_FGM,wide_open_FG2M,wide_open_FG3A_FREQUENCY,wide_open_FG_PCT,wide_open_EFG_PCT,wide_open_FG3M,wide_open_FGM,wide_open_FG3A,wide_open_FGA,wide_open_FG2_PCT,wide_open_FG2A_FREQUENCY,wide_open_FG2A,wide_open_FG3_PCT,wide_open_FGA_FREQUENCY,PULL_UP_FG3_PCT,PULL_UP_FGM,PULL_UP_EFG_PCT,PULL_UP_FG_PCT,PULL_UP_FGA,PULL_UP_PTS,PULL_UP_FG3M,PULL_UP_FG3A,PAINT_TOUCH_PTS,POST_TOUCH_FG_PCT,CATCH_SHOOT_FG_PCT,CATCH_SHOOT_PTS,PAINT_TOUCH_FG_PCT,ELBOW_TOUCH_FG_PCT,ELBOW_TOUCH_PTS,EFF_FG_PCT,POST_TOUCH_PTS,ITP_FGA,CORNER_3_FGM,BACKCOURT_FG_PCT,RA_FG_PCT,RIGHT_CORNER_3_FG_PCT,RIGHT_CORNER_3_FGA,MID_FGA,LEFT_CORNER_3_FGA,ABOVE_BREAK_3_FG_PCT,LEFT_CORNER_3_FGM,RIGHT_CORNER_3_FGM,MID_FG_PCT,CORNER_3_FGA,RA_FGM,CORNER_3_FG_PCT,ITP_FG_PCT,MID_FGM,BACKCOURT_FGA,ITP_FGM,ABOVE_BREAK_3_FGA,BACKCOURT_FGM,ABOVE_BREAK_3_FGM,RA_FGA,LEFT_CORNER_3_FG_PCT,FGM_LT_06,FGA_LT_06,FREQ,PLAYER_POSITION,PLUSMINUS,NS_LT_06_PCT,LT_06_PCT,FGP_30_34,FGA_25_29,FGM_5_9,FGA_10_14,FGM_25_29,FGP_35_39,FGP_10_14,FGM_LT_5,FGM_10_14,FGP_LT_5,FGA_30_34,FGA_15_19,FGA_5_9,FGM_15_19,FGM_40_PLUS,TEAM_ABBR,FGM_20_24,FGP_40_PLUS,FGP_5_9,FGM_30_34,FGP_15_19,FGP_20_24,FGA_20_24,FGM_35_39,FGA_LT_5,FGA_35_39,FGP_25_29,FGA_40_PLUS,CATCH_SHOOT_FG3A,CATCH_SHOOT_FG3M,CATCH_SHOOT_FG3_PCT,CATCH_SHOOT_EFG_PCT,CATCH_SHOOT_FGA,CATCH_SHOOT_FGM,year,date,playoffs,GAME_ID,index,HTM,VTM,overall_def_PLAYER_NAME,overall_def_PLAYER_LAST_TEAM_ID,overall_def_PLAYER_LAST_TEAM_ABBREVIATION,overall_def_PLAYER_POSITION,overall_def_AGE,overall_def_GP,overall_def_G,overall_def_FREQ,overall_def_D_FGM,overall_def_D_FGA,overall_def_D_FG_PCT,overall_def_NORMAL_FG_PCT,overall_def_PCT_PLUSMINUS,three_pt_def_PLAYER_NAME,three_pt_def_PLAYER_LAST_TEAM_ID,three_pt_def_PLAYER_LAST_TEAM_ABBREVIATION,three_pt_def_PLAYER_POSITION,three_pt_def_AGE,three_pt_def_GP,three_pt_def_G,three_pt_def_FREQ,three_pt_def_FG3M,three_pt_def_FG3A,three_pt_def_FG3_PCT,three_pt_def_NS_FG3_PCT,three_pt_def_PLUSMINUS,two_pt_def_PLAYER_NAME,two_pt_def_PLAYER_LAST_TEAM_ID,two_pt_def_PLAYER_LAST_TEAM_ABBREVIATION,two_pt_def_PLAYER_POSITION,two_pt_def_AGE,two_pt_def_GP,two_pt_def_G,two_pt_def_FREQ,two_pt_def_FG2M,two_pt_def_FG2A,two_pt_def_FG2_PCT,two_pt_def_NS_FG2_PCT,two_pt_def_PLUSMINUS,less_6ft_def_PLAYER_NAME,less_6ft_def_PLAYER_LAST_TEAM_ID,less_6ft_def_PLAYER_LAST_TEAM_ABBREVIATION,less_6ft_def_PLAYER_POSITION,less_6ft_def_AGE,less_6ft_def_GP,less_6ft_def_G,less_6ft_def_FREQ,less_6ft_def_FGM_LT_06,less_6ft_def_FGA_LT_06,less_6ft_def_LT_06_PCT,less_6ft_def_NS_LT_06_PCT,less_6ft_def_PLUSMINUS,less_10ft_def_PLAYER_NAME,less_10ft_def_PLAYER_LAST_TEAM_ID,less_10ft_def_PLAYER_LAST_TEAM_ABBREVIATION,less_10ft_def_PLAYER_POSITION,less_10ft_def_AGE,less_10ft_def_GP,less_10ft_def_G,less_10ft_def_FREQ,less_10ft_def_FGM_LT_10,less_10ft_def_FGA_LT_10,less_10ft_def_LT_10_PCT,less_10ft_def_NS_LT_10_PCT,less_10ft_def_PLUSMINUS,more_15ft_def_PLAYER_NAME,more_15ft_def_PLAYER_LAST_TEAM_ID,more_15ft_def_PLAYER_LAST_TEAM_ABBREVIATION,more_15ft_def_PLAYER_POSITION,more_15ft_def_AGE,more_15ft_def_GP,more_15ft_def_G,more_15ft_def_FREQ,more_15ft_def_FGM_GT_15,more_15ft_def_FGA_GT_15,more_15ft_def_GT_15_PCT,more_15ft_def_NS_GT_15_PCT,more_15ft_def_PLUSMINUS,hustle_PLAYER_NAME,hustle_TEAM_ID,hustle_TEAM_ABBREVIATION,hustle_AGE,hustle_G,hustle_MIN,hustle_CONTESTED_SHOTS,hustle_CONTESTED_SHOTS_2PT,hustle_CONTESTED_SHOTS_3PT,hustle_DEFLECTIONS,hustle_CHARGES_DRAWN,hustle_SCREEN_ASSISTS,hustle_SCREEN_AST_PTS,hustle_OFF_LOOSE_BALLS_RECOVERED,hustle_DEF_LOOSE_BALLS_RECOVERED,hustle_LOOSE_BALLS_RECOVERED,hustle_PCT_LOOSE_BALLS_RECOVERED_OFF,hustle_PCT_LOOSE_BALLS_RECOVERED_DEF,hustle_OFF_BOXOUTS,hustle_DEF_BOXOUTS,hustle_BOX_OUTS,hustle_BOX_OUT_PLAYER_TEAM_REBS,hustle_BOX_OUT_PLAYER_REBS,hustle_PCT_BOX_OUTS_OFF,hustle_PCT_BOX_OUTS_DEF,hustle_PCT_BOX_OUTS_TEAM_REB,hustle_PCT_BOX_OUTS_REB,post_touch_PLAYER_NAME,post_touch_TEAM_ID,post_touch_TEAM_ABBREVIATION,post_touch_GP,post_touch_W,post_touch_L,post_touch_MIN,post_touch_TOUCHES,post_touch_POST_TOUCHES,post_touch_POST_TOUCH_FGM,post_touch_POST_TOUCH_FGA,post_touch_POST_TOUCH_FG_PCT,post_touch_POST_TOUCH_FTM,post_touch_POST_TOUCH_FTA,post_touch_POST_TOUCH_FT_PCT,post_touch_POST_TOUCH_PTS,post_touch_POST_TOUCH_PTS_PCT,post_touch_POST_TOUCH_PASSES,post_touch_POST_TOUCH_PASSES_PCT,post_touch_POST_TOUCH_AST,post_touch_POST_TOUCH_AST_PCT,post_touch_POST_TOUCH_TOV,post_touch_POST_TOUCH_TOV_PCT,post_touch_POST_TOUCH_FOULS,post_touch_POST_TOUCH_FOULS_PCT,speed_distance_PLAYER_NAME,speed_distance_TEAM_ID,speed_distance_TEAM_ABBREVIATION,speed_distance_GP,speed_distance_W,speed_distance_L,speed_distance_MIN,speed_distance_MIN1,speed_distance_DIST_FEET,speed_distance_DIST_MILES,speed_distance_DIST_MILES_OFF,speed_distance_DIST_MILES_DEF,speed_distance_AVG_SPEED,speed_distance_AVG_SPEED_OFF,speed_distance_AVG_SPEED_DEF,season
203083,Andre Drummond,Andre,1610612765,DET,25.0,1,1,0,1.0,28.133333333333333,5,10,0.5,0,1,0.0,5,8,0.625,5,12,17,1,3,2,1,1,5,6,15,27,42.9,1,0,39.0,1,1,1,1,56,49,48,55,86,113,86,16,6,75,2,2,2,91,14,10,10,112,150,7,48,1,16,1,1,16,,125,74.1,80,0.5,8,0.238,17.1,56,6,0.343,5.6,0.262,97.25,24,121,0.214,9,1,3,97.25,74,16.7,125.0,77.9,0.256,48,0.33,10.0,76,115,29,97.83,81.04,131,39.8,50.9,125,3,40,50.9,24,7,49,6,74.1,117.7,4,5.0,125.0,136,0.05,0.555,119,3,0.304,32,28.0,0.036,0.0,2.0,21.0,1.0,0.0,0.036,1.0,0.0,0.0,1.0,0.0,0.0,0.0,0.0,1.0,0.0,0.0,0.0,0.0,0.0,0.0,0.0,0.0,0.0,0.74,25.0,0.319,47.0,12.0,0.75,1.6,2.0,15.0,1.286,2.04,0.0,7.0,0.333,3.0,0.714,8.0,0.773,1.0,23.0,0.8,17.0,0.739,9.0,0.75,0.706,8.0,1.0,3.4,0.714,0.0,4.0,0.471,4.5,4.0,7.0,1.0,1610612765.0,2.0,0.2,,0.0,0.0,0.0,0.0,0.0,2.0,0.0,0.2,1.0,0.0,0.0,DET,0.0,3.0,0.75,0.0,3.0,0.0,0.75,0.4,0.75,,0.4,4.0,4.0,0.1,0.5,0.4,2.0,4.0,0.0,0.3,1.0,0.0,0.5,0.667,3.0,2.0,,,,,,,,,,,,,,,0,,,0,0,0.0,0.0,9.0,0.0,0.5,2.0,0.4,0.75,9.0,0.5,0.0,4.0,0.0,0.0,0.6,0.0,0.0,0.0,0.0,0.0,0.0,0.0,0.0,0.0,3.0,0.0,0.5,0.0,0.0,2.0,1.0,0.0,0.0,5.0,0.0,262.0,437.0,0.419,C,-0.028,0.627,0.6,0.0,1.0,2.0,0.0,0.0,,0.0,3.0,0.0,0.5,0.0,0.0,3.0,0.0,0.0,DET,0.0,0.0,0.667,0.0,0.0,0.0,0.0,,6.0,,0.0,0.0,1.0,0.0,0.0,0.5,2,1,2019,20190303,False,21800949,,,,Andre Drummond,1610612765.0,DET,C,25.0,1.0,1.0,1.0,3.0,15.0,0.2,0.459,-0.259,Andre Drummond,1610612765.0,DET,C,25.0,1.0,1.0,0.2,1.0,3.0,0.333,0.375,-0.042,Andre Drummond,1610612765.0,DET,C,25.0,1.0,1.0,0.8,2.0,12.0,0.167,0.518,-0.351,Andre Drummond,1610612765.0,DET,C,25.0,1.0,1.0,0.333,1.0,5.0,0.2,0.649,-0.449,Andre Drummond,1610612765.0,DET,C,25.0,1.0,1.0,0.6,2.0,9.0,0.222,0.573,-0.351,Andre Drummond,1610612765.0,DET,C,25.0,1.0,1.0,0.4,1.0,6.0,0.167,0.381,-0.215,Andre Drummond,1610612765.0,DET,25.0,1.0,28.1,11.0,10.0,1.0,3.0,0.0,5.0,11.0,0.0,0.0,0.0,0.0,0.0,2.0,3.0,5.0,5.0,4.0,0.4,0.6,1.0,0.8,Andre Drummond,1610612765,DET,1,1,0,28.1,47.0,2.0,0.0,1.0,0.0,0.0,0.0,0.0,0.0,0.0,1.0,0.5,0.0,0.0,0.0,0.0,0.0,0.0,Andre Drummond,1610612765,DET,1,1,0,28.13,28.13,10076.0,1.91,1.04,0.86,3.69,3.76,3.63,2018_19
201933,Blake Griffin,Blake,1610612765,DET,30.0,1,1,0,1.0,42.16333333333333,9,21,0.429,2,8,0.25,7,10,0.7,1,6,7,1,5,0,1,0,2,13,27,-5,34.9,0,0,39.0,1,1,1,1,2,9,4,89,31,10,71,5,2,73,41,25,29,91,1,76,10,1,72,1,7,118,27,16,1,16,,139,105.9,84,0.476,78,0.028,15.9,83,76,0.12,3.2,0.323,95.63,110,124,0.104,77,75,104,95.63,93,16.1,102.4,107.7,0.331,4,0.2,21.0,84,117,8,97.59,79.69,130,-11.0,-3.5,139,77,125,-3.5,110,79,9,76,105.9,96.7,117,9.0,102.4,129,0.05,0.531,119,104,0.081,9,59.0,0.017,0.0,2.0,66.0,1.0,0.0,0.017,7.0,0.5,1.0,8.0,0.625,0.0,0.0,0.0,2.0,0.0,0.0,3.0,0.375,0.0,1.0,1.0,1.0,5.0,2.39,64.0,0.293,92.0,8.0,0.5,5.4,6.0,27.0,0.0,3.55,0.667,2.0,0.167,3.3,0.5,5.0,0.778,2.0,11.0,1.0,9.0,0.636,5.0,0.857,0.667,2.0,0.0,3.2,0.5,0.0,1.0,0.286,2.1,1.0,2.0,2.0,1610612765.0,5.0,0.19,0.0,1.0,0.2,1.0,0.25,0.2,4.0,1.0,0.238,1.0,0.0,0.048,DET,0.0,5.0,0.556,1.0,5.0,0.048,0.556,0.429,0.625,0.0,0.381,8.0,9.0,0.19,0.8,0.238,1.0,5.0,2.0,0.048,4.0,0.5,0.6,1.0,1.0,3.0,0.0,0.095,0.0,0.0,0.0,0.0,2.0,2.0,,0.0,0.0,0.0,0.095,0.167,2,0.357,0.286,7,5,1.0,6.0,4.0,0.667,0.5,3.0,0.4,0.0,0.0,0.476,4.0,3.0,0.0,0.0,0.556,0.0,0.0,1.0,1.0,0.286,0.0,0.0,1.0,1.0,5.0,0.0,0.333,1.0,0.0,1.0,7.0,0.0,2.0,9.0,0.0,137.0,223.0,0.291,F,-0.007,0.622,0.614,0.0,6.0,0.0,0.0,2.0,0.0,0.0,6.0,0.0,0.545,0.0,1.0,1.0,1.0,0.0,DET,0.0,0.0,0.0,0.0,1.0,0.0,2.0,0.0,11.0,0.0,0.333,0.0,2.0,1.0,0.5,0.75,2,1,2019,20190303,False,21800949,,,,Blake Griffin,1610612765.0,DET,F,30.0,1.0,1.0,1.0,9.0,19.0,0.474,0.501,-0.027,Blake Griffin,1610612765.0,DET,F,30.0,1.0,1.0,0.316,2.0,6.0,0.333,0.33,0.003,Blake Griffin,1610612765.0,DET,F,30.0,1.0,1.0,0.684,7.0,13.0,0.538,0.573,-0.035,Blake Griffin,1610612765.0,DET,F,30.0,1.0,1.0,0.474,4.0,9.0,0.444,0.649,-0.205,Blake Griffin,1610612765.0,DET,F,30.0,1.0,1.0,0.579,6.0,11.0,0.545,0.602,-0.056,Blake Griffin,1610612765.0,DET,F,30.0,1.0,1.0,0.368,2.0,7.0,0.286,0.35,-0.064,Blake Griffin,1610612765.0,DET,30.0,1.0,42.2,12.0,8.0,4.0,0.0,1.0,1.0,2.0,4.0,0.0,4.0,1.0,0.0,0.0,4.0,4.0,0.0,0.0,0.0,1.0,0.0,0.0,Blake Griffin,1610612765,DET,1,1,0,42.2,92.0,6.0,2.0,3.0,0.667,0.0,0.0,0.0,4.0,0.667,1.0,0.167,0.0,0.0,2.0,0.333,0.0,0.0,Blake Griffin,1610612765,DET,1,1,0,42.17,42.17,14572.0,2.76,1.58,1.18,3.63,3.83,3.4,2018_19
1628971,Bruce Brown,Bruce,1610612765,DET,22.0,1,1,0,1.0,17.6,1,2,0.5,0,0,0.0,0,0,0.0,1,2,3,2,0,3,0,0,2,1,2,-3,17.6,0,0,13.0,1,1,1,1,120,121,147,55,86,138,86,101,110,101,41,89,82,63,101,1,56,1,72,88,136,105,101,16,1,114,,75,94.9,85,0.5,99,0.071,0.0,36,31,0.1,50.0,0.05,102.27,131,5,0.149,34,68,90,102.27,74,0.0,94.4,97.5,0.051,147,0.0,2.0,95,81,161,102.0,85.23,1,-5.2,-0.4,75,37,137,-0.4,131,42,121,31,94.9,92.3,95,1.0,94.4,1,0.182,0.5,57,90,0.088,161,20.0,0.1,0.0,5.0,11.0,2.0,0.0,0.1,7.0,0.5,0.0,4.0,0.5,0.0,0.0,0.0,2.0,0.0,0.0,2.0,0.5,0.0,1.0,0.0,0.0,2.0,1.5,17.0,0.083,24.0,2.0,0.0,1.1,0.0,2.0,0.0,2.64,0.0,1.0,0.0,7.8,0.5,2.0,0.75,0.0,4.0,0.0,2.0,0.75,3.0,1.0,1.0,0.0,1.0,6.6,0.5,0.0,0.0,0.0,4.4,0.0,2.0,0.0,,,,,,,,,,,,,,,,,0.0,1.0,0.5,0.0,1.0,0.0,0.5,1.0,0.5,,1.0,2.0,2.0,,,,,,,,,,,,,,,,,,,,,,,,,,,,0,,,0,0,,,0.0,0.0,0.0,0.0,0.0,0.0,0.0,0.5,0.0,0.0,0.0,0.0,0.5,0.0,0.0,0.0,0.0,0.0,0.0,0.0,0.0,0.0,1.0,0.0,0.0,0.0,0.0,0.0,0.0,0.0,0.0,2.0,0.0,106.0,186.0,0.387,G,-0.035,0.605,0.57,0.0,0.0,0.0,0.0,0.0,0.0,0.0,1.0,0.0,0.5,0.0,0.0,0.0,0.0,0.0,DET,0.0,0.0,0.0,0.0,0.0,0.0,0.0,0.0,2.0,0.0,0.0,0.0,,,,,0,0,2019,20190303,False,21800949,,,,Bruce Brown,1610612765.0,DET,G,22.0,1.0,1.0,1.0,3.0,6.0,0.5,0.423,0.077,Bruce Brown,1610612765.0,DET,G,22.0,1.0,1.0,0.5,2.0,3.0,0.667,0.349,0.318,Bruce Brown,1610612765.0,DET,G,22.0,1.0,1.0,0.5,1.0,3.0,0.333,0.507,-0.174,Bruce Brown,1610612765.0,DET,G,22.0,1.0,1.0,0.167,1.0,1.0,1.0,0.61,0.39,Bruce Brown,1610612765.0,DET,G,22.0,1.0,1.0,0.167,1.0,1.0,1.0,0.58,0.42,Bruce Brown,1610612765.0,DET,G,22.0,1.0,1.0,0.833,2.0,5.0,0.4,0.362,0.038,Bruce Brown,1610612765.0,DET,22.0,1.0,17.6,6.0,4.0,2.0,2.0,0.0,0.0,0.0,1.0,1.0,2.0,0.5,0.5,0.0,1.0,1.0,0.0,0.0,0.0,1.0,0.0,0.0,Bruce Brown,1610612765,DET,1,1,0,17.6,24.0,0.0,0.0,0.0,0.0,0.0,0.0,0.0,0.0,0.0,0.0,0.0,0.0,0.0,0.0,0.0,0.0,0.0,Bruce Brown,1610612765,DET,1,1,0,17.6,17.6,7416.0,1.4,0.71,0.69,4.35,4.21,4.49,2018_19
201980,Danny Green,Danny,1610612761,TOR,32.0,1,0,1,0.0,29.236666666666668,2,6,0.333,2,4,0.5,0,0,0.0,1,1,2,1,2,3,0,0,5,0,6,-4,16.9,0,0,17.0,1,85,85,85,43,101,102,109,31,42,21,101,110,101,41,117,107,91,34,1,56,1,150,129,103,114,106,16,1,99,,102,103.3,71,0.5,138,0.03,22.2,60,58,0.045,11.1,0.114,99.33,125,100,0.006,140,134,106,99.33,74,22.2,98.3,96.9,0.118,102,0.5,6.0,95,79,135,102.28,82.77,147,2.1,-4.9,102,74,116,-4.9,125,38,101,58,103.3,99.0,76,2.0,98.3,148,0.056,0.5,114,106,0.036,137,20.0,0.05,0.0,2.0,24.0,1.0,0.0,0.05,0.0,0.0,0.0,3.0,0.0,2.0,0.0,0.0,1.0,0.667,0.0,0.0,0.0,0.0,0.0,0.0,0.0,0.0,1.27,21.0,0.2,30.0,1.0,0.0,0.9,0.0,6.0,0.0,1.84,0.0,0.0,0.0,2.3,1.0,1.0,0.5,0.0,4.0,1.0,3.0,0.5,1.0,0.333,0.333,1.0,0.0,2.9,1.0,0.0,0.0,0.5,3.4,1.0,1.0,0.0,,,,,,,,,,,,,,,,,0.0,0.0,0.0,1.0,0.0,0.167,0.0,0.333,0.0,0.0,0.167,1.0,2.0,0.5,0.75,0.667,0.0,4.0,2.0,0.167,3.0,0.667,0.5,0.0,1.0,2.0,,,,,,,,,,,,,,,0,0.0,0.0,2,0,0.0,0.0,0.0,0.0,0.5,6.0,0.0,0.0,0.0,0.5,0.0,1.0,1.0,0.0,0.0,0.0,0.0,1.0,2.0,0.5,1.0,0.0,0.0,2.0,0.0,0.5,0.0,0.0,0.0,0.0,2.0,0.0,1.0,0.0,0.5,175.0,286.0,0.365,G-F,0.009,0.603,0.612,0.0,1.0,0.0,1.0,0.0,0.0,0.0,0.0,0.0,0.0,0.0,1.0,0.0,0.0,0.0,TOR,2.0,0.0,0.0,0.0,0.0,0.667,3.0,0.0,0.0,0.0,0.0,0.0,4.0,2.0,0.5,0.75,4,2,2019,20190303,False,21800949,,,,Danny Green,1610612761.0,TOR,G-F,32.0,1.0,1.0,1.0,9.0,13.0,0.692,0.427,0.265,Danny Green,1610612761.0,TOR,G-F,32.0,1.0,1.0,0.154,2.0,2.0,1.0,0.368,0.632,Danny Green,1610612761.0,TOR,G-F,32.0,1.0,1.0,0.846,7.0,11.0,0.636,0.493,0.143,Danny Green,1610612761.0,TOR,G-F,32.0,1.0,1.0,0.385,4.0,5.0,0.8,0.554,0.246,Danny Green,1610612761.0,TOR,G-F,32.0,1.0,1.0,0.615,6.0,8.0,0.75,0.521,0.229,Danny Green,1610612761.0,TOR,G-F,32.0,1.0,1.0,0.154,2.0,2.0,1.0,0.37,0.63,Danny Green,1610612761.0,TOR,32.0,1.0,29.2,7.0,6.0,1.0,1.0,0.0,2.0,4.0,1.0,0.0,1.0,1.0,0.0,0.0,1.0,1.0,1.0,0.0,0.0,1.0,1.0,0.0,Danny Green,1610612761,TOR,1,0,1,29.2,30.0,0.0,0.0,0.0,0.0,0.0,0.0,0.0,0.0,0.0,0.0,0.0,0.0,0.0,0.0,0.0,0.0,0.0,Danny Green,1610612761,TOR,1,0,1,29.23,29.23,12296.0,2.33,1.11,1.22,4.24,4.52,4.0,2018_19
203922,Glenn Robinson III,Glenn,1610612765,DET,25.0,1,1,0,1.0,5.316666666666666,2,3,0.667,0,0,0.0,0,0,0.0,0,0,0,0,0,0,0,0,1,0,4,7,4.0,0,0,4.0,1,1,1,1,158,101,136,19,86,138,86,101,110,101,84,149,156,125,101,76,56,1,19,129,118,34,151,16,1,148,,149,54.5,85,0.667,149,0.0,0.0,10,1,0.0,0.0,0.25,94.8,15,125,0.129,46,156,1,94.8,38,0.0,130.0,60.0,0.25,136,0.0,3.0,44,161,31,90.28,79.0,1,70.0,75.5,149,84,15,75.5,15,1,101,1,54.5,130.0,1,2.0,130.0,1,0.0,0.667,125,1,0.0,34,4.0,0.0,0.0,0.0,3.0,0.0,0.0,0.0,0.0,0.0,0.0,1.0,0.0,0.0,0.0,0.0,1.0,0.0,0.0,0.0,0.0,0.0,0.0,0.0,0.0,0.0,0.57,4.0,0.571,7.0,0.0,0.0,0.2,0.0,4.0,0.0,1.93,0.0,0.0,,,,,,,,,,,,,,,,,,,,,,,,,,,,,,,,,,,,,,,,,0.0,1.0,0.5,0.0,1.0,0.0,0.5,0.667,0.5,,0.667,2.0,2.0,0.0,1.0,0.333,1.0,1.0,0.0,0.333,0.0,,1.0,1.0,1.0,1.0,,,,,,,,,,,,,,,0,0.0,0.0,1,0,,,0.0,0.0,0.0,0.0,0.0,0.0,0.0,0.667,0.0,1.0,,0.0,1.0,,,0.0,,0.0,,,0.0,,2.0,,0.0,0.0,0.0,0.0,0.0,0.0,0.0,2.0,,44.0,68.0,0.425,G-F,0.041,0.606,0.647,0.0,0.0,0.0,1.0,0.0,,0.0,2.0,0.0,1.0,0.0,0.0,0.0,0.0,0.0,DET,0.0,0.0,0.0,0.0,0.0,0.0,0.0,,2.0,,0.0,0.0,,,,,0,0,2019,20190303,False,21800949,,,,Glenn Robinson III,1610612765.0,DET,G-F,25.0,1.0,1.0,1.0,2.0,4.0,0.5,0.513,-0.013,,,,,,,,,,,,,,Glenn Robinson III,1610612765.0,DET,G-F,25.0,1.0,1.0,1.0,2.0,4.0,0.5,0.572,-0.072,Glenn Robinson III,1610612765.0,DET,G-F,25.0,1.0,1.0,0.25,1.0,1.0,1.0,0.667,0.333,Glenn Robinson III,1610612765.0,DET,G-F,25.0,1.0,1.0,1.0,2.0,4.0,0.5,0.607,-0.107,,,,,,,,,,,,,,Glenn Robinson III,1610612765.0,DET,25.0,1.0,5.3,2.0,2.0,0.0,0.0,0.0,0.0,0.0,0.0,0.0,0.0,0.0,0.0,0.0,0.0,0.0,0.0,0.0,0.0,0.0,0.0,0.0,Glenn Robinson III,1610612765,DET,1,1,0,5.3,7.0,0.0,0.0,0.0,0.0,0.0,0.0,0.0,0.0,0.0,0.0,0.0,0.0,0.0,0.0,0.0,0.0,0.0,Glenn Robinson III,1610612765,DET,1,1,0,5.32,5.32,2176.0,0.41,0.21,0.2,4.21,4.92,3.68,2018_19
202397,Ish Smith,Ish,1610612765,DET,30.0,1,1,0,1.0,20.216666666666665,4,6,0.667,0,0,0.0,1,1,1.0,0,2,2,8,1,1,0,0,1,2,9,3,25.4,0,0,21.0,1,1,1,1,103,65,102,19,86,138,86,74,94,1,84,89,107,3,61,36,56,1,19,60,85,55,58,16,1,76,,110,97.6,1,0.667,113,0.0,6.5,42,42,0.087,53.3,0.143,98.53,111,4,0.218,7,125,60,98.53,38,6.7,102.4,97.4,0.164,102,8.0,6.0,36,121,123,96.63,82.11,76,9.3,4.8,110,84,88,4.8,111,41,65,42,97.6,106.6,47,4.0,102.4,76,0.571,0.699,3,60,0.043,113,38.0,0.211,0.0,20.0,43.0,8.0,0.0,0.211,11.0,0.5,1.0,7.0,0.429,0.0,1.0,0.0,4.0,0.0,0.143,5.0,0.714,0.0,2.0,1.0,1.0,3.0,6.37,13.0,0.196,46.0,0.0,0.0,4.7,0.0,9.0,0.0,6.07,0.0,0.0,0.0,6.4,0.0,2.0,0.5,1.0,5.0,0.0,5.0,0.4,2.0,0.5,0.4,0.0,0.0,6.4,0.0,0.0,0.0,0.0,0.0,0.0,0.0,1.0,,,,,,,,,,,,,,,,,0.0,2.0,0.667,0.0,2.0,0.0,0.667,0.5,0.667,,0.5,3.0,3.0,0.0,0.5,0.333,1.0,2.0,0.0,0.333,0.0,,0.5,0.5,2.0,1.0,1.0,0.0,1.0,1.0,0.0,1.0,0.0,1.0,1.0,0.167,1.0,,0.167,,2,1.0,1.0,2,4,,,0.0,0.0,0.0,0.0,0.0,0.0,0.0,0.667,0.0,1.0,0.0,0.0,0.667,0.0,0.0,2.0,0.0,0.0,0.0,0.0,1.0,0.0,2.0,0.0,0.0,2.0,0.0,0.0,0.0,0.0,0.0,3.0,0.0,65.0,114.0,0.373,G,-0.032,0.603,0.57,0.0,0.0,0.0,1.0,0.0,,1.0,2.0,1.0,0.667,0.0,1.0,1.0,1.0,0.0,DET,0.0,0.0,0.0,0.0,1.0,0.0,0.0,,3.0,,0.0,0.0,,,,,0,0,2019,20190303,False,21800949,,,,Ish Smith,1610612765.0,DET,G,30.0,1.0,1.0,1.0,3.0,5.0,0.6,0.469,0.131,Ish Smith,1610612765.0,DET,G,30.0,1.0,1.0,0.4,2.0,2.0,1.0,0.397,0.603,Ish Smith,1610612765.0,DET,G,30.0,1.0,1.0,0.6,1.0,3.0,0.333,0.547,-0.214,Ish Smith,1610612765.0,DET,G,30.0,1.0,1.0,0.4,0.0,2.0,0.0,0.629,-0.629,Ish Smith,1610612765.0,DET,G,30.0,1.0,1.0,0.4,0.0,2.0,0.0,0.593,-0.593,Ish Smith,1610612765.0,DET,G,30.0,1.0,1.0,0.6,3.0,3.0,1.0,0.377,0.623,Ish Smith,1610612765.0,DET,30.0,1.0,20.2,2.0,2.0,0.0,1.0,0.0,0.0,0.0,0.0,1.0,1.0,0.0,1.0,0.0,2.0,2.0,1.0,1.0,0.0,1.0,0.5,0.5,Ish Smith,1610612765,DET,1,1,0,20.2,46.0,0.0,0.0,0.0,0.0,0.0,0.0,0.0,0.0,0.0,0.0,0.0,0.0,0.0,0.0,0.0,0.0,0.0,Ish Smith,1610612765,DET,1,1,0,20.22,20.22,8630.0,1.63,0.92,0.71,4.53,4.99,4.05,2018_19
202391,Jeremy Lin,Jeremy,1610612761,TOR,30.0,1,0,1,0.0,24.83333333333333,0,8,0.0,0,5,0.0,1,2,0.5,1,0,1,2,1,1,0,0,1,2,1,-13,7.2,0,0,6.0,1,85,85,85,79,151,76,151,86,31,86,74,57,80,41,149,131,63,61,36,56,1,19,60,151,146,139,16,1,140,,138,108.0,27,0.0,149,0.036,8.4,49,83,0.0,16.7,0.172,95.68,152,78,-0.088,161,150,146,95.68,151,8.3,83.7,106.2,0.174,76,2.0,8.0,152,126,93,96.14,79.73,86,-21.9,-24.3,138,66,155,-24.3,152,69,151,83,108.0,84.3,143,0.0,83.7,88,0.133,0.056,75,146,0.02,95,36.0,0.056,0.0,5.0,39.0,2.0,0.0,0.056,6.0,0.0,0.0,8.0,0.75,0.0,2.0,0.0,2.0,0.0,0.25,0.0,0.0,0.0,0.0,0.0,0.0,6.0,4.98,16.0,0.022,46.0,0.0,0.0,4.0,0.0,1.0,0.0,5.27,0.0,0.0,0.0,0.0,1.0,0.0,1.0,1.0,2.0,0.0,1.0,0.5,1.0,0.0,0.0,0.0,1.0,19.7,1.0,0.0,0.0,0.0,19.7,0.0,1.0,1.0,1610612761.0,1.0,0.0,0.0,0.0,0.0,1.0,,0.0,0.0,0.0,0.125,1.0,0.0,0.125,TOR,0.0,0.0,0.0,0.0,0.0,0.0,0.0,0.375,0.0,,0.375,3.0,3.0,0.125,0.0,0.125,0.0,1.0,0.0,0.0,1.0,0.0,0.0,,0.0,0.0,0.0,0.375,0.0,0.0,0.0,0.0,3.0,3.0,,0.0,0.0,0.0,0.375,0.0,0,0.0,0.0,4,0,0.0,3.0,0.0,0.0,0.0,0.0,0.0,0.0,0.0,0.0,0.0,0.0,0.0,0.0,0.0,0.0,1.0,1.0,1.0,0.0,0.0,0.0,0.0,2.0,0.0,0.0,0.0,0.0,0.0,0.0,3.0,0.0,0.0,2.0,0.0,106.0,178.0,0.397,G,0.0,0.596,0.596,0.0,3.0,0.0,0.0,0.0,0.0,0.0,0.0,0.0,0.0,0.0,1.0,0.0,0.0,0.0,TOR,0.0,0.0,0.0,0.0,0.0,0.0,2.0,0.0,2.0,0.0,0.0,0.0,2.0,0.0,0.0,0.0,2,0,2019,20190303,False,21800949,,,,Jeremy Lin,1610612761.0,TOR,G,30.0,1.0,1.0,1.0,4.0,12.0,0.333,0.416,-0.083,Jeremy Lin,1610612761.0,TOR,G,30.0,1.0,1.0,0.417,1.0,5.0,0.2,0.364,-0.164,Jeremy Lin,1610612761.0,TOR,G,30.0,1.0,1.0,0.583,3.0,7.0,0.429,0.479,-0.051,Jeremy Lin,1610612761.0,TOR,G,30.0,1.0,1.0,0.417,2.0,5.0,0.4,0.539,-0.139,Jeremy Lin,1610612761.0,TOR,G,30.0,1.0,1.0,0.583,3.0,7.0,0.429,0.496,-0.067,Jeremy Lin,1610612761.0,TOR,G,30.0,1.0,1.0,0.417,1.0,5.0,0.2,0.376,-0.176,Jeremy Lin,1610612761.0,TOR,30.0,1.0,24.8,6.0,3.0,3.0,0.0,1.0,0.0,0.0,2.0,1.0,3.0,0.667,0.333,0.0,1.0,1.0,1.0,0.0,0.0,1.0,1.0,0.0,Jeremy Lin,1610612761,TOR,1,0,1,24.8,46.0,0.0,0.0,0.0,0.0,0.0,0.0,0.0,0.0,0.0,0.0,0.0,0.0,0.0,0.0,0.0,0.0,0.0,Jeremy Lin,1610612761,TOR,1,0,1,24.83,24.83,10012.0,1.9,1.06,0.84,4.34,4.85,3.8,2018_19
200768,Kyle Lowry,Kyle,1610612761,TOR,33.0,1,0,1,0.0,42.06666666666667,11,24,0.458,6,14,0.429,7,9,0.778,1,6,7,5,3,1,0,0,3,7,35,2,50.9,0,0,55.0,1,85,85,85,3,4,2,81,3,2,46,5,3,65,41,25,29,20,14,36,56,1,104,3,2,60,6,16,1,2,,127,104.7,39,0.583,44,0.021,8.3,85,66,0.176,14.3,0.3,96.99,76,85,0.204,13,71,69,96.99,58,8.6,107.1,100.1,0.321,2,1.67,24.0,58,107,13,98.38,80.82,88,8.8,2.4,127,82,79,2.4,76,47,4,66,104.7,108.9,48,11.0,107.1,87,0.263,0.626,29,69,0.086,12,71.0,0.099,0.0,12.0,86.0,7.0,2.0,0.07,17.0,0.5,1.0,15.0,0.4,2.0,1.0,0.067,4.0,0.133,0.067,6.0,0.4,1.0,2.0,2.0,2.0,6.0,3.23,55.0,0.33,106.0,1.0,0.0,7.0,0.0,35.0,0.0,3.96,0.0,1.0,0.333,7.3,0.333,4.0,0.7,0.0,10.0,1.0,7.0,0.7,4.0,0.857,0.857,3.0,0.0,7.9,0.333,0.0,2.0,0.429,12.0,1.0,3.0,0.0,1610612761.0,2.0,0.083,,1.0,0.5,0.0,0.5,0.5,2.0,1.0,0.083,1.0,0.0,0.0,TOR,1.0,1.0,0.5,3.0,0.0,0.125,0.333,0.125,,0.333,0.0,0.0,3.0,0.208,0.625,0.5,3.0,12.0,3.0,0.292,5.0,0.6,0.5,0.429,7.0,6.0,1.0,0.25,0.429,0.571,2.0,3.0,6.0,7.0,1.0,0.042,1.0,0.333,0.292,0.444,6,0.615,0.462,13,16,4.0,9.0,0.0,0.0,0.4,6.0,0.0,0.0,0.0,0.583,0.0,3.0,1.0,0.0,0.5,0.0,1.0,4.0,2.0,0.5,1.0,0.0,0.5,3.0,2.0,0.333,0.333,2.0,0.0,1.0,10.0,0.0,5.0,4.0,0.5,140.0,248.0,0.388,G,-0.044,0.608,0.565,0.0,8.0,1.0,2.0,4.0,0.0,0.0,2.0,0.0,0.5,0.0,2.0,2.0,2.0,0.0,TOR,2.0,0.0,0.5,0.0,1.0,0.333,6.0,0.0,4.0,0.0,0.5,0.0,5.0,2.0,0.4,0.6,5,2,2019,20190303,False,21800949,,,,Kyle Lowry,1610612761.0,TOR,G,33.0,1.0,1.0,1.0,2.0,4.0,0.5,0.412,0.088,Kyle Lowry,1610612761.0,TOR,G,33.0,1.0,1.0,0.25,0.0,1.0,0.0,0.368,-0.368,Kyle Lowry,1610612761.0,TOR,G,33.0,1.0,1.0,0.75,2.0,3.0,0.667,0.479,0.188,Kyle Lowry,1610612761.0,TOR,G,33.0,1.0,1.0,0.75,2.0,3.0,0.667,0.531,0.136,Kyle Lowry,1610612761.0,TOR,G,33.0,1.0,1.0,0.75,2.0,3.0,0.667,0.498,0.169,Kyle Lowry,1610612761.0,TOR,G,33.0,1.0,1.0,0.25,0.0,1.0,0.0,0.37,-0.37,Kyle Lowry,1610612761.0,TOR,33.0,1.0,42.1,0.0,0.0,0.0,3.0,0.0,0.0,0.0,2.0,2.0,4.0,0.5,0.5,0.0,1.0,1.0,1.0,1.0,0.0,1.0,1.0,1.0,Kyle Lowry,1610612761,TOR,1,0,1,42.1,106.0,0.0,0.0,0.0,0.0,0.0,0.0,0.0,0.0,0.0,0.0,0.0,0.0,0.0,0.0,0.0,0.0,0.0,Kyle Lowry,1610612761,TOR,1,0,1,42.07,42.07,15773.0,2.99,1.65,1.34,3.9,4.93,3.05,2018_19
204038,Langston Galloway,Langston,1610612765,DET,27.0,1,1,0,1.0,17.783333333333335,0,4,0.0,0,4,0.0,0,0,0.0,0,1,1,1,0,0,0,0,1,0,0,5,2.7,0,0,2.0,1,1,1,1,119,151,126,151,86,42,86,101,110,101,84,117,131,91,101,76,56,1,19,129,153,44,157,16,1,158,,111,100.0,85,0.0,136,0.0,0.0,37,44,0.048,20.0,0.095,98.52,63,64,-0.043,152,147,47,98.52,151,0.0,110.8,102.3,0.105,126,0.0,4.0,153,147,147,93.66,82.1,1,17.6,10.8,111,84,35,10.8,63,55,151,44,100.0,119.9,34,0.0,110.8,1,0.063,0.0,111,47,0.025,145,8.0,0.25,0.0,2.0,10.0,2.0,1.0,0.125,1.0,0.0,0.0,0.0,0.0,0.0,0.0,0.0,0.0,0.0,0.0,0.0,0.0,0.0,0.0,0.0,0.0,0.0,0.92,9.0,0.0,12.0,1.0,0.0,0.3,0.0,0.0,0.0,1.43,0.0,0.0,0.0,14.4,0.0,1.0,0.5,1.0,3.0,0.0,3.0,0.333,1.0,0.5,0.333,0.0,0.0,14.4,0.0,0.0,0.0,0.0,0.0,0.0,0.0,1.0,,,,,,,,,,,,,,,,,,,,,,,,,,,,,,0.75,0.0,0.75,0.0,3.0,0.0,0.0,3.0,0.0,0.0,,0.0,0.0,0.0,0.25,0.0,0.0,0.0,0.0,1.0,1.0,,0.0,0.0,0.0,0.25,,0,,,0,0,0.0,0.0,0.0,0.0,0.0,0.0,0.0,0.0,0.0,0.0,0.0,0.0,0.0,0.0,0.0,0.0,2.0,0.0,1.0,0.0,0.0,0.0,0.0,3.0,0.0,0.0,0.0,0.0,0.0,0.0,1.0,0.0,0.0,0.0,0.0,99.0,150.0,0.383,G,0.063,0.597,0.66,0.0,1.0,0.0,0.0,0.0,,0.0,0.0,0.0,0.0,0.0,0.0,0.0,0.0,0.0,DET,0.0,0.0,0.0,0.0,0.0,0.0,3.0,,0.0,,0.0,0.0,4.0,0.0,0.0,0.0,4,0,2019,20190303,False,21800949,,,,Langston Galloway,1610612765.0,DET,G,27.0,1.0,1.0,1.0,3.0,9.0,0.333,0.455,-0.121,Langston Galloway,1610612765.0,DET,G,27.0,1.0,1.0,0.333,1.0,3.0,0.333,0.363,-0.03,Langston Galloway,1610612765.0,DET,G,27.0,1.0,1.0,0.667,2.0,6.0,0.333,0.53,-0.196,Langston Galloway,1610612765.0,DET,G,27.0,1.0,1.0,0.333,1.0,3.0,0.333,0.599,-0.265,Langston Galloway,1610612765.0,DET,G,27.0,1.0,1.0,0.444,2.0,4.0,0.5,0.576,-0.076,Langston Galloway,1610612765.0,DET,G,27.0,1.0,1.0,0.444,1.0,4.0,0.25,0.361,-0.111,Langston Galloway,1610612765.0,DET,27.0,1.0,17.8,4.0,3.0,1.0,0.0,0.0,0.0,0.0,0.0,0.0,0.0,0.0,0.0,0.0,2.0,2.0,1.0,0.0,0.0,1.0,1.0,0.0,Langston Galloway,1610612765,DET,1,1,0,17.8,12.0,0.0,0.0,0.0,0.0,0.0,0.0,0.0,0.0,0.0,0.0,0.0,0.0,0.0,0.0,0.0,0.0,0.0,Langston Galloway,1610612765,DET,1,1,0,17.78,17.78,7011.0,1.33,0.65,0.67,4.21,4.46,4.61,2018_19
1628379,Luke Kennard,Luke,1610612765,DET,23.0,1,1,0,1.0,35.4,6,10,0.6,5,9,0.556,2,2,1.0,0,2,2,5,2,0,0,0,1,1,19,8,26.9,0,0,31.0,1,1,1,1,23,30,48,34,5,7,20,48,57,1,84,89,107,20,34,76,56,1,19,88,21,29,48,16,1,33,,154,104.5,20,0.85,135,0.0,11.2,71,65,0.049,27.8,0.16,93.56,68,29,0.156,31,144,59,93.56,12,11.1,109.9,105.1,0.165,48,2.5,10.0,11,145,110,93.91,77.97,102,3.3,5.4,154,84,80,5.4,68,67,30,65,104.5,108.5,70,6.0,109.9,103,0.227,0.873,39,59,0.027,112,35.0,0.143,0.0,13.0,32.0,5.0,0.0,0.143,7.0,1.0,0.0,3.0,0.333,1.0,0.0,0.0,1.0,0.333,0.0,2.0,0.667,0.0,1.0,0.0,0.0,1.0,1.35,36.0,0.388,49.0,0.0,0.0,2.2,0.0,19.0,0.0,2.64,0.0,0.0,0.0,8.1,0.0,2.0,0.667,0.0,3.0,0.0,3.0,0.667,2.0,0.667,0.667,0.0,0.0,8.1,0.0,0.0,0.0,0.0,0.0,0.0,0.0,0.0,,,,,,,,,,,,,,,,,0.0,1.0,1.0,0.0,1.0,0.0,1.0,0.1,1.0,,0.1,1.0,1.0,0.3,1.0,0.3,0.0,3.0,2.0,0.0,3.0,0.667,0.667,,0.0,2.0,0.0,0.6,0.5,0.75,3.0,3.0,6.0,6.0,,0.0,0.0,0.5,0.6,0.5,3,0.8,0.6,5,8,2.0,4.0,0.0,0.0,0.6,9.0,0.0,0.0,0.0,0.85,0.0,1.0,2.0,0.0,0.0,0.5,2.0,0.0,2.0,0.6,1.0,1.0,0.0,4.0,0.0,0.5,1.0,0.0,0.0,1.0,5.0,0.0,3.0,0.0,0.5,59.0,92.0,0.355,G,0.043,0.598,0.641,0.0,3.0,1.0,0.0,2.0,,0.0,0.0,0.0,0.0,0.0,0.0,1.0,0.0,0.0,DET,3.0,0.0,1.0,0.0,0.0,0.5,6.0,,0.0,,0.667,0.0,5.0,3.0,0.6,0.9,5,3,2019,20190303,False,21800949,,,,Luke Kennard,1610612765.0,DET,G,23.0,1.0,1.0,1.0,3.0,7.0,0.429,0.486,-0.058,Luke Kennard,1610612765.0,DET,G,23.0,1.0,1.0,0.286,0.0,2.0,0.0,0.365,-0.365,Luke Kennard,1610612765.0,DET,G,23.0,1.0,1.0,0.714,3.0,5.0,0.6,0.579,0.021,Luke Kennard,1610612765.0,DET,G,23.0,1.0,1.0,0.429,2.0,3.0,0.667,0.669,-0.003,Luke Kennard,1610612765.0,DET,G,23.0,1.0,1.0,0.571,3.0,4.0,0.75,0.606,0.144,Luke Kennard,1610612765.0,DET,G,23.0,1.0,1.0,0.286,0.0,2.0,0.0,0.357,-0.357,Luke Kennard,1610612765.0,DET,23.0,1.0,35.4,2.0,0.0,2.0,0.0,0.0,0.0,0.0,0.0,0.0,0.0,0.0,0.0,0.0,3.0,3.0,2.0,0.0,0.0,1.0,1.0,0.0,Luke Kennard,1610612765,DET,1,1,0,35.4,49.0,0.0,0.0,0.0,0.0,0.0,0.0,0.0,0.0,0.0,0.0,0.0,0.0,0.0,0.0,0.0,0.0,0.0,Luke Kennard,1610612765,DET,1,1,0,35.4,35.4,13570.0,2.57,1.45,1.12,4.08,4.35,3.75,2018_19
201188,Marc Gasol,Marc,1610612761,TOR,34.0,1,0,1,0.0,37.94166666666667,2,10,0.2,1,2,0.5,8,8,1.0,4,4,8,5,1,1,2,2,6,8,13,-1,38.1,0,0,33.0,1,85,85,85,10,101,48,139,52,84,21,2,6,1,5,41,23,20,61,36,5,154,163,2,62,86,22,16,1,30,,124,102.6,6,0.25,68,0.093,5.1,76,57,0.129,25.0,0.163,97.41,98,40,0.094,87,45,73,97.41,136,5.0,103.9,102.0,0.164,48,5.0,10.0,107,119,107,96.93,81.18,71,3.6,1.4,124,27,91,1.4,98,53,101,57,102.6,105.6,68,2.0,103.9,73,0.227,0.481,39,73,0.108,114,56.0,0.089,0.0,13.0,43.0,5.0,0.0,0.089,8.0,0.0,0.0,0.0,0.0,0.0,0.0,0.0,0.0,0.0,0.0,0.0,0.0,0.0,0.0,0.0,0.0,0.0,0.45,45.0,0.183,71.0,10.0,0.4,2.1,10.0,13.0,0.222,1.81,0.4,9.0,0.5,4.0,0.667,2.0,0.615,2.0,15.0,0.75,9.0,0.533,3.0,0.571,0.444,5.0,1.0,5.1,0.667,0.0,2.0,0.625,6.2,3.0,6.0,2.0,1610612761.0,2.0,0.2,,1.0,0.5,0.0,0.5,0.5,2.0,1.0,0.2,1.0,0.0,0.0,TOR,0.0,0.0,0.0,0.0,0.0,0.0,0.0,0.3,0.0,,0.3,3.0,3.0,0.0,0.0,0.3,0.0,3.0,0.0,0.3,0.0,,0.0,0.0,3.0,0.0,0.0,0.2,0.5,0.75,1.0,1.0,2.0,2.0,,0.0,0.0,0.5,0.2,,0,,,0,0,0.0,0.0,4.0,0.167,0.25,3.0,0.0,0.0,2.0,0.25,4.0,3.0,0.0,0.0,0.0,0.0,0.0,3.0,0.0,0.5,0.0,0.0,0.0,0.0,0.0,0.0,0.333,0.0,0.0,1.0,2.0,0.0,1.0,2.0,0.0,200.0,357.0,0.394,C,-0.054,0.614,0.56,0.0,2.0,1.0,2.0,1.0,0.0,0.0,0.0,0.0,0.0,0.0,0.0,3.0,0.0,0.0,TOR,0.0,0.0,0.333,0.0,0.0,0.0,1.0,0.0,2.0,0.0,0.5,0.0,2.0,1.0,0.5,0.375,4,1,2019,20190303,False,21800949,,,,Marc Gasol,1610612761.0,TOR,C,34.0,1.0,1.0,1.0,3.0,15.0,0.2,0.461,-0.261,Marc Gasol,1610612761.0,TOR,C,34.0,1.0,1.0,0.267,0.0,4.0,0.0,0.307,-0.307,Marc Gasol,1610612761.0,TOR,C,34.0,1.0,1.0,0.733,3.0,11.0,0.273,0.51,-0.237,Marc Gasol,1610612761.0,TOR,C,34.0,1.0,1.0,0.4,2.0,6.0,0.333,0.584,-0.25,Marc Gasol,1610612761.0,TOR,C,34.0,1.0,1.0,0.6,3.0,9.0,0.333,0.548,-0.215,Marc Gasol,1610612761.0,TOR,C,34.0,1.0,1.0,0.333,0.0,5.0,0.0,0.305,-0.305,Marc Gasol,1610612761.0,TOR,34.0,1.0,38.0,16.0,12.0,4.0,3.0,1.0,6.0,14.0,0.0,1.0,1.0,0.0,1.0,1.0,10.0,11.0,5.0,2.0,0.091,0.909,1.0,0.4,Marc Gasol,1610612761,TOR,1,0,1,38.0,71.0,10.0,1.0,6.0,0.167,2.0,2.0,1.0,4.0,0.4,1.0,0.1,0.0,0.0,1.0,0.1,1.0,0.1,Marc Gasol,1610612761,TOR,1,0,1,37.95,37.95,13678.0,2.59,1.28,1.31,3.75,4.03,3.51,2018_19
1626181,Norman Powell,Norman,1610612761,TOR,26.0,1,0,1,0.0,19.925,4,9,0.444,2,4,0.5,1,1,1.0,1,4,5,2,5,1,0,0,1,1,11,1,18.0,0,0,22.0,1,85,85,85,106,65,60,84,31,42,21,74,94,1,41,41,47,63,1,36,56,1,19,88,73,69,98,16,1,71,,132,107.5,78,0.556,46,0.05,30.4,40,80,0.174,12.5,0.304,96.36,67,93,0.099,84,37,67,96.36,64,31.3,110.0,109.7,0.324,60,0.4,9.0,68,140,12,94.82,80.3,155,1.6,2.5,132,51,66,2.5,67,91,65,80,107.5,111.3,80,4.0,110.0,156,0.154,0.583,71,67,0.116,11,14.0,0.143,0.0,5.0,21.0,2.0,0.0,0.143,3.0,0.333,1.0,10.0,0.4,3.0,1.0,0.0,3.0,0.3,0.1,3.0,0.3,0.0,1.0,1.0,1.0,4.0,3.07,19.0,0.393,28.0,2.0,0.0,1.6,0.0,11.0,0.0,3.43,0.0,0.0,0.0,12.7,1.0,4.0,1.0,1.0,6.0,1.0,5.0,0.833,4.0,1.0,0.8,1.0,0.0,11.0,1.0,0.0,0.0,0.2,4.4,1.0,1.0,1.0,,,,,,,,,,,,,,,,,0.0,1.0,0.25,0.0,1.0,0.0,0.25,0.444,0.25,,0.444,4.0,4.0,0.111,0.0,0.111,0.0,1.0,0.0,0.0,1.0,0.0,0.0,,0.0,0.0,1.0,0.333,0.75,1.0,2.0,3.0,3.0,4.0,1.0,0.111,1.0,0.667,0.444,,1,1.0,1.0,1,2,0.0,0.0,0.0,0.0,0.5,6.0,0.0,0.0,0.0,0.556,0.0,2.0,1.0,0.0,0.5,0.0,0.0,1.0,2.0,0.5,1.0,0.0,1.0,2.0,1.0,0.5,0.0,1.0,0.0,0.0,2.0,0.0,1.0,2.0,0.5,64.0,98.0,0.383,F-G,0.051,0.602,0.653,0.0,2.0,0.0,0.0,1.0,,0.0,1.0,0.0,0.333,0.0,1.0,1.0,1.0,0.0,TOR,1.0,0.0,0.0,0.0,1.0,0.5,2.0,,3.0,,0.5,0.0,4.0,2.0,0.5,0.75,4,2,2019,20190303,False,21800949,,,,Norman Powell,1610612761.0,TOR,F-G,26.0,1.0,1.0,1.0,1.0,2.0,0.5,0.419,0.081,Norman Powell,1610612761.0,TOR,F-G,26.0,1.0,1.0,1.0,1.0,2.0,0.5,0.387,0.114,,,,,,,,,,,,,,,,,,,,,,,,,,,,,,,,,,,,,,,,Norman Powell,1610612761.0,TOR,F-G,26.0,1.0,1.0,1.0,1.0,2.0,0.5,0.393,0.108,Norman Powell,1610612761.0,TOR,26.0,1.0,19.9,3.0,0.0,3.0,1.0,0.0,0.0,0.0,1.0,1.0,2.0,0.5,0.5,0.0,0.0,0.0,0.0,0.0,0.0,0.0,0.0,0.0,Norman Powell,1610612761,TOR,1,0,1,19.9,28.0,0.0,0.0,0.0,0.0,0.0,0.0,0.0,0.0,0.0,0.0,0.0,0.0,0.0,0.0,0.0,0.0,0.0,Norman Powell,1610612761,TOR,1,0,1,19.93,19.93,8150.0,1.54,0.79,0.75,4.26,4.87,4.25,2018_19
1628384,OG Anunoby,OG,1610612761,TOR,21.0,1,0,1,0.0,34.748333333333335,5,10,0.5,1,4,0.25,2,2,1.0,5,1,6,0,0,0,1,0,3,2,13,-2,23.2,0,0,22.0,1,85,85,85,27,49,48,55,52,42,71,48,57,1,2,117,38,125,101,76,10,1,104,60,62,96,75,16,1,71,,136,104.3,85,0.55,144,0.114,0.0,69,64,0.032,0.0,0.128,96.0,105,125,0.081,100,77,95,96.0,66,0.0,102.9,107.5,0.134,48,0.0,10.0,65,152,129,93.52,80.0,1,-2.3,-1.4,136,16,96,-1.4,105,76,49,64,104.3,105.2,89,5.0,102.9,1,0.0,0.597,125,95,0.08,128,22.0,0.0,0.0,0.0,20.0,0.0,0.0,0.0,2.0,1.0,0.0,3.0,0.333,0.0,0.0,0.0,2.0,0.0,0.0,4.0,1.333,0.0,2.0,0.0,0.0,1.0,0.86,25.0,0.371,35.0,4.0,0.5,1.0,0.0,13.0,1.333,1.76,0.0,3.0,0.0,6.8,0.625,1.0,0.429,0.0,14.0,0.8,6.0,0.429,2.0,0.167,0.167,4.0,1.0,6.4,0.625,0.0,0.0,0.667,6.3,4.0,8.0,0.0,,,,,,,,,,,,,,,,,0.0,4.0,0.571,1.0,4.0,0.1,0.571,0.7,0.667,0.0,0.6,6.0,7.0,0.1,1.5,0.1,0.0,1.0,1.0,0.0,1.0,1.0,1.0,,0.0,1.0,0.0,0.2,0.0,0.0,0.0,0.0,2.0,2.0,,0.0,0.0,0.0,0.2,1.0,2,1.25,1.0,2,5,1.0,1.0,2.0,0.0,0.0,0.0,0.5,1.0,4.0,0.55,0.0,1.0,0.0,0.0,0.75,0.0,1.0,1.0,1.0,0.5,0.0,0.0,1.0,2.0,3.0,0.0,0.0,1.0,0.0,0.0,2.0,0.0,1.0,4.0,0.0,72.0,125.0,0.341,F,-0.037,0.613,0.576,0.0,1.0,0.0,1.0,0.0,,1.0,3.0,1.0,0.75,0.0,0.0,1.0,0.0,0.0,TOR,1.0,0.0,0.0,0.0,0.0,0.333,3.0,,4.0,,0.0,0.0,3.0,0.0,0.0,0.0,3,0,2019,20190303,False,21800949,,,,OG Anunoby,1610612761.0,TOR,F,21.0,1.0,1.0,1.0,5.0,13.0,0.385,0.452,-0.068,OG Anunoby,1610612761.0,TOR,F,21.0,1.0,1.0,0.385,2.0,5.0,0.4,0.384,0.016,OG Anunoby,1610612761.0,TOR,F,21.0,1.0,1.0,0.615,3.0,8.0,0.375,0.516,-0.141,OG Anunoby,1610612761.0,TOR,F,21.0,1.0,1.0,0.308,1.0,4.0,0.25,0.599,-0.349,OG Anunoby,1610612761.0,TOR,F,21.0,1.0,1.0,0.385,2.0,5.0,0.4,0.562,-0.162,OG Anunoby,1610612761.0,TOR,F,21.0,1.0,1.0,0.462,2.0,6.0,0.333,0.387,-0.054,OG Anunoby,1610612761.0,TOR,21.0,1.0,34.8,5.0,2.0,3.0,4.0,0.0,0.0,0.0,2.0,0.0,2.0,1.0,0.0,0.0,4.0,4.0,1.0,0.0,0.0,1.0,0.5,0.0,OG Anunoby,1610612761,TOR,1,0,1,34.8,35.0,0.0,0.0,0.0,0.0,0.0,0.0,0.0,0.0,0.0,0.0,0.0,0.0,0.0,0.0,0.0,0.0,0.0,OG Anunoby,1610612761,TOR,1,0,1,34.75,34.75,13605.0,2.58,1.31,1.27,4.11,4.34,3.9,2018_19
1627783,Pascal Siakam,Pascal,1610612761,TOR,25.0,1,0,1,0.0,43.94833333333333,10,20,0.5,1,4,0.25,0,2,0.0,1,8,9,5,3,0,0,1,5,3,21,2,36.3,0,0,36.0,1,85,85,85,1,7,7,55,52,42,71,101,57,101,41,13,17,20,14,76,56,112,150,31,18,60,25,16,1,22,,153,102.3,39,0.525,28,0.02,10.4,86,56,0.205,17.2,0.235,93.93,93,77,0.111,69,49,70,93.93,73,10.3,104.7,98.4,0.24,7,1.67,20.0,94,133,43,95.46,78.27,99,7.0,2.3,153,83,92,2.3,93,44,7,56,102.3,105.4,53,10.0,104.7,100,0.227,0.503,39,70,0.101,45,55.0,0.127,1.0,15.0,52.0,7.0,1.0,0.091,8.0,0.667,0.0,10.0,0.3,0.0,1.0,0.0,6.0,0.0,0.1,8.0,0.8,0.0,4.0,0.0,0.0,3.0,2.0,41.0,0.263,80.0,2.0,1.0,3.7,2.0,21.0,0.0,2.81,1.0,1.0,0.375,3.7,1.0,5.0,0.75,0.0,12.0,0.0,11.0,0.75,6.0,0.727,0.727,3.0,1.0,3.6,1.0,0.0,3.0,0.333,2.8,0.0,1.0,0.0,1610612761.0,2.0,0.1,,2.0,1.0,0.0,1.0,1.0,2.0,2.0,0.1,1.0,0.0,0.0,TOR,0.0,5.0,0.625,0.0,5.0,0.0,0.625,0.4,0.625,,0.4,8.0,8.0,0.05,0.3,0.25,0.0,5.0,1.0,0.2,1.0,1.0,0.2,0.0,4.0,1.0,2.0,0.15,0.4,0.4,0.0,2.0,3.0,5.0,1.0,0.1,2.0,0.0,0.25,,1,0.333,0.333,3,2,0.0,0.0,2.0,1.0,0.2,3.0,1.0,0.0,0.0,0.525,2.0,9.0,1.0,0.0,0.833,0.5,2.0,1.0,1.0,0.0,0.0,1.0,0.0,3.0,5.0,0.333,0.444,0.0,0.0,4.0,1.0,0.0,0.0,6.0,0.0,184.0,330.0,0.376,F,-0.062,0.62,0.558,0.0,0.0,2.0,2.0,0.0,0.0,0.5,6.0,1.0,0.667,0.0,1.0,4.0,0.0,0.0,TOR,1.0,0.0,0.5,0.0,0.0,0.25,4.0,0.0,9.0,0.0,0.0,0.0,4.0,1.0,0.25,0.3,5,1,2019,20190303,False,21800949,,,,Pascal Siakam,1610612761.0,TOR,F,25.0,1.0,1.0,1.0,7.0,17.0,0.412,0.452,-0.04,Pascal Siakam,1610612761.0,TOR,F,25.0,1.0,1.0,0.353,4.0,6.0,0.667,0.365,0.301,Pascal Siakam,1610612761.0,TOR,F,25.0,1.0,1.0,0.647,3.0,11.0,0.273,0.512,-0.239,Pascal Siakam,1610612761.0,TOR,F,25.0,1.0,1.0,0.471,1.0,8.0,0.125,0.586,-0.461,Pascal Siakam,1610612761.0,TOR,F,25.0,1.0,1.0,0.529,1.0,9.0,0.111,0.553,-0.442,Pascal Siakam,1610612761.0,TOR,F,25.0,1.0,1.0,0.471,6.0,8.0,0.75,0.364,0.386,Pascal Siakam,1610612761.0,TOR,25.0,1.0,44.0,7.0,2.0,5.0,4.0,0.0,0.0,0.0,0.0,1.0,1.0,0.0,1.0,0.0,6.0,6.0,1.0,0.0,0.0,1.0,1.0,0.0,Pascal Siakam,1610612761,TOR,1,0,1,44.0,80.0,2.0,1.0,1.0,1.0,0.0,0.0,0.0,2.0,1.0,1.0,0.5,0.0,0.0,0.0,0.0,0.0,0.0,Pascal Siakam,1610612761,TOR,1,0,1,43.95,43.95,17044.0,3.23,1.65,1.58,4.0,4.68,3.67,2018_19
1627775,Patrick McCaw,Patrick,1610612761,TOR,23.0,1,0,1,0.0,12.316666666666666,1,2,0.5,0,1,0.0,0,0,0.0,0,1,1,1,0,1,0,0,2,0,2,-6,7.7,0,0,6.0,1,85,85,85,146,121,147,55,86,113,86,101,110,101,84,117,131,91,101,36,56,1,72,129,136,121,137,16,1,140,,143,112.0,85,0.5,86,0.0,0.0,24,102,0.111,33.3,0.063,95.48,141,15,0.048,121,128,133,95.48,74,0.0,91.7,117.3,0.064,147,0.0,2.0,95,153,156,93.45,79.57,1,-25.9,-20.3,143,84,139,-20.3,141,119,121,102,112.0,91.4,150,1.0,91.7,1,0.167,0.5,61,133,0.04,157,10.0,0.1,0.0,3.0,10.0,1.0,0.0,0.1,1.0,0.0,0.0,0.0,0.0,0.0,0.0,0.0,0.0,0.0,0.0,0.0,0.0,0.0,0.0,0.0,0.0,0.0,0.67,7.0,0.167,12.0,0.0,0.0,0.3,0.0,2.0,0.0,1.48,0.0,0.0,1.0,4.8,0.0,0.0,1.0,0.0,1.0,0.0,1.0,1.0,0.0,1.0,1.0,1.0,0.0,4.8,0.0,0.0,1.0,1.0,0.0,0.0,0.0,0.0,,,,,,,,,,,,,,,,,0.0,1.0,1.0,0.0,1.0,0.0,1.0,0.5,1.0,,0.5,1.0,1.0,,,,,,,,,,,,,,0.0,0.5,0.0,0.0,0.0,0.0,1.0,1.0,,0.0,0.0,0.0,0.5,,0,,,0,0,0.0,0.0,0.0,0.0,0.0,0.0,0.0,0.0,0.0,0.5,0.0,0.0,0.0,0.0,1.0,0.0,0.0,1.0,0.0,0.0,0.0,0.0,0.0,0.0,1.0,0.0,0.0,0.0,0.0,0.0,0.0,0.0,0.0,1.0,0.0,18.0,30.0,0.469,G,0.012,0.588,0.6,0.0,0.0,0.0,0.0,0.0,,0.0,1.0,0.0,1.0,0.0,0.0,0.0,0.0,0.0,TOR,0.0,0.0,0.0,0.0,0.0,0.0,1.0,,1.0,,0.0,0.0,1.0,0.0,0.0,0.0,1,0,2019,20190303,False,21800949,,,,Patrick McCaw,1610612761.0,TOR,G,23.0,1.0,1.0,1.0,5.0,7.0,0.714,0.423,0.292,Patrick McCaw,1610612761.0,TOR,G,23.0,1.0,1.0,0.143,0.0,1.0,0.0,0.405,-0.405,Patrick McCaw,1610612761.0,TOR,G,23.0,1.0,1.0,0.857,5.0,6.0,0.833,0.459,0.375,Patrick McCaw,1610612761.0,TOR,G,23.0,1.0,1.0,0.714,4.0,5.0,0.8,0.53,0.27,Patrick McCaw,1610612761.0,TOR,G,23.0,1.0,1.0,0.714,4.0,5.0,0.8,0.496,0.304,Patrick McCaw,1610612761.0,TOR,G,23.0,1.0,1.0,0.286,1.0,2.0,0.5,0.38,0.121,Patrick McCaw,1610612761.0,TOR,23.0,1.0,12.3,3.0,2.0,1.0,0.0,0.0,0.0,0.0,0.0,1.0,1.0,0.0,1.0,0.0,0.0,0.0,0.0,0.0,0.0,0.0,0.0,0.0,Patrick McCaw,1610612761,TOR,1,0,1,12.3,12.0,0.0,0.0,0.0,0.0,0.0,0.0,0.0,0.0,0.0,0.0,0.0,0.0,0.0,0.0,0.0,0.0,0.0,Patrick McCaw,1610612761,TOR,1,0,1,12.32,12.32,4738.0,0.9,0.44,0.46,4.09,3.72,4.43,2018_19
202704,Reggie Jackson,Reggie,1610612765,DET,29.0,1,1,0,1.0,32.651666666666664,8,14,0.571,3,5,0.6,0,1,0.0,1,2,3,4,3,1,0,0,5,1,19,1,28.6,0,0,31.0,1,1,1,1,33,16,23,40,12,31,16,101,94,101,41,89,82,33,14,36,56,1,150,88,21,69,42,16,1,33,,157,108.1,47,0.679,128,0.042,14.0,65,84,0.056,19.0,0.236,93.35,94,70,0.124,53,117,103,93.35,37,14.3,104.6,109.0,0.247,23,1.33,14.0,48,139,42,94.85,77.79,121,-8.3,-3.4,157,57,113,-3.4,94,85,16,84,108.1,100.7,109,8.0,104.6,121,0.286,0.658,21,103,0.05,36,55.0,0.109,0.0,9.0,66.0,6.0,2.0,0.073,6.0,0.571,0.0,15.0,0.4,2.0,0.0,0.0,7.0,0.133,0.0,8.0,0.533,0.0,4.0,0.0,0.0,6.0,5.8,29.0,0.25,76.0,1.0,0.0,8.1,1.0,19.0,0.0,6.42,0.0,1.0,0.0,23.0,1.0,2.0,0.5,1.0,7.0,0.0,6.0,0.429,3.0,0.4,0.333,0.0,1.0,21.4,1.0,0.0,0.0,0.0,18.0,0.0,1.0,1.0,1610612765.0,2.0,0.143,,0.0,0.0,0.0,0.0,0.0,2.0,0.0,0.143,1.0,0.0,0.0,DET,0.0,3.0,0.75,0.0,3.0,0.0,0.75,0.286,0.75,,0.286,4.0,4.0,0.071,0.875,0.286,2.0,4.0,1.0,0.214,1.0,1.0,0.75,0.667,3.0,3.0,0.0,0.286,0.5,0.75,2.0,2.0,4.0,4.0,,0.0,0.0,0.5,0.286,1.0,1,0.5,0.333,3,3,1.0,1.0,0.0,0.0,0.5,6.0,0.0,0.0,0.0,0.679,0.0,4.0,1.0,0.0,0.75,0.0,0.0,1.0,1.0,0.5,1.0,0.0,0.0,1.0,3.0,1.0,0.5,0.0,0.0,2.0,4.0,0.0,2.0,4.0,1.0,180.0,261.0,0.41,G,0.086,0.604,0.69,1.0,3.0,2.0,1.0,1.0,0.0,0.0,3.0,0.0,0.75,1.0,1.0,3.0,0.0,0.0,DET,1.0,0.0,0.667,1.0,0.0,1.0,1.0,0.0,4.0,0.0,0.333,0.0,4.0,2.0,0.5,0.75,4,2,2019,20190303,False,21800949,,,,Reggie Jackson,1610612765.0,DET,G,29.0,1.0,1.0,1.0,5.0,13.0,0.385,0.436,-0.052,Reggie Jackson,1610612765.0,DET,G,29.0,1.0,1.0,0.615,2.0,8.0,0.25,0.33,-0.08,Reggie Jackson,1610612765.0,DET,G,29.0,1.0,1.0,0.385,3.0,5.0,0.6,0.518,0.082,Reggie Jackson,1610612765.0,DET,G,29.0,1.0,1.0,0.308,2.0,4.0,0.5,0.603,-0.103,Reggie Jackson,1610612765.0,DET,G,29.0,1.0,1.0,0.308,2.0,4.0,0.5,0.563,-0.063,Reggie Jackson,1610612765.0,DET,G,29.0,1.0,1.0,0.692,3.0,9.0,0.333,0.356,-0.022,Reggie Jackson,1610612765.0,DET,29.0,1.0,32.7,7.0,1.0,6.0,0.0,0.0,0.0,0.0,0.0,1.0,1.0,0.0,1.0,0.0,0.0,0.0,0.0,0.0,0.0,0.0,0.0,0.0,Reggie Jackson,1610612765,DET,1,1,0,32.7,76.0,1.0,0.0,0.0,0.0,0.0,0.0,0.0,0.0,0.0,1.0,1.0,0.0,0.0,0.0,0.0,0.0,0.0,Reggie Jackson,1610612765,DET,1,1,0,32.65,32.65,13153.0,2.49,1.41,1.08,4.14,4.25,4.03,2018_19
201586,Serge Ibaka,Serge,1610612761,TOR,29.0,1,0,1,0.0,19.98333333333333,2,7,0.286,1,1,1.0,0,0,0.0,4,7,11,1,0,0,0,0,2,1,5,-4,19.7,0,0,18.0,1,85,85,85,105,101,91,124,52,113,1,101,110,101,5,20,12,91,101,76,56,1,72,88,115,114,93,16,1,95,,148,105.0,85,0.357,13,0.167,0.0,39,67,0.304,12.5,0.149,94.88,126,93,0.119,59,9,109,94.88,121,0.0,97.4,104.5,0.15,91,0.0,7.0,133,128,121,96.03,79.07,1,-8.9,-7.6,148,7,128,-7.6,126,62,101,67,105.0,95.6,111,2.0,97.4,1,0.067,0.357,109,109,0.234,124,24.0,0.042,0.0,3.0,13.0,1.0,0.0,0.042,2.0,0.0,0.0,0.0,0.0,0.0,0.0,0.0,0.0,0.0,0.0,0.0,0.0,0.0,0.0,0.0,0.0,0.0,0.21,17.0,0.152,33.0,5.0,0.4,0.9,1.0,5.0,0.0,1.58,0.0,2.0,0.429,2.5,0.571,4.0,0.733,2.0,17.0,1.0,11.0,0.647,4.0,0.778,0.636,7.0,0.0,2.8,0.571,0.0,3.0,0.636,3.4,4.0,7.0,2.0,,,,,,,,,,,,,,,,,0.0,1.0,0.25,0.0,1.0,0.0,0.25,0.571,0.25,,0.571,4.0,4.0,0.0,0.0,0.286,0.0,2.0,0.0,0.286,0.0,,0.0,0.0,2.0,0.0,0.0,0.143,1.0,1.5,1.0,1.0,1.0,1.0,,0.0,0.0,1.0,0.143,,0,,,0,0,0.0,0.0,2.0,0.0,0.333,3.0,0.5,0.0,0.0,0.357,0.0,1.0,0.0,0.0,0.333,0.0,0.0,2.0,0.0,1.0,0.0,0.0,0.0,0.0,1.0,0.0,0.0,0.0,0.0,0.0,1.0,0.0,1.0,3.0,0.0,202.0,376.0,0.405,C-F,-0.078,0.615,0.537,0.0,0.0,0.0,0.0,0.0,,0.0,1.0,0.0,0.333,0.0,1.0,1.0,0.0,0.0,TOR,1.0,0.0,0.0,0.0,0.0,0.5,2.0,,3.0,,0.0,0.0,1.0,1.0,1.0,0.5,3,1,2019,20190303,False,21800949,,,,Serge Ibaka,1610612761.0,TOR,C-F,29.0,1.0,1.0,1.0,9.0,19.0,0.474,0.452,0.022,Serge Ibaka,1610612761.0,TOR,C-F,29.0,1.0,1.0,0.421,4.0,8.0,0.5,0.37,0.13,Serge Ibaka,1610612761.0,TOR,C-F,29.0,1.0,1.0,0.579,5.0,11.0,0.455,0.499,-0.044,Serge Ibaka,1610612761.0,TOR,C-F,29.0,1.0,1.0,0.368,3.0,7.0,0.429,0.571,-0.143,Serge Ibaka,1610612761.0,TOR,C-F,29.0,1.0,1.0,0.474,4.0,9.0,0.444,0.526,-0.082,Serge Ibaka,1610612761.0,TOR,C-F,29.0,1.0,1.0,0.421,4.0,8.0,0.5,0.373,0.127,Serge Ibaka,1610612761.0,TOR,29.0,1.0,20.0,12.0,8.0,4.0,0.0,0.0,1.0,2.0,0.0,0.0,0.0,0.0,0.0,2.0,6.0,8.0,7.0,5.0,0.25,0.75,1.0,0.714,Serge Ibaka,1610612761,TOR,1,0,1,20.0,33.0,1.0,0.0,0.0,0.0,0.0,0.0,0.0,0.0,0.0,0.0,0.0,0.0,0.0,0.0,0.0,0.0,0.0,Serge Ibaka,1610612761,TOR,1,0,1,19.98,19.98,7288.0,1.38,0.74,0.64,4.01,4.05,3.4,2018_19
1627748,Thon Maker,Thon,1610612765,DET,22.0,1,1,0,1.0,20.49833333333333,2,6,0.333,0,2,0.0,2,2,1.0,0,4,4,2,0,0,1,0,5,2,6,-8,16.8,0,0,14.0,1,1,1,1,101,101,102,109,86,84,86,48,57,1,84,41,59,63,101,76,10,1,150,60,103,128,107,16,1,109,,126,111.6,85,0.333,33,0.0,0.0,40,98,0.19,22.2,0.159,97.18,113,59,0.051,119,50,118,97.18,124,0.0,100.0,116.3,0.157,102,0.0,6.0,114,129,113,96.01,80.98,1,-18.0,-11.6,126,84,118,-11.6,113,114,101,98,111.6,98.2,136,2.0,100.0,1,0.167,0.436,61,118,0.1,117,20.0,0.1,0.0,5.0,17.0,2.0,0.0,0.1,2.0,0.0,0.0,1.0,0.0,0.0,0.0,0.0,1.0,0.0,0.0,0.0,0.0,0.0,0.0,0.0,0.0,0.0,0.39,15.0,0.214,28.0,6.0,0.333,0.7,0.0,6.0,1.333,1.56,0.0,3.0,0.0,5.2,0.0,4.0,0.8,0.0,5.0,0.0,5.0,0.8,4.0,0.8,0.8,0.0,0.0,5.2,0.0,0.0,0.0,0.0,0.0,0.0,0.0,0.0,1610612765.0,1.0,0.167,,0.0,0.0,0.0,0.0,0.0,1.0,0.0,0.167,1.0,0.0,0.0,DET,0.0,2.0,0.667,0.0,2.0,0.0,0.667,0.5,0.667,,0.5,3.0,3.0,0.333,0.0,0.333,0.0,2.0,0.0,0.0,2.0,0.0,0.0,,0.0,0.0,,,,,,,,,,,,,,,0,,,0,0,0.0,0.0,2.0,0.0,0.0,0.0,0.0,1.0,4.0,0.333,0.0,0.0,0.0,0.0,0.5,0.0,2.0,0.0,0.0,0.0,0.0,0.0,0.0,2.0,2.0,0.0,0.0,0.0,0.0,0.0,0.0,0.0,0.0,4.0,0.0,68.0,126.0,0.423,F,-0.066,0.606,0.54,0.0,0.0,0.0,0.0,0.0,,0.0,2.0,0.0,0.5,0.0,0.0,0.0,0.0,0.0,DET,0.0,0.0,0.0,0.0,0.0,0.0,2.0,,4.0,,0.0,0.0,2.0,0.0,0.0,0.0,2,0,2019,20190303,False,21800949,,,,Thon Maker,1610612765.0,DET,F,22.0,1.0,1.0,1.0,2.0,5.0,0.4,0.478,-0.078,Thon Maker,1610612765.0,DET,F,22.0,1.0,1.0,0.8,2.0,4.0,0.5,0.367,0.133,Thon Maker,1610612765.0,DET,F,22.0,1.0,1.0,0.2,0.0,1.0,0.0,0.585,-0.585,,,,,,,,,,,,,,Thon Maker,1610612765.0,DET,F,22.0,1.0,1.0,0.2,0.0,1.0,0.0,0.61,-0.61,Thon Maker,1610612765.0,DET,F,22.0,1.0,1.0,0.8,2.0,4.0,0.5,0.376,0.125,Thon Maker,1610612765.0,DET,22.0,1.0,20.5,9.0,5.0,4.0,0.0,0.0,0.0,0.0,0.0,0.0,0.0,0.0,0.0,0.0,2.0,2.0,2.0,0.0,0.0,1.0,1.0,0.0,Thon Maker,1610612765,DET,1,1,0,20.5,28.0,0.0,0.0,0.0,0.0,0.0,0.0,0.0,0.0,0.0,0.0,0.0,0.0,0.0,0.0,0.0,0.0,0.0,Thon Maker,1610612765,DET,1,1,0,20.5,20.5,8668.0,1.64,0.89,0.75,4.36,4.49,4.79,2018_19
201961,Wayne Ellington,Wayne,1610612765,DET,31.0,1,1,0,1.0,35.21666666666667,3,6,0.5,2,4,0.5,3,5,0.6,0,3,3,1,1,3,0,1,1,2,11,0,24.1,0,0,23.0,1,1,1,1,24,82,102,55,31,42,21,34,22,77,84,67,82,91,61,1,56,112,19,60,73,77,64,16,1,64,,134,101.4,52,0.667,121,0.0,9.8,71,53,0.075,10.0,0.113,96.09,113,107,0.116,62,124,96,96.09,38,10.0,100.0,102.4,0.117,102,1.0,6.0,42,112,137,98.08,80.08,95,-7.1,-1.4,134,84,130,-1.4,113,57,82,53,101.4,95.2,103,3.0,100.0,95,0.048,0.671,122,96,0.044,138,27.0,0.074,1.0,5.0,29.0,2.0,0.0,0.037,4.0,0.0,0.0,2.0,0.5,1.0,0.0,0.0,0.0,0.5,0.0,0.0,0.0,0.0,0.0,0.0,0.0,1.0,1.61,27.0,0.289,38.0,1.0,2.0,1.5,0.0,11.0,0.0,2.38,0.0,0.0,0.0,9.0,0.0,3.0,0.6,2.0,7.0,0.0,7.0,0.429,3.0,0.6,0.429,0.0,0.0,9.0,0.0,0.0,0.0,0.0,0.0,0.0,0.0,2.0,,,,,,,,,,,,,,,,,1.0,2.0,0.833,1.0,1.0,0.167,0.667,0.5,0.5,1.0,0.333,2.0,3.0,0.5,0.5,0.5,0.0,3.0,1.0,0.0,3.0,0.333,0.333,,0.0,1.0,,,,,,,,,,,,,,0.667,2,1.0,0.667,3,6,2.0,3.0,2.0,0.0,0.0,0.0,1.0,0.0,0.0,0.667,0.0,0.0,0.0,0.0,1.0,0.0,0.0,1.0,0.0,0.5,0.0,0.0,0.0,0.0,1.0,0.0,0.0,0.0,0.0,0.0,4.0,0.0,2.0,1.0,0.0,49.0,85.0,0.339,G,-0.03,0.607,0.576,0.0,4.0,0.0,0.0,2.0,0.0,0.0,1.0,0.0,1.0,0.0,0.0,0.0,0.0,0.0,DET,0.0,0.0,0.0,0.0,0.0,0.0,1.0,0.0,1.0,0.0,0.5,0.0,1.0,0.0,0.0,0.0,2,0,2019,20190303,False,21800949,,,,Wayne Ellington,1610612765.0,DET,G,31.0,1.0,1.0,1.0,7.0,18.0,0.389,0.44,-0.051,Wayne Ellington,1610612765.0,DET,G,31.0,1.0,1.0,0.5,3.0,9.0,0.333,0.367,-0.033,Wayne Ellington,1610612765.0,DET,G,31.0,1.0,1.0,0.5,4.0,9.0,0.444,0.535,-0.091,Wayne Ellington,1610612765.0,DET,G,31.0,1.0,1.0,0.333,4.0,6.0,0.667,0.635,0.032,Wayne Ellington,1610612765.0,DET,G,31.0,1.0,1.0,0.333,4.0,6.0,0.667,0.593,0.074,Wayne Ellington,1610612765.0,DET,G,31.0,1.0,1.0,0.556,3.0,10.0,0.3,0.376,-0.076,Wayne Ellington,1610612765.0,DET,31.0,1.0,35.2,12.0,5.0,7.0,2.0,0.0,0.0,0.0,1.0,1.0,2.0,0.5,0.5,0.0,3.0,3.0,1.0,0.0,0.0,1.0,0.333,0.0,Wayne Ellington,1610612765,DET,1,1,0,35.2,38.0,0.0,0.0,0.0,0.0,0.0,0.0,0.0,0.0,0.0,0.0,0.0,0.0,0.0,0.0,0.0,0.0,0.0,Wayne Ellington,1610612765,DET,1,1,0,35.22,35.22,14075.0,2.67,1.49,1.18,4.15,4.25,4.04,2018_19
2585,Zaza Pachulia,Zaza,1610612765,DET,35.0,1,1,0,1.0,10.02,0,4,0.0,0,0,0.0,0,0,0.0,0,4,4,0,0,0,0,1,0,0,0,-10,4.8,0,0,4.0,1,1,1,1,152,151,126,151,86,138,86,101,110,101,84,41,59,125,101,76,56,112,1,129,153,134,148,16,1,148,,69,128.6,85,0.0,9,0.0,0.0,22,148,0.333,0.0,0.16,102.99,160,125,0.0,141,22,160,102.99,151,0.0,77.3,128.1,0.179,126,0.0,4.0,153,101,111,99.16,85.83,1,-44.4,-51.3,69,84,156,-51.3,160,148,151,148,128.6,83.7,159,0.0,77.3,1,0.0,0.0,125,160,0.154,92,12.0,0.0,0.0,0.0,8.0,0.0,0.0,0.0,0.0,0.0,0.0,0.0,0.0,0.0,0.0,0.0,0.0,0.0,0.0,0.0,0.0,0.0,0.0,0.0,0.0,0.0,0.44,7.0,0.0,18.0,4.0,0.25,0.5,0.0,0.0,0.0,1.61,0.0,0.0,0.0,5.5,0.0,4.0,0.444,0.0,9.0,0.0,7.0,0.444,4.0,0.571,0.571,0.0,0.0,5.5,0.0,0.0,0.0,0.0,0.0,0.0,3.0,0.0,,,,,,,,,,,,,,,,,0.0,0.0,0.0,0.0,0.0,0.0,0.0,0.5,0.0,,0.5,2.0,2.0,0.0,0.0,0.25,0.0,1.0,0.0,0.25,0.0,,0.0,0.0,1.0,0.0,0.0,0.0,0.0,0.0,0.0,0.0,0.0,1.0,0.0,0.25,1.0,,0.25,,0,,,0,0,,,1.0,0.0,0.0,0.0,0.0,0.0,0.0,0.0,0.0,1.0,0.0,,0.0,0.0,0.0,2.0,0.0,0.0,0.0,0.0,0.0,0.0,0.0,0.0,0.0,0.0,,0.0,0.0,,0.0,1.0,0.0,113.0,188.0,0.471,C,-0.021,0.623,0.601,,0.0,0.0,0.0,0.0,0.0,0.0,0.0,0.0,0.0,,1.0,2.0,0.0,,DET,0.0,,0.0,,0.0,0.0,0.0,0.0,1.0,0.0,0.0,,,,,0.0,2,0,2019,20190303,False,21800949,,,,Zaza Pachulia,1610612765.0,DET,C,35.0,1.0,1.0,1.0,1.0,1.0,1.0,0.419,0.581,,,,,,,,,,,,,,Zaza Pachulia,1610612765.0,DET,C,35.0,1.0,1.0,1.0,1.0,1.0,1.0,0.519,0.481,,,,,,,,,,,,,,,,,,,,,,,,,,,Zaza Pachulia,1610612765.0,DET,C,35.0,1.0,1.0,1.0,1.0,1.0,1.0,0.354,0.646,Zaza Pachulia,1610612765.0,DET,35.0,1.0,10.0,1.0,1.0,0.0,0.0,0.0,0.0,0.0,0.0,0.0,0.0,0.0,0.0,0.0,5.0,5.0,1.0,0.0,0.0,1.0,0.5,0.0,Zaza Pachulia,1610612765,DET,1,1,0,10.0,18.0,0.0,0.0,0.0,0.0,0.0,0.0,0.0,0.0,0.0,0.0,0.0,0.0,0.0,0.0,0.0,0.0,0.0,Zaza Pachulia,1610612765,DET,1,1,0,10.02,10.02,3987.0,0.76,0.43,0.33,4.52,4.12,3.77,2018_19
