PLAYER_ID,PLAYER_NAME,NICKNAME,TEAM_ID,TEAM_ABBREVIATION,AGE,GP,W,L,W_PCT,MIN,FGM,FGA,FG_PCT,FG3M,FG3A,FG3_PCT,FTM,FTA,FT_PCT,OREB,DREB,REB,AST,TOV,STL,BLK,BLKA,PF,PFD,PTS,PLUS_MINUS,NBA_FANTASY_PTS,DD2,TD3,WNBA_FANTASY_PTS,GP_RANK,W_RANK,L_RANK,W_PCT_RANK,MIN_RANK,FGM_RANK,FGA_RANK,FG_PCT_RANK,FG3M_RANK,FG3A_RANK,FG3_PCT_RANK,FTM_RANK,FTA_RANK,FT_PCT_RANK,OREB_RANK,DREB_RANK,REB_RANK,AST_RANK,TOV_RANK,STL_RANK,BLK_RANK,BLKA_RANK,PF_RANK,PFD_RANK,PTS_RANK,PLUS_MINUS_RANK,NBA_FANTASY_PTS_RANK,DD2_RANK,TD3_RANK,WNBA_FANTASY_PTS_RANK,DEF_RATING_RANK,PIE,FGM_PG,FGA_PG,E_OFF_RATING,DREB_PCT_RANK,E_DEF_RATING,PACE_RANK,PACE,E_NET_RATING_RANK,EFG_PCT,sp_work_OFF_RATING,OFF_RATING_RANK,sp_work_NET_RATING,USG_PCT_RANK,AST_PCT_RANK,POSS,sp_work_PACE_RANK,sp_work_NET_RATING_RANK,DEF_RATING,sp_work_DEF_RATING_RANK,DREB_PCT,E_TOV_PCT_RANK,sp_work_PACE,sp_work_DEF_RATING,REB_PCT,USG_PCT,AST_RATIO,NET_RATING,AST_TO_RANK,E_PACE,EFG_PCT_RANK,FGM_PG_RANK,REB_PCT_RANK,E_TOV_PCT,AST_RATIO_RANK,PACE_PER40,PIE_RANK,AST_PCT,OREB_PCT,TM_TOV_PCT_RANK,TS_PCT_RANK,AST_TO,OFF_RATING,E_USG_PCT_RANK,E_USG_PCT,E_DEF_RATING_RANK,OREB_PCT_RANK,NET_RATING_RANK,E_PACE_RANK,TS_PCT,sp_work_OFF_RATING_RANK,TM_TOV_PCT,FGA_PG_RANK,E_NET_RATING,E_OFF_RATING_RANK,BACKCOURT_FG_PCT,LEFT_CORNER_3_FG_PCT,MID_FGM,RA_FG_PCT,CORNER_3_FGA,RA_FGA,ITP_FGA,MID_FGA,ABOVE_BREAK_3_FGM,ABOVE_BREAK_3_FGA,MID_FG_PCT,CORNER_3_FG_PCT,RA_FGM,RIGHT_CORNER_3_FG_PCT,BACKCOURT_FGA,RIGHT_CORNER_3_FGM,CORNER_3_FGM,BACKCOURT_FGM,ITP_FG_PCT,ITP_FGM,ABOVE_BREAK_3_FG_PCT,RIGHT_CORNER_3_FGA,LEFT_CORNER_3_FGM,LEFT_CORNER_3_FGA,FGM_35_39,FGM_10_14,FGP_20_24,FGA_15_19,FGM_20_24,FGM_40_PLUS,FGP_15_19,FGP_35_39,FGP_25_29,FGA_30_34,FGM_LT_5,FGA_LT_5,FGA_20_24,FGP_30_34,TEAM_ABBR,FGM_30_34,FGP_LT_5,FGM_15_19,FGP_40_PLUS,FGA_10_14,FGA_25_29,FGP_10_14,FGA_5_9,FGA_35_39,FGP_5_9,FGA_40_PLUS,FGM_5_9,FGM_25_29,year,date,PASSES_MADE,AST_TO_PASS_PCT,PASSES_RECEIVED,FT_AST,AST_PTS_CREATED,POTENTIAL_AST,AST_TO_PASS_PCT_ADJ,SECONDARY_AST,AST_ADJ,DRIVE_TOV_PCT,DRIVE_PF,DRIVE_FTM,DRIVES,DRIVE_PASSES_PCT,DRIVE_TOV,DRIVE_AST_PCT,DRIVE_FT_PCT,DRIVE_PF_PCT,DRIVE_FG_PCT,DRIVE_FGM,DRIVE_PASSES,DRIVE_FGA,DRIVE_FTA,DRIVE_PTS,DRIVE_AST,DRIVE_PTS_PCT,TOUCHES,PTS_PER_POST_TOUCH,FRONT_CT_TOUCHES,ELBOW_TOUCHES,POINTS,PAINT_TOUCHES,PTS_PER_PAINT_TOUCH,AVG_DRIB_PER_TOUCH,PTS_PER_ELBOW_TOUCH,AVG_SEC_PER_TOUCH,POST_TOUCHES,TIME_OF_POSS,PTS_PER_TOUCH,REB_CHANCE_PCT,OREB_CONTEST,AVG_OREB_DIST,OREB_CONTEST_PCT,OREB_CHANCES,REB_CONTEST_PCT,REB_CHANCE_DEFER,DREB_CONTEST_PCT,DREB_CHANCE_PCT,AVG_REB_DIST,AVG_DREB_DIST,REB_CONTEST,DREB_CHANCE_PCT_ADJ,DREB_CHANCE_DEFER,REB_UNCONTEST,DREB_CONTEST,OREB_CHANCE_PCT,OREB_CHANCE_DEFER,DREB_CHANCES,OREB_UNCONTEST,REB_CHANCE_PCT_ADJ,OREB_CHANCE_PCT_ADJ,DREB_UNCONTEST,REB_CHANCES,very_tight_FG2A_FREQUENCY,very_tight_EFG_PCT,very_tight_FG3A_FREQUENCY,very_tight_FG3A,very_tight_FGM,very_tight_FG2_PCT,PLAYER_LAST_TEAM_ABBREVIATION,very_tight_FGA,very_tight_FG3_PCT,very_tight_FG3M,very_tight_FG2M,G,PLAYER_LAST_TEAM_ID,very_tight_FG2A,very_tight_FGA_FREQUENCY,very_tight_FG_PCT,tight_FGA,tight_FGA_FREQUENCY,tight_FG2_PCT,tight_FG2A_FREQUENCY,tight_FG2A,tight_EFG_PCT,tight_FG3A,tight_FG3_PCT,tight_FGM,tight_FG3M,tight_FG_PCT,tight_FG3A_FREQUENCY,tight_FG2M,open_FGA_FREQUENCY,open_FG3A,open_FGA,open_FG2M,open_EFG_PCT,open_FG2A,open_FG3A_FREQUENCY,open_FG_PCT,open_FG3_PCT,open_FG2_PCT,open_FGM,open_FG3M,open_FG2A_FREQUENCY,wide_open_FG2A,wide_open_FG_PCT,wide_open_FG3A,wide_open_EFG_PCT,wide_open_FG2M,wide_open_FG3M,wide_open_FG2A_FREQUENCY,wide_open_FG3A_FREQUENCY,wide_open_FGM,wide_open_FGA_FREQUENCY,wide_open_FG3_PCT,wide_open_FGA,wide_open_FG2_PCT,PULL_UP_FG3M,PULL_UP_FGM,PULL_UP_FG3A,PULL_UP_FG3_PCT,PULL_UP_PTS,PULL_UP_FG_PCT,PULL_UP_FGA,PULL_UP_EFG_PCT,EFF_FG_PCT,CATCH_SHOOT_FG_PCT,POST_TOUCH_FG_PCT,ELBOW_TOUCH_FG_PCT,POST_TOUCH_PTS,PAINT_TOUCH_FG_PCT,ELBOW_TOUCH_PTS,PAINT_TOUCH_PTS,CATCH_SHOOT_PTS,PLUSMINUS,FGA_LT_06,NS_LT_06_PCT,LT_06_PCT,FGM_LT_06,PLAYER_POSITION,FREQ,CATCH_SHOOT_FGA,CATCH_SHOOT_FG3M,CATCH_SHOOT_EFG_PCT,CATCH_SHOOT_FG3A,CATCH_SHOOT_FGM,CATCH_SHOOT_FG3_PCT,HTM,VTM,opp_team,team,opp_id,series_key,GAME_ID,overall_def_PLAYER_NAME,overall_def_PLAYER_LAST_TEAM_ID,overall_def_PLAYER_LAST_TEAM_ABBREVIATION,overall_def_PLAYER_POSITION,overall_def_AGE,overall_def_GP,overall_def_G,overall_def_FREQ,overall_def_D_FGM,overall_def_D_FGA,overall_def_D_FG_PCT,overall_def_NORMAL_FG_PCT,overall_def_PCT_PLUSMINUS,three_pt_def_PLAYER_NAME,three_pt_def_PLAYER_LAST_TEAM_ID,three_pt_def_PLAYER_LAST_TEAM_ABBREVIATION,three_pt_def_PLAYER_POSITION,three_pt_def_AGE,three_pt_def_GP,three_pt_def_G,three_pt_def_FREQ,three_pt_def_FG3M,three_pt_def_FG3A,three_pt_def_FG3_PCT,three_pt_def_NS_FG3_PCT,three_pt_def_PLUSMINUS,two_pt_def_PLAYER_NAME,two_pt_def_PLAYER_LAST_TEAM_ID,two_pt_def_PLAYER_LAST_TEAM_ABBREVIATION,two_pt_def_PLAYER_POSITION,two_pt_def_AGE,two_pt_def_GP,two_pt_def_G,two_pt_def_FREQ,two_pt_def_FG2M,two_pt_def_FG2A,two_pt_def_FG2_PCT,two_pt_def_NS_FG2_PCT,two_pt_def_PLUSMINUS,less_6ft_def_PLAYER_NAME,less_6ft_def_PLAYER_LAST_TEAM_ID,less_6ft_def_PLAYER_LAST_TEAM_ABBREVIATION,less_6ft_def_PLAYER_POSITION,less_6ft_def_AGE,less_6ft_def_GP,less_6ft_def_G,less_6ft_def_FREQ,less_6ft_def_FGM_LT_06,less_6ft_def_FGA_LT_06,less_6ft_def_LT_06_PCT,less_6ft_def_NS_LT_06_PCT,less_6ft_def_PLUSMINUS,less_10ft_def_PLAYER_NAME,less_10ft_def_PLAYER_LAST_TEAM_ID,less_10ft_def_PLAYER_LAST_TEAM_ABBREVIATION,less_10ft_def_PLAYER_POSITION,less_10ft_def_AGE,less_10ft_def_GP,less_10ft_def_G,less_10ft_def_FREQ,less_10ft_def_FGM_LT_10,less_10ft_def_FGA_LT_10,less_10ft_def_LT_10_PCT,less_10ft_def_NS_LT_10_PCT,less_10ft_def_PLUSMINUS,more_15ft_def_PLAYER_NAME,more_15ft_def_PLAYER_LAST_TEAM_ID,more_15ft_def_PLAYER_LAST_TEAM_ABBREVIATION,more_15ft_def_PLAYER_POSITION,more_15ft_def_AGE,more_15ft_def_GP,more_15ft_def_G,more_15ft_def_FREQ,more_15ft_def_FGM_GT_15,more_15ft_def_FGA_GT_15,more_15ft_def_GT_15_PCT,more_15ft_def_NS_GT_15_PCT,more_15ft_def_PLUSMINUS,hustle_PLAYER_NAME,hustle_TEAM_ID,hustle_TEAM_ABBREVIATION,hustle_AGE,hustle_G,hustle_MIN,hustle_CONTESTED_SHOTS,hustle_CONTESTED_SHOTS_2PT,hustle_CONTESTED_SHOTS_3PT,hustle_DEFLECTIONS,hustle_CHARGES_DRAWN,hustle_SCREEN_ASSISTS,hustle_SCREEN_AST_PTS,hustle_OFF_LOOSE_BALLS_RECOVERED,hustle_DEF_LOOSE_BALLS_RECOVERED,hustle_LOOSE_BALLS_RECOVERED,hustle_PCT_LOOSE_BALLS_RECOVERED_OFF,hustle_PCT_LOOSE_BALLS_RECOVERED_DEF,hustle_OFF_BOXOUTS,hustle_DEF_BOXOUTS,hustle_BOX_OUTS,hustle_BOX_OUT_PLAYER_TEAM_REBS,hustle_BOX_OUT_PLAYER_REBS,hustle_PCT_BOX_OUTS_OFF,hustle_PCT_BOX_OUTS_DEF,hustle_PCT_BOX_OUTS_TEAM_REB,hustle_PCT_BOX_OUTS_REB,post_touch_PLAYER_NAME,post_touch_TEAM_ID,post_touch_TEAM_ABBREVIATION,post_touch_GP,post_touch_W,post_touch_L,post_touch_MIN,post_touch_TOUCHES,post_touch_POST_TOUCHES,post_touch_POST_TOUCH_FGM,post_touch_POST_TOUCH_FGA,post_touch_POST_TOUCH_FG_PCT,post_touch_POST_TOUCH_FTM,post_touch_POST_TOUCH_FTA,post_touch_POST_TOUCH_FT_PCT,post_touch_POST_TOUCH_PTS,post_touch_POST_TOUCH_PTS_PCT,post_touch_POST_TOUCH_PASSES,post_touch_POST_TOUCH_PASSES_PCT,post_touch_POST_TOUCH_AST,post_touch_POST_TOUCH_AST_PCT,post_touch_POST_TOUCH_TOV,post_touch_POST_TOUCH_TOV_PCT,post_touch_POST_TOUCH_FOULS,post_touch_POST_TOUCH_FOULS_PCT,speed_distance_PLAYER_NAME,speed_distance_TEAM_ID,speed_distance_TEAM_ABBREVIATION,speed_distance_GP,speed_distance_W,speed_distance_L,speed_distance_MIN,speed_distance_MIN1,speed_distance_DIST_FEET,speed_distance_DIST_MILES,speed_distance_DIST_MILES_OFF,speed_distance_DIST_MILES_DEF,speed_distance_AVG_SPEED,speed_distance_AVG_SPEED_OFF,speed_distance_AVG_SPEED_DEF,season
2733,Shaun Livingston,Shaun,1610612744,GSW,33.0,1,1,0,1.0,15.533333333333331,0,2,0.0,0,0,0.0,0,0,0.0,0,0,0,2,2,1,0,0,2,1,0,2,4.0,0,0,4.0,1,1,1,1,14,18,15,18,12,16,12,10,11,10,10,17,17,7,3,2,8,1,10,10,18,10,17,3,1,17,14,-0.056,0.0,2.0,110.3,17,109.4,17,91.16,9,0.0,124.1,5,10.8,15,8,29,17,6,113.3,14,0.0,21,91.16,113.3,0.0,0.118,33.3,10.8,8,98.45,18,18,17,33.3,3,75.97,20,0.154,0.0,21,18,1.0,124.1,15,0.115,12,10,6,8,0.0,5,33.3,15,0.9,7,0.0,0.0,0.0,0.0,0.0,0.0,1.0,1.0,0.0,0.0,0.0,0.0,0.0,0.0,0.0,0.0,0.0,0.0,0.0,0.0,0.0,0.0,0.0,0.0,0.0,0.0,0.0,0.0,0.0,0.0,0.0,0.0,0.0,0.0,0.0,0.0,0.0,0.0,GSW,0.0,0.0,0.0,0.0,1.0,0.0,0.0,1.0,0.0,0.0,0.0,0.0,0.0,2019,20190610,30.0,0.067,26.0,1.0,6.0,6.0,0.167,2.0,5.0,0.0,0.0,0.0,2.0,0.5,0.0,0.0,0.0,0.0,0.0,0.0,1.0,1.0,0.0,0.0,0.0,0.0,33.0,0.0,22.0,2.0,0.0,1.0,0.0,2.39,0.0,3.19,0.0,1.8,0.0,,,,,,,,,,,,,,,,,,,,,,,,,,,,,,,,,,,,,,,,,2.0,1.0,0.0,1.0,2.0,0.0,0.0,,0.0,0.0,0.0,0.0,0.0,,,,,,,,,,,,,,,,,,,,,,,,,,,,0.0,,,0.0,0.0,2.0,0.0,0.0,0.0,0.0,0.0,0.0,0.0,0.0,0.0,0.0,0.016,31.0,0.629,0.645,20.0,G,0.32,0.0,,,,0.0,,,,TOR,GSW,1610612761,GSW_TOR_2019,41800405,Shaun Livingston,1610612744.0,GSW,G,33.0,1.0,1.0,1.0,2.0,3.0,0.667,0.496,0.171,Shaun Livingston,1610612744.0,GSW,G,33.0,1.0,1.0,0.333,0.0,1.0,0.0,0.428,-0.428,Shaun Livingston,1610612744.0,GSW,G,33.0,1.0,1.0,0.667,2.0,2.0,1.0,0.581,0.419,Shaun Livingston,1610612744.0,GSW,G,33.0,1.0,1.0,0.333,1.0,1.0,1.0,0.713,0.287,Shaun Livingston,1610612744.0,GSW,G,33.0,1.0,1.0,0.667,2.0,2.0,1.0,0.625,0.376,Shaun Livingston,1610612744.0,GSW,G,33.0,1.0,1.0,0.333,0.0,1.0,0.0,0.428,-0.428,Shaun Livingston,1610612744.0,GSW,33.0,1.0,15.5,2.0,1.0,1.0,1.0,0.0,0.0,0.0,0.0,0.0,0.0,0.0,0.0,0.0,1.0,1.0,1.0,0.0,0.0,1.0,1.0,0.0,Shaun Livingston,1610612744,GSW,1,1,0,15.5,33.0,0.0,0.0,0.0,0.0,0.0,0.0,0.0,0.0,0.0,0.0,0.0,0.0,0.0,0.0,0.0,0.0,0.0,Shaun Livingston,1610612744,GSW,1,1,0,15.53,15.53,6095.0,1.15,0.62,0.53,4.27,4.16,3.65,2018_19
201939,Stephen Curry,Stephen,1610612744,GSW,31.0,1,1,0,1.0,41.18333333333333,10,23,0.435,5,14,0.357,6,6,1.0,2,6,8,7,4,0,0,1,0,4,31,-2,47.1,0,0,51.0,1,1,1,1,4,1,2,11,2,1,7,2,3,1,3,3,3,2,2,11,8,15,1,4,1,12,2,3,1,2,9,0.191,10.0,23.0,105.7,8,107.0,11,94.41,11,0.543,110.0,13,0.2,1,1,80,11,11,109.8,9,0.13,13,94.41,109.8,0.093,0.326,19.4,0.2,5,97.55,10,1,7,10.9,7,78.67,2,0.333,0.05,13,8,1.75,110.0,3,0.332,7,5,11,11,0.605,13,11.1,2,-1.3,12,0.0,0.5,1.0,0.75,4.0,4.0,2.0,3.0,3.0,10.0,0.333,0.5,3.0,0.5,0.0,1.0,2.0,0.0,0.5,1.0,0.3,2.0,1.0,2.0,,1.0,0.455,1.0,5.0,0.0,0.0,,0.25,,3.0,4.0,11.0,,GSW,,0.75,0.0,0.0,3.0,4.0,0.333,0.0,,0.0,0.0,0.0,1.0,2019,20190610,71.0,0.099,85.0,0.0,20.0,8.0,0.113,1.0,8.0,0.0,0.0,0.0,9.0,0.556,0.0,0.333,0.0,0.0,0.25,1.0,5.0,4.0,0.0,2.0,3.0,0.222,102.0,0.0,46.0,1.0,31.0,2.0,2.0,3.82,0.0,4.11,0.0,7.0,0.304,0.615,1.0,11.9,0.5,2.0,0.25,1.0,0.167,0.545,7.1,5.6,2.0,0.6,1.0,6.0,1.0,1.0,0.0,11.0,1.0,0.667,1.0,5.0,13.0,0.043,0.0,0.0,0.0,0.0,0.0,GSW,1.0,,0.0,0.0,1.0,1610612744.0,1.0,0.043,0.0,8.0,0.348,0.6,0.217,5.0,0.563,3.0,0.333,4.0,1.0,0.5,0.13,3.0,0.348,6.0,8.0,1.0,0.5,2.0,0.261,0.375,0.333,0.5,3.0,2.0,0.087,1.0,0.5,5.0,0.667,1.0,2.0,0.043,0.217,3.0,0.261,0.4,6.0,1.0,1.0,2.0,4.0,0.25,5.0,0.25,8.0,0.313,0.543,0.4,0.0,0.0,0.0,1.0,0.0,4.0,12.0,0.034,66.0,0.588,0.621,41.0,G,0.269,10.0,4.0,0.6,10.0,4.0,0.4,,,TOR,GSW,1610612761,GSW_TOR_2019,41800405,Stephen Curry,1610612744.0,GSW,G,31.0,1.0,1.0,1.0,3.0,10.0,0.3,0.435,-0.135,Stephen Curry,1610612744.0,GSW,G,31.0,1.0,1.0,0.6,1.0,6.0,0.167,0.385,-0.218,Stephen Curry,1610612744.0,GSW,G,31.0,1.0,1.0,0.4,2.0,4.0,0.5,0.474,0.026,Stephen Curry,1610612744.0,GSW,G,31.0,1.0,1.0,0.2,1.0,2.0,0.5,0.583,-0.083,Stephen Curry,1610612744.0,GSW,G,31.0,1.0,1.0,0.2,1.0,2.0,0.5,0.539,-0.039,Stephen Curry,1610612744.0,GSW,G,31.0,1.0,1.0,0.8,2.0,8.0,0.25,0.394,-0.144,Stephen Curry,1610612744.0,GSW,31.0,1.0,41.2,4.0,1.0,3.0,0.0,0.0,0.0,0.0,1.0,1.0,2.0,0.5,0.5,1.0,0.0,1.0,0.0,0.0,1.0,0.0,0.0,0.0,Stephen Curry,1610612744,GSW,1,1,0,41.2,102.0,0.0,0.0,0.0,0.0,0.0,0.0,0.0,0.0,0.0,0.0,0.0,0.0,0.0,0.0,0.0,0.0,0.0,Stephen Curry,1610612744,GSW,1,1,0,41.18,41.18,16377.0,3.1,1.72,1.38,4.21,4.94,3.56,2018_19
1626188,Quinn Cook,Quinn,1610612744,GSW,26.0,1,1,0,1.0,11.595,1,2,0.5,1,2,0.5,0,0,0.0,0,1,1,2,0,0,0,0,0,0,3,4,7.2,0,0,7.0,1,1,1,1,17,15,15,6,8,13,4,10,11,10,10,15,15,7,15,11,8,1,1,15,15,5,14,3,1,14,3,0.127,1.0,2.0,104.5,10,111.3,18,91.07,16,0.75,118.2,6,18.2,17,4,22,18,4,100.0,3,0.1,1,91.07,100.0,0.053,0.08,50.0,18.2,12,92.4,5,15,13,0.0,1,75.89,7,0.222,0.0,1,4,0.0,118.2,18,0.08,16,10,4,18,0.75,6,0.0,15,-6.8,15,,0.0,0.0,0.0,1.0,0.0,0.0,0.0,1.0,1.0,0.0,0.0,0.0,,,,0.0,,0.0,0.0,1.0,,0.0,1.0,0.0,0.0,0.5,0.0,1.0,,0.0,0.0,0.0,0.0,0.0,0.0,2.0,0.0,GSW,0.0,0.0,0.0,,0.0,0.0,0.0,0.0,0.0,0.0,,0.0,0.0,2019,20190610,14.0,0.143,11.0,0.0,4.0,3.0,0.143,0.0,2.0,0.0,0.0,0.0,2.0,1.0,0.0,0.5,0.0,0.0,0.0,0.0,2.0,0.0,0.0,0.0,1.0,0.0,16.0,0.0,7.0,0.0,3.0,0.0,0.0,4.13,0.0,3.99,0.0,1.1,0.188,0.333,0.0,0.0,0.0,1.0,0.0,1.0,0.0,0.5,9.5,9.5,0.0,1.0,1.0,1.0,0.0,0.0,0.0,2.0,0.0,0.5,0.0,1.0,3.0,,,,,,,,,,,,,,,,,,,,,,,,,,,,,,0.5,1.0,1.0,0.0,1.5,0.0,0.5,1.0,1.0,,1.0,1.0,0.0,0.0,0.0,1.0,0.0,0.0,0.0,0.0,0.5,0.0,0.5,0.0,1.0,,1.0,1.0,1.0,1.0,3.0,1.0,1.0,1.5,0.75,0.0,0.0,0.0,0.0,0.0,0.0,0.0,0.0,0.024,15.0,0.576,0.6,9.0,G,0.268,1.0,0.0,0.0,1.0,0.0,0.0,,,TOR,GSW,1610612761,GSW_TOR_2019,41800405,,,,,,,,,,,,,,,,,,,,,,,,,,,,,,,,,,,,,,,,,,,,,,,,,,,,,,,,,,,,,,,,,,,,,,,,,,,,,,,Quinn Cook,1610612744.0,GSW,26.0,1.0,11.6,0.0,0.0,0.0,0.0,0.0,0.0,0.0,0.0,0.0,0.0,0.0,0.0,0.0,1.0,1.0,1.0,0.0,0.0,1.0,1.0,0.0,Quinn Cook,1610612744,GSW,1,1,0,11.6,16.0,0.0,0.0,0.0,0.0,0.0,0.0,0.0,0.0,0.0,0.0,0.0,0.0,0.0,0.0,0.0,0.0,0.0,Quinn Cook,1610612744,GSW,1,1,0,11.6,11.6,4867.0,0.92,0.51,0.41,4.33,4.64,3.98,2018_19
202691,Klay Thompson,Klay,1610612744,GSW,29.0,1,1,0,1.0,42.495,9,21,0.429,7,13,0.538,1,2,0.5,0,6,6,4,1,1,0,2,3,2,26,-6,41.2,0,0,45.0,1,1,1,1,1,2,3,12,1,2,3,7,6,7,10,3,5,5,10,2,8,19,14,8,2,20,3,3,1,3,15,0.122,9.0,21.0,103.5,8,109.8,8,95.45,15,0.595,108.3,16,-5.8,6,7,84,8,14,114.1,15,0.13,8,95.45,114.1,0.07,0.245,14.8,-5.8,1,99.58,8,2,11,3.7,10,79.54,8,0.16,0.0,8,9,4.0,108.3,6,0.246,14,10,14,5,0.594,16,3.7,3,-6.3,16,0.0,0.0,1.0,0.5,4.0,2.0,1.0,6.0,6.0,8.0,0.167,0.25,1.0,0.25,0.0,1.0,1.0,0.0,0.0,0.0,0.75,4.0,0.0,0.0,0.0,0.0,0.444,1.0,4.0,0.0,0.0,0.0,0.8,0.0,1.0,2.0,9.0,0.0,GSW,0.0,0.5,0.0,0.0,4.0,5.0,0.0,0.0,0.0,0.0,0.0,0.0,4.0,2019,20190610,37.0,0.108,50.0,0.0,9.0,6.0,0.108,0.0,4.0,0.0,0.0,0.0,5.0,0.6,0.0,0.4,0.0,0.0,0.0,0.0,3.0,2.0,0.0,0.0,2.0,0.0,64.0,0.75,47.0,1.0,26.0,2.0,0.0,1.22,0.0,1.78,4.0,1.9,0.406,0.6,0.0,0.0,0.0,3.0,0.333,1.0,0.333,0.857,6.3,6.3,2.0,0.857,0.0,4.0,2.0,0.0,1.0,7.0,0.0,0.667,0.0,4.0,10.0,0.143,0.5,0.095,2.0,2.0,0.333,GSW,5.0,0.5,1.0,1.0,1.0,1610612744.0,3.0,0.238,0.4,8.0,0.381,0.0,0.143,3.0,0.563,5.0,0.6,3.0,3.0,0.375,0.238,0.0,0.238,3.0,5.0,1.0,0.2,2.0,0.143,0.2,0.0,0.5,1.0,0.0,0.095,0.0,1.0,3.0,1.5,0.0,3.0,0.0,0.143,3.0,0.143,1.0,3.0,,4.0,4.0,4.0,1.0,12.0,0.667,6.0,1.0,0.595,0.308,0.5,0.0,3.0,0.0,0.0,0.0,11.0,-0.044,91.0,0.582,0.538,49.0,G,0.336,13.0,3.0,0.423,9.0,4.0,0.333,,,TOR,GSW,1610612761,GSW_TOR_2019,41800405,Klay Thompson,1610612744.0,GSW,G,29.0,1.0,1.0,1.0,8.0,14.0,0.571,0.478,0.093,Klay Thompson,1610612744.0,GSW,G,29.0,1.0,1.0,0.357,2.0,5.0,0.4,0.369,0.031,Klay Thompson,1610612744.0,GSW,G,29.0,1.0,1.0,0.643,6.0,9.0,0.667,0.548,0.118,Klay Thompson,1610612744.0,GSW,G,29.0,1.0,1.0,0.357,4.0,5.0,0.8,0.656,0.144,Klay Thompson,1610612744.0,GSW,G,29.0,1.0,1.0,0.357,4.0,5.0,0.8,0.595,0.205,Klay Thompson,1610612744.0,GSW,G,29.0,1.0,1.0,0.357,2.0,5.0,0.4,0.389,0.011,Klay Thompson,1610612744.0,GSW,29.0,1.0,42.5,5.0,3.0,2.0,0.0,0.0,0.0,0.0,2.0,0.0,2.0,1.0,0.0,0.0,4.0,4.0,4.0,0.0,0.0,1.0,1.0,0.0,Klay Thompson,1610612744,GSW,1,1,0,42.5,64.0,4.0,1.0,2.0,0.5,0.0,0.0,0.0,3.0,0.75,1.0,0.25,0.0,0.0,1.0,0.25,0.0,0.0,Klay Thompson,1610612744,GSW,1,1,0,42.5,42.5,16749.0,3.17,1.73,1.44,4.23,4.76,3.5,2018_19
1626172,Kevon Looney,Kevon,1610612744,GSW,23.0,1,1,0,1.0,17.816666666666666,2,4,0.5,0,0,0.0,0,0,0.0,1,2,3,0,1,0,0,0,2,1,4,4,6.6,0,0,7.0,1,1,1,1,12,12,14,6,12,16,12,10,11,10,6,10,11,15,10,11,8,1,10,10,13,5,15,3,1,14,2,0.027,2.0,4.0,102.8,11,91.2,6,96.99,4,0.5,105.6,17,11.1,12,15,36,6,5,94.4,2,0.095,20,96.99,94.4,0.077,0.128,0.0,11.1,12,100.01,12,12,9,20.0,15,80.82,15,0.0,0.056,20,12,0.0,105.6,13,0.128,2,4,5,4,0.5,17,20.0,14,11.6,17,0.0,0.0,0.0,0.667,0.0,3.0,0.0,1.0,0.0,0.0,0.0,0.0,2.0,0.0,0.0,0.0,0.0,0.0,0.0,0.0,0.0,0.0,0.0,0.0,,0.0,0.0,1.0,0.0,0.0,0.0,,0.0,,2.0,3.0,0.0,,GSW,,0.667,0.0,0.0,0.0,0.0,0.0,0.0,,0.0,0.0,0.0,0.0,2019,20190610,21.0,0.0,21.0,0.0,0.0,2.0,0.0,0.0,0.0,0.0,0.0,0.0,0.0,0.0,0.0,0.0,0.0,0.0,0.0,0.0,0.0,0.0,0.0,0.0,0.0,0.0,26.0,0.0,21.0,0.0,4.0,2.0,2.0,0.58,0.0,1.56,2.0,0.7,0.154,0.375,1.0,1.9,1.0,4.0,0.667,0.0,0.5,0.5,3.3,4.1,2.0,0.5,0.0,1.0,1.0,0.25,0.0,4.0,0.0,0.375,0.25,1.0,8.0,0.25,0.0,0.0,0.0,0.0,0.0,GSW,1.0,,0.0,0.0,1.0,1610612744.0,1.0,0.25,0.0,3.0,0.75,0.667,0.75,3.0,0.667,0.0,,2.0,0.0,0.667,0.0,2.0,,,,,,,,,,,,,,,,,,,,,,,,,,,,0.0,,,0.0,,0.0,,0.5,0.0,0.0,0.0,0.0,1.0,0.0,4.0,0.0,-0.062,94.0,0.583,0.521,49.0,C-F,0.37,1.0,,0.0,,0.0,,,,TOR,GSW,1610612761,GSW_TOR_2019,41800405,Kevon Looney,1610612744.0,GSW,C-F,23.0,1.0,1.0,1.0,4.0,7.0,0.571,0.44,0.131,Kevon Looney,1610612744.0,GSW,C-F,23.0,1.0,1.0,0.429,1.0,3.0,0.333,0.37,-0.037,Kevon Looney,1610612744.0,GSW,C-F,23.0,1.0,1.0,0.571,3.0,4.0,0.75,0.521,0.229,Kevon Looney,1610612744.0,GSW,C-F,23.0,1.0,1.0,0.143,0.0,1.0,0.0,0.675,-0.675,Kevon Looney,1610612744.0,GSW,C-F,23.0,1.0,1.0,0.429,2.0,3.0,0.667,0.582,0.084,Kevon Looney,1610612744.0,GSW,C-F,23.0,1.0,1.0,0.429,1.0,3.0,0.333,0.375,-0.042,Kevon Looney,1610612744.0,GSW,23.0,1.0,17.8,7.0,4.0,3.0,2.0,0.0,1.0,3.0,0.0,0.0,0.0,0.0,0.0,0.0,1.0,1.0,0.0,0.0,0.0,1.0,0.0,0.0,Kevon Looney,1610612744,GSW,1,1,0,17.8,26.0,2.0,0.0,0.0,0.0,0.0,0.0,0.0,0.0,0.0,2.0,1.0,0.0,0.0,0.0,0.0,0.0,0.0,Kevon Looney,1610612744,GSW,1,1,0,17.82,17.82,7158.0,1.36,0.66,0.7,4.38,4.66,4.13,2018_19
201142,Kevin Durant,Kevin,1610612744,GSW,30.0,1,1,0,1.0,11.95,3,5,0.6,3,3,1.0,2,2,1.0,0,2,2,0,1,0,1,0,2,3,11,6,15.4,0,0,18.0,1,1,1,1,16,10,13,5,3,9,1,5,6,1,10,10,12,15,10,11,4,1,10,5,9,1,11,3,1,11,17,0.17,3.0,5.0,148.6,4,120.9,15,92.38,3,0.9,154.5,1,37.9,4,15,22,15,2,116.7,17,0.182,16,92.38,116.7,0.105,0.28,0.0,37.9,12,92.47,2,10,6,14.5,15,76.99,4,0.0,0.0,16,2,0.0,154.5,4,0.277,18,10,2,17,0.935,1,14.3,13,27.7,1,0.0,0.0,0.0,0.0,0.0,0.0,0.0,2.0,3.0,3.0,0.0,0.0,0.0,,0.0,,0.0,0.0,0.0,0.0,1.0,,0.0,0.0,0.0,0.0,0.0,1.0,0.0,0.0,0.0,0.0,1.0,,0.0,0.0,1.0,,GSW,,0.0,0.0,0.0,0.0,3.0,0.0,0.0,0.0,0.0,0.0,0.0,3.0,2019,20190610,9.0,0.0,10.0,0.0,0.0,0.0,0.0,0.0,0.0,0.0,0.0,0.0,0.0,0.0,0.0,0.0,0.0,0.0,0.0,0.0,0.0,0.0,0.0,0.0,0.0,0.0,16.0,0.0,8.0,0.0,11.0,0.0,0.0,2.0,0.0,3.32,1.0,0.9,0.688,0.667,0.0,0.0,0.0,0.0,0.5,0.0,0.5,0.667,3.9,3.9,1.0,0.667,0.0,1.0,1.0,0.0,0.0,3.0,0.0,0.667,0.0,1.0,3.0,,,,,,,,,,,,,,,,,3.0,0.6,0.0,0.2,1.0,1.0,2.0,1.0,2.0,2.0,0.667,0.4,0.0,0.4,1.0,2.0,0.0,0.75,1.0,0.2,0.5,1.0,0.0,1.0,1.0,0.2,,,,,,,,,,,,,,1.0,1.0,1.0,1.0,3.0,0.333,3.0,0.5,0.9,1.0,0.0,0.0,0.0,0.0,0.0,0.0,6.0,0.05,56.0,0.593,0.643,36.0,F,0.415,2.0,2.0,1.5,2.0,2.0,1.0,,,TOR,GSW,1610612761,GSW_TOR_2019,41800405,Kevin Durant,1610612744.0,GSW,F,30.0,1.0,1.0,1.0,3.0,7.0,0.429,0.494,-0.066,Kevin Durant,1610612744.0,GSW,F,30.0,1.0,1.0,0.143,0.0,1.0,0.0,0.381,-0.381,Kevin Durant,1610612744.0,GSW,F,30.0,1.0,1.0,0.857,3.0,6.0,0.5,0.561,-0.061,Kevin Durant,1610612744.0,GSW,F,30.0,1.0,1.0,0.571,3.0,4.0,0.75,0.681,0.07,Kevin Durant,1610612744.0,GSW,F,30.0,1.0,1.0,0.714,3.0,5.0,0.6,0.619,-0.019,Kevin Durant,1610612744.0,GSW,F,30.0,1.0,1.0,0.143,0.0,1.0,0.0,0.386,-0.386,Kevin Durant,1610612744.0,GSW,30.0,1.0,12.0,3.0,2.0,1.0,1.0,0.0,0.0,0.0,0.0,0.0,0.0,0.0,0.0,0.0,1.0,1.0,1.0,1.0,0.0,1.0,1.0,1.0,Kevin Durant,1610612744,GSW,1,1,0,12.0,16.0,1.0,0.0,0.0,0.0,0.0,0.0,0.0,0.0,0.0,1.0,1.0,0.0,0.0,0.0,0.0,0.0,0.0,Kevin Durant,1610612744,GSW,1,1,0,11.95,11.95,4283.0,0.81,0.43,0.38,3.73,3.9,3.57,2018_19
1628395,Jordan Bell,Jordan,1610612744,GSW,24.0,1,1,0,1.0,4.016666666666667,1,1,1.0,0,0,0.0,0,0,0.0,0,0,0,0,0,0,0,0,0,0,2,-3,2.0,0,0,2.0,1,1,1,1,18,15,18,1,12,16,12,10,11,10,10,17,17,15,15,11,8,1,1,15,16,15,18,3,1,18,20,0.114,1.0,1.0,116.3,17,157.1,21,83.65,19,1.0,114.3,10,-42.9,13,15,7,21,19,157.1,20,0.0,1,83.65,157.1,0.0,0.125,0.0,-42.9,12,82.93,1,15,17,0.0,15,69.71,9,0.0,0.0,1,1,0.0,114.3,9,0.145,20,10,19,21,1.0,10,0.0,18,-40.9,4,,,0.0,0.0,,0.0,1.0,0.0,0.0,0.0,0.0,,0.0,,,,,,1.0,1.0,0.0,,,,,0.0,0.0,,0.0,,,,0.0,,0.0,0.0,0.0,,GSW,,0.0,,,0.0,0.0,0.0,1.0,,1.0,,1.0,0.0,2019,20190610,5.0,0.0,3.0,0.0,0.0,1.0,0.0,0.0,0.0,0.0,0.0,0.0,0.0,0.0,0.0,0.0,0.0,0.0,0.0,0.0,0.0,0.0,0.0,0.0,0.0,0.0,6.0,0.0,3.0,0.0,2.0,2.0,1.0,0.33,0.0,1.64,0.0,0.2,0.333,,,,,,,,,,,,,,,,,,,,,,,,,,,,,,,,,,,,,,,,,,,,,,,,,,,,,,,,,,,,,,,,,,,1.0,1.0,0.0,1.0,1.0,0.0,1.0,0.0,1.0,1.0,,1.0,1.0,,0.0,,,0.0,,0.0,,1.0,0.0,0.0,0.0,0.0,1.0,0.0,2.0,0.0,-0.031,27.0,0.624,0.593,16.0,F,0.386,0.0,,,,0.0,,,,TOR,GSW,1610612761,GSW_TOR_2019,41800405,Jordan Bell,1610612744.0,GSW,F,24.0,1.0,1.0,1.0,2.0,2.0,1.0,0.47,0.531,Jordan Bell,1610612744.0,GSW,F,24.0,1.0,1.0,0.5,1.0,1.0,1.0,0.349,0.651,Jordan Bell,1610612744.0,GSW,F,24.0,1.0,1.0,0.5,1.0,1.0,1.0,0.577,0.423,Jordan Bell,1610612744.0,GSW,F,24.0,1.0,1.0,0.5,1.0,1.0,1.0,0.713,0.287,Jordan Bell,1610612744.0,GSW,F,24.0,1.0,1.0,0.5,1.0,1.0,1.0,0.639,0.361,Jordan Bell,1610612744.0,GSW,F,24.0,1.0,1.0,0.5,1.0,1.0,1.0,0.354,0.646,Jordan Bell,1610612744.0,GSW,24.0,1.0,4.0,2.0,1.0,1.0,1.0,0.0,0.0,0.0,0.0,0.0,0.0,0.0,0.0,0.0,0.0,0.0,0.0,0.0,0.0,0.0,0.0,0.0,Jordan Bell,1610612744,GSW,1,1,0,4.0,6.0,0.0,0.0,0.0,0.0,0.0,0.0,0.0,0.0,0.0,0.0,0.0,0.0,0.0,0.0,0.0,0.0,0.0,Jordan Bell,1610612744,GSW,1,1,0,4.02,4.02,1382.0,0.26,0.12,0.14,4.17,3.22,2.45,2018_19
203110,Draymond Green,Draymond,1610612744,GSW,29.0,1,1,0,1.0,41.18333333333333,4,9,0.444,2,4,0.5,0,0,0.0,2,8,10,8,2,1,1,1,5,3,10,-2,38.0,1,0,34.0,1,1,1,1,4,8,6,10,5,6,4,10,11,10,3,1,2,1,3,2,4,15,20,5,11,12,5,1,1,5,9,0.113,4.0,9.0,105.7,5,107.0,11,94.41,11,0.556,110.0,13,0.2,14,2,80,11,11,109.8,9,0.174,12,94.41,109.8,0.116,0.124,42.1,0.2,1,97.55,9,8,5,10.5,2,78.67,10,0.296,0.05,11,10,4.0,110.0,14,0.123,7,5,11,11,0.556,13,10.5,6,-1.3,12,0.0,0.0,0.0,0.5,1.0,2.0,2.0,1.0,2.0,3.0,0.0,0.0,1.0,0.0,0.0,0.0,0.0,0.0,0.5,1.0,0.667,0.0,0.0,1.0,,0.0,0.5,0.0,2.0,0.0,0.0,,0.0,,1.0,3.0,4.0,,GSW,,0.333,0.0,0.0,0.0,1.0,0.0,1.0,,1.0,0.0,1.0,0.0,2019,20190610,82.0,0.098,67.0,0.0,21.0,17.0,0.11,1.0,9.0,0.0,0.0,0.0,2.0,0.5,0.0,0.0,0.0,0.0,0.0,0.0,1.0,1.0,0.0,0.0,0.0,0.0,97.0,0.0,53.0,1.0,10.0,2.0,0.0,1.03,0.0,1.89,4.0,3.1,0.103,0.588,0.0,16.4,0.0,6.0,0.2,1.0,0.25,0.667,7.3,5.0,2.0,0.727,1.0,8.0,2.0,0.333,0.0,12.0,2.0,0.625,0.333,6.0,17.0,0.111,0.0,0.0,0.0,0.0,0.0,GSW,1.0,,0.0,0.0,1.0,1610612744.0,1.0,0.111,0.0,3.0,0.333,0.667,0.333,3.0,0.667,0.0,,2.0,0.0,0.667,0.0,2.0,0.111,1.0,1.0,0.0,0.0,0.0,0.111,0.0,0.0,,0.0,0.0,0.0,1.0,0.5,3.0,0.75,0.0,2.0,0.111,0.333,2.0,0.444,0.667,4.0,0.0,0.0,0.0,0.0,,0.0,0.0,1.0,0.0,0.556,0.4,0.0,0.0,0.0,0.0,0.0,0.0,6.0,-0.129,145.0,0.598,0.469,68.0,F,0.392,5.0,2.0,0.6,4.0,2.0,0.5,,,TOR,GSW,1610612761,GSW_TOR_2019,41800405,Draymond Green,1610612744.0,GSW,F,29.0,1.0,1.0,1.0,3.0,14.0,0.214,0.49,-0.275,Draymond Green,1610612744.0,GSW,F,29.0,1.0,1.0,0.429,0.0,6.0,0.0,0.371,-0.371,Draymond Green,1610612744.0,GSW,F,29.0,1.0,1.0,0.571,3.0,8.0,0.375,0.557,-0.182,Draymond Green,1610612744.0,GSW,F,29.0,1.0,1.0,0.286,2.0,4.0,0.5,0.666,-0.166,Draymond Green,1610612744.0,GSW,F,29.0,1.0,1.0,0.571,3.0,8.0,0.375,0.607,-0.232,Draymond Green,1610612744.0,GSW,F,29.0,1.0,1.0,0.429,0.0,6.0,0.0,0.374,-0.374,Draymond Green,1610612744.0,GSW,29.0,1.0,41.2,11.0,5.0,6.0,2.0,0.0,5.0,13.0,2.0,1.0,3.0,0.667,0.333,0.0,7.0,7.0,4.0,1.0,0.0,1.0,1.0,0.25,Draymond Green,1610612744,GSW,1,1,0,41.2,97.0,4.0,0.0,0.0,0.0,0.0,0.0,0.0,0.0,0.0,4.0,1.0,2.0,0.5,0.0,0.0,0.0,0.0,Draymond Green,1610612744,GSW,1,1,0,41.18,41.18,14810.0,2.8,1.45,1.35,3.8,4.36,3.56,2018_19
202326,DeMarcus Cousins,DeMarcus,1610612744,GSW,28.0,1,1,0,1.0,19.52166666666667,6,8,0.75,1,3,0.333,1,4,0.25,1,5,6,1,2,1,1,1,4,5,14,-4,26.7,0,0,26.0,1,1,1,1,11,5,7,2,8,9,8,7,5,9,6,6,5,11,3,2,4,15,17,3,7,17,8,3,1,7,7,0.173,6.0,8.0,97.0,3,110.0,5,97.12,17,0.813,100.0,18,-7.5,5,10,39,5,16,107.5,7,0.238,18,97.12,107.5,0.146,0.273,7.7,-7.5,10,97.47,4,5,2,15.7,13,80.94,3,0.111,0.05,18,5,0.5,100.0,5,0.272,15,5,16,13,0.717,18,15.4,7,-13.0,20,0.0,0.0,0.0,1.0,0.0,5.0,0.0,0.0,1.0,3.0,0.0,0.0,5.0,0.0,0.0,0.0,0.0,0.0,0.0,0.0,0.333,0.0,0.0,0.0,,0.0,0.0,0.0,0.0,0.0,0.0,,0.5,0.0,5.0,5.0,1.0,0.0,GSW,0.0,1.0,0.0,0.0,0.0,2.0,0.0,0.0,,0.0,0.0,0.0,1.0,2019,20190610,26.0,0.038,24.0,0.0,2.0,2.0,0.038,0.0,1.0,0.0,0.0,0.0,0.0,0.0,0.0,0.0,0.0,0.0,0.0,0.0,0.0,0.0,0.0,0.0,0.0,0.0,37.0,1.0,24.0,3.0,14.0,4.0,0.75,0.38,0.0,1.58,4.0,1.0,0.378,0.429,1.0,3.0,1.0,7.0,0.167,0.0,0.0,0.556,2.2,2.1,1.0,0.556,0.0,5.0,0.0,0.143,0.0,9.0,0.0,0.429,0.143,5.0,14.0,0.25,1.0,0.0,0.0,2.0,1.0,GSW,2.0,,0.0,2.0,1.0,1610612744.0,2.0,0.25,1.0,3.0,0.375,1.0,0.25,2.0,0.667,1.0,0.0,2.0,0.0,0.667,0.125,2.0,,,,,,,,,,,,,,1.0,0.667,2.0,0.833,1.0,1.0,0.125,0.25,2.0,0.375,0.5,3.0,1.0,0.0,0.0,0.0,,0.0,,0.0,,0.813,0.333,1.0,0.0,4.0,1.0,0.0,3.0,3.0,-0.046,21.0,0.617,0.571,12.0,C,0.292,3.0,1.0,0.5,3.0,1.0,0.333,,,TOR,GSW,1610612761,GSW_TOR_2019,41800405,DeMarcus Cousins,1610612744.0,GSW,C,28.0,1.0,1.0,1.0,9.0,18.0,0.5,0.471,0.03,DeMarcus Cousins,1610612744.0,GSW,C,28.0,1.0,1.0,0.278,2.0,5.0,0.4,0.342,0.058,DeMarcus Cousins,1610612744.0,GSW,C,28.0,1.0,1.0,0.722,7.0,13.0,0.538,0.537,0.002,DeMarcus Cousins,1610612744.0,GSW,C,28.0,1.0,1.0,0.444,5.0,8.0,0.625,0.634,-0.009,DeMarcus Cousins,1610612744.0,GSW,C,28.0,1.0,1.0,0.667,7.0,12.0,0.583,0.598,-0.015,DeMarcus Cousins,1610612744.0,GSW,C,28.0,1.0,1.0,0.278,2.0,5.0,0.4,0.376,0.024,DeMarcus Cousins,1610612744.0,GSW,28.0,1.0,19.5,7.0,4.0,3.0,2.0,0.0,1.0,3.0,0.0,0.0,0.0,0.0,0.0,0.0,4.0,4.0,3.0,0.0,0.0,1.0,1.0,0.0,DeMarcus Cousins,1610612744,GSW,1,1,0,19.5,37.0,4.0,2.0,2.0,1.0,0.0,0.0,0.0,4.0,1.0,2.0,0.5,0.0,0.0,0.0,0.0,0.0,0.0,DeMarcus Cousins,1610612744,GSW,1,1,0,19.52,19.52,6737.0,1.28,0.64,0.64,3.7,3.52,3.31,2018_19
1628035,Alfonzo McKinnie,Alfonzo,1610612744,GSW,26.0,1,1,0,1.0,2.0166666666666666,0,0,0.0,0,0,0.0,0,0,0.0,0,0,0,0,0,0,0,0,0,0,0,5,0.0,0,0,0.0,1,1,1,1,20,18,19,18,12,16,12,10,11,10,10,17,17,15,15,11,8,1,1,15,18,3,19,3,1,19,1,0.0,0.0,0.0,116.7,17,50.0,1,130.91,1,0.0,140.0,2,106.7,19,15,5,1,1,33.3,1,0.0,1,130.91,33.3,0.0,0.0,0.0,106.7,12,119.01,18,18,17,0.0,15,109.09,18,0.0,0.0,1,18,0.0,140.0,19,0.0,1,10,1,1,0.0,2,0.0,19,66.7,3,,0.0,0.0,0.0,0.0,0.0,0.0,0.0,0.0,0.0,0.0,0.0,0.0,,,,0.0,,0.0,0.0,0.0,,0.0,0.0,,0.0,0.0,,0.0,,,,0.0,0.0,0.0,0.0,0.0,0.0,GSW,0.0,0.0,,,0.0,0.0,0.0,0.0,,0.0,,0.0,0.0,2019,20190610,1.0,0.0,1.0,0.0,0.0,0.0,0.0,0.0,0.0,0.0,0.0,0.0,0.0,0.0,0.0,0.0,0.0,0.0,0.0,0.0,0.0,0.0,0.0,0.0,0.0,0.0,1.0,0.0,1.0,0.0,0.0,0.0,0.0,0.0,0.0,0.52,0.0,0.0,0.0,,,,,,,,,,,,,,,,,,,,,,,,,,,,,,,,,,,,,,,,,,,,,,,,,,,,,,,,,,,,,,,,,,,,,,,,,,,,,,,,,0.0,,,0.0,,0.0,,0.0,0.0,0.0,0.0,0.0,0.0,0.0,0.0,0.0,-0.097,27.0,0.579,0.481,13.0,F,0.3,0.0,,,,0.0,,,,TOR,GSW,1610612761,GSW_TOR_2019,41800405,Alfonzo McKinnie,1610612744.0,GSW,F,26.0,1.0,1.0,1.0,1.0,1.0,1.0,0.526,0.474,,,,,,,,,,,,,,Alfonzo McKinnie,1610612744.0,GSW,F,26.0,1.0,1.0,1.0,1.0,1.0,1.0,0.585,0.415,Alfonzo McKinnie,1610612744.0,GSW,F,26.0,1.0,1.0,1.0,1.0,1.0,1.0,0.667,0.333,Alfonzo McKinnie,1610612744.0,GSW,F,26.0,1.0,1.0,1.0,1.0,1.0,1.0,0.61,0.39,,,,,,,,,,,,,,Alfonzo McKinnie,1610612744.0,GSW,26.0,1.0,2.0,1.0,1.0,0.0,0.0,0.0,0.0,0.0,0.0,0.0,0.0,0.0,0.0,0.0,1.0,1.0,1.0,0.0,0.0,1.0,1.0,0.0,Alfonzo McKinnie,1610612744,GSW,1,1,0,2.0,1.0,0.0,0.0,0.0,0.0,0.0,0.0,0.0,0.0,0.0,0.0,0.0,0.0,0.0,0.0,0.0,0.0,0.0,Alfonzo McKinnie,1610612744,GSW,1,1,0,2.02,2.02,941.0,0.18,0.1,0.08,5.66,4.95,6.6,2018_19
101106,Andrew Bogut,Andrew,1610612744,GSW,34.0,1,1,0,1.0,2.2333333333333334,0,0,0.0,0,0,0.0,0,0,0.0,0,0,0,0,0,0,0,0,1,0,0,-2,0.0,0,0,0.0,1,1,1,1,19,18,19,18,12,16,12,10,11,10,10,17,17,15,15,11,8,1,8,15,18,12,19,3,1,19,21,-0.133,0.0,0.0,100.0,17,186.2,20,85.97,21,0.0,125.0,4,-50.0,19,15,4,20,20,175.0,21,0.0,1,85.97,175.0,0.0,0.0,0.0,-50.0,12,94.14,18,18,17,0.0,15,71.64,21,0.0,0.0,1,18,0.0,125.0,19,0.0,21,10,20,16,0.0,4,0.0,19,-86.2,18,,,0.0,0.0,,0.0,0.0,0.0,0.0,0.0,0.0,,0.0,,,,,,0.0,0.0,0.0,,,,0.0,0.0,0.0,,0.0,,,0.0,0.0,,0.0,0.0,0.0,,GSW,,0.0,,,0.0,0.0,0.0,,0.0,,,,0.0,2019,20190610,1.0,0.0,0.0,0.0,0.0,0.0,0.0,0.0,0.0,0.0,0.0,0.0,0.0,0.0,0.0,0.0,0.0,0.0,0.0,0.0,0.0,0.0,0.0,0.0,0.0,0.0,1.0,0.0,0.0,0.0,0.0,0.0,0.0,1.0,0.0,2.08,0.0,0.0,0.0,,,,,,,,,,,,,,,,,,,,,,,,,,,,,,,,,,,,,,,,,,,,,,,,,,,,,,,,,,,,,,,,,,,,,,,,,,,,,,,,,0.0,,,0.0,,0.0,,0.0,0.0,0.0,0.0,0.0,0.0,0.0,0.0,0.0,0.005,47.0,0.634,0.638,30.0,C,0.409,0.0,,,,0.0,,,,TOR,GSW,1610612761,GSW_TOR_2019,41800405,Andrew Bogut,1610612744.0,GSW,C,34.0,1.0,1.0,1.0,0.0,1.0,0.0,0.419,-0.419,,,,,,,,,,,,,,Andrew Bogut,1610612744.0,GSW,C,34.0,1.0,1.0,1.0,0.0,1.0,0.0,0.519,-0.519,,,,,,,,,,,,,,,,,,,,,,,,,,,Andrew Bogut,1610612744.0,GSW,C,34.0,1.0,1.0,1.0,0.0,1.0,0.0,0.354,-0.354,Andrew Bogut,1610612744.0,GSW,34.0,1.0,2.2,1.0,1.0,0.0,0.0,0.0,1.0,3.0,1.0,0.0,1.0,1.0,0.0,0.0,0.0,0.0,0.0,0.0,0.0,0.0,0.0,0.0,Andrew Bogut,1610612744,GSW,1,1,0,2.2,1.0,0.0,0.0,0.0,0.0,0.0,0.0,0.0,0.0,0.0,0.0,0.0,0.0,0.0,0.0,0.0,0.0,0.0,Andrew Bogut,1610612744,GSW,1,1,0,2.23,2.23,781.0,0.15,0.09,0.06,2.42,4.12,5.86,2018_19
2738,Andre Iguodala,Andre,1610612744,GSW,35.0,1,1,0,1.0,30.455,2,7,0.286,1,3,0.333,0,0,0.0,0,1,1,3,2,1,4,0,3,0,5,3,23.7,0,0,20.0,1,1,1,1,9,12,9,16,8,9,8,10,11,10,10,15,15,6,3,2,1,1,14,15,12,9,9,3,1,9,6,0.017,2.0,7.0,115.1,16,106.9,7,96.93,5,0.357,116.7,7,10.3,10,9,60,7,7,106.3,6,0.029,19,96.93,106.3,0.016,0.138,25.0,10.3,6,97.34,16,12,16,16.7,5,80.77,16,0.136,0.0,19,16,1.5,116.7,11,0.139,6,10,7,14,0.357,7,16.7,9,8.2,5,0.0,1.0,0.0,1.0,1.0,1.0,2.0,1.0,0.0,2.0,0.0,1.0,1.0,0.0,0.0,0.0,1.0,0.0,0.0,0.0,0.0,0.0,1.0,1.0,,0.0,0.5,1.0,1.0,0.0,0.0,,0.0,,1.0,1.0,2.0,,GSW,,1.0,0.0,0.0,1.0,1.0,0.0,1.0,,0.0,0.0,0.0,0.0,2019,20190610,40.0,0.075,39.0,0.0,9.0,8.0,0.125,2.0,5.0,0.0,0.0,0.0,3.0,0.333,0.0,0.0,0.0,0.0,0.0,0.0,1.0,2.0,0.0,0.0,0.0,0.0,49.0,0.0,34.0,1.0,5.0,2.0,1.0,1.8,2.0,2.47,0.0,2.0,0.102,0.25,0.0,0.0,0.0,1.0,1.0,0.0,1.0,0.333,7.3,7.3,1.0,0.333,0.0,0.0,1.0,0.0,0.0,3.0,0.0,0.25,0.0,0.0,4.0,,,,,,,,,,,,,,,,,4.0,0.571,0.25,0.571,4.0,0.25,0.0,,1.0,0.0,0.25,0.0,1.0,,,,,,,,,,,,,,0.0,0.333,3.0,0.5,0.0,1.0,0.0,0.429,1.0,0.429,0.333,3.0,,0.0,0.0,0.0,,0.0,0.0,1.0,0.0,0.357,0.25,0.0,1.0,0.0,1.0,2.0,2.0,3.0,-0.055,84.0,0.603,0.548,46.0,F-G,0.382,4.0,1.0,0.375,3.0,1.0,0.333,,,TOR,GSW,1610612761,GSW_TOR_2019,41800405,Andre Iguodala,1610612744.0,GSW,F-G,35.0,1.0,1.0,1.0,6.0,16.0,0.375,0.487,-0.112,Andre Iguodala,1610612744.0,GSW,F-G,35.0,1.0,1.0,0.313,1.0,5.0,0.2,0.368,-0.168,Andre Iguodala,1610612744.0,GSW,F-G,35.0,1.0,1.0,0.688,5.0,11.0,0.455,0.542,-0.088,Andre Iguodala,1610612744.0,GSW,F-G,35.0,1.0,1.0,0.438,3.0,7.0,0.429,0.669,-0.241,Andre Iguodala,1610612744.0,GSW,F-G,35.0,1.0,1.0,0.625,5.0,10.0,0.5,0.612,-0.112,Andre Iguodala,1610612744.0,GSW,F-G,35.0,1.0,1.0,0.375,1.0,6.0,0.167,0.396,-0.229,Andre Iguodala,1610612744.0,GSW,35.0,1.0,30.5,8.0,4.0,4.0,4.0,0.0,1.0,3.0,0.0,1.0,1.0,0.0,1.0,0.0,3.0,3.0,1.0,0.0,0.0,1.0,0.5,0.0,Andre Iguodala,1610612744,GSW,1,1,0,30.5,49.0,0.0,0.0,0.0,0.0,0.0,0.0,0.0,0.0,0.0,0.0,0.0,0.0,0.0,0.0,0.0,0.0,0.0,Andre Iguodala,1610612744,GSW,1,1,0,30.45,30.45,11830.0,2.24,1.13,1.11,4.07,4.4,3.77,2018_19
1627783,Pascal Siakam,Pascal,1610612761,TOR,25.0,1,0,1,0.0,33.9,6,15,0.4,0,4,0.0,0,1,0.0,1,3,4,2,2,1,0,1,2,1,12,-5,20.8,0,0,20.0,1,13,13,13,6,5,5,14,12,6,12,10,10,10,6,8,9,7,3,2,8,15,10,10,8,18,10,3,1,9,16,0.036,6.0,15.0,105.6,12,109.4,10,94.87,14,0.4,109.0,15,-7.5,7,11,67,10,15,116.4,16,0.094,11,94.87,116.4,0.06,0.218,10.5,-7.5,8,99.4,15,5,12,10.3,12,79.06,14,0.1,0.029,11,15,1.0,109.0,7,0.226,13,8,15,6,0.389,15,10.5,5,-3.8,14,0.0,0.0,1.0,0.625,4.0,8.0,2.0,1.0,0.0,0.0,1.0,0.0,5.0,0.0,0.0,0.0,0.0,0.0,0.0,0.0,0.0,1.0,0.0,3.0,0.0,0.0,0.0,0.0,0.0,0.0,0.0,0.0,0.0,0.0,5.0,8.0,4.0,0.0,TOR,0.0,0.625,0.0,0.0,0.0,0.0,0.0,3.0,0.0,0.333,0.0,1.0,0.0,2019,20190610,44.0,0.045,39.0,1.0,7.0,3.0,0.068,0.0,3.0,0.111,0.0,0.0,9.0,0.444,1.0,0.0,0.0,0.0,0.5,2.0,4.0,4.0,1.0,4.0,0.0,0.444,61.0,0.0,35.0,2.0,12.0,5.0,0.8,1.56,0.0,2.57,2.0,2.6,0.197,0.667,1.0,2.3,1.0,3.0,0.25,0.0,0.0,1.0,5.1,6.0,1.0,1.0,0.0,3.0,0.0,0.333,0.0,3.0,0.0,0.667,0.333,3.0,6.0,0.333,0.4,0.0,0.0,2.0,0.4,TOR,5.0,,0.0,2.0,1.0,1610612761.0,5.0,0.333,0.4,6.0,0.4,0.667,0.4,6.0,0.667,0.0,,4.0,0.0,0.667,0.0,4.0,,,,,,,,,,,,,,0.0,0.0,4.0,0.0,0.0,0.0,0.0,0.267,0.0,0.267,0.0,4.0,,0.0,0.0,0.0,,0.0,,0.0,,0.4,0.0,0.0,0.0,0.0,1.0,0.0,4.0,0.0,-0.009,103.0,0.64,0.631,65.0,F,0.311,4.0,0.0,0.0,4.0,0.0,0.0,,,GSW,TOR,1610612744,TOR_GSW_2019,41800405,Pascal Siakam,1610612761.0,TOR,F,25.0,1.0,1.0,1.0,11.0,20.0,0.55,0.496,0.054,Pascal Siakam,1610612761.0,TOR,F,25.0,1.0,1.0,0.4,5.0,8.0,0.625,0.357,0.268,Pascal Siakam,1610612761.0,TOR,F,25.0,1.0,1.0,0.6,6.0,12.0,0.5,0.556,-0.056,Pascal Siakam,1610612761.0,TOR,F,25.0,1.0,1.0,0.3,4.0,6.0,0.667,0.645,0.022,Pascal Siakam,1610612761.0,TOR,F,25.0,1.0,1.0,0.35,5.0,7.0,0.714,0.621,0.093,Pascal Siakam,1610612761.0,TOR,F,25.0,1.0,1.0,0.55,6.0,11.0,0.545,0.374,0.172,Pascal Siakam,1610612761.0,TOR,25.0,1.0,33.9,13.0,5.0,8.0,2.0,0.0,0.0,0.0,1.0,0.0,1.0,1.0,0.0,0.0,1.0,1.0,1.0,1.0,0.0,1.0,1.0,1.0,Pascal Siakam,1610612761,TOR,1,0,1,33.9,61.0,2.0,0.0,0.0,0.0,0.0,0.0,0.0,0.0,0.0,1.0,0.5,0.0,0.0,1.0,0.5,0.0,0.0,Pascal Siakam,1610612761,TOR,1,0,1,33.9,33.9,13654.0,2.59,1.4,1.19,4.31,4.62,4.01,2018_19
201586,Serge Ibaka,Serge,1610612761,TOR,29.0,1,0,1,0.0,16.966666666666665,5,8,0.625,0,1,0.0,5,6,0.833,2,4,6,1,2,1,1,0,4,3,15,-5,27.7,0,0,26.0,1,13,13,13,13,7,7,4,12,14,12,4,3,5,3,7,5,11,3,2,4,1,17,5,6,18,7,3,1,7,11,0.253,5.0,8.0,105.7,2,108.6,14,93.36,13,0.625,97.0,20,-15.2,2,6,33,14,17,112.1,11,0.25,17,93.36,112.1,0.188,0.325,7.1,-15.2,10,91.04,7,7,1,14.7,14,77.8,1,0.167,0.125,16,6,0.5,97.0,1,0.339,10,2,17,19,0.705,20,14.3,7,-2.9,11,0.0,0.0,0.0,1.0,1.0,4.0,2.0,1.0,0.0,0.0,0.0,0.0,4.0,0.0,0.0,0.0,0.0,0.0,0.5,1.0,0.0,1.0,0.0,0.0,0.0,0.0,0.0,0.0,0.0,0.0,0.0,0.0,0.0,,4.0,4.0,1.0,,TOR,,1.0,0.0,0.0,0.0,0.0,0.0,3.0,0.0,0.333,0.0,1.0,0.0,2019,20190610,24.0,0.042,19.0,0.0,2.0,1.0,0.042,0.0,1.0,0.0,0.0,0.0,1.0,0.0,0.0,0.0,0.0,0.0,1.0,1.0,0.0,1.0,0.0,2.0,0.0,2.0,38.0,0.0,21.0,3.0,15.0,6.0,1.333,0.58,0.667,1.71,1.0,1.1,0.395,0.4,2.0,3.0,1.0,5.0,0.5,0.0,0.25,0.4,4.2,4.9,3.0,0.4,0.0,3.0,1.0,0.4,0.0,10.0,0.0,0.4,0.4,3.0,15.0,0.375,1.0,0.0,0.0,3.0,1.0,TOR,3.0,,0.0,3.0,1.0,1610612761.0,3.0,0.375,1.0,3.0,0.375,0.667,0.375,3.0,0.667,0.0,,2.0,0.0,0.667,0.0,2.0,0.125,0.0,1.0,0.0,0.0,1.0,0.0,0.0,,0.0,0.0,0.0,0.125,0.0,0.0,1.0,0.0,0.0,0.0,0.0,0.125,0.0,0.125,0.0,1.0,,0.0,0.0,0.0,,0.0,0.0,1.0,0.0,0.625,0.0,0.0,0.0,0.0,0.8,2.0,8.0,0.0,-0.12,105.0,0.625,0.505,53.0,C-F,0.389,1.0,0.0,0.0,1.0,0.0,0.0,,,GSW,TOR,1610612744,TOR_GSW_2019,41800405,Serge Ibaka,1610612761.0,TOR,C-F,29.0,1.0,1.0,1.0,7.0,12.0,0.583,0.493,0.09,Serge Ibaka,1610612761.0,TOR,C-F,29.0,1.0,1.0,0.417,4.0,5.0,0.8,0.343,0.457,Serge Ibaka,1610612761.0,TOR,C-F,29.0,1.0,1.0,0.583,3.0,7.0,0.429,0.56,-0.131,Serge Ibaka,1610612761.0,TOR,C-F,29.0,1.0,1.0,0.25,2.0,3.0,0.667,0.59,0.076,Serge Ibaka,1610612761.0,TOR,C-F,29.0,1.0,1.0,0.333,3.0,4.0,0.75,0.58,0.171,Serge Ibaka,1610612761.0,TOR,C-F,29.0,1.0,1.0,0.583,4.0,7.0,0.571,0.391,0.181,Serge Ibaka,1610612761.0,TOR,29.0,1.0,17.0,9.0,6.0,3.0,2.0,0.0,0.0,0.0,0.0,0.0,0.0,0.0,0.0,0.0,4.0,4.0,2.0,1.0,0.0,1.0,1.0,0.5,Serge Ibaka,1610612761,TOR,1,0,1,17.0,38.0,1.0,0.0,1.0,0.0,0.0,0.0,0.0,0.0,0.0,0.0,0.0,0.0,0.0,0.0,0.0,0.0,0.0,Serge Ibaka,1610612761,TOR,1,0,1,16.97,16.97,6487.0,1.23,0.66,0.56,3.9,4.51,3.93,2018_19
1626181,Norman Powell,Norman,1610612761,TOR,26.0,1,0,1,0.0,12.45,1,2,0.5,0,1,0.0,0,0,0.0,0,2,2,1,0,0,0,0,0,1,2,6,5.9,0,0,5.0,1,13,13,13,15,15,15,6,12,14,12,10,11,10,10,10,12,11,15,11,8,1,1,10,16,1,16,3,1,16,3,0.09,1.0,2.0,133.3,6,96.8,19,88.67,2,0.5,126.1,3,26.1,18,11,23,19,3,100.0,3,0.167,1,88.67,100.0,0.091,0.077,33.3,26.1,12,87.75,12,15,8,0.0,3,73.9,12,0.1,0.0,1,12,0.0,126.1,17,0.081,3,10,3,20,0.5,3,0.0,15,36.5,2,0.0,0.0,0.0,1.0,0.0,1.0,0.0,0.0,0.0,1.0,0.0,0.0,1.0,0.0,0.0,0.0,0.0,0.0,0.0,0.0,0.0,0.0,0.0,0.0,,0.0,0.0,0.0,0.0,0.0,0.0,,0.0,,1.0,1.0,0.0,,TOR,,1.0,0.0,0.0,0.0,1.0,0.0,0.0,,0.0,0.0,0.0,0.0,2019,20190610,10.0,0.1,10.0,0.0,2.0,1.0,0.2,1.0,2.0,0.0,0.0,0.0,1.0,1.0,0.0,1.0,0.0,0.0,0.0,0.0,1.0,0.0,0.0,0.0,1.0,0.0,13.0,0.0,8.0,0.0,2.0,0.0,0.0,1.31,0.0,2.12,0.0,0.5,0.154,0.5,0.0,0.0,0.0,0.0,0.0,0.0,0.0,0.5,5.3,5.3,0.0,0.5,0.0,2.0,0.0,0.0,0.0,4.0,0.0,0.5,0.0,2.0,4.0,,,,,,,,,,,,,,,,,1.0,0.5,,0.0,0.0,0.0,1.0,0.0,0.0,0.0,0.0,0.5,0.0,,,,,,,,,,,,,,1.0,1.0,0.0,1.0,1.0,0.0,0.5,0.0,1.0,0.5,,1.0,1.0,0.0,0.0,0.0,,0.0,,0.0,,0.5,0.0,0.0,0.0,0.0,0.0,0.0,0.0,0.0,0.143,29.0,0.65,0.793,23.0,F-G,0.276,1.0,0.0,0.0,1.0,0.0,0.0,,,GSW,TOR,1610612744,TOR_GSW_2019,41800405,Norman Powell,1610612761.0,TOR,F-G,26.0,1.0,1.0,1.0,2.0,2.0,1.0,0.46,0.54,Norman Powell,1610612761.0,TOR,F-G,26.0,1.0,1.0,0.5,1.0,1.0,1.0,0.393,0.607,Norman Powell,1610612761.0,TOR,F-G,26.0,1.0,1.0,0.5,1.0,1.0,1.0,0.524,0.476,Norman Powell,1610612761.0,TOR,F-G,26.0,1.0,1.0,0.5,1.0,1.0,1.0,0.593,0.407,Norman Powell,1610612761.0,TOR,F-G,26.0,1.0,1.0,0.5,1.0,1.0,1.0,0.57,0.43,Norman Powell,1610612761.0,TOR,F-G,26.0,1.0,1.0,0.5,1.0,1.0,1.0,0.433,0.567,Norman Powell,1610612761.0,TOR,26.0,1.0,12.5,2.0,1.0,1.0,0.0,0.0,0.0,0.0,0.0,0.0,0.0,0.0,0.0,0.0,0.0,0.0,0.0,0.0,0.0,0.0,0.0,0.0,Norman Powell,1610612761,TOR,1,0,1,12.5,13.0,0.0,0.0,0.0,0.0,0.0,0.0,0.0,0.0,0.0,0.0,0.0,0.0,0.0,0.0,0.0,0.0,0.0,Norman Powell,1610612761,TOR,1,0,1,12.45,12.45,4974.0,0.94,0.55,0.4,4.05,4.14,3.93,2018_19
201188,Marc Gasol,Marc,1610612761,TOR,34.0,1,0,1,0.0,31.03333333333333,4,6,0.667,2,3,0.667,7,8,0.875,0,8,8,2,1,0,0,0,5,7,17,4,28.6,0,0,29.0,1,13,13,13,8,8,12,3,5,9,2,1,1,4,10,1,3,7,10,11,8,1,20,1,5,5,6,3,1,6,8,0.145,4.0,6.0,109.6,1,107.7,3,97.44,8,0.833,115.9,8,6.3,9,13,63,3,8,109.5,8,0.276,9,97.44,109.5,0.125,0.151,15.4,6.3,4,101.06,3,8,4,8.0,9,81.2,6,0.087,0.0,9,3,2.0,115.9,10,0.145,9,10,8,3,0.893,8,7.7,12,1.9,9,0.0,0.0,0.0,0.0,0.0,1.0,2.0,0.0,2.0,3.0,0.0,0.0,0.0,0.0,0.0,0.0,0.0,0.0,1.0,2.0,0.667,0.0,0.0,0.0,,0.0,0.667,0.0,2.0,0.0,0.0,,0.0,0.0,0.0,1.0,3.0,0.0,TOR,0.0,0.0,0.0,0.0,0.0,0.0,0.0,2.0,,1.0,0.0,2.0,0.0,2019,20190610,54.0,0.037,45.0,1.0,7.0,8.0,0.056,0.0,3.0,0.0,1.0,2.0,3.0,0.333,0.0,0.0,1.0,0.333,0.0,0.0,1.0,1.0,2.0,2.0,0.0,0.667,68.0,0.4,45.0,5.0,17.0,5.0,1.4,0.31,0.6,1.51,5.0,1.7,0.25,0.667,0.0,0.0,0.0,1.0,0.625,1.0,0.625,0.727,3.7,3.7,5.0,0.8,1.0,3.0,5.0,0.0,0.0,11.0,0.0,0.727,0.0,3.0,12.0,0.167,0.0,0.0,0.0,0.0,0.0,TOR,1.0,,0.0,0.0,1.0,1610612761.0,1.0,0.167,0.0,1.0,0.167,1.0,0.167,1.0,1.0,0.0,,1.0,0.0,1.0,0.0,1.0,0.167,0.0,1.0,1.0,1.0,1.0,0.0,1.0,,1.0,1.0,0.0,0.167,0.0,0.667,3.0,1.0,0.0,2.0,0.0,0.5,2.0,0.5,0.667,3.0,,0.0,1.0,0.0,,2.0,1.0,1.0,1.0,0.833,0.667,0.0,1.0,2.0,1.0,3.0,7.0,6.0,-0.075,121.0,0.646,0.57,69.0,C,0.368,3.0,2.0,1.0,3.0,2.0,0.667,,,GSW,TOR,1610612744,TOR_GSW_2019,41800405,Marc Gasol,1610612761.0,TOR,C,34.0,1.0,1.0,1.0,2.0,7.0,0.286,0.495,-0.209,Marc Gasol,1610612761.0,TOR,C,34.0,1.0,1.0,0.143,1.0,1.0,1.0,0.411,0.589,Marc Gasol,1610612761.0,TOR,C,34.0,1.0,1.0,0.857,1.0,6.0,0.167,0.546,-0.38,Marc Gasol,1610612761.0,TOR,C,34.0,1.0,1.0,0.429,1.0,3.0,0.333,0.668,-0.335,Marc Gasol,1610612761.0,TOR,C,34.0,1.0,1.0,0.429,1.0,3.0,0.333,0.64,-0.306,Marc Gasol,1610612761.0,TOR,C,34.0,1.0,1.0,0.286,1.0,2.0,0.5,0.424,0.077,Marc Gasol,1610612761.0,TOR,34.0,1.0,31.0,8.0,8.0,0.0,0.0,0.0,3.0,8.0,1.0,0.0,1.0,1.0,0.0,0.0,8.0,8.0,5.0,2.0,0.0,1.0,1.0,0.4,Marc Gasol,1610612761,TOR,1,0,1,31.0,68.0,5.0,0.0,0.0,0.0,2.0,2.0,1.0,2.0,0.4,4.0,0.8,0.0,0.0,0.0,0.0,1.0,0.2,Marc Gasol,1610612761,TOR,1,0,1,31.03,31.03,10511.0,1.99,1.11,0.88,3.63,3.73,3.51,2018_19
200768,Kyle Lowry,Kyle,1610612761,TOR,33.0,1,0,1,0.0,42.21666666666667,8,16,0.5,1,6,0.167,1,2,0.5,1,3,4,6,2,1,2,2,4,1,18,4,38.8,0,0,35.0,1,13,13,13,2,4,4,6,8,4,11,7,6,7,6,8,9,3,3,2,2,19,17,10,4,5,4,3,1,4,12,0.09,8.0,16.0,110.0,13,106.6,13,93.8,7,0.531,115.7,9,3.5,8,5,83,13,10,112.2,12,0.081,10,93.8,112.2,0.049,0.196,24.0,3.5,3,98.65,11,4,14,8.0,6,78.17,11,0.214,0.022,10,11,3.0,115.7,8,0.194,5,9,10,7,0.533,9,8.0,4,3.4,8,0.0,0.0,0.0,0.8,1.0,5.0,4.0,1.0,1.0,5.0,0.0,0.0,4.0,0.0,0.0,0.0,0.0,0.0,0.75,3.0,0.2,0.0,0.0,1.0,0.0,1.0,0.0,0.0,0.0,0.0,0.0,0.0,0.25,0.0,4.0,5.0,2.0,0.0,TOR,0.0,0.8,0.0,0.0,3.0,4.0,0.333,2.0,0.0,1.0,0.0,2.0,1.0,2019,20190610,80.0,0.075,83.0,2.0,15.0,12.0,0.088,0.0,7.0,0.1,0.0,0.0,20.0,0.45,2.0,0.1,0.0,0.0,0.667,6.0,9.0,9.0,0.0,12.0,2.0,0.6,101.0,0.0,45.0,0.0,18.0,0.0,0.0,3.7,0.0,4.38,0.0,7.4,0.178,0.444,1.0,44.0,1.0,2.0,0.25,1.0,0.0,0.429,28.6,23.4,1.0,0.5,1.0,3.0,0.0,0.5,0.0,7.0,0.0,0.5,0.5,3.0,9.0,,,,,,,,,,,,,,,,,4.0,0.25,0.667,0.188,3.0,0.5,1.0,0.0,2.0,0.0,0.5,0.063,2.0,0.438,3.0,7.0,3.0,0.643,4.0,0.188,0.571,0.333,0.75,4.0,1.0,0.25,3.0,0.4,2.0,0.4,2.0,0.0,0.188,0.125,2.0,0.313,0.0,5.0,0.667,1.0,2.0,3.0,0.333,5.0,0.333,6.0,0.417,0.531,0.0,0.0,0.0,0.0,0.0,0.0,0.0,0.0,-0.063,106.0,0.638,0.575,61.0,G,0.349,3.0,0.0,0.0,3.0,0.0,0.0,,,GSW,TOR,1610612744,TOR_GSW_2019,41800405,Kyle Lowry,1610612761.0,TOR,G,33.0,1.0,1.0,1.0,7.0,17.0,0.412,0.471,-0.06,Kyle Lowry,1610612761.0,TOR,G,33.0,1.0,1.0,0.412,3.0,7.0,0.429,0.393,0.036,Kyle Lowry,1610612761.0,TOR,G,33.0,1.0,1.0,0.588,4.0,10.0,0.4,0.555,-0.155,Kyle Lowry,1610612761.0,TOR,G,33.0,1.0,1.0,0.235,4.0,4.0,1.0,0.647,0.353,Kyle Lowry,1610612761.0,TOR,G,33.0,1.0,1.0,0.294,4.0,5.0,0.8,0.646,0.154,Kyle Lowry,1610612761.0,TOR,G,33.0,1.0,1.0,0.588,3.0,10.0,0.3,0.397,-0.097,Kyle Lowry,1610612761.0,TOR,33.0,1.0,42.2,8.0,3.0,5.0,3.0,0.0,0.0,0.0,2.0,1.0,3.0,0.667,0.333,0.0,3.0,3.0,2.0,0.0,0.0,1.0,1.0,0.0,Kyle Lowry,1610612761,TOR,1,0,1,42.2,101.0,0.0,0.0,0.0,0.0,0.0,0.0,0.0,0.0,0.0,0.0,0.0,0.0,0.0,0.0,0.0,0.0,0.0,Kyle Lowry,1610612761,TOR,1,0,1,42.22,42.22,15564.0,2.95,1.63,1.32,3.86,3.98,3.72,2018_19
202695,Kawhi Leonard,Kawhi,1610612761,TOR,28.0,1,0,1,0.0,41.4,9,24,0.375,2,7,0.286,6,8,0.75,6,6,12,6,5,2,2,4,0,7,26,1,56.4,1,0,54.0,1,13,13,13,3,2,1,15,5,3,10,2,1,6,1,3,1,3,1,1,2,21,1,1,2,11,1,1,1,1,13,0.145,9.0,24.0,108.1,7,109.3,9,95.07,10,0.417,110.8,12,-1.5,3,3,83,9,13,112.3,13,0.154,15,95.07,112.3,0.14,0.323,15.8,-1.5,7,97.62,14,2,3,13.0,8,79.23,5,0.25,0.128,15,14,1.2,110.8,2,0.335,11,1,13,10,0.472,12,13.2,1,-1.2,10,0.0,0.0,1.0,0.375,2.0,8.0,7.0,2.0,2.0,5.0,0.5,0.0,3.0,0.0,0.0,0.0,0.0,0.0,0.429,3.0,0.4,1.0,0.0,1.0,,0.0,0.0,1.0,0.0,0.0,1.0,,0.4,0.0,3.0,8.0,3.0,0.0,TOR,0.0,0.375,1.0,0.0,2.0,5.0,0.0,5.0,,0.6,0.0,3.0,2.0,2019,20190610,43.0,0.14,58.0,1.0,15.0,11.0,0.209,2.0,9.0,0.083,3.0,4.0,24.0,0.333,2.0,0.125,0.667,0.125,0.364,4.0,8.0,11.0,6.0,12.0,3.0,0.5,80.0,0.0,60.0,2.0,26.0,7.0,0.571,3.21,1.5,4.05,3.0,5.4,0.325,0.571,3.0,5.8,0.5,12.0,0.5,1.0,0.5,0.545,5.8,5.8,6.0,0.6,1.0,6.0,3.0,0.5,0.0,11.0,3.0,0.6,0.5,3.0,21.0,0.208,0.2,0.0,0.0,1.0,0.2,TOR,5.0,,0.0,1.0,1.0,1610612761.0,5.0,0.208,0.2,10.0,0.417,0.429,0.292,7.0,0.6,3.0,0.667,5.0,2.0,0.5,0.125,3.0,0.292,3.0,7.0,2.0,0.286,4.0,0.125,0.286,0.0,0.5,2.0,0.0,0.167,1.0,0.5,1.0,0.5,1.0,0.0,0.042,0.042,1.0,0.083,0.0,2.0,1.0,2.0,4.0,4.0,0.5,10.0,0.444,9.0,0.556,0.417,0.0,0.0,1.0,0.0,0.667,3.0,4.0,0.0,-0.141,111.0,0.646,0.505,56.0,F,0.42,3.0,0.0,0.0,3.0,0.0,0.0,,,GSW,TOR,1610612744,TOR_GSW_2019,41800405,Kawhi Leonard,1610612761.0,TOR,F,28.0,1.0,1.0,1.0,3.0,8.0,0.375,0.469,-0.094,Kawhi Leonard,1610612761.0,TOR,F,28.0,1.0,1.0,0.75,2.0,6.0,0.333,0.403,-0.07,Kawhi Leonard,1610612761.0,TOR,F,28.0,1.0,1.0,0.25,1.0,2.0,0.5,0.544,-0.044,,,,,,,,,,,,,,Kawhi Leonard,1610612761.0,TOR,F,28.0,1.0,1.0,0.125,1.0,1.0,1.0,0.615,0.385,Kawhi Leonard,1610612761.0,TOR,F,28.0,1.0,1.0,0.75,2.0,6.0,0.333,0.407,-0.074,Kawhi Leonard,1610612761.0,TOR,28.0,1.0,41.4,11.0,5.0,6.0,6.0,0.0,0.0,0.0,2.0,1.0,3.0,0.667,0.333,0.0,1.0,1.0,1.0,0.0,0.0,1.0,1.0,0.0,Kawhi Leonard,1610612761,TOR,1,0,1,41.4,80.0,3.0,0.0,1.0,0.0,0.0,0.0,0.0,0.0,0.0,1.0,0.333,0.0,0.0,1.0,0.333,0.0,0.0,Kawhi Leonard,1610612761,TOR,1,0,1,41.4,41.4,16101.0,3.05,1.7,1.35,4.04,4.27,4.07,2018_19
1627832,Fred VanVleet,Fred,1610612761,TOR,25.0,1,0,1,0.0,27.305,3,7,0.429,3,6,0.5,2,2,1.0,0,2,2,1,0,0,0,0,3,2,11,-12,14.9,0,0,17.0,1,13,13,13,10,10,9,12,3,4,4,5,6,1,10,10,12,11,15,11,8,1,14,8,9,21,12,3,1,12,18,0.077,3.0,7.0,98.9,14,113.0,16,91.41,18,0.643,100.0,18,-23.1,11,14,52,16,18,123.1,18,0.074,1,91.41,123.1,0.036,0.131,11.1,-23.1,12,96.02,6,10,15,0.0,11,76.18,13,0.067,0.0,1,7,0.0,100.0,12,0.132,17,10,18,15,0.698,18,0.0,9,-14.1,19,0.0,1.0,0.0,0.0,1.0,0.0,0.0,1.0,2.0,5.0,0.0,1.0,0.0,0.0,0.0,0.0,1.0,0.0,0.0,0.0,0.4,0.0,1.0,1.0,0.0,0.0,1.0,1.0,1.0,0.0,0.0,0.0,0.4,0.0,0.0,0.0,1.0,0.0,TOR,0.0,0.0,0.0,0.0,0.0,5.0,0.0,0.0,0.0,0.0,0.0,0.0,2.0,2019,20190610,34.0,0.029,39.0,0.0,2.0,4.0,0.029,0.0,1.0,0.0,0.0,0.0,4.0,1.0,0.0,0.0,0.0,0.0,0.0,0.0,4.0,0.0,0.0,0.0,0.0,0.0,43.0,0.0,27.0,0.0,11.0,0.0,0.0,2.63,0.0,3.23,0.0,2.3,0.256,0.4,0.0,0.0,0.0,0.0,0.5,0.0,0.5,0.4,5.3,5.3,1.0,0.4,0.0,1.0,1.0,0.0,0.0,5.0,0.0,0.4,0.0,1.0,5.0,,,,,,,,,,,,,,,,,1.0,0.143,0.0,0.143,1.0,0.0,0.0,,0.0,0.0,0.0,0.0,0.0,0.429,3.0,3.0,0.0,1.0,0.0,0.429,0.667,0.667,,2.0,2.0,0.0,0.0,0.333,3.0,0.5,0.0,1.0,0.0,0.429,1.0,0.429,0.333,3.0,,1.0,1.0,2.0,0.5,3.0,0.333,3.0,0.5,0.643,0.5,0.0,0.0,0.0,0.0,0.0,0.0,6.0,-0.036,52.0,0.632,0.596,31.0,G,0.261,4.0,2.0,0.75,4.0,2.0,0.5,,,GSW,TOR,1610612744,TOR_GSW_2019,41800405,Fred VanVleet,1610612761.0,TOR,G,25.0,1.0,1.0,1.0,4.0,11.0,0.364,0.467,-0.103,Fred VanVleet,1610612761.0,TOR,G,25.0,1.0,1.0,0.636,2.0,7.0,0.286,0.419,-0.133,Fred VanVleet,1610612761.0,TOR,G,25.0,1.0,1.0,0.364,2.0,4.0,0.5,0.511,-0.011,Fred VanVleet,1610612761.0,TOR,G,25.0,1.0,1.0,0.091,1.0,1.0,1.0,0.66,0.34,Fred VanVleet,1610612761.0,TOR,G,25.0,1.0,1.0,0.182,2.0,2.0,1.0,0.596,0.405,Fred VanVleet,1610612761.0,TOR,G,25.0,1.0,1.0,0.636,2.0,7.0,0.286,0.429,-0.143,Fred VanVleet,1610612761.0,TOR,25.0,1.0,27.3,5.0,2.0,3.0,0.0,0.0,0.0,0.0,0.0,0.0,0.0,0.0,0.0,0.0,1.0,1.0,1.0,0.0,0.0,1.0,1.0,0.0,Fred VanVleet,1610612761,TOR,1,0,1,27.3,43.0,0.0,0.0,0.0,0.0,0.0,0.0,0.0,0.0,0.0,0.0,0.0,0.0,0.0,0.0,0.0,0.0,0.0,Fred VanVleet,1610612761,TOR,1,0,1,27.3,27.3,10756.0,2.04,1.07,0.96,4.06,4.26,4.27,2018_19
201980,Danny Green,Danny,1610612761,TOR,32.0,1,0,1,0.0,33.25,2,7,0.286,0,4,0.0,0,0,0.0,3,2,5,0,1,1,0,0,1,0,4,5,12.0,0,0,11.0,1,13,13,13,7,12,9,16,12,6,12,10,11,10,2,10,8,15,10,2,8,1,8,15,13,3,13,3,1,13,5,0.013,2.0,7.0,110.7,15,105.3,3,97.44,6,0.286,111.8,11,5.8,16,15,68,4,9,106.0,5,0.067,14,97.44,106.0,0.076,0.096,0.0,5.8,12,98.22,17,12,10,12.5,15,81.2,17,0.0,0.083,14,17,0.0,111.8,16,0.099,4,3,9,9,0.286,11,12.5,9,5.3,6,0.0,0.0,1.0,0.5,1.0,2.0,0.0,2.0,0.0,2.0,0.5,0.0,1.0,0.0,0.0,0.0,0.0,0.0,0.0,0.0,0.0,0.0,0.0,1.0,0.0,0.0,0.25,0.0,1.0,0.0,0.0,0.0,0.0,,1.0,2.0,4.0,,TOR,,0.5,0.0,0.0,0.0,1.0,0.0,0.0,0.0,0.0,0.0,0.0,0.0,2019,20190610,25.0,0.0,21.0,0.0,0.0,1.0,0.0,0.0,0.0,0.0,0.0,0.0,0.0,0.0,0.0,0.0,0.0,0.0,0.0,0.0,0.0,0.0,0.0,0.0,0.0,0.0,34.0,0.0,21.0,0.0,4.0,4.0,0.5,0.59,0.0,1.37,0.0,0.8,0.118,0.625,3.0,4.5,1.0,6.0,0.6,0.0,0.0,1.0,5.5,7.0,3.0,1.0,0.0,2.0,0.0,0.5,0.0,2.0,0.0,0.625,0.5,2.0,8.0,0.143,0.0,0.0,0.0,0.0,0.0,TOR,1.0,,0.0,0.0,1.0,1610612761.0,1.0,0.143,0.0,1.0,0.143,1.0,0.143,1.0,1.0,0.0,,1.0,0.0,1.0,0.0,1.0,,,,,,,,,,,,,,1.0,0.2,4.0,0.2,1.0,0.0,0.143,0.571,1.0,0.714,0.0,5.0,1.0,0.0,0.0,1.0,0.0,0.0,0.0,1.0,0.0,0.286,0.25,0.0,0.0,0.0,0.5,0.0,2.0,2.0,-0.035,96.0,0.629,0.594,57.0,G-F,0.333,4.0,0.0,0.25,3.0,1.0,0.0,,,GSW,TOR,1610612744,TOR_GSW_2019,41800405,Danny Green,1610612761.0,TOR,G-F,32.0,1.0,1.0,1.0,6.0,15.0,0.4,0.482,-0.082,Danny Green,1610612761.0,TOR,G-F,32.0,1.0,1.0,0.667,3.0,10.0,0.3,0.383,-0.083,Danny Green,1610612761.0,TOR,G-F,32.0,1.0,1.0,0.333,3.0,5.0,0.6,0.569,0.031,Danny Green,1610612761.0,TOR,G-F,32.0,1.0,1.0,0.133,2.0,2.0,1.0,0.64,0.36,Danny Green,1610612761.0,TOR,G-F,32.0,1.0,1.0,0.133,2.0,2.0,1.0,0.627,0.374,Danny Green,1610612761.0,TOR,G-F,32.0,1.0,1.0,0.733,4.0,11.0,0.364,0.4,-0.037,Danny Green,1610612761.0,TOR,32.0,1.0,33.3,11.0,3.0,8.0,1.0,0.0,0.0,0.0,1.0,0.0,1.0,1.0,0.0,0.0,0.0,0.0,0.0,0.0,0.0,0.0,0.0,0.0,Danny Green,1610612761,TOR,1,0,1,33.3,34.0,0.0,0.0,0.0,0.0,0.0,0.0,0.0,0.0,0.0,0.0,0.0,0.0,0.0,0.0,0.0,0.0,0.0,Danny Green,1610612761,TOR,1,0,1,33.25,33.25,14006.0,2.65,1.33,1.32,4.52,4.18,4.54,2018_19
1627775,Patrick McCaw,Patrick,1610612761,TOR,23.0,1,0,1,0.0,1.4783333333333333,0,0,0.0,0,0,0.0,0,0,0.0,0,0,0,0,0,0,0,0,0,0,0,-3,0.0,0,0,0.0,1,13,13,13,21,18,19,18,12,16,12,10,11,10,10,17,17,15,15,11,8,1,1,15,18,15,19,3,1,19,19,0.0,0.0,0.0,66.7,17,125.0,2,129.88,20,0.0,50.0,21,-75.0,19,15,4,2,21,125.0,19,0.0,1,129.88,125.0,0.0,0.0,0.0,-75.0,12,113.64,18,18,17,0.0,15,108.23,18,0.0,0.0,1,18,0.0,50.0,19,0.0,19,10,21,2,0.0,21,0.0,19,-58.3,21,,,0.0,0.0,,0.0,,0.0,0.0,0.0,0.0,,0.0,,,,,,,,0.0,,,,,0.0,0.0,,0.0,,,,0.0,,0.0,0.0,0.0,,TOR,,0.0,,,0.0,0.0,0.0,,,,,,0.0,2019,20190610,2.0,0.0,2.0,0.0,0.0,0.0,0.0,0.0,0.0,0.0,0.0,0.0,0.0,0.0,0.0,0.0,0.0,0.0,0.0,0.0,0.0,0.0,0.0,0.0,0.0,0.0,2.0,0.0,1.0,0.0,0.0,0.0,0.0,1.0,0.0,1.6,0.0,0.1,0.0,,,,,,,,,,,,,,,,,,,,,,,,,,,,,,,,,,,,,,,,,,,,,,,,,,,,,,,,,,,,,,,,,,,,,,,,,,,,,,,,,0.0,,,0.0,,0.0,,0.0,0.0,0.0,0.0,0.0,0.0,0.0,0.0,0.0,0.333,5.0,0.667,1.0,5.0,G,0.333,0.0,,,,0.0,,,,GSW,TOR,1610612744,TOR_GSW_2019,41800405,,,,,,,,,,,,,,,,,,,,,,,,,,,,,,,,,,,,,,,,,,,,,,,,,,,,,,,,,,,,,,,,,,,,,,,,,,,,,,,,,,,,,,,,,,,,,,,,,,,,,,,,,,Patrick McCaw,1610612761,TOR,1,0,1,1.5,2.0,0.0,0.0,0.0,0.0,0.0,0.0,0.0,0.0,0.0,0.0,0.0,0.0,0.0,0.0,0.0,0.0,0.0,Patrick McCaw,1610612761,TOR,1,0,1,1.48,1.48,518.0,0.1,0.04,0.05,3.64,0.0,5.0,2018_19
