Minutes,OffPoss,DefPoss,PenaltyOffPoss,PenaltyDefPoss,SecondChanceOffPoss,TotalPoss,AtRimFGM,AtRimFGA,SecondChanceAtRimFGM,SecondChanceAtRimFGA,PenaltyAtRimFGM,PenaltyAtRimFGA,ShortMidRangeFGM,ShortMidRangeFGA,LongMidRangeFGM,LongMidRangeFGA,Arc3FGM,Arc3FGA,SecondChanceArc3FGM,SecondChanceArc3FGA,PenaltyArc3FGM,PenaltyArc3FGA,FG2M,FG2A,FG3M,FG3A,FtPoints,Points,SecondChanceFG2M,SecondChanceFG2A,SecondChanceFG3M,SecondChanceFG3A,SecondChanceFtPoints,SecondChancePoints,PenaltyFG2M,PenaltyFG2A,PenaltyFG3M,PenaltyFG3A,PenaltyFtPoints,PenaltyPoints,PtsAssisted2s,PtsUnassisted2s,PtsAssisted3s,PtsUnassisted3s,PtsPutbacks,HeaveMakes,HeaveAttempts,NonHeaveArc3FGA,NonHeaveArc3FGM,Fg2aBlocked,TwoPtAssists,ThreePtAssists,Assists,Arc3Assists,AtRimAssists,ShortMidRangeAssists,LongMidRangeAssists,AssistPoints,OffTwoPtRebounds,FTOffRebounds,DefThreePtRebounds,DefTwoPtRebounds,FTDefRebounds,DefRebounds,OffRebounds,Rebounds,Steals,BadPassSteals,LostBallSteals,LiveBallTurnovers,BadPassTurnovers,DeadBallTurnovers,LostBallTurnovers,Travels,Turnovers,PenaltyTurnovers,ShootingFouls,Fouls,Loose Ball Fouls,Offensive Fouls,FoulsDrawn,Loose Ball Fouls Drawn,Offensive Fouls Drawn,FTA,2pt And 1 Free Throw Trips,TwoPtShootingFoulsDrawn,ThreePtShootingFoulsDrawn,NonShootingFoulsDrawn,Blocked2s,BlockedAtRim,BlockedLongMidRange,BlockedShortMidRange,Blocks,RecoveredBlocks,Defensive 3 Seconds Violations,FirstChancePoints,PenaltyPointsExcludingTakeFouls,PenaltyOffPossExcludingTakeFouls,NonShootingPenaltyNonTakeFouls,NonShootingPenaltyNonTakeFoulsDrawn,Assisted2sPct,NonPutbacksAssisted2sPct,Assisted3sPct,Fg3Pct,SecondChanceFg3Pct,PenaltyFg3Pct,NonHeaveFg3Pct,Fg2Pct,SecondChanceFg2Pct,PenaltyFg2Pct,EfgPct,SecondChanceEfgPct,PenaltyEfgPct,TsPct,SecondChanceTsPct,PenaltyTsPct,FG3APct,FG2APctBlocked,AtRimPctBlocked,ShortMidRangePctBlocked,LiveBallTurnoverPct,DefFTReboundPct,OffFTReboundPct,DefTwoPtReboundPct,OffTwoPtReboundPct,DefThreePtReboundPct,DefFGReboundPct,OffFGReboundPct,OffAtRimReboundPct,OffShortMidRangeReboundPct,OffLongMidRangeReboundPct,DefAtRimReboundPct,DefShortMidRangeReboundPct,DefLongMidRangeReboundPct,DefArc3ReboundPct,Pace,BlocksRecoveredPct,SecondsPerPossOff,SecondsPerPossDef,SecondsExcludingORebsPerPossOff,SecondsExcludingORebsPerPossDef,AtRimFrequency,AtRimAccuracy,UnblockedAtRimAccuracy,AtRimPctAssisted,ShortMidRangeFrequency,ShortMidRangeAccuracy,UnblockedShortMidRangeAccuracy,ShortMidRangePctAssisted,LongMidRangeFrequency,LongMidRangeAccuracy,UnblockedLongMidRangeAccuracy,LongMidRangePctAssisted,Arc3Frequency,Arc3Accuracy,UnblockedArc3Accuracy,Arc3PctAssisted,SecondChanceAtRimFrequency,SecondChanceAtRimAccuracy,SecondChanceArc3Frequency,SecondChanceArc3Accuracy,SecondChanceArc3PctAssisted,PenaltyAtRimFrequency,PenaltyAtRimAccuracy,PenaltyArc3Frequency,PenaltyArc3Accuracy,AtRimFG3AFrequency,NonHeaveArc3Accuracy,ShotQualityAvg,SecondChanceShotQualityAvg,PenaltyShotQualityAvg,ShootingFoulsDrawnPct,TwoPtShootingFoulsDrawnPct,ThreePtShootingFoulsDrawnPct,SecondChancePointsPct,PenaltyPointsPct,Avg2ptShotDistance,Avg3ptShotDistance,PenaltyOffPossPct,Date,GameId,Opponent,Corner3FGM,Corner3FGA,PenaltyCorner3FGA,Corner3Assists,OffThreePtRebounds,BadPassOutOfBoundsTurnovers,SecondChanceTurnovers,Blocked3s,BlockedArc3,DefensiveGoaltends,OffThreePtReboundPct,OffArc3ReboundPct,DefCorner3ReboundPct,Corner3Frequency,Corner3Accuracy,UnblockedCorner3Accuracy,Corner3PctAssisted,SecondChanceAtRimPctAssisted,PenaltyCorner3Frequency,Fg3aBlocked,SelfOReb,Technical Free Throw Trips,3SecondViolations,FG3APctBlocked,LongMidRangePctBlocked,Arc3PctBlocked,SelfORebPct,SecondChanceCorner3FGM,SecondChanceCorner3FGA,StepOutOfBoundsTurnovers,BlockedCorner3,Corner3PctBlocked,SecondChanceCorner3Frequency,SecondChanceCorner3Accuracy,SecondChanceCorner3PctAssisted,LostBallOutOfBoundsTurnovers,PenaltyCorner3FGM,PenaltyCorner3Accuracy,OffCorner3ReboundPct,Clear Path Fouls,3pt And 1 Free Throw Trips,OffensiveGoaltends,Season,year,SeasonType
48:00,93.0,92.0,35.0,33.0,12.0,185.0,10.0,17.0,4.0,6.0,6.0,7.0,6.0,12.0,20.0,35.0,3.0,10.0,,,1.0,4.0,36.0,64.0,3.0,10.0,26.0,107.0,6.0,9.0,,,6.0,18.0,16.0,25.0,1.0,4.0,9.0,44.0,32.0,40.0,9.0,,2.0,,,10.0,3.0,3.0,16.0,3.0,19.0,3.0,5.0,2.0,9.0,41.0,8.0,,9.0,23.0,5.0,37.0,12.0,49.0,6.0,4.0,2.0,7.0,5.0,9.0,2.0,1.0,16.0,7.0,17.0,25.0,,3.0,22.0,,3.0,31.0,,13.0,,2.0,3.0,2.0,1.0,,3.0,2.0,,89.0,44.0,35.0,2.0,1.0,0.4444444444444444,0.45714285714285713,1.0,0.3,,0.25,0.3,0.5625,0.6666666666666666,0.64,0.5472972972972973,0.6666666666666666,0.603448275862069,0.5898876404494382,0.6923076923076923,0.6176470588235294,0.13513513513513514,0.046875,0.11764705882352941,0.08333333333333333,0.4375,0.8333333333333334,,0.7666666666666667,0.2857142857142857,0.75,0.7619047619047619,0.34285714285714286,0.42857142857142855,0.16666666666666666,0.26666666666666666,0.875,0.7142857142857143,0.7333333333333333,0.875,92.5,0.6666666666666666,16.13978494623656,14.98913043478261,15.311827956989248,14.16304347826087,0.22972972972972974,0.5882352941176471,0.6666666666666666,0.5,0.16216216216216217,0.5,0.5454545454545454,0.3333333333333333,0.47297297297297297,0.5714285714285714,0.5714285714285714,0.45,0.13513513513513514,0.3,0.3,1.0,0.6666666666666666,0.6666666666666666,,,,0.2413793103448276,0.8571428571428571,0.13793103448275862,0.25,0.36486486486486486,0.3,0.4658756756756757,0.48769999999999997,0.46978965517241383,0.14942528735632185,0.16883116883116883,,0.16822429906542055,0.411214953271028,12.140625,24.369999999999997,0.3763440860215054,2006-11-01,0020600012,HOU,,,,,4.0,1.0,,,,,0.5714285714285714,0.5714285714285714,0.5,,,,,0.5,,,2.0,2.0,,,,,0.0625,,,1.0,,,,,,2.0,,,,,,,2006-07,2007,Regular Season
48:00,100.0,98.0,20.0,41.0,14.0,198.0,21.0,31.0,3.0,5.0,4.0,7.0,2.0,14.0,11.0,27.0,4.0,9.0,,1.0,1.0,3.0,34.0,72.0,4.0,9.0,28.0,108.0,5.0,8.0,,1.0,6.0,16.0,5.0,10.0,1.0,3.0,11.0,24.0,36.0,32.0,9.0,3.0,4.0,,,9.0,4.0,6.0,18.0,3.0,21.0,3.0,11.0,1.0,6.0,45.0,12.0,1.0,19.0,18.0,2.0,39.0,14.0,53.0,6.0,5.0,1.0,9.0,7.0,9.0,2.0,3.0,18.0,2.0,14.0,33.0,4.0,4.0,23.0,,2.0,34.0,4.0,14.0,,4.0,2.0,1.0,,1.0,2.0,1.0,,92.0,24.0,20.0,5.0,4.0,0.5294117647058824,0.5625,0.75,0.4444444444444444,,0.3333333333333333,0.4444444444444444,0.4722222222222222,0.625,0.5,0.49382716049382713,0.5555555555555556,0.5,0.5631578947368421,0.6153846153846154,0.631578947368421,0.1111111111111111,0.08333333333333333,0.12903225806451613,0.14285714285714285,0.5,1.0,0.5,0.75,0.3157894736842105,0.95,0.8409090909090909,0.3023255813953488,0.3,0.4166666666666667,0.25,0.8,0.7142857142857143,0.7142857142857143,0.9375,99.0,0.5,16.26,12.795918367346939,15.37,12.571428571428571,0.38271604938271603,0.6774193548387096,0.7777777777777778,0.5238095238095238,0.1728395061728395,0.14285714285714285,0.16666666666666666,0.5,0.3333333333333333,0.4074074074074074,0.4074074074074074,0.5454545454545454,0.1111111111111111,0.4444444444444444,0.4444444444444444,0.75,0.5555555555555556,0.6,0.1111111111111111,,,0.5384615384615384,0.5714285714285714,0.23076923076923078,0.3333333333333333,0.49382716049382713,0.4444444444444444,0.4785154320987654,0.49622777777777777,0.48465769230769234,0.15384615384615385,0.17073170731707318,,0.14814814814814814,0.2222222222222222,8.840277777777779,25.22222222222222,0.2,2006-11-03,0020600028,PHX,,,,,1.0,1.0,1.0,,,,0.2,0.2,1.0,,,,,0.3333333333333333,,,1.0,2.0,,,,,0.02702702702702703,,,,,,,,,1.0,,,,,,,2006-07,2007,Regular Season
48:00,92.0,91.0,24.0,40.0,17.0,183.0,23.0,43.0,8.0,11.0,8.0,17.0,2.0,7.0,13.0,23.0,5.0,9.0,,1.0,,2.0,38.0,73.0,5.0,11.0,15.0,106.0,11.0,14.0,,1.0,,22.0,12.0,23.0,,2.0,2.0,26.0,38.0,38.0,15.0,,12.0,,,9.0,5.0,7.0,19.0,5.0,24.0,5.0,12.0,,7.0,53.0,14.0,2.0,7.0,25.0,6.0,38.0,18.0,56.0,10.0,7.0,3.0,9.0,8.0,8.0,1.0,,17.0,5.0,13.0,25.0,2.0,2.0,19.0,,1.0,20.0,3.0,10.0,1.0,,7.0,4.0,1.0,2.0,7.0,4.0,2.0,84.0,26.0,24.0,3.0,,0.5,0.59375,1.0,0.45454545454545453,,,0.45454545454545453,0.5205479452054794,0.7857142857142857,0.5217391304347826,0.5416666666666666,0.7333333333333333,0.48,0.5760869565217391,0.7333333333333333,0.48148148148148145,0.13095238095238096,0.0958904109589041,0.16279069767441862,,0.5294117647058824,0.8571428571428571,1.0,0.7142857142857143,0.4117647058823529,0.7,0.7111111111111111,0.4,0.5,0.2,0.3333333333333333,1.0,0.42857142857142855,0.6470588235294118,0.6666666666666666,91.5,0.5714285714285714,15.956521739130435,15.516483516483516,14.532608695652174,14.516483516483516,0.5119047619047619,0.5348837209302325,0.6388888888888888,0.5217391304347826,0.08333333333333333,0.2857142857142857,0.2857142857142857,,0.27380952380952384,0.5652173913043478,0.5652173913043478,0.5384615384615384,0.10714285714285714,0.5555555555555556,0.5555555555555556,1.0,0.7333333333333333,0.7272727272727273,0.06666666666666667,,,0.68,0.47058823529411764,0.08,,0.6428571428571429,0.5555555555555556,0.5254744047619048,0.5311928571428571,0.538172,0.11956521739130435,0.125,0.08333333333333333,0.20754716981132076,0.24528301886792453,6.704109589041096,24.272727272727273,0.2608695652173913,2006-11-04,0020600037,GSW,,2.0,,,2.0,3.0,2.0,,,,0.3333333333333333,0.5,0.75,0.023809523809523808,,,,0.25,,,,,1.0,,,,,,,,,,,,,,,,,,,,2006-07,2007,Regular Season
48:00,88.0,89.0,15.0,41.0,17.0,177.0,17.0,30.0,3.0,6.0,2.0,2.0,2.0,8.0,16.0,35.0,5.0,10.0,1.0,1.0,1.0,1.0,35.0,73.0,5.0,10.0,18.0,103.0,6.0,12.0,1.0,1.0,2.0,17.0,3.0,9.0,1.0,1.0,3.0,12.0,48.0,22.0,12.0,3.0,8.0,,,10.0,5.0,7.0,24.0,4.0,28.0,4.0,10.0,1.0,13.0,60.0,14.0,2.0,6.0,19.0,7.0,32.0,18.0,50.0,4.0,2.0,2.0,4.0,3.0,10.0,1.0,3.0,14.0,5.0,14.0,30.0,2.0,1.0,24.0,5.0,6.0,24.0,3.0,10.0,,2.0,4.0,3.0,,1.0,4.0,1.0,,86.0,12.0,15.0,7.0,2.0,0.6857142857142857,0.7741935483870968,0.8,0.5,1.0,1.0,0.5,0.4794520547945205,0.5,0.3333333333333333,0.5120481927710844,0.5769230769230769,0.45,0.5434782608695652,0.6071428571428571,0.42857142857142855,0.12048192771084337,0.0958904109589041,0.16666666666666666,0.25,0.2857142857142857,1.0,0.5,0.5588235294117647,0.3684210526315789,0.6666666666666666,0.5813953488372093,0.37209302325581395,0.38461538461538464,0.3333333333333333,0.3684210526315789,0.3333333333333333,0.625,0.7142857142857143,1.0,88.5,0.25,16.511363636363637,16.03370786516854,15.306818181818182,15.48314606741573,0.3614457831325301,0.5666666666666667,0.68,0.5882352941176471,0.0963855421686747,0.25,0.3333333333333333,0.5,0.42168674698795183,0.45714285714285713,0.45714285714285713,0.8125,0.12048192771084337,0.5,0.5,0.8,0.46153846153846156,0.5,0.07692307692307693,1.0,1.0,0.2,1.0,0.1,1.0,0.4819277108433735,0.5,0.4830903614457831,0.4848954545454545,0.41425,0.1111111111111111,0.125,,0.1650485436893204,0.11650485436893204,10.017808219178082,24.52,0.17045454545454544,2006-11-06,0020600049,DET,,,,,2.0,3.0,4.0,,,,0.4,0.4,,,,,,,,,2.0,3.0,1.0,,,,0.05555555555555555,,,,,,,,,,,,,,,,2006-07,2007,Regular Season
48:00,92.0,91.0,29.0,40.0,13.0,183.0,14.0,29.0,2.0,7.0,2.0,9.0,5.0,13.0,11.0,21.0,3.0,10.0,,1.0,1.0,5.0,30.0,63.0,3.0,15.0,20.0,89.0,2.0,8.0,,1.0,4.0,8.0,7.0,18.0,1.0,6.0,12.0,29.0,38.0,22.0,9.0,,2.0,,,10.0,3.0,1.0,19.0,3.0,22.0,3.0,12.0,1.0,6.0,47.0,12.0,,10.0,23.0,5.0,38.0,16.0,54.0,5.0,3.0,2.0,4.0,2.0,13.0,2.0,2.0,17.0,5.0,20.0,30.0,,4.0,22.0,6.0,1.0,27.0,1.0,8.0,,6.0,3.0,2.0,,1.0,3.0,2.0,,81.0,29.0,29.0,2.0,5.0,0.6333333333333333,0.6551724137931034,1.0,0.2,,0.16666666666666666,0.2,0.47619047619047616,0.25,0.3888888888888889,0.4423076923076923,0.2222222222222222,0.3541666666666667,0.489010989010989,0.36363636363636365,0.46774193548387094,0.19230769230769232,0.015873015873015872,0.034482758620689655,,0.23529411764705882,1.0,,0.8214285714285714,0.375,0.8333333333333334,0.825,0.36363636363636365,0.4666666666666667,0.25,0.3333333333333333,0.6923076923076923,1.0,0.9090909090909091,0.7777777777777778,91.5,0.6666666666666666,16.391304347826086,15.076923076923077,15.347826086956522,14.813186813186814,0.3717948717948718,0.4827586206896552,0.5,0.8571428571428571,0.16666666666666666,0.38461538461538464,0.38461538461538464,0.2,0.2692307692307692,0.5238095238095238,0.5238095238095238,0.5454545454545454,0.1282051282051282,0.3,0.3,1.0,0.7777777777777778,0.2857142857142857,0.1111111111111111,,,0.375,0.2222222222222222,0.20833333333333334,0.2,0.5641025641025641,0.3,0.47594551282051284,0.5102571428571429,0.4546854166666667,0.09411764705882353,0.11428571428571428,,0.0898876404494382,0.3258426966292135,7.876190476190476,24.533333333333335,0.31521739130434784,2006-11-08,0020600062,NJN,,5.0,1.0,,4.0,2.0,5.0,,,1.0,0.3333333333333333,0.2857142857142857,1.0,0.0641025641025641,,,,0.5,0.041666666666666664,,4.0,1.0,,,,,0.09302325581395349,,,,,,,,,2.0,,,0.4,,,1.0,2006-07,2007,Regular Season
48:00,95.0,95.0,19.0,34.0,7.0,190.0,17.0,26.0,,,1.0,3.0,7.0,15.0,12.0,24.0,6.0,12.0,1.0,3.0,1.0,3.0,36.0,65.0,6.0,14.0,17.0,107.0,1.0,2.0,1.0,3.0,,5.0,3.0,8.0,1.0,4.0,9.0,18.0,50.0,22.0,15.0,3.0,,,,12.0,6.0,9.0,25.0,5.0,30.0,5.0,14.0,5.0,6.0,65.0,5.0,1.0,6.0,24.0,5.0,35.0,8.0,43.0,7.0,5.0,2.0,8.0,4.0,5.0,4.0,,13.0,2.0,9.0,25.0,,2.0,22.0,,3.0,25.0,3.0,9.0,,5.0,7.0,6.0,,1.0,7.0,6.0,1.0,102.0,18.0,19.0,5.0,5.0,0.6944444444444444,0.6944444444444444,0.8333333333333334,0.42857142857142855,0.3333333333333333,0.25,0.42857142857142855,0.5538461538461539,0.5,0.375,0.569620253164557,0.5,0.375,0.5944444444444444,0.5,0.5,0.17721518987341772,0.13846153846153847,0.19230769230769232,0.2,0.6153846153846154,1.0,0.16666666666666666,0.7741935483870968,0.1724137931034483,0.6666666666666666,0.75,0.19444444444444445,0.2222222222222222,,0.25,0.7142857142857143,1.0,0.7272727272727273,0.75,95.0,0.8571428571428571,16.36842105263158,13.947368421052632,15.726315789473684,13.589473684210526,0.3291139240506329,0.6538461538461539,0.8095238095238095,0.8235294117647058,0.189873417721519,0.4666666666666667,0.5833333333333334,0.7142857142857143,0.3037974683544304,0.5,0.5217391304347826,0.5,0.1518987341772152,0.5,0.5,0.8333333333333334,,,0.6,0.3333333333333333,1.0,0.25,0.3333333333333333,0.25,0.3333333333333333,0.5063291139240507,0.5,0.5004639240506329,0.49939,0.5149,0.10588235294117647,0.1267605633802817,,0.04672897196261682,0.16822429906542055,9.589230769230769,25.557142857142857,0.2,2006-11-10,0020600077,BOS,,2.0,1.0,,2.0,1.0,3.0,,,1.0,0.2857142857142857,0.2,,0.02531645569620253,,,,,0.08333333333333333,,,,,,0.041666666666666664,,,,,,,,,,,,,,0.5,,,,2006-07,2007,Regular Season
48:00,97.0,96.0,35.0,49.0,12.0,193.0,22.0,31.0,3.0,6.0,6.0,8.0,6.0,12.0,11.0,22.0,3.0,13.0,,2.0,1.0,3.0,39.0,65.0,4.0,15.0,23.0,113.0,3.0,9.0,,2.0,3.0,9.0,11.0,16.0,2.0,5.0,11.0,39.0,56.0,22.0,6.0,6.0,4.0,,,13.0,3.0,3.0,28.0,2.0,30.0,1.0,14.0,5.0,9.0,62.0,12.0,,9.0,21.0,3.0,33.0,16.0,49.0,9.0,2.0,7.0,10.0,8.0,10.0,2.0,1.0,20.0,9.0,14.0,32.0,1.0,4.0,23.0,3.0,1.0,30.0,2.0,13.0,,3.0,5.0,5.0,,,5.0,4.0,,104.0,39.0,35.0,5.0,3.0,0.717948717948718,0.7567567567567568,0.5,0.26666666666666666,,0.4,0.26666666666666666,0.6,0.3333333333333333,0.6875,0.5625,0.2727272727272727,0.6666666666666666,0.601063829787234,0.32142857142857145,0.6964285714285714,0.1875,0.046153846153846156,0.06451612903225806,,0.5,1.0,,0.7,0.46153846153846156,0.9,0.75,0.4444444444444444,0.5555555555555556,0.3333333333333333,0.45454545454545453,0.7,0.6666666666666666,0.75,0.8571428571428571,96.5,0.8,15.896907216494846,13.9375,15.061855670103093,13.458333333333334,0.3875,0.7096774193548387,0.7586206896551724,0.6363636363636364,0.15,0.5,0.5,0.8333333333333334,0.275,0.5,0.5238095238095238,0.8181818181818182,0.1625,0.23076923076923078,0.23076923076923078,0.3333333333333333,0.5454545454545454,0.5,0.18181818181818182,,,0.38095238095238093,0.75,0.14285714285714285,0.3333333333333333,0.575,0.23076923076923078,0.487463125,0.5168555555555555,0.47294047619047613,0.14285714285714285,0.17105263157894737,,0.07964601769911504,0.34513274336283184,7.455384615384616,26.346666666666668,0.36082474226804123,2006-11-11,0020600087,MIL,1.0,2.0,2.0,1.0,4.0,1.0,3.0,,,,0.4,0.4444444444444444,1.0,0.025,0.5,0.5,1.0,,0.09523809523809523,,1.0,,1.0,,0.045454545454545456,,0.030303030303030304,,,1.0,,,,,,,1.0,0.5,,,,,2006-07,2007,Regular Season
48:00,94.0,94.0,35.0,45.0,12.0,188.0,24.0,31.0,5.0,6.0,10.0,12.0,3.0,13.0,12.0,27.0,2.0,9.0,,1.0,2.0,5.0,39.0,71.0,3.0,11.0,25.0,112.0,6.0,9.0,1.0,2.0,5.0,20.0,14.0,22.0,3.0,7.0,13.0,50.0,44.0,34.0,9.0,,6.0,,,9.0,2.0,8.0,22.0,3.0,25.0,2.0,15.0,1.0,6.0,53.0,11.0,1.0,5.0,20.0,4.0,29.0,14.0,43.0,10.0,3.0,7.0,4.0,1.0,8.0,3.0,1.0,12.0,5.0,13.0,30.0,4.0,2.0,28.0,,3.0,34.0,3.0,15.0,,3.0,8.0,3.0,1.0,4.0,8.0,4.0,,92.0,50.0,35.0,6.0,2.0,0.5641025641025641,0.6111111111111112,1.0,0.2727272727272727,0.5,0.42857142857142855,0.2727272727272727,0.5492957746478874,0.6666666666666666,0.6363636363636364,0.5304878048780488,0.6818181818181818,0.6379310344827587,0.5721649484536082,0.7142857142857143,0.6756756756756757,0.13414634146341464,0.11267605633802817,0.0967741935483871,0.3076923076923077,0.3333333333333333,1.0,0.2,0.6666666666666666,0.3548387096774194,1.0,0.7142857142857143,0.3333333333333333,0.7142857142857143,0.2222222222222222,0.26666666666666666,0.16666666666666666,0.6923076923076923,0.9090909090909091,1.0,94.0,0.5,16.648936170212767,13.98936170212766,15.96808510638298,13.22340425531915,0.3780487804878049,0.7741935483870968,0.8571428571428571,0.625,0.15853658536585366,0.23076923076923078,0.3333333333333333,0.3333333333333333,0.32926829268292684,0.4444444444444444,0.46153846153846156,0.5,0.10975609756097561,0.2222222222222222,0.2222222222222222,1.0,0.5454545454545454,0.8333333333333334,0.09090909090909091,,,0.41379310344827586,0.8333333333333334,0.1724137931034483,0.4,0.5121951219512195,0.2222222222222222,0.48719878048780485,0.5280666666666667,0.5004362068965518,0.1595744680851064,0.18072289156626506,,0.17857142857142858,0.44642857142857145,8.633802816901408,24.354545454545452,0.3723404255319149,2006-11-14,0020600106,LAC,1.0,2.0,2.0,1.0,2.0,1.0,,,,1.0,0.25,0.14285714285714285,,0.024390243902439025,0.5,0.5,1.0,0.2,0.06896551724137931,,2.0,1.0,1.0,,0.037037037037037035,,0.06451612903225806,1.0,1.0,1.0,,,0.09090909090909091,1.0,1.0,,1.0,0.5,1.0,,,,2006-07,2007,Regular Season
48:00,95.0,95.0,41.0,48.0,18.0,190.0,23.0,34.0,7.0,10.0,4.0,7.0,7.0,25.0,9.0,17.0,5.0,11.0,1.0,1.0,2.0,5.0,39.0,76.0,6.0,13.0,22.0,118.0,8.0,14.0,1.0,1.0,6.0,25.0,12.0,23.0,3.0,6.0,15.0,48.0,44.0,34.0,15.0,3.0,12.0,,1.0,10.0,5.0,10.0,22.0,5.0,27.0,4.0,13.0,2.0,7.0,59.0,16.0,1.0,7.0,17.0,4.0,28.0,21.0,49.0,11.0,5.0,6.0,6.0,3.0,8.0,3.0,1.0,14.0,9.0,13.0,30.0,2.0,1.0,27.0,1.0,4.0,31.0,3.0,9.0,,7.0,1.0,1.0,,,1.0,1.0,,93.0,48.0,41.0,5.0,7.0,0.5641025641025641,0.6666666666666666,0.8333333333333334,0.46153846153846156,1.0,0.5,0.5,0.5131578947368421,0.5714285714285714,0.5217391304347826,0.5393258426966292,0.6333333333333333,0.5689655172413793,0.5735294117647058,0.6578947368421053,0.618421052631579,0.14606741573033707,0.13157894736842105,0.11764705882352941,0.24,0.42857142857142855,0.8,0.3333333333333333,0.85,0.43243243243243246,0.6363636363636364,0.7741935483870968,0.47619047619047616,0.36363636363636365,0.4444444444444444,0.5,0.75,0.8571428571428571,1.0,0.625,95.0,1.0,16.16842105263158,14.147368421052631,15.073684210526316,13.56842105263158,0.38202247191011235,0.6764705882352942,0.7666666666666667,0.5652173913043478,0.2808988764044944,0.28,0.3684210526315789,0.2857142857142857,0.19101123595505617,0.5294117647058824,0.5294117647058824,0.7777777777777778,0.12359550561797752,0.45454545454545453,0.45454545454545453,0.8,0.6666666666666666,0.7,0.06666666666666667,1.0,1.0,0.2413793103448276,0.5714285714285714,0.1724137931034483,0.4,0.5280898876404494,0.5,0.4864176136363636,0.5227958333333333,0.4554,0.09473684210526316,0.10975609756097561,,0.211864406779661,0.4067796610169492,6.711842105263158,27.138461538461538,0.43157894736842106,2006-11-17,0020600128,SEA,1.0,2.0,1.0,1.0,4.0,2.0,2.0,,,1.0,0.8,0.75,0.6666666666666666,0.02247191011235955,0.5,0.5,1.0,0.14285714285714285,0.034482758620689655,,1.0,2.0,,,,,0.03125,,,,,,,,,,1.0,1.0,1.0,1.0,,,2006-07,2007,Regular Season
53:00,103.0,104.0,35.0,57.0,15.0,207.0,17.0,22.0,4.0,5.0,5.0,6.0,7.0,14.0,19.0,41.0,2.0,13.0,,1.0,,4.0,43.0,77.0,2.0,13.0,28.0,120.0,5.0,11.0,,1.0,3.0,13.0,15.0,25.0,,4.0,12.0,42.0,46.0,40.0,3.0,3.0,8.0,,1.0,12.0,2.0,4.0,23.0,1.0,24.0,1.0,8.0,2.0,13.0,49.0,11.0,1.0,8.0,22.0,3.0,33.0,17.0,50.0,7.0,4.0,3.0,4.0,3.0,14.0,1.0,3.0,18.0,6.0,18.0,33.0,4.0,6.0,31.0,1.0,6.0,33.0,2.0,11.0,2.0,3.0,5.0,2.0,1.0,2.0,5.0,5.0,2.0,107.0,42.0,35.0,2.0,3.0,0.5348837209302325,0.5897435897435898,0.5,0.15384615384615385,,,0.16666666666666666,0.5584415584415584,0.45454545454545453,0.6,0.5111111111111111,0.4166666666666667,0.5172413793103449,0.5769230769230769,0.4642857142857143,0.6,0.14444444444444443,0.05194805194805195,0.045454545454545456,0.07142857142857142,0.2222222222222222,1.0,1.0,0.7333333333333333,0.3235294117647059,0.7272727272727273,0.7317073170731707,0.37209302325581395,0.4,0.2857142857142857,0.3181818181818182,0.5714285714285714,0.75,0.8,0.8333333333333334,93.73584905660377,1.0,16.893203883495147,13.846153846153847,15.805825242718447,13.25,0.24444444444444444,0.7727272727272727,0.8095238095238095,0.47058823529411764,0.15555555555555556,0.5,0.5384615384615384,0.2857142857142857,0.45555555555555555,0.4634146341463415,0.48717948717948717,0.6842105263157895,0.14444444444444443,0.15384615384615385,0.16666666666666666,0.5,0.4166666666666667,0.8,0.08333333333333333,,,0.20689655172413793,0.8333333333333334,0.13793103448275862,,0.3888888888888889,0.16666666666666666,0.4528938202247191,0.45959000000000005,0.4169982142857143,0.12871287128712872,0.12790697674418605,0.13333333333333333,0.10833333333333334,0.35,11.68961038961039,26.161538461538463,0.33980582524271846,2006-11-18,0020600139,PHX,,,,,5.0,2.0,3.0,,,,0.5555555555555556,0.5555555555555556,0.6,,,,,,,1.0,,1.0,2.0,0.07692307692307693,0.04878048780487805,0.07692307692307693,,,,,,,,,,,,,,,,,2006-07,2007,Regular Season
48:00,94.0,94.0,26.0,42.0,17.0,188.0,17.0,31.0,6.0,7.0,2.0,5.0,5.0,8.0,11.0,29.0,5.0,12.0,,3.0,,2.0,33.0,68.0,5.0,13.0,20.0,101.0,7.0,10.0,,3.0,2.0,16.0,7.0,17.0,,3.0,7.0,21.0,28.0,38.0,9.0,6.0,12.0,,,12.0,5.0,7.0,14.0,3.0,17.0,3.0,7.0,,7.0,37.0,18.0,,9.0,26.0,3.0,38.0,18.0,56.0,7.0,3.0,4.0,8.0,6.0,9.0,2.0,2.0,17.0,5.0,14.0,25.0,1.0,1.0,22.0,,2.0,31.0,3.0,13.0,,4.0,4.0,4.0,,,4.0,3.0,1.0,85.0,21.0,26.0,4.0,3.0,0.42424242424242425,0.5185185185185185,0.6,0.38461538461538464,,,0.38461538461538464,0.4852941176470588,0.7,0.4117647058823529,0.5,0.5384615384615384,0.35,0.531578947368421,0.5714285714285714,0.42,0.16049382716049382,0.10294117647058823,0.1935483870967742,0.125,0.47058823529411764,0.6,,0.8387096774193549,0.5142857142857142,0.8181818181818182,0.8333333333333334,0.4186046511627907,0.7142857142857143,0.3333333333333333,0.3888888888888889,0.625,1.0,0.9047619047619048,0.8571428571428571,94.0,0.75,16.29787234042553,14.340425531914894,15.425531914893616,14.106382978723405,0.38271604938271603,0.5483870967741935,0.68,0.4117647058823529,0.09876543209876543,0.625,0.7142857142857143,,0.35802469135802467,0.3793103448275862,0.3793103448275862,0.6363636363636364,0.14814814814814814,0.4166666666666667,0.4166666666666667,0.6,0.5384615384615384,0.8571428571428571,0.23076923076923078,,,0.25,0.4,0.1,,0.5432098765432098,0.4166666666666667,0.4957592592592593,0.5304115384615384,0.45874249999999994,0.14285714285714285,0.16666666666666666,,0.15841584158415842,0.2079207920792079,9.117647058823529,24.407692307692308,0.2765957446808511,2006-11-20,0020600147,TOR,,1.0,1.0,,,2.0,4.0,,,,,,0.75,0.012345679012345678,,,,,0.05,,2.0,,1.0,,,,0.05555555555555555,,,1.0,,,,,,,,,,,,,2006-07,2007,Regular Season
48:00,92.0,92.0,20.0,36.0,15.0,184.0,24.0,32.0,5.0,8.0,4.0,7.0,12.0,21.0,8.0,18.0,1.0,12.0,,2.0,1.0,3.0,44.0,71.0,2.0,13.0,16.0,110.0,9.0,12.0,,2.0,,18.0,7.0,15.0,1.0,3.0,7.0,24.0,54.0,34.0,6.0,,10.0,,,12.0,1.0,6.0,27.0,2.0,29.0,1.0,18.0,5.0,4.0,60.0,13.0,,6.0,29.0,2.0,37.0,17.0,54.0,3.0,,3.0,6.0,3.0,11.0,3.0,1.0,17.0,2.0,15.0,25.0,,1.0,22.0,,3.0,21.0,8.0,10.0,,4.0,6.0,4.0,1.0,1.0,6.0,5.0,,92.0,24.0,20.0,3.0,3.0,0.6136363636363636,0.6923076923076923,1.0,0.15384615384615385,,0.3333333333333333,0.15384615384615385,0.6197183098591549,0.75,0.4666666666666667,0.5595238095238095,0.6428571428571429,0.4722222222222222,0.6055555555555555,0.6428571428571429,0.5714285714285714,0.15476190476190477,0.08450704225352113,0.09375,0.09523809523809523,0.35294117647058826,0.5,,0.7837837837837838,0.48148148148148145,0.75,0.7777777777777778,0.4473684210526316,0.625,0.5555555555555556,0.3,0.7777777777777778,0.75,0.8125,0.6,92.0,0.8333333333333334,15.358695652173912,15.945652173913043,14.41304347826087,15.25,0.38095238095238093,0.75,0.8275862068965517,0.75,0.25,0.5714285714285714,0.631578947368421,0.4166666666666667,0.21428571428571427,0.4444444444444444,0.47058823529411764,0.5,0.14285714285714285,0.08333333333333333,0.08333333333333333,1.0,0.5714285714285714,0.625,0.14285714285714285,,,0.3888888888888889,0.5714285714285714,0.16666666666666666,0.3333333333333333,0.5357142857142857,0.08333333333333333,0.48525892857142855,0.5095318181818181,0.47278333333333333,0.11627906976744186,0.136986301369863,,0.16363636363636364,0.21818181818181817,7.242253521126761,24.46153846153846,0.21739130434782608,2006-11-22,0020600167,SAC,1.0,1.0,,1.0,4.0,4.0,2.0,,,,0.36363636363636365,0.36363636363636365,1.0,0.011904761904761904,1.0,1.0,1.0,0.2,,,2.0,1.0,,,0.05555555555555555,,0.0625,,,1.0,,,,,,1.0,,,,,,1.0,2006-07,2007,Regular Season
48:00,92.0,92.0,25.0,31.0,14.0,184.0,21.0,29.0,5.0,5.0,1.0,3.0,6.0,14.0,10.0,23.0,5.0,11.0,,,3.0,5.0,37.0,66.0,5.0,12.0,25.0,114.0,10.0,12.0,,1.0,3.0,23.0,5.0,10.0,3.0,6.0,13.0,32.0,48.0,26.0,12.0,3.0,12.0,,,11.0,5.0,6.0,24.0,4.0,28.0,4.0,14.0,3.0,7.0,60.0,11.0,,10.0,21.0,3.0,34.0,16.0,50.0,4.0,2.0,2.0,8.0,4.0,7.0,4.0,1.0,15.0,5.0,15.0,26.0,,2.0,26.0,2.0,3.0,30.0,1.0,6.0,,9.0,9.0,5.0,,4.0,9.0,8.0,2.0,91.0,32.0,25.0,3.0,7.0,0.6486486486486487,0.7741935483870968,0.8,0.4166666666666667,,0.5,0.4166666666666667,0.5606060606060606,0.8333333333333334,0.5,0.5705128205128205,0.7692307692307693,0.59375,0.6141304347826086,0.7666666666666667,0.6739130434782609,0.15384615384615385,0.09090909090909091,0.10344827586206896,0.14285714285714285,0.5333333333333333,1.0,,0.8076923076923077,0.3793103448275862,0.8333333333333334,0.8157894736842105,0.4444444444444444,0.5,0.25,0.38461538461538464,0.8,0.7142857142857143,0.8888888888888888,0.9,92.0,0.8888888888888888,14.782608695652174,16.52173913043478,13.902173913043478,16.02173913043478,0.3717948717948718,0.7241379310344828,0.8076923076923077,0.6666666666666666,0.1794871794871795,0.42857142857142855,0.5,0.5,0.2948717948717949,0.43478260869565216,0.45454545454545453,0.7,0.14102564102564102,0.45454545454545453,0.45454545454545453,0.8,0.38461538461538464,1.0,,,,0.1875,0.3333333333333333,0.3125,0.6,0.5256410256410257,0.45454545454545453,0.504052564102564,0.4559375,0.477015625,0.07228915662650602,0.08450704225352113,,0.20175438596491227,0.2807017543859649,8.483333333333333,24.558333333333334,0.2717391304347826,2006-11-24,0020600181,LAL,,1.0,1.0,,5.0,2.0,1.0,,,,0.7142857142857143,0.6666666666666666,0.5,0.01282051282051282,,,,,0.0625,,1.0,1.0,,,0.043478260869565216,,0.03333333333333333,,1.0,,,,0.07692307692307693,,,,,,1.0,,,,2006-07,2007,Regular Season
48:00,92.0,92.0,18.0,31.0,15.0,184.0,12.0,27.0,1.0,7.0,5.0,7.0,1.0,11.0,6.0,18.0,7.0,19.0,2.0,5.0,1.0,5.0,19.0,56.0,8.0,27.0,16.0,78.0,3.0,11.0,3.0,6.0,4.0,19.0,8.0,12.0,1.0,5.0,3.0,22.0,32.0,6.0,24.0,,2.0,,1.0,18.0,7.0,12.0,16.0,8.0,24.0,7.0,10.0,1.0,5.0,56.0,15.0,,8.0,23.0,3.0,34.0,21.0,55.0,10.0,6.0,4.0,14.0,11.0,9.0,3.0,2.0,23.0,3.0,9.0,24.0,2.0,1.0,15.0,2.0,3.0,20.0,,7.0,1.0,1.0,5.0,5.0,,,5.0,3.0,,59.0,22.0,18.0,5.0,1.0,0.8421052631578947,0.8888888888888888,1.0,0.2962962962962963,0.5,0.2,0.3076923076923077,0.3392857142857143,0.2727272727272727,0.6666666666666666,0.37349397590361444,0.4411764705882353,0.5588235294117647,0.42391304347826086,0.5,0.5789473684210527,0.3253012048192771,0.21428571428571427,0.3333333333333333,0.2727272727272727,0.6086956521739131,0.75,,0.5897435897435898,0.42857142857142855,0.6153846153846154,0.5961538461538461,0.39622641509433965,0.4666666666666667,0.3,0.5,0.7368421052631579,0.5,0.42857142857142855,0.3333333333333333,92.0,0.6,15.83695652173913,15.467391304347826,14.565217391304348,13.565217391304348,0.3253012048192771,0.4444444444444444,0.6666666666666666,0.8333333333333334,0.13253012048192772,0.09090909090909091,0.125,1.0,0.21686746987951808,0.3333333333333333,0.3333333333333333,0.8333333333333334,0.2289156626506024,0.3684210526315789,0.3684210526315789,1.0,0.4117647058823529,0.14285714285714285,0.29411764705882354,0.4,1.0,0.4117647058823529,0.7142857142857143,0.29411764705882354,0.2,0.6506024096385542,0.3888888888888889,0.4714213414634147,0.4850041666666667,0.47331875,0.08791208791208792,0.1111111111111111,0.03571428571428571,0.24358974358974358,0.28205128205128205,8.77142857142857,26.05185185185185,0.1956521739130435,2006-11-25,0020600194,GSW,1.0,8.0,,1.0,6.0,1.0,3.0,,,,0.3333333333333333,0.45454545454545453,0.8571428571428571,0.0963855421686747,0.125,0.125,1.0,,,,1.0,1.0,2.0,,,,0.024390243902439025,1.0,1.0,,,,0.058823529411764705,1.0,1.0,,,,0.14285714285714285,,,,2006-07,2007,Regular Season
48:00,88.0,90.0,29.0,34.0,7.0,178.0,15.0,21.0,3.0,3.0,9.0,9.0,1.0,5.0,12.0,30.0,1.0,12.0,,,1.0,4.0,28.0,56.0,1.0,12.0,16.0,75.0,3.0,4.0,,,1.0,7.0,13.0,21.0,1.0,4.0,5.0,34.0,36.0,20.0,3.0,,4.0,,,12.0,1.0,3.0,18.0,1.0,19.0,1.0,10.0,1.0,7.0,39.0,6.0,1.0,6.0,24.0,3.0,33.0,8.0,41.0,6.0,3.0,3.0,10.0,4.0,11.0,6.0,4.0,21.0,6.0,13.0,25.0,,2.0,21.0,3.0,1.0,20.0,2.0,8.0,,2.0,6.0,4.0,,2.0,6.0,3.0,1.0,68.0,34.0,29.0,3.0,2.0,0.6428571428571429,0.6923076923076923,1.0,0.08333333333333333,,0.25,0.08333333333333333,0.5,0.75,0.6190476190476191,0.4338235294117647,0.75,0.58,0.48026315789473684,0.7,0.6071428571428571,0.17647058823529413,0.05357142857142857,0.09523809523809523,0.2,0.47619047619047616,0.75,1.0,0.6666666666666666,0.21428571428571427,0.6666666666666666,0.6666666666666666,0.18421052631578946,0.3333333333333333,0.25,0.16666666666666666,0.75,0.5714285714285714,0.7142857142857143,0.75,89.0,0.5,15.340909090909092,17.0,15.045454545454545,15.7,0.3088235294117647,0.7142857142857143,0.7894736842105263,0.6666666666666666,0.07352941176470588,0.2,0.25,1.0,0.4411764705882353,0.4,0.4,0.5833333333333334,0.17647058823529413,0.08333333333333333,0.08333333333333333,1.0,0.75,1.0,,,,0.36,1.0,0.16,0.25,0.4852941176470588,0.08333333333333333,0.48511176470588235,0.568575,0.491364,0.10810810810810811,0.12903225806451613,,0.09333333333333334,0.4533333333333333,10.841071428571428,25.375,0.32954545454545453,2006-11-27,0020600202,ORL,,,,,1.0,2.0,3.0,,,,0.1,0.1,,,,,,0.3333333333333333,,,,2.0,2.0,,,,,,,,,,,,,,,,,,,,2006-07,2007,Regular Season
48:00,80.0,80.0,32.0,5.0,13.0,160.0,12.0,21.0,3.0,8.0,8.0,10.0,2.0,10.0,11.0,31.0,5.0,9.0,,,2.0,3.0,25.0,62.0,5.0,11.0,18.0,83.0,4.0,13.0,,,3.0,11.0,12.0,27.0,2.0,4.0,9.0,39.0,36.0,14.0,6.0,9.0,4.0,,,9.0,5.0,5.0,18.0,2.0,20.0,2.0,8.0,2.0,8.0,42.0,14.0,1.0,13.0,22.0,2.0,37.0,18.0,55.0,6.0,3.0,3.0,4.0,2.0,7.0,2.0,1.0,11.0,3.0,6.0,14.0,,1.0,22.0,3.0,2.0,27.0,,9.0,,4.0,5.0,3.0,,2.0,7.0,4.0,2.0,72.0,39.0,32.0,,4.0,0.72,0.782608695652174,0.4,0.45454545454545453,,0.5,0.45454545454545453,0.4032258064516129,0.3076923076923077,0.4444444444444444,0.4452054794520548,0.3076923076923077,0.4838709677419355,0.47674418604651164,0.3235294117647059,0.527027027027027,0.1506849315068493,0.08064516129032258,0.19047619047619047,0.1,0.36363636363636365,1.0,0.25,0.7857142857142857,0.3888888888888889,0.8125,0.7954545454545454,0.40476190476190477,0.6666666666666666,0.14285714285714285,0.35,0.8333333333333334,0.7142857142857143,0.8,0.7272727272727273,80.0,0.5714285714285714,18.625,17.375,17.0125,16.7625,0.2876712328767123,0.5714285714285714,0.7058823529411765,0.6666666666666666,0.136986301369863,0.2,0.2222222222222222,1.0,0.4246575342465753,0.3548387096774194,0.3548387096774194,0.7272727272727273,0.1232876712328767,0.5555555555555556,0.5555555555555556,0.4,0.6153846153846154,0.375,,,,0.3225806451612903,0.8,0.0967741935483871,0.6666666666666666,0.4383561643835616,0.5555555555555556,0.46492123287671233,0.45849999999999996,0.46207258064516127,0.10975609756097561,0.1267605633802817,,0.13253012048192772,0.46987951807228917,10.46774193548387,24.481818181818184,0.4,2006-11-29,0020600217,SAS,,2.0,1.0,,3.0,3.0,1.0,2.0,1.0,1.0,0.5,0.5,1.0,0.0273972602739726,,,,0.3333333333333333,0.03225806451612903,,2.0,1.0,,,,,0.05263157894736842,,,,1.0,,,,,,,,0.5,,,,2006-07,2007,Regular Season
48:00,97.0,97.0,49.0,47.0,13.0,194.0,20.0,37.0,5.0,8.0,8.0,17.0,6.0,19.0,11.0,18.0,1.0,6.0,,1.0,,3.0,37.0,74.0,2.0,9.0,22.0,102.0,5.0,11.0,,1.0,2.0,12.0,12.0,30.0,1.0,6.0,13.0,40.0,48.0,26.0,6.0,,6.0,,,6.0,1.0,5.0,24.0,2.0,26.0,1.0,10.0,3.0,11.0,54.0,15.0,,7.0,11.0,3.0,21.0,17.0,38.0,6.0,6.0,,9.0,4.0,7.0,5.0,1.0,16.0,12.0,15.0,33.0,1.0,3.0,27.0,1.0,2.0,31.0,3.0,11.0,,6.0,4.0,2.0,,2.0,4.0,3.0,,90.0,40.0,49.0,7.0,6.0,0.6486486486486487,0.7058823529411765,1.0,0.2222222222222222,,0.16666666666666666,0.2222222222222222,0.5,0.45454545454545453,0.4,0.4819277108433735,0.4166666666666667,0.375,0.5257731958762887,0.46153846153846156,0.4444444444444444,0.10843373493975904,0.06756756756756757,0.10810810810810811,0.05263157894736842,0.5625,0.75,,0.55,0.40540540540540543,0.875,0.6428571428571429,0.38636363636363635,0.5882352941176471,0.23076923076923078,0.2857142857142857,0.6,0.75,0.3333333333333333,0.6666666666666666,97.0,0.75,15.845360824742269,13.845360824742269,15.216494845360824,13.185567010309278,0.4457831325301205,0.5405405405405406,0.6060606060606061,0.5,0.2289156626506024,0.3157894736842105,0.3333333333333333,0.5,0.21686746987951808,0.6111111111111112,0.6111111111111112,1.0,0.07228915662650602,0.16666666666666666,0.16666666666666666,1.0,0.6666666666666666,0.625,0.08333333333333333,,,0.4722222222222222,0.47058823529411764,0.08333333333333333,,0.5542168674698795,0.16666666666666666,0.49710722891566267,0.5238499999999999,0.5099736111111111,0.12087912087912088,0.13414634146341464,,0.11764705882352941,0.39215686274509803,6.8621621621621625,25.333333333333332,0.5051546391752577,2006-11-30,0020600223,LAL,1.0,3.0,3.0,1.0,2.0,1.0,4.0,,,,0.2857142857142857,0.4,1.0,0.03614457831325301,0.3333333333333333,0.3333333333333333,1.0,0.4,0.08333333333333333,,2.0,,,,,,0.05128205128205128,,,,,,,,,2.0,1.0,0.3333333333333333,,,,,2006-07,2007,Regular Season
48:00,99.0,98.0,31.0,46.0,10.0,197.0,21.0,33.0,6.0,9.0,9.0,14.0,4.0,7.0,11.0,27.0,3.0,8.0,,,1.0,4.0,36.0,67.0,5.0,13.0,22.0,109.0,7.0,10.0,,,2.0,16.0,12.0,22.0,2.0,6.0,9.0,39.0,54.0,18.0,15.0,,10.0,,,8.0,3.0,3.0,27.0,5.0,32.0,3.0,15.0,4.0,8.0,69.0,9.0,2.0,7.0,22.0,3.0,32.0,12.0,44.0,6.0,3.0,3.0,9.0,6.0,9.0,3.0,1.0,18.0,3.0,12.0,28.0,1.0,2.0,23.0,2.0,4.0,30.0,,11.0,,4.0,3.0,1.0,1.0,1.0,3.0,3.0,1.0,93.0,39.0,31.0,6.0,3.0,0.75,0.8709677419354839,1.0,0.38461538461538464,,0.3333333333333333,0.38461538461538464,0.5373134328358209,0.7,0.5454545454545454,0.54375,0.7,0.5357142857142857,0.5684210526315789,0.7272727272727273,0.5588235294117647,0.1625,0.04477611940298507,0.06060606060606061,,0.5,1.0,0.5,0.8461538461538461,0.2903225806451613,0.7777777777777778,0.8285714285714286,0.2702702702702703,0.3333333333333333,0.3333333333333333,0.25,0.75,1.0,0.8235294117647058,0.7142857142857143,98.5,1.0,15.414141414141413,13.816326530612244,14.98989898989899,13.510204081632653,0.4125,0.6363636363636364,0.6774193548387096,0.7142857142857143,0.0875,0.5714285714285714,0.5714285714285714,1.0,0.3375,0.4074074074074074,0.4230769230769231,0.7272727272727273,0.1,0.375,0.375,1.0,0.9,0.6666666666666666,,,,0.5,0.6428571428571429,0.14285714285714285,0.25,0.575,0.375,0.495583125,0.5616399999999999,0.5098,0.12087912087912088,0.14102564102564102,,0.14678899082568808,0.3577981651376147,8.23731343283582,24.16923076923077,0.31313131313131315,2006-12-02,0020600241,SEA,2.0,5.0,2.0,2.0,1.0,2.0,1.0,,,,0.16666666666666666,0.3333333333333333,1.0,0.0625,0.4,0.4,1.0,0.16666666666666666,0.07142857142857142,,,1.0,1.0,,0.037037037037037035,,,,,,,,,,,1.0,1.0,0.5,,,,,2006-07,2007,Regular Season
48:00,89.0,89.0,35.0,46.0,10.0,178.0,22.0,31.0,4.0,7.0,7.0,7.0,5.0,9.0,8.0,22.0,4.0,14.0,,2.0,1.0,6.0,35.0,62.0,4.0,15.0,19.0,101.0,4.0,8.0,,2.0,2.0,10.0,12.0,21.0,1.0,6.0,6.0,33.0,54.0,16.0,9.0,3.0,8.0,,,14.0,4.0,3.0,27.0,3.0,30.0,3.0,15.0,4.0,8.0,63.0,12.0,,11.0,24.0,5.0,40.0,14.0,54.0,4.0,1.0,3.0,9.0,8.0,6.0,1.0,,15.0,5.0,5.0,25.0,3.0,3.0,22.0,2.0,1.0,26.0,5.0,11.0,,4.0,7.0,4.0,,3.0,8.0,5.0,1.0,91.0,33.0,35.0,5.0,4.0,0.7714285714285715,0.8709677419354839,0.75,0.26666666666666666,,0.16666666666666666,0.26666666666666666,0.5645161290322581,0.5,0.5714285714285714,0.5324675324675324,0.4,0.5,0.5747126436781609,0.45454545454545453,0.5161290322580645,0.19480519480519481,0.04838709677419355,,0.2222222222222222,0.6,1.0,,0.6486486486486487,0.4444444444444444,0.7857142857142857,0.6862745098039216,0.3684210526315789,0.6666666666666666,0.5,0.2857142857142857,0.5833333333333334,0.6666666666666666,0.6875,0.75,89.0,0.625,16.292134831460675,16.06741573033708,15.51685393258427,15.191011235955056,0.4025974025974026,0.7096774193548387,0.7096774193548387,0.6818181818181818,0.11688311688311688,0.5555555555555556,0.7142857142857143,0.8,0.2857142857142857,0.36363636363636365,0.38095238095238093,1.0,0.18181818181818182,0.2857142857142857,0.2857142857142857,0.75,0.7,0.5714285714285714,0.2,,,0.25925925925925924,1.0,0.2222222222222222,0.16666666666666666,0.5974025974025974,0.2857142857142857,0.500090909090909,0.5519666666666666,0.46669999999999995,0.13253012048192772,0.16176470588235295,,0.09900990099009901,0.32673267326732675,8.02258064516129,24.48,0.39325842696629215,2006-12-04,0020600252,MIL,,1.0,,,2.0,1.0,2.0,1.0,1.0,,0.18181818181818182,0.2,1.0,0.012987012987012988,,,,,,,1.0,1.0,,,0.045454545454545456,,0.02857142857142857,,,1.0,,,,,,,,,,1.0,,,2006-07,2007,Regular Season
48:00,92.0,92.0,37.0,19.0,12.0,184.0,19.0,30.0,8.0,9.0,9.0,12.0,3.0,9.0,12.0,22.0,4.0,13.0,,1.0,2.0,8.0,34.0,61.0,4.0,16.0,23.0,103.0,11.0,13.0,,1.0,1.0,23.0,14.0,23.0,2.0,10.0,8.0,42.0,38.0,30.0,9.0,3.0,12.0,,,13.0,4.0,6.0,19.0,3.0,22.0,3.0,9.0,1.0,9.0,47.0,9.0,1.0,3.0,23.0,2.0,28.0,15.0,43.0,4.0,2.0,2.0,8.0,7.0,8.0,1.0,3.0,16.0,6.0,6.0,21.0,,1.0,24.0,1.0,3.0,31.0,3.0,14.0,,3.0,2.0,2.0,,,2.0,,,80.0,42.0,37.0,6.0,3.0,0.5588235294117647,0.6785714285714286,0.75,0.25,,0.2,0.25,0.5573770491803278,0.8461538461538461,0.6086956521739131,0.5194805194805194,0.7857142857142857,0.5151515151515151,0.5659340659340659,0.8214285714285714,0.5526315789473685,0.2077922077922078,0.09836065573770492,0.2,,0.5,1.0,0.3333333333333333,0.71875,0.3333333333333333,0.5,0.6842105263157895,0.3684210526315789,0.45454545454545453,0.3333333333333333,0.2,0.6666666666666666,0.5555555555555556,0.8,0.3333333333333333,92.0,,15.652173913043478,15.652173913043478,14.91304347826087,14.717391304347826,0.38961038961038963,0.6333333333333333,0.7916666666666666,0.47368421052631576,0.11688311688311688,0.3333333333333333,0.3333333333333333,0.3333333333333333,0.2857142857142857,0.5454545454545454,0.5454545454545454,0.75,0.16883116883116883,0.3076923076923077,0.3076923076923077,0.75,0.6428571428571429,0.8888888888888888,0.07142857142857142,,,0.36363636363636365,0.75,0.24242424242424243,0.25,0.5974025974025974,0.3076923076923077,0.4941142857142857,0.5129833333333333,0.4948515151515152,0.1590909090909091,0.19444444444444445,,0.22330097087378642,0.4077669902912621,7.804918032786886,24.98125,0.40217391304347827,2006-12-08,0020600280,MIN,,3.0,2.0,,5.0,4.0,1.0,,,1.0,0.45454545454545453,0.375,0.6666666666666666,0.03896103896103896,,,,0.125,0.06060606060606061,,2.0,,,,,,0.0625,,,,,,,,,,,,0.6666666666666666,,,,2006-07,2007,Regular Season
48:00,89.0,89.0,47.0,28.0,13.0,178.0,19.0,31.0,1.0,4.0,12.0,17.0,6.0,12.0,11.0,29.0,2.0,6.0,,,,1.0,36.0,72.0,2.0,7.0,23.0,101.0,3.0,9.0,,,1.0,7.0,17.0,37.0,,1.0,16.0,50.0,44.0,28.0,6.0,,2.0,,,6.0,2.0,8.0,22.0,2.0,24.0,2.0,11.0,4.0,7.0,50.0,12.0,,12.0,23.0,4.0,39.0,15.0,54.0,6.0,3.0,3.0,8.0,5.0,7.0,3.0,2.0,15.0,5.0,12.0,28.0,1.0,1.0,26.0,2.0,2.0,27.0,2.0,9.0,,4.0,4.0,2.0,,2.0,4.0,4.0,,94.0,50.0,47.0,4.0,4.0,0.6111111111111112,0.6285714285714286,1.0,0.2857142857142857,,,0.2857142857142857,0.5,0.3333333333333333,0.4594594594594595,0.4936708860759494,0.3333333333333333,0.4473684210526316,0.5444444444444444,0.35,0.5108695652173914,0.08860759493670886,0.1111111111111111,0.12903225806451613,0.25,0.5333333333333333,0.8,,0.8846153846153846,0.34285714285714286,0.75,0.8333333333333334,0.38461538461538464,0.4166666666666667,0.4,0.2777777777777778,0.75,0.9,0.9166666666666666,0.6666666666666666,89.0,1.0,15.51685393258427,16.84269662921348,14.303370786516854,16.078651685393258,0.3924050632911392,0.6129032258064516,0.7037037037037037,0.5789473684210527,0.1518987341772152,0.5,0.6666666666666666,0.6666666666666666,0.3670886075949367,0.3793103448275862,0.39285714285714285,0.6363636363636364,0.0759493670886076,0.3333333333333333,0.3333333333333333,1.0,0.4444444444444444,0.25,,,,0.4473684210526316,0.7058823529411765,0.02631578947368421,,0.4810126582278481,0.3333333333333333,0.4845284810126582,0.4757444444444444,0.4812736842105263,0.10465116279069768,0.11392405063291139,,0.06930693069306931,0.49504950495049505,8.920833333333333,24.385714285714283,0.5280898876404494,2006-12-11,0020600307,DAL,,1.0,,,3.0,3.0,5.0,,,,0.75,0.6666666666666666,1.0,0.012658227848101266,,,,,,,2.0,3.0,,,0.034482758620689655,,0.0625,,,,,,,,,,,,1.0,,,,2006-07,2007,Regular Season
48:00,88.0,89.0,14.0,25.0,12.0,177.0,23.0,29.0,4.0,7.0,2.0,4.0,6.0,15.0,5.0,23.0,6.0,11.0,1.0,2.0,3.0,3.0,34.0,67.0,7.0,13.0,16.0,105.0,4.0,9.0,2.0,3.0,4.0,18.0,3.0,7.0,4.0,5.0,2.0,20.0,46.0,22.0,21.0,,4.0,,,11.0,6.0,4.0,23.0,7.0,30.0,6.0,14.0,5.0,4.0,67.0,14.0,1.0,3.0,23.0,3.0,29.0,16.0,45.0,6.0,2.0,4.0,7.0,4.0,6.0,3.0,4.0,13.0,3.0,15.0,26.0,3.0,,20.0,2.0,4.0,23.0,,9.0,1.0,1.0,3.0,1.0,2.0,,3.0,2.0,,87.0,20.0,14.0,6.0,,0.6764705882352942,0.71875,1.0,0.5384615384615384,0.6666666666666666,0.8,0.5384615384615384,0.5074626865671642,0.4444444444444444,0.42857142857142855,0.55625,0.5833333333333334,0.75,0.5769230769230769,0.6428571428571429,0.7692307692307693,0.1625,0.05970149253731343,0.06896551724137931,0.13333333333333333,0.5384615384615384,1.0,0.3333333333333333,0.7931034482758621,0.42424242424242425,0.3,0.6666666666666666,0.38461538461538464,0.6666666666666666,0.4444444444444444,0.3333333333333333,0.75,0.7777777777777778,0.8125,0.6,88.5,0.6666666666666666,16.568181818181817,15.97752808988764,15.147727272727273,15.539325842696629,0.3625,0.7931034482758621,0.8518518518518519,0.6086956521739131,0.1875,0.4,0.46153846153846156,0.8333333333333334,0.2875,0.21739130434782608,0.21739130434782608,0.8,0.1375,0.5454545454545454,0.5454545454545454,1.0,0.5833333333333334,0.5714285714285714,0.16666666666666666,0.5,1.0,0.3333333333333333,0.5,0.25,1.0,0.525,0.5454545454545454,0.48183375,0.50435,0.47688749999999996,0.1111111111111111,0.11842105263157894,0.07142857142857142,0.17142857142857143,0.19047619047619047,7.5462686567164186,25.0,0.1590909090909091,2006-12-13,0020600325,LAC,1.0,2.0,2.0,1.0,1.0,,2.0,,,,0.16666666666666666,0.2,,0.025,0.5,0.5,1.0,0.25,0.16666666666666666,,,,,,,,,1.0,1.0,,,,0.08333333333333333,1.0,1.0,,1.0,0.5,,,,,2006-07,2007,Regular Season
48:00,90.0,91.0,45.0,40.0,12.0,181.0,17.0,23.0,,,5.0,6.0,4.0,13.0,8.0,18.0,2.0,14.0,1.0,2.0,1.0,5.0,29.0,54.0,5.0,19.0,24.0,97.0,1.0,2.0,1.0,3.0,4.0,9.0,12.0,23.0,3.0,9.0,13.0,46.0,44.0,14.0,15.0,,,,,14.0,2.0,2.0,22.0,5.0,27.0,2.0,12.0,3.0,7.0,59.0,6.0,,8.0,24.0,3.0,35.0,13.0,48.0,6.0,3.0,3.0,8.0,7.0,9.0,1.0,1.0,17.0,13.0,16.0,29.0,1.0,2.0,27.0,1.0,2.0,31.0,4.0,14.0,,3.0,9.0,5.0,,4.0,9.0,6.0,,88.0,46.0,45.0,4.0,3.0,0.7586206896551724,0.7586206896551724,1.0,0.2631578947368421,0.3333333333333333,0.3333333333333333,0.2631578947368421,0.5370370370370371,0.5,0.5217391304347826,0.5,0.5,0.515625,0.5581395348837209,0.5625,0.5769230769230769,0.2602739726027397,0.037037037037037035,0.08695652173913043,,0.47058823529411764,1.0,,0.6486486486486487,0.24,0.8,0.6808510638297872,0.3333333333333333,0.3333333333333333,0.1111111111111111,0.3,0.45454545454545453,0.5,0.9285714285714286,0.7777777777777778,90.5,0.6666666666666666,17.366666666666667,14.472527472527473,15.766666666666667,13.912087912087912,0.3150684931506849,0.7391304347826086,0.8095238095238095,0.7058823529411765,0.1780821917808219,0.3076923076923077,0.3076923076923077,0.75,0.2465753424657534,0.4444444444444444,0.4444444444444444,0.875,0.1917808219178082,0.14285714285714285,0.14285714285714285,1.0,,,0.4,0.5,1.0,0.1875,0.8333333333333334,0.15625,0.2,0.5753424657534246,0.14285714285714285,0.4965356164383562,0.55665,0.4620671875,0.1686746987951807,0.21875,,0.09278350515463918,0.4742268041237113,7.9,24.25263157894737,0.5,2006-12-15,0020600337,SAC,3.0,5.0,4.0,3.0,7.0,2.0,5.0,,,,0.5,0.4166666666666667,1.0,0.0684931506849315,0.6,0.6,1.0,,0.125,,,1.0,2.0,,,,,,1.0,,,,0.2,,,,2.0,0.5,1.0,,,,2006-07,2007,Regular Season
48:00,95.0,95.0,56.0,47.0,18.0,190.0,17.0,27.0,6.0,7.0,8.0,14.0,5.0,15.0,10.0,26.0,4.0,9.0,,,2.0,7.0,32.0,68.0,5.0,12.0,25.0,104.0,7.0,12.0,,,8.0,22.0,14.0,35.0,2.0,9.0,20.0,54.0,36.0,28.0,12.0,3.0,8.0,,,9.0,4.0,5.0,18.0,4.0,22.0,3.0,8.0,2.0,8.0,48.0,16.0,2.0,10.0,19.0,2.0,31.0,20.0,51.0,5.0,3.0,2.0,11.0,8.0,10.0,3.0,1.0,21.0,14.0,14.0,35.0,3.0,6.0,36.0,5.0,7.0,35.0,1.0,7.0,,10.0,7.0,5.0,,2.0,7.0,4.0,,82.0,54.0,56.0,7.0,9.0,0.5625,0.6428571428571429,0.8,0.4166666666666667,,0.2222222222222222,0.4166666666666667,0.47058823529411764,0.5833333333333334,0.4,0.49375,0.5833333333333334,0.38636363636363635,0.5364583333333334,0.6470588235294118,0.4732142857142857,0.15,0.07352941176470588,0.18518518518518517,,0.5238095238095238,1.0,0.3333333333333333,0.59375,0.47058823529411764,0.7142857142857143,0.6304347826086957,0.45,0.4444444444444444,0.5,0.4666666666666667,0.6428571428571429,0.5,0.6666666666666666,0.8333333333333334,95.0,0.5714285714285714,17.178947368421053,13.136842105263158,15.473684210526315,12.578947368421053,0.3375,0.6296296296296297,0.7727272727272727,0.47058823529411764,0.1875,0.3333333333333333,0.3333333333333333,0.4,0.325,0.38461538461538464,0.38461538461538464,0.8,0.1125,0.4444444444444444,0.4444444444444444,0.75,0.5833333333333334,0.8571428571428571,,,,0.3181818181818182,0.5714285714285714,0.1590909090909091,0.2857142857142857,0.4875,0.4444444444444444,0.45621392405063294,0.4335909090909091,0.4492883720930233,0.08139534883720931,0.0945945945945946,,0.21153846153846154,0.5192307692307693,9.88529411764706,26.150000000000002,0.5894736842105263,2006-12-17,0020600352,IND,1.0,3.0,2.0,1.0,2.0,1.0,4.0,,,,0.3333333333333333,0.5,0.625,0.0375,0.3333333333333333,0.3333333333333333,1.0,0.3333333333333333,0.045454545454545456,,3.0,2.0,,,,,0.08571428571428572,,,,,,,,,,,,,,,,2006-07,2007,Regular Season
53:00,103.0,103.0,26.0,20.0,15.0,206.0,12.0,25.0,3.0,6.0,3.0,5.0,5.0,21.0,9.0,25.0,7.0,16.0,,1.0,6.0,8.0,26.0,71.0,7.0,19.0,23.0,96.0,3.0,9.0,,1.0,6.0,12.0,7.0,14.0,6.0,10.0,5.0,37.0,22.0,30.0,18.0,3.0,4.0,,,16.0,7.0,9.0,11.0,6.0,17.0,6.0,4.0,2.0,5.0,40.0,15.0,1.0,6.0,24.0,5.0,35.0,18.0,53.0,6.0,5.0,1.0,10.0,7.0,7.0,3.0,1.0,17.0,2.0,13.0,23.0,1.0,4.0,25.0,2.0,4.0,31.0,,11.0,2.0,1.0,4.0,4.0,,,4.0,2.0,,84.0,37.0,26.0,2.0,1.0,0.4230769230769231,0.4583333333333333,0.8571428571428571,0.3684210526315789,,0.6,0.3684210526315789,0.36619718309859156,0.3333333333333333,0.5,0.40555555555555556,0.3,0.6666666666666666,0.4567307692307692,0.42857142857142855,0.6851851851851852,0.2111111111111111,0.1267605633802817,0.16,0.19047619047619047,0.5882352941176471,1.0,0.2,0.5714285714285714,0.3333333333333333,0.5454545454545454,0.5660377358490566,0.2982456140350877,0.23076923076923078,0.4375,0.3125,0.5,0.6666666666666666,0.6363636363636364,0.5555555555555556,93.28301886792453,0.5,15.640776699029127,15.233009708737864,14.864077669902912,14.349514563106796,0.2777777777777778,0.48,0.5714285714285714,0.3333333333333333,0.23333333333333334,0.23809523809523808,0.29411764705882354,0.4,0.2777777777777778,0.36,0.375,0.5555555555555556,0.17777777777777778,0.4375,0.4375,0.8571428571428571,0.6,0.5,0.1,,,0.20833333333333334,0.6,0.3333333333333333,0.75,0.4888888888888889,0.4375,0.4713488888888889,0.511888888888889,0.45870625000000004,0.1262135922330097,0.13414634146341464,0.09523809523809523,0.125,0.3854166666666667,9.056338028169014,24.94736842105263,0.2524271844660194,2006-12-18,0020600357,NYK,,3.0,2.0,,2.0,2.0,4.0,,,,0.16666666666666666,0.2222222222222222,0.5,0.03333333333333333,,,,,0.08333333333333333,,1.0,1.0,,,0.04,,0.020833333333333332,,,,,,,,,,,,,,,,2006-07,2007,Regular Season
48:00,96.0,97.0,43.0,49.0,11.0,193.0,18.0,24.0,5.0,6.0,6.0,7.0,3.0,9.0,10.0,22.0,7.0,14.0,,,4.0,7.0,31.0,55.0,8.0,15.0,26.0,112.0,5.0,8.0,,,3.0,13.0,12.0,21.0,5.0,8.0,12.0,51.0,40.0,22.0,24.0,,2.0,,,14.0,7.0,6.0,20.0,8.0,28.0,7.0,10.0,2.0,8.0,64.0,7.0,3.0,3.0,19.0,5.0,27.0,12.0,39.0,13.0,9.0,4.0,15.0,9.0,9.0,6.0,3.0,24.0,10.0,20.0,30.0,1.0,2.0,32.0,1.0,3.0,42.0,7.0,16.0,1.0,8.0,4.0,3.0,1.0,,4.0,1.0,,99.0,51.0,43.0,4.0,7.0,0.6451612903225806,0.6666666666666666,1.0,0.5333333333333333,,0.625,0.5333333333333333,0.5636363636363636,0.625,0.5714285714285714,0.6142857142857143,0.625,0.6724137931034483,0.6436781609195402,0.65,0.6538461538461539,0.21428571428571427,0.10909090909090909,0.20833333333333334,,0.625,1.0,0.42857142857142855,0.59375,0.30434782608695654,0.42857142857142855,0.5641025641025641,0.3,0.3333333333333333,0.3333333333333333,0.2727272727272727,0.6875,0.6666666666666666,0.46153846153846156,0.25,96.5,0.25,14.770833333333334,15.072164948453608,13.791666666666666,14.144329896907216,0.34285714285714286,0.75,0.9473684210526315,0.5555555555555556,0.12857142857142856,0.3333333333333333,0.3333333333333333,0.6666666666666666,0.3142857142857143,0.45454545454545453,0.47619047619047616,0.8,0.2,0.5,0.5,1.0,0.75,0.8333333333333334,,,,0.2413793103448276,0.8571428571428571,0.2413793103448276,0.5714285714285714,0.5571428571428572,0.5,0.4761971428571428,0.6294000000000001,0.46243275862068967,0.21518987341772153,0.25,0.06666666666666667,0.11607142857142858,0.45535714285714285,8.952727272727273,27.006666666666668,0.4479166666666667,2006-12-20,0020600365,ATL,1.0,1.0,1.0,1.0,2.0,1.0,3.0,,,,0.2857142857142857,0.2857142857142857,0.6666666666666666,0.014285714285714285,1.0,1.0,1.0,0.8,0.034482758620689655,,2.0,,,,0.045454545454545456,,0.08,,,,,,,,,,1.0,1.0,,,1.0,,2006-07,2007,Regular Season
48:00,92.0,93.0,44.0,50.0,10.0,185.0,15.0,24.0,1.0,2.0,8.0,13.0,1.0,7.0,10.0,27.0,3.0,7.0,1.0,1.0,1.0,4.0,26.0,58.0,5.0,11.0,22.0,89.0,3.0,5.0,1.0,1.0,2.0,11.0,10.0,23.0,3.0,7.0,13.0,42.0,36.0,16.0,15.0,,2.0,,1.0,6.0,3.0,3.0,18.0,5.0,23.0,3.0,8.0,,10.0,51.0,8.0,1.0,8.0,22.0,5.0,35.0,10.0,45.0,5.0,4.0,1.0,11.0,7.0,8.0,4.0,4.0,19.0,10.0,13.0,30.0,4.0,3.0,27.0,2.0,2.0,31.0,1.0,11.0,,5.0,6.0,6.0,,,6.0,3.0,,78.0,42.0,44.0,5.0,5.0,0.6923076923076923,0.72,1.0,0.45454545454545453,1.0,0.42857142857142855,0.5,0.4482758620689655,0.6,0.43478260869565216,0.4855072463768116,0.75,0.48333333333333334,0.5297619047619048,0.7857142857142857,0.5384615384615384,0.15942028985507245,0.05172413793103448,0.125,,0.5789473684210527,0.8333333333333334,0.16666666666666666,0.5789473684210527,0.25806451612903225,0.8888888888888888,0.6382978723404256,0.25,0.2222222222222222,0.5,0.1875,0.47368421052631576,0.5,0.8181818181818182,1.0,92.5,0.5,15.032608695652174,16.096774193548388,14.434782608695652,15.483870967741936,0.34782608695652173,0.625,0.7142857142857143,0.5333333333333333,0.10144927536231885,0.14285714285714285,0.14285714285714285,,0.391304347826087,0.37037037037037035,0.37037037037037035,1.0,0.10144927536231885,0.42857142857142855,0.42857142857142855,1.0,0.3333333333333333,0.5,0.16666666666666666,1.0,1.0,0.43333333333333335,0.6153846153846154,0.13333333333333333,0.25,0.5072463768115942,0.5,0.48112720588235297,0.4767666666666666,0.4912793103448276,0.13924050632911392,0.16176470588235295,,0.12359550561797752,0.47191011235955055,9.16551724137931,29.654545454545453,0.4782608695652174,2006-12-22,0020600379,CHA,2.0,4.0,3.0,2.0,1.0,,3.0,,,,0.2,,0.6666666666666666,0.057971014492753624,0.5,0.5,1.0,,0.1,,2.0,,1.0,,,,0.06060606060606061,,,,,,,,,,2.0,0.6666666666666666,0.5,,,,2006-07,2007,Regular Season
48:00,88.0,87.0,39.0,23.0,12.0,175.0,17.0,32.0,3.0,8.0,8.0,16.0,2.0,8.0,11.0,23.0,3.0,12.0,,4.0,3.0,9.0,30.0,63.0,3.0,13.0,31.0,100.0,4.0,11.0,,4.0,2.0,10.0,13.0,28.0,3.0,10.0,12.0,47.0,42.0,18.0,9.0,,6.0,,,12.0,3.0,10.0,21.0,3.0,24.0,3.0,11.0,2.0,8.0,51.0,15.0,,11.0,14.0,3.0,28.0,17.0,45.0,9.0,7.0,2.0,6.0,3.0,6.0,3.0,1.0,12.0,5.0,12.0,20.0,1.0,1.0,27.0,1.0,5.0,35.0,1.0,15.0,,3.0,,,,,,,,90.0,47.0,39.0,3.0,3.0,0.7,0.7777777777777778,1.0,0.23076923076923078,,0.3,0.23076923076923078,0.47619047619047616,0.36363636363636365,0.4642857142857143,0.45394736842105265,0.26666666666666666,0.4605263157894737,0.5376344086021505,0.3125,0.5340909090909091,0.17105263157894737,0.15873015873015872,0.28125,0.125,0.5,1.0,,0.8235294117647058,0.45454545454545453,0.6875,0.7575757575757576,0.3953488372093023,0.5333333333333333,0.6666666666666666,0.25,0.8333333333333334,0.3333333333333333,1.0,0.6428571428571429,87.5,,16.238636363636363,16.67816091954023,14.75,16.183908045977013,0.42105263157894735,0.53125,0.7391304347826086,0.6470588235294118,0.10526315789473684,0.25,0.2857142857142857,1.0,0.3026315789473684,0.4782608695652174,0.4782608695652174,0.7272727272727273,0.15789473684210525,0.25,0.25,1.0,0.5333333333333333,0.375,0.26666666666666666,,,0.42105263157894735,0.5,0.23684210526315788,0.3333333333333333,0.5921052631578947,0.25,0.4884296052631579,0.49813461538461534,0.49276052631578954,0.16666666666666666,0.19480519480519481,,0.1,0.47,7.892063492063492,25.707692307692305,0.4431818181818182,2006-12-23,0020600397,MEM,,1.0,1.0,,2.0,1.0,1.0,,,,0.2,0.2222222222222222,1.0,0.013157894736842105,,,,,0.02631578947368421,,2.0,,,,,,0.06060606060606061,,,,,,,,,3.0,,,,,,,2006-07,2007,Regular Season
48:00,91.0,91.0,24.0,21.0,11.0,182.0,16.0,29.0,3.0,5.0,3.0,6.0,6.0,11.0,9.0,23.0,5.0,14.0,,1.0,1.0,6.0,31.0,63.0,5.0,14.0,25.0,102.0,4.0,8.0,,1.0,6.0,14.0,5.0,12.0,1.0,6.0,15.0,28.0,34.0,28.0,12.0,3.0,6.0,,,14.0,5.0,4.0,17.0,4.0,21.0,4.0,6.0,4.0,7.0,46.0,10.0,1.0,6.0,24.0,3.0,33.0,14.0,47.0,8.0,4.0,4.0,5.0,5.0,7.0,,,12.0,3.0,14.0,20.0,,,28.0,,3.0,34.0,1.0,14.0,,3.0,4.0,1.0,2.0,1.0,5.0,4.0,,88.0,28.0,24.0,2.0,3.0,0.5483870967741935,0.6071428571428571,0.8,0.35714285714285715,,0.16666666666666666,0.35714285714285715,0.49206349206349204,0.5,0.4166666666666667,0.5,0.4444444444444444,0.3611111111111111,0.543010752688172,0.5384615384615384,0.5185185185185185,0.18181818181818182,0.06349206349206349,0.06896551724137931,0.18181818181818182,0.4166666666666667,1.0,0.25,0.8,0.3125,0.8571428571428571,0.8108108108108109,0.325,0.46153846153846156,,0.2857142857142857,0.75,0.8181818181818182,0.8,0.8333333333333334,91.0,0.8,15.659340659340659,15.989010989010989,14.703296703296703,15.604395604395604,0.37662337662337664,0.5517241379310345,0.5925925925925926,0.375,0.14285714285714285,0.5454545454545454,0.6666666666666666,0.6666666666666666,0.2987012987012987,0.391304347826087,0.391304347826087,0.7777777777777778,0.18181818181818182,0.35714285714285715,0.35714285714285715,0.8,0.5555555555555556,0.6,0.1111111111111111,,,0.3333333333333333,0.5,0.3333333333333333,0.16666666666666666,0.5584415584415584,0.35714285714285715,0.4994201298701299,0.5011,0.49493055555555554,0.15555555555555556,0.18421052631578946,,0.13725490196078433,0.27450980392156865,7.70952380952381,24.785714285714285,0.26373626373626374,2006-12-26,0020600411,LAC,,,,,3.0,3.0,1.0,1.0,,,0.375,0.375,1.0,,,,,,,,,1.0,1.0,,,,,,,,1.0,,,,,,,,,,,,2006-07,2007,Regular Season
48:00,91.0,91.0,34.0,40.0,11.0,182.0,13.0,26.0,2.0,3.0,5.0,7.0,6.0,13.0,7.0,20.0,3.0,8.0,1.0,2.0,,2.0,26.0,59.0,4.0,12.0,19.0,83.0,3.0,6.0,1.0,2.0,5.0,14.0,8.0,17.0,,3.0,11.0,27.0,30.0,22.0,9.0,3.0,2.0,,1.0,7.0,3.0,8.0,15.0,3.0,18.0,2.0,9.0,3.0,3.0,39.0,8.0,2.0,6.0,21.0,5.0,32.0,12.0,44.0,10.0,6.0,4.0,9.0,6.0,8.0,3.0,2.0,17.0,6.0,14.0,27.0,1.0,3.0,25.0,2.0,2.0,32.0,2.0,10.0,,7.0,4.0,3.0,,1.0,4.0,3.0,1.0,69.0,27.0,34.0,1.0,6.0,0.5769230769230769,0.6,0.75,0.3333333333333333,0.5,,0.36363636363636365,0.4406779661016949,0.5,0.47058823529411764,0.4507042253521127,0.5625,0.4,0.48255813953488375,0.6363636363636364,0.45,0.16901408450704225,0.13559322033898305,0.3076923076923077,,0.5294117647058824,1.0,0.25,0.75,0.24242424242424243,0.5,0.675,0.25,0.38461538461538464,0.14285714285714285,0.15384615384615385,0.6666666666666666,0.7142857142857143,0.8888888888888888,0.5,91.0,0.75,14.857142857142858,16.791208791208792,14.175824175824175,15.780219780219781,0.36619718309859156,0.5,0.7222222222222222,0.6923076923076923,0.18309859154929578,0.46153846153846156,0.46153846153846156,0.5,0.28169014084507044,0.35,0.35,0.42857142857142855,0.11267605633802817,0.375,0.375,0.6666666666666666,0.375,0.6666666666666666,0.25,0.5,1.0,0.35,0.7142857142857143,0.1,,0.5352112676056338,0.42857142857142855,0.49158142857142856,0.49580714285714284,0.49761578947368423,0.12658227848101267,0.14925373134328357,,0.1686746987951807,0.3253012048192771,8.586440677966102,26.108333333333334,0.37362637362637363,2006-12-28,0020600427,SAS,1.0,4.0,1.0,1.0,2.0,2.0,1.0,,,,0.2857142857142857,0.25,0.5,0.056338028169014086,0.25,0.25,1.0,0.5,0.05,,,,,,,,,,,,,,,,,,,,0.3333333333333333,,,,2006-07,2007,Regular Season
48:00,87.0,86.0,42.0,18.0,13.0,173.0,21.0,33.0,4.0,4.0,7.0,12.0,3.0,9.0,13.0,28.0,1.0,5.0,1.0,2.0,1.0,4.0,37.0,70.0,2.0,7.0,16.0,96.0,7.0,8.0,1.0,2.0,1.0,18.0,16.0,31.0,2.0,5.0,9.0,47.0,44.0,30.0,6.0,,6.0,,,5.0,1.0,6.0,22.0,2.0,24.0,1.0,13.0,1.0,8.0,50.0,12.0,,7.0,23.0,4.0,34.0,13.0,47.0,6.0,2.0,4.0,9.0,3.0,5.0,6.0,1.0,14.0,7.0,9.0,19.0,,,25.0,2.0,3.0,22.0,2.0,8.0,,3.0,6.0,3.0,1.0,2.0,6.0,4.0,,78.0,47.0,42.0,4.0,1.0,0.5945945945945946,0.6470588235294118,1.0,0.2857142857142857,0.5,0.4,0.2857142857142857,0.5285714285714286,0.875,0.5161290322580645,0.5194805194805194,0.85,0.5277777777777778,0.5465116279069767,0.8181818181818182,0.5595238095238095,0.09090909090909091,0.08571428571428572,0.15151515151515152,0.1111111111111111,0.6428571428571429,0.8,,0.7666666666666667,0.3870967741935484,0.7,0.75,0.3611111111111111,0.5833333333333334,0.2,0.2857142857142857,0.6666666666666666,0.6666666666666666,0.8333333333333334,0.625,86.5,0.6666666666666666,15.35632183908046,17.953488372093023,14.597701149425287,17.1046511627907,0.42857142857142855,0.6363636363636364,0.75,0.6190476190476191,0.11688311688311688,0.3333333333333333,0.375,0.3333333333333333,0.36363636363636365,0.4642857142857143,0.4642857142857143,0.6153846153846154,0.06493506493506493,0.2,0.2,1.0,0.4,1.0,0.2,0.5,1.0,0.3333333333333333,0.5833333333333334,0.1111111111111111,0.25,0.5194805194805194,0.2,0.5004759740259741,0.4729833333333333,0.4739652777777778,0.0963855421686747,0.10526315789473684,,0.1875,0.4895833333333333,8.935714285714285,24.342857142857145,0.4827586206896552,2006-12-30,0020600449,POR,1.0,2.0,1.0,1.0,1.0,2.0,2.0,,,,0.2,0.25,1.0,0.025974025974025976,0.5,0.5,1.0,0.25,0.027777777777777776,,3.0,2.0,,,,,0.1,,,1.0,,,,,,,1.0,1.0,,,,,2006-07,2007,Regular Season
48:00,94.0,92.0,41.0,32.0,12.0,186.0,17.0,26.0,4.0,5.0,8.0,10.0,4.0,13.0,9.0,26.0,3.0,9.0,,,,3.0,30.0,65.0,3.0,11.0,29.0,98.0,5.0,10.0,,,6.0,16.0,15.0,27.0,,5.0,15.0,45.0,52.0,8.0,9.0,,4.0,,,9.0,3.0,2.0,26.0,3.0,29.0,3.0,13.0,4.0,9.0,61.0,9.0,,3.0,24.0,2.0,29.0,14.0,43.0,10.0,5.0,5.0,8.0,6.0,5.0,2.0,1.0,13.0,4.0,10.0,25.0,2.0,2.0,25.0,1.0,2.0,37.0,,11.0,,7.0,3.0,2.0,1.0,,3.0,3.0,,82.0,45.0,41.0,4.0,6.0,0.8666666666666667,0.9285714285714286,1.0,0.2727272727272727,,,0.2727272727272727,0.46153846153846156,0.5,0.5555555555555556,0.45394736842105265,0.5,0.46875,0.5159574468085106,0.5714285714285714,0.5625,0.14473684210526316,0.03076923076923077,,0.15384615384615385,0.6153846153846154,1.0,,0.8,0.2647058823529412,0.75,0.7941176470588235,0.3333333333333333,0.4444444444444444,0.25,0.17647058823529413,0.8,0.8333333333333334,0.7894736842105263,0.75,93.0,1.0,15.26595744680851,15.706521739130435,14.5,15.358695652173912,0.34210526315789475,0.6538461538461539,0.6538461538461539,0.7647058823529411,0.17105263157894737,0.3076923076923077,0.36363636363636365,1.0,0.34210526315789475,0.34615384615384615,0.34615384615384615,1.0,0.11842105263157894,0.3333333333333333,0.3333333333333333,1.0,0.5,0.8,,,,0.3125,0.8,0.09375,,0.4868421052631579,0.3333333333333333,0.48927368421052636,0.48085,0.4735125,0.12643678160919541,0.14473684210526316,,0.16326530612244897,0.45918367346938777,9.775384615384615,24.272727272727273,0.43617021276595747,2007-01-03,0020600474,PHI,,2.0,2.0,,5.0,,,,,,0.625,0.6666666666666666,,0.02631578947368421,,,,0.5,0.0625,,,1.0,,,,,,,,,,,,,,,,,0.5,,,,2006-07,2007,Regular Season
48:00,88.0,89.0,24.0,31.0,13.0,177.0,13.0,25.0,,4.0,5.0,8.0,4.0,9.0,10.0,30.0,5.0,13.0,,1.0,1.0,3.0,27.0,64.0,5.0,16.0,17.0,86.0,,9.0,,1.0,2.0,2.0,9.0,16.0,1.0,3.0,9.0,30.0,42.0,12.0,12.0,3.0,,,1.0,12.0,5.0,2.0,21.0,4.0,25.0,4.0,10.0,4.0,7.0,54.0,10.0,,15.0,17.0,3.0,35.0,13.0,48.0,1.0,1.0,,7.0,4.0,6.0,3.0,,13.0,4.0,9.0,25.0,1.0,3.0,24.0,3.0,3.0,23.0,3.0,8.0,1.0,3.0,4.0,3.0,1.0,,5.0,4.0,,84.0,30.0,24.0,4.0,3.0,0.7777777777777778,0.7777777777777778,0.8,0.3125,,0.3333333333333333,0.3333333333333333,0.421875,,0.5625,0.43125,,0.5526315789473685,0.47752808988764045,0.08333333333333333,0.6521739130434783,0.2,0.03125,0.08,,0.5384615384615384,1.0,,0.6071428571428571,0.2702702702702703,0.7894736842105263,0.6808510638297872,0.2765957446808511,0.3333333333333333,0.4,0.2,0.4444444444444444,0.5,0.8888888888888888,0.7142857142857143,88.5,0.8,16.227272727272727,16.314606741573034,15.056818181818182,14.752808988764045,0.3125,0.52,0.5652173913043478,0.7692307692307693,0.1125,0.4444444444444444,0.4444444444444444,1.0,0.375,0.3333333333333333,0.3333333333333333,0.7,0.1625,0.38461538461538464,0.38461538461538464,0.8,0.4,,0.1,,,0.42105263157894735,0.625,0.15789473684210525,0.3333333333333333,0.5125,0.4166666666666667,0.4850183544303798,0.47195,0.4521777777777778,0.10465116279069768,0.11594202898550725,0.058823529411764705,0.023255813953488372,0.3488372093023256,9.671875,26.2875,0.2727272727272727,2007-01-05,0020600487,HOU,,3.0,,,3.0,2.0,1.0,1.0,1.0,,0.3,0.42857142857142855,1.0,0.0375,,,,,,,1.0,1.0,,,,,0.022222222222222223,,,,,,,,,1.0,,,,,,,2006-07,2007,Regular Season
48:00,95.0,95.0,25.0,29.0,12.0,190.0,23.0,38.0,4.0,5.0,11.0,14.0,2.0,11.0,7.0,18.0,6.0,15.0,1.0,1.0,,2.0,32.0,67.0,6.0,16.0,14.0,96.0,4.0,9.0,1.0,1.0,3.0,14.0,14.0,20.0,,2.0,4.0,32.0,42.0,22.0,15.0,3.0,4.0,,1.0,14.0,6.0,4.0,21.0,5.0,26.0,5.0,14.0,1.0,6.0,57.0,10.0,,14.0,19.0,3.0,36.0,14.0,50.0,9.0,1.0,8.0,7.0,5.0,12.0,2.0,1.0,19.0,2.0,14.0,26.0,2.0,2.0,19.0,1.0,,17.0,3.0,10.0,,,3.0,3.0,,,4.0,4.0,,82.0,32.0,25.0,2.0,,0.65625,0.7,0.8333333333333334,0.375,1.0,,0.4,0.47761194029850745,0.4444444444444444,0.7,0.4939759036144578,0.55,0.6363636363636364,0.5333333333333333,0.5833333333333334,0.6956521739130435,0.1927710843373494,0.05970149253731343,0.10526315789473684,,0.3684210526315789,0.75,,0.76,0.2857142857142857,0.6666666666666666,0.717391304347826,0.3181818181818182,0.13333333333333333,0.5555555555555556,0.2727272727272727,0.8,0.8,0.7,0.5,95.0,1.0,16.210526315789473,14.105263157894736,14.91578947368421,13.263157894736842,0.4578313253012048,0.6052631578947368,0.6764705882352942,0.6086956521739131,0.13253012048192772,0.18181818181818182,0.18181818181818182,0.5,0.21686746987951808,0.3888888888888889,0.3888888888888889,0.8571428571428571,0.18072289156626506,0.4,0.4,0.8333333333333334,0.5,0.8,0.1,1.0,1.0,0.6363636363636364,0.7857142857142857,0.09090909090909091,,0.6506024096385542,0.42857142857142855,0.5114792682926829,0.49405,0.524802380952381,0.1111111111111111,0.13513513513513514,,0.14583333333333334,0.3333333333333333,6.443283582089552,26.94375,0.2631578947368421,2007-01-06,0020600495,DEN,,1.0,,,4.0,5.0,2.0,1.0,,1.0,0.4444444444444444,0.375,0.8888888888888888,0.012048192771084338,,,,0.5,,,2.0,,,,,,0.05,,,,1.0,,,,,2.0,,,1.0,,,,2006-07,2007,Regular Season
48:00,96.0,96.0,41.0,45.0,6.0,192.0,18.0,23.0,2.0,4.0,10.0,13.0,5.0,12.0,7.0,21.0,3.0,8.0,,,,5.0,30.0,56.0,4.0,11.0,33.0,105.0,2.0,6.0,,,,4.0,15.0,26.0,,7.0,13.0,43.0,36.0,24.0,9.0,3.0,2.0,,,8.0,3.0,3.0,18.0,3.0,21.0,2.0,11.0,,7.0,45.0,4.0,,5.0,17.0,3.0,25.0,7.0,32.0,11.0,4.0,7.0,7.0,6.0,15.0,1.0,,22.0,10.0,16.0,30.0,1.0,6.0,26.0,2.0,3.0,40.0,1.0,15.0,,4.0,,,,,,,1.0,101.0,43.0,41.0,3.0,1.0,0.6,0.6206896551724138,0.75,0.36363636363636365,,,0.36363636363636365,0.5357142857142857,0.3333333333333333,0.5769230769230769,0.5373134328358209,0.3333333333333333,0.45454545454545453,0.6,0.3333333333333333,0.5125,0.16417910447761194,0.05357142857142857,0.08695652173913043,,0.3181818181818182,1.0,,0.7083333333333334,0.16,0.8333333333333334,0.7333333333333333,0.22580645161290322,,0.2857142857142857,0.14285714285714285,0.5555555555555556,1.0,0.7692307692307693,0.6666666666666666,96.0,,14.625,15.375,14.34375,14.6875,0.34328358208955223,0.782608695652174,0.8571428571428571,0.6111111111111112,0.1791044776119403,0.4166666666666667,0.4166666666666667,,0.31343283582089554,0.3333333333333333,0.35,1.0,0.11940298507462686,0.375,0.375,0.6666666666666666,0.6666666666666666,0.5,,,,0.3939393939393939,0.7692307692307693,0.15151515151515152,,0.5074626865671642,0.375,0.4973589552238806,0.5526,0.5106590909090909,0.18518518518518517,0.21428571428571427,,0.0380952380952381,0.4095238095238095,8.953571428571427,24.127272727272725,0.4270833333333333,2007-01-09,0020600513,DAL,1.0,3.0,2.0,1.0,3.0,3.0,2.0,,,,0.5,0.6,1.0,0.04477611940298507,0.3333333333333333,0.3333333333333333,1.0,0.5,0.06060606060606061,,1.0,3.0,3.0,,0.047619047619047616,,0.03571428571428571,,,2.0,,,,,,,,,,,,,2006-07,2007,Regular Season
53:00,103.0,101.0,39.0,40.0,13.0,204.0,24.0,40.0,6.0,8.0,4.0,8.0,6.0,11.0,10.0,22.0,2.0,12.0,,,1.0,8.0,40.0,73.0,2.0,12.0,28.0,114.0,8.0,11.0,,,2.0,18.0,11.0,21.0,1.0,8.0,13.0,38.0,48.0,32.0,6.0,,12.0,,,12.0,2.0,7.0,24.0,2.0,26.0,2.0,15.0,2.0,7.0,54.0,10.0,2.0,7.0,24.0,1.0,32.0,14.0,46.0,10.0,4.0,6.0,9.0,4.0,8.0,5.0,,17.0,6.0,11.0,31.0,5.0,1.0,28.0,1.0,1.0,37.0,7.0,17.0,,5.0,4.0,3.0,,1.0,4.0,1.0,,96.0,38.0,39.0,10.0,5.0,0.6,0.7058823529411765,1.0,0.16666666666666666,,0.125,0.16666666666666666,0.547945205479452,0.7272727272727273,0.5238095238095238,0.5058823529411764,0.7272727272727273,0.43103448275862066,0.57,0.75,0.5,0.1411764705882353,0.0958904109589041,0.125,0.09090909090909091,0.5294117647058824,1.0,0.2857142857142857,0.6486486486486487,0.30303030303030304,0.7,0.6595744680851063,0.2857142857142857,0.3125,0.2,0.3333333333333333,0.75,0.6666666666666666,0.5384615384615384,0.5,92.37735849056604,0.25,15.339805825242719,15.841584158415841,14.87378640776699,15.089108910891088,0.47058823529411764,0.6,0.6857142857142857,0.625,0.12941176470588237,0.5454545454545454,0.6,0.3333333333333333,0.25882352941176473,0.45454545454545453,0.47619047619047616,0.7,0.1411764705882353,0.16666666666666666,0.16666666666666666,1.0,0.7272727272727273,0.75,,,,0.27586206896551724,0.5,0.27586206896551724,0.125,0.611764705882353,0.16666666666666666,0.4746464705882353,0.47783,0.42264655172413795,0.17894736842105263,0.20481927710843373,,0.15789473684210525,0.3333333333333333,6.706849315068493,25.758333333333336,0.3786407766990291,2007-01-12,0020600541,SEA,,,,,2.0,2.0,1.0,,,,0.2222222222222222,0.2222222222222222,1.0,,,,,0.16666666666666666,,,1.0,,,,0.045454545454545456,,0.02857142857142857,,,,,,,,,,,,,,,,2006-07,2007,Regular Season
48:00,95.0,95.0,42.0,52.0,11.0,190.0,21.0,30.0,4.0,6.0,13.0,16.0,4.0,11.0,7.0,18.0,2.0,4.0,,,1.0,2.0,32.0,59.0,3.0,8.0,37.0,110.0,5.0,8.0,,,8.0,18.0,15.0,23.0,2.0,6.0,22.0,58.0,36.0,28.0,9.0,,6.0,,,4.0,2.0,6.0,18.0,3.0,21.0,2.0,10.0,2.0,6.0,45.0,8.0,4.0,9.0,17.0,,26.0,13.0,39.0,7.0,3.0,4.0,12.0,10.0,8.0,2.0,2.0,20.0,7.0,18.0,31.0,2.0,4.0,34.0,3.0,2.0,54.0,6.0,22.0,,6.0,1.0,1.0,,,1.0,1.0,,92.0,58.0,42.0,5.0,6.0,0.5625,0.6206896551724138,1.0,0.375,,0.3333333333333333,0.375,0.5423728813559322,0.625,0.6521739130434783,0.5447761194029851,0.625,0.6206896551724138,0.601123595505618,0.6923076923076923,0.6785714285714286,0.11940298507462686,0.1016949152542373,0.2,,0.6,,0.3333333333333333,0.8095238095238095,0.3076923076923077,0.9,0.8387096774193549,0.2903225806451613,0.3333333333333333,0.5714285714285714,0.1,0.6,0.8333333333333334,0.9,1.0,95.0,1.0,14.715789473684211,15.6,13.926315789473684,15.326315789473684,0.44776119402985076,0.7,0.875,0.47619047619047616,0.16417910447761194,0.36363636363636365,0.36363636363636365,0.5,0.26865671641791045,0.3888888888888889,0.3888888888888889,0.8571428571428571,0.05970149253731343,0.5,0.5,1.0,0.75,0.6666666666666666,,,,0.5517241379310345,0.8125,0.06896551724137931,0.5,0.5671641791044776,0.5,0.5047731343283582,0.5194142857142857,0.5392086206896551,0.26506024096385544,0.29333333333333333,,0.16363636363636364,0.5272727272727272,7.43050847457627,23.95,0.4421052631578947,2007-01-13,0020600548,MIA,1.0,4.0,4.0,1.0,1.0,,,,,,0.2,0.5,0.8,0.05970149253731343,0.25,0.25,1.0,0.25,0.13793103448275862,,2.0,4.0,,,,,0.08,,,,,,,,,1.0,1.0,0.25,,,,,2006-07,2007,Regular Season
48:00,91.0,91.0,40.0,43.0,19.0,182.0,21.0,34.0,7.0,9.0,7.0,11.0,4.0,13.0,8.0,20.0,6.0,18.0,1.0,2.0,4.0,10.0,33.0,67.0,6.0,19.0,27.0,111.0,10.0,13.0,1.0,2.0,5.0,28.0,12.0,27.0,4.0,11.0,13.0,49.0,46.0,20.0,9.0,9.0,10.0,,,18.0,6.0,4.0,23.0,3.0,26.0,3.0,13.0,2.0,8.0,55.0,14.0,1.0,7.0,20.0,2.0,29.0,19.0,48.0,6.0,3.0,3.0,7.0,5.0,4.0,2.0,1.0,11.0,4.0,19.0,29.0,1.0,2.0,27.0,1.0,4.0,31.0,3.0,15.0,,2.0,2.0,1.0,,1.0,2.0,2.0,,83.0,49.0,40.0,3.0,2.0,0.696969696969697,0.8214285714285714,0.5,0.3157894736842105,0.5,0.36363636363636365,0.3157894736842105,0.4925373134328358,0.7692307692307693,0.4444444444444444,0.4883720930232558,0.7666666666666667,0.47368421052631576,0.555,0.8235294117647058,0.5444444444444444,0.22093023255813954,0.05970149253731343,0.08823529411764706,0.07692307692307693,0.6363636363636364,1.0,1.0,0.6451612903225806,0.4117647058823529,0.7,0.6585365853658537,0.4,0.46153846153846156,0.3333333333333333,0.4166666666666667,0.3,0.5714285714285714,0.9285714285714286,0.75,91.0,1.0,16.967032967032967,14.68131868131868,15.571428571428571,14.241758241758241,0.3953488372093023,0.6176470588235294,0.6774193548387096,0.6190476190476191,0.1511627906976744,0.3076923076923077,0.3333333333333333,0.5,0.23255813953488372,0.4,0.4,1.0,0.20930232558139536,0.3333333333333333,0.3333333333333333,0.5,0.6,0.7777777777777778,0.13333333333333333,0.5,1.0,0.2894736842105263,0.6363636363636364,0.2631578947368421,0.4,0.6162790697674418,0.3333333333333333,0.5032894117647059,0.606925,0.4828527027027027,0.15306122448979592,0.189873417721519,,0.25225225225225223,0.44144144144144143,7.7746268656716415,26.205263157894734,0.43956043956043955,2007-01-15,0020600555,WAS,,1.0,1.0,,4.0,,2.0,,,,0.36363636363636365,0.4,0.5,0.011627906976744186,,,,0.14285714285714285,0.02631578947368421,,2.0,,,,,,0.04878048780487805,,,,,,,,,1.0,,,,,,,2006-07,2007,Regular Season
48:00,90.0,91.0,34.0,39.0,15.0,181.0,25.0,40.0,4.0,8.0,12.0,14.0,6.0,14.0,7.0,20.0,,3.0,,,,1.0,38.0,74.0,1.0,8.0,21.0,100.0,5.0,10.0,,,8.0,18.0,18.0,24.0,1.0,4.0,9.0,48.0,50.0,26.0,3.0,,2.0,,,3.0,,6.0,25.0,1.0,26.0,,17.0,5.0,3.0,53.0,11.0,2.0,9.0,22.0,1.0,32.0,16.0,48.0,8.0,3.0,5.0,5.0,5.0,6.0,,2.0,11.0,3.0,10.0,22.0,4.0,,28.0,3.0,5.0,33.0,5.0,13.0,1.0,4.0,3.0,3.0,,,3.0,2.0,,82.0,48.0,34.0,3.0,3.0,0.6578947368421053,0.6756756756756757,1.0,0.125,,0.25,0.125,0.5135135135135135,0.5,0.75,0.4817073170731707,0.5,0.6964285714285714,0.5210526315789473,0.6,0.7272727272727273,0.0975609756097561,0.08108108108108109,0.1,0.14285714285714285,0.45454545454545453,1.0,0.4,0.7096774193548387,0.3055555555555556,0.9,0.7560975609756098,0.32558139534883723,0.3333333333333333,0.25,0.3076923076923077,0.75,0.75,0.6666666666666666,1.0,90.5,0.6666666666666666,15.822222222222223,16.0,14.844444444444445,15.472527472527473,0.4878048780487805,0.625,0.6944444444444444,0.68,0.17073170731707318,0.42857142857142855,0.5,0.8333333333333334,0.24390243902439024,0.35,0.35,0.42857142857142855,0.036585365853658534,,,,0.8,0.5,,,,0.5,0.8571428571428571,0.03571428571428571,,0.5853658536585366,,0.49621402439024387,0.5099111111111111,0.49653928571428574,0.15384615384615385,0.15853658536585366,0.1111111111111111,0.18,0.48,6.5094594594594595,24.55,0.37777777777777777,2007-01-17,0020600571,DET,1.0,5.0,3.0,1.0,3.0,1.0,1.0,,,,0.42857142857142855,0.3333333333333333,0.75,0.06097560975609756,0.2,0.2,1.0,0.75,0.10714285714285714,,1.0,1.0,,,,,0.02702702702702703,,,,,,,,,2.0,1.0,0.3333333333333333,0.5,,,1.0,2006-07,2007,Regular Season
48:00,90.0,91.0,13.0,42.0,13.0,181.0,20.0,34.0,3.0,8.0,3.0,6.0,4.0,11.0,12.0,23.0,3.0,11.0,,1.0,1.0,5.0,36.0,68.0,3.0,12.0,21.0,102.0,4.0,9.0,,1.0,2.0,10.0,3.0,7.0,1.0,5.0,9.0,18.0,48.0,24.0,9.0,,4.0,,2.0,9.0,3.0,5.0,24.0,3.0,27.0,3.0,12.0,3.0,9.0,57.0,11.0,2.0,5.0,26.0,4.0,35.0,14.0,49.0,8.0,6.0,2.0,7.0,4.0,9.0,3.0,2.0,16.0,2.0,11.0,23.0,3.0,2.0,19.0,2.0,1.0,25.0,4.0,10.0,,4.0,3.0,1.0,,2.0,3.0,1.0,,92.0,18.0,13.0,1.0,3.0,0.6666666666666666,0.7058823529411765,1.0,0.25,,0.2,0.3,0.5294117647058824,0.4444444444444444,0.42857142857142855,0.50625,0.4,0.375,0.5611111111111111,0.45454545454545453,0.5,0.15,0.07352941176470588,0.11764705882352941,,0.4375,1.0,1.0,0.8387096774193549,0.34375,0.45454545454545453,0.7380952380952381,0.3076923076923077,0.5714285714285714,0.14285714285714285,0.18181818181818182,0.9,0.7857142857142857,0.8571428571428571,0.375,90.5,0.3333333333333333,16.57777777777778,15.252747252747254,15.666666666666666,14.32967032967033,0.425,0.5882352941176471,0.6666666666666666,0.6,0.1375,0.36363636363636365,0.36363636363636365,0.75,0.2875,0.5217391304347826,0.5454545454545454,0.75,0.1375,0.2727272727272727,0.2727272727272727,1.0,0.8,0.375,0.1,,,0.5,0.5,0.4166666666666667,0.2,0.575,0.3333333333333333,0.49381025641025644,0.5613444444444444,0.5153800000000001,0.11627906976744186,0.13513513513513514,,0.09803921568627451,0.17647058823529413,7.69264705882353,28.116666666666664,0.14444444444444443,2007-01-19,0020600581,TOR,,1.0,,,1.0,3.0,3.0,,,,0.14285714285714285,0.16666666666666666,0.6666666666666666,0.0125,,,,0.3333333333333333,,,1.0,1.0,,,0.043478260869565216,,0.029411764705882353,,,,,,,,,,,,,,,1.0,2006-07,2007,Regular Season
48:00,99.0,97.0,27.0,33.0,12.0,196.0,17.0,34.0,3.0,5.0,4.0,8.0,2.0,7.0,11.0,24.0,3.0,12.0,1.0,3.0,1.0,4.0,30.0,65.0,3.0,14.0,26.0,95.0,4.0,8.0,1.0,3.0,2.0,13.0,7.0,16.0,1.0,5.0,14.0,31.0,44.0,16.0,9.0,,2.0,,,12.0,3.0,11.0,22.0,3.0,25.0,3.0,12.0,2.0,8.0,53.0,10.0,,6.0,27.0,3.0,36.0,14.0,50.0,9.0,5.0,4.0,8.0,5.0,8.0,3.0,3.0,16.0,1.0,14.0,28.0,2.0,4.0,26.0,1.0,3.0,36.0,1.0,10.0,,8.0,4.0,4.0,,,4.0,4.0,,82.0,31.0,27.0,5.0,8.0,0.7333333333333333,0.7586206896551724,1.0,0.21428571428571427,0.3333333333333333,0.2,0.21428571428571427,0.46153846153846156,0.5,0.4375,0.43670886075949367,0.5,0.40476190476190477,0.4895833333333333,0.5416666666666666,0.5166666666666667,0.17721518987341772,0.16923076923076924,0.29411764705882354,0.14285714285714285,0.5,1.0,,0.7714285714285715,0.30303030303030304,0.5454545454545454,0.717391304347826,0.3181818181818182,0.29411764705882354,0.4,0.2727272727272727,0.6666666666666666,,0.8823529411764706,0.5555555555555556,98.0,1.0,16.92929292929293,12.412371134020619,15.767676767676768,11.814432989690722,0.43037974683544306,0.5,0.7083333333333334,0.7058823529411765,0.08860759493670886,0.2857142857142857,0.3333333333333333,1.0,0.3037974683544304,0.4583333333333333,0.4583333333333333,0.7272727272727273,0.1518987341772152,0.25,0.25,1.0,0.45454545454545453,0.6,0.2727272727272727,0.3333333333333333,1.0,0.38095238095238093,0.5,0.19047619047619047,0.25,0.6075949367088608,0.25,0.4898632911392405,0.483855,0.46472142857142856,0.11363636363636363,0.13513513513513514,,0.1368421052631579,0.3263157894736842,7.993846153846154,25.035714285714285,0.2727272727272727,2007-01-20,0020600599,CHI,,2.0,1.0,,4.0,,1.0,,,,0.36363636363636365,0.4444444444444444,0.5,0.02531645569620253,,,,0.6666666666666666,0.047619047619047616,,,1.0,,,,,,,,,,,,,,1.0,,,,,,,2006-07,2007,Regular Season
48:00,89.0,87.0,11.0,21.0,6.0,176.0,21.0,29.0,2.0,4.0,4.0,4.0,5.0,10.0,14.0,31.0,5.0,10.0,2.0,2.0,,3.0,40.0,70.0,5.0,11.0,11.0,106.0,3.0,5.0,2.0,2.0,,12.0,6.0,7.0,,3.0,2.0,14.0,52.0,28.0,12.0,3.0,4.0,,,10.0,5.0,4.0,26.0,4.0,30.0,4.0,12.0,3.0,11.0,64.0,7.0,,6.0,23.0,2.0,31.0,7.0,38.0,7.0,6.0,1.0,6.0,6.0,2.0,,,8.0,,7.0,19.0,2.0,,17.0,3.0,2.0,15.0,2.0,7.0,,1.0,4.0,3.0,,1.0,4.0,3.0,1.0,94.0,14.0,11.0,3.0,,0.65,0.6842105263157895,0.8,0.45454545454545453,1.0,,0.45454545454545453,0.5714285714285714,0.6,0.8571428571428571,0.5864197530864198,0.8571428571428571,0.6,0.6091954022988506,0.8571428571428571,0.6363636363636364,0.13580246913580246,0.05714285714285714,0.10344827586206896,0.1,0.75,1.0,,0.7931034482758621,0.23333333333333334,0.6,0.7435897435897436,0.2,0.25,0.6,0.11764705882352941,0.6666666666666666,0.7142857142857143,0.875,0.6666666666666666,88.0,0.75,16.40449438202247,16.32183908045977,15.96629213483146,15.701149425287356,0.35802469135802467,0.7241379310344828,0.8076923076923077,0.5714285714285714,0.12345679012345678,0.5,0.5555555555555556,0.6,0.38271604938271603,0.45161290322580644,0.45161290322580644,0.7857142857142857,0.12345679012345678,0.5,0.5,0.8,0.5714285714285714,0.5,0.2857142857142857,1.0,0.5,0.4,1.0,0.3,,0.49382716049382713,0.5,0.484787037037037,0.4995857142857143,0.45099,0.08139534883720931,0.09333333333333334,,0.11320754716981132,0.1320754716981132,9.991428571428571,24.636363636363637,0.12359550561797752,2007-01-22,0020600612,MIN,,1.0,,,,,,,,,,,,0.012345679012345678,,,,,,,,1.0,,,,,,,,1.0,,,,,,,,,,,,,2006-07,2007,Regular Season
53:00,106.0,105.0,41.0,27.0,16.0,211.0,29.0,41.0,5.0,9.0,6.0,10.0,8.0,14.0,12.0,29.0,5.0,13.0,1.0,1.0,3.0,7.0,49.0,84.0,5.0,14.0,17.0,130.0,8.0,15.0,1.0,1.0,1.0,20.0,12.0,26.0,3.0,8.0,9.0,42.0,68.0,30.0,15.0,,10.0,,,13.0,5.0,6.0,34.0,5.0,39.0,5.0,20.0,3.0,11.0,83.0,15.0,3.0,7.0,27.0,4.0,38.0,20.0,58.0,4.0,4.0,,8.0,6.0,6.0,2.0,,14.0,5.0,12.0,32.0,2.0,4.0,27.0,1.0,1.0,29.0,2.0,9.0,,6.0,8.0,3.0,,5.0,9.0,6.0,,110.0,42.0,41.0,7.0,5.0,0.6938775510204082,0.7727272727272727,1.0,0.35714285714285715,1.0,0.375,0.35714285714285715,0.5833333333333334,0.5333333333333333,0.46153846153846156,0.576530612244898,0.59375,0.4852941176470588,0.581081081081081,0.5882352941176471,0.5,0.14285714285714285,0.07142857142857142,0.0975609756097561,0.07142857142857142,0.5714285714285714,0.6666666666666666,0.5,0.84375,0.4411764705882353,0.7777777777777778,0.8292682926829268,0.3953488372093023,0.5,0.3333333333333333,0.4375,0.75,0.8571428571428571,0.9,0.75,95.54716981132076,0.6666666666666666,15.641509433962264,14.495238095238095,14.566037735849056,14.17142857142857,0.41836734693877553,0.7073170731707317,0.7837837837837838,0.6896551724137931,0.14285714285714285,0.5714285714285714,0.6153846153846154,0.375,0.29591836734693877,0.41379310344827586,0.42857142857142855,0.9166666666666666,0.1326530612244898,0.38461538461538464,0.38461538461538464,1.0,0.5625,0.5555555555555556,0.0625,1.0,1.0,0.29411764705882354,0.6,0.20588235294117646,0.42857142857142855,0.5612244897959183,0.38461538461538464,0.4889739795918367,0.46791428571428567,0.4567279411764706,0.08571428571428572,0.0989010989010989,,0.15384615384615385,0.3230769230769231,8.404761904761905,24.585714285714285,0.3867924528301887,2007-01-24,0020600628,MEM,,1.0,1.0,,2.0,,3.0,1.0,1.0,,0.2222222222222222,0.125,1.0,0.01020408163265306,,,,,0.029411764705882353,,1.0,1.0,,,0.034482758620689655,,0.02702702702702703,,,,,,,,,,,,1.0,,,1.0,2006-07,2007,Regular Season
48:00,96.0,95.0,31.0,40.0,13.0,191.0,20.0,30.0,4.0,6.0,5.0,10.0,6.0,10.0,10.0,22.0,5.0,16.0,1.0,1.0,1.0,4.0,36.0,62.0,5.0,18.0,29.0,116.0,5.0,11.0,1.0,1.0,4.0,17.0,10.0,20.0,1.0,5.0,17.0,40.0,44.0,28.0,15.0,,8.0,,1.0,15.0,5.0,2.0,22.0,5.0,27.0,5.0,14.0,3.0,5.0,59.0,9.0,2.0,6.0,19.0,5.0,30.0,15.0,45.0,4.0,1.0,3.0,9.0,8.0,4.0,1.0,,13.0,4.0,20.0,28.0,2.0,1.0,31.0,,4.0,40.0,3.0,12.0,,9.0,3.0,3.0,,,3.0,1.0,,99.0,40.0,31.0,3.0,9.0,0.6111111111111112,0.6875,1.0,0.2777777777777778,1.0,0.2,0.29411764705882354,0.5806451612903226,0.45454545454545453,0.5,0.54375,0.5416666666666666,0.46,0.5918367346938775,0.5666666666666667,0.5555555555555556,0.225,0.03225806451612903,0.06666666666666667,,0.6923076923076923,0.8333333333333334,0.4,0.6129032258064516,0.34615384615384615,1.0,0.6756756756756757,0.34210526315789475,0.4,0.5,0.25,0.3333333333333333,0.8571428571428571,0.6666666666666666,1.0,95.5,0.3333333333333333,17.010416666666668,13.126315789473685,15.864583333333334,12.694736842105263,0.375,0.6666666666666666,0.7142857142857143,0.7,0.125,0.6,0.6,0.5,0.275,0.45454545454545453,0.45454545454545453,0.5,0.2,0.3125,0.3333333333333333,1.0,0.5,0.6666666666666666,0.08333333333333333,1.0,1.0,0.4,0.5,0.16,0.25,0.6,0.3333333333333333,0.49262531645569624,0.48183125,0.47400833333333336,0.1348314606741573,0.16901408450704225,,0.14655172413793102,0.3448275862068966,8.075806451612904,26.327777777777776,0.3229166666666667,2007-01-26,0020600643,DEN,,2.0,1.0,,4.0,1.0,,,,,0.3333333333333333,0.4,,0.025,,,,0.25,0.04,1.0,,1.0,,0.05555555555555555,,0.0625,,,,,,,,,,,,,,,,,2006-07,2007,Regular Season
48:00,89.0,89.0,34.0,15.0,16.0,178.0,17.0,37.0,3.0,7.0,5.0,11.0,2.0,9.0,10.0,20.0,1.0,13.0,,2.0,1.0,8.0,29.0,66.0,1.0,14.0,22.0,83.0,5.0,11.0,,2.0,5.0,15.0,10.0,23.0,1.0,8.0,5.0,28.0,30.0,28.0,3.0,,6.0,,,13.0,1.0,11.0,15.0,1.0,16.0,1.0,8.0,,7.0,33.0,13.0,,6.0,21.0,2.0,29.0,18.0,47.0,9.0,2.0,7.0,5.0,1.0,8.0,4.0,2.0,13.0,9.0,11.0,24.0,1.0,2.0,24.0,,4.0,31.0,1.0,15.0,,1.0,6.0,5.0,,1.0,6.0,4.0,,68.0,28.0,34.0,3.0,1.0,0.5172413793103449,0.5769230769230769,1.0,0.07142857142857142,,0.125,0.07142857142857142,0.4393939393939394,0.45454545454545453,0.43478260869565216,0.38125,0.38461538461538464,0.3709677419354839,0.4368421052631579,0.46875,0.4,0.175,0.16666666666666666,0.24324324324324326,0.2222222222222222,0.38461538461538464,0.6666666666666666,,0.7241379310344828,0.35135135135135137,1.0,0.7714285714285715,0.3673469387755102,0.35,0.42857142857142855,0.3,0.625,0.7272727272727273,0.8,1.0,89.0,0.6666666666666666,16.213483146067414,16.146067415730336,15.292134831460674,15.55056179775281,0.4625,0.4594594594594595,0.6071428571428571,0.47058823529411764,0.1125,0.2222222222222222,0.2857142857142857,,0.25,0.5,0.5,0.7,0.1625,0.07692307692307693,0.07692307692307693,1.0,0.5384615384615384,0.42857142857142855,0.15384615384615385,,,0.3548387096774194,0.45454545454545453,0.25806451612903225,0.125,0.6375,0.07692307692307693,0.48511625,0.478655,0.47598870967741935,0.1595744680851064,0.1875,,0.18072289156626506,0.3373493975903614,7.301515151515151,24.87857142857143,0.38202247191011235,2007-01-27,0020600649,NOK,,1.0,,,5.0,1.0,2.0,,,,0.4166666666666667,0.45454545454545453,,0.0125,,,,,,,2.0,,,,,,0.05263157894736842,,,,,,,,,1.0,,,,,,1.0,2006-07,2007,Regular Season
48:00,91.0,92.0,48.0,37.0,15.0,183.0,18.0,27.0,4.0,8.0,10.0,11.0,1.0,9.0,12.0,22.0,4.0,12.0,,,2.0,6.0,31.0,58.0,6.0,14.0,35.0,115.0,5.0,11.0,,,11.0,21.0,18.0,27.0,4.0,8.0,13.0,61.0,32.0,30.0,15.0,3.0,8.0,,,12.0,4.0,3.0,16.0,5.0,21.0,3.0,9.0,,7.0,47.0,13.0,,7.0,18.0,5.0,30.0,17.0,47.0,4.0,4.0,,11.0,6.0,10.0,5.0,,21.0,12.0,15.0,27.0,1.0,2.0,26.0,1.0,2.0,40.0,4.0,15.0,,5.0,3.0,2.0,,1.0,3.0,,1.0,94.0,61.0,48.0,4.0,5.0,0.5161290322580645,0.5925925925925926,0.8333333333333334,0.42857142857142855,,0.5,0.42857142857142855,0.5344827586206896,0.45454545454545453,0.6666666666666666,0.5555555555555556,0.45454545454545453,0.6857142857142857,0.6306818181818182,0.625,0.7023809523809523,0.19444444444444445,0.05172413793103448,0.1111111111111111,,0.5238095238095238,1.0,,0.75,0.48148148148148145,0.875,0.78125,0.4857142857142857,0.5555555555555556,0.5,0.4,0.5,0.6666666666666666,0.8666666666666667,0.8333333333333334,91.5,,15.615384615384615,15.858695652173912,14.791208791208792,15.641304347826088,0.375,0.6666666666666666,0.75,0.5,0.125,0.1111111111111111,0.1111111111111111,,0.3055555555555556,0.5454545454545454,0.5454545454545454,0.5833333333333334,0.16666666666666666,0.3333333333333333,0.3333333333333333,0.75,0.7272727272727273,0.5,,,,0.3142857142857143,0.9090909090909091,0.17142857142857143,0.3333333333333333,0.5694444444444444,0.3333333333333333,0.4960055555555556,0.5143333333333333,0.4910057142857142,0.18072289156626506,0.21739130434782608,,0.1826086956521739,0.5304347826086957,8.755172413793103,24.3,0.5274725274725275,2007-01-29,0020600667,NJN,2.0,2.0,2.0,2.0,4.0,4.0,1.0,,,2.0,0.5,0.5,1.0,0.027777777777777776,1.0,1.0,1.0,,0.05714285714285714,,1.0,4.0,2.0,,,,0.03125,,,,,,,,,,2.0,1.0,,,,,2006-07,2007,Regular Season
48:00,86.0,85.0,33.0,27.0,18.0,171.0,13.0,30.0,7.0,9.0,3.0,10.0,8.0,12.0,6.0,20.0,5.0,13.0,2.0,3.0,2.0,7.0,27.0,62.0,5.0,14.0,28.0,97.0,9.0,14.0,2.0,3.0,5.0,29.0,5.0,18.0,2.0,7.0,16.0,32.0,30.0,24.0,15.0,,12.0,,,13.0,5.0,6.0,15.0,5.0,20.0,5.0,6.0,3.0,6.0,45.0,15.0,2.0,13.0,16.0,3.0,32.0,21.0,53.0,8.0,5.0,3.0,4.0,2.0,9.0,2.0,3.0,13.0,3.0,8.0,22.0,,1.0,28.0,,4.0,36.0,1.0,12.0,1.0,5.0,2.0,2.0,,,3.0,2.0,,68.0,32.0,33.0,5.0,5.0,0.5555555555555556,0.7142857142857143,1.0,0.35714285714285715,0.6666666666666666,0.2857142857142857,0.35714285714285715,0.43548387096774194,0.6428571428571429,0.2777777777777778,0.45394736842105265,0.7058823529411765,0.32,0.521505376344086,0.725,0.45714285714285713,0.18421052631578946,0.0967741935483871,0.2,,0.3076923076923077,1.0,1.0,0.7272727272727273,0.42857142857142855,0.8666666666666667,0.7837837837837838,0.4318181818181818,0.5294117647058824,0.75,0.21428571428571427,0.75,0.7142857142857143,0.7272727272727273,0.875,85.5,0.6666666666666666,17.58139534883721,16.094117647058823,16.13953488372093,15.341176470588236,0.39473684210526316,0.43333333333333335,0.5416666666666666,0.46153846153846156,0.15789473684210525,0.6666666666666666,0.6666666666666666,0.375,0.2631578947368421,0.3,0.3,1.0,0.17105263157894737,0.38461538461538464,0.38461538461538464,1.0,0.5294117647058824,0.7777777777777778,0.17647058823529413,0.6666666666666666,1.0,0.4,0.3,0.28,0.2857142857142857,0.5789473684210527,0.38461538461538464,0.4801019736842105,0.505876923076923,0.483078,0.14772727272727273,0.1643835616438356,0.06666666666666667,0.29896907216494845,0.32989690721649484,7.714516129032258,24.635714285714283,0.38372093023255816,2007-01-31,0020600684,SAS,,1.0,,,4.0,1.0,,1.0,1.0,,0.4444444444444444,0.375,0.8571428571428571,0.013157894736842105,,,,0.14285714285714285,,,7.0,,1.0,,,,0.18421052631578946,,,2.0,,,,,,1.0,,,1.0,,,,2006-07,2007,Regular Season
48:00,90.0,90.0,29.0,17.0,12.0,180.0,16.0,23.0,5.0,10.0,4.0,5.0,9.0,20.0,15.0,29.0,4.0,14.0,1.0,3.0,2.0,4.0,40.0,72.0,4.0,15.0,16.0,108.0,6.0,11.0,1.0,4.0,3.0,18.0,13.0,18.0,2.0,4.0,6.0,38.0,36.0,44.0,9.0,3.0,6.0,,,14.0,4.0,4.0,18.0,3.0,21.0,3.0,7.0,4.0,7.0,45.0,13.0,,11.0,9.0,3.0,23.0,17.0,40.0,9.0,6.0,3.0,3.0,1.0,11.0,2.0,2.0,14.0,6.0,13.0,26.0,1.0,6.0,20.0,1.0,2.0,18.0,3.0,8.0,,2.0,2.0,,,2.0,3.0,3.0,,90.0,38.0,29.0,1.0,2.0,0.45,0.4864864864864865,0.75,0.26666666666666666,0.25,0.5,0.26666666666666666,0.5555555555555556,0.5454545454545454,0.7222222222222222,0.5287356321839081,0.5,0.7272727272727273,0.5691489361702128,0.53125,0.76,0.1724137931034483,0.05555555555555555,0.08695652173913043,0.1,0.21428571428571427,1.0,,0.5294117647058824,0.40625,0.7333333333333333,0.625,0.40476190476190477,0.7142857142857143,0.2727272727272727,0.35714285714285715,0.5714285714285714,0.75,0.3333333333333333,0.7272727272727273,90.0,1.0,18.733333333333334,13.266666666666667,17.233333333333334,12.766666666666667,0.26436781609195403,0.6956521739130435,0.7619047619047619,0.4375,0.22988505747126436,0.45,0.5,0.4444444444444444,0.3333333333333333,0.5172413793103449,0.5172413793103449,0.4666666666666667,0.16091954022988506,0.2857142857142857,0.2857142857142857,0.75,0.6666666666666666,0.5,0.2,0.3333333333333333,1.0,0.22727272727272727,0.8,0.18181818181818182,0.5,0.4367816091954023,0.2857142857142857,0.4568627906976744,0.527425,0.43085,0.08695652173913043,0.1038961038961039,,0.16666666666666666,0.35185185185185186,10.077777777777778,26.653333333333332,0.32222222222222224,2007-02-03,0020600706,PHX,,1.0,,,4.0,2.0,1.0,1.0,,1.0,0.4,0.4444444444444444,0.75,0.011494252873563218,,,,,,,3.0,1.0,,,,,0.07894736842105263,,1.0,,1.0,,0.06666666666666667,,,,,,,,,,2006-07,2007,Regular Season
48:00,90.0,92.0,22.0,38.0,8.0,182.0,9.0,15.0,3.0,6.0,3.0,5.0,5.0,13.0,17.0,28.0,6.0,17.0,,,2.0,2.0,31.0,56.0,6.0,18.0,20.0,100.0,4.0,11.0,,,,8.0,10.0,17.0,2.0,2.0,9.0,35.0,36.0,26.0,18.0,,4.0,,,17.0,6.0,6.0,18.0,6.0,24.0,6.0,5.0,2.0,11.0,54.0,8.0,1.0,6.0,21.0,4.0,31.0,12.0,43.0,8.0,6.0,2.0,11.0,6.0,5.0,5.0,,16.0,1.0,11.0,32.0,3.0,2.0,27.0,,5.0,31.0,5.0,12.0,,6.0,4.0,4.0,,,4.0,2.0,,92.0,35.0,22.0,10.0,4.0,0.5806451612903226,0.6206896551724138,1.0,0.3333333333333333,,1.0,0.3333333333333333,0.5535714285714286,0.36363636363636365,0.5882352941176471,0.5405405405405406,0.36363636363636365,0.6842105263157895,0.5747126436781609,0.36363636363636365,0.7,0.24324324324324326,0.10714285714285714,0.26666666666666666,0.15384615384615385,0.6875,0.5714285714285714,0.14285714285714285,0.7,0.32,0.6666666666666666,0.6923076923076923,0.2972972972972973,0.6666666666666666,0.125,0.2727272727272727,0.5714285714285714,1.0,0.75,0.6666666666666666,91.0,0.5,17.877777777777776,13.815217391304348,16.9,12.891304347826088,0.20270270270270271,0.6,0.8181818181818182,0.5555555555555556,0.17567567567567569,0.38461538461538464,0.45454545454545453,0.4,0.3783783783783784,0.6071428571428571,0.6071428571428571,0.6470588235294118,0.22972972972972974,0.35294117647058826,0.35294117647058826,1.0,0.5454545454545454,0.5,,,,0.2631578947368421,0.6,0.10526315789473684,1.0,0.44594594594594594,0.35294117647058826,0.46872229729729736,0.4650666666666667,0.4281210526315789,0.14814814814814814,0.19047619047619047,,0.08,0.35,12.273214285714285,24.716666666666665,0.24444444444444444,2007-02-05,0020600718,CHI,,1.0,,,3.0,2.0,1.0,,,,0.25,0.2727272727272727,0.6666666666666666,0.013513513513513514,,,,,,,,,,,,,,,,,,,,,,,,,,,,,2006-07,2007,Regular Season
53:00,97.0,96.0,35.0,27.0,12.0,193.0,13.0,20.0,5.0,7.0,4.0,6.0,6.0,14.0,15.0,35.0,6.0,13.0,,,4.0,8.0,34.0,69.0,7.0,15.0,15.0,104.0,6.0,9.0,,,,12.0,12.0,19.0,4.0,9.0,4.0,40.0,42.0,26.0,21.0,,6.0,,,13.0,6.0,1.0,21.0,7.0,28.0,6.0,7.0,2.0,12.0,63.0,10.0,1.0,6.0,17.0,2.0,25.0,13.0,38.0,11.0,5.0,6.0,9.0,6.0,5.0,3.0,1.0,14.0,5.0,13.0,23.0,1.0,3.0,25.0,2.0,2.0,27.0,3.0,11.0,,3.0,7.0,4.0,,3.0,8.0,5.0,,92.0,40.0,35.0,2.0,3.0,0.6176470588235294,0.6774193548387096,1.0,0.4666666666666667,,0.4444444444444444,0.4666666666666667,0.4927536231884058,0.6666666666666666,0.631578947368421,0.5297619047619048,0.6666666666666666,0.6428571428571429,0.5368421052631579,0.6,0.625,0.17857142857142858,0.014492753623188406,0.05,,0.6428571428571429,1.0,0.125,0.6296296296296297,0.2857142857142857,0.6666666666666666,0.6388888888888888,0.27906976744186046,0.2857142857142857,0.125,0.35,0.6666666666666666,0.5,0.7142857142857143,0.6666666666666666,87.39622641509433,0.625,16.824742268041238,16.125,16.0,15.614583333333334,0.23809523809523808,0.65,0.6842105263157895,0.5384615384615384,0.16666666666666666,0.42857142857142855,0.42857142857142855,0.3333333333333333,0.4166666666666667,0.42857142857142855,0.42857142857142855,0.8,0.15476190476190477,0.46153846153846156,0.46153846153846156,1.0,0.7777777777777778,0.7142857142857143,,,,0.21428571428571427,0.6666666666666666,0.2857142857142857,0.5,0.4166666666666667,0.46153846153846156,0.4680452380952381,0.5218875,0.4939232142857143,0.11956521739130435,0.14285714285714285,,0.11538461538461539,0.38461538461538464,10.976811594202898,24.459999999999997,0.36082474226804123,2007-02-10,0020600754,NYK,1.0,2.0,1.0,1.0,2.0,,3.0,1.0,,,0.25,0.14285714285714285,0.6666666666666666,0.023809523809523808,0.5,0.5,1.0,0.2,0.03571428571428571,,,2.0,1.0,,,,,,,,1.0,,,,,,,,1.0,,,,2006-07,2007,Regular Season
48:00,87.0,87.0,25.0,38.0,14.0,174.0,18.0,31.0,4.0,8.0,5.0,11.0,3.0,7.0,5.0,21.0,3.0,9.0,,2.0,2.0,5.0,26.0,59.0,6.0,13.0,32.0,102.0,5.0,12.0,,2.0,6.0,16.0,7.0,17.0,2.0,5.0,13.0,33.0,36.0,16.0,18.0,,4.0,,,9.0,3.0,6.0,18.0,6.0,24.0,3.0,13.0,1.0,4.0,54.0,14.0,,2.0,34.0,2.0,38.0,18.0,56.0,7.0,2.0,5.0,3.0,2.0,12.0,1.0,3.0,15.0,3.0,9.0,25.0,,2.0,24.0,,2.0,36.0,,12.0,,5.0,4.0,4.0,,,4.0,4.0,,86.0,33.0,25.0,4.0,4.0,0.6923076923076923,0.75,1.0,0.46153846153846156,,0.4,0.46153846153846156,0.4406779661016949,0.4166666666666667,0.4117647058823529,0.4861111111111111,0.35714285714285715,0.45454545454545453,0.5617977528089888,0.47058823529411764,0.5714285714285714,0.18055555555555555,0.1016949152542373,0.0967741935483871,0.2857142857142857,0.2,0.6666666666666666,,0.8292682926829268,0.4375,0.5,0.8,0.46153846153846156,0.5,0.5,0.375,0.9,0.625,0.8695652173913043,0.5,87.0,1.0,15.919540229885058,17.183908045977013,14.540229885057471,16.50574712643678,0.4305555555555556,0.5806451612903226,0.6428571428571429,0.7222222222222222,0.09722222222222222,0.42857142857142855,0.6,0.3333333333333333,0.2916666666666667,0.23809523809523808,0.25,0.8,0.125,0.3333333333333333,0.3333333333333333,1.0,0.5714285714285714,0.5,0.14285714285714285,,,0.5,0.45454545454545453,0.22727272727272727,0.4,0.6111111111111112,0.3333333333333333,0.5193368055555555,0.5377916666666667,0.5292318181818182,0.14285714285714285,0.16901408450704225,,0.1568627450980392,0.3235294117647059,7.654237288135594,24.307692307692307,0.28735632183908044,2007-02-12,0020600767,ATL,3.0,4.0,,3.0,4.0,3.0,1.0,,,1.0,0.5714285714285714,0.6666666666666666,,0.05555555555555555,0.75,1.0,1.0,0.5,,1.0,1.0,2.0,2.0,0.07692307692307693,0.047619047619047616,,0.03125,,,,,0.25,,,,2.0,,,,,,,2006-07,2007,Regular Season
48:00,83.0,83.0,18.0,26.0,14.0,166.0,18.0,28.0,5.0,7.0,5.0,6.0,5.0,14.0,9.0,22.0,5.0,13.0,,4.0,1.0,2.0,32.0,64.0,7.0,15.0,14.0,99.0,7.0,11.0,,4.0,,14.0,7.0,14.0,1.0,2.0,6.0,23.0,32.0,32.0,21.0,,4.0,,,13.0,5.0,5.0,16.0,7.0,23.0,5.0,11.0,1.0,4.0,53.0,12.0,,6.0,18.0,3.0,27.0,16.0,43.0,7.0,4.0,3.0,7.0,4.0,3.0,3.0,,10.0,2.0,15.0,22.0,,1.0,22.0,1.0,3.0,23.0,3.0,10.0,,3.0,5.0,3.0,,2.0,5.0,2.0,,85.0,23.0,18.0,2.0,3.0,0.5,0.5333333333333333,1.0,0.4666666666666667,,0.5,0.4666666666666667,0.5,0.6363636363636364,0.5,0.5379746835443038,0.4666666666666667,0.53125,0.5561797752808989,0.4666666666666667,0.6052631578947368,0.189873417721519,0.078125,0.10714285714285714,0.14285714285714285,0.7,0.6,,0.5454545454545454,0.375,0.6,0.5581395348837209,0.4,0.3,0.5555555555555556,0.3076923076923077,0.5,0.5,0.6153846153846154,0.5714285714285714,83.0,0.4,18.204819277108435,16.49397590361446,16.3855421686747,14.855421686746988,0.35443037974683544,0.6428571428571429,0.72,0.6111111111111112,0.17721518987341772,0.35714285714285715,0.4166666666666667,0.2,0.27848101265822783,0.4090909090909091,0.4090909090909091,0.4444444444444444,0.16455696202531644,0.38461538461538464,0.38461538461538464,1.0,0.4666666666666667,0.7142857142857143,0.26666666666666666,,,0.375,0.8333333333333334,0.125,0.5,0.5443037974683544,0.38461538461538464,0.4936512658227848,0.5180958333333333,0.45910625,0.11627906976744186,0.14084507042253522,,0.1414141414141414,0.23232323232323232,8.05625,24.573333333333334,0.21686746987951808,2007-02-14,0020600784,CLE,2.0,2.0,,2.0,4.0,1.0,1.0,,,,0.5,0.5,0.6666666666666666,0.02531645569620253,1.0,1.0,1.0,0.4,,,,,,,,,,,,,,,,,,,,,,,,,2006-07,2007,Regular Season
48:00,93.0,91.0,38.0,20.0,16.0,184.0,13.0,29.0,6.0,7.0,5.0,12.0,5.0,11.0,14.0,31.0,2.0,8.0,,1.0,2.0,5.0,32.0,71.0,2.0,9.0,30.0,100.0,9.0,14.0,,1.0,4.0,22.0,13.0,26.0,2.0,5.0,16.0,48.0,36.0,28.0,,6.0,6.0,,,8.0,2.0,6.0,18.0,,18.0,,8.0,2.0,8.0,36.0,15.0,,7.0,20.0,5.0,32.0,18.0,50.0,6.0,3.0,3.0,7.0,3.0,7.0,4.0,,14.0,4.0,7.0,24.0,1.0,2.0,28.0,3.0,3.0,36.0,,13.0,,4.0,1.0,,,1.0,1.0,1.0,1.0,78.0,48.0,38.0,7.0,4.0,0.5625,0.6206896551724138,,0.2222222222222222,,0.4,0.2222222222222222,0.4507042253521127,0.6428571428571429,0.5,0.4375,0.6,0.5161290322580645,0.5051546391752577,0.6111111111111112,0.5875,0.1125,0.08450704225352113,0.1724137931034483,0.09090909090909091,0.5,1.0,,0.7142857142857143,0.40540540540540543,0.7777777777777778,0.7297297297297297,0.4186046511627907,0.375,0.5,0.4,0.625,0.875,0.6666666666666666,0.75,92.0,1.0,16.0,15.296703296703297,14.913978494623656,15.12087912087912,0.3625,0.4482758620689655,0.5416666666666666,0.6153846153846154,0.1375,0.45454545454545453,0.5,0.4,0.3875,0.45161290322580644,0.45161290322580644,0.5714285714285714,0.1,0.25,0.25,,0.4666666666666667,0.8571428571428571,0.06666666666666667,,,0.3870967741935484,0.4166666666666667,0.16129032258064516,0.4,0.475,0.25,0.475071875,0.4824285714285714,0.4657016129032258,0.13978494623655913,0.15476190476190477,,0.22,0.48,9.808450704225352,24.966666666666665,0.40860215053763443,2007-02-20,0020600797,POR,,1.0,,,3.0,1.0,,,,1.0,0.5,0.6,0.8,0.0125,,,,0.3333333333333333,,,1.0,2.0,1.0,,,,0.02702702702702703,,,,,,,,,2.0,,,,,,,2006-07,2007,Regular Season
48:00,99.0,99.0,37.0,51.0,13.0,198.0,19.0,29.0,6.0,8.0,4.0,7.0,2.0,12.0,13.0,25.0,5.0,12.0,,1.0,2.0,4.0,34.0,66.0,6.0,17.0,28.0,114.0,6.0,10.0,,1.0,2.0,14.0,10.0,22.0,2.0,6.0,13.0,39.0,38.0,30.0,18.0,,8.0,,1.0,11.0,5.0,3.0,19.0,6.0,25.0,5.0,10.0,1.0,8.0,56.0,10.0,,4.0,18.0,6.0,28.0,16.0,44.0,10.0,5.0,5.0,7.0,5.0,8.0,2.0,2.0,15.0,6.0,14.0,30.0,3.0,3.0,26.0,2.0,2.0,38.0,2.0,15.0,1.0,3.0,3.0,3.0,,,3.0,2.0,2.0,100.0,39.0,37.0,6.0,3.0,0.5588235294117647,0.6333333333333333,1.0,0.35294117647058826,,0.3333333333333333,0.375,0.5151515151515151,0.6,0.45454545454545453,0.5180722891566265,0.5454545454545454,0.4642857142857143,0.565,0.5384615384615384,0.5135135135135135,0.20481927710843373,0.045454545454545456,0.06896551724137931,0.08333333333333333,0.4666666666666667,1.0,,0.6923076923076923,0.3125,0.6666666666666666,0.6875,0.38095238095238093,0.7,0.2,0.08333333333333333,0.5833333333333334,0.8,0.7777777777777778,0.5,99.0,0.6666666666666666,17.444444444444443,11.646464646464647,16.383838383838384,11.333333333333334,0.3493975903614458,0.6551724137931034,0.7037037037037037,0.5263157894736842,0.14457831325301204,0.16666666666666666,0.18181818181818182,0.5,0.30120481927710846,0.52,0.52,0.6153846153846154,0.14457831325301204,0.4166666666666667,0.4166666666666667,1.0,0.7272727272727273,0.75,0.09090909090909091,,,0.25,0.5714285714285714,0.14285714285714285,0.5,0.5542168674698795,0.45454545454545453,0.49533048780487804,0.5032857142857143,0.4525660714285714,0.16494845360824742,0.189873417721519,0.05555555555555555,0.12280701754385964,0.34210526315789475,8.575757575757576,27.129411764705882,0.37373737373737376,2007-02-23,0020600824,DEN,1.0,5.0,2.0,1.0,6.0,2.0,3.0,,,,0.6,0.5,1.0,0.060240963855421686,0.2,0.2,1.0,,0.07142857142857142,,3.0,1.0,,,,,0.07692307692307693,,,,,,,,,1.0,,,0.75,,,,2006-07,2007,Regular Season
48:00,90.0,91.0,50.0,41.0,15.0,181.0,23.0,40.0,2.0,8.0,15.0,25.0,5.0,8.0,9.0,21.0,4.0,8.0,1.0,2.0,3.0,5.0,37.0,69.0,4.0,11.0,19.0,105.0,3.0,10.0,1.0,3.0,5.0,14.0,22.0,40.0,3.0,8.0,8.0,61.0,54.0,20.0,9.0,3.0,4.0,,1.0,7.0,4.0,9.0,27.0,3.0,30.0,3.0,17.0,2.0,8.0,63.0,13.0,3.0,7.0,20.0,2.0,29.0,17.0,46.0,15.0,6.0,9.0,6.0,4.0,10.0,2.0,3.0,16.0,8.0,8.0,23.0,1.0,1.0,27.0,,3.0,28.0,3.0,14.0,,1.0,2.0,1.0,,1.0,4.0,1.0,1.0,91.0,61.0,50.0,3.0,1.0,0.7297297297297297,0.7714285714285715,0.75,0.36363636363636365,0.3333333333333333,0.375,0.4,0.5362318840579711,0.3,0.55,0.5375,0.34615384615384615,0.5520833333333334,0.5706521739130435,0.4375,0.5545454545454546,0.1375,0.13043478260869565,0.2,0.125,0.375,1.0,0.42857142857142855,0.6666666666666666,0.40625,0.6363636363636364,0.6585365853658537,0.3684210526315789,0.5294117647058824,0.6666666666666666,0.16666666666666666,0.75,0.75,0.6111111111111112,0.5714285714285714,90.5,0.25,16.07777777777778,15.747252747252746,14.833333333333334,14.802197802197803,0.5,0.575,0.71875,0.7391304347826086,0.1,0.625,0.7142857142857143,0.4,0.2625,0.42857142857142855,0.42857142857142855,0.8888888888888888,0.1,0.5,0.5,0.75,0.6153846153846154,0.25,0.15384615384615385,0.5,1.0,0.5208333333333334,0.6,0.10416666666666667,0.6,0.6375,0.5714285714285714,0.5115012658227848,0.5605416666666666,0.5195531914893617,0.15384615384615385,0.175,,0.13333333333333333,0.580952380952381,6.572463768115942,27.20909090909091,0.5555555555555556,2007-02-24,0020600831,BOS,,3.0,3.0,,1.0,2.0,1.0,2.0,2.0,1.0,0.16666666666666666,0.3333333333333333,0.75,0.0375,,,,,0.0625,,3.0,1.0,2.0,,,,0.10344827586206896,,1.0,,,,0.07692307692307693,,,,,,,,,,2006-07,2007,Regular Season
48:00,86.0,86.0,36.0,29.0,17.0,172.0,13.0,28.0,2.0,6.0,6.0,12.0,3.0,11.0,13.0,33.0,6.0,12.0,1.0,1.0,4.0,7.0,29.0,72.0,6.0,14.0,18.0,94.0,5.0,14.0,1.0,1.0,4.0,17.0,12.0,24.0,4.0,8.0,10.0,46.0,40.0,18.0,12.0,6.0,6.0,,,12.0,6.0,3.0,20.0,4.0,24.0,4.0,9.0,1.0,10.0,52.0,16.0,1.0,10.0,16.0,1.0,27.0,20.0,47.0,4.0,1.0,3.0,6.0,3.0,3.0,3.0,1.0,9.0,4.0,12.0,24.0,,,26.0,2.0,4.0,26.0,2.0,10.0,1.0,3.0,,,,,,,,77.0,46.0,36.0,4.0,3.0,0.6896551724137931,0.7692307692307693,0.6666666666666666,0.42857142857142855,1.0,0.5,0.42857142857142855,0.4027777777777778,0.35714285714285715,0.5,0.4418604651162791,0.43333333333333335,0.5625,0.4793814432989691,0.4722222222222222,0.5921052631578947,0.16279069767441862,0.041666666666666664,0.03571428571428571,0.18181818181818182,0.6666666666666666,1.0,0.2,0.64,0.38095238095238093,0.9090909090909091,0.7222222222222222,0.38,0.4666666666666667,0.375,0.3157894736842105,0.16666666666666666,0.6666666666666666,0.8125,0.875,86.0,,17.127906976744185,16.36046511627907,15.80232558139535,15.837209302325581,0.32558139534883723,0.4642857142857143,0.48148148148148145,0.6923076923076923,0.12790697674418605,0.2727272727272727,0.3333333333333333,0.3333333333333333,0.38372093023255816,0.3939393939393939,0.3939393939393939,0.7692307692307693,0.13953488372093023,0.5,0.5,0.6666666666666666,0.4,0.3333333333333333,0.06666666666666667,1.0,1.0,0.375,0.5,0.21875,0.5714285714285714,0.4883720930232558,0.5,0.4672651162790698,0.47431923076923077,0.47034375,0.11702127659574468,0.125,0.07142857142857142,0.18085106382978725,0.48936170212765956,9.827777777777778,24.52857142857143,0.4186046511627907,2007-02-26,0020600847,LAL,,2.0,1.0,,3.0,1.0,2.0,,,,0.375,0.3333333333333333,1.0,0.023255813953488372,,,,,0.03125,,3.0,1.0,,,,,0.06382978723404255,,,,,,,,,,,,0.5,,1.0,,2006-07,2007,Regular Season
48:00,93.0,92.0,25.0,37.0,10.0,185.0,20.0,27.0,2.0,2.0,8.0,11.0,5.0,15.0,9.0,23.0,5.0,8.0,1.0,2.0,1.0,2.0,34.0,65.0,6.0,9.0,18.0,104.0,4.0,8.0,1.0,2.0,,11.0,11.0,17.0,1.0,2.0,7.0,32.0,38.0,30.0,12.0,6.0,6.0,,,8.0,5.0,1.0,19.0,4.0,23.0,3.0,13.0,2.0,4.0,50.0,8.0,1.0,13.0,21.0,3.0,37.0,11.0,48.0,9.0,6.0,3.0,8.0,6.0,10.0,2.0,2.0,18.0,5.0,15.0,26.0,,3.0,19.0,,2.0,27.0,1.0,12.0,,2.0,3.0,3.0,,,4.0,2.0,1.0,93.0,32.0,25.0,2.0,2.0,0.5588235294117647,0.6129032258064516,0.6666666666666666,0.6666666666666666,0.5,0.5,0.6666666666666666,0.5230769230769231,0.5,0.6470588235294118,0.581081081081081,0.55,0.6578947368421053,0.5977011494252874,0.55,0.6956521739130435,0.12162162162162163,0.015384615384615385,0.037037037037037035,,0.4444444444444444,1.0,0.3333333333333333,0.6363636363636364,0.2857142857142857,0.7647058823529411,0.68,0.3225806451612903,0.42857142857142855,0.4,0.09090909090909091,0.42857142857142855,0.8333333333333334,0.7692307692307693,0.8,92.5,0.5,14.731182795698924,16.41304347826087,13.881720430107526,15.66304347826087,0.36486486486486486,0.7407407407407407,0.7692307692307693,0.65,0.20270270270270271,0.3333333333333333,0.3333333333333333,0.4,0.3108108108108108,0.391304347826087,0.391304347826087,0.4444444444444444,0.10810810810810811,0.625,0.625,0.6,0.2,1.0,0.2,0.5,1.0,0.5789473684210527,0.7272727272727273,0.10526315789473684,0.5,0.4864864864864865,0.625,0.4736074324324325,0.4341333333333333,0.47957105263157895,0.1411764705882353,0.15789473684210525,,0.10576923076923077,0.3076923076923077,8.76,25.455555555555556,0.26881720430107525,2007-02-28,0020600858,MEM,1.0,1.0,,1.0,2.0,2.0,2.0,1.0,1.0,,0.6666666666666666,0.6666666666666666,0.5,0.013513513513513514,1.0,1.0,1.0,,,,,,1.0,,,,,,,,,,,,,,,,,,,,2006-07,2007,Regular Season
48:00,89.0,89.0,28.0,38.0,12.0,178.0,16.0,22.0,5.0,5.0,5.0,7.0,9.0,12.0,8.0,19.0,8.0,17.0,1.0,1.0,4.0,9.0,33.0,53.0,9.0,20.0,16.0,109.0,5.0,7.0,2.0,2.0,2.0,18.0,9.0,15.0,5.0,10.0,4.0,37.0,40.0,26.0,24.0,3.0,6.0,,,17.0,8.0,2.0,20.0,8.0,28.0,7.0,9.0,4.0,7.0,64.0,7.0,,5.0,23.0,3.0,31.0,12.0,43.0,6.0,3.0,3.0,7.0,4.0,12.0,3.0,3.0,19.0,4.0,12.0,22.0,3.0,2.0,19.0,2.0,3.0,22.0,5.0,10.0,1.0,2.0,5.0,5.0,,,5.0,5.0,,91.0,37.0,28.0,3.0,2.0,0.6060606060606061,0.6666666666666666,0.8888888888888888,0.45,1.0,0.5,0.45,0.6226415094339622,0.7142857142857143,0.6,0.636986301369863,0.8888888888888888,0.66,0.6728395061728395,0.8181818181818182,0.6851851851851852,0.273972602739726,0.03773584905660377,0.09090909090909091,,0.3684210526315789,0.6,,0.696969696969697,0.35,0.8333333333333334,0.717948717948718,0.4,0.5,,0.36363636363636365,1.0,0.36363636363636365,0.7857142857142857,0.75,89.0,1.0,17.752808988764045,14.606741573033707,16.60674157303371,13.96629213483146,0.3013698630136986,0.7272727272727273,0.8,0.5625,0.1643835616438356,0.75,0.75,0.4444444444444444,0.2602739726027397,0.42105263157894735,0.42105263157894735,0.875,0.2328767123287671,0.47058823529411764,0.47058823529411764,0.875,0.5555555555555556,1.0,0.1111111111111111,1.0,1.0,0.28,0.7142857142857143,0.36,0.4444444444444444,0.5753424657534246,0.47058823529411764,0.4847376712328767,0.5019333333333333,0.495212,0.13924050632911392,0.1724137931034483,0.047619047619047616,0.1651376146788991,0.3394495412844037,8.815094339622641,24.880000000000003,0.3146067415730337,2007-03-02,0020600874,MIN,1.0,3.0,1.0,1.0,5.0,5.0,,,,,0.5,0.5,1.0,0.0410958904109589,0.3333333333333333,0.3333333333333333,1.0,0.2,0.04,,,,1.0,,,,,1.0,1.0,,,,0.1111111111111111,1.0,1.0,1.0,1.0,1.0,0.5,,,,2006-07,2007,Regular Season
48:00,88.0,89.0,43.0,27.0,13.0,177.0,13.0,24.0,2.0,6.0,7.0,11.0,6.0,12.0,12.0,24.0,3.0,12.0,,1.0,1.0,7.0,31.0,60.0,5.0,14.0,31.0,108.0,2.0,7.0,1.0,2.0,6.0,13.0,18.0,27.0,3.0,9.0,18.0,63.0,28.0,34.0,12.0,3.0,4.0,,1.0,11.0,3.0,2.0,14.0,4.0,18.0,2.0,8.0,3.0,3.0,40.0,10.0,1.0,8.0,25.0,3.0,36.0,15.0,51.0,6.0,3.0,3.0,6.0,3.0,5.0,3.0,1.0,11.0,3.0,6.0,19.0,1.0,1.0,29.0,2.0,2.0,41.0,4.0,15.0,,7.0,5.0,3.0,,2.0,5.0,3.0,2.0,95.0,63.0,43.0,4.0,7.0,0.45161290322580644,0.4827586206896552,0.8,0.35714285714285715,0.5,0.3333333333333333,0.38461538461538464,0.5166666666666667,0.2857142857142857,0.6666666666666666,0.5202702702702703,0.3888888888888889,0.625,0.5869565217391305,0.5,0.6847826086956522,0.1891891891891892,0.03333333333333333,0.041666666666666664,0.08333333333333333,0.5454545454545454,1.0,0.2,0.7142857142857143,0.3448275862068966,0.7272727272727273,0.717391304347826,0.3783783783783784,0.2727272727272727,0.6666666666666666,0.25,0.5384615384615384,0.7692307692307693,0.8888888888888888,0.7777777777777778,88.5,0.6,17.193181818181817,15.359550561797754,16.0,14.9438202247191,0.32432432432432434,0.5416666666666666,0.5652173913043478,0.6153846153846154,0.16216216216216217,0.5,0.5454545454545454,0.5,0.32432432432432434,0.5,0.5,0.25,0.16216216216216217,0.25,0.25,0.6666666666666666,0.6666666666666666,0.3333333333333333,0.1111111111111111,,,0.3055555555555556,0.6363636363636364,0.19444444444444445,0.14285714285714285,0.5135135135135135,0.2727272727272727,0.4730760273972603,0.5438714285714286,0.47125428571428574,0.17647058823529413,0.2112676056338028,,0.12037037037037036,0.5833333333333334,9.03,27.635714285714283,0.48863636363636365,2007-03-04,0020600891,NOK,2.0,2.0,2.0,2.0,4.0,2.0,2.0,,,,0.5,0.5,0.5,0.02702702702702703,1.0,1.0,1.0,,0.05555555555555555,,2.0,1.0,,,,,0.05714285714285714,1.0,1.0,,,,0.1111111111111111,1.0,1.0,1.0,2.0,1.0,,,,,2006-07,2007,Regular Season
48:00,91.0,91.0,49.0,25.0,16.0,182.0,20.0,32.0,4.0,6.0,12.0,18.0,6.0,12.0,14.0,24.0,1.0,4.0,,1.0,,2.0,40.0,68.0,1.0,5.0,37.0,120.0,4.0,8.0,,1.0,19.0,27.0,23.0,41.0,,2.0,19.0,65.0,56.0,24.0,3.0,,4.0,,,4.0,1.0,3.0,28.0,1.0,29.0,1.0,14.0,5.0,9.0,59.0,15.0,2.0,11.0,21.0,4.0,36.0,19.0,55.0,9.0,4.0,5.0,9.0,4.0,9.0,5.0,3.0,18.0,6.0,12.0,24.0,2.0,1.0,30.0,1.0,3.0,47.0,3.0,18.0,,5.0,6.0,4.0,,2.0,6.0,4.0,,93.0,65.0,49.0,4.0,3.0,0.7,0.7368421052631579,1.0,0.2,,,0.2,0.5882352941176471,0.5,0.5609756097560976,0.5684931506849316,0.4444444444444444,0.5348837209302325,0.6236559139784946,0.6944444444444444,0.5818181818181818,0.0684931506849315,0.04411764705882353,0.0625,0.08333333333333333,0.5,0.8,0.6666666666666666,0.7777777777777778,0.5357142857142857,0.9166666666666666,0.8205128205128205,0.53125,0.6666666666666666,0.6666666666666666,0.3,0.5,0.7692307692307693,1.0,0.8888888888888888,91.0,0.6666666666666666,15.087912087912088,16.560439560439562,13.791208791208792,16.23076923076923,0.4383561643835616,0.625,0.6666666666666666,0.7,0.1643835616438356,0.5,0.5454545454545454,0.8333333333333334,0.3287671232876712,0.5833333333333334,0.5833333333333334,0.6428571428571429,0.0547945205479452,0.25,0.25,1.0,0.6666666666666666,0.6666666666666666,0.1111111111111111,,,0.4186046511627907,0.6666666666666666,0.046511627906976744,,0.5068493150684932,0.25,0.4943698630136986,0.5476777777777778,0.4895697674418605,0.20454545454545456,0.21686746987951808,,0.225,0.5416666666666666,8.63529411764706,24.16,0.5384615384615384,2007-03-05,0020600898,CHA,,1.0,,,2.0,2.0,1.0,,,,0.5,0.6666666666666666,1.0,0.0136986301369863,,,,0.5,,,2.0,4.0,1.0,,,,0.06896551724137931,,,,,,,,,,,,,,,,2006-07,2007,Regular Season
48:00,98.0,97.0,38.0,36.0,13.0,195.0,13.0,26.0,2.0,7.0,3.0,10.0,4.0,12.0,14.0,31.0,1.0,8.0,,,,5.0,31.0,69.0,1.0,9.0,29.0,94.0,4.0,11.0,,,2.0,10.0,8.0,23.0,,5.0,13.0,29.0,48.0,14.0,,3.0,2.0,,,8.0,1.0,5.0,24.0,,24.0,,11.0,2.0,11.0,48.0,10.0,,8.0,29.0,1.0,38.0,13.0,51.0,9.0,2.0,7.0,8.0,7.0,9.0,1.0,,17.0,7.0,7.0,25.0,2.0,6.0,30.0,3.0,6.0,35.0,2.0,16.0,,2.0,2.0,2.0,,,2.0,2.0,1.0,84.0,29.0,38.0,3.0,2.0,0.7741935483870968,0.8,,0.1111111111111111,,,0.1111111111111111,0.4492753623188406,0.36363636363636365,0.34782608695652173,0.4166666666666667,0.36363636363636365,0.2857142857142857,0.4946808510638298,0.4166666666666667,0.4027777777777778,0.11538461538461539,0.07246376811594203,0.11538461538461539,0.08333333333333333,0.47058823529411764,1.0,,0.8529411764705882,0.2702702702702703,1.0,0.8809523809523809,0.29545454545454547,0.3333333333333333,0.125,0.29411764705882354,0.8571428571428571,0.8571428571428571,0.85,1.0,97.5,1.0,15.010204081632653,14.525773195876289,14.36734693877551,14.216494845360824,0.3333333333333333,0.5,0.5652173913043478,0.8461538461538461,0.15384615384615385,0.3333333333333333,0.36363636363636365,0.5,0.3974358974358974,0.45161290322580644,0.4666666666666667,0.7857142857142857,0.10256410256410256,0.125,0.125,,0.6363636363636364,0.2857142857142857,,,,0.35714285714285715,0.3,0.17857142857142858,,0.44871794871794873,0.125,0.47895000000000004,0.5064,0.4832074074074074,0.17391304347826086,0.1927710843373494,,0.10638297872340426,0.30851063829787234,10.189855072463768,26.244444444444444,0.3877551020408163,2007-03-07,0020600914,IND,,1.0,,,3.0,1.0,2.0,,,,0.42857142857142855,0.5,1.0,0.01282051282051282,,,,0.5,,,2.0,1.0,1.0,,0.03225806451612903,,0.05128205128205128,,,,,,,,,,,,,,,,2006-07,2007,Regular Season
48:00,89.0,90.0,21.0,27.0,12.0,179.0,14.0,25.0,3.0,5.0,6.0,9.0,5.0,10.0,11.0,31.0,6.0,14.0,,,1.0,5.0,30.0,66.0,6.0,15.0,18.0,96.0,6.0,12.0,,,5.0,17.0,9.0,19.0,1.0,6.0,5.0,26.0,32.0,28.0,18.0,,6.0,,,14.0,6.0,8.0,16.0,6.0,22.0,6.0,9.0,2.0,5.0,50.0,10.0,1.0,8.0,23.0,2.0,33.0,15.0,48.0,9.0,3.0,6.0,7.0,6.0,9.0,1.0,1.0,16.0,2.0,8.0,21.0,2.0,3.0,19.0,2.0,1.0,24.0,2.0,10.0,,2.0,4.0,3.0,1.0,,4.0,3.0,,79.0,26.0,21.0,2.0,1.0,0.5333333333333333,0.5925925925925926,1.0,0.4,,0.16666666666666666,0.4,0.45454545454545453,0.5,0.47368421052631576,0.48148148148148145,0.5,0.42,0.5164835164835165,0.6071428571428571,0.46296296296296297,0.18518518518518517,0.12121212121212122,0.28,0.1,0.4375,1.0,0.3333333333333333,0.8518518518518519,0.2857142857142857,0.6666666666666666,0.7948717948717948,0.32558139534883723,0.4,0.4,0.2,0.6666666666666666,0.9,1.0,0.5714285714285714,89.5,0.75,16.674157303370787,15.511111111111111,15.808988764044944,15.077777777777778,0.30864197530864196,0.56,0.7777777777777778,0.6428571428571429,0.12345679012345678,0.5,0.5555555555555556,0.4,0.38271604938271603,0.3548387096774194,0.3548387096774194,0.45454545454545453,0.1728395061728395,0.42857142857142855,0.42857142857142855,1.0,0.4166666666666667,0.6,,,,0.36,0.6666666666666666,0.2,0.2,0.49382716049382713,0.42857142857142855,0.47705624999999996,0.4822333333333333,0.46859791666666667,0.11235955056179775,0.13513513513513514,,0.17708333333333334,0.2708333333333333,9.672727272727272,25.220000000000002,0.23595505617977527,2007-03-10,0020600933,NOK,,1.0,1.0,,4.0,,1.0,,,,0.5,0.5714285714285714,0.8,0.012345679012345678,,,,0.3333333333333333,0.04,,2.0,3.0,,,,,0.05714285714285714,,,,,,,,,,,,,,,,2006-07,2007,Regular Season
48:00,84.0,85.0,33.0,20.0,9.0,169.0,9.0,15.0,2.0,5.0,4.0,7.0,5.0,15.0,8.0,23.0,4.0,14.0,,,2.0,6.0,22.0,53.0,6.0,16.0,24.0,86.0,3.0,10.0,,,1.0,7.0,8.0,22.0,2.0,6.0,16.0,38.0,28.0,16.0,18.0,,4.0,,,14.0,4.0,3.0,14.0,6.0,20.0,4.0,7.0,2.0,5.0,46.0,9.0,,9.0,20.0,2.0,31.0,12.0,43.0,3.0,2.0,1.0,6.0,5.0,5.0,1.0,1.0,11.0,3.0,8.0,18.0,1.0,2.0,25.0,1.0,1.0,36.0,1.0,14.0,,4.0,1.0,1.0,,,1.0,,1.0,79.0,38.0,33.0,2.0,4.0,0.6363636363636364,0.7,1.0,0.375,,0.3333333333333333,0.375,0.41509433962264153,0.3,0.36363636363636365,0.4492753623188406,0.3,0.39285714285714285,0.4941860465116279,0.2916666666666667,0.5,0.2318840579710145,0.05660377358490566,0.2,,0.5454545454545454,1.0,,0.6060606060606061,0.3,0.6923076923076923,0.6304347826086957,0.3,0.5,0.3333333333333333,0.2,0.5,0.6923076923076923,0.6666666666666666,0.6363636363636364,84.5,,16.964285714285715,17.11764705882353,16.035714285714285,16.16470588235294,0.21739130434782608,0.6,0.75,0.7777777777777778,0.21739130434782608,0.3333333333333333,0.3333333333333333,0.4,0.3333333333333333,0.34782608695652173,0.34782608695652173,0.625,0.2028985507246377,0.2857142857142857,0.2857142857142857,1.0,0.5,0.4,,,,0.25,0.5714285714285714,0.21428571428571427,0.3333333333333333,0.4492753623188406,0.2857142857142857,0.4623442028985507,0.4826888888888889,0.4375428571428572,0.17073170731707318,0.21212121212121213,,0.08139534883720931,0.4418604651162791,10.518867924528301,25.4625,0.39285714285714285,2007-03-13,0020600950,MIA,2.0,2.0,,2.0,3.0,2.0,,,,,0.3,0.3,1.0,0.028985507246376812,1.0,1.0,1.0,0.5,,,2.0,1.0,,,,,0.05405405405405406,,,,,,,,,,,,,,,,2006-07,2007,Regular Season
48:00,92.0,93.0,23.0,39.0,13.0,185.0,16.0,27.0,6.0,6.0,3.0,6.0,5.0,8.0,7.0,30.0,4.0,10.0,,,3.0,6.0,28.0,65.0,6.0,12.0,16.0,90.0,8.0,11.0,,,4.0,20.0,3.0,9.0,4.0,7.0,5.0,23.0,28.0,28.0,18.0,,12.0,,,10.0,4.0,6.0,14.0,6.0,20.0,4.0,9.0,1.0,4.0,46.0,11.0,1.0,6.0,11.0,5.0,22.0,15.0,37.0,10.0,8.0,2.0,9.0,3.0,13.0,6.0,4.0,22.0,7.0,9.0,20.0,3.0,1.0,18.0,,2.0,19.0,4.0,10.0,,1.0,4.0,3.0,,1.0,4.0,2.0,,70.0,23.0,23.0,5.0,1.0,0.5,0.6363636363636364,1.0,0.5,,0.5714285714285714,0.5,0.4307692307692308,0.7272727272727273,0.3333333333333333,0.4805194805194805,0.7272727272727273,0.5625,0.5297619047619048,0.7692307692307693,0.6052631578947368,0.15584415584415584,0.09230769230769231,0.14814814814814814,0.125,0.4090909090909091,1.0,0.5,0.5,0.2972972972972973,0.75,0.5666666666666667,0.32558139534883723,0.36363636363636365,0.3333333333333333,0.2608695652173913,0.6,0.16666666666666666,0.6666666666666666,0.8333333333333334,92.5,0.5,16.108695652173914,15.03225806451613,15.391304347826088,14.56989247311828,0.35064935064935066,0.5925925925925926,0.6956521739130435,0.5625,0.1038961038961039,0.625,0.7142857142857143,0.2,0.38961038961038963,0.23333333333333334,0.2413793103448276,0.5714285714285714,0.12987012987012986,0.4,0.4444444444444444,1.0,0.5454545454545454,1.0,,,,0.375,0.5,0.375,0.5,0.5064935064935064,0.4,0.4707961038961039,0.49040999999999996,0.48693125,0.12048192771084337,0.14084507042253522,,0.2222222222222222,0.25555555555555554,9.415384615384616,25.90833333333333,0.25,2007-03-14,0020600960,ORL,2.0,2.0,1.0,2.0,3.0,4.0,2.0,,,,0.5,0.5,0.5,0.025974025974025976,1.0,1.0,1.0,0.16666666666666666,0.0625,1.0,1.0,1.0,1.0,0.08333333333333333,0.03333333333333333,0.1,0.027777777777777776,,,1.0,,,,,,,1.0,1.0,,,,,2006-07,2007,Regular Season
48:00,88.0,88.0,18.0,44.0,10.0,176.0,16.0,24.0,2.0,4.0,1.0,5.0,5.0,16.0,11.0,23.0,5.0,13.0,1.0,2.0,,1.0,32.0,63.0,5.0,14.0,9.0,88.0,4.0,9.0,1.0,2.0,1.0,12.0,5.0,15.0,,2.0,1.0,11.0,52.0,12.0,12.0,3.0,,,,13.0,5.0,3.0,26.0,4.0,30.0,4.0,14.0,4.0,8.0,64.0,10.0,1.0,6.0,21.0,2.0,29.0,13.0,42.0,8.0,7.0,1.0,10.0,4.0,8.0,6.0,1.0,18.0,5.0,9.0,22.0,2.0,3.0,17.0,3.0,3.0,14.0,1.0,6.0,,2.0,8.0,6.0,,2.0,8.0,,1.0,76.0,11.0,18.0,3.0,1.0,0.8125,0.8125,0.8,0.35714285714285715,0.5,,0.35714285714285715,0.5079365079365079,0.4444444444444444,0.3333333333333333,0.512987012987013,0.5,0.29411764705882354,0.5238095238095238,0.5,0.3055555555555556,0.18181818181818182,0.047619047619047616,0.08333333333333333,0.0625,0.5555555555555556,1.0,0.25,0.5675675675675675,0.3225806451612903,0.75,0.6,0.3,0.625,0.2727272727272727,0.16666666666666666,0.42857142857142855,0.36363636363636365,0.9166666666666666,0.75,88.0,,16.40909090909091,16.318181818181817,15.0,15.602272727272727,0.3116883116883117,0.6666666666666666,0.7272727272727273,0.875,0.2077922077922078,0.3125,0.3333333333333333,0.8,0.2987012987012987,0.4782608695652174,0.4782608695652174,0.7272727272727273,0.16883116883116883,0.38461538461538464,0.38461538461538464,0.8,0.36363636363636365,0.5,0.18181818181818182,0.5,,0.29411764705882354,0.2,0.058823529411764705,,0.4935064935064935,0.38461538461538464,0.46978311688311686,0.47430555555555554,0.4645764705882353,0.07317073170731707,0.08823529411764706,,0.13636363636363635,0.125,9.126984126984127,25.928571428571427,0.20454545454545456,2007-03-16,0020600971,PHI,,1.0,1.0,,2.0,2.0,1.0,,,,0.2222222222222222,0.25,,0.012987012987012988,,,,1.0,0.058823529411764705,,3.0,,,,,,0.08108108108108109,,,,,,,,,1.0,,,,,,,2006-07,2007,Regular Season
48:00,91.0,91.0,12.0,23.0,11.0,182.0,16.0,30.0,2.0,3.0,1.0,4.0,6.0,14.0,5.0,25.0,1.0,10.0,,1.0,,3.0,27.0,69.0,2.0,14.0,13.0,73.0,3.0,6.0,,1.0,6.0,12.0,1.0,7.0,,4.0,3.0,5.0,32.0,22.0,6.0,,4.0,,,10.0,1.0,9.0,16.0,2.0,18.0,1.0,8.0,4.0,4.0,38.0,9.0,,6.0,22.0,6.0,34.0,12.0,46.0,4.0,2.0,2.0,4.0,3.0,9.0,1.0,,13.0,1.0,10.0,20.0,2.0,2.0,16.0,2.0,1.0,17.0,1.0,9.0,,,7.0,5.0,,2.0,7.0,4.0,,61.0,5.0,12.0,5.0,,0.5925925925925926,0.64,1.0,0.14285714285714285,,,0.14285714285714285,0.391304347826087,0.5,0.14285714285714285,0.3614457831325301,0.42857142857142855,0.09090909090909091,0.4010989010989011,0.5454545454545454,0.17857142857142858,0.1686746987951807,0.13043478260869565,0.2,0.21428571428571427,0.3076923076923077,0.8571428571428571,,0.5365853658536586,0.21428571428571427,0.46153846153846156,0.5185185185185185,0.22641509433962265,0.2857142857142857,0.25,0.15,0.6,0.5,0.5,0.42857142857142855,91.0,0.5714285714285714,16.32967032967033,15.31868131868132,15.648351648351648,13.45054945054945,0.3614457831325301,0.5333333333333333,0.6666666666666666,0.5,0.1686746987951807,0.42857142857142855,0.5454545454545454,0.6666666666666666,0.30120481927710846,0.2,0.2,0.8,0.12048192771084337,0.1,0.1,1.0,0.42857142857142855,0.6666666666666666,0.14285714285714285,,,0.36363636363636365,0.25,0.2727272727272727,,0.5301204819277109,0.1,0.5073573170731707,0.512225,0.4443,0.0989010989010989,0.11688311688311688,,0.1643835616438356,0.0684931506849315,8.453623188405796,25.514285714285712,0.13186813186813187,2007-03-17,0020600982,CLE,1.0,4.0,1.0,1.0,3.0,3.0,1.0,,,,0.2727272727272727,0.25,0.5,0.04819277108433735,0.25,0.25,1.0,,0.09090909090909091,,,,,,,,,,,1.0,,,,,,2.0,,,0.3333333333333333,,,,2006-07,2007,Regular Season
48:00,92.0,93.0,38.0,22.0,13.0,185.0,21.0,32.0,3.0,5.0,4.0,10.0,3.0,7.0,13.0,29.0,1.0,5.0,1.0,2.0,1.0,2.0,37.0,68.0,2.0,6.0,24.0,104.0,7.0,11.0,1.0,2.0,,17.0,11.0,26.0,2.0,3.0,18.0,46.0,60.0,14.0,6.0,,6.0,,,5.0,1.0,1.0,30.0,2.0,32.0,1.0,15.0,2.0,13.0,66.0,11.0,2.0,10.0,23.0,1.0,34.0,15.0,49.0,5.0,1.0,4.0,7.0,3.0,12.0,4.0,2.0,19.0,8.0,7.0,20.0,1.0,5.0,28.0,,3.0,30.0,1.0,11.0,,4.0,6.0,2.0,2.0,2.0,6.0,6.0,,87.0,46.0,38.0,2.0,3.0,0.8108108108108109,0.8823529411764706,1.0,0.3333333333333333,0.5,0.6666666666666666,0.3333333333333333,0.5441176470588235,0.6363636363636364,0.4230769230769231,0.5405405405405406,0.6538461538461539,0.4827586206896552,0.5852272727272727,0.6538461538461539,0.5769230769230769,0.08108108108108109,0.014705882352941176,,0.14285714285714285,0.3684210526315789,1.0,0.5,0.7931034482758621,0.36666666666666664,0.7142857142857143,0.7674418604651163,0.38235294117647056,0.45454545454545453,0.75,0.2,0.75,0.7142857142857143,0.9,0.6,92.5,1.0,17.130434782608695,14.021505376344086,15.684782608695652,13.580645161290322,0.43243243243243246,0.65625,0.65625,0.7142857142857143,0.0945945945945946,0.42857142857142855,0.5,0.6666666666666666,0.3918918918918919,0.4482758620689655,0.4482758620689655,1.0,0.06756756756756757,0.2,0.2,1.0,0.38461538461538464,0.6,0.15384615384615385,0.5,1.0,0.3448275862068966,0.4,0.06896551724137931,0.5,0.5135135135135135,0.2,0.4762472972972973,0.4350863636363636,0.445053448275862,0.13095238095238096,0.14102564102564102,,0.16346153846153846,0.4423076923076923,9.230882352941178,24.683333333333334,0.41304347826086957,2007-03-20,0020601003,GSW,1.0,1.0,1.0,1.0,2.0,2.0,2.0,,,,0.5,0.5,1.0,0.013513513513513514,1.0,1.0,1.0,,0.034482758620689655,,3.0,1.0,2.0,,,,0.09090909090909091,,,,,,,,,,1.0,1.0,,,,,2006-07,2007,Regular Season
48:00,92.0,93.0,42.0,21.0,9.0,185.0,12.0,20.0,3.0,6.0,6.0,9.0,5.0,16.0,9.0,25.0,,6.0,,,,2.0,26.0,61.0,1.0,7.0,17.0,72.0,3.0,7.0,,,1.0,7.0,12.0,24.0,1.0,3.0,6.0,33.0,36.0,16.0,3.0,,2.0,,1.0,5.0,,5.0,18.0,1.0,19.0,,7.0,3.0,8.0,39.0,6.0,1.0,5.0,22.0,2.0,29.0,9.0,38.0,10.0,4.0,6.0,9.0,3.0,9.0,6.0,2.0,18.0,9.0,9.0,22.0,1.0,2.0,26.0,4.0,,37.0,4.0,16.0,,4.0,2.0,2.0,,,2.0,,,65.0,33.0,42.0,6.0,4.0,0.6923076923076923,0.72,1.0,0.14285714285714285,,0.3333333333333333,0.16666666666666666,0.4262295081967213,0.42857142857142855,0.5,0.40441176470588236,0.42857142857142855,0.5,0.4226190476190476,0.5,0.4714285714285714,0.10294117647058823,0.08196721311475409,0.15,0.0625,0.5,1.0,0.1,0.7096774193548387,0.17647058823529413,0.8333333333333334,0.7297297297297297,0.20512820512820512,0.2857142857142857,0.09090909090909091,0.1875,0.25,0.8181818181818182,0.9166666666666666,0.75,92.5,,15.358695652173912,15.774193548387096,14.847826086956522,15.193548387096774,0.29411764705882354,0.6,0.7058823529411765,0.5833333333333334,0.23529411764705882,0.3125,0.3333333333333333,0.6,0.36764705882352944,0.36,0.375,0.8888888888888888,0.08823529411764706,,,,0.8571428571428571,0.5,,,,0.3333333333333333,0.6666666666666666,0.07407407407407407,,0.39705882352941174,,0.47035074626865675,0.56554,0.48379074074074074,0.2,0.2191780821917808,,0.09722222222222222,0.4583333333333333,9.575409836065575,28.8,0.45652173913043476,2007-03-23,0020601029,LAC,1.0,1.0,1.0,1.0,2.0,3.0,2.0,,,1.0,0.4,0.4,1.0,0.014705882352941176,1.0,1.0,1.0,0.3333333333333333,0.037037037037037035,,,1.0,1.0,,0.04,,,,,,,,,,,,1.0,1.0,,,,,2006-07,2007,Regular Season
48:00,98.0,97.0,34.0,36.0,15.0,195.0,29.0,46.0,7.0,10.0,8.0,13.0,6.0,14.0,8.0,19.0,1.0,8.0,,,,2.0,43.0,79.0,2.0,11.0,26.0,118.0,7.0,14.0,,,,14.0,13.0,27.0,1.0,4.0,11.0,40.0,72.0,14.0,6.0,,8.0,,,8.0,1.0,8.0,36.0,2.0,38.0,1.0,23.0,6.0,7.0,78.0,10.0,,6.0,21.0,7.0,34.0,16.0,50.0,5.0,3.0,2.0,4.0,2.0,5.0,2.0,2.0,9.0,1.0,10.0,27.0,,1.0,27.0,1.0,4.0,32.0,4.0,14.0,,3.0,7.0,4.0,,3.0,7.0,5.0,,104.0,40.0,34.0,8.0,3.0,0.8372093023255814,0.9230769230769231,1.0,0.18181818181818182,,0.25,0.18181818181818182,0.5443037974683544,0.5,0.48148148148148145,0.5111111111111111,0.5,0.46774193548387094,0.5631067961165048,0.5,0.527027027027027,0.12222222222222222,0.10126582278481013,0.10869565217391304,0.21428571428571427,0.4444444444444444,0.7777777777777778,,0.7777777777777778,0.2857142857142857,0.75,0.7714285714285715,0.36363636363636365,0.25,0.25,0.36363636363636365,0.5,0.8,0.9090909090909091,0.8333333333333334,97.5,0.7142857142857143,15.061224489795919,14.474226804123711,14.23469387755102,13.762886597938145,0.5111111111111111,0.6304347826086957,0.7073170731707317,0.7931034482758621,0.15555555555555556,0.42857142857142855,0.5454545454545454,1.0,0.2111111111111111,0.42105263157894735,0.42105263157894735,0.875,0.08888888888888889,0.125,0.125,1.0,0.7142857142857143,0.7,,,,0.41935483870967744,0.6153846153846154,0.06451612903225806,,0.6333333333333333,0.125,0.531193888888889,0.5301636363636364,0.5065516129032258,0.14,0.15730337078651685,,0.11864406779661017,0.3389830508474576,6.1265822784810124,24.2,0.3469387755102041,2007-03-24,0020601034,MEM,1.0,3.0,2.0,1.0,6.0,1.0,1.0,,,,0.6666666666666666,0.7142857142857143,0.5,0.03333333333333333,0.3333333333333333,0.3333333333333333,1.0,0.42857142857142855,0.06451612903225806,,3.0,2.0,,,,,0.08333333333333333,,,,,,,,,,1.0,0.5,0.5,,,,2006-07,2007,Regular Season
48:00,97.0,97.0,39.0,43.0,15.0,194.0,19.0,31.0,8.0,10.0,9.0,14.0,4.0,11.0,9.0,26.0,2.0,8.0,,2.0,2.0,6.0,32.0,68.0,2.0,11.0,33.0,103.0,10.0,14.0,,2.0,,20.0,12.0,26.0,2.0,7.0,20.0,50.0,40.0,24.0,6.0,,10.0,,,8.0,2.0,3.0,20.0,2.0,22.0,2.0,12.0,2.0,6.0,46.0,12.0,1.0,8.0,23.0,8.0,39.0,16.0,55.0,8.0,5.0,3.0,8.0,3.0,6.0,5.0,2.0,14.0,4.0,16.0,32.0,2.0,4.0,31.0,2.0,4.0,45.0,2.0,17.0,,5.0,5.0,3.0,,2.0,5.0,3.0,,83.0,50.0,39.0,7.0,5.0,0.625,0.7407407407407407,1.0,0.18181818181818182,,0.2857142857142857,0.18181818181818182,0.47058823529411764,0.7142857142857143,0.46153846153846156,0.4430379746835443,0.625,0.45454545454545453,0.5202020202020202,0.625,0.5681818181818182,0.13924050632911392,0.04411764705882353,0.0967741935483871,,0.5714285714285714,1.0,0.2,0.7419354838709677,0.3333333333333333,0.7272727272727273,0.7380952380952381,0.3409090909090909,0.6666666666666666,0.2857142857142857,0.11764705882352941,0.3333333333333333,1.0,0.7,0.7,97.0,0.6,15.329896907216495,14.360824742268042,14.371134020618557,13.876288659793815,0.3924050632911392,0.6129032258064516,0.6785714285714286,0.631578947368421,0.13924050632911392,0.36363636363636365,0.36363636363636365,0.5,0.3291139240506329,0.34615384615384615,0.34615384615384615,0.6666666666666666,0.10126582278481013,0.25,0.25,1.0,0.625,0.8,0.125,,,0.42424242424242425,0.6428571428571429,0.18181818181818182,0.3333333333333333,0.5316455696202531,0.25,0.49266898734177217,0.5223321428571428,0.506969696969697,0.18085106382978725,0.20481927710843373,,0.1941747572815534,0.4854368932038835,8.87794117647059,24.3,0.4020618556701031,2007-03-26,0020601051,WAS,,3.0,1.0,,3.0,,,,,,0.375,0.2,1.0,0.0379746835443038,,,,0.5,0.030303030303030304,,,3.0,,,,,,,,,,,,,,,,,0.6666666666666666,,,,2006-07,2007,Regular Season
48:00,91.0,91.0,41.0,26.0,9.0,182.0,25.0,34.0,5.0,6.0,9.0,12.0,,7.0,9.0,24.0,3.0,8.0,,,1.0,4.0,34.0,65.0,4.0,10.0,28.0,108.0,5.0,11.0,,,1.0,11.0,13.0,27.0,2.0,6.0,17.0,49.0,40.0,28.0,12.0,,8.0,,,8.0,3.0,3.0,20.0,4.0,24.0,3.0,11.0,,9.0,52.0,10.0,,4.0,29.0,,33.0,11.0,44.0,7.0,4.0,3.0,6.0,3.0,7.0,3.0,,13.0,4.0,11.0,21.0,1.0,2.0,27.0,2.0,2.0,34.0,3.0,10.0,1.0,6.0,6.0,6.0,,,6.0,5.0,,97.0,49.0,41.0,1.0,6.0,0.5882352941176471,0.6666666666666666,1.0,0.4,,0.3333333333333333,0.4,0.5230769230769231,0.45454545454545453,0.48148148148148145,0.5333333333333333,0.45454545454545453,0.48484848484848486,0.5955056179775281,0.5,0.5595238095238095,0.13333333333333333,0.046153846153846156,0.08823529411764706,,0.46153846153846156,,,0.8787878787878788,0.3333333333333333,0.4444444444444444,0.7857142857142857,0.3055555555555556,0.3333333333333333,0.5714285714285714,0.21428571428571427,0.8666666666666667,0.8333333333333334,0.9166666666666666,0.3333333333333333,91.0,0.8333333333333334,16.0989010989011,15.54945054945055,15.428571428571429,14.692307692307692,0.4533333333333333,0.7352941176470589,0.8064516129032258,0.44,0.09333333333333334,,,,0.32,0.375,0.375,1.0,0.10666666666666667,0.375,0.375,1.0,0.5454545454545454,0.8333333333333334,,,,0.36363636363636365,0.75,0.12121212121212122,0.25,0.5866666666666667,0.375,0.50252,0.48857999999999996,0.482180303030303,0.13253012048192772,0.1388888888888889,0.09090909090909091,0.10185185185185185,0.4537037037037037,7.869230769230769,24.330000000000002,0.45054945054945056,2007-03-28,0020601067,MIN,1.0,2.0,2.0,1.0,1.0,2.0,,,,,0.16666666666666666,0.2,0.6666666666666666,0.02666666666666667,0.5,0.5,1.0,0.2,0.06060606060606061,,2.0,2.0,2.0,,,,0.06060606060606061,,,,,,,,,,1.0,0.5,,,,,2006-07,2007,Regular Season
48:00,91.0,89.0,12.0,25.0,7.0,180.0,20.0,35.0,2.0,5.0,1.0,1.0,6.0,14.0,4.0,16.0,3.0,10.0,,,1.0,4.0,30.0,65.0,3.0,12.0,24.0,93.0,2.0,6.0,,,8.0,12.0,1.0,4.0,1.0,5.0,8.0,13.0,34.0,26.0,9.0,,4.0,,,10.0,3.0,9.0,17.0,3.0,20.0,3.0,12.0,2.0,3.0,43.0,6.0,,6.0,22.0,,28.0,10.0,38.0,8.0,6.0,2.0,9.0,4.0,4.0,5.0,1.0,13.0,1.0,10.0,21.0,,1.0,20.0,1.0,2.0,26.0,2.0,11.0,,3.0,2.0,,,2.0,2.0,1.0,,81.0,13.0,12.0,2.0,3.0,0.5666666666666667,0.6071428571428571,1.0,0.25,,0.2,0.25,0.46153846153846156,0.3333333333333333,0.25,0.44805194805194803,0.3333333333333333,0.2777777777777778,0.5224719101123596,0.6,0.5,0.15584415584415584,0.13846153846153847,0.22857142857142856,0.07142857142857142,0.6923076923076923,,,0.8148148148148148,0.17647058823529413,0.6666666666666666,0.7777777777777778,0.23809523809523808,0.3333333333333333,,0.08333333333333333,0.8,0.8571428571428571,0.75,0.7142857142857143,90.0,0.5,15.615384615384615,16.39325842696629,15.362637362637363,15.955056179775282,0.45454545454545453,0.5714285714285714,0.7407407407407407,0.6,0.18181818181818182,0.42857142857142855,0.46153846153846156,0.3333333333333333,0.2077922077922078,0.25,0.25,0.75,0.12987012987012986,0.3,0.3,1.0,0.8333333333333334,0.4,,,,0.1111111111111111,1.0,0.4444444444444444,0.25,0.6103896103896104,0.3,0.48415657894736847,0.46738,0.48214375,0.12790697674418605,0.14864864864864866,,0.12903225806451613,0.13978494623655913,6.992307692307692,26.125,0.13186813186813187,2007-03-30,0020601077,SAS,,2.0,1.0,,4.0,1.0,,,,,0.5,0.5,0.5,0.025974025974025976,,,,,0.1111111111111111,,,,,,,,,,,,,,,,,,,,0.5,,,,2006-07,2007,Regular Season
48:00,86.0,86.0,27.0,27.0,14.0,172.0,10.0,27.0,3.0,6.0,2.0,5.0,3.0,12.0,15.0,33.0,2.0,7.0,,1.0,1.0,3.0,28.0,72.0,2.0,7.0,24.0,86.0,7.0,14.0,,1.0,2.0,16.0,5.0,18.0,1.0,3.0,8.0,21.0,42.0,14.0,6.0,,2.0,,,7.0,2.0,7.0,21.0,2.0,23.0,2.0,8.0,2.0,11.0,48.0,12.0,1.0,8.0,26.0,3.0,37.0,16.0,53.0,3.0,1.0,2.0,1.0,1.0,7.0,,,8.0,3.0,11.0,23.0,,5.0,24.0,3.0,2.0,33.0,3.0,13.0,1.0,3.0,1.0,1.0,,,1.0,,,70.0,21.0,27.0,1.0,3.0,0.75,0.7777777777777778,1.0,0.2857142857142857,,0.3333333333333333,0.2857142857142857,0.3888888888888889,0.5,0.2777777777777778,0.3924050632911392,0.4666666666666667,0.30952380952380953,0.45698924731182794,0.5,0.3888888888888889,0.08860759493670886,0.09722222222222222,0.25925925925925924,,0.125,1.0,0.25,0.7027027027027027,0.27906976744186046,0.8,0.723404255319149,0.3125,0.35294117647058826,0.4444444444444444,0.11764705882352941,0.5555555555555556,0.7647058823529411,0.7272727272727273,1.0,86.0,,17.569767441860463,15.918604651162791,16.186046511627907,15.186046511627907,0.34177215189873417,0.37037037037037035,0.5,0.8,0.1518987341772152,0.25,0.25,0.6666666666666666,0.4177215189873418,0.45454545454545453,0.45454545454545453,0.7333333333333333,0.08860759493670886,0.2857142857142857,0.2857142857142857,1.0,0.4,0.5,0.06666666666666667,,,0.23809523809523808,0.4,0.14285714285714285,0.3333333333333333,0.43037974683544306,0.2857142857142857,0.4580151898734177,0.47069285714285714,0.42986904761904765,0.15555555555555556,0.15853658536585366,0.125,0.18604651162790697,0.2441860465116279,9.520833333333334,24.82857142857143,0.313953488372093,2007-04-01,0020601097,HOU,,,,,3.0,1.0,1.0,,,,0.6,0.6,0.6,,,,,0.6666666666666666,,,1.0,1.0,,,,,0.024390243902439025,,,,,,,,,,,,,,,,2006-07,2007,Regular Season
48:00,89.0,89.0,20.0,20.0,11.0,178.0,14.0,30.0,3.0,8.0,1.0,7.0,10.0,17.0,5.0,15.0,4.0,13.0,,,,3.0,29.0,62.0,5.0,17.0,16.0,89.0,5.0,13.0,,,5.0,15.0,4.0,16.0,,3.0,5.0,13.0,44.0,14.0,15.0,,6.0,,,13.0,4.0,7.0,22.0,5.0,27.0,4.0,10.0,7.0,5.0,59.0,14.0,2.0,7.0,21.0,2.0,30.0,19.0,49.0,7.0,3.0,4.0,11.0,5.0,7.0,6.0,5.0,18.0,6.0,9.0,19.0,1.0,1.0,21.0,1.0,3.0,25.0,2.0,12.0,,1.0,3.0,3.0,,,4.0,2.0,1.0,74.0,13.0,20.0,3.0,1.0,0.7586206896551724,0.8461538461538461,1.0,0.29411764705882354,,,0.29411764705882354,0.46774193548387094,0.38461538461538464,0.25,0.4620253164556962,0.38461538461538464,0.21052631578947367,0.49444444444444446,0.4166666666666667,0.29545454545454547,0.21518987341772153,0.11290322580645161,0.2,0.058823529411764705,0.6111111111111112,1.0,0.5,0.84,0.42424242424242425,0.7,0.8,0.37777777777777777,0.625,0.2857142857142857,0.2,0.7142857142857143,0.75,1.0,0.8333333333333334,89.0,0.5,15.629213483146067,16.730337078651687,14.741573033707866,16.202247191011235,0.379746835443038,0.4666666666666667,0.5833333333333334,0.7142857142857143,0.21518987341772153,0.5882352941176471,0.625,0.7,0.189873417721519,0.3333333333333333,0.3333333333333333,1.0,0.16455696202531644,0.3076923076923077,0.3076923076923077,1.0,0.6153846153846154,0.375,,,,0.3684210526315789,0.14285714285714285,0.15789473684210525,,0.5949367088607594,0.3076923076923077,0.49048227848101267,0.4403090909090909,0.45425000000000004,0.1348314606741573,0.16666666666666666,,0.16853932584269662,0.14606741573033707,7.354838709677419,23.876470588235293,0.2247191011235955,2007-04-04,0020601117,POR,1.0,4.0,,1.0,3.0,,1.0,1.0,,,0.25,0.3333333333333333,0.5,0.05063291139240506,0.25,0.25,1.0,,,,3.0,1.0,,,,,0.07894736842105263,,,,1.0,,,,,1.0,,,,1.0,,,2006-07,2007,Regular Season
48:00,92.0,91.0,27.0,19.0,12.0,183.0,16.0,31.0,2.0,8.0,3.0,7.0,6.0,16.0,11.0,23.0,5.0,13.0,,1.0,1.0,5.0,33.0,70.0,6.0,18.0,19.0,103.0,3.0,12.0,1.0,2.0,2.0,11.0,9.0,19.0,1.0,6.0,11.0,32.0,34.0,32.0,15.0,3.0,4.0,,,13.0,5.0,5.0,17.0,5.0,22.0,4.0,7.0,3.0,7.0,49.0,14.0,1.0,5.0,18.0,3.0,26.0,18.0,44.0,8.0,3.0,5.0,3.0,2.0,9.0,1.0,4.0,12.0,2.0,13.0,24.0,,2.0,19.0,5.0,1.0,22.0,1.0,4.0,,7.0,3.0,3.0,,,3.0,2.0,,92.0,32.0,27.0,4.0,6.0,0.5151515151515151,0.5483870967741935,0.8333333333333334,0.3333333333333333,0.5,0.16666666666666666,0.3333333333333333,0.4714285714285714,0.25,0.47368421052631576,0.4772727272727273,0.32142857142857145,0.42,0.5204081632653061,0.34375,0.5161290322580645,0.20454545454545456,0.07142857142857142,0.12903225806451613,,0.25,1.0,0.3333333333333333,0.6,0.3888888888888889,1.0,0.6571428571428571,0.3617021276595745,0.5,0.2,0.4166666666666667,0.3,0.6,0.8,1.0,91.5,0.6666666666666666,16.902173913043477,14.56043956043956,15.706521739130435,14.197802197802197,0.3522727272727273,0.5161290322580645,0.5925925925925926,0.4375,0.18181818181818182,0.375,0.375,0.5,0.26136363636363635,0.4782608695652174,0.5,0.6363636363636364,0.14772727272727273,0.38461538461538464,0.38461538461538464,0.8,0.5714285714285714,0.25,0.07142857142857142,,,0.28,0.42857142857142855,0.2,0.2,0.5568181818181818,0.38461538461538464,0.4814795454545454,0.504475,0.433194,0.04395604395604396,0.0547945205479452,,0.10679611650485436,0.3106796116504854,8.068571428571428,24.711111111111112,0.29347826086956524,2007-04-06,0020601131,SAC,1.0,5.0,1.0,1.0,3.0,1.0,2.0,,,1.0,0.2727272727272727,0.2857142857142857,,0.056818181818181816,0.2,0.2,1.0,,0.04,,4.0,1.0,,,0.043478260869565216,,0.09523809523809523,1.0,1.0,,,,0.07142857142857142,1.0,1.0,,,,0.25,,,,2006-07,2007,Regular Season
48:00,86.0,88.0,11.0,21.0,13.0,174.0,20.0,30.0,4.0,5.0,2.0,3.0,2.0,7.0,18.0,27.0,3.0,11.0,,1.0,,1.0,40.0,64.0,5.0,16.0,8.0,103.0,7.0,9.0,1.0,2.0,1.0,18.0,4.0,8.0,2.0,4.0,,14.0,52.0,28.0,6.0,9.0,10.0,,,11.0,3.0,2.0,26.0,2.0,28.0,1.0,10.0,,16.0,58.0,9.0,,8.0,13.0,4.0,25.0,14.0,39.0,8.0,5.0,3.0,7.0,5.0,11.0,2.0,1.0,18.0,4.0,9.0,17.0,,1.0,13.0,1.0,,10.0,3.0,6.0,,,2.0,1.0,,1.0,2.0,1.0,,85.0,14.0,11.0,2.0,,0.65,0.7428571428571429,0.4,0.3125,0.5,0.5,0.3125,0.625,0.7777777777777778,0.5,0.59375,0.7727272727272727,0.5833333333333334,0.6144578313253012,0.8181818181818182,0.5833333333333334,0.2,0.03125,0.06666666666666667,,0.3888888888888889,1.0,,0.7222222222222222,0.375,0.8,0.75,0.4117647058823529,0.2,0.6,0.4444444444444444,0.5,0.8,0.75,0.8571428571428571,87.0,0.5,17.75581395348837,15.375,16.686046511627907,15.227272727272727,0.375,0.6666666666666666,0.7142857142857143,0.5,0.0875,0.2857142857142857,0.2857142857142857,,0.3375,0.6666666666666666,0.6666666666666666,0.8888888888888888,0.1375,0.2727272727272727,0.2727272727272727,0.3333333333333333,0.45454545454545453,0.8,0.09090909090909091,,,0.25,0.6666666666666666,0.08333333333333333,,0.575,0.2727272727272727,0.501373125,0.47745625,0.48969166666666664,0.07228915662650602,0.08955223880597014,,0.17475728155339806,0.13592233009708737,8.9671875,24.3125,0.12790697674418605,2007-04-07,0020601141,SEA,2.0,5.0,3.0,1.0,5.0,6.0,3.0,,,,0.5,0.42857142857142855,0.6666666666666666,0.0625,0.4,0.5,0.5,,0.25,1.0,3.0,1.0,,0.0625,,,0.0967741935483871,1.0,1.0,,,0.2,0.09090909090909091,1.0,,,2.0,0.6666666666666666,0.6666666666666666,,,,2006-07,2007,Regular Season
48:00,104.0,105.0,43.0,28.0,15.0,209.0,15.0,35.0,3.0,10.0,6.0,16.0,6.0,15.0,9.0,21.0,2.0,9.0,,1.0,1.0,5.0,30.0,71.0,3.0,11.0,33.0,102.0,5.0,15.0,,2.0,5.0,15.0,11.0,26.0,2.0,6.0,19.0,47.0,36.0,24.0,6.0,3.0,6.0,,,9.0,2.0,11.0,18.0,2.0,20.0,1.0,10.0,1.0,7.0,42.0,21.0,2.0,8.0,19.0,1.0,28.0,24.0,52.0,11.0,7.0,4.0,15.0,9.0,10.0,6.0,1.0,25.0,10.0,12.0,25.0,2.0,4.0,30.0,,,50.0,3.0,18.0,,8.0,1.0,1.0,,,1.0,1.0,,87.0,47.0,43.0,3.0,8.0,0.6,0.6666666666666666,0.6666666666666666,0.2727272727272727,,0.3333333333333333,0.2727272727272727,0.4225352112676056,0.3333333333333333,0.4230769230769231,0.42073170731707316,0.29411764705882354,0.4375,0.48095238095238096,0.3409090909090909,0.5111111111111111,0.13414634146341464,0.15492957746478872,0.2,0.2,0.6,1.0,0.18181818181818182,0.7037037037037037,0.525,0.8,0.7297297297297297,0.4583333333333333,0.55,0.6666666666666666,0.36363636363636365,0.7272727272727273,0.42857142857142855,0.8888888888888888,0.75,104.5,1.0,15.51923076923077,12.057142857142857,14.346153846153847,11.895238095238096,0.4268292682926829,0.42857142857142855,0.5357142857142857,0.6666666666666666,0.18292682926829268,0.4,0.5,0.16666666666666666,0.25609756097560976,0.42857142857142855,0.45,0.7777777777777778,0.10975609756097561,0.2222222222222222,0.2222222222222222,0.5,0.5882352941176471,0.3,0.058823529411764705,,,0.5,0.375,0.15625,0.2,0.5609756097560976,0.2222222222222222,0.466865243902439,0.505140625,0.4815734375,0.18556701030927836,0.20930232558139536,,0.14705882352941177,0.46078431372549017,7.771830985915492,25.50909090909091,0.41346153846153844,2007-04-09,0020601156,GSW,1.0,2.0,1.0,1.0,1.0,1.0,2.0,,,,0.125,0.14285714285714285,1.0,0.024390243902439025,0.5,0.5,1.0,0.6666666666666666,0.03125,,2.0,1.0,1.0,,0.047619047619047616,,0.05405405405405406,,1.0,,,,0.058823529411764705,,,,1.0,1.0,,,,,2006-07,2007,Regular Season
48:00,93.0,94.0,16.0,39.0,13.0,187.0,19.0,35.0,4.0,10.0,4.0,7.0,3.0,7.0,16.0,35.0,5.0,11.0,,,2.0,3.0,38.0,77.0,7.0,14.0,9.0,106.0,5.0,12.0,,1.0,1.0,11.0,6.0,10.0,3.0,4.0,3.0,24.0,54.0,22.0,21.0,,2.0,,1.0,10.0,5.0,8.0,27.0,7.0,34.0,5.0,13.0,1.0,13.0,75.0,14.0,1.0,11.0,15.0,1.0,27.0,15.0,42.0,6.0,4.0,2.0,6.0,4.0,8.0,2.0,1.0,14.0,2.0,12.0,25.0,2.0,1.0,18.0,2.0,5.0,13.0,2.0,6.0,,2.0,3.0,2.0,1.0,,3.0,1.0,,95.0,24.0,16.0,6.0,1.0,0.7105263157894737,0.7297297297297297,1.0,0.5,,0.75,0.5384615384615384,0.4935064935064935,0.4166666666666667,0.6,0.532967032967033,0.38461538461538464,0.75,0.5463917525773195,0.39285714285714285,0.75,0.15384615384615385,0.1038961038961039,0.22857142857142856,,0.42857142857142855,1.0,0.5,0.6818181818181818,0.358974358974359,1.0,0.7878787878787878,0.3111111111111111,0.25,0.5,0.42105263157894735,0.5714285714285714,1.0,0.6923076923076923,1.0,93.5,0.3333333333333333,16.150537634408604,14.659574468085106,14.978494623655914,14.308510638297872,0.38461538461538464,0.5428571428571428,0.7037037037037037,0.6842105263157895,0.07692307692307693,0.42857142857142855,0.42857142857142855,0.3333333333333333,0.38461538461538464,0.45714285714285713,0.45714285714285713,0.8125,0.12087912087912088,0.45454545454545453,0.45454545454545453,1.0,0.7692307692307693,0.4,,,,0.5,0.5714285714285714,0.21428571428571427,0.6666666666666666,0.5384615384615384,0.5,0.4943,0.5498115384615384,0.5279923076923076,0.06315789473684211,0.07407407407407407,,0.10377358490566038,0.22641509433962265,9.2987012987013,25.842857142857145,0.17204301075268819,2007-04-11,0020601170,DEN,2.0,3.0,1.0,2.0,,4.0,1.0,,,,,,1.0,0.03296703296703297,0.6666666666666666,0.6666666666666666,1.0,0.75,0.07142857142857142,,,1.0,,,,,,,1.0,,,,0.07692307692307693,,,,1.0,1.0,,,,,2006-07,2007,Regular Season
48:00,86.0,87.0,20.0,18.0,13.0,173.0,20.0,31.0,5.0,8.0,4.0,4.0,7.0,13.0,5.0,14.0,5.0,10.0,1.0,1.0,2.0,4.0,32.0,58.0,5.0,13.0,25.0,104.0,8.0,13.0,1.0,1.0,5.0,24.0,7.0,9.0,2.0,4.0,11.0,31.0,42.0,22.0,12.0,3.0,4.0,,,10.0,5.0,3.0,21.0,4.0,25.0,4.0,12.0,5.0,4.0,54.0,15.0,1.0,11.0,22.0,4.0,37.0,17.0,54.0,2.0,1.0,1.0,10.0,7.0,8.0,3.0,,18.0,3.0,11.0,25.0,2.0,3.0,25.0,3.0,3.0,31.0,1.0,11.0,,5.0,3.0,3.0,,,3.0,3.0,,80.0,31.0,20.0,3.0,5.0,0.65625,0.7,0.8,0.38461538461538464,1.0,0.5,0.38461538461538464,0.5517241379310345,0.6153846153846154,0.7777777777777778,0.5563380281690141,0.6785714285714286,0.7692307692307693,0.6046511627906976,0.75,0.775,0.18309859154929578,0.05172413793103448,0.06451612903225806,0.07692307692307693,0.5555555555555556,1.0,0.25,0.7857142857142857,0.5769230769230769,0.8461538461538461,0.8048780487804879,0.47058823529411764,0.5454545454545454,0.6666666666666666,0.5555555555555556,0.9,0.75,0.7,0.8888888888888888,86.5,1.0,16.872093023255815,16.42528735632184,15.290697674418604,15.793103448275861,0.43661971830985913,0.6451612903225806,0.6896551724137931,0.6,0.18309859154929578,0.5384615384615384,0.5833333333333334,0.7142857142857143,0.19718309859154928,0.35714285714285715,0.35714285714285715,0.8,0.14084507042253522,0.5,0.5,0.8,0.5714285714285714,0.625,0.07142857142857142,1.0,1.0,0.3076923076923077,1.0,0.3076923076923077,0.5,0.6197183098591549,0.5,0.49235357142857145,0.48543846153846154,0.4637307692307692,0.13580246913580246,0.16176470588235295,,0.23076923076923078,0.2980769230769231,6.834482758620689,25.946153846153848,0.23255813953488372,2007-04-13,0020601183,DAL,,3.0,,,1.0,2.0,1.0,,,,0.125,0.2,0.75,0.04225352112676056,,,,0.4,,,3.0,,1.0,,,,0.0967741935483871,,,,,,,,,1.0,,,,,,,2006-07,2007,Regular Season
48:00,97.0,99.0,16.0,34.0,15.0,196.0,18.0,31.0,6.0,9.0,3.0,4.0,6.0,16.0,9.0,28.0,5.0,9.0,,,,1.0,33.0,75.0,5.0,11.0,17.0,98.0,8.0,13.0,,1.0,1.0,17.0,6.0,13.0,,1.0,4.0,16.0,42.0,24.0,12.0,3.0,8.0,,1.0,8.0,5.0,7.0,21.0,4.0,25.0,4.0,11.0,4.0,6.0,54.0,13.0,2.0,10.0,22.0,1.0,33.0,16.0,49.0,1.0,,1.0,11.0,9.0,4.0,2.0,,15.0,1.0,12.0,24.0,,1.0,23.0,,3.0,29.0,2.0,13.0,,2.0,1.0,,1.0,,1.0,1.0,,81.0,16.0,16.0,5.0,2.0,0.6363636363636364,0.7241379310344828,0.8,0.45454545454545453,,,0.5,0.44,0.6153846153846154,0.46153846153846156,0.47093023255813954,0.5714285714285714,0.42857142857142855,0.4898989898989899,0.6071428571428571,0.47058823529411764,0.12790697674418605,0.09333333333333334,0.22580645161290322,,0.7333333333333333,1.0,0.3333333333333333,0.8461538461538461,0.30952380952380953,0.7692307692307693,0.8205128205128205,0.2978723404255319,0.5384615384615384,0.2,0.21052631578947367,0.8,0.5,0.8947368421052632,1.0,98.0,1.0,16.11340206185567,13.303030303030303,15.515463917525773,12.919191919191919,0.36046511627906974,0.5806451612903226,0.75,0.6111111111111112,0.18604651162790697,0.375,0.375,0.6666666666666666,0.32558139534883723,0.32142857142857145,0.32142857142857145,0.6666666666666666,0.10465116279069768,0.5555555555555556,0.5555555555555556,0.8,0.6428571428571429,0.6666666666666666,,,,0.2857142857142857,0.75,0.07142857142857142,,0.4883720930232558,0.625,0.49005529411764703,0.5403961538461538,0.45996923076923074,0.13402061855670103,0.1511627906976744,,0.17346938775510204,0.16326530612244897,8.909333333333334,26.018181818181816,0.16494845360824742,2007-04-14,0020601192,PHX,,2.0,,,1.0,3.0,2.0,,,1.0,0.2,,0.4,0.023255813953488372,,,,0.3333333333333333,,,1.0,1.0,,,,,0.025,,1.0,,,,0.07142857142857142,,,,,,0.5,1.0,,,2006-07,2007,Regular Season
48:00,95.0,94.0,38.0,31.0,13.0,189.0,25.0,34.0,2.0,2.0,11.0,14.0,3.0,10.0,12.0,23.0,5.0,9.0,,,,2.0,40.0,67.0,5.0,10.0,35.0,130.0,6.0,8.0,,,9.0,21.0,19.0,29.0,,3.0,14.0,52.0,56.0,24.0,15.0,,6.0,,,9.0,5.0,6.0,28.0,5.0,33.0,5.0,17.0,3.0,8.0,71.0,11.0,1.0,9.0,24.0,5.0,38.0,14.0,52.0,7.0,4.0,3.0,6.0,3.0,6.0,3.0,2.0,12.0,6.0,16.0,26.0,,,28.0,1.0,3.0,42.0,2.0,17.0,,4.0,7.0,3.0,1.0,3.0,7.0,7.0,,109.0,52.0,38.0,3.0,4.0,0.7,0.7567567567567568,1.0,0.5,,,0.5,0.5970149253731343,0.75,0.6551724137931034,0.6168831168831169,0.75,0.59375,0.6666666666666666,0.8076923076923077,0.65,0.12987012987012986,0.08955223880597014,0.14705882352941177,0.1,0.5,0.7142857142857143,0.2,0.8275862068965517,0.4074074074074074,0.9,0.8461538461538461,0.40625,0.2222222222222222,0.5714285714285714,0.45454545454545453,0.42857142857142855,1.0,0.9473684210526315,1.0,94.5,1.0,14.273684210526316,16.21276595744681,13.368421052631579,15.829787234042554,0.44155844155844154,0.7352941176470589,0.8620689655172413,0.68,0.12987012987012986,0.3,0.3333333333333333,1.0,0.2987012987012987,0.5217391304347826,0.5217391304347826,0.6666666666666666,0.11688311688311688,0.5555555555555556,0.5555555555555556,1.0,0.25,1.0,,,,0.4375,0.7857142857142857,0.0625,,0.5714285714285714,0.5555555555555556,0.5137746753246754,0.4491,0.5000703125,0.18478260869565216,0.2073170731707317,,0.16153846153846155,0.4,7.9447761194029844,24.45,0.4,2007-04-16,0020601209,POR,,1.0,1.0,,2.0,,1.0,,,,0.4,0.25,0.75,0.012987012987012988,,,,,0.03125,,2.0,2.0,1.0,,,,0.07692307692307693,,,1.0,,,,,,,,,1.0,,,,2006-07,2007,Regular Season
48:00,91.0,93.0,44.0,25.0,13.0,184.0,17.0,26.0,1.0,2.0,9.0,14.0,4.0,11.0,11.0,25.0,4.0,11.0,2.0,3.0,,3.0,32.0,62.0,4.0,11.0,25.0,101.0,2.0,6.0,2.0,3.0,2.0,12.0,16.0,33.0,,3.0,14.0,46.0,40.0,24.0,9.0,3.0,2.0,,1.0,10.0,4.0,2.0,20.0,3.0,23.0,3.0,10.0,2.0,8.0,49.0,12.0,,14.0,21.0,,35.0,14.0,49.0,5.0,4.0,1.0,8.0,4.0,9.0,4.0,1.0,17.0,7.0,12.0,22.0,1.0,3.0,29.0,2.0,4.0,35.0,,9.0,,7.0,,,,,,,,89.0,46.0,44.0,2.0,6.0,0.625,0.6451612903225806,0.75,0.36363636363636365,0.6666666666666666,,0.4,0.5161290322580645,0.3333333333333333,0.48484848484848486,0.5205479452054794,0.5555555555555556,0.4444444444444444,0.5561797752808989,0.5454545454545454,0.5,0.1506849315068493,0.03225806451612903,0.038461538461538464,0.09090909090909091,0.47058823529411764,,,0.9130434782608695,0.4,0.7777777777777778,0.8536585365853658,0.3888888888888889,0.5555555555555556,0.42857142857142855,0.2857142857142857,1.0,0.8,1.0,0.8,92.0,,15.340659340659341,15.956989247311828,14.483516483516484,15.311827956989248,0.3561643835616438,0.6538461538461539,0.68,0.5882352941176471,0.1506849315068493,0.36363636363636365,0.4,0.5,0.3424657534246575,0.44,0.44,0.7272727272727273,0.1506849315068493,0.36363636363636365,0.36363636363636365,0.75,0.2222222222222222,0.5,0.3333333333333333,0.6666666666666666,0.5,0.3888888888888889,0.6428571428571429,0.08333333333333333,,0.5068493150684932,0.4,0.48986111111111114,0.5272357142857144,0.46522714285714284,0.10975609756097561,0.1267605633802817,,0.1188118811881188,0.45544554455445546,9.266129032258064,27.79090909090909,0.4835164835164835,2007-04-18,0020601226,HOU,,,,,2.0,3.0,3.0,,,,0.3333333333333333,0.3333333333333333,0.75,,,,,,,,2.0,3.0,,,,,0.058823529411764705,,,,,,,,,,,,,,,,2006-07,2007,Regular Season
48:00,89.0,88.0,27.0,21.0,15.0,177.0,7.0,17.0,3.0,6.0,2.0,7.0,9.0,27.0,11.0,26.0,3.0,16.0,,1.0,1.0,7.0,27.0,70.0,4.0,17.0,9.0,75.0,7.0,12.0,,1.0,1.0,15.0,5.0,18.0,2.0,8.0,3.0,19.0,26.0,28.0,6.0,6.0,4.0,,,16.0,3.0,6.0,13.0,2.0,15.0,2.0,2.0,6.0,5.0,32.0,15.0,1.0,12.0,21.0,1.0,34.0,17.0,51.0,8.0,3.0,5.0,8.0,2.0,4.0,6.0,,12.0,5.0,8.0,22.0,2.0,3.0,16.0,,1.0,17.0,,7.0,,1.0,1.0,,,1.0,2.0,2.0,,60.0,19.0,27.0,5.0,1.0,0.48148148148148145,0.52,0.5,0.23529411764705882,,0.25,0.23529411764705882,0.38571428571428573,0.5833333333333334,0.2777777777777778,0.3793103448275862,0.5384615384615384,0.3076923076923077,0.3894736842105263,0.5357142857142857,0.3392857142857143,0.19540229885057472,0.08571428571428572,0.23529411764705882,0.07407407407407407,0.6666666666666666,1.0,0.3333333333333333,0.875,0.35714285714285715,0.7058823529411765,0.8048780487804879,0.2962962962962963,0.5,0.29411764705882354,0.3333333333333333,0.7142857142857143,1.0,0.875,0.5454545454545454,88.5,1.0,17.03370786516854,15.5,15.460674157303371,14.977272727272727,0.19540229885057472,0.4117647058823529,0.5384615384615384,0.2857142857142857,0.3103448275862069,0.3333333333333333,0.36,0.6666666666666666,0.2988505747126437,0.4230769230769231,0.4230769230769231,0.45454545454545453,0.1839080459770115,0.1875,0.1875,0.6666666666666666,0.46153846153846156,0.5,0.07692307692307693,,,0.2692307692307692,0.2857142857142857,0.2692307692307692,0.14285714285714285,0.39080459770114945,0.1875,0.44867093023255816,0.47991249999999996,0.45144799999999996,0.07446808510638298,0.09090909090909091,,0.2,0.25333333333333335,10.745714285714286,26.0,0.30337078651685395,2007-04-21,0040600171,HOU,1.0,1.0,1.0,,1.0,,3.0,1.0,1.0,1.0,0.08333333333333333,0.08333333333333333,1.0,0.011494252873563218,1.0,1.0,,,0.038461538461538464,,1.0,1.0,,,,,0.020833333333333332,,,,,,,,,,1.0,1.0,,,,,2006-07,2007,Playoffs
48:00,92.0,92.0,28.0,34.0,11.0,184.0,14.0,23.0,4.0,6.0,6.0,7.0,9.0,19.0,14.0,33.0,1.0,8.0,,,,3.0,37.0,75.0,1.0,9.0,13.0,90.0,7.0,11.0,,,,14.0,12.0,21.0,,3.0,2.0,26.0,50.0,24.0,3.0,,6.0,,,8.0,1.0,1.0,25.0,1.0,26.0,1.0,7.0,7.0,11.0,53.0,11.0,,11.0,24.0,1.0,36.0,12.0,48.0,4.0,3.0,1.0,6.0,4.0,7.0,2.0,1.0,13.0,3.0,14.0,29.0,2.0,2.0,15.0,2.0,1.0,17.0,2.0,9.0,,,6.0,3.0,,3.0,6.0,3.0,,76.0,26.0,28.0,6.0,,0.6756756756756757,0.7352941176470589,1.0,0.1111111111111111,,,0.1111111111111111,0.49333333333333335,0.6363636363636364,0.5714285714285714,0.4583333333333333,0.6363636363636364,0.5,0.489010989010989,0.6363636363636364,0.5,0.10714285714285714,0.013333333333333334,0.043478260869565216,,0.46153846153846156,0.5,,0.7272727272727273,0.2894736842105263,0.5789473684210527,0.6730769230769231,0.26666666666666666,0.5555555555555556,0.2,0.21052631578947367,0.625,0.6666666666666666,0.8461538461538461,0.6153846153846154,92.0,0.5,15.5,15.804347826086957,14.76086956521739,14.51086956521739,0.27380952380952384,0.6086956521739131,0.6363636363636364,0.5,0.2261904761904762,0.47368421052631576,0.47368421052631576,0.7777777777777778,0.39285714285714285,0.42424242424242425,0.42424242424242425,0.7857142857142857,0.09523809523809523,0.125,0.125,1.0,0.5454545454545454,0.6666666666666666,,,,0.2916666666666667,0.8571428571428571,0.125,,0.38095238095238093,0.125,0.45361964285714285,0.47079000000000004,0.45865833333333333,0.0989010989010989,0.10975609756097561,,0.15555555555555556,0.28888888888888886,10.736,25.688888888888886,0.30434782608695654,2007-04-23,0040600172,HOU,,1.0,,,1.0,1.0,1.0,,,,0.14285714285714285,0.16666666666666666,0.5,0.011904761904761904,,,,0.25,,,2.0,1.0,,,,,0.045454545454545456,,,,,,,,,2.0,,,,,,,2006-07,2007,Playoffs
48:00,86.0,87.0,29.0,26.0,14.0,173.0,14.0,28.0,5.0,11.0,4.0,10.0,6.0,12.0,11.0,30.0,2.0,15.0,1.0,1.0,1.0,4.0,31.0,70.0,2.0,15.0,13.0,81.0,5.0,12.0,1.0,1.0,3.0,16.0,12.0,26.0,1.0,4.0,6.0,33.0,34.0,28.0,6.0,,6.0,,,15.0,2.0,7.0,17.0,2.0,19.0,2.0,7.0,2.0,8.0,40.0,12.0,,10.0,23.0,,33.0,17.0,50.0,12.0,5.0,7.0,6.0,2.0,5.0,4.0,,11.0,1.0,12.0,19.0,,1.0,20.0,2.0,2.0,18.0,3.0,6.0,,4.0,4.0,2.0,,2.0,4.0,3.0,,65.0,33.0,29.0,1.0,4.0,0.5483870967741935,0.6071428571428571,1.0,0.13333333333333333,1.0,0.25,0.13333333333333333,0.44285714285714284,0.4166666666666667,0.46153846153846156,0.4,0.5,0.45,0.43478260869565216,0.5333333333333333,0.47058823529411764,0.17647058823529413,0.1,0.21428571428571427,0.08333333333333333,0.5454545454545454,,,0.7931034482758621,0.3076923076923077,0.8333333333333334,0.8048780487804879,0.3333333333333333,0.42857142857142855,,0.3157894736842105,0.8,0.8,0.7857142857142857,0.8571428571428571,86.5,0.75,18.011627906976745,15.298850574712644,16.941860465116278,14.666666666666666,0.32941176470588235,0.5,0.6363636363636364,0.5,0.1411764705882353,0.5,0.5454545454545454,0.3333333333333333,0.35294117647058826,0.36666666666666664,0.36666666666666664,0.7272727272727273,0.17647058823529413,0.13333333333333333,0.13333333333333333,1.0,0.8461538461538461,0.45454545454545453,0.07692307692307693,1.0,1.0,0.3333333333333333,0.4,0.13333333333333333,0.25,0.5058823529411764,0.13333333333333333,0.48358411764705883,0.55329,0.452845,0.06818181818181818,0.0821917808219178,,0.19753086419753085,0.4074074074074074,9.698571428571428,25.19333333333333,0.3372093023255814,2007-04-26,0040600173,HOU,,,,,5.0,1.0,2.0,,,,0.4166666666666667,0.4166666666666667,0.8,,,,,0.4,,,1.0,1.0,,,,,0.022727272727272728,,,,,,,,,1.0,,,,,,,2006-07,2007,Playoffs
48:00,88.0,87.0,37.0,25.0,12.0,175.0,14.0,21.0,3.0,5.0,5.0,6.0,2.0,13.0,17.0,34.0,2.0,7.0,,1.0,1.0,1.0,33.0,68.0,2.0,8.0,26.0,98.0,4.0,9.0,,2.0,5.0,13.0,11.0,27.0,1.0,2.0,14.0,39.0,40.0,26.0,6.0,,2.0,,,7.0,2.0,2.0,20.0,2.0,22.0,2.0,8.0,1.0,11.0,46.0,11.0,3.0,11.0,19.0,1.0,31.0,15.0,46.0,7.0,5.0,2.0,6.0,2.0,5.0,4.0,1.0,11.0,6.0,8.0,25.0,,4.0,26.0,3.0,2.0,33.0,2.0,11.0,,6.0,5.0,3.0,1.0,1.0,6.0,2.0,,85.0,39.0,37.0,3.0,6.0,0.6060606060606061,0.625,1.0,0.25,,0.5,0.25,0.4852941176470588,0.4444444444444444,0.4074074074074074,0.47368421052631576,0.36363636363636365,0.43103448275862066,0.532967032967033,0.4642857142857143,0.5135135135135135,0.10526315789473684,0.029411764705882353,0.047619047619047616,,0.5454545454545454,0.5,0.6,0.6333333333333333,0.3142857142857143,0.9166666666666666,0.7142857142857143,0.2926829268292683,0.2857142857142857,0.6363636363636364,0.11764705882352941,0.5,0.7142857142857143,0.6666666666666666,0.9,87.5,0.3333333333333333,16.829545454545453,16.080459770114942,15.420454545454545,15.482758620689655,0.27631578947368424,0.6666666666666666,0.7,0.5714285714285714,0.17105263157894737,0.15384615384615385,0.15384615384615385,0.5,0.4473684210526316,0.5,0.5151515151515151,0.6470588235294118,0.09210526315789473,0.2857142857142857,0.2857142857142857,1.0,0.45454545454545453,0.6,0.09090909090909091,,,0.20689655172413793,0.8333333333333334,0.034482758620689655,1.0,0.3815789473684211,0.2857142857142857,0.45842368421052637,0.5093799999999999,0.4246431034482759,0.12941176470588237,0.14285714285714285,,0.1326530612244898,0.3979591836734694,10.88529411764706,24.4125,0.42045454545454547,2007-04-28,0040600174,HOU,,1.0,1.0,,1.0,,1.0,1.0,1.0,,0.16666666666666666,0.2,1.0,0.013157894736842105,,,,0.3333333333333333,0.034482758620689655,,,1.0,,,0.029411764705882353,,,,1.0,,,,0.09090909090909091,,,,,,,,,,2006-07,2007,Playoffs
48:00,90.0,90.0,8.0,24.0,10.0,180.0,15.0,21.0,,2.0,1.0,2.0,8.0,19.0,9.0,27.0,3.0,9.0,,1.0,,2.0,32.0,67.0,5.0,12.0,13.0,92.0,,4.0,1.0,2.0,5.0,8.0,1.0,7.0,,2.0,3.0,5.0,44.0,20.0,15.0,,,,,9.0,3.0,5.0,22.0,5.0,27.0,3.0,11.0,4.0,7.0,59.0,11.0,,11.0,18.0,3.0,32.0,12.0,44.0,6.0,3.0,3.0,12.0,8.0,2.0,4.0,,14.0,1.0,8.0,18.0,1.0,2.0,17.0,,4.0,18.0,1.0,8.0,1.0,,7.0,4.0,,3.0,7.0,4.0,,84.0,5.0,8.0,2.0,,0.6875,0.6875,1.0,0.4166666666666667,0.5,,0.4166666666666667,0.47761194029850745,,0.14285714285714285,0.5,0.25,0.1111111111111111,0.5287356321839081,0.4444444444444444,0.25,0.1518987341772152,0.07462686567164178,0.09523809523809523,0.10526315789473684,0.8571428571428571,1.0,,0.6428571428571429,0.3142857142857143,0.9166666666666666,0.725,0.2926829268292683,0.6666666666666666,0.2727272727272727,0.2222222222222222,0.4444444444444444,0.7857142857142857,0.6,0.875,90.0,0.5714285714285714,16.9,15.1,15.755555555555556,14.766666666666667,0.26582278481012656,0.7142857142857143,0.7894736842105263,0.7333333333333333,0.24050632911392406,0.42105263157894735,0.47058823529411764,0.5,0.34177215189873417,0.3333333333333333,0.34615384615384615,0.7777777777777778,0.11392405063291139,0.3333333333333333,0.3333333333333333,1.0,0.3333333333333333,,0.16666666666666666,,,0.2222222222222222,0.5,0.2222222222222222,,0.4177215189873418,0.3333333333333333,0.4578860759493671,0.51805,0.4023555555555556,0.10344827586206896,0.10810810810810811,0.07692307692307693,0.08695652173913043,0.05434782608695652,9.928358208955224,24.84166666666667,0.08888888888888889,2007-04-30,0040600175,HOU,2.0,3.0,,2.0,1.0,,2.0,,,,0.16666666666666666,0.16666666666666666,1.0,0.0379746835443038,0.6666666666666666,0.6666666666666666,1.0,,,,,,,,0.037037037037037035,,,1.0,1.0,,,,0.16666666666666666,1.0,1.0,,,,,,,,2006-07,2007,Playoffs
48:00,88.0,89.0,27.0,15.0,4.0,177.0,18.0,21.0,3.0,3.0,4.0,4.0,2.0,7.0,8.0,29.0,7.0,15.0,,,3.0,8.0,28.0,57.0,7.0,15.0,17.0,94.0,3.0,4.0,,,,6.0,6.0,11.0,3.0,8.0,8.0,29.0,32.0,24.0,21.0,,6.0,,1.0,14.0,7.0,1.0,16.0,7.0,23.0,7.0,10.0,1.0,5.0,53.0,3.0,,12.0,18.0,5.0,35.0,4.0,39.0,8.0,5.0,3.0,4.0,2.0,9.0,2.0,1.0,13.0,5.0,7.0,22.0,,3.0,21.0,,4.0,19.0,1.0,7.0,,2.0,7.0,5.0,,2.0,7.0,6.0,,88.0,29.0,27.0,4.0,2.0,0.5714285714285714,0.64,1.0,0.4666666666666667,,0.375,0.5,0.49122807017543857,0.75,0.5454545454545454,0.5347222222222222,0.75,0.5526315789473685,0.58125,0.75,0.6304347826086957,0.20833333333333334,0.017543859649122806,0.047619047619047616,,0.3076923076923077,1.0,,0.782608695652174,0.10344827586206896,0.8,0.7894736842105263,0.11428571428571428,0.3333333333333333,,0.09523809523809523,0.8571428571428571,0.8571428571428571,0.6666666666666666,0.8,88.5,0.8571428571428571,16.431818181818183,16.1123595505618,16.181818181818183,15.460674157303371,0.2916666666666667,0.8571428571428571,0.9,0.5555555555555556,0.09722222222222222,0.2857142857142857,0.2857142857142857,0.5,0.4027777777777778,0.27586206896551724,0.27586206896551724,0.625,0.20833333333333334,0.4666666666666667,0.4666666666666667,1.0,0.75,1.0,,,,0.21052631578947367,1.0,0.42105263157894735,0.375,0.5,0.5,0.47514366197183094,0.5724,0.4821083333333333,0.08974358974358974,0.1111111111111111,,0.06382978723404255,0.30851063829787234,10.78421052631579,27.026666666666664,0.3068181818181818,2007-05-03,0040600176,HOU,,,,,1.0,2.0,,,,,0.16666666666666666,0.16666666666666666,0.8,,,,,,,,,2.0,,,,,,,,,,,,,,,,,,,,,2006-07,2007,Playoffs
48:00,85.0,84.0,27.0,37.0,10.0,169.0,15.0,26.0,4.0,6.0,6.0,7.0,9.0,15.0,11.0,26.0,5.0,10.0,1.0,2.0,3.0,7.0,35.0,67.0,5.0,11.0,18.0,103.0,5.0,10.0,1.0,2.0,4.0,17.0,8.0,20.0,3.0,8.0,6.0,31.0,46.0,24.0,15.0,,4.0,,,10.0,5.0,7.0,23.0,5.0,28.0,5.0,10.0,4.0,9.0,61.0,9.0,,7.0,20.0,3.0,30.0,14.0,44.0,4.0,,4.0,7.0,5.0,3.0,2.0,,10.0,3.0,11.0,25.0,1.0,,20.0,1.0,1.0,24.0,2.0,10.0,,3.0,2.0,1.0,,1.0,2.0,2.0,,86.0,31.0,27.0,6.0,3.0,0.6571428571428571,0.696969696969697,1.0,0.45454545454545453,0.5,0.375,0.45454545454545453,0.5223880597014925,0.5,0.4,0.5448717948717948,0.5416666666666666,0.44642857142857145,0.5786516853932584,0.6071428571428571,0.5,0.14102564102564102,0.1044776119402985,0.19230769230769232,0.06666666666666667,0.7,0.6,,0.8333333333333334,0.2903225806451613,0.5384615384615384,0.7297297297297297,0.3783783783783784,0.36363636363636365,0.4,0.2,0.5,0.9090909090909091,0.8888888888888888,0.45454545454545453,84.5,1.0,16.564705882352943,17.523809523809526,15.564705882352941,16.61904761904762,0.3333333333333333,0.5769230769230769,0.7142857142857143,0.6666666666666666,0.19230769230769232,0.6,0.6428571428571429,0.4444444444444444,0.3333333333333333,0.4230769230769231,0.44,0.8181818181818182,0.1282051282051282,0.5,0.5,1.0,0.5,0.6666666666666666,0.16666666666666666,0.5,1.0,0.25,0.8571428571428571,0.25,0.42857142857142855,0.47435897435897434,0.5,0.47357051282051277,0.53505,0.4632232142857143,0.11627906976744186,0.13333333333333333,,0.1650485436893204,0.30097087378640774,9.044776119402986,25.127272727272725,0.3176470588235294,2007-05-05,0040600177,HOU,,1.0,1.0,,5.0,,,,,1.0,0.8333333333333334,0.8,1.0,0.01282051282051282,,,,0.25,0.03571428571428571,,2.0,,1.0,,0.038461538461538464,,0.06666666666666667,,,,,,,,,1.0,,,1.0,,,,2006-07,2007,Playoffs
48:00,101.0,101.0,35.0,37.0,16.0,202.0,22.0,38.0,6.0,9.0,10.0,16.0,3.0,7.0,9.0,20.0,8.0,18.0,1.0,2.0,2.0,6.0,34.0,65.0,8.0,23.0,24.0,116.0,8.0,14.0,1.0,3.0,2.0,21.0,14.0,24.0,2.0,7.0,11.0,45.0,32.0,36.0,24.0,,14.0,,1.0,17.0,8.0,6.0,16.0,8.0,24.0,8.0,8.0,2.0,6.0,56.0,16.0,,13.0,21.0,3.0,37.0,22.0,59.0,9.0,3.0,6.0,14.0,11.0,7.0,3.0,3.0,21.0,7.0,11.0,25.0,2.0,2.0,24.0,1.0,1.0,32.0,3.0,11.0,,6.0,8.0,7.0,,1.0,8.0,6.0,,95.0,45.0,35.0,2.0,5.0,0.47058823529411764,0.5925925925925926,1.0,0.34782608695652173,0.3333333333333333,0.2857142857142857,0.36363636363636365,0.5230769230769231,0.5714285714285714,0.5833333333333334,0.5227272727272727,0.5588235294117647,0.5483870967741935,0.5637254901960784,0.5526315789473685,0.5945945945945946,0.26136363636363635,0.09230769230769231,0.15789473684210525,,0.6666666666666666,1.0,,0.7,0.5161290322580645,0.6842105263157895,0.6938775510204082,0.4888888888888889,0.625,0.25,0.45454545454545453,0.625,1.0,0.75,0.6,101.0,0.75,14.683168316831683,13.831683168316832,13.900990099009901,13.029702970297029,0.4318181818181818,0.5789473684210527,0.6875,0.36363636363636365,0.07954545454545454,0.42857142857142855,0.42857142857142855,0.6666666666666666,0.22727272727272727,0.45,0.45,0.6666666666666666,0.20454545454545456,0.4444444444444444,0.4444444444444444,1.0,0.5294117647058824,0.6666666666666666,0.11764705882352941,0.5,1.0,0.5161290322580645,0.625,0.1935483870967742,0.3333333333333333,0.6931818181818182,0.47058823529411764,0.5341172413793104,0.5473272727272728,0.5473733333333333,0.11458333333333333,0.1506849315068493,,0.1810344827586207,0.3879310344827586,6.601538461538462,25.834782608695654,0.3465346534653465,2007-05-07,0040600221,GSW,,5.0,1.0,,6.0,1.0,2.0,,,1.0,0.42857142857142855,0.3333333333333333,1.0,0.056818181818181816,,,,,0.03225806451612903,,2.0,1.0,,,,,0.05128205128205128,,1.0,,,,0.058823529411764705,,,,,,0.6,,,,2006-07,2007,Playoffs
53:00,103.0,103.0,28.0,40.0,19.0,206.0,23.0,35.0,10.0,12.0,5.0,7.0,6.0,11.0,10.0,25.0,4.0,9.0,1.0,2.0,,3.0,39.0,71.0,7.0,16.0,28.0,127.0,12.0,16.0,1.0,2.0,5.0,32.0,11.0,16.0,1.0,5.0,14.0,39.0,48.0,30.0,21.0,,12.0,,,9.0,4.0,6.0,24.0,7.0,31.0,4.0,13.0,2.0,9.0,69.0,17.0,,18.0,17.0,7.0,42.0,22.0,64.0,6.0,4.0,2.0,13.0,10.0,10.0,3.0,2.0,23.0,5.0,14.0,29.0,,2.0,29.0,2.0,3.0,33.0,4.0,13.0,,5.0,8.0,5.0,,3.0,8.0,4.0,,95.0,39.0,28.0,4.0,5.0,0.6153846153846154,0.7272727272727273,1.0,0.4375,0.5,0.2,0.4375,0.5492957746478874,0.75,0.6875,0.5689655172413793,0.75,0.5952380952380952,0.6237623762376238,0.8,0.6964285714285714,0.1839080459770115,0.08450704225352113,0.14285714285714285,0.09090909090909091,0.5652173913043478,1.0,,0.6296296296296297,0.53125,0.782608695652174,0.7,0.5365853658536586,0.75,0.2,0.4666666666666667,0.5454545454545454,0.7,0.6666666666666666,0.8125,93.28301886792453,0.5,16.281553398058254,14.592233009708737,15.359223300970873,14.097087378640778,0.40229885057471265,0.6571428571428571,0.7666666666666667,0.5652173913043478,0.12643678160919541,0.5454545454545454,0.6,0.3333333333333333,0.28735632183908044,0.4,0.4,0.9,0.10344827586206896,0.4444444444444444,0.4444444444444444,1.0,0.6666666666666666,0.8333333333333334,0.1111111111111111,0.5,1.0,0.3333333333333333,0.7142857142857143,0.14285714285714285,,0.5862068965517241,0.4444444444444444,0.49434080459770113,0.52551875,0.4708452380952381,0.13541666666666666,0.1625,,0.25196850393700787,0.30708661417322836,7.845070422535211,24.18125,0.27184466019417475,2007-05-09,0040600222,GSW,3.0,7.0,2.0,3.0,5.0,3.0,1.0,,,,0.5555555555555556,0.8,0.7142857142857143,0.08045977011494253,0.42857142857142855,0.42857142857142855,1.0,0.3,0.09523809523809523,,2.0,1.0,1.0,,,,0.05714285714285714,,,,,,,,,,1.0,0.5,0.25,,,,2006-07,2007,Playoffs
48:00,98.0,99.0,41.0,49.0,15.0,197.0,18.0,31.0,6.0,10.0,10.0,16.0,6.0,11.0,7.0,22.0,4.0,9.0,,1.0,1.0,2.0,31.0,64.0,6.0,14.0,25.0,105.0,7.0,13.0,,1.0,2.0,16.0,17.0,31.0,2.0,5.0,13.0,53.0,36.0,26.0,18.0,,10.0,,,9.0,4.0,8.0,18.0,6.0,24.0,4.0,7.0,5.0,6.0,54.0,14.0,2.0,14.0,14.0,3.0,31.0,18.0,49.0,5.0,4.0,1.0,12.0,7.0,13.0,5.0,3.0,25.0,9.0,15.0,28.0,1.0,3.0,28.0,1.0,2.0,33.0,4.0,13.0,,5.0,3.0,1.0,,2.0,3.0,1.0,,89.0,53.0,41.0,3.0,5.0,0.5806451612903226,0.6923076923076923,1.0,0.42857142857142855,,0.4,0.42857142857142855,0.484375,0.5384615384615384,0.5483870967741935,0.5128205128205128,0.5,0.5555555555555556,0.5706521739130435,0.5,0.5888888888888889,0.1794871794871795,0.125,0.22580645161290322,0.09090909090909091,0.48,1.0,0.6666666666666666,0.7,0.42424242424242425,0.8235294117647058,0.7567567567567568,0.4,0.5384615384615384,0.4,0.3333333333333333,0.7272727272727273,0.4,1.0,0.7777777777777778,98.5,0.3333333333333333,15.295918367346939,13.94949494949495,14.53061224489796,13.494949494949495,0.3974358974358974,0.5806451612903226,0.75,0.3888888888888889,0.14102564102564102,0.5454545454545454,0.6,0.8333333333333334,0.28205128205128205,0.3181818181818182,0.3181818181818182,0.8571428571428571,0.11538461538461539,0.4444444444444444,0.4444444444444444,1.0,0.7142857142857143,0.6,0.07142857142857142,,,0.4444444444444444,0.625,0.05555555555555555,0.5,0.5769230769230769,0.4444444444444444,0.4525666666666666,0.4261535714285714,0.4335458333333333,0.14942528735632185,0.1780821917808219,,0.1523809523809524,0.5047619047619047,8.721875,24.571428571428573,0.41836734693877553,2007-05-11,0040600223,GSW,2.0,5.0,3.0,2.0,2.0,2.0,2.0,,,,0.2857142857142857,,0.875,0.0641025641025641,0.4,0.4,1.0,,0.08333333333333333,,2.0,1.0,2.0,,,,0.0625,,,,,,,,,,1.0,0.3333333333333333,1.0,,,,2006-07,2007,Playoffs
48:00,99.0,99.0,55.0,45.0,11.0,198.0,17.0,27.0,2.0,3.0,8.0,11.0,9.0,20.0,7.0,17.0,3.0,5.0,1.0,1.0,2.0,3.0,33.0,64.0,4.0,8.0,37.0,115.0,4.0,8.0,1.0,1.0,2.0,13.0,18.0,35.0,3.0,6.0,20.0,65.0,42.0,24.0,12.0,,2.0,,,5.0,3.0,7.0,21.0,4.0,25.0,3.0,10.0,7.0,4.0,54.0,13.0,,17.0,19.0,7.0,43.0,13.0,56.0,7.0,3.0,4.0,9.0,7.0,12.0,2.0,3.0,21.0,10.0,13.0,32.0,4.0,3.0,31.0,1.0,2.0,43.0,3.0,12.0,,11.0,2.0,2.0,,,2.0,1.0,,102.0,65.0,55.0,6.0,9.0,0.6363636363636364,0.65625,1.0,0.5,1.0,0.5,0.5,0.515625,0.5,0.5142857142857142,0.5416666666666666,0.6111111111111112,0.5487804878048781,0.625,0.65,0.6372549019607843,0.1111111111111111,0.109375,0.18518518518518517,0.1,0.42857142857142855,0.7777777777777778,,0.8636363636363636,0.41935483870967744,0.6538461538461539,0.75,0.37142857142857144,0.4,0.45454545454545453,0.4,0.625,1.0,1.0,0.6875,99.0,0.5,14.848484848484848,14.242424242424242,14.131313131313131,13.404040404040405,0.375,0.6296296296296297,0.7727272727272727,0.5882352941176471,0.2777777777777778,0.45,0.5,0.7777777777777778,0.2361111111111111,0.4117647058823529,0.4117647058823529,0.5714285714285714,0.06944444444444445,0.6,0.6,1.0,0.3333333333333333,0.6666666666666666,0.1111111111111111,1.0,1.0,0.2682926829268293,0.7272727272727273,0.07317073170731707,0.6666666666666666,0.4861111111111111,0.6,0.45716597222222227,0.44291111111111114,0.4507560975609757,0.14814814814814814,0.1643835616438356,,0.11304347826086956,0.5652173913043478,8.271875,24.475,0.5555555555555556,2007-05-13,0040600224,GSW,1.0,3.0,3.0,1.0,,1.0,3.0,,,,,,0.6,0.041666666666666664,0.3333333333333333,0.3333333333333333,1.0,0.5,0.07317073170731707,,,,,,,,,,,1.0,,,,,,,1.0,0.3333333333333333,,,,,2006-07,2007,Playoffs
48:00,99.0,99.0,39.0,25.0,18.0,198.0,19.0,30.0,8.0,12.0,9.0,12.0,5.0,9.0,8.0,27.0,4.0,15.0,,1.0,2.0,4.0,32.0,66.0,5.0,17.0,21.0,100.0,8.0,14.0,,1.0,4.0,20.0,12.0,25.0,2.0,5.0,15.0,45.0,28.0,36.0,15.0,,14.0,,,15.0,4.0,7.0,14.0,5.0,19.0,4.0,7.0,2.0,5.0,43.0,16.0,1.0,22.0,18.0,1.0,41.0,21.0,62.0,5.0,3.0,2.0,16.0,10.0,9.0,6.0,1.0,25.0,11.0,13.0,19.0,1.0,1.0,31.0,,4.0,33.0,4.0,11.0,,7.0,3.0,3.0,,,3.0,1.0,,80.0,45.0,39.0,,5.0,0.4375,0.56,1.0,0.29411764705882354,,0.4,0.29411764705882354,0.48484848484848486,0.5714285714285714,0.48,0.4759036144578313,0.5333333333333333,0.5,0.5154639175257731,0.5555555555555556,0.5625,0.20481927710843373,0.10606060606060606,0.2,0.1111111111111111,0.64,1.0,0.16666666666666666,0.72,0.48484848484848486,0.9565217391304348,0.8333333333333334,0.4444444444444444,0.6,,0.5263157894736842,0.6666666666666666,1.0,0.7333333333333333,1.0,99.0,0.3333333333333333,16.88888888888889,12.202020202020202,15.555555555555555,11.606060606060606,0.3614457831325301,0.6333333333333333,0.7916666666666666,0.3684210526315789,0.10843373493975904,0.5555555555555556,0.625,0.4,0.3253012048192771,0.2962962962962963,0.2962962962962963,0.625,0.18072289156626506,0.26666666666666666,0.26666666666666666,1.0,0.8,0.6666666666666666,0.06666666666666667,,,0.4,0.75,0.13333333333333333,0.5,0.5662650602409639,0.26666666666666666,0.49766746987951804,0.5531916666666666,0.47217333333333333,0.12222222222222222,0.1506849315068493,,0.2,0.45,9.206060606060607,24.605882352941176,0.3939393939393939,2007-05-15,0040600225,GSW,1.0,2.0,1.0,1.0,4.0,4.0,4.0,,,,0.3333333333333333,0.2727272727272727,0.8,0.024096385542168676,0.5,0.5,1.0,0.125,0.03333333333333333,,,2.0,3.0,,,,,,,,,,,,,,,,1.0,,,,2006-07,2007,Playoffs
48:00,89.0,89.0,32.0,47.0,22.0,178.0,13.0,30.0,7.0,12.0,5.0,15.0,10.0,25.0,8.0,17.0,5.0,12.0,2.0,2.0,2.0,5.0,31.0,72.0,5.0,14.0,23.0,100.0,8.0,17.0,2.0,2.0,4.0,26.0,9.0,29.0,2.0,7.0,9.0,33.0,24.0,38.0,12.0,3.0,12.0,,1.0,11.0,5.0,7.0,12.0,4.0,16.0,4.0,3.0,3.0,6.0,36.0,17.0,2.0,4.0,19.0,4.0,27.0,24.0,51.0,4.0,1.0,3.0,6.0,3.0,8.0,3.0,3.0,14.0,4.0,12.0,30.0,1.0,1.0,21.0,,1.0,27.0,1.0,12.0,,2.0,4.0,3.0,,1.0,4.0,3.0,,74.0,33.0,32.0,9.0,2.0,0.3870967741935484,0.48,0.8,0.35714285714285715,1.0,0.2857142857142857,0.38461538461538464,0.4305555555555556,0.47058823529411764,0.3103448275862069,0.4476744186046512,0.5789473684210527,0.3333333333333333,0.5050505050505051,0.6190476190476191,0.4024390243902439,0.16279069767441862,0.09722222222222222,0.2,,0.42857142857142855,0.5714285714285714,1.0,0.7307692307692307,0.425,0.6666666666666666,0.71875,0.4583333333333333,0.6470588235294118,0.21428571428571427,0.3333333333333333,0.6,0.7,1.0,0.6666666666666666,89.0,0.75,17.01123595505618,15.348314606741573,15.52808988764045,14.50561797752809,0.3488372093023256,0.43333333333333335,0.5416666666666666,0.23076923076923078,0.29069767441860467,0.4,0.4,0.3,0.19767441860465115,0.47058823529411764,0.5,0.75,0.13953488372093023,0.4166666666666667,0.4166666666666667,0.8,0.631578947368421,0.5833333333333334,0.10526315789473684,1.0,1.0,0.4166666666666667,0.3333333333333333,0.1388888888888889,0.4,0.5116279069767442,0.45454545454545453,0.45286,0.508909375,0.46001571428571425,0.12371134020618557,0.14457831325301204,,0.26,0.33,7.5458333333333325,26.192857142857143,0.3595505617977528,2007-05-20,0040600311,SAS,,2.0,2.0,,5.0,,2.0,,,2.0,0.625,0.5,0.6666666666666666,0.023255813953488372,,,,,0.05555555555555555,,3.0,,,,0.058823529411764705,,0.07317073170731707,,,1.0,,,,,,2.0,,,1.0,,,,2006-07,2007,Playoffs
48:00,94.0,94.0,33.0,31.0,16.0,188.0,18.0,39.0,2.0,6.0,5.0,11.0,8.0,16.0,7.0,16.0,2.0,9.0,,2.0,,5.0,33.0,71.0,3.0,11.0,21.0,96.0,5.0,10.0,,2.0,5.0,15.0,12.0,23.0,,5.0,10.0,34.0,36.0,30.0,9.0,,4.0,,,9.0,2.0,8.0,18.0,3.0,21.0,2.0,11.0,3.0,4.0,45.0,13.0,,8.0,14.0,2.0,24.0,16.0,40.0,14.0,9.0,5.0,10.0,7.0,7.0,3.0,,17.0,4.0,8.0,18.0,2.0,2.0,23.0,1.0,2.0,29.0,5.0,14.0,,3.0,4.0,3.0,,1.0,4.0,2.0,,81.0,34.0,33.0,1.0,3.0,0.5454545454545454,0.5806451612903226,1.0,0.2727272727272727,,,0.2727272727272727,0.4647887323943662,0.5,0.5217391304347826,0.4573170731707317,0.4166666666666667,0.42857142857142855,0.5106382978723404,0.5,0.5,0.13414634146341464,0.11267605633802817,0.20512820512820512,,0.5882352941176471,0.6666666666666666,,0.7777777777777778,0.34210526315789475,0.6153846153846154,0.7096774193548387,0.36363636363636365,0.47619047619047616,0.25,0.1111111111111111,0.5714285714285714,0.8333333333333334,1.0,0.7142857142857143,94.0,0.5,15.0,15.638297872340425,14.308510638297872,15.26595744680851,0.47560975609756095,0.46153846153846156,0.5806451612903226,0.6111111111111112,0.1951219512195122,0.5,0.5,0.375,0.1951219512195122,0.4375,0.4375,0.5714285714285714,0.10975609756097561,0.2222222222222222,0.2857142857142857,1.0,0.5,0.3333333333333333,0.16666666666666666,,,0.39285714285714285,0.45454545454545453,0.17857142857142858,,0.6097560975609756,0.2222222222222222,0.5434408536585367,0.541395,0.5235892857142858,0.15384615384615385,0.175,,0.15625,0.3541666666666667,6.711267605633803,24.563636363636363,0.35106382978723405,2007-05-22,0040600312,SAS,1.0,2.0,,1.0,3.0,2.0,1.0,,,,0.5,0.6,0.5,0.024390243902439025,0.5,0.5,1.0,0.5,,2.0,4.0,,,0.18181818181818182,,0.2222222222222222,0.11428571428571428,,,,,,,,,1.0,,,,,,,2006-07,2007,Playoffs
48:00,89.0,89.0,30.0,45.0,11.0,178.0,20.0,32.0,4.0,8.0,6.0,10.0,5.0,10.0,10.0,26.0,6.0,8.0,1.0,1.0,3.0,4.0,35.0,68.0,6.0,9.0,21.0,109.0,4.0,11.0,1.0,1.0,4.0,15.0,10.0,20.0,3.0,4.0,9.0,38.0,42.0,28.0,15.0,3.0,6.0,,,8.0,6.0,4.0,21.0,5.0,26.0,5.0,11.0,3.0,7.0,57.0,12.0,2.0,9.0,19.0,1.0,29.0,15.0,44.0,12.0,5.0,7.0,6.0,5.0,6.0,1.0,,12.0,5.0,6.0,26.0,1.0,1.0,30.0,3.0,6.0,32.0,3.0,12.0,,5.0,4.0,3.0,,1.0,5.0,3.0,,94.0,38.0,30.0,7.0,5.0,0.6,0.65625,0.8333333333333334,0.6666666666666666,1.0,0.75,0.6666666666666666,0.5147058823529411,0.36363636363636365,0.5,0.5714285714285714,0.4583333333333333,0.6041666666666666,0.5934065934065934,0.5,0.59375,0.11688311688311688,0.058823529411764705,0.125,,0.5,1.0,0.4,0.8636363636363636,0.375,0.75,0.8235294117647058,0.37142857142857144,0.6666666666666666,0.25,0.1875,0.7142857142857143,1.0,0.8888888888888888,0.8888888888888888,89.0,0.6,16.15730337078652,16.202247191011235,15.404494382022472,15.741573033707866,0.4155844155844156,0.625,0.7142857142857143,0.55,0.12987012987012986,0.5,0.5,0.6,0.33766233766233766,0.38461538461538464,0.38461538461538464,0.7,0.1038961038961039,0.75,0.75,0.8333333333333334,0.6666666666666666,0.5,0.08333333333333333,1.0,1.0,0.4166666666666667,0.6,0.16666666666666666,0.75,0.5324675324675324,0.75,0.48758701298701296,0.5103416666666667,0.46837708333333333,0.13953488372093023,0.15584415584415584,,0.13761467889908258,0.3486238532110092,8.466176470588236,24.477777777777778,0.33707865168539325,2007-05-26,0040600313,SAS,,1.0,,,1.0,2.0,,1.0,1.0,,0.3333333333333333,0.5,0.3333333333333333,0.012987012987012988,,,,0.25,,,1.0,1.0,,,,,0.03225806451612903,,,,,,,,,,,,,,,,2006-07,2007,Playoffs
48:00,86.0,86.0,22.0,32.0,7.0,172.0,9.0,20.0,,3.0,2.0,3.0,7.0,15.0,15.0,26.0,1.0,5.0,,1.0,,1.0,31.0,61.0,1.0,7.0,14.0,79.0,1.0,4.0,,1.0,1.0,3.0,8.0,15.0,,2.0,1.0,17.0,34.0,28.0,3.0,,,,,5.0,1.0,6.0,17.0,1.0,18.0,1.0,6.0,3.0,8.0,37.0,7.0,,5.0,21.0,5.0,31.0,8.0,39.0,10.0,4.0,6.0,8.0,7.0,9.0,1.0,1.0,17.0,4.0,15.0,27.0,,3.0,17.0,1.0,1.0,20.0,1.0,7.0,1.0,2.0,8.0,5.0,,3.0,8.0,7.0,,76.0,17.0,22.0,3.0,2.0,0.5483870967741935,0.5483870967741935,1.0,0.14285714285714285,,,0.14285714285714285,0.5081967213114754,0.25,0.5333333333333333,0.47794117647058826,0.2,0.47058823529411764,0.512987012987013,0.21428571428571427,0.4473684210526316,0.10294117647058823,0.09836065573770492,0.25,,0.47058823529411764,1.0,,0.7,0.23333333333333334,0.5555555555555556,0.6666666666666666,0.2222222222222222,0.45454545454545453,0.125,0.09090909090909091,0.8181818181818182,0.6666666666666666,0.6,0.5714285714285714,86.0,0.875,15.011627906976743,18.476744186046513,14.372093023255815,17.24418604651163,0.29411764705882354,0.45,0.6,0.6666666666666666,0.22058823529411764,0.4666666666666667,0.4666666666666667,0.42857142857142855,0.38235294117647056,0.5769230769230769,0.6,0.5333333333333333,0.07352941176470588,0.2,0.2,1.0,0.6,,0.2,,,0.17647058823529413,0.6666666666666666,0.058823529411764705,,0.39705882352941174,0.2,0.45346323529411764,0.48190999999999995,0.44785882352941175,0.10666666666666667,0.1044776119402985,0.125,0.0379746835443038,0.21518987341772153,10.29672131147541,24.75714285714286,0.2558139534883721,2007-05-28,0040600314,SAS,,2.0,1.0,,1.0,2.0,1.0,,,,0.16666666666666666,,0.5,0.029411764705882353,,,,,0.058823529411764705,,,,,,0.038461538461538464,,,,,1.0,,,,,,,,,0.5,,,1.0,2006-07,2007,Playoffs
48:00,89.0,90.0,34.0,42.0,12.0,179.0,10.0,21.0,1.0,2.0,3.0,8.0,8.0,16.0,6.0,23.0,2.0,7.0,1.0,2.0,1.0,2.0,24.0,60.0,2.0,8.0,30.0,84.0,5.0,7.0,1.0,2.0,2.0,15.0,10.0,25.0,1.0,2.0,15.0,38.0,22.0,26.0,6.0,,2.0,,,7.0,2.0,4.0,11.0,2.0,13.0,2.0,5.0,1.0,5.0,28.0,8.0,2.0,3.0,23.0,5.0,31.0,13.0,44.0,4.0,2.0,2.0,5.0,2.0,8.0,3.0,3.0,13.0,4.0,14.0,25.0,1.0,2.0,25.0,,,43.0,,17.0,1.0,3.0,2.0,1.0,,1.0,2.0,2.0,,69.0,38.0,34.0,3.0,3.0,0.4583333333333333,0.4782608695652174,1.0,0.25,0.5,0.5,0.25,0.4,0.7142857142857143,0.4,0.39705882352941174,0.7222222222222222,0.42592592592592593,0.47191011235955055,0.625,0.48717948717948717,0.11764705882352941,0.06666666666666667,0.09523809523809523,0.125,0.38461538461538464,1.0,0.4,0.7931034482758621,0.22857142857142856,0.42857142857142855,0.7222222222222222,0.2682926829268293,0.2727272727272727,0.375,0.125,0.7142857142857143,0.7777777777777778,0.8461538461538461,0.5,89.5,1.0,15.258426966292134,16.91111111111111,14.719101123595506,16.066666666666666,0.3088235294117647,0.47619047619047616,0.5263157894736842,0.5,0.23529411764705882,0.5,0.5714285714285714,0.125,0.3382352941176471,0.2608695652173913,0.2608695652173913,0.8333333333333334,0.10294117647058823,0.2857142857142857,0.2857142857142857,1.0,0.2222222222222222,0.5,0.2222222222222222,0.5,1.0,0.2962962962962963,0.375,0.07407407407407407,0.5,0.4264705882352941,0.2857142857142857,0.5033705882352941,0.5066357142857143,0.49545,0.20930232558139536,0.22077922077922077,0.1111111111111111,0.17857142857142858,0.4523809523809524,9.623333333333333,24.5,0.38202247191011235,2007-05-30,0040600315,SAS,,1.0,,,3.0,2.0,1.0,,,1.0,0.5,0.6,0.4,0.014705882352941176,,,,,,,3.0,,,,,,0.08108108108108109,,,,,,,,,,,,,,,,2006-07,2007,Playoffs
