EntityId,TeamId,Name,ShortName,RowId,TeamAbbreviation,SecondsPlayed,GamesPlayed,Minutes,PlusMinus,OffPoss,DefPoss,SecondChanceOffPoss,TotalPoss,ShortMidRangeFGA,LongMidRangeFGM,LongMidRangeFGA,FG2M,FG2A,FtPoints,Points,OpponentPoints,SecondChanceFtPoints,SecondChancePoints,PtsAssisted2s,TwoPtAssists,Assists,LongMidRangeAssists,AssistPoints,FTOffRebounds,DefTwoPtRebounds,DefRebounds,OffRebounds,Rebounds,Steals,LostBallSteals,ShootingFouls,Fouls,FTA,TwoPtShootingFoulsDrawn,FirstChancePoints,Assisted2sPct,NonPutbacksAssisted2sPct,Fg2Pct,EfgPct,TsPct,SecondChanceTsPct,OffFTReboundPct,DefTwoPtReboundPct,DefFGReboundPct,DefLongMidRangeReboundPct,Pace,SecondsPerPossOff,SecondsPerPossDef,SecondsExcludingORebsPerPossOff,SecondsExcludingORebsPerPossDef,ShortMidRangeFrequency,LongMidRangeFrequency,LongMidRangeAccuracy,UnblockedLongMidRangeAccuracy,LongMidRangePctAssisted,ShotQualityAvg,ShootingFoulsDrawnPct,TwoPtShootingFoulsDrawnPct,SecondChancePointsPct,Avg2ptShotDistance,PenaltyDefPoss,Corner3FGA,FG3A,FTDefRebounds,NonShootingPenaltyNonTakeFouls,FG3APct,DefFTReboundPct,DefAtRimReboundPct,Corner3Frequency,AtRimFG3AFrequency,Avg3ptShotDistance,PenaltyOffPoss,AtRimFGM,AtRimFGA,PenaltyAtRimFGM,PenaltyAtRimFGA,ShortMidRangeFGM,SecondChanceFG2A,PenaltyFG2M,PenaltyFG2A,PenaltyFtPoints,PenaltyPoints,PtsUnassisted2s,Fg2aBlocked,AtRimAssists,OffTwoPtRebounds,DefThreePtRebounds,BadPassSteals,Technical Free Throw Trips,NonShootingFoulsDrawn,DefensiveGoaltends,PenaltyPointsExcludingTakeFouls,PenaltyOffPossExcludingTakeFouls,PenaltyFg2Pct,PenaltyEfgPct,PenaltyTsPct,FG2APctBlocked,AtRimPctBlocked,OffTwoPtReboundPct,DefThreePtReboundPct,OffFGReboundPct,OffShortMidRangeReboundPct,DefShortMidRangeReboundPct,DefArc3ReboundPct,AtRimFrequency,AtRimAccuracy,UnblockedAtRimAccuracy,AtRimPctAssisted,ShortMidRangeAccuracy,UnblockedShortMidRangeAccuracy,PenaltyAtRimFrequency,PenaltyAtRimAccuracy,SecondChanceShotQualityAvg,PenaltyShotQualityAvg,PenaltyPointsPct,PenaltyOffPossPct,LiveBallTurnovers,LostBallTurnovers,Turnovers,Blocked2s,BlockedAtRim,Blocks,RecoveredBlocks,LiveBallTurnoverPct,BlocksRecoveredPct,SecondChanceAtRimFGM,SecondChanceAtRimFGA,SecondChanceFG2M,PtsPutbacks,SecondChanceFg2Pct,SecondChanceEfgPct,SecondChanceAtRimFrequency,SecondChanceAtRimAccuracy,BadPassOutOfBoundsTurnovers,DeadBallTurnovers,BlockedLongMidRange,ShortMidRangePctBlocked,Arc3FGA,PenaltyArc3FGA,PenaltyFG3A,NonHeaveArc3FGA,ShortMidRangeAssists,PenaltyTurnovers,BlockedShortMidRange,OffLongMidRangeReboundPct,ShortMidRangePctAssisted,Arc3Frequency,PenaltyArc3Frequency,PenaltyCorner3FGA,BadPassTurnovers,SecondChanceTurnovers,Offensive Fouls,OffAtRimReboundPct,PenaltyCorner3Frequency,DefCorner3ReboundPct,Arc3FGM,PenaltyArc3FGM,FG3M,PenaltyFG3M,PtsAssisted3s,NonHeaveArc3FGM,ThreePtAssists,Arc3Assists,Assisted3sPct,Fg3Pct,PenaltyFg3Pct,NonHeaveFg3Pct,Arc3Accuracy,UnblockedArc3Accuracy,Arc3PctAssisted,PenaltyArc3Accuracy,NonHeaveArc3Accuracy,Loose Ball Fouls,Travels,OffThreePtRebounds,SelfOReb,LostBallOutOfBoundsTurnovers,2pt And 1 Free Throw Trips,OffThreePtReboundPct,OffCorner3ReboundPct,SelfORebPct,SecondChanceArc3FGM,SecondChanceArc3FGA,SecondChanceFG3M,SecondChanceFG3A,Defensive 3 Seconds Violations,SecondChanceFg3Pct,OffArc3ReboundPct,SecondChanceArc3Frequency,SecondChanceArc3Accuracy,SecondChanceArc3PctAssisted,Corner3FGM,PenaltyCorner3FGM,Corner3Assists,Corner3Accuracy,UnblockedCorner3Accuracy,Corner3PctAssisted,PenaltyCorner3Accuracy,SecondChanceCorner3FGA,Blocked3s,BlockedArc3,SecondChanceCorner3Frequency,BlockedCorner3,SecondChanceAtRimPctAssisted,OffensiveGoaltends,ThreePtShootingFoulsDrawn,ThreePtShootingFoulsDrawnPct,3SecondViolations,LongMidRangePctBlocked,PtsUnassisted3s,StepOutOfBoundsTurnovers,HeaveAttempts,SecondChanceCorner3FGM,SecondChanceCorner3Accuracy,SecondChanceCorner3PctAssisted,Clear Path Fouls,Fg3aBlocked,FG3APctBlocked,Corner3PctBlocked,Arc3PctBlocked,3pt And 1 Free Throw Trips,HeaveMakes,team_id,year,season,team_vs
1065-1496-1510-2046-2429,1610612749,"Erick Strickland, Keith Van Horn, Brevin Knight, Desmond Mason, Dan Gadzuric","Strickland, Van Horn, Knight, Mason, Gadzuric",1065-1496-1510-2046-2429,MIL,91.0,1,2.0,4.0,3.0,3.0,1.0,6.0,1.0,1.0,1.0,1.0,2.0,3.0,5.0,1.0,2.0,2.0,2.0,1.0,1.0,1.0,2.0,1.0,1.0,1.0,1.0,2.0,1.0,1.0,1.0,1.0,4.0,2.0,3.0,1.0,1.0,0.5,0.5,0.625,1.0,1.0,1.0,1.0,1.0,94.94505494505495,16.666666666666668,13.666666666666666,16.0,13.666666666666666,0.5,0.5,1.0,1.0,1.0,0.366,0.5,0.5,0.4,11.5,,,,,,,,,,,,,,,,,,,,,,,,,,,,,,,,,,,,,,,,,,,,,,,,,,,,,,,,,,,,,,,,,,,,,,,,,,,,,,,,,,,,,,,,,,,,,,,,,,,,,,,,,,,,,,,,,,,,,,,,,,,,,,,,,,,,,,,,,,,,,,,,,,,,,,,,,,,,,,,,,,,1610612749,2004,2003-04,False
1065-1496-1730-1800-2072,1610612749,"Erick Strickland, Keith Van Horn, Brian Skinner, Damon Jones, Michael Redd","Strickland, Van Horn, Skinner, Jones, Redd",1065-1496-1730-1800-2072,MIL,36.0,1,1.0,-1.0,2.0,2.0,,4.0,1.0,,,,1.0,,,1.0,,,,,,,,,1.0,2.0,,2.0,,,,1.0,,,,,,,,,,,0.5,0.5,,160.0,12.0,6.0,12.0,4.5,0.5,,,,,0.521125,,,,9.0,2.0,1.0,1.0,1.0,1.0,0.5,1.0,0.5,0.5,0.5,22.5,,,,,,,,,,,,,,,,,,,,,,,,,,,,,,,,,,,,,,,,,,,,,,,,,,,,,,,,,,,,,,,,,,,,,,,,,,,,,,,,,,,,,,,,,,,,,,,,,,,,,,,,,,,,,,,,,,,,,,,,,,,,,,,,,,,,,,,,,,,,,,,,,,,,,,,,1610612749,2004,2003-04,False
1065-1496-1730-2046-2072,1610612749,"Erick Strickland, Keith Van Horn, Brian Skinner, Desmond Mason, Michael Redd","Strickland, Van Horn, Skinner, Mason, Redd",1065-1496-1730-2046-2072,MIL,478.0,2,8.0,-2.0,14.0,15.0,1.0,29.0,4.0,2.0,3.0,4.0,10.0,8.0,16.0,18.0,,,4.0,2.0,2.0,1.0,4.0,1.0,3.0,4.0,2.0,6.0,2.0,1.0,1.0,2.0,11.0,1.0,16.0,0.5,0.5,0.4,0.36363636363636365,0.46875,,0.5,0.5,0.5,1.0,87.36401673640167,14.214285714285714,18.6,13.928571428571429,17.2,0.36363636363636365,0.2727272727272727,0.6666666666666666,0.6666666666666666,0.5,0.4595318181818182,0.08333333333333333,0.09090909090909091,,8.059999999999999,2.0,1.0,1.0,,,0.09090909090909091,,,0.09090909090909091,0.36363636363636365,23.9,8.0,1.0,3.0,1.0,2.0,1.0,1.0,2.0,4.0,7.0,11.0,4.0,1.0,1.0,1.0,1.0,1.0,1.0,4.0,1.0,11.0,8.0,0.5,0.5,0.6111111111111112,0.1,0.3333333333333333,0.16666666666666666,0.5,0.14285714285714285,0.3333333333333333,0.3333333333333333,0.5,0.2727272727272727,0.3333333333333333,0.5,1.0,0.25,0.25,0.5,0.5,0.4365,0.5447,0.6875,0.5714285714285714,,,,,,,,,,,,,,,,,,,,,,,,,,,,,,,,,,,,,,,,,,,,,,,,,,,,,,,,,,,,,,,,,,,,,,,,,,,,,,,,,,,,,,,,,,,,,,,,,,,,,,,,,,,1610612749,2004,2003-04,False
1065-1496-1730-2046-2409,1610612749,"Erick Strickland, Keith Van Horn, Brian Skinner, Desmond Mason, Marcus Haislip","Strickland, Van Horn, Skinner, Mason, Haislip",1065-1496-1730-2046-2409,MIL,108.0,1,2.0,-3.0,3.0,3.0,,6.0,2.0,,,1.0,2.0,,2.0,5.0,,,,,,,,,1.0,1.0,,1.0,,,,1.0,,,2.0,,,0.5,0.5,0.5,,,1.0,1.0,,80.0,17.666666666666668,18.333333333333332,17.666666666666668,18.333333333333332,1.0,,,,,0.39005,,,,10.95,,,,,,,,1.0,,,,,,,,,1.0,,,,,,2.0,,,,,,,,,,,,,,,,,,,,,,,,,,0.5,0.5,,,,,,,1.0,1.0,1.0,1.0,1.0,1.0,1.0,1.0,1.0,,,,,,,,,,,,,,,,,,,,,,,,,,,,,,,,,,,,,,,,,,,,,,,,,,,,,,,,,,,,,,,,,,,,,,,,,,,,,,,,,,,,,,,,,,,,,,,,,,1610612749,2004,2003-04,False
1065-1496-1730-2072-389,1610612749,"Erick Strickland, Keith Van Horn, Brian Skinner, Michael Redd, Toni Kukoc","Strickland, Van Horn, Skinner, Redd, Kukoc",1065-1496-1730-2072-389,MIL,124.0,1,2.0,-2.0,3.0,4.0,1.0,7.0,1.0,,1.0,2.0,4.0,,4.0,6.0,,2.0,2.0,1.0,1.0,,2.0,,,,1.0,1.0,1.0,,1.0,1.0,,,2.0,0.5,1.0,0.5,0.5,0.5,1.0,,,,,81.29032258064515,15.0,19.75,14.333333333333334,19.25,0.25,0.25,,,,0.435325,,,0.5,8.55,,,,,,,,,,0.5,,3.0,2.0,2.0,2.0,2.0,,1.0,2.0,4.0,,4.0,2.0,,1.0,1.0,,1.0,,,,4.0,3.0,0.5,0.5,0.5,,,0.5,,0.5,1.0,,,0.5,1.0,1.0,0.5,,,0.5,1.0,0.3265,0.435325,1.0,1.0,,,,,,,,,,1.0,1.0,1.0,2.0,1.0,1.0,1.0,1.0,,,,,,,,,,,,,,,,,,,,,,,,,,,,,,,,,,,,,,,,,,,,,,,,,,,,,,,,,,,,,,,,,,,,,,,,,,,,,,,,,,,,,,,,,,1610612749,2004,2003-04,False
1065-1496-1800-2046-2429,1610612749,"Erick Strickland, Keith Van Horn, Damon Jones, Desmond Mason, Dan Gadzuric","Strickland, Van Horn, Jones, Mason, Gadzuric",1065-1496-1800-2046-2429,MIL,139.0,1,2.0,,4.0,4.0,,8.0,1.0,,,2.0,3.0,,4.0,4.0,,,2.0,1.0,1.0,,2.0,,2.0,2.0,,2.0,,,1.0,2.0,,,4.0,0.5,0.5,0.6666666666666666,0.6666666666666666,0.6666666666666666,,,1.0,1.0,1.0,82.87769784172662,17.75,17.0,17.75,17.0,0.3333333333333333,,,,,0.5154,,,,2.966666666666667,,,,,,,,,,0.6666666666666666,,,2.0,2.0,,,,,,,,,2.0,1.0,1.0,,,,,,,,,,,,0.3333333333333333,,,,,,,,0.6666666666666666,1.0,1.0,0.5,,,,,,,,,,,1.0,1.0,,1.0,1.0,,1.0,,,,,,,,,1.0,1.0,1.0,1.0,,,,,,,,,,,,,,,,,,,,,,,,,,,,,,,,,,,,,,,,,,,,,,,,,,,,,,,,,,,,,,,,,,,,,,,,,,,,,,,,,,,,,,1610612749,2004,2003-04,False
1065-1496-1800-2046-389,1610612749,"Erick Strickland, Keith Van Horn, Damon Jones, Desmond Mason, Toni Kukoc","Strickland, Van Horn, Jones, Mason, Kukoc",1065-1496-1800-2046-389,MIL,245.0,1,4.0,4.0,7.0,7.0,1.0,14.0,1.0,,2.0,2.0,4.0,6.0,10.0,6.0,3.0,3.0,2.0,1.0,1.0,,2.0,,1.0,2.0,1.0,3.0,,,,,6.0,2.0,7.0,0.5,0.5,0.5,0.4,0.5714285714285714,1.0,,0.25,0.4,,82.28571428571429,17.714285714285715,17.285714285714285,17.714285714285715,15.285714285714286,0.2,0.4,,,,0.4487,0.2857142857142857,0.3333333333333333,0.3,12.075,6.0,,1.0,,,0.2,,,,0.4,26.6,7.0,1.0,1.0,1.0,1.0,1.0,,2.0,4.0,6.0,10.0,2.0,,,1.0,1.0,,2.0,,,10.0,7.0,0.5,0.4,0.5714285714285714,,,0.5,1.0,0.3333333333333333,,0.5,1.0,0.2,1.0,1.0,,1.0,1.0,0.2,1.0,,0.4487,1.0,1.0,,,1.0,1.0,,1.0,,,,,,,,,,,,,1.0,,,1.0,1.0,1.0,1.0,1.0,1.0,1.0,0.5,1.0,0.2,0.2,,,,,,,,,,,,,,,,,,,,,,,,,,,,,,,,,,,,,,,,,,,,,,,,,,,,,,,,,,,,,,,,,,,,,,,,,,,1610612749,2004,2003-04,False
1065-1496-1800-2046-693,1610612749,"Erick Strickland, Keith Van Horn, Damon Jones, Desmond Mason, Joe Smith","Strickland, Van Horn, Jones, Mason, Smith",1065-1496-1800-2046-693,MIL,220.0,1,4.0,-3.0,8.0,8.0,2.0,16.0,1.0,,2.0,1.0,6.0,2.0,4.0,7.0,,,,,,,,1.0,1.0,1.0,3.0,4.0,2.0,1.0,,2.0,2.0,,4.0,,,0.16666666666666666,0.125,0.2222222222222222,,1.0,0.3333333333333333,0.3333333333333333,0.5,104.72727272727273,13.625,13.875,12.5,12.375,0.125,0.25,,,,0.48071875,,,,8.883333333333333,8.0,1.0,2.0,,1.0,0.25,,,0.125,0.625,24.55,5.0,1.0,3.0,,,,2.0,,2.0,2.0,2.0,2.0,,,2.0,,1.0,,1.0,,2.0,5.0,,,0.2,,,0.5,,0.3333333333333333,,,,0.375,0.3333333333333333,0.3333333333333333,,,,,,0.56515,0.4220875,0.5,0.625,1.0,,2.0,,,,,0.5,,,2.0,,,,,1.0,,,1.0,,,1.0,1.0,2.0,1.0,,1.0,,1.0,,0.125,0.25,1.0,1.0,1.0,1.0,0.5,0.25,,,,,,,,,,,,,,,,,,,,,,,,,,,,,,,,,,,,,,,,,,,,,,,,,,,,,,,,,,,,,,,,,,,,,1610612749,2004,2003-04,False
1065-1496-1800-2072-2429,1610612749,"Erick Strickland, Keith Van Horn, Damon Jones, Michael Redd, Dan Gadzuric","Strickland, Van Horn, Jones, Redd, Gadzuric",1065-1496-1800-2072-2429,MIL,37.0,1,1.0,-1.0,2.0,2.0,,4.0,,,,,,1.0,1.0,2.0,,,,,,,,,,1.0,,1.0,,,,,2.0,1.0,1.0,,,,,0.5,,,,,,155.67567567567568,15.5,3.0,15.5,3.0,,,,,,,1.0,1.0,,,2.0,,,1.0,,,1.0,,,,,1.0,,,,,,,,,1.0,1.0,,,,,,,,,,1.0,1.0,,,0.5,,,,,,,,,,,,,,,,,,,1.0,0.5,1.0,,1.0,,,,,1.0,,,,,,,,,,,,,,,,,,,,,,,,,,1.0,,,,,,,,,,,,,,,,,,,,,,,,,,,,,,,,,,,,,,,,,,,,,,,,,,,,,,,,,,,,,,,,,,,,,,,,,1610612749,2004,2003-04,False
1065-1496-1800-2072-389,1610612749,"Erick Strickland, Keith Van Horn, Damon Jones, Michael Redd, Toni Kukoc","Strickland, Van Horn, Jones, Redd, Kukoc",1065-1496-1800-2072-389,MIL,189.0,1,3.0,,5.0,5.0,,10.0,,1.0,1.0,2.0,3.0,,4.0,4.0,,,2.0,1.0,1.0,1.0,2.0,,,2.0,,2.0,,,,,,,4.0,0.5,0.5,0.6666666666666666,0.4,0.4,,,,1.0,,76.19047619047619,15.4,22.4,15.4,22.4,,0.2,1.0,1.0,1.0,0.46959999999999996,,,,7.3,,,2.0,,,0.4,,,,0.8,26.25,2.0,1.0,2.0,1.0,1.0,,,1.0,1.0,,2.0,2.0,,,,2.0,,,,,2.0,2.0,1.0,0.5,0.5,,,,1.0,,,,1.0,0.4,0.5,0.5,,,,0.5,1.0,,0.5543,0.5,0.4,,,,,,,,,,,,,,,,,,,,,,2.0,1.0,1.0,2.0,,,,,,0.4,0.5,,,,,,,1.0,,,,,,,,,,,,,,,,,,,,,,,,,,,,,,,,,,,,,,,,,,,,,,,,,,,,,,,,,,,,,,,,,,,,1610612749,2004,2003-04,False
1065-1496-2046-2072-2091,1610612749,"Erick Strickland, Keith Van Horn, Desmond Mason, Michael Redd, Daniel Santiago","Strickland, Van Horn, Mason, Redd, Santiago",1065-1496-2046-2072-2091,MIL,59.0,1,1.0,-1.0,2.0,2.0,,4.0,,,1.0,,1.0,1.0,1.0,2.0,,,,,,,,,,,,,,,,,1.0,,1.0,,,,,,,,,,,97.6271186440678,18.0,11.5,18.0,11.5,,1.0,,,,0.4206,,,,14.4,2.0,,,,,,,,,,,,,,,,,,,,,,,,,,,,1.0,,,,,,,,,,,,,,,,,,,,,,,,,,,,,,,,,,,,,,,,,,,,,,,,,,,,,,,,,,,,,,,,,,,,,,,,,,,,,,,,,,,,,,,,,,,,,,,,,,,,,,,,,,,,,,,,,,,,,,,,,,,,,,,,,,,,,,1610612749,2004,2003-04,False
1065-1496-2046-2072-2429,1610612749,"Erick Strickland, Keith Van Horn, Desmond Mason, Michael Redd, Dan Gadzuric","Strickland, Van Horn, Mason, Redd, Gadzuric",1065-1496-2046-2072-2429,MIL,155.0,2,3.0,6.0,5.0,4.0,1.0,9.0,,1.0,3.0,2.0,5.0,4.0,8.0,2.0,2.0,2.0,2.0,1.0,1.0,,2.0,,1.0,1.0,2.0,3.0,1.0,1.0,1.0,2.0,4.0,2.0,6.0,0.5,0.5,0.4,0.4,0.5714285714285714,0.5,,1.0,0.5,1.0,83.61290322580645,14.4,20.75,14.0,17.75,,0.6,0.3333333333333333,0.3333333333333333,,0.43255999999999994,0.2857142857142857,0.2857142857142857,0.25,11.82,,,,,,,,,,0.4,,1.0,1.0,2.0,,,,1.0,,,2.0,2.0,2.0,,1.0,2.0,,,,,,2.0,1.0,,,1.0,,,0.6666666666666666,,0.6666666666666666,,,,0.4,0.5,0.5,1.0,,,,,0.4362,,0.25,0.2,,,,,,,,,,,,,,,,,,,,,,,,,,,,,0.5,,,,,,,,1.0,,,,,,,,,,,,,,,,,,,,,,,,,,,,,,,,,,,,,,,,,,,,,,,,,,,,,,,,,,,,,,,,,,,,,,1610612749,2004,2003-04,False
1065-1496-2046-2072-389,1610612749,"Erick Strickland, Keith Van Horn, Desmond Mason, Michael Redd, Toni Kukoc","Strickland, Van Horn, Mason, Redd, Kukoc",1065-1496-2046-2072-389,MIL,83.0,1,1.0,4.0,3.0,3.0,,6.0,,,,,,3.0,6.0,2.0,,,,,1.0,,3.0,,1.0,2.0,,2.0,,,1.0,1.0,4.0,1.0,6.0,,,,1.5,1.0,,,0.5,0.6666666666666666,0.5,104.09638554216868,9.0,18.666666666666668,9.0,17.666666666666668,,,,,,0.5256,0.5,1.0,,,3.0,,1.0,,,1.0,,,,1.0,27.3,3.0,,,,,,,,,3.0,6.0,,,,,1.0,,,1.0,,6.0,3.0,,1.5,1.0,,,,1.0,,,,1.0,,,,,,,,,,0.5256,1.0,1.0,,,,,,,,,,,,,,,,,,,,,,1.0,1.0,1.0,1.0,,,,,,1.0,1.0,,,,,,,,1.0,1.0,1.0,1.0,3.0,1.0,1.0,1.0,1.0,1.0,1.0,1.0,1.0,1.0,1.0,1.0,1.0,,,,,,,,,,,,,,,,,,,,,,,,,,,,,,,,,,,,,,,,,,,,,,,,,,,1610612749,2004,2003-04,False
1065-1496-2046-2072-693,1610612749,"Erick Strickland, Keith Van Horn, Desmond Mason, Michael Redd, Joe Smith","Strickland, Van Horn, Mason, Redd, Smith",1065-1496-2046-2072-693,MIL,491.0,1,8.0,-2.0,16.0,16.0,3.0,32.0,2.0,,2.0,6.0,10.0,6.0,18.0,20.0,4.0,6.0,6.0,3.0,3.0,,6.0,1.0,3.0,3.0,2.0,5.0,1.0,,,5.0,8.0,3.0,12.0,0.5,0.5,0.6,0.5,0.5625,1.0,1.0,0.75,0.75,1.0,93.84928716904277,14.0625,16.625,12.875,15.5,0.16666666666666666,0.16666666666666666,,,,0.47686249999999997,0.2,0.23076923076923078,0.3333333333333333,4.88,4.0,,2.0,,2.0,0.16666666666666666,,,,0.6666666666666666,25.65,9.0,5.0,6.0,2.0,3.0,1.0,1.0,2.0,5.0,3.0,7.0,6.0,,2.0,1.0,,1.0,,1.0,1.0,7.0,9.0,0.4,0.3333333333333333,0.4375,,,0.25,,0.16666666666666666,,,,0.5,0.8333333333333334,0.8333333333333334,0.4,0.5,0.5,0.5,0.6666666666666666,0.2885,0.4815416666666667,0.3888888888888889,0.5625,2.0,,2.0,,,,,1.0,,,,1.0,,1.0,1.0,,,,,,,2.0,1.0,1.0,2.0,1.0,2.0,,0.5,1.0,0.16666666666666666,0.16666666666666666,,2.0,,,,,,,,,,,,,,,,,,,,,,,1.0,,,,,,,,,,,,,,,,,,,,,,,,,,,,,,,,,,,,,,,,,,,,,,,,,,1610612749,2004,2003-04,False
1065-1496-2046-2091-389,1610612749,"Erick Strickland, Keith Van Horn, Desmond Mason, Daniel Santiago, Toni Kukoc","Strickland, Van Horn, Mason, Santiago, Kukoc",1065-1496-2046-2091-389,MIL,104.0,1,2.0,1.0,3.0,3.0,,6.0,,,,,,,3.0,2.0,,,,,1.0,,3.0,,,,,,1.0,,,1.0,,,3.0,,,,0.75,0.75,,,,,,83.07692307692308,16.0,18.666666666666668,16.0,18.666666666666668,,,,,,0.552825,,,,,,,2.0,,,1.0,,,,1.0,25.15,,,,,,,,,,,,,,,,,1.0,,,,,,,,,,,,,,,,,,,,,,,,,,,,,,,1.0,,,,,,,,,,,,,,,,1.0,,,2.0,,,2.0,,,,,,1.0,,,,,,,,,1.0,,1.0,,3.0,1.0,1.0,1.0,1.0,0.5,,0.5,0.5,0.5,1.0,,0.5,,1.0,,,,,,,,,,,,,,,,,,,,,,,,,,,,,,,,,,,,,,,,,,,,,,,,,1610612749,2004,2003-04,False
1065-1496-2046-2409-2429,1610612749,"Erick Strickland, Keith Van Horn, Desmond Mason, Marcus Haislip, Dan Gadzuric","Strickland, Van Horn, Mason, Haislip, Gadzuric",1065-1496-2046-2409-2429,MIL,57.0,1,1.0,-3.0,2.0,2.0,,4.0,,,1.0,,1.0,,,3.0,,,,,,,,,,,,,,,1.0,1.0,,,,,,,,,,,,,,101.05263157894737,13.0,15.5,13.0,15.0,,1.0,,,,0.4039,,,,18.7,,,,,,,,,,,,,,,,,,,,,,,,,,,,,,,,,,,,,,,,,,,,,,,,,,,,,,,,,1.0,,1.0,1.0,1.0,1.0,,1.0,,,,,,,,,,,,,,,,,,,,,,,,,,1.0,,,,,,,,,,,,,,,,,,,,,,,,,,,,,,,,,,,,,,,,,,,,,,,,,,,,,,,,,,,,,,,,,,,,,,,,,1610612749,2004,2003-04,False
1065-1496-2046-2429-389,1610612749,"Erick Strickland, Keith Van Horn, Desmond Mason, Dan Gadzuric, Toni Kukoc","Strickland, Van Horn, Mason, Gadzuric, Kukoc",1065-1496-2046-2429-389,MIL,1202.0,4,20.0,,38.0,37.0,1.0,75.0,11.0,2.0,4.0,13.0,24.0,5.0,40.0,40.0,2.0,2.0,16.0,8.0,11.0,2.0,25.0,,8.0,16.0,2.0,18.0,5.0,3.0,8.0,12.0,5.0,4.0,38.0,0.6153846153846154,0.6153846153846154,0.5416666666666666,0.5645161290322581,0.625,1.0,,0.5,0.6363636363636364,0.2,89.85024958402661,15.052631578947368,17.027027027027028,15.052631578947368,15.486486486486486,0.3548387096774194,0.12903225806451613,0.5,0.5,1.0,0.5057209677419355,0.125,0.16,0.05,7.891666666666667,4.0,2.0,7.0,2.0,,0.22580645161290322,1.0,0.4,0.06451612903225806,0.5161290322580645,24.3,2.0,5.0,9.0,,,6.0,,,1.0,,,10.0,3.0,3.0,1.0,6.0,2.0,,,,,2.0,,,,0.125,0.2222222222222222,0.09090909090909091,1.0,0.13333333333333333,0.2,0.8333333333333334,1.0,0.2903225806451613,0.5555555555555556,0.7142857142857143,0.6,0.5454545454545454,0.6,,,,0.3658,,0.05263157894736842,4.0,1.0,8.0,2.0,1.0,2.0,1.0,0.5,0.5,,,,,,,,,1.0,4.0,,0.09090909090909091,5.0,,,5.0,3.0,1.0,1.0,,0.5,0.16129032258064516,,,3.0,,2.0,,,1.0,3.0,,3.0,,9.0,3.0,3.0,3.0,1.0,0.42857142857142855,,0.42857142857142855,0.6,0.6,1.0,,0.6,1.0,,1.0,1.0,1.0,3.0,0.25,0.5,0.08333333333333333,,,,,,,,,,,,,,,,,,,,,,,,,,,,,,,,,,,,,,,,,,1610612749,2004,2003-04,False
1065-1496-2072-2409-2429,1610612749,"Erick Strickland, Keith Van Horn, Michael Redd, Marcus Haislip, Dan Gadzuric","Strickland, Van Horn, Redd, Haislip, Gadzuric",1065-1496-2072-2409-2429,MIL,156.0,1,3.0,1.0,6.0,5.0,,11.0,2.0,1.0,2.0,3.0,4.0,3.0,9.0,8.0,,,2.0,1.0,1.0,1.0,2.0,,2.0,2.0,,2.0,,,1.0,1.0,3.0,1.0,9.0,0.3333333333333333,0.3333333333333333,0.75,0.75,0.9,,,1.0,1.0,1.0,101.53846153846153,14.666666666666666,13.6,14.666666666666666,13.6,0.5,0.5,0.5,0.5,1.0,0.400375,0.25,0.25,,13.1,1.0,,,,,,,1.0,,,,4.0,,,,,2.0,,2.0,3.0,2.0,6.0,4.0,,,,,,,1.0,,6.0,4.0,0.6666666666666666,0.6666666666666666,0.75,,,,,,,,,,,,,1.0,1.0,,,,0.3941666666666667,0.6666666666666666,0.6666666666666666,1.0,,1.0,,,,,1.0,,,,,,,,,,,,,,,,,,,,,,,,,,1.0,,,,,,,,,,,,,,,,,,,,,,,,,,,,1.0,,,,,,,,,,,,,,,,,,,,,,,,,,,,,,,,,,,,,,,,,,,,,1610612749,2004,2003-04,False
1065-1496-2072-2429-389,1610612749,"Erick Strickland, Keith Van Horn, Michael Redd, Dan Gadzuric, Toni Kukoc","Strickland, Van Horn, Redd, Gadzuric, Kukoc",1065-1496-2072-2429-389,MIL,857.0,4,14.0,-11.0,28.0,27.0,6.0,55.0,7.0,1.0,7.0,6.0,19.0,5.0,26.0,37.0,1.0,6.0,6.0,3.0,6.0,1.0,15.0,,6.0,10.0,6.0,16.0,1.0,,5.0,8.0,5.0,3.0,20.0,0.5,0.6,0.3157894736842105,0.3888888888888889,0.4482758620689655,0.5,,0.75,0.8,1.0,92.41540256709452,16.5,14.62962962962963,14.857142857142858,14.074074074074074,0.25925925925925924,0.25925925925925924,0.14285714285714285,0.14285714285714285,1.0,0.4737259259259259,0.10344827586206896,0.14285714285714285,0.23076923076923078,10.031578947368422,5.0,,8.0,2.0,1.0,0.2962962962962963,1.0,0.5,,0.48148148148148145,25.325,7.0,3.0,5.0,1.0,1.0,2.0,5.0,2.0,5.0,,4.0,6.0,,1.0,5.0,2.0,1.0,,,,4.0,7.0,0.4,0.2857142857142857,0.2857142857142857,,,0.38461538461538464,1.0,0.3333333333333333,,,1.0,0.18518518518518517,0.6,0.6,0.3333333333333333,0.2857142857142857,0.2857142857142857,0.14285714285714285,1.0,0.472375,0.4744357142857143,0.15384615384615385,0.25,2.0,,5.0,,,,,0.4,,1.0,1.0,1.0,2.0,0.2,0.4166666666666667,0.16666666666666666,1.0,1.0,3.0,,,8.0,2.0,2.0,8.0,1.0,3.0,,0.5,0.5,0.2962962962962963,0.2857142857142857,,2.0,1.0,,1.0,,,3.0,,3.0,,9.0,3.0,3.0,3.0,1.0,0.375,,0.375,0.375,0.375,1.0,,0.375,1.0,,1.0,,1.0,1.0,0.2,,,1.0,1.0,1.0,1.0,1.0,1.0,0.2,0.16666666666666666,1.0,1.0,,,,,,,,,,,,,,,,,,,,,,,,,,,,,,,,1610612749,2004,2003-04,False
1065-1501-1730-1800-693,1610612749,"Erick Strickland, Tim Thomas, Brian Skinner, Damon Jones, Joe Smith","Strickland, Thomas, Skinner, Jones, Smith",1065-1501-1730-1800-693,MIL,19.0,1,,,,,,,,,,,,,,,,,,,,,,,,,,,,,,1.0,,,,,,,,,,,,,,,,,,,,,,,,,,,,,,,,,,,,,,,,,,,,,,,,,,,,,,,,,,,,,,,,,,,,,,,,,,,,,,,,,,,,,,,,,,,,,,,,,,,,,,,,,,,,,,,,,,,,,,,,,,,,,,,,,,,,,,,,,,,,,,,,,,,,,,,,,,,,,,,,,,,,,,,,,,,,,,,,,,,,,,,,,,,,,,,1610612749,2004,2003-04,False
1065-1501-1730-2046-389,1610612749,"Erick Strickland, Tim Thomas, Brian Skinner, Desmond Mason, Toni Kukoc","Strickland, Thomas, Skinner, Mason, Kukoc",1065-1501-1730-2046-389,MIL,455.0,1,8.0,-7.0,12.0,12.0,2.0,24.0,2.0,1.0,3.0,4.0,10.0,3.0,11.0,18.0,,4.0,2.0,1.0,1.0,1.0,2.0,,1.0,2.0,2.0,4.0,1.0,,2.0,2.0,4.0,2.0,7.0,0.25,0.3333333333333333,0.4,0.3333333333333333,0.39285714285714285,1.0,,0.3333333333333333,0.4,,75.95604395604396,18.666666666666668,19.25,18.166666666666668,17.083333333333332,0.16666666666666666,0.25,0.3333333333333333,0.3333333333333333,1.0,0.5067791666666667,0.14285714285714285,0.16666666666666666,0.36363636363636365,7.640000000000001,,1.0,2.0,,,0.16666666666666666,,,0.08333333333333333,0.5833333333333334,24.1,,3.0,5.0,,,,2.0,,,,,6.0,,,1.0,1.0,1.0,,,1.0,,,,,,,,0.16666666666666666,0.5,0.25,,0.5,,0.4166666666666667,0.6,0.6,,,,,,0.5649,,,,,,,,,,,,,2.0,2.0,2.0,2.0,1.0,1.0,1.0,1.0,,,,,1.0,,,1.0,,,,0.5,,0.08333333333333333,,,,,,,,0.5,,,,,,,,,,,,,,,,,,,,1.0,,,,0.5,,,,,,,,,1.0,,,,,,,,,,,,,,,,,,,,,,,,,,,,,,,,,,,1610612749,2004,2003-04,False
1065-1501-1730-2046-693,1610612749,"Erick Strickland, Tim Thomas, Brian Skinner, Desmond Mason, Joe Smith","Strickland, Thomas, Skinner, Mason, Smith",1065-1501-1730-2046-693,MIL,84.0,1,1.0,-2.0,4.0,4.0,,8.0,,1.0,1.0,2.0,3.0,,4.0,6.0,,,4.0,2.0,2.0,1.0,4.0,,,,,,1.0,,,1.0,,,4.0,1.0,1.0,0.6666666666666666,0.6666666666666666,0.6666666666666666,,,,,,137.14285714285714,11.75,9.25,11.75,9.25,,0.3333333333333333,1.0,1.0,1.0,0.49489999999999995,,,,7.1000000000000005,4.0,,,,1.0,,,,,0.6666666666666666,,,1.0,2.0,,,,,,,,,,,1.0,,,1.0,,,,,,,,,,,,,,,,,0.6666666666666666,0.5,0.5,1.0,,,,,,,,,1.0,,1.0,,,,,1.0,,,,,,,,,,,,,,,,,,,,,,,,,,1.0,,,,,,,,,,,,,,,,,,,,,,,,,,,,,,,,,,,,,,,,,,,,,,,,,,,,,,,,,,,,,,,,,,,,,,,,,1610612749,2004,2003-04,False
1065-1501-1730-2072-693,1610612749,"Erick Strickland, Tim Thomas, Brian Skinner, Michael Redd, Joe Smith","Strickland, Thomas, Skinner, Redd, Smith",1065-1501-1730-2072-693,MIL,279.0,1,5.0,4.0,9.0,8.0,2.0,17.0,,2.0,6.0,4.0,8.0,2.0,10.0,6.0,,2.0,8.0,4.0,4.0,2.0,8.0,,1.0,3.0,2.0,5.0,1.0,,1.0,1.0,2.0,1.0,8.0,1.0,1.0,0.5,0.4,0.45454545454545453,0.5,,1.0,0.6666666666666666,,87.74193548387096,15.777777777777779,17.125,14.11111111111111,16.125,,0.6,0.3333333333333333,0.3333333333333333,1.0,0.45425000000000004,0.09090909090909091,0.1111111111111111,0.2,12.3875,6.0,,2.0,1.0,,0.2,1.0,,,0.4,27.0,1.0,2.0,2.0,,,,2.0,,,,,,,2.0,2.0,1.0,1.0,,,,,1.0,,,,,,0.5,0.5,0.4,,1.0,0.5,0.2,1.0,1.0,1.0,,,,,0.33815,0.26265,,0.1111111111111111,,,,,,,,,,,,1.0,,0.5,0.5,,,,,,,2.0,1.0,1.0,2.0,,,,0.5,,0.2,1.0,,,,,,,,,,,,,,,,,,,,,,,,,,,,,,,,,,,,,,,,,,,,,,,,,,,,,,,,,,,,,,,,,,,,,,,,,,,1610612749,2004,2003-04,False
1065-1501-1800-2046-2072,1610612749,"Erick Strickland, Tim Thomas, Damon Jones, Desmond Mason, Michael Redd","Strickland, Thomas, Jones, Mason, Redd",1065-1501-1800-2046-2072,MIL,14.0,1,,-2.0,2.0,1.0,,3.0,,,,,,,,2.0,,,,,,,,,,,,,,,,,,,,,,,,,,,,,,308.57142857142856,4.5,5.0,4.5,5.0,,,,,,0.42255,,,,,1.0,,1.0,,,1.0,,,,1.0,24.4,2.0,,,,,,,,,,,,,,,,,,,,,2.0,,,,,,,,,,,,,,,,,,,,,0.42255,,1.0,1.0,,1.0,,,,,1.0,,,,,,,,,,,,,,1.0,1.0,1.0,1.0,,1.0,,,,1.0,1.0,,1.0,,,,,,,,,,,,,,,,,,,,,,,,,,,,,,,,,,,,,,,,,,,,,,,,,,,,,,,,,,,,,,,,,,,,,,,,,1610612749,2004,2003-04,False
1065-1501-1800-2046-389,1610612749,"Erick Strickland, Tim Thomas, Damon Jones, Desmond Mason, Toni Kukoc","Strickland, Thomas, Jones, Mason, Kukoc",1065-1501-1800-2046-389,MIL,128.0,1,2.0,-3.0,3.0,4.0,,7.0,,,,1.0,1.0,,2.0,5.0,,,,,,,,,1.0,1.0,,1.0,,,1.0,3.0,,,2.0,,,1.0,0.3333333333333333,0.3333333333333333,,,0.3333333333333333,0.3333333333333333,,78.75,20.0,17.0,20.0,10.75,,,,,,0.53735,,,,,,,2.0,,,0.6666666666666666,,1.0,,1.0,26.4,,1.0,1.0,,,,,,,,,2.0,,,,,,,,,,,,,,,,,,,,,,0.3333333333333333,1.0,1.0,,,,,,,,,,,,,,,,,,,,,,,,,,,,,,,2.0,,,2.0,,,,,,0.6666666666666666,,,,,,,,,,,,,,,,,,,,,,,,,,,,,,,,,,,,,,,,,,,,,,,,,,,,,,,,,,,,,,,,,,,,,,,,,,,,1610612749,2004,2003-04,False
1065-1501-1800-2072-2429,1610612749,"Erick Strickland, Tim Thomas, Damon Jones, Michael Redd, Dan Gadzuric","Strickland, Thomas, Jones, Redd, Gadzuric",1065-1501-1800-2072-2429,MIL,44.0,1,1.0,2.0,1.0,2.0,1.0,3.0,1.0,,,1.0,1.0,,2.0,,,2.0,,,,,,,,,1.0,1.0,,,,,,,,,,1.0,0.5,0.5,1.0,,,,,98.18181818181819,28.0,8.0,18.0,8.0,0.5,,,,,0.47075,,,1.0,13.2,2.0,1.0,1.0,,,0.5,,,0.5,0.5,22.3,1.0,,,,,1.0,1.0,1.0,1.0,,2.0,2.0,,,,,,,,,2.0,1.0,1.0,0.5,0.5,,,,,1.0,,,,,,,,1.0,1.0,,,,0.47075,1.0,1.0,,,,,,,,,,,,1.0,,1.0,1.0,,,,,,,,,1.0,,,,,,,,,1.0,,,,,0.5,,,,,,,,,,,,,,,,,,,,,1.0,,,,1.0,1.0,,,,,,,,,,,,,,,,,,,,,,,,,,,,,,,,,,,,,,,,,,,1610612749,2004,2003-04,False
1065-1501-1800-2072-693,1610612749,"Erick Strickland, Tim Thomas, Damon Jones, Michael Redd, Joe Smith","Strickland, Thomas, Jones, Redd, Smith",1065-1501-1800-2072-693,MIL,25.0,1,,1.0,2.0,1.0,,3.0,,,,,1.0,1.0,1.0,,,,,,,,,,,,,,1.0,1.0,,,2.0,,1.0,,,,,0.25,,,,,,172.79999999999998,4.5,16.0,4.5,12.0,,,,,,0.6404,,,,,1.0,,,,,,,,,1.0,,2.0,,1.0,,1.0,,,,1.0,1.0,1.0,,,,,,,,1.0,,1.0,2.0,,,0.25,,,,,,,,,1.0,,,,,,1.0,,,0.6404,1.0,1.0,,,,,,,,,,,,,,,,,,,,,,,,,,,,,,,,,,,,,,,,,,,,,,,,,,,,,,,,,,,,,,,,,,,,,,,,,,,,,,,,,,,,,,,,,,,,,,,,,,,,,,,,,,,1610612749,2004,2003-04,False
1065-1501-1800-2409-2429,1610612749,"Erick Strickland, Tim Thomas, Damon Jones, Marcus Haislip, Dan Gadzuric","Strickland, Thomas, Jones, Haislip, Gadzuric",1065-1501-1800-2409-2429,MIL,91.0,1,2.0,-4.0,4.0,4.0,,8.0,,,2.0,,2.0,,,4.0,,,,,,,,,1.0,2.0,,2.0,1.0,,1.0,1.0,,,,,,,,,,,0.5,0.5,1.0,126.5934065934066,11.5,11.25,11.5,10.5,,1.0,,,,0.43915,,,,15.85,,,,1.0,,,1.0,,,,,,,,,,,,,,,,,,,,,1.0,,,,,,,,,,,,,,,,,,,,,,,,,,,,,1.0,,2.0,,,,,0.5,,,,,,,,,,,1.0,,,,,,,,,,,,,,,1.0,,,,,,,,,,,,,,,,,,,,,,,,,,,1.0,,,,,,,,,,,,,,,,,,,,,,,,,,,,,,,,,,,,,,,,,,,,,,1610612749,2004,2003-04,False
1065-1501-1800-2429-389,1610612749,"Erick Strickland, Tim Thomas, Damon Jones, Dan Gadzuric, Toni Kukoc","Strickland, Thomas, Jones, Gadzuric, Kukoc",1065-1501-1800-2429-389,MIL,410.0,2,7.0,11.0,13.0,11.0,1.0,24.0,,1.0,2.0,6.0,9.0,4.0,25.0,14.0,,,8.0,4.0,7.0,,17.0,,3.0,4.0,2.0,6.0,,,2.0,3.0,4.0,2.0,25.0,0.6666666666666666,0.6666666666666666,0.6666666666666666,0.875,0.8928571428571429,,,0.75,0.8,0.6666666666666666,84.29268292682927,14.384615384615385,20.272727272727273,13.0,19.90909090909091,,0.16666666666666666,0.5,0.5,,0.5296166666666667,0.14285714285714285,0.18181818181818182,,3.4555555555555557,,,3.0,,,0.25,,1.0,,0.8333333333333334,25.266666666666666,,5.0,7.0,,,,2.0,,,,,4.0,,4.0,2.0,1.0,,,,,,,,,,,,0.6666666666666666,1.0,0.6666666666666666,,,1.0,0.5833333333333334,0.7142857142857143,0.7142857142857143,0.8,,,,,0.4629,,,,,,1.0,2.0,1.0,2.0,2.0,,1.0,,1.0,,,,,0.5,,1.0,1.0,1.0,,3.0,,,3.0,,,,1.0,,0.25,,,,,,0.5,,,3.0,,3.0,,9.0,3.0,3.0,3.0,1.0,1.0,,1.0,1.0,1.0,1.0,,1.0,,,,,,,,,,,,,,,,,,,,,,,,,,,,,,,,,,,,,,,,,,,,,,,,,,,1610612749,2004,2003-04,False
1065-1501-1800-2429-693,1610612749,"Erick Strickland, Tim Thomas, Damon Jones, Dan Gadzuric, Joe Smith","Strickland, Thomas, Jones, Gadzuric, Smith",1065-1501-1800-2429-693,MIL,81.0,1,1.0,-2.0,3.0,2.0,1.0,5.0,,,1.0,,1.0,,,2.0,,,,,,,,,,,1.0,1.0,,,,1.0,,,,,,,,,,,,,,88.88888888888889,17.666666666666668,14.0,14.333333333333334,14.0,,0.5,,,,0.52345,,,,16.3,2.0,1.0,1.0,,,0.5,,,0.5,0.5,22.9,,,,,,,1.0,,,,,,,,,,,,,,,,,,,,,,,0.5,,,,,,,,,,,,,,,,,,2.0,,,,,,,,,,,,,,,,2.0,,,,,,,,,,,,,,,,,1.0,,,,,,,,,,,,,,,,,,,,,,,1.0,,,,1.0,1.0,,,,,,,,,,,,,,,,,,,,,,,,,,,,,,,,,,,,,,,,,,,1610612749,2004,2003-04,False
1065-1501-2046-2072-2551,1610612749,"Erick Strickland, Tim Thomas, Desmond Mason, Michael Redd, T.J. Ford","Strickland, Thomas, Mason, Redd, Ford",1065-1501-2046-2072-2551,MIL,304.0,1,5.0,10.0,13.0,13.0,2.0,26.0,2.0,,1.0,2.0,5.0,6.0,22.0,12.0,2.0,2.0,2.0,1.0,5.0,,14.0,,4.0,6.0,2.0,8.0,1.0,,1.0,6.0,7.0,2.0,20.0,0.5,0.5,0.4,0.8,0.8461538461538461,0.5,,0.8,0.8571428571428571,1.0,123.15789473684211,6.923076923076923,16.46153846153846,6.461538461538462,15.307692307692308,0.2,0.1,,,,0.51023,0.18181818181818182,0.3333333333333333,0.09090909090909091,7.26,6.0,1.0,5.0,,2.0,0.5,,,0.1,0.7,24.86,12.0,1.0,2.0,1.0,2.0,1.0,1.0,2.0,5.0,6.0,22.0,2.0,1.0,1.0,1.0,2.0,1.0,,2.0,,22.0,12.0,0.4,0.8,0.8461538461538461,0.2,0.5,0.3333333333333333,1.0,0.5,,0.5,1.0,0.2,0.5,1.0,1.0,0.5,0.5,0.2,0.5,0.3577,0.51023,1.0,0.9230769230769231,1.0,,1.0,,,,,1.0,,,,,,,,,,,,,,4.0,4.0,5.0,4.0,,1.0,,,,0.4,0.4,1.0,1.0,,,1.0,0.1,,3.0,3.0,4.0,4.0,12.0,3.0,4.0,3.0,1.0,0.8,0.8,0.8,0.75,0.75,1.0,0.75,0.75,1.0,,1.0,,,1.0,1.0,,,,,,,,,1.0,,,,1.0,1.0,1.0,1.0,1.0,1.0,1.0,,,,,,,,,,,,,,,,,,,,,,,,,1610612749,2004,2003-04,False
1065-1501-2046-2429-389,1610612749,"Erick Strickland, Tim Thomas, Desmond Mason, Dan Gadzuric, Toni Kukoc","Strickland, Thomas, Mason, Gadzuric, Kukoc",1065-1501-2046-2429-389,MIL,235.0,2,4.0,2.0,7.0,6.0,2.0,13.0,3.0,,2.0,1.0,6.0,,8.0,6.0,,2.0,2.0,1.0,3.0,,8.0,,1.0,1.0,3.0,4.0,,,1.0,2.0,,,6.0,1.0,1.0,0.16666666666666666,0.5,0.5,0.5,,1.0,1.0,,79.65957446808511,20.285714285714285,15.5,17.142857142857142,15.5,0.375,0.25,,,,0.44779375,,,0.25,9.733333333333333,,1.0,2.0,,,0.25,,1.0,0.125,0.375,25.05,,,1.0,,,1.0,2.0,,,,,,1.0,,3.0,,,,,,,,,,,0.16666666666666666,1.0,0.6,,0.6,0.5,,,0.125,,,,0.3333333333333333,0.3333333333333333,,,0.4011,,,,1.0,1.0,2.0,,,,,0.5,,,,1.0,,0.5,0.5,,,,1.0,,,1.0,,,1.0,1.0,,,0.5,1.0,0.125,,,,1.0,,1.0,,,1.0,,2.0,,6.0,1.0,2.0,1.0,1.0,1.0,,1.0,1.0,1.0,1.0,,1.0,,1.0,,,,,,,,,,,,,,,,,,1.0,,1.0,1.0,1.0,1.0,,,,,,,,,,,,,,,,,,,,,,,,,,1610612749,2004,2003-04,False
1065-1501-2046-2429-693,1610612749,"Erick Strickland, Tim Thomas, Desmond Mason, Dan Gadzuric, Joe Smith","Strickland, Thomas, Mason, Gadzuric, Smith",1065-1501-2046-2429-693,MIL,67.0,1,1.0,-2.0,3.0,2.0,,5.0,,,,,1.0,,,2.0,,,,,,,,,,,,,,,,1.0,,,,,,,,,,,,,,107.46268656716417,12.666666666666666,14.5,12.666666666666666,12.0,,,,,,0.5252,,,,,2.0,,,,1.0,,,,,1.0,,3.0,,1.0,,1.0,,,,1.0,,,,,,,,,,,,,3.0,,,,,,,,,,,,1.0,,,,,,1.0,,,0.5252,,1.0,1.0,1.0,1.0,,,,,1.0,,,,,,,,,,,,,,,,,,,1.0,,,,,,,,,,,,,,,,,,,,,,,,,,,,,,,,,,,,,,,,,,,,,,,,,,,,,,,,,,,,,,,,,,,,,,,,,,,,,,,,1610612749,2004,2003-04,False
1065-1501-2072-2429-693,1610612749,"Erick Strickland, Tim Thomas, Michael Redd, Dan Gadzuric, Joe Smith","Strickland, Thomas, Redd, Gadzuric, Smith",1065-1501-2072-2429-693,MIL,9.0,1,,,1.0,,,1.0,,,,,,,,,,,,,,,,,,,,,,,,,,,,,,,,,,,,,,160.0,9.0,,9.0,,,,,,,0.29415,,,,,,,1.0,,,1.0,,,,1.0,25.9,1.0,,,,,,,,,,,,,,,,,,,,,1.0,,,,,,,,,,,,,,,,,,,,,0.29415,,1.0,,,,,,,,,,,,,,,,,,,,,,1.0,1.0,1.0,1.0,,,,,,1.0,1.0,,,,,,,,,,,,,,,,,,,,,,,,,,,,,,,,,,,,,,,,,,,,,,,,,,,,,,,,,,,,,,,,,,,,,,,,,,,1610612749,2004,2003-04,False
1065-1501-2072-2551-389,1610612749,"Erick Strickland, Tim Thomas, Michael Redd, T.J. Ford, Toni Kukoc","Strickland, Thomas, Redd, Ford, Kukoc",1065-1501-2072-2551-389,MIL,174.0,1,3.0,7.0,5.0,5.0,,10.0,1.0,,,3.0,3.0,,12.0,5.0,,,4.0,2.0,4.0,,10.0,,1.0,1.0,,1.0,,,,1.0,,,12.0,0.6666666666666666,0.6666666666666666,1.0,1.2,1.2,,,1.0,1.0,1.0,82.75862068965517,15.0,19.8,15.0,19.8,0.2,,,,,0.49455,,,,4.3,5.0,2.0,2.0,,1.0,0.4,,,0.4,0.8,24.15,5.0,2.0,2.0,2.0,2.0,1.0,,3.0,3.0,,12.0,2.0,,1.0,,,,,,,12.0,5.0,1.0,1.2,1.2,,,,,,,,,0.4,1.0,1.0,0.5,1.0,1.0,0.4,1.0,,0.49455,1.0,1.0,,,,,,,,,,,,,,,,,,,,,,,,2.0,,1.0,,,,1.0,,,2.0,,,,,0.4,,,,2.0,2.0,6.0,,2.0,,1.0,1.0,1.0,1.0,,,,,,,,,,,,,,,,,,,,,,,,,2.0,2.0,2.0,1.0,1.0,1.0,1.0,,,,,,,,,,,,,,,,,,,,,,,,,1610612749,2004,2003-04,False
1065-1501-2072-389-693,1610612749,"Erick Strickland, Tim Thomas, Michael Redd, Toni Kukoc, Joe Smith","Strickland, Thomas, Redd, Kukoc, Smith",1065-1501-2072-389-693,MIL,246.0,2,4.0,4.0,9.0,8.0,,17.0,3.0,1.0,1.0,4.0,7.0,,8.0,4.0,,,6.0,3.0,3.0,,6.0,,2.0,4.0,,4.0,1.0,,,2.0,,,8.0,0.75,0.75,0.5714285714285714,0.5714285714285714,0.5714285714285714,,,0.6666666666666666,0.75,1.0,99.51219512195122,14.11111111111111,14.875,14.11111111111111,14.875,0.42857142857142855,0.14285714285714285,1.0,1.0,,0.4633285714285714,,,,6.728571428571429,5.0,,,1.0,,,1.0,,,0.42857142857142855,,,2.0,3.0,,,1.0,,,,,,2.0,1.0,2.0,,1.0,1.0,,,,,,,,,0.14285714285714285,0.3333333333333333,,1.0,,,0.5,1.0,0.42857142857142855,0.6666666666666666,1.0,1.0,0.3333333333333333,0.3333333333333333,,,,,,,1.0,,2.0,,,,,0.5,,,,,,,,,,,1.0,,,,,,,1.0,,,,1.0,,,,1.0,,1.0,,,,,,,,,,,,,,,,,,,,,,,,,,,,,,,,,,,,,,,,,,,,,,,,,,,,,,,,,,,,,,,,,,,,,,,1610612749,2004,2003-04,False
1065-1501-2409-2551-389,1610612749,"Erick Strickland, Tim Thomas, Marcus Haislip, T.J. Ford, Toni Kukoc","Strickland, Thomas, Haislip, Ford, Kukoc",1065-1501-2409-2551-389,MIL,143.0,1,2.0,-3.0,5.0,5.0,1.0,10.0,1.0,,,2.0,5.0,1.0,5.0,8.0,,,2.0,1.0,1.0,,2.0,,1.0,1.0,1.0,2.0,,,1.0,3.0,1.0,1.0,5.0,0.5,0.5,0.4,0.3333333333333333,0.4166666666666667,,,1.0,1.0,,100.69930069930071,18.0,10.6,17.8,10.6,0.16666666666666666,,,,,0.5298666666666666,0.16666666666666666,0.2,,2.2800000000000002,5.0,,1.0,,1.0,0.16666666666666666,,1.0,,0.8333333333333334,26.6,5.0,2.0,4.0,2.0,4.0,,1.0,2.0,5.0,1.0,5.0,2.0,,1.0,1.0,,,,,,5.0,5.0,0.4,0.3333333333333333,0.4166666666666667,,,0.3333333333333333,,0.25,1.0,,,0.6666666666666666,0.5,0.5,0.5,,,0.6666666666666666,0.5,0.575,0.5298666666666666,1.0,1.0,,,,,,,,,,,1.0,,,,,1.0,,,,,,1.0,1.0,1.0,1.0,,,,,,0.16666666666666666,0.16666666666666666,,,,,,,,,,,,,,,,,,,,,,,,,1.0,,,,,1.0,,,,,,,,,,,,,,,,,,,,,,,,,,,,,,,,,,,,,,,,,,,,,1610612749,2004,2003-04,False
1065-1501-2429-2551-693,1610612749,"Erick Strickland, Tim Thomas, Dan Gadzuric, T.J. Ford, Joe Smith","Strickland, Thomas, Gadzuric, Ford, Smith",1065-1501-2429-2551-693,MIL,297.0,1,5.0,-1.0,10.0,11.0,1.0,21.0,3.0,2.0,5.0,4.0,10.0,,8.0,9.0,,2.0,8.0,4.0,4.0,2.0,8.0,,3.0,4.0,1.0,5.0,,,3.0,4.0,1.0,1.0,6.0,1.0,1.0,0.4,0.4,0.4,1.0,,0.75,0.8,0.6666666666666666,101.81818181818181,16.9,11.636363636363637,16.7,11.363636363636363,0.3,0.5,0.4,0.4,1.0,0.41891,0.1,0.1,0.25,10.76,1.0,,,,1.0,,,1.0,,0.2,,,1.0,2.0,,,1.0,1.0,,,,,,1.0,1.0,1.0,1.0,,,,,,,,,,0.1,0.5,0.16666666666666666,1.0,0.16666666666666666,,,1.0,0.2,0.5,1.0,1.0,0.3333333333333333,0.3333333333333333,,,0.4493,,,,1.0,,1.0,1.0,1.0,1.0,1.0,1.0,1.0,,,1.0,,1.0,1.0,,,,,,,,,,,1.0,,,,1.0,,,,1.0,,,1.0,,,,,,,,,,,,,,,,,,,,,,,,,1.0,,,,,,,,,,,,,,,,,,,,,,,,,,,,,,,,,,,,,,,,,,,,,1610612749,2004,2003-04,False
1065-1510-1730-2046-389,1610612749,"Erick Strickland, Brevin Knight, Brian Skinner, Desmond Mason, Toni Kukoc","Strickland, Knight, Skinner, Mason, Kukoc",1065-1510-1730-2046-389,MIL,703.0,5,12.0,-4.0,26.0,24.0,2.0,50.0,5.0,,4.0,9.0,17.0,5.0,26.0,30.0,1.0,1.0,10.0,5.0,6.0,,13.0,,5.0,5.0,2.0,7.0,3.0,2.0,4.0,8.0,7.0,4.0,25.0,0.5555555555555556,0.5555555555555556,0.5294117647058824,0.5526315789473685,0.5909090909090909,0.25,,0.625,0.625,,102.41820768136557,13.76923076923077,14.375,13.26923076923077,13.666666666666666,0.2631578947368421,0.21052631578947367,,,,0.49395263157894737,0.18181818181818182,0.2,0.038461538461538464,6.623529411764705,7.0,,2.0,,,0.10526315789473684,,1.0,,0.5263157894736842,24.85,,6.0,8.0,,,3.0,1.0,,,,,8.0,,4.0,2.0,,1.0,,,,,,,,,,,0.2857142857142857,,0.25,0.5,0.5,,0.42105263157894735,0.75,0.75,0.6666666666666666,0.6,0.6,,,0.4036,,,,3.0,1.0,7.0,1.0,1.0,1.0,1.0,0.42857142857142855,1.0,,,,,,,,,,4.0,,,2.0,,,2.0,1.0,,,0.25,0.3333333333333333,0.10526315789473684,,,2.0,,3.0,,,,1.0,,1.0,,3.0,1.0,1.0,1.0,1.0,0.5,,0.5,0.5,0.5,1.0,,0.5,1.0,,,,,1.0,,,,,,,,,,,,,,,,,,,,,,,,,,,,,,,,,,,,,,,,,,,,,1610612749,2004,2003-04,False
1065-1510-1730-2046-693,1610612749,"Erick Strickland, Brevin Knight, Brian Skinner, Desmond Mason, Joe Smith","Strickland, Knight, Skinner, Mason, Smith",1065-1510-1730-2046-693,MIL,274.0,2,5.0,4.0,8.0,9.0,2.0,17.0,4.0,,2.0,3.0,10.0,,6.0,2.0,,,4.0,2.0,2.0,,4.0,,4.0,6.0,2.0,8.0,1.0,1.0,,,,,6.0,0.6666666666666666,0.6666666666666666,0.3,0.3,0.3,,,0.8,0.8571428571428571,0.75,89.34306569343066,14.625,17.444444444444443,13.25,17.333333333333332,0.4,0.2,,,,0.4646,,,,7.12,5.0,,,,,,,,,0.4,,,2.0,4.0,,,1.0,2.0,,,,,2.0,,2.0,2.0,2.0,,,,,,,,,,,,0.2857142857142857,1.0,0.2857142857142857,0.3333333333333333,1.0,1.0,0.4,0.5,0.5,1.0,0.25,0.25,,,0.3418,,,,,,,,,,,,,,1.0,,,,,0.5,,,,,,,,,,,,,,,,,,,,,0.5,,,,,,,,,,,,,,,,,,,,,,,1.0,,,,,0.14285714285714285,,,,,,,,,,,,,,,,,,,,,,,,,,,,,,,,,,,,,,,,,,1610612749,2004,2003-04,False
1065-1510-1730-2072-389,1610612749,"Erick Strickland, Brevin Knight, Brian Skinner, Michael Redd, Toni Kukoc","Strickland, Knight, Skinner, Redd, Kukoc",1065-1510-1730-2072-389,MIL,31.0,1,1.0,-2.0,1.0,1.0,,2.0,,,,,,,,2.0,,,,,,,,,,,,,,,,1.0,,,,,,,,,,,,,,92.9032258064516,23.0,8.0,23.0,8.0,,,,,,,,,,,1.0,,,,1.0,,,,,,,1.0,,,,,,,,,,,,,,,,,,,,,1.0,,,,,,,,,,,,,,,,,,,,,,,1.0,,,1.0,,,,,,,,,,,,,,,1.0,1.0,,,,,,,,1.0,,,,,,,,,,,,,,,,,,,,,,,,,,,,,,,,,,,,,,,,,,,,,,,,,,,,,,,,,,,,,,,,,,,,,,,,,,,,,,,,1610612749,2004,2003-04,False
1065-1510-1730-2091-389,1610612749,"Erick Strickland, Brevin Knight, Brian Skinner, Daniel Santiago, Toni Kukoc","Strickland, Knight, Skinner, Santiago, Kukoc",1065-1510-1730-2091-389,MIL,164.0,1,3.0,-7.0,6.0,5.0,2.0,11.0,2.0,,1.0,,4.0,,,7.0,,,,,,,,,,,3.0,3.0,,,,1.0,,,,,,,,,,,,,,96.58536585365853,18.5,10.6,16.0,10.6,0.3333333333333333,0.16666666666666666,,,,0.46270833333333333,,,,8.425,5.0,1.0,2.0,,1.0,0.3333333333333333,,,0.16666666666666666,0.5,24.75,,,1.0,,,,,,,,,,,,2.0,,,,,,,,,,,,,0.5,,0.5,0.5,,,0.16666666666666666,,,,,,,,0.6042,,,,1.0,,3.0,,,1.0,,0.3333333333333333,,,,,,,,,,1.0,2.0,,,1.0,,,1.0,,,,1.0,,0.16666666666666666,,,1.0,2.0,,,,,,,,,,,,,,,,,,,,,,,,1.0,,,,0.5,1.0,,,,,1.0,,,,,,,,,,,,,,1.0,1.0,1.0,1.0,,,,,,,,,,,,,,,,,,,,,1610612749,2004,2003-04,False
1065-1510-1730-2429-389,1610612749,"Erick Strickland, Brevin Knight, Brian Skinner, Dan Gadzuric, Toni Kukoc","Strickland, Knight, Skinner, Gadzuric, Kukoc",1065-1510-1730-2429-389,MIL,127.0,1,2.0,-4.0,3.0,4.0,,7.0,,1.0,2.0,1.0,3.0,,2.0,6.0,,,2.0,1.0,1.0,1.0,2.0,,,,,,,,,,,,2.0,1.0,1.0,0.3333333333333333,0.3333333333333333,0.3333333333333333,,,,,,79.37007874015748,19.333333333333332,17.25,19.333333333333332,13.75,,0.6666666666666666,0.5,0.5,1.0,0.46293333333333336,,,,12.466666666666667,,,,,,,,,,0.3333333333333333,,,,1.0,,,,,,,,,,,,,,,,,,,,,,,,,,,,,,,0.3333333333333333,,,,,,,,,,,,,,,,,,,,,,,,,,,,,,,,,,,,,,,,,,,,,,,,,,,,,,,,,,,,,,,,,,,,,,,,,,,,,,,,,,,,,,,,,,,,,,,,,,,,,,,,,,,,,,,,,,,,,,1610612749,2004,2003-04,False
1065-1510-1730-389-693,1610612749,"Erick Strickland, Brevin Knight, Brian Skinner, Toni Kukoc, Joe Smith","Strickland, Knight, Skinner, Kukoc, Smith",1065-1510-1730-389-693,MIL,84.0,1,1.0,-1.0,2.0,2.0,2.0,4.0,,1.0,2.0,1.0,3.0,,2.0,3.0,,2.0,2.0,1.0,1.0,1.0,2.0,,,1.0,2.0,3.0,,,1.0,2.0,,,,1.0,1.0,0.3333333333333333,0.25,0.25,0.5,,,,,68.57142857142857,23.5,18.5,16.5,18.5,,0.5,0.5,0.5,1.0,0.4478625,,,1.0,15.233333333333334,2.0,1.0,1.0,1.0,1.0,0.25,1.0,,0.25,0.5,25.0,2.0,,1.0,,1.0,,2.0,1.0,3.0,,2.0,,1.0,,1.0,,,,,,2.0,2.0,0.3333333333333333,0.25,0.25,0.3333333333333333,1.0,0.5,,0.6666666666666666,,,,0.25,,,,,,0.25,,0.4917,0.4478625,1.0,1.0,,,,,,,,,,,1.0,1.0,,0.5,0.5,0.5,,,,,,,,1.0,,,,,1.0,,,,1.0,,,,,0.25,,,,,,,,,,,,,,,,,,,,,1.0,,,,1.0,1.0,,,,,,,,,,,,,,,,,,,,,,,,,,,,,,,,,,,,,,,,,,,1610612749,2004,2003-04,False
1065-1510-2046-2409-2429,1610612749,"Erick Strickland, Brevin Knight, Desmond Mason, Marcus Haislip, Dan Gadzuric","Strickland, Knight, Mason, Haislip, Gadzuric",1065-1510-2046-2409-2429,MIL,243.0,1,4.0,3.0,8.0,9.0,2.0,17.0,1.0,,,4.0,8.0,6.0,14.0,11.0,2.0,4.0,6.0,3.0,3.0,,6.0,,,2.0,3.0,5.0,2.0,2.0,1.0,2.0,7.0,3.0,10.0,0.75,1.0,0.5,0.5,0.6363636363636364,0.6666666666666666,,,1.0,,100.74074074074075,12.75,15.666666666666666,10.875,15.666666666666666,0.125,,,,,0.584375,0.3,0.3,0.2857142857142857,1.275,9.0,,,,1.0,,,,,0.875,,5.0,4.0,7.0,3.0,6.0,,2.0,3.0,7.0,3.0,9.0,2.0,,3.0,3.0,2.0,,,1.0,,9.0,5.0,0.42857142857142855,0.42857142857142855,0.5625,,,0.75,1.0,0.75,1.0,,1.0,0.875,0.5714285714285714,0.5714285714285714,0.75,,,0.8571428571428571,0.5,0.5872,0.5831714285714286,0.6428571428571429,0.625,,,,,,,,,,1.0,2.0,1.0,2.0,0.5,0.5,1.0,0.5,,,,,,,,,,,,,,,,,,,,0.6666666666666666,,1.0,,,,,,,,,,,,,,,,,,,,,,,1.0,,,,,,,,,,,,,,,,,,,,,,,,,,,,,,,,,,,,,,,,,,,,,1610612749,2004,2003-04,False
1065-1510-2046-2429-389,1610612749,"Erick Strickland, Brevin Knight, Desmond Mason, Dan Gadzuric, Toni Kukoc","Strickland, Knight, Mason, Gadzuric, Kukoc",1065-1510-2046-2429-389,MIL,1645.0,7,27.0,-19.0,45.0,48.0,4.0,93.0,9.0,6.0,10.0,20.0,32.0,8.0,48.0,67.0,,4.0,22.0,11.0,11.0,4.0,22.0,,7.0,12.0,4.0,16.0,5.0,1.0,9.0,17.0,11.0,5.0,44.0,0.55,0.5789473684210527,0.625,0.5263157894736842,0.5581395348837209,0.6666666666666666,,0.5833333333333334,0.625,0.625,81.41033434650456,17.444444444444443,17.916666666666668,16.822222222222223,16.8125,0.23684210526315788,0.2631578947368421,0.6,0.6,0.6666666666666666,0.46279078947368424,0.11627906976744186,0.13513513513513514,0.08333333333333333,8.35,5.0,2.0,6.0,2.0,,0.15789473684210525,0.5,0.5,0.05263157894736842,0.5,25.03333333333333,4.0,11.0,13.0,,1.0,3.0,3.0,,1.0,,,18.0,1.0,6.0,3.0,3.0,4.0,1.0,,,,4.0,,,,0.03125,,0.25,0.75,0.2222222222222222,0.16666666666666666,0.5,0.6666666666666666,0.34210526315789475,0.8461538461538461,0.8461538461538461,0.5454545454545454,0.3333333333333333,0.375,0.5,,0.4602,0.567825,,0.08888888888888889,4.0,2.0,6.0,,,,,0.6666666666666666,,1.0,1.0,2.0,2.0,0.6666666666666666,0.6666666666666666,0.3333333333333333,1.0,,2.0,,0.1111111111111111,4.0,1.0,1.0,4.0,1.0,2.0,,0.5,0.3333333333333333,0.10526315789473684,0.5,,2.0,1.0,1.0,,,1.0,,,,,,,,,,,,,,,,,,2.0,1.0,1.0,2.0,,,0.16666666666666666,0.5,0.11764705882352941,,,,,,,,,,,,,,,,,,,,,,,,,,,,,,,,,,,,,,,,,,1610612749,2004,2003-04,False
1065-1510-2046-2429-693,1610612749,"Erick Strickland, Brevin Knight, Desmond Mason, Dan Gadzuric, Joe Smith","Strickland, Knight, Mason, Gadzuric, Smith",1065-1510-2046-2429-693,MIL,61.0,1,1.0,,3.0,2.0,1.0,5.0,2.0,,2.0,,4.0,,,,,,,,,,,,,1.0,1.0,2.0,1.0,,,,,,,,,,,,,,,1.0,,118.03278688524591,15.666666666666666,7.0,11.333333333333334,7.0,0.5,0.5,,,,0.399875,,,,10.575,,,,,,,,,,,,,,,,,,1.0,,,,,,1.0,,1.0,1.0,1.0,,,,,,,,,0.25,,0.25,1.0,0.25,,,,,,,,,,,,0.3925,,,,,,,,,,,,,,,,,,,,,,,,0.5,,,,,,,,0.5,,,,,,,,,,1.0,,,,,,,,,,,,,,,,,,,,,,,,,,,,,,,,,,,,,,,,,,,,,,,,,,,,,,,,,,,,,,,,,,,,1610612749,2004,2003-04,False
1065-1510-2072-2091-389,1610612749,"Erick Strickland, Brevin Knight, Michael Redd, Daniel Santiago, Toni Kukoc","Strickland, Knight, Redd, Santiago, Kukoc",1065-1510-2072-2091-389,MIL,193.0,2,3.0,3.0,6.0,5.0,,11.0,1.0,,,4.0,5.0,2.0,10.0,7.0,,,6.0,3.0,3.0,,6.0,,1.0,1.0,,1.0,,,,,3.0,2.0,10.0,0.75,0.75,0.8,0.8,0.8333333333333334,,,0.5,0.5,1.0,82.07253886010362,16.166666666666668,19.2,16.166666666666668,18.6,0.2,,,,,0.5334800000000001,0.3333333333333333,0.3333333333333333,,2.0,1.0,,,,,,,,,0.8,,2.0,4.0,4.0,,,,,,1.0,1.0,1.0,2.0,,3.0,,,,,,,1.0,2.0,,,0.25,,,,,,,,,0.8,1.0,1.0,0.75,,,,,,0.3916,0.1,0.3333333333333333,,,,,,,,,,,,,,,,,,,,,,,,,,,,,,,,,,,,,,,,,,,,,,,,,,,,,,,,,,,,,,1.0,,,,,,,,,,,,,,,,,,,,,,,,,,,,,,,,,,,,,,,,,,,,,1610612749,2004,2003-04,False
1065-1510-2072-2429-389,1610612749,"Erick Strickland, Brevin Knight, Michael Redd, Dan Gadzuric, Toni Kukoc","Strickland, Knight, Redd, Gadzuric, Kukoc",1065-1510-2072-2429-389,MIL,292.0,1,5.0,-3.0,10.0,10.0,1.0,20.0,,2.0,3.0,5.0,7.0,2.0,12.0,15.0,,2.0,4.0,2.0,2.0,1.0,4.0,1.0,1.0,2.0,1.0,3.0,,,2.0,4.0,5.0,,10.0,0.4,0.4,0.7142857142857143,0.7142857142857143,0.6,1.0,0.5,1.0,1.0,,98.63013698630138,14.8,14.4,14.0,14.4,,0.42857142857142855,0.6666666666666666,0.6666666666666666,0.5,0.4771714285714285,,,0.16666666666666666,7.614285714285714,,,,,,,,,,0.5714285714285714,,9.0,3.0,4.0,3.0,4.0,,1.0,4.0,6.0,2.0,10.0,6.0,1.0,1.0,,1.0,,,3.0,,10.0,9.0,0.6666666666666666,0.6666666666666666,0.5555555555555556,0.14285714285714285,0.25,,1.0,,,1.0,,0.5714285714285714,0.75,1.0,0.3333333333333333,,,0.6666666666666666,0.75,0.5962,0.4901166666666667,0.8333333333333334,0.9,1.0,1.0,2.0,,,,,0.5,,1.0,1.0,1.0,,1.0,1.0,1.0,1.0,1.0,1.0,,,,,,,,2.0,,,,,,,,,,,,1.0,,,,,,,,,,,,,,,,,,1.0,,,,,,,,,,,,,1.0,,,,,,,,,,,,,,,,,,,,,,,,,,,,,,,,,,,,,1610612749,2004,2003-04,False
1065-1510-2091-2409-2429,1610612749,"Erick Strickland, Brevin Knight, Daniel Santiago, Marcus Haislip, Dan Gadzuric","Strickland, Knight, Santiago, Haislip, Gadzuric",1065-1510-2091-2409-2429,MIL,301.0,2,5.0,10.0,12.0,11.0,,23.0,3.0,2.0,4.0,4.0,8.0,4.0,12.0,2.0,,,4.0,2.0,2.0,1.0,4.0,,5.0,6.0,,6.0,3.0,1.0,,,4.0,1.0,12.0,0.5,0.5,0.5,0.4444444444444444,0.5454545454545454,,,0.8333333333333334,0.8571428571428571,1.0,110.03322259136213,15.0,11.0,15.0,10.636363636363637,0.3333333333333333,0.4444444444444444,0.5,0.5,0.5,0.37474999999999997,0.1,0.1111111111111111,,12.975,7.0,,1.0,,,0.1111111111111111,,,,0.2222222222222222,26.1,12.0,1.0,1.0,1.0,1.0,1.0,,4.0,8.0,4.0,12.0,4.0,,,,1.0,2.0,,1.0,,12.0,12.0,0.5,0.4444444444444444,0.5454545454545454,,,,1.0,,,,,0.1111111111111111,1.0,1.0,,0.3333333333333333,0.3333333333333333,0.1111111111111111,1.0,,0.37474999999999997,1.0,1.0,,,,1.0,1.0,1.0,,,,,,,,,,,,,,,,1.0,1.0,1.0,1.0,1.0,,,,1.0,0.1111111111111111,0.1111111111111111,,,,,,,1.0,,,,,,,,,,,,,,,,,,,,,,,,,,,,,,,,,,,,,,,,,,,,,,,,,,,,,,,,,,,,,,,,,,,,1610612749,2004,2003-04,False
1065-1510-2429-389-693,1610612749,"Erick Strickland, Brevin Knight, Dan Gadzuric, Toni Kukoc, Joe Smith","Strickland, Knight, Gadzuric, Kukoc, Smith",1065-1510-2429-389-693,MIL,809.0,2,13.0,5.0,24.0,24.0,2.0,48.0,7.0,4.0,5.0,11.0,19.0,10.0,35.0,30.0,,4.0,18.0,9.0,10.0,4.0,21.0,,5.0,8.0,3.0,11.0,1.0,1.0,,2.0,12.0,3.0,31.0,0.8181818181818182,1.0,0.5789473684210527,0.625,0.7,0.6666666666666666,,0.5555555555555556,0.6666666666666666,0.5,85.4388133498146,14.291666666666666,19.416666666666668,14.041666666666666,19.125,0.35,0.25,0.8,0.8,1.0,0.47330249999999996,0.13636363636363635,0.14285714285714285,0.11428571428571428,8.205263157894738,3.0,,1.0,,,0.05,,0.75,,0.4,25.5,18.0,6.0,7.0,5.0,6.0,1.0,3.0,8.0,15.0,9.0,28.0,4.0,,4.0,3.0,3.0,,1.0,3.0,,28.0,18.0,0.5333333333333333,0.59375,0.7,,,0.42857142857142855,1.0,0.42857142857142855,0.3333333333333333,0.3333333333333333,1.0,0.35,0.8571428571428571,0.8571428571428571,0.6666666666666666,0.14285714285714285,0.14285714285714285,0.375,0.8333333333333334,0.5059333333333333,0.479896875,0.8,0.75,1.0,1.0,2.0,4.0,2.0,4.0,2.0,0.5,0.5,2.0,2.0,2.0,4.0,0.6666666666666666,0.6666666666666666,0.6666666666666666,1.0,,1.0,,,1.0,1.0,1.0,1.0,1.0,1.0,2.0,,1.0,0.05,0.0625,,,,1.0,1.0,,1.0,1.0,1.0,1.0,1.0,3.0,1.0,1.0,1.0,1.0,1.0,1.0,1.0,1.0,1.0,1.0,1.0,1.0,,,,,,1.0,,,,,,,,,,,,,,,,,,,,,,,,,,,,,,,,,,,,,,,,,,,,,1610612749,2004,2003-04,False
1065-1730-1800-2046-389,1610612749,"Erick Strickland, Brian Skinner, Damon Jones, Desmond Mason, Toni Kukoc","Strickland, Skinner, Jones, Mason, Kukoc",1065-1730-1800-2046-389,MIL,292.0,1,5.0,-4.0,9.0,10.0,1.0,19.0,2.0,,1.0,1.0,4.0,2.0,7.0,11.0,,,2.0,1.0,2.0,,5.0,,3.0,4.0,2.0,6.0,1.0,1.0,3.0,4.0,4.0,1.0,7.0,1.0,1.0,0.25,0.3125,0.35,,,1.0,1.0,1.0,93.69863013698631,16.88888888888889,14.0,14.11111111111111,14.0,0.25,0.125,,,,0.52865,0.1111111111111111,0.2,,9.4,1.0,2.0,4.0,1.0,,0.5,1.0,1.0,0.25,0.625,24.5,3.0,1.0,1.0,1.0,1.0,,1.0,1.0,1.0,1.0,3.0,,,1.0,,,,,1.0,,3.0,3.0,1.0,0.5,0.5,,,,,0.3333333333333333,,1.0,,0.125,1.0,1.0,1.0,,,0.5,1.0,0.74445,0.6222,0.42857142857142855,0.3333333333333333,,,1.0,1.0,1.0,1.0,1.0,,1.0,,,,,,,,,1.0,1.0,,,2.0,,1.0,2.0,,,,,,0.25,,1.0,,,,,0.5,,1.0,,1.0,,3.0,1.0,1.0,1.0,1.0,0.25,,0.25,0.5,0.5,1.0,,0.5,,,2.0,,,,0.6666666666666666,0.5,,,,,1.0,,,1.0,,,,,,,,,,,1.0,,,0.5,,,,,,,,,,,,,,,,,,,,,1610612749,2004,2003-04,False
1065-1730-1800-2046-693,1610612749,"Erick Strickland, Brian Skinner, Damon Jones, Desmond Mason, Joe Smith","Strickland, Skinner, Jones, Mason, Smith",1065-1730-1800-2046-693,MIL,868.0,3,14.0,,26.0,27.0,5.0,53.0,7.0,,7.0,7.0,20.0,8.0,22.0,22.0,,6.0,8.0,4.0,4.0,,8.0,,10.0,14.0,5.0,19.0,1.0,,2.0,6.0,10.0,3.0,16.0,0.5714285714285714,0.8,0.35,0.3333333333333333,0.4230769230769231,0.75,,0.7142857142857143,0.7647058823529411,0.875,87.92626728110599,14.961538461538462,17.74074074074074,14.423076923076923,16.77777777777778,0.3333333333333333,0.3333333333333333,,,,0.45002619047619047,0.125,0.13043478260869565,0.2727272727272727,8.89,11.0,,1.0,1.0,2.0,0.047619047619047616,1.0,0.5,,0.3333333333333333,25.7,9.0,4.0,6.0,2.0,4.0,3.0,4.0,2.0,6.0,4.0,8.0,6.0,1.0,2.0,5.0,3.0,1.0,,2.0,,8.0,9.0,0.3333333333333333,0.2857142857142857,0.4,0.05,0.16666666666666666,0.38461538461538464,1.0,0.35714285714285715,0.5,0.5,1.0,0.2857142857142857,0.6666666666666666,0.8,0.5,0.42857142857142855,0.42857142857142855,0.5714285714285714,0.5,0.507475,0.5225214285714286,0.36363636363636365,0.34615384615384615,1.0,,5.0,2.0,1.0,3.0,2.0,0.2,0.6666666666666666,2.0,2.0,3.0,4.0,0.75,0.75,0.5,1.0,1.0,4.0,1.0,,1.0,1.0,1.0,1.0,2.0,1.0,,0.2857142857142857,0.6666666666666666,0.047619047619047616,0.14285714285714285,,1.0,1.0,1.0,0.5,,1.0,,,,,,,,,,,,,,,,,,,,,1.0,1.0,,,,0.07692307692307693,,,,,1.0,,,,,,,,,,,,,,1.0,,,1.0,0.5,,,,,,,,,,,,,,,,,,,1610612749,2004,2003-04,False
1065-1730-1800-2072-389,1610612749,"Erick Strickland, Brian Skinner, Damon Jones, Michael Redd, Toni Kukoc","Strickland, Skinner, Jones, Redd, Kukoc",1065-1730-1800-2072-389,MIL,19.0,1,,,,1.0,,1.0,,,,,,,,,,,,,,,,,,,,,,,,,,,,,,,,,,,,,,75.78947368421053,,19.0,,17.0,,,,,,,,,,,,,,,,,,,,,,,,,,,,,,,,,,,,,,,,,,,,,,,,,,,,,,,,,,,,,,,,,,,,,,,,,,,,,,,,,,,,,,,,,,,,,,,,,,,,,,,,,,,,,,,,,,,,,,,,,,,,,,,,,,,,,,,,,,,,,,,,,,,,,,,,,,,,,,,,,,,,,,,,,,,,,1610612749,2004,2003-04,False
1065-1730-2046-2072-389,1610612749,"Erick Strickland, Brian Skinner, Desmond Mason, Michael Redd, Toni Kukoc","Strickland, Skinner, Mason, Redd, Kukoc",1065-1730-2046-2072-389,MIL,152.0,2,3.0,2.0,5.0,5.0,,10.0,3.0,,,3.0,5.0,,6.0,4.0,,,4.0,2.0,2.0,,4.0,,1.0,1.0,,1.0,,,,1.0,,,6.0,0.6666666666666666,0.6666666666666666,0.6,0.6,0.6,,,0.5,0.5,1.0,94.73684210526316,11.8,18.6,11.8,18.6,0.6,,,,,0.42241999999999996,,,,6.82,5.0,,,,,,,,,0.4,,2.0,2.0,2.0,1.0,1.0,1.0,,2.0,2.0,,4.0,2.0,,2.0,,,,,,,4.0,2.0,1.0,1.0,1.0,,,,,,,,,0.4,1.0,1.0,1.0,0.3333333333333333,0.3333333333333333,0.5,1.0,,0.47915,0.6666666666666666,0.4,,,,,,,,,,,,,,,,,,,,,,,,,,,,,,,,,,,,,,,,,,,,,,,,,,,,,,,,,,,,,,,,,,,,,,,,,,,,,,,,,,,,,,,,,,,,,,,,,,,,,,,,,,,1610612749,2004,2003-04,False
1065-1730-2046-2072-693,1610612749,"Erick Strickland, Brian Skinner, Desmond Mason, Michael Redd, Joe Smith","Strickland, Skinner, Mason, Redd, Smith",1065-1730-2046-2072-693,MIL,268.0,1,4.0,3.0,11.0,12.0,1.0,23.0,2.0,1.0,2.0,5.0,7.0,4.0,17.0,14.0,,2.0,8.0,4.0,5.0,1.0,11.0,,2.0,2.0,1.0,3.0,,,1.0,5.0,4.0,1.0,15.0,0.8,1.0,0.7142857142857143,0.7222222222222222,0.7727272727272727,1.0,,0.6666666666666666,0.6666666666666666,1.0,123.5820895522388,12.0,11.333333333333334,11.909090909090908,11.166666666666666,0.2222222222222222,0.2222222222222222,0.5,0.5,1.0,0.4525166666666667,0.1,0.125,0.11764705882352941,6.885714285714286,5.0,,2.0,,4.0,0.2222222222222222,,,,0.5555555555555556,24.8,5.0,3.0,3.0,1.0,1.0,1.0,1.0,1.0,3.0,2.0,4.0,2.0,1.0,2.0,1.0,,,,1.0,,4.0,5.0,0.3333333333333333,0.25,0.4,0.14285714285714285,,0.5,,0.3333333333333333,1.0,0.5,,0.3333333333333333,1.0,1.0,0.6666666666666666,0.5,1.0,0.25,1.0,0.4868,0.4124125,0.23529411764705882,0.45454545454545453,1.0,,1.0,,,,,1.0,,1.0,1.0,1.0,2.0,1.0,1.0,1.0,1.0,,,,0.5,2.0,1.0,1.0,2.0,1.0,1.0,,,1.0,0.2222222222222222,0.25,,1.0,,,,,,1.0,,1.0,,3.0,1.0,1.0,1.0,1.0,0.5,,0.5,0.5,0.5,1.0,,0.5,,,,,,,,,,,,,,,,,,,,,,,,,,,,,,,,,,,,,,,,,,,,,,,,,,,1610612749,2004,2003-04,False
1065-1730-2046-2551-389,1610612749,"Erick Strickland, Brian Skinner, Desmond Mason, T.J. Ford, Toni Kukoc","Strickland, Skinner, Mason, Ford, Kukoc",1065-1730-2046-2551-389,MIL,80.0,1,1.0,,3.0,2.0,,5.0,1.0,,,1.0,1.0,,2.0,2.0,,,,,,,,,,1.0,,1.0,,,,2.0,,,2.0,,,1.0,1.0,1.0,,,,0.5,,90.0,9.333333333333334,26.0,9.333333333333334,23.0,1.0,,,,,0.4137,,,,11.4,,,,,,,,,,,,3.0,,,,,1.0,,1.0,1.0,,2.0,2.0,,,,1.0,,,,,2.0,3.0,1.0,1.0,1.0,,,,0.5,,,,,,,,,1.0,1.0,,,,0.4137,1.0,1.0,,,2.0,,,,,,,,,,,,,,,1.0,2.0,,,,,,,,2.0,,,,,,,,,1.0,,,1.0,,,,,,,,,,,,,,,,,,,,,,,,,,,,,,,,,,,,,,,,,,,,,,,,,,,,,,,,,,,,,,,,,,,,1610612749,2004,2003-04,False
1065-1800-2038-2046-2409,1610612749,"Erick Strickland, Damon Jones, Joel Przybilla, Desmond Mason, Marcus Haislip","Strickland, Jones, Przybilla, Mason, Haislip",1065-1800-2038-2046-2409,MIL,322.0,1,5.0,10.0,11.0,11.0,2.0,22.0,1.0,3.0,4.0,5.0,7.0,3.0,16.0,6.0,,2.0,6.0,3.0,4.0,2.0,9.0,,3.0,5.0,2.0,7.0,1.0,,1.0,4.0,4.0,1.0,14.0,0.6,0.75,0.7142857142857143,0.65,0.6666666666666666,0.5,,1.0,1.0,1.0,98.38509316770187,10.454545454545455,18.818181818181817,9.545454545454545,18.818181818181817,0.1,0.4,0.75,0.75,0.6666666666666666,0.46956,0.09090909090909091,0.125,0.125,11.228571428571428,8.0,1.0,3.0,1.0,2.0,0.3,1.0,1.0,0.1,0.5,24.833333333333332,11.0,1.0,2.0,1.0,2.0,1.0,1.0,5.0,7.0,3.0,16.0,4.0,1.0,,1.0,1.0,1.0,,1.0,,16.0,11.0,0.7142857142857143,0.65,0.6666666666666666,0.14285714285714285,0.5,0.5,1.0,0.5,,1.0,1.0,0.2,0.5,1.0,,1.0,1.0,0.2,0.5,0.56835,0.46956,1.0,1.0,1.0,,1.0,,,,,1.0,,1.0,1.0,1.0,2.0,1.0,0.5,0.5,1.0,,,,,2.0,2.0,3.0,2.0,1.0,1.0,,1.0,1.0,0.2,0.2,1.0,1.0,,,,0.1,,1.0,1.0,1.0,1.0,3.0,1.0,1.0,1.0,1.0,0.3333333333333333,0.3333333333333333,0.3333333333333333,0.5,0.5,1.0,0.5,0.5,,,1.0,,,,0.5,,,,,,1.0,,,1.0,,,,,,,,,,,1.0,,,0.5,,,,,,,,,,,,,,,,,,,,,1610612749,2004,2003-04,False
1065-1800-2038-2061-2409,1610612749,"Erick Strickland, Damon Jones, Joel Przybilla, Dan Langhi, Marcus Haislip","Strickland, Jones, Przybilla, Langhi, Haislip",1065-1800-2038-2061-2409,MIL,315.0,1,5.0,8.0,12.0,13.0,1.0,25.0,2.0,,1.0,5.0,7.0,3.0,16.0,8.0,,,6.0,3.0,4.0,,9.0,,5.0,6.0,1.0,7.0,1.0,1.0,1.0,4.0,4.0,1.0,16.0,0.6,0.6,0.7142857142857143,0.65,0.6666666666666666,,,0.8333333333333334,0.8333333333333334,1.0,114.28571428571429,10.75,14.307692307692308,10.5,14.307692307692308,0.2,0.1,,,,0.54443,0.09090909090909091,0.125,,5.985714285714286,12.0,1.0,3.0,1.0,2.0,0.3,1.0,,0.1,0.7,24.866666666666664,7.0,3.0,4.0,1.0,1.0,2.0,1.0,2.0,3.0,3.0,7.0,4.0,,3.0,,,,,1.0,,7.0,7.0,0.6666666666666666,0.5,0.5833333333333334,,,,,0.25,,,,0.4,0.75,0.75,1.0,1.0,1.0,0.25,1.0,,0.5033625,0.4375,0.5833333333333334,,,1.0,1.0,,1.0,1.0,,1.0,,1.0,,,,,1.0,,,1.0,1.0,,2.0,1.0,1.0,2.0,,1.0,,,,0.2,0.25,,,,1.0,,,,1.0,,1.0,,3.0,1.0,1.0,1.0,1.0,0.3333333333333333,,0.3333333333333333,0.5,0.5,1.0,,0.5,,,1.0,,,,0.5,1.0,,,,,,,,,,,,,,,,,,,,,,,,,,,,,,,,,,,,,,,,,,,1610612749,2004,2003-04,False
1065-1800-2038-2072-2429,1610612749,"Erick Strickland, Damon Jones, Joel Przybilla, Michael Redd, Dan Gadzuric","Strickland, Jones, Przybilla, Redd, Gadzuric",1065-1800-2038-2072-2429,MIL,161.0,1,3.0,,6.0,5.0,,11.0,2.0,1.0,1.0,1.0,3.0,,5.0,5.0,,,,,1.0,,3.0,,,2.0,,2.0,,,2.0,3.0,,,5.0,,,0.3333333333333333,0.5,0.5,,,,,,98.38509316770187,17.333333333333332,11.4,17.333333333333332,11.0,0.4,0.2,1.0,1.0,,0.45285000000000003,,,,14.066666666666668,3.0,1.0,2.0,2.0,1.0,0.4,1.0,,0.2,0.4,25.0,,,,,,,,,,,,2.0,,,,,,,,,,,,,,,,,,,,,,,,,,,,,,,,,,1.0,1.0,1.0,,,,,1.0,,,,,,,,,,,,,,1.0,,,1.0,,,,,,0.2,,,,,,,,,1.0,,1.0,,3.0,1.0,1.0,1.0,1.0,0.5,,0.5,1.0,1.0,1.0,,1.0,,,,,,,,,,,,,,,,,,,,,,,,,,,,,,,,,,,,,,,,,,,,,,,,,,,1610612749,2004,2003-04,False
1065-1800-2038-2072-693,1610612749,"Erick Strickland, Damon Jones, Joel Przybilla, Michael Redd, Joe Smith","Strickland, Jones, Przybilla, Redd, Smith",1065-1800-2038-2072-693,MIL,18.0,1,,,1.0,1.0,,2.0,,,,,,,,,,,,,,,,,1.0,1.0,,1.0,,,,,,,,,,,,,,,1.0,1.0,1.0,160.0,8.0,10.0,8.0,10.0,,,,,,,,,,,,,,,,,,,,,,,,,,,,,,,,,,,,,,,,,,,,,,,,,,,,,,,,,,,,,,,,,,,,,1.0,,,,,,,,,,,,,,,1.0,1.0,,,,,,,,,,,,,,,,,,,,,,,,,,,,,,,,,,,,,,,,,,,,,,,,,,,,,,,,,,,,,,,,,,,,,,,,,,,,,,,,,,,,,,,,1610612749,2004,2003-04,False
1065-1800-2046-2061-2429,1610612749,"Erick Strickland, Damon Jones, Desmond Mason, Dan Langhi, Dan Gadzuric","Strickland, Jones, Mason, Langhi, Gadzuric",1065-1800-2046-2061-2429,MIL,564.0,1,9.0,-3.0,16.0,17.0,2.0,33.0,2.0,1.0,5.0,6.0,14.0,2.0,17.0,20.0,,2.0,6.0,3.0,4.0,1.0,9.0,,4.0,5.0,2.0,7.0,2.0,1.0,2.0,5.0,2.0,1.0,15.0,0.5,0.6,0.42857142857142855,0.4411764705882353,0.4722222222222222,0.5,,0.8,0.8333333333333334,,84.25531914893617,14.8125,19.235294117647058,14.75,19.11764705882353,0.11764705882352941,0.29411764705882354,0.2,0.2,1.0,0.5165764705882353,0.05555555555555555,0.06666666666666667,0.11764705882352941,6.964285714285714,4.0,1.0,3.0,,,0.17647058823529413,,1.0,0.058823529411764705,0.5882352941176471,24.900000000000002,,4.0,7.0,,,1.0,2.0,,,,,6.0,1.0,1.0,1.0,1.0,1.0,,,,,,,,,0.07142857142857142,0.14285714285714285,0.125,1.0,0.2,,0.75,1.0,0.4117647058823529,0.5714285714285714,0.6666666666666666,0.25,0.5,0.5,,,0.5374,,,,,,,2.0,1.0,2.0,1.0,,0.5,1.0,2.0,1.0,2.0,0.5,0.5,1.0,0.5,,,,,2.0,,,2.0,1.0,,1.0,,1.0,0.11764705882352941,,,,,,0.3333333333333333,,,,,1.0,,3.0,,1.0,,1.0,0.3333333333333333,,0.3333333333333333,,,,,,2.0,,1.0,,,,0.5,,,,,,,1.0,,0.5,,,,1.0,,1.0,1.0,1.0,1.0,,,,,,,,,,,,,,,,,,,,,,,,,,1610612749,2004,2003-04,False
1065-1800-2046-2072-389,1610612749,"Erick Strickland, Damon Jones, Desmond Mason, Michael Redd, Toni Kukoc","Strickland, Jones, Mason, Redd, Kukoc",1065-1800-2046-2072-389,MIL,285.0,1,5.0,-9.0,8.0,9.0,1.0,17.0,,,1.0,,1.0,2.0,8.0,17.0,,3.0,,,2.0,,6.0,,1.0,1.0,1.0,2.0,,,,4.0,2.0,,5.0,,,,0.5,0.5714285714285714,1.5,,0.5,0.5,1.0,85.89473684210526,22.125,12.0,20.875,12.0,,0.16666666666666666,,,,0.4911916666666667,,,0.375,14.5,3.0,2.0,5.0,,1.0,0.8333333333333334,,,0.3333333333333333,0.8333333333333334,24.72,7.0,,,,,,,,1.0,2.0,8.0,,,,,,,,1.0,,8.0,7.0,,0.75,0.8,,,,,0.25,,,,,,,,,,,,0.48855,0.4670125,1.0,0.875,2.0,1.0,2.0,,,,,1.0,,,,,,,1.5,,,,,,,3.0,3.0,3.0,3.0,,2.0,,,,0.5,0.75,,1.0,,,,,,2.0,2.0,2.0,2.0,6.0,2.0,2.0,2.0,1.0,0.4,0.6666666666666666,0.4,0.6666666666666666,0.6666666666666666,1.0,0.6666666666666666,0.6666666666666666,2.0,,1.0,,,,0.3333333333333333,0.5,,1.0,1.0,1.0,1.0,,1.0,,1.0,1.0,1.0,,,,,,,,,,,,,,,,,,,,,,,,,,,,,,,,1610612749,2004,2003-04,False
1065-1800-2046-2072-693,1610612749,"Erick Strickland, Damon Jones, Desmond Mason, Michael Redd, Joe Smith","Strickland, Jones, Mason, Redd, Smith",1065-1800-2046-2072-693,MIL,84.0,3,1.0,-2.0,4.0,5.0,,9.0,,,,,,2.0,2.0,4.0,,,,,,,,,,2.0,,2.0,1.0,1.0,,,4.0,,2.0,,,,,0.5,,,,0.6666666666666666,,154.2857142857143,11.75,7.4,11.75,7.2,,,,,,,,,,,3.0,,,,,,,,,,,4.0,,,,,,,,,2.0,2.0,,,,,2.0,,,2.0,,2.0,4.0,,,0.5,,,,0.6666666666666666,,,,0.5,,,,,,,,,,,1.0,1.0,,,,,,,,,,,,,,,,,,,,,,,,,,,,,,,,,,,,,,,1.0,,,,,,,,,,,,,,,,,,,,,,,,,,,,,,,,,,,,,,,,,,,,,,,,,,,,,,,,,,,,,,,,,,,,1610612749,2004,2003-04,False
1065-1800-2046-2091-2409,1610612749,"Erick Strickland, Damon Jones, Desmond Mason, Daniel Santiago, Marcus Haislip","Strickland, Jones, Mason, Santiago, Haislip",1065-1800-2046-2091-2409,MIL,27.0,1,,-2.0,2.0,1.0,,3.0,,,,,1.0,,,2.0,,,,,,,,,,,,,,,,1.0,,,,,,,,,,,,,,160.0,11.5,4.0,11.5,4.0,,,,,,0.5426,,,,,,,,,,,,,,1.0,,,,1.0,,,,,,,,,,1.0,,,,,,,,,,,,,1.0,1.0,,,,,,,1.0,,,,,,,,,,,,,,1.0,,,,,,,,,,,,,,,,1.0,,,,,,,,,,,,,,,,,1.0,,,,,,,,,,,,,,,,,,,,,,,,,,,,,,,,,,,,,,,,,,,,,,,,,,,,,,,,,,,,,,,,,,,,,,,1610612749,2004,2003-04,False
1065-1800-2046-2091-2429,1610612749,"Erick Strickland, Damon Jones, Desmond Mason, Daniel Santiago, Dan Gadzuric","Strickland, Jones, Mason, Santiago, Gadzuric",1065-1800-2046-2091-2429,MIL,89.0,1,1.0,3.0,3.0,2.0,,5.0,,,1.0,1.0,2.0,,5.0,2.0,,,2.0,1.0,2.0,,5.0,,,1.0,,1.0,,,1.0,1.0,,,5.0,1.0,1.0,0.5,0.8333333333333334,0.8333333333333334,,,,1.0,,80.89887640449437,19.333333333333332,15.5,19.333333333333332,15.5,,0.3333333333333333,,,,0.4374,,,,8.9,2.0,,1.0,,,0.3333333333333333,,,,0.6666666666666666,25.5,2.0,1.0,1.0,1.0,1.0,,,1.0,2.0,,2.0,,,1.0,,1.0,,,,,2.0,2.0,0.5,0.5,0.5,,,,1.0,,,,1.0,0.3333333333333333,1.0,1.0,1.0,,,0.5,1.0,,0.3876,0.4,0.6666666666666666,,,,,,,,,,,,,,,,,,,,,,1.0,,,1.0,,,,,,0.3333333333333333,,,,,,,,,1.0,,1.0,,3.0,1.0,1.0,1.0,1.0,1.0,,1.0,1.0,1.0,1.0,,1.0,,,,,,,,,,,,,,,,,,,,,,,,,,,,,,,,,,,,,,,,,,,,,,,,,,,1610612749,2004,2003-04,False
1065-1800-2046-2091-389,1610612749,"Erick Strickland, Damon Jones, Desmond Mason, Daniel Santiago, Toni Kukoc","Strickland, Jones, Mason, Santiago, Kukoc",1065-1800-2046-2091-389,MIL,1305.0,2,22.0,19.0,46.0,44.0,3.0,90.0,4.0,8.0,13.0,20.0,31.0,6.0,58.0,39.0,,4.0,30.0,15.0,19.0,6.0,42.0,,11.0,17.0,3.0,20.0,4.0,1.0,3.0,7.0,6.0,3.0,54.0,0.75,0.75,0.6451612903225806,0.65,0.6744186046511628,0.6666666666666666,,0.9166666666666666,0.7619047619047619,1.0,99.3103448275862,14.26086956521739,14.75,13.782608695652174,14.613636363636363,0.1,0.325,0.6153846153846154,0.6153846153846154,0.75,0.51394125,0.06976744186046512,0.08823529411764706,0.06896551724137931,9.629032258064516,,2.0,9.0,1.0,,0.225,1.0,0.75,0.05,0.575,25.177777777777777,8.0,9.0,14.0,3.0,5.0,3.0,3.0,4.0,6.0,,11.0,10.0,1.0,6.0,2.0,5.0,3.0,,,,11.0,8.0,0.6666666666666666,0.6111111111111112,0.6111111111111112,0.03225806451612903,0.07142857142857142,0.18181818181818182,0.5555555555555556,0.1875,1.0,1.0,0.5,0.35,0.6428571428571429,0.6923076923076923,0.6666666666666666,0.75,0.75,0.5555555555555556,0.6,0.49865,0.5965,0.1896551724137931,0.17391304347826086,,,5.0,2.0,1.0,2.0,1.0,,0.5,1.0,2.0,2.0,,0.6666666666666666,0.6666666666666666,0.6666666666666666,0.5,,5.0,,,7.0,2.0,3.0,7.0,3.0,,1.0,0.2,1.0,0.175,0.2222222222222222,1.0,,,3.0,,0.1111111111111111,0.6666666666666666,3.0,1.0,4.0,1.0,12.0,3.0,4.0,3.0,1.0,0.4444444444444444,0.3333333333333333,0.4444444444444444,0.42857142857142855,0.42857142857142855,1.0,0.5,0.42857142857142855,,1.0,1.0,1.0,,,0.2,,0.06666666666666667,,,,,,,0.25,,,,1.0,,1.0,0.5,0.5,1.0,,,,,,,1.0,1.0,,,,,,,,,,,,,,,,,,1610612749,2004,2003-04,False
1065-1800-2046-2091-693,1610612749,"Erick Strickland, Damon Jones, Desmond Mason, Daniel Santiago, Joe Smith","Strickland, Jones, Mason, Santiago, Smith",1065-1800-2046-2091-693,MIL,280.0,2,5.0,1.0,9.0,9.0,1.0,18.0,,,3.0,1.0,4.0,3.0,8.0,7.0,,,2.0,1.0,2.0,,5.0,,3.0,5.0,1.0,6.0,1.0,,,2.0,4.0,2.0,8.0,1.0,1.0,0.25,0.4166666666666667,0.5,,,1.0,1.0,1.0,92.57142857142857,17.22222222222222,13.88888888888889,15.88888888888889,13.88888888888889,,0.5,,,,0.4599583333333333,0.25,0.3333333333333333,,13.8,2.0,1.0,2.0,,1.0,0.3333333333333333,,1.0,0.16666666666666666,0.5,25.55,,1.0,1.0,,,,1.0,,,,,,,1.0,,2.0,1.0,,,,,,,,,,,,1.0,0.25,,,1.0,0.16666666666666666,1.0,1.0,1.0,,,,,,,,,1.0,,2.0,,,,,0.5,,,,,,,,,,1.0,1.0,,,1.0,,,1.0,,,,,,0.16666666666666666,,,1.0,,,,,,1.0,,1.0,,3.0,1.0,1.0,1.0,1.0,0.5,,0.5,1.0,1.0,1.0,,1.0,1.0,,1.0,,,,1.0,1.0,,,,,,,,,,,,,,,,,,,,,,,,,,,,,,,,,,,,,,,,,,,1610612749,2004,2003-04,False
1065-1800-2046-2409-2429,1610612749,"Erick Strickland, Damon Jones, Desmond Mason, Marcus Haislip, Dan Gadzuric","Strickland, Jones, Mason, Haislip, Gadzuric",1065-1800-2046-2409-2429,MIL,1306.0,6,22.0,-7.0,42.0,45.0,5.0,87.0,8.0,6.0,12.0,13.0,31.0,7.0,45.0,52.0,,6.0,14.0,7.0,11.0,3.0,26.0,,7.0,12.0,5.0,17.0,5.0,1.0,5.0,6.0,10.0,4.0,39.0,0.5384615384615384,0.6363636363636364,0.41935483870967744,0.48717948717948717,0.5113636363636364,0.5,,0.5384615384615384,0.6470588235294118,0.4,95.92649310872895,14.666666666666666,15.333333333333334,13.952380952380953,14.733333333333333,0.20512820512820512,0.3076923076923077,0.5,0.5,0.5,0.49522307692307693,0.09302325581395349,0.11428571428571428,0.13333333333333333,9.37741935483871,7.0,2.0,8.0,1.0,,0.20512820512820512,1.0,0.3333333333333333,0.05128205128205128,0.48717948717948717,24.9375,4.0,6.0,11.0,,1.0,1.0,5.0,1.0,2.0,1.0,6.0,12.0,,3.0,3.0,4.0,4.0,,1.0,,6.0,4.0,0.5,0.8333333333333334,0.75,,,0.16666666666666666,1.0,0.22727272727272727,0.14285714285714285,0.8,1.0,0.28205128205128205,0.5454545454545454,0.5454545454545454,0.5,0.125,0.125,0.3333333333333333,,0.5360875,0.51685,0.13333333333333333,0.09523809523809523,2.0,,3.0,1.0,,1.0,,0.6666666666666666,,3.0,4.0,3.0,4.0,0.6,0.5,0.6666666666666666,0.75,1.0,1.0,1.0,,6.0,1.0,1.0,6.0,1.0,,,0.16666666666666666,1.0,0.15384615384615385,0.3333333333333333,,2.0,,,0.2,,1.0,4.0,1.0,4.0,1.0,12.0,4.0,4.0,4.0,1.0,0.5,1.0,0.5,0.6666666666666666,0.6666666666666666,1.0,1.0,0.6666666666666666,,,2.0,1.0,,,0.5,,0.045454545454545456,,1.0,,1.0,,,1.0,0.16666666666666666,,,,,,,,,,,,,,,,,,,,,,,,,,,,,,,,,,1610612749,2004,2003-04,False
1065-1800-2046-2409-389,1610612749,"Erick Strickland, Damon Jones, Desmond Mason, Marcus Haislip, Toni Kukoc","Strickland, Jones, Mason, Haislip, Kukoc",1065-1800-2046-2409-389,MIL,239.0,1,4.0,-2.0,8.0,8.0,2.0,16.0,,1.0,3.0,2.0,5.0,,7.0,9.0,,2.0,2.0,1.0,2.0,1.0,5.0,,1.0,1.0,2.0,3.0,2.0,,2.0,2.0,,,5.0,0.5,1.0,0.4,0.5833333333333334,0.5833333333333334,1.0,,0.3333333333333333,0.25,,96.40167364016736,16.75,13.125,14.0,12.125,,0.5,0.3333333333333333,0.3333333333333333,1.0,0.4662833333333333,,,0.2857142857142857,10.879999999999999,,,1.0,,,0.16666666666666666,,0.5,,0.5,26.6,,1.0,2.0,,,,1.0,,,,,2.0,,,2.0,,2.0,,,,,,,,,,,0.6666666666666666,,0.6666666666666666,,,,0.3333333333333333,0.5,0.5,,,,,,0.5494,,,,4.0,,4.0,,,,,1.0,,1.0,1.0,1.0,2.0,1.0,1.0,1.0,1.0,,,,,1.0,,,1.0,,,,1.0,,0.16666666666666666,,,4.0,1.0,,,,,1.0,,1.0,,3.0,1.0,1.0,1.0,1.0,1.0,,1.0,1.0,1.0,1.0,,1.0,,,,,,,,,,,,,,,,,,,,,,,,,,,,,,,,,,,,,,,,,,,,,,,,,,,1610612749,2004,2003-04,False
1065-1800-2046-2409-693,1610612749,"Erick Strickland, Damon Jones, Desmond Mason, Marcus Haislip, Joe Smith","Strickland, Jones, Mason, Haislip, Smith",1065-1800-2046-2409-693,MIL,589.0,2,10.0,4.0,18.0,17.0,,35.0,1.0,1.0,7.0,6.0,14.0,6.0,18.0,14.0,,,10.0,5.0,5.0,1.0,10.0,,7.0,8.0,,8.0,1.0,1.0,1.0,1.0,7.0,3.0,18.0,0.8333333333333334,0.8333333333333334,0.42857142857142855,0.4,0.5,,,0.7777777777777778,0.6153846153846154,0.6666666666666666,85.56876061120543,15.944444444444445,17.764705882352942,15.944444444444445,16.41176470588235,0.06666666666666667,0.4666666666666667,0.14285714285714285,0.14285714285714285,1.0,0.49984,0.17647058823529413,0.1875,,9.635714285714286,,,1.0,,,0.06666666666666667,,1.0,,0.4666666666666667,25.3,4.0,4.0,6.0,,,1.0,,2.0,3.0,2.0,6.0,2.0,,3.0,,1.0,,,1.0,,6.0,4.0,0.6666666666666666,0.6666666666666666,0.75,,,,0.25,,,1.0,0.3333333333333333,0.4,0.6666666666666666,0.6666666666666666,0.75,1.0,1.0,,,,0.3737,0.3333333333333333,0.2222222222222222,,,,2.0,1.0,2.0,2.0,,1.0,,,,,,,,,,,,,1.0,,,1.0,1.0,,1.0,,1.0,0.06666666666666667,,,,,,,,,,,,,,,,,,,,,,,,,,,,,,,1.0,,,,,,,,,,,,,,,,,,,,,,,,,,,,,,,,,,,,,,,,,,,,,1610612749,2004,2003-04,False
1065-1800-2046-2429-2551,1610612749,"Erick Strickland, Damon Jones, Desmond Mason, Dan Gadzuric, T.J. Ford","Strickland, Jones, Mason, Gadzuric, Ford",1065-1800-2046-2429-2551,MIL,472.0,1,8.0,-1.0,14.0,14.0,2.0,28.0,4.0,,2.0,3.0,10.0,3.0,12.0,13.0,,,4.0,2.0,3.0,,7.0,,1.0,6.0,4.0,10.0,,,1.0,2.0,3.0,1.0,12.0,0.6666666666666666,0.6666666666666666,0.3,0.375,0.4230769230769231,,,0.5,0.8571428571428571,1.0,85.42372881355932,18.071428571428573,15.642857142857142,16.928571428571427,15.642857142857142,0.3333333333333333,0.16666666666666666,,,,0.45695833333333336,0.07692307692307693,0.09090909090909091,,6.9,3.0,,2.0,,,0.16666666666666666,,,,0.5,24.85,3.0,1.0,4.0,,1.0,2.0,2.0,,3.0,,,2.0,1.0,,4.0,5.0,,1.0,,,,3.0,,,,0.1,0.25,0.5714285714285714,1.0,0.5,1.0,,1.0,0.3333333333333333,0.25,0.3333333333333333,,0.5,0.5,0.3333333333333333,,0.4847,0.47069999999999995,,0.21428571428571427,5.0,2.0,5.0,,,,,1.0,,,1.0,,,,,0.5,,,,,,2.0,,,2.0,2.0,2.0,,0.5,1.0,0.16666666666666666,,,3.0,2.0,,0.3333333333333333,,1.0,1.0,,1.0,,3.0,1.0,1.0,1.0,1.0,0.5,,0.5,0.5,0.5,1.0,,0.5,,,,,,,,,,,,,,,,,,,,,,,,,,,,,,,,,,,,,,,,,,,,,,,,,,,1610612749,2004,2003-04,False
1065-1800-2046-2429-389,1610612749,"Erick Strickland, Damon Jones, Desmond Mason, Dan Gadzuric, Toni Kukoc","Strickland, Jones, Mason, Gadzuric, Kukoc",1065-1800-2046-2429-389,MIL,1627.0,8,27.0,2.0,48.0,46.0,7.0,94.0,7.0,8.0,14.0,13.0,31.0,9.0,47.0,45.0,,7.0,20.0,10.0,14.0,8.0,32.0,,12.0,19.0,7.0,26.0,2.0,,4.0,10.0,13.0,6.0,40.0,0.7692307692307693,0.7692307692307693,0.41935483870967744,0.4418604651162791,0.47959183673469385,0.5833333333333334,,0.631578947368421,0.6206896551724138,0.75,83.19606637984019,17.375,17.23913043478261,16.625,15.391304347826088,0.16279069767441862,0.32558139534883723,0.5714285714285714,0.5714285714285714,1.0,0.45721860465116276,0.125,0.16666666666666666,0.14893617021276595,9.887096774193548,9.0,2.0,12.0,1.0,,0.27906976744186046,1.0,0.6666666666666666,0.046511627906976744,0.5116279069767442,25.775000000000002,11.0,3.0,10.0,,5.0,2.0,4.0,1.0,9.0,2.0,4.0,6.0,6.0,1.0,7.0,6.0,2.0,,1.0,,4.0,11.0,0.1111111111111111,0.1,0.18181818181818182,0.1935483870967742,0.3,0.3888888888888889,0.6,0.2692307692307692,0.4,0.4,0.625,0.23255813953488372,0.3,0.42857142857142855,0.3333333333333333,0.2857142857142857,0.5,0.5,,0.4525416666666667,0.5043949999999999,0.0851063829787234,0.22916666666666666,4.0,1.0,6.0,2.0,1.0,2.0,1.0,0.6666666666666666,0.5,1.0,3.0,2.0,,0.5,0.5833333333333334,0.5,0.3333333333333333,1.0,2.0,,0.42857142857142855,10.0,1.0,1.0,10.0,1.0,2.0,1.0,0.5,0.5,0.23255813953488372,0.1,,3.0,1.0,1.0,0.2857142857142857,,0.5,4.0,,4.0,,12.0,4.0,4.0,4.0,1.0,0.3333333333333333,,0.3333333333333333,0.4,0.4,1.0,,0.4,1.0,,,1.0,,1.0,,,0.05,1.0,2.0,1.0,2.0,,0.5,,0.3333333333333333,0.5,1.0,,,,,,,,,,,,,1.0,,,,,,,,,,,,,,,,,,,1610612749,2004,2003-04,False
1065-1800-2046-2429-693,1610612749,"Erick Strickland, Damon Jones, Desmond Mason, Dan Gadzuric, Joe Smith","Strickland, Jones, Mason, Gadzuric, Smith",1065-1800-2046-2429-693,MIL,1172.0,7,20.0,11.0,40.0,42.0,7.0,82.0,8.0,1.0,6.0,16.0,32.0,7.0,51.0,40.0,,8.0,12.0,6.0,10.0,1.0,24.0,,9.0,14.0,9.0,23.0,3.0,1.0,5.0,10.0,9.0,2.0,43.0,0.375,0.46153846153846156,0.5,0.5365853658536586,0.5795454545454546,0.4444444444444444,,0.75,0.7368421052631579,0.6,100.75085324232082,13.475,15.071428571428571,12.65,14.5,0.1951219512195122,0.14634146341463414,0.16666666666666666,0.16666666666666666,1.0,0.5328731707317073,0.07142857142857142,0.0625,0.1568627450980392,5.26875,8.0,5.0,9.0,,,0.21951219512195122,,1.0,0.12195121951219512,0.6585365853658537,24.055555555555557,8.0,12.0,18.0,3.0,5.0,3.0,8.0,3.0,7.0,2.0,8.0,20.0,1.0,3.0,7.0,5.0,2.0,,2.0,,8.0,8.0,0.42857142857142855,0.3333333333333333,0.4,0.03125,,0.4375,0.7142857142857143,0.42857142857142855,0.2,0.75,0.8333333333333334,0.43902439024390244,0.6666666666666666,0.6666666666666666,0.25,0.375,0.42857142857142855,0.5555555555555556,0.6,0.53893125,0.5697166666666666,0.1568627450980392,0.2,4.0,2.0,6.0,2.0,,2.0,1.0,0.6666666666666666,0.5,4.0,7.0,4.0,6.0,0.5,0.4444444444444444,0.7777777777777778,0.5714285714285714,,2.0,1.0,0.125,4.0,1.0,2.0,4.0,2.0,1.0,1.0,0.2,0.6666666666666666,0.0975609756097561,0.1111111111111111,1.0,2.0,,1.0,0.8333333333333334,0.1111111111111111,,1.0,,4.0,,12.0,1.0,4.0,1.0,1.0,0.4444444444444444,,0.4444444444444444,0.25,0.25,1.0,,0.25,1.0,,2.0,3.0,,2.0,0.4,0.5,0.15,,1.0,,1.0,,,0.3333333333333333,0.1111111111111111,,,3.0,,3.0,0.6,0.6,1.0,,,,,,,,,1.0,0.1,,,,,,,,,,,,,,,,1610612749,2004,2003-04,False
1065-1800-2046-2551-693,1610612749,"Erick Strickland, Damon Jones, Desmond Mason, T.J. Ford, Joe Smith","Strickland, Jones, Mason, Ford, Smith",1065-1800-2046-2551-693,MIL,4.0,1,,-3.0,1.0,1.0,,2.0,,,,,,,,3.0,,,,,,,,,,,,,,,,,,,,,,,,,,,,,,720.0,1.0,3.0,1.0,3.0,,,,,,,,,,,1.0,,,,,,,,,,,1.0,,,,,,,,,,,,,,,,,,,,,1.0,,,,,,,,,,,,,,,,,,,,,,,1.0,,,,,,,,,,,,,,,,,,,,,,,,,,,,,,,,,,,,,,,,,,,,,,,,,,,,,,,,,,,,,,,,,,,,,,,,,,,,,,,,,,,,,,,,,,,,,,,,,,,,,,,,,,,1610612749,2004,2003-04,False
1065-1800-2046-389-693,1610612749,"Erick Strickland, Damon Jones, Desmond Mason, Toni Kukoc, Joe Smith","Strickland, Jones, Mason, Kukoc, Smith",1065-1800-2046-389-693,MIL,519.0,5,9.0,,18.0,19.0,3.0,37.0,2.0,,4.0,4.0,9.0,4.0,12.0,12.0,,,4.0,2.0,2.0,,4.0,1.0,6.0,8.0,3.0,11.0,1.0,,1.0,4.0,6.0,2.0,12.0,0.5,0.5,0.4444444444444444,0.4,0.46153846153846156,,1.0,0.8571428571428571,0.7777777777777778,1.0,102.65895953757224,13.722222222222221,14.31578947368421,12.722222222222221,13.68421052631579,0.2,0.4,,,,0.44854000000000005,0.16666666666666666,0.18181818181818182,,10.588888888888889,9.0,,1.0,1.0,1.0,0.1,1.0,1.0,,0.4,26.0,6.0,2.0,3.0,1.0,1.0,2.0,1.0,2.0,2.0,2.0,6.0,4.0,,,2.0,1.0,1.0,,1.0,,6.0,6.0,1.0,1.0,0.75,,,0.4,0.5,0.3333333333333333,,0.6666666666666666,0.5,0.3,0.6666666666666666,0.6666666666666666,,1.0,1.0,0.5,1.0,0.4058,0.41225,0.5,0.3333333333333333,4.0,1.0,8.0,1.0,1.0,1.0,1.0,0.5,1.0,,,,,,,,,2.0,4.0,,,1.0,,,1.0,2.0,3.0,,0.25,1.0,0.1,,,3.0,2.0,1.0,1.0,,,,,,,,,,,,,,,,,,,,1.0,,,1.0,,,,,0.16666666666666666,,,,,,,,,,,,,,,,,,,,,,,,,,,,,,,,,,,,,,,,,,1610612749,2004,2003-04,False
1065-1800-2061-2409-2429,1610612749,"Erick Strickland, Damon Jones, Dan Langhi, Marcus Haislip, Dan Gadzuric","Strickland, Jones, Langhi, Haislip, Gadzuric",1065-1800-2061-2409-2429,MIL,167.0,1,3.0,5.0,6.0,5.0,,11.0,,1.0,2.0,2.0,4.0,2.0,6.0,1.0,,,4.0,2.0,2.0,1.0,4.0,,2.0,2.0,,2.0,1.0,,1.0,1.0,2.0,1.0,6.0,1.0,1.0,0.5,0.5,0.6,,,1.0,1.0,1.0,94.8502994011976,14.333333333333334,16.2,14.333333333333334,16.2,,0.5,0.5,0.5,1.0,0.4565,0.2,0.2,,8.475,,,,,,,,,,0.5,,,1.0,2.0,,,,,,,,,,,1.0,,,1.0,,,,,,,,,,,,,,,,,0.5,0.5,0.5,1.0,,,,,,,,,1.0,,1.0,,,,,1.0,,,,,,,,,,,,,,,,,,,,,,,,,,1.0,,,,,,,,,,,,,,,,,,,,,,,,,,,,,,,,,,,,,,,,,,,,,,,,,,,,,,,,,,,,,,,,,,,,,,,,,1610612749,2004,2003-04,False
1065-1800-2061-2429-693,1610612749,"Erick Strickland, Damon Jones, Dan Langhi, Dan Gadzuric, Joe Smith","Strickland, Jones, Langhi, Gadzuric, Smith",1065-1800-2061-2429-693,MIL,70.0,1,1.0,1.0,2.0,2.0,,4.0,,1.0,1.0,1.0,1.0,2.0,4.0,3.0,,,2.0,1.0,1.0,1.0,2.0,,,,,,,,,,2.0,,4.0,1.0,1.0,1.0,1.0,1.0,,,,,,82.28571428571428,23.0,12.0,23.0,12.0,,1.0,1.0,1.0,1.0,0.3992,,,,20.6,,,,,,,,,,,,,,,,,,,,,,,,,,,,,,1.0,,,,,,,,,,,,,,,,,,,,,,,,,,,,,,,,,,,,,,,,,,,,,,,,,,,,,,,,,,,,,,,,,,,,,,,,,,,,,,,,,,,,,,,,,,,,,,,,,,,,,,,,,,,,,,,,,,,,,,,,,,,,,,,,,,,,,1610612749,2004,2003-04,False
1065-1800-2072-2091-2429,1610612749,"Erick Strickland, Damon Jones, Michael Redd, Daniel Santiago, Dan Gadzuric","Strickland, Jones, Redd, Santiago, Gadzuric",1065-1800-2072-2091-2429,MIL,129.0,1,2.0,-2.0,4.0,5.0,,9.0,,2.0,2.0,3.0,4.0,1.0,7.0,9.0,,,6.0,3.0,3.0,2.0,6.0,,,,,,1.0,,1.0,1.0,2.0,1.0,7.0,1.0,1.0,0.75,0.75,0.7,,,,,,100.46511627906978,16.5,12.6,16.5,12.4,,0.5,1.0,1.0,1.0,0.57395,0.2,0.2,,8.45,,,,,,,,,,0.5,,,1.0,2.0,,,,,,,,,,,1.0,,,1.0,,,,,,,,,,,,,,,,,0.5,0.5,0.5,1.0,,,,,,,,,,,,,,,,,,,,,,,,,,,,,,,,,,,,,,,,,,,,,,,,,,,,,,,,,,,,,,,,,,,,,,,,,,,,,,,,,,,,,,,,,,,,,,,,,,,,,,,,,,,,,,,,,,,1610612749,2004,2003-04,False
1065-1800-2072-2091-693,1610612749,"Erick Strickland, Damon Jones, Michael Redd, Daniel Santiago, Joe Smith","Strickland, Jones, Redd, Santiago, Smith",1065-1800-2072-2091-693,MIL,136.0,1,2.0,4.0,4.0,3.0,2.0,7.0,2.0,3.0,3.0,4.0,5.0,,8.0,4.0,,4.0,6.0,3.0,3.0,2.0,6.0,,,,1.0,1.0,,,,1.0,,,4.0,0.75,0.75,0.8,0.8,0.8,1.0,,,,,74.11764705882354,16.5,23.333333333333332,13.5,23.333333333333332,0.4,0.6,1.0,1.0,0.6666666666666666,0.40284000000000003,,,0.5,14.319999999999999,,,,,,,,,,,,4.0,,,,,1.0,2.0,4.0,5.0,,8.0,2.0,,,1.0,,,,,,8.0,4.0,0.8,0.8,0.8,,,1.0,,1.0,1.0,,,,,,,0.5,0.5,,,0.39865,0.40284000000000003,1.0,1.0,,,,,,,,,,,,2.0,,1.0,1.0,,,,,,,,,,,1.0,,,,1.0,,,,,,,,,,,,,,,,,,,,,,,,,,,,,,,,,,,,,,,,,,,,,,,,,,,,,,,,,,,,,,,,,,,,,,,,,,,,,1610612749,2004,2003-04,False
1065-1800-2072-2409-2429,1610612749,"Erick Strickland, Damon Jones, Michael Redd, Marcus Haislip, Dan Gadzuric","Strickland, Jones, Redd, Haislip, Gadzuric",1065-1800-2072-2409-2429,MIL,1006.0,5,17.0,-6.0,35.0,34.0,8.0,69.0,11.0,,7.0,9.0,28.0,4.0,28.0,34.0,,8.0,4.0,2.0,4.0,,10.0,,9.0,11.0,10.0,21.0,3.0,1.0,5.0,10.0,5.0,2.0,20.0,0.2222222222222222,0.3333333333333333,0.32142857142857145,0.34285714285714286,0.36486486486486486,0.5714285714285714,,0.6,0.625,0.42857142857142855,98.76739562624255,14.714285714285714,14.441176470588236,13.942857142857143,13.352941176470589,0.3142857142857143,0.2,,,,0.48339,0.05405405405405406,0.06666666666666667,0.2857142857142857,8.242857142857144,3.0,1.0,7.0,1.0,,0.2,1.0,0.6666666666666666,0.02857142857142857,0.4857142857142857,24.571428571428573,4.0,6.0,10.0,,,3.0,6.0,1.0,2.0,1.0,6.0,14.0,2.0,1.0,8.0,1.0,2.0,1.0,,,6.0,4.0,0.5,0.8333333333333334,0.75,0.07142857142857142,0.2,0.42105263157894735,1.0,0.4166666666666667,0.25,1.0,1.0,0.2857142857142857,0.6,0.75,0.16666666666666666,0.2727272727272727,0.2727272727272727,,,0.5166833333333333,0.44661666666666666,0.21428571428571427,0.11428571428571428,3.0,2.0,7.0,5.0,4.0,5.0,3.0,0.42857142857142855,0.6,4.0,6.0,4.0,6.0,0.6666666666666666,0.5714285714285714,0.8571428571428571,0.6666666666666666,1.0,4.0,1.0,,6.0,1.0,1.0,6.0,1.0,,,0.42857142857142855,0.3333333333333333,0.17142857142857143,0.3333333333333333,,1.0,2.0,1.0,0.75,,,2.0,1.0,2.0,1.0,6.0,2.0,2.0,2.0,1.0,0.2857142857142857,1.0,0.2857142857142857,0.3333333333333333,0.3333333333333333,1.0,1.0,0.3333333333333333,,,2.0,,1.0,,0.4,1.0,,,1.0,,1.0,,,0.25,0.14285714285714285,,,,,,,,,,,,,,,,,,,1.0,,,,,,,,,,,,,,,1610612749,2004,2003-04,False
1065-1800-2072-2409-693,1610612749,"Erick Strickland, Damon Jones, Michael Redd, Marcus Haislip, Joe Smith","Strickland, Jones, Redd, Haislip, Smith",1065-1800-2072-2409-693,MIL,147.0,1,2.0,-1.0,5.0,4.0,,9.0,,2.0,2.0,2.0,2.0,1.0,5.0,6.0,,,2.0,1.0,1.0,1.0,2.0,,,,,,,,,1.0,2.0,1.0,5.0,0.5,0.5,1.0,0.5,0.5,,,,,,88.16326530612244,17.6,14.75,17.6,14.75,,0.5,1.0,1.0,0.5,0.447225,0.2,0.3333333333333333,,17.6,4.0,2.0,2.0,,1.0,0.5,,,0.5,0.5,22.8,2.0,,,,,,,,,,,2.0,,,,,,,,,,2.0,,,,,,,,,,,,,,,,,,,,,0.51075,,0.4,,,,,,,,,,,,,,,,,,,,,,,,2.0,,,,,,,,,2.0,,,,,1.0,,,,,,,,,,,,,,,,,,,,,,,,,,,,,,,,,,,,,,,,,,,,,,,,,,,,,,,,,,,,,,,,,,,,,1610612749,2004,2003-04,False
1065-1800-2072-2429-389,1610612749,"Erick Strickland, Damon Jones, Michael Redd, Dan Gadzuric, Toni Kukoc","Strickland, Jones, Redd, Gadzuric, Kukoc",1065-1800-2072-2429-389,MIL,882.0,5,15.0,-3.0,28.0,31.0,2.0,59.0,8.0,3.0,5.0,9.0,18.0,6.0,27.0,30.0,,,12.0,6.0,7.0,2.0,15.0,,11.0,12.0,2.0,14.0,2.0,,1.0,4.0,11.0,4.0,27.0,0.6666666666666666,0.6666666666666666,0.5,0.45652173913043476,0.48214285714285715,,,0.6470588235294118,0.5789473684210527,0.8333333333333334,96.32653061224491,14.0,15.806451612903226,13.285714285714286,14.32258064516129,0.34782608695652173,0.21739130434782608,0.6,0.6,0.6666666666666666,0.48565434782608696,0.15384615384615385,0.19047619047619047,,8.683333333333334,11.0,3.0,5.0,1.0,,0.21739130434782608,1.0,0.6666666666666666,0.13043478260869565,0.43478260869565216,24.34,9.0,3.0,5.0,2.0,3.0,3.0,,3.0,5.0,3.0,9.0,6.0,,2.0,1.0,,2.0,,2.0,,9.0,9.0,0.6,0.42857142857142855,0.45,,,0.1111111111111111,,0.15384615384615385,,0.4,,0.21739130434782608,0.6,0.6,0.6666666666666666,0.375,0.375,0.42857142857142855,0.6666666666666666,0.56295,0.5579357142857143,0.3333333333333333,0.32142857142857145,1.0,,2.0,4.0,2.0,4.0,3.0,0.5,0.75,,,,,,,,,1.0,1.0,1.0,,2.0,1.0,2.0,2.0,2.0,,1.0,,0.6666666666666666,0.08695652173913043,0.14285714285714285,1.0,1.0,1.0,,0.5,0.14285714285714285,,,,1.0,,3.0,,1.0,,1.0,0.2,,0.2,,,,,,1.0,,1.0,,,1.0,0.25,0.5,,,,,1.0,,,,,,,1.0,,1.0,0.3333333333333333,0.3333333333333333,1.0,,1.0,,,1.0,,,,,,,,,,,,,,,,,,,,,1610612749,2004,2003-04,False
1065-1800-2072-2429-693,1610612749,"Erick Strickland, Damon Jones, Michael Redd, Dan Gadzuric, Joe Smith","Strickland, Jones, Redd, Gadzuric, Smith",1065-1800-2072-2429-693,MIL,1392.0,7,23.0,-9.0,44.0,46.0,6.0,90.0,9.0,4.0,10.0,16.0,28.0,7.0,48.0,57.0,,8.0,20.0,10.0,13.0,2.0,29.0,,11.0,14.0,5.0,19.0,3.0,1.0,7.0,11.0,8.0,3.0,40.0,0.625,0.625,0.5714285714285714,0.5256410256410257,0.5595238095238095,1.0,,0.5238095238095238,0.52,0.6666666666666666,93.10344827586208,14.590909090909092,16.304347826086957,13.795454545454545,14.347826086956522,0.23076923076923078,0.2564102564102564,0.4,0.4444444444444444,0.5,0.48656410256410254,0.07317073170731707,0.1,0.16666666666666666,9.517857142857142,33.0,3.0,11.0,1.0,2.0,0.28205128205128205,0.5,0.2857142857142857,0.07692307692307693,0.5128205128205128,24.627272727272725,13.0,7.0,9.0,1.0,1.0,5.0,2.0,5.0,8.0,3.0,16.0,12.0,2.0,5.0,3.0,2.0,2.0,1.0,1.0,,16.0,13.0,0.625,0.5909090909090909,0.6666666666666666,0.07142857142857142,0.1111111111111111,0.2727272727272727,0.5,0.2631578947368421,0.25,0.6,,0.23076923076923078,0.7777777777777778,0.875,0.7142857142857143,0.5555555555555556,0.5555555555555556,0.09090909090909091,1.0,0.4832125,0.40683636363636366,0.3333333333333333,0.29545454545454547,3.0,2.0,5.0,5.0,4.0,5.0,2.0,0.6,0.4,,,1.0,,0.5,1.0,,,1.0,2.0,,,8.0,3.0,3.0,8.0,3.0,1.0,1.0,0.4,0.6,0.20512820512820512,0.2727272727272727,,1.0,1.0,,,,1.0,3.0,1.0,3.0,1.0,9.0,3.0,3.0,3.0,1.0,0.2727272727272727,0.3333333333333333,0.2727272727272727,0.375,0.375,1.0,0.3333333333333333,0.375,3.0,,2.0,,,1.0,0.25,0.6666666666666666,,2.0,2.0,2.0,2.0,1.0,1.0,,0.5,1.0,1.0,,,,,,,,,,,,,,,,,,0.1,,,,,,,,,,,,,,1610612749,2004,2003-04,False
1065-1800-2072-389-693,1610612749,"Erick Strickland, Damon Jones, Michael Redd, Toni Kukoc, Joe Smith","Strickland, Jones, Redd, Kukoc, Smith",1065-1800-2072-389-693,MIL,417.0,1,7.0,8.0,14.0,13.0,1.0,27.0,4.0,,1.0,4.0,7.0,9.0,23.0,15.0,,2.0,6.0,3.0,5.0,,12.0,,2.0,5.0,1.0,6.0,,,3.0,3.0,9.0,2.0,21.0,0.75,0.75,0.5714285714285714,0.6363636363636364,0.7666666666666667,1.0,,0.6666666666666666,0.8,0.5,93.23741007194245,15.142857142857142,15.76923076923077,15.0,15.23076923076923,0.36363636363636365,0.09090909090909091,,,,0.4560681818181818,0.16666666666666666,0.25,0.08695652173913043,9.228571428571428,2.0,2.0,4.0,1.0,,0.36363636363636365,1.0,,0.18181818181818182,0.5454545454545454,25.025,4.0,1.0,2.0,,,3.0,1.0,,1.0,6.0,6.0,2.0,1.0,1.0,,2.0,,,3.0,,6.0,4.0,,,0.75,0.14285714285714285,0.5,,1.0,0.2,,1.0,1.0,0.18181818181818182,0.5,1.0,1.0,0.75,0.75,,,,0.3492,0.2608695652173913,0.2857142857142857,,,,,,,,,,,,1.0,,1.0,1.0,,,,,,,2.0,,,2.0,2.0,,,,0.6666666666666666,0.18181818181818182,,,,,,,,,1.0,,2.0,,6.0,1.0,2.0,1.0,1.0,0.5,,0.5,0.5,0.5,1.0,,0.5,,,1.0,,,1.0,0.5,,,,,,,,,1.0,,,,1.0,,1.0,0.5,0.5,1.0,,,,,,,,,,,,,,,,,,,,,,,,,,1610612749,2004,2003-04,False
1065-1800-2091-2409-2429,1610612749,"Erick Strickland, Damon Jones, Daniel Santiago, Marcus Haislip, Dan Gadzuric","Strickland, Jones, Santiago, Haislip, Gadzuric",1065-1800-2091-2409-2429,MIL,853.0,2,14.0,-7.0,32.0,31.0,3.0,63.0,7.0,,5.0,7.0,18.0,1.0,27.0,34.0,1.0,3.0,12.0,6.0,10.0,,24.0,,9.0,11.0,2.0,13.0,2.0,,3.0,7.0,2.0,1.0,24.0,0.8571428571428571,0.8571428571428571,0.3888888888888889,0.5,0.5,0.5,,0.8181818181818182,0.8333333333333334,0.6666666666666666,106.35404454865181,14.8125,12.225806451612904,14.53125,11.96774193548387,0.2692307692307692,0.19230769230769232,,,,0.4632076923076923,0.037037037037037035,0.05263157894736842,0.1111111111111111,9.683333333333334,15.0,2.0,8.0,1.0,2.0,0.3076923076923077,1.0,0.875,0.07692307692307693,0.5384615384615384,25.3,7.0,4.0,6.0,1.0,1.0,3.0,2.0,1.0,2.0,,5.0,2.0,,4.0,,1.0,2.0,,,,5.0,7.0,0.5,0.5,0.5,,,,1.0,0.13333333333333333,,,1.0,0.23076923076923078,0.6666666666666666,0.6666666666666666,1.0,0.42857142857142855,0.42857142857142855,0.2,1.0,0.3883,0.47785,0.18518518518518517,0.21875,5.0,2.0,6.0,5.0,4.0,5.0,3.0,0.8333333333333334,0.6,,1.0,1.0,,0.5,0.5,0.5,,,1.0,1.0,,6.0,2.0,3.0,6.0,2.0,1.0,,,0.6666666666666666,0.23076923076923078,0.4,1.0,3.0,,,,0.2,,4.0,1.0,4.0,1.0,12.0,4.0,4.0,4.0,1.0,0.5,0.3333333333333333,0.5,0.6666666666666666,0.6666666666666666,1.0,0.5,0.6666666666666666,1.0,1.0,2.0,,,,0.5,0.5,,,,,,,,0.5,,,,,,,,,,,,,,,,,,,,,,,,,,,,,,,,,,,1610612749,2004,2003-04,False
1065-1800-2409-2429-389,1610612749,"Erick Strickland, Damon Jones, Marcus Haislip, Dan Gadzuric, Toni Kukoc","Strickland, Jones, Haislip, Gadzuric, Kukoc",1065-1800-2409-2429-389,MIL,77.0,1,1.0,1.0,2.0,2.0,,4.0,,1.0,1.0,2.0,2.0,,4.0,3.0,,,4.0,2.0,2.0,1.0,4.0,,,,,,,,,,,,4.0,1.0,1.0,1.0,1.0,1.0,,,,,,74.8051948051948,15.0,23.5,15.0,22.0,,0.5,1.0,1.0,1.0,0.4674,,,,9.75,,,,,,,,,,0.5,,,1.0,1.0,,,,,,,,,,,1.0,,,,,,,,,,,,,,,,,,,,0.5,1.0,1.0,1.0,,,,,,,,,,,,,,,,,,,,,,,,,,,,,,,,,,,,,,,,,,,,,,,,,,,,,,,,,,,,,,,,,,,,,,,,,,,,,,,,,,,,,,,,,,,,,,,,,,,,,,,,,,,,,,,,,,,1610612749,2004,2003-04,False
1065-2046-2072-2091-389,1610612749,"Erick Strickland, Desmond Mason, Michael Redd, Daniel Santiago, Toni Kukoc","Strickland, Mason, Redd, Santiago, Kukoc",1065-2046-2072-2091-389,MIL,548.0,1,9.0,3.0,17.0,17.0,1.0,34.0,,3.0,10.0,5.0,12.0,7.0,20.0,17.0,,2.0,6.0,3.0,4.0,2.0,9.0,,5.0,7.0,2.0,9.0,,,4.0,4.0,7.0,3.0,18.0,0.6,0.75,0.4166666666666667,0.43333333333333335,0.5277777777777778,0.5,,0.8333333333333334,0.75,0.6666666666666666,89.34306569343066,15.705882352941176,16.529411764705884,14.941176470588236,16.529411764705884,,0.6666666666666666,0.3,0.3,0.6666666666666666,0.43446666666666667,0.16666666666666666,0.2,0.1,15.575000000000001,8.0,1.0,3.0,1.0,,0.2,1.0,1.0,0.06666666666666667,0.3333333333333333,25.3,1.0,2.0,2.0,1.0,1.0,,2.0,1.0,2.0,,2.0,4.0,,1.0,2.0,1.0,,1.0,,,2.0,1.0,0.5,0.5,0.5,,,0.2857142857142857,0.5,0.2222222222222222,,,,0.13333333333333333,1.0,1.0,0.5,,,0.5,1.0,0.3543,0.3543,0.1,0.058823529411764705,1.0,,1.0,1.0,1.0,1.0,1.0,1.0,1.0,1.0,1.0,1.0,2.0,0.5,0.5,0.5,1.0,,,,,2.0,,,2.0,,,,0.2857142857142857,,0.13333333333333333,,,1.0,,,,,1.0,,,1.0,,3.0,,1.0,,1.0,0.3333333333333333,,0.3333333333333333,,,,,,,,,,,,,,,,,,,,,,,,,1.0,,1.0,1.0,1.0,1.0,,,,,,,,,,,,,,,,,,,,,,,,,,1610612749,2004,2003-04,False
1065-2046-2072-2409-693,1610612749,"Erick Strickland, Desmond Mason, Michael Redd, Marcus Haislip, Joe Smith","Strickland, Mason, Redd, Haislip, Smith",1065-2046-2072-2409-693,MIL,95.0,1,2.0,-3.0,3.0,3.0,,6.0,,,2.0,1.0,3.0,,2.0,5.0,,,2.0,1.0,1.0,,2.0,,1.0,1.0,,1.0,,,,,,,2.0,1.0,1.0,0.3333333333333333,0.3333333333333333,0.3333333333333333,,,1.0,0.5,,90.94736842105263,19.666666666666668,12.0,19.666666666666668,12.0,,0.6666666666666666,,,,0.44006666666666666,,,,10.933333333333332,3.0,,,,,,,1.0,,0.3333333333333333,,,1.0,1.0,,,,,,,,,,,1.0,,,,,,,,,,,,,,,,,,,,0.3333333333333333,1.0,1.0,1.0,,,,,,,,,,,,,,,,,,,,,,,,,,,,,,,,,,,,,,,,,,,,,,,,,,,,,,,,,,,,,,,,,,,,,,,,,,,,,,,,,,,,,,,,,,,,,,,,,,,,,,,,,,,,,,,,,,,1610612749,2004,2003-04,False
1065-2046-2072-2429-389,1610612749,"Erick Strickland, Desmond Mason, Michael Redd, Dan Gadzuric, Toni Kukoc","Strickland, Mason, Redd, Gadzuric, Kukoc",1065-2046-2072-2429-389,MIL,689.0,3,11.0,,22.0,23.0,4.0,45.0,3.0,1.0,3.0,6.0,13.0,4.0,22.0,22.0,,2.0,10.0,5.0,7.0,1.0,16.0,,3.0,6.0,5.0,11.0,,,2.0,7.0,5.0,2.0,20.0,0.8333333333333334,0.8333333333333334,0.46153846153846156,0.5,0.55,0.3333333333333333,,0.3,0.42857142857142855,0.16666666666666666,94.04934687953556,15.181818181818182,15.434782608695652,14.272727272727273,14.217391304347826,0.16666666666666666,0.16666666666666666,0.3333333333333333,0.3333333333333333,1.0,0.4914777777777778,0.10526315789473684,0.14285714285714285,0.09090909090909091,5.323076923076924,6.0,2.0,5.0,,1.0,0.2777777777777778,,,0.1111111111111111,0.6666666666666666,25.7,6.0,3.0,7.0,,1.0,2.0,3.0,1.0,5.0,2.0,4.0,2.0,1.0,2.0,4.0,3.0,,,1.0,,4.0,6.0,0.2,0.2,0.3333333333333333,0.07692307692307693,0.14285714285714285,0.5714285714285714,0.75,0.5,,0.6666666666666666,0.6666666666666666,0.3888888888888889,0.42857142857142855,0.5,0.6666666666666666,0.6666666666666666,0.6666666666666666,0.2,,0.5138,0.42552,0.18181818181818182,0.2727272727272727,3.0,,7.0,,,,,0.42857142857142855,,,2.0,1.0,,0.3333333333333333,0.3333333333333333,0.6666666666666666,,1.0,4.0,,,3.0,,,3.0,2.0,3.0,,1.0,1.0,0.16666666666666666,,,3.0,2.0,1.0,0.5,,1.0,1.0,,2.0,,6.0,1.0,2.0,1.0,1.0,0.4,,0.4,0.3333333333333333,0.3333333333333333,1.0,,0.3333333333333333,2.0,,1.0,,,1.0,0.3333333333333333,,,,,,,,,0.5,,,,1.0,,1.0,0.5,0.5,1.0,,,,,,,,,,,1.0,,,,,,,,,,,,,,,1610612749,2004,2003-04,False
1065-2046-2072-2551-389,1610612749,"Erick Strickland, Desmond Mason, Michael Redd, T.J. Ford, Toni Kukoc","Strickland, Mason, Redd, Ford, Kukoc",1065-2046-2072-2551-389,MIL,23.0,1,,,4.0,4.0,,8.0,,,,1.0,1.0,2.0,4.0,4.0,,,2.0,1.0,1.0,,2.0,,,1.0,,1.0,,,,3.0,4.0,2.0,4.0,1.0,1.0,1.0,0.5,0.5,,,,,,500.86956521739125,3.5,2.25,3.5,2.25,,,,,,0.5715,0.5,0.6666666666666666,,,4.0,,1.0,1.0,3.0,0.5,1.0,,,1.0,28.1,4.0,1.0,1.0,1.0,1.0,,,1.0,1.0,2.0,4.0,,,1.0,,,,,,,4.0,4.0,1.0,0.5,0.5,,,,,,,,,0.5,1.0,1.0,1.0,,,0.5,1.0,,0.5715,1.0,1.0,,,,,,,,,,,,,,,,,,,,,,1.0,1.0,1.0,1.0,,,,,,0.5,0.5,,,,,,,,,,,,,,,,,,,,,,,,,,,,,,,,,,,,,,,,,,,,,,,,,,,,,,,,,,,,,,,,,,,,,,,,,,,1610612749,2004,2003-04,False
1065-2046-2072-389-693,1610612749,"Erick Strickland, Desmond Mason, Michael Redd, Toni Kukoc, Joe Smith","Strickland, Mason, Redd, Kukoc, Smith",1065-2046-2072-389-693,MIL,338.0,2,6.0,-2.0,11.0,13.0,1.0,24.0,1.0,1.0,2.0,3.0,7.0,3.0,15.0,17.0,,2.0,2.0,1.0,2.0,,5.0,,1.0,3.0,1.0,4.0,,,1.0,4.0,4.0,1.0,13.0,0.3333333333333333,0.5,0.42857142857142855,0.6666666666666666,0.6818181818181818,1.0,,0.25,0.375,0.3333333333333333,102.24852071005917,12.0,15.846153846153847,12.0,12.846153846153847,0.1111111111111111,0.2222222222222222,0.5,0.5,,0.45516666666666666,0.1,0.125,0.13333333333333333,6.914285714285714,13.0,,2.0,,3.0,0.2222222222222222,,,,0.6666666666666666,24.45,6.0,2.0,4.0,,,,1.0,1.0,2.0,2.0,10.0,4.0,1.0,1.0,1.0,2.0,,,1.0,,10.0,6.0,0.5,1.0,1.0,0.14285714285714285,0.25,0.25,0.5,0.25,,,0.3333333333333333,0.4444444444444444,0.5,0.6666666666666666,0.5,,,,,0.4581,0.40965,0.6666666666666666,0.5454545454545454,1.0,,1.0,,,,,1.0,,1.0,1.0,1.0,2.0,1.0,1.0,1.0,1.0,,,,,2.0,2.0,2.0,2.0,,1.0,,,,0.2222222222222222,0.5,,1.0,,,0.5,,1.0,2.0,2.0,2.0,2.0,3.0,2.0,1.0,1.0,0.5,1.0,1.0,1.0,1.0,1.0,0.5,1.0,1.0,,,,,,,,,,,,,,,,,,,,,,,,,,,,,,,,,,,,,,3.0,,,,,,,,,,,,,1610612749,2004,2003-04,False
1065-2046-2091-2409-2551,1610612749,"Erick Strickland, Desmond Mason, Daniel Santiago, Marcus Haislip, T.J. Ford","Strickland, Mason, Santiago, Haislip, Ford",1065-2046-2091-2409-2551,MIL,260.0,1,4.0,9.0,8.0,8.0,,16.0,2.0,,1.0,4.0,5.0,2.0,13.0,4.0,,,4.0,2.0,3.0,,7.0,,1.0,3.0,,3.0,,,2.0,2.0,2.0,,13.0,0.5,0.5,0.8,0.9166666666666666,0.9285714285714286,,,0.3333333333333333,0.5,,88.61538461538463,13.25,19.25,13.25,18.375,0.3333333333333333,0.16666666666666666,,,,0.5185666666666667,,,,6.659999999999999,8.0,,1.0,1.0,,0.16666666666666666,1.0,,,0.5,25.8,8.0,2.0,2.0,2.0,2.0,2.0,,4.0,5.0,2.0,13.0,4.0,,1.0,,1.0,,,1.0,,13.0,8.0,0.8,0.9166666666666666,0.9285714285714286,,,,1.0,,,0.5,1.0,0.3333333333333333,1.0,1.0,0.5,1.0,1.0,0.3333333333333333,1.0,,0.5185666666666667,1.0,1.0,,,1.0,,,,,,,,,,,,,,,,1.0,,,1.0,1.0,1.0,1.0,1.0,1.0,,,0.5,0.16666666666666666,0.16666666666666666,,,,,,,,1.0,1.0,1.0,1.0,3.0,1.0,1.0,1.0,1.0,1.0,1.0,1.0,1.0,1.0,1.0,1.0,1.0,,,,,,,,,,,,,,,,,,,,,,,,,,,,,,,,,1.0,,,,,,,,,,,,,,,,,,1610612749,2004,2003-04,False
1065-2046-2091-2409-389,1610612749,"Erick Strickland, Desmond Mason, Daniel Santiago, Marcus Haislip, Toni Kukoc","Strickland, Mason, Santiago, Haislip, Kukoc",1065-2046-2091-2409-389,MIL,236.0,1,4.0,4.0,7.0,7.0,1.0,14.0,2.0,2.0,3.0,3.0,6.0,2.0,8.0,4.0,,,4.0,2.0,2.0,1.0,4.0,,2.0,3.0,1.0,4.0,1.0,,,,3.0,2.0,8.0,0.6666666666666666,0.6666666666666666,0.5,0.42857142857142855,0.5,,,0.5,0.42857142857142855,0.5,85.42372881355932,15.857142857142858,17.857142857142858,14.571428571428571,14.285714285714286,0.2857142857142857,0.42857142857142855,0.6666666666666666,0.6666666666666666,0.5,0.44020714285714285,0.25,0.2857142857142857,,10.85,,,1.0,,,0.14285714285714285,,,,0.2857142857142857,24.5,,1.0,1.0,,,,1.0,,,,,2.0,,1.0,,1.0,1.0,,,,,,,,,,,,0.3333333333333333,0.25,,1.0,0.3333333333333333,0.14285714285714285,1.0,1.0,1.0,,,,,0.3679,,,,,,,,,,,,,,,,,,,,,,,,,1.0,,,1.0,,,,,,0.14285714285714285,,,,,,,,,,,,,,,,,,,,,,,,,,,,1.0,,,1.0,1.0,,,,,,,,,1.0,,,,,,,,,,,,,,,,,,,,,,,,,,,,,,,,,,,1610612749,2004,2003-04,False
1065-2046-2091-2551-693,1610612749,"Erick Strickland, Desmond Mason, Daniel Santiago, T.J. Ford, Joe Smith","Strickland, Mason, Santiago, Ford, Smith",1065-2046-2091-2551-693,MIL,198.0,3,3.0,2.0,6.0,8.0,,14.0,,,,2.0,2.0,2.0,9.0,7.0,,,,,1.0,,3.0,,1.0,2.0,,2.0,1.0,1.0,,,4.0,2.0,9.0,,,1.0,0.875,0.75,,,1.0,0.6666666666666666,,101.81818181818183,14.333333333333334,14.0,14.333333333333334,13.75,,,,,,0.546425,0.3333333333333333,0.5,,,2.0,,2.0,,,0.5,,,,1.0,25.9,2.0,2.0,2.0,,,,,,,,3.0,4.0,,,,1.0,,,,,3.0,2.0,,1.5,0.75,,,,0.5,,,1.0,1.0,0.5,1.0,1.0,,,,,,,0.58785,0.3333333333333333,0.3333333333333333,1.0,1.0,1.0,,,,,1.0,,,,,,,,,,,,,,2.0,1.0,1.0,2.0,,1.0,,,,0.5,1.0,,,,,,,,1.0,1.0,1.0,1.0,3.0,1.0,1.0,1.0,1.0,0.5,1.0,0.5,0.5,0.5,1.0,1.0,0.5,,,,,,,,,,,,,,,,,,,,,,,,,,,,,,,,,,,,,,,,,,,,,,,,,,,1610612749,2004,2003-04,False
1065-2046-2409-2429-389,1610612749,"Erick Strickland, Desmond Mason, Marcus Haislip, Dan Gadzuric, Toni Kukoc","Strickland, Mason, Haislip, Gadzuric, Kukoc",1065-2046-2409-2429-389,MIL,467.0,3,8.0,14.0,17.0,14.0,1.0,31.0,1.0,3.0,4.0,7.0,12.0,3.0,23.0,9.0,1.0,1.0,10.0,5.0,7.0,3.0,16.0,1.0,7.0,8.0,4.0,12.0,2.0,1.0,,2.0,7.0,4.0,22.0,0.7142857142857143,0.7142857142857143,0.5833333333333334,0.625,0.6052631578947368,0.16666666666666666,0.5,0.875,0.8888888888888888,1.0,95.58886509635974,13.470588235294118,17.0,13.117647058823529,16.642857142857142,0.0625,0.25,0.75,0.75,1.0,0.517725,0.21052631578947367,0.26666666666666666,0.043478260869565216,6.25,,1.0,4.0,,,0.25,,1.0,0.0625,0.6875,25.325,2.0,3.0,7.0,2.0,2.0,1.0,1.0,2.0,2.0,,4.0,4.0,3.0,2.0,2.0,1.0,1.0,,,,4.0,2.0,1.0,1.0,1.0,0.25,0.42857142857142855,0.4,1.0,0.42857142857142855,,,1.0,0.4375,0.42857142857142855,0.75,0.6666666666666666,1.0,1.0,1.0,1.0,0.59085,0.5198,0.17391304347826086,0.11764705882352941,1.0,1.0,2.0,1.0,1.0,1.0,1.0,0.5,1.0,,1.0,,,,,0.5,,,1.0,,,3.0,,,3.0,,,,,,0.1875,,,,,,0.5,,,2.0,,2.0,,6.0,2.0,2.0,2.0,1.0,0.5,,0.5,0.6666666666666666,0.6666666666666666,1.0,,0.6666666666666666,,,1.0,,,1.0,0.5,1.0,,,,,1.0,,,,,,,,,,,,,,1.0,,,0.5,,,,,,,,,,,,,,,,,,,,,1610612749,2004,2003-04,False
1065-2046-2409-2551-389,1610612749,"Erick Strickland, Desmond Mason, Marcus Haislip, T.J. Ford, Toni Kukoc","Strickland, Mason, Haislip, Ford, Kukoc",1065-2046-2409-2551-389,MIL,126.0,1,2.0,4.0,3.0,3.0,,6.0,1.0,,,1.0,1.0,2.0,7.0,3.0,,,2.0,1.0,2.0,,5.0,,1.0,2.0,,2.0,,,1.0,1.0,2.0,1.0,7.0,1.0,1.0,1.0,1.25,1.1666666666666667,,,1.0,0.5,1.0,68.57142857142857,17.0,25.0,17.0,25.0,0.5,,,,,0.449725,0.3333333333333333,0.5,,8.7,,,1.0,1.0,,0.5,1.0,,,0.5,25.5,,,,,,1.0,,,,,,,,,,,,,,,,,,,,,,,,,,,,,,,,1.0,1.0,,,,,,,,,,,,,,,,,,,,,,,,,,,,1.0,,,1.0,1.0,,,,1.0,0.5,,,,,,,,,1.0,,1.0,,3.0,1.0,1.0,1.0,1.0,1.0,,1.0,1.0,1.0,1.0,,1.0,,,,,,,,,,,,,,,,,,,,,,,,,,,,,,,,,,,,,,,,,,,,,,,,,,,1610612749,2004,2003-04,False
1065-2046-2409-2551-693,1610612749,"Erick Strickland, Desmond Mason, Marcus Haislip, T.J. Ford, Joe Smith","Strickland, Mason, Haislip, Ford, Smith",1065-2046-2409-2551-693,MIL,158.0,1,3.0,2.0,5.0,5.0,1.0,10.0,1.0,,1.0,,2.0,6.0,6.0,4.0,2.0,2.0,,,,,,,1.0,1.0,1.0,2.0,,,1.0,2.0,6.0,3.0,4.0,,,,,0.6,1.0,,0.5,0.5,1.0,91.13924050632912,18.4,13.2,16.0,11.2,0.5,0.5,,,,0.38385,0.6,0.6,0.3333333333333333,11.2,3.0,,,,1.0,,,,,,,1.0,,,,,,,,1.0,,,,,,1.0,,,,,,,1.0,,,,,,0.5,,0.5,,,,,,,,,,,,,0.3804,,0.2,1.0,,1.0,,,,,1.0,,,,,,,,,,,,,,,,,,,,,1.0,,,,,1.0,,,,,,,,,,,,,,,,,,,,,,,,,,,,,,,,,,,,,,,,,,,,,,,,,,,,,,,,,,,,,,,,,,,,,,,,,1610612749,2004,2003-04,False
1065-2046-2429-2551-389,1610612749,"Erick Strickland, Desmond Mason, Dan Gadzuric, T.J. Ford, Toni Kukoc","Strickland, Mason, Gadzuric, Ford, Kukoc",1065-2046-2429-2551-389,MIL,78.0,2,1.0,1.0,2.0,3.0,,5.0,,,,,,,3.0,2.0,,,,,,,,,1.0,1.0,,1.0,,,,,,,3.0,,,,1.5,1.5,,,0.5,0.5,,92.3076923076923,12.5,17.666666666666668,12.5,16.666666666666668,,,,,,0.55815,,,,,3.0,,1.0,,,1.0,,1.0,,1.0,25.0,2.0,,,,,,,,,,3.0,,,,,,,,,,3.0,2.0,,1.5,1.5,,,,,,,,,,,,,,,,,,0.55815,1.0,1.0,1.0,1.0,1.0,2.0,1.0,2.0,1.0,1.0,0.5,,,,,,,,,,,,,1.0,1.0,1.0,1.0,,1.0,1.0,,,1.0,1.0,,,,,,,,1.0,1.0,1.0,1.0,,1.0,,,,1.0,1.0,1.0,1.0,1.0,,1.0,1.0,,,,,,,,,,,,,,,,,,,,,,,,,,,,,,,,,,,,,,3.0,,,,,,,,,,,,,1610612749,2004,2003-04,False
1065-2046-2429-2551-693,1610612749,"Erick Strickland, Desmond Mason, Dan Gadzuric, T.J. Ford, Joe Smith","Strickland, Mason, Gadzuric, Ford, Smith",1065-2046-2429-2551-693,MIL,286.0,3,5.0,,10.0,9.0,1.0,19.0,1.0,,2.0,2.0,5.0,1.0,5.0,5.0,,2.0,4.0,2.0,2.0,,4.0,,1.0,4.0,1.0,5.0,1.0,,1.0,2.0,2.0,,3.0,1.0,1.0,0.4,0.2857142857142857,0.3125,1.0,,0.5,0.5,,95.66433566433567,14.3,15.88888888888889,14.1,14.777777777777779,0.14285714285714285,0.2857142857142857,,,,0.4747642857142857,,,0.4,8.7,6.0,,2.0,1.0,,0.2857142857142857,1.0,0.5,,0.5714285714285714,26.95,4.0,1.0,2.0,1.0,1.0,1.0,1.0,1.0,1.0,1.0,3.0,,,1.0,,2.0,1.0,,1.0,,3.0,4.0,1.0,1.0,0.75,,,,0.5,0.2,,,0.3333333333333333,0.2857142857142857,0.5,0.5,1.0,1.0,1.0,1.0,1.0,,0.5702,0.6,0.4,2.0,1.0,2.0,,,,,1.0,,,,1.0,,1.0,1.0,,,,,,,2.0,,,2.0,1.0,1.0,,,1.0,0.2857142857142857,,,1.0,,,,,1.0,,,,,,,,,,,,,,,,,,,,1.0,,,,0.5,,,,,,,,,0.5,,,,,,,,,,,,,,,,,,,,,,,,,,,,,,,,,,,1610612749,2004,2003-04,False
1065-2072-2091-2551-389,1610612749,"Erick Strickland, Michael Redd, Daniel Santiago, T.J. Ford, Toni Kukoc","Strickland, Redd, Santiago, Ford, Kukoc",1065-2072-2091-2551-389,MIL,274.0,1,5.0,8.0,10.0,9.0,2.0,19.0,3.0,,1.0,1.0,5.0,5.0,19.0,11.0,1.0,3.0,,,4.0,,12.0,,1.0,2.0,3.0,5.0,,,3.0,6.0,6.0,2.0,16.0,,,0.2,0.7777777777777778,0.7916666666666666,0.5,,1.0,0.5,,99.85401459854015,11.9,17.22222222222222,11.3,17.11111111111111,0.3333333333333333,0.1111111111111111,,,,0.4518888888888889,0.18181818181818182,0.2857142857142857,0.15789473684210525,11.08,9.0,2.0,4.0,1.0,3.0,0.4444444444444444,1.0,1.0,0.2222222222222222,0.5555555555555556,24.625,7.0,1.0,1.0,1.0,1.0,,2.0,1.0,4.0,3.0,14.0,2.0,,,3.0,,,,1.0,,14.0,7.0,0.25,0.7857142857142857,0.7777777777777778,,,0.75,,0.75,1.0,,,0.1111111111111111,1.0,1.0,,,,0.14285714285714285,1.0,0.48015,0.44515714285714286,0.7368421052631579,0.7,,,1.0,,,,,,,1.0,1.0,1.0,2.0,0.5,0.5,0.5,1.0,1.0,1.0,,,2.0,1.0,3.0,2.0,,1.0,,,,0.2222222222222222,0.14285714285714285,2.0,,,,,0.2857142857142857,,2.0,1.0,4.0,3.0,12.0,2.0,4.0,2.0,1.0,1.0,1.0,1.0,1.0,1.0,1.0,1.0,1.0,,,,,,,,,,,,,,,,,,,,2.0,2.0,2.0,1.0,1.0,1.0,1.0,,,,,,,,,,,,,,,,,,,,,,,,,1610612749,2004,2003-04,False
1065-2072-2091-2551-693,1610612749,"Erick Strickland, Michael Redd, Daniel Santiago, T.J. Ford, Joe Smith","Strickland, Redd, Santiago, Ford, Smith",1065-2072-2091-2551-693,MIL,79.0,1,1.0,-1.0,2.0,2.0,,4.0,,1.0,1.0,1.0,1.0,1.0,3.0,4.0,,,2.0,1.0,1.0,1.0,2.0,,,,,,,,,,1.0,,3.0,1.0,1.0,1.0,1.0,1.0,,,,,,72.9113924050633,24.0,15.5,24.0,15.5,,1.0,1.0,1.0,1.0,0.4196,,,,14.4,,,,,,,,,,,,,,,,,,,,,,,,,,,,,1.0,,,,,,,,,,,,,,,,,,,,,,,,,,,,1.0,,1.0,,,,,1.0,,,,,,,,,,,,,,,,,,,,,,,,,,1.0,,,,,,,,,,,,,,,,,,,,,,,,,,,,,,,,,,,,,,,,,,,,,,,,,,,,,,,,,,,,,,,,,,,,,,,,,1610612749,2004,2003-04,False
1065-2072-2409-2429-389,1610612749,"Erick Strickland, Michael Redd, Marcus Haislip, Dan Gadzuric, Toni Kukoc","Strickland, Redd, Haislip, Gadzuric, Kukoc",1065-2072-2409-2429-389,MIL,702.0,3,12.0,-8.0,22.0,24.0,7.0,46.0,4.0,3.0,5.0,8.0,16.0,4.0,20.0,28.0,2.0,6.0,4.0,2.0,2.0,,4.0,,8.0,9.0,7.0,16.0,1.0,1.0,2.0,4.0,5.0,3.0,14.0,0.25,0.2857142857142857,0.5,0.38095238095238093,0.43478260869565216,0.375,,0.6153846153846154,0.6428571428571429,0.8,94.35897435897436,16.181818181818183,14.416666666666666,13.545454545454545,13.625,0.19047619047619047,0.23809523809523808,0.6,0.6,,0.49561190476190475,0.13043478260869565,0.16666666666666666,0.3,7.7,5.0,,5.0,,,0.23809523809523808,,0.25,,0.5714285714285714,24.9,9.0,3.0,7.0,1.0,2.0,2.0,5.0,3.0,4.0,4.0,10.0,12.0,2.0,,5.0,1.0,,,,,10.0,9.0,0.75,0.42857142857142855,0.5555555555555556,0.125,0.2857142857142857,0.625,1.0,0.5384615384615384,,0.75,1.0,0.3333333333333333,0.42857142857142855,0.6,,0.5,0.5,0.2857142857142857,0.5,0.46600833333333336,0.5359999999999999,0.5,0.4090909090909091,3.0,,6.0,2.0,,2.0,1.0,0.5,0.5,1.0,2.0,2.0,2.0,0.4,0.2857142857142857,0.2857142857142857,0.5,,3.0,,,5.0,3.0,3.0,5.0,2.0,2.0,2.0,1.0,1.0,0.23809523809523808,0.42857142857142855,,3.0,,1.0,0.75,,,,,,,,,,,,,,,,,,,,1.0,1.0,2.0,,1.0,1.0,0.4,,,,2.0,,2.0,,,0.4,0.2857142857142857,,,,,,,,,,,,,,,,,,,,,,,,,,,,,,,,,,1610612749,2004,2003-04,False
1065-2072-2429-2551-389,1610612749,"Erick Strickland, Michael Redd, Dan Gadzuric, T.J. Ford, Toni Kukoc","Strickland, Redd, Gadzuric, Ford, Kukoc",1065-2072-2429-2551-389,MIL,84.0,1,1.0,2.0,3.0,3.0,2.0,6.0,,,,1.0,3.0,2.0,4.0,2.0,2.0,2.0,2.0,1.0,1.0,,2.0,,1.0,1.0,2.0,3.0,1.0,1.0,,1.0,2.0,1.0,2.0,1.0,1.0,0.3333333333333333,0.25,0.4,0.5,,1.0,1.0,,102.85714285714286,18.0,10.0,16.666666666666668,10.0,,,,,,0.5779375,0.2,0.25,0.5,1.2666666666666666,3.0,,1.0,,1.0,0.25,,,,1.0,27.0,3.0,1.0,3.0,1.0,3.0,,1.0,1.0,3.0,2.0,4.0,,,1.0,1.0,,,,,,4.0,3.0,0.3333333333333333,0.25,0.4,,,0.5,,0.6666666666666666,,1.0,,0.75,0.3333333333333333,0.3333333333333333,1.0,,,0.75,0.3333333333333333,,0.5779375,1.0,1.0,,,,1.0,,1.0,1.0,,1.0,,1.0,,,,,1.0,,,,,,1.0,1.0,1.0,1.0,,,1.0,,,0.25,0.25,,,,,0.5,,,,,,,,,,,,,,,,,,,,,,1.0,,,,1.0,,,,,,,,,1.0,,,,,,,,,,,,,,,,,,,,,,,,,,,,,,,,,,,1610612749,2004,2003-04,False
1065-2072-2429-2551-693,1610612749,"Erick Strickland, Michael Redd, Dan Gadzuric, T.J. Ford, Joe Smith","Strickland, Redd, Gadzuric, Ford, Smith",1065-2072-2429-2551-693,MIL,224.0,2,4.0,-4.0,5.0,6.0,,11.0,4.0,,,1.0,5.0,,2.0,6.0,,2.0,2.0,1.0,1.0,,2.0,,1.0,2.0,1.0,3.0,,,,1.0,1.0,1.0,,1.0,1.0,0.2,0.16666666666666666,0.16666666666666666,1.0,,0.5,0.6666666666666666,1.0,70.71428571428571,26.2,15.5,25.6,13.166666666666666,0.6666666666666666,,,,,0.41391666666666665,0.16666666666666666,0.2,1.0,6.24,,,1.0,,,0.16666666666666666,,,,0.3333333333333333,24.7,2.0,1.0,1.0,1.0,1.0,,1.0,1.0,3.0,,2.0,,,1.0,1.0,1.0,,,,,2.0,2.0,0.3333333333333333,0.25,0.25,,,0.25,1.0,0.2,0.25,,1.0,0.16666666666666666,1.0,1.0,1.0,,,0.25,1.0,0.5538,0.4592,1.0,0.4,1.0,,1.0,1.0,1.0,1.0,,1.0,,1.0,1.0,1.0,,1.0,1.0,1.0,1.0,,,,,1.0,1.0,1.0,1.0,,,,,,0.16666666666666666,0.25,,1.0,,,,,,,,,,,,,,,,,,,,,,,1.0,,,,,1.0,,,,,,,,,,,,,,,,,,,,,,,,,,1.0,,,,,,,,,,,,,,,,,,,1610612749,2004,2003-04,False
1065-2072-2551-389-693,1610612749,"Erick Strickland, Michael Redd, T.J. Ford, Toni Kukoc, Joe Smith","Strickland, Redd, Ford, Kukoc, Smith",1065-2072-2551-389-693,MIL,75.0,1,1.0,3.0,3.0,2.0,1.0,5.0,1.0,,1.0,2.0,3.0,1.0,5.0,2.0,,2.0,2.0,1.0,1.0,,2.0,,1.0,1.0,1.0,2.0,,,,,1.0,1.0,3.0,0.5,0.5,0.6666666666666666,0.5,0.625,1.0,,1.0,1.0,,96.0,18.666666666666668,9.5,16.333333333333332,9.5,0.25,0.25,,,,0.4904375,0.25,0.3333333333333333,0.4,7.833333333333333,2.0,,1.0,,,0.25,,1.0,,0.5,24.6,,1.0,1.0,,,1.0,1.0,,,,,2.0,,,,,,,,,,,,,,,,,,0.5,,,,0.25,1.0,1.0,,1.0,1.0,,,,,,,,,,1.0,1.0,1.0,1.0,,1.0,,,1.0,,1.0,1.0,,,,,,,1.0,,,1.0,1.0,,,,1.0,0.25,,,,,,,,,,,,,,,,,,,,,,,,,,,,1.0,,,1.0,1.0,,,,,,,,,1.0,,,,,,,,,,,,,,,,,,,,,,,,,,,,,,,,,,,1610612749,2004,2003-04,False
1065-2091-2409-2429-2551,1610612749,"Erick Strickland, Daniel Santiago, Marcus Haislip, Dan Gadzuric, T.J. Ford","Strickland, Santiago, Haislip, Gadzuric, Ford",1065-2091-2409-2429-2551,MIL,237.0,1,4.0,6.0,10.0,9.0,2.0,19.0,3.0,2.0,2.0,4.0,7.0,3.0,11.0,5.0,,2.0,8.0,4.0,4.0,2.0,8.0,1.0,2.0,4.0,2.0,6.0,1.0,1.0,,,6.0,2.0,9.0,1.0,1.0,0.5714285714285714,0.5,0.5,0.5,0.5,1.0,1.0,,115.44303797468353,13.1,11.777777777777779,10.2,11.777777777777779,0.375,0.25,1.0,1.0,1.0,0.45105,0.2,0.2222222222222222,0.18181818181818182,8.22857142857143,9.0,,1.0,,,0.125,,,,0.375,26.3,10.0,2.0,2.0,2.0,2.0,,2.0,4.0,7.0,3.0,11.0,,1.0,2.0,1.0,2.0,,,1.0,,11.0,10.0,0.5714285714285714,0.5,0.5,0.14285714285714285,,0.3333333333333333,1.0,0.25,0.3333333333333333,1.0,1.0,0.25,1.0,1.0,1.0,,,0.25,1.0,0.4426,0.45105,1.0,1.0,,,,,,,,,,1.0,1.0,1.0,,0.5,0.5,0.5,1.0,,,,0.3333333333333333,1.0,1.0,1.0,1.0,,,,,,0.125,0.125,,,,,,,,,,,,,,,,,,,,,,,,,,,,,,,,,,,,,,,,,,,,,,,,,,,,,,,,1.0,,,,,,,,,,,,,,,,,,,1610612749,2004,2003-04,False
1496-1510-1730-2046-2072,1610612749,"Keith Van Horn, Brevin Knight, Brian Skinner, Desmond Mason, Michael Redd","Van Horn, Knight, Skinner, Mason, Redd",1496-1510-1730-2046-2072,MIL,238.0,2,4.0,5.0,7.0,7.0,,14.0,,1.0,1.0,3.0,4.0,2.0,11.0,6.0,,,6.0,3.0,4.0,1.0,9.0,,1.0,3.0,,3.0,1.0,,,1.0,2.0,1.0,11.0,1.0,1.0,0.75,0.9,0.9166666666666666,,,0.5,0.6666666666666666,,84.70588235294117,14.714285714285714,19.285714285714285,14.714285714285714,19.285714285714285,,0.2,1.0,1.0,1.0,0.46826,0.16666666666666666,0.2,,4.825,2.0,,1.0,1.0,,0.2,1.0,,,0.8,26.1,6.0,2.0,3.0,2.0,3.0,,,3.0,4.0,,9.0,,,2.0,,1.0,1.0,,,,9.0,6.0,0.75,0.9,0.9,,,,1.0,,,0.5,,0.6,0.6666666666666666,0.6666666666666666,1.0,,,0.6,0.6666666666666666,,0.46826,0.8181818181818182,0.8571428571428571,,,1.0,,,,,,,,,,,,,,,1.0,1.0,,,1.0,1.0,1.0,1.0,,1.0,,,,0.2,0.2,,,,,,,1.0,1.0,1.0,1.0,1.0,3.0,1.0,1.0,1.0,1.0,1.0,1.0,1.0,1.0,1.0,1.0,1.0,1.0,,,,,,,,,,,,,,,,,,,,,,,,,,,,,,,,,,,,,,,,,,,,,,,,,,,1610612749,2004,2003-04,False
1496-1510-1730-2046-389,1610612749,"Keith Van Horn, Brevin Knight, Brian Skinner, Desmond Mason, Toni Kukoc","Van Horn, Knight, Skinner, Mason, Kukoc",1496-1510-1730-2046-389,MIL,1972.0,9,33.0,11.0,60.0,62.0,8.0,122.0,10.0,7.0,15.0,20.0,48.0,6.0,61.0,50.0,3.0,11.0,20.0,10.0,15.0,5.0,35.0,,21.0,24.0,7.0,31.0,10.0,2.0,4.0,14.0,7.0,4.0,50.0,0.5,0.5555555555555556,0.4166666666666667,0.49107142857142855,0.5169491525423728,0.7857142857142857,,0.7241379310344828,0.75,0.9285714285714286,89.08722109533468,15.233333333333333,17.06451612903226,14.766666666666667,16.451612903225808,0.17857142857142858,0.26785714285714285,0.4666666666666667,0.4666666666666667,0.7142857142857143,0.49269017857142855,0.06779661016949153,0.0784313725490196,0.18032786885245902,7.716666666666666,7.0,,8.0,,1.0,0.14285714285714285,,0.5555555555555556,,0.5535714285714286,25.2,6.0,12.0,23.0,3.0,4.0,1.0,5.0,3.0,6.0,,6.0,20.0,6.0,5.0,6.0,3.0,8.0,,,,6.0,6.0,0.5,0.5,0.5,0.125,0.13043478260869565,0.2222222222222222,1.0,0.23333333333333334,0.3333333333333333,0.5,1.0,0.4107142857142857,0.5217391304347826,0.6,0.4166666666666667,0.1,0.14285714285714285,0.6666666666666666,0.75,0.56566,0.5690000000000001,0.09836065573770492,0.1,4.0,,7.0,3.0,1.0,3.0,1.0,0.5714285714285714,0.3333333333333333,3.0,4.0,4.0,4.0,0.8,0.8,0.8,0.75,1.0,3.0,1.0,0.3,8.0,,,8.0,,1.0,1.0,0.14285714285714285,,0.14285714285714285,,,4.0,,,0.18181818181818182,,,5.0,,5.0,,15.0,5.0,5.0,5.0,1.0,0.625,,0.625,0.625,0.625,1.0,,0.625,2.0,1.0,1.0,2.0,1.0,1.0,0.3333333333333333,,0.08333333333333333,,,,,,,0.3333333333333333,,,,,,,,,,,,,,,,,,,,,,,,,,,,,,,,,,,1610612749,2004,2003-04,False
1496-1510-1730-2046-693,1610612749,"Keith Van Horn, Brevin Knight, Brian Skinner, Desmond Mason, Joe Smith","Van Horn, Knight, Skinner, Mason, Smith",1496-1510-1730-2046-693,MIL,237.0,2,4.0,6.0,7.0,8.0,1.0,15.0,,1.0,2.0,2.0,7.0,4.0,8.0,2.0,,2.0,2.0,1.0,1.0,1.0,2.0,,4.0,5.0,3.0,8.0,2.0,2.0,,2.0,4.0,2.0,6.0,0.5,1.0,0.2857142857142857,0.25,0.4,0.3333333333333333,,1.0,1.0,1.0,91.13924050632912,12.714285714285714,18.5,12.285714285714286,18.5,,0.25,0.5,0.5,1.0,0.52591875,0.2,0.2222222222222222,0.25,4.742857142857143,4.0,,1.0,,,0.125,,1.0,,0.75,28.8,5.0,1.0,5.0,1.0,4.0,,3.0,1.0,5.0,4.0,6.0,2.0,1.0,,3.0,1.0,,,,,6.0,5.0,0.2,0.16666666666666666,0.375,0.14285714285714285,0.2,0.6,1.0,0.6,,1.0,,0.625,0.2,0.25,,,,0.6666666666666666,0.25,0.5653666666666667,0.4973416666666666,0.75,0.7142857142857143,,,,,,,,,,1.0,3.0,1.0,2.0,0.3333333333333333,0.3333333333333333,1.0,0.3333333333333333,,,,,1.0,1.0,1.0,1.0,,,,1.0,,0.125,0.16666666666666666,,,,,0.5,,1.0,,,,,,,,,,,,,,,,,,,,,1.0,,,,,0.25,,,,,,,,,,,,,,,,,,,,,,,,,,,,,,,,,,,,,,,,,,1610612749,2004,2003-04,False
1496-1510-1730-2072-389,1610612749,"Keith Van Horn, Brevin Knight, Brian Skinner, Michael Redd, Toni Kukoc","Van Horn, Knight, Skinner, Redd, Kukoc",1496-1510-1730-2072-389,MIL,977.0,8,16.0,3.0,27.0,28.0,2.0,55.0,5.0,2.0,4.0,7.0,17.0,9.0,23.0,20.0,1.0,3.0,12.0,6.0,6.0,2.0,12.0,,9.0,10.0,3.0,13.0,2.0,,4.0,5.0,11.0,6.0,20.0,0.8571428571428571,0.8571428571428571,0.4117647058823529,0.3333333333333333,0.4423076923076923,0.75,,0.9,0.8333333333333334,1.0,81.064483111566,19.14814814814815,16.428571428571427,18.14814814814815,15.785714285714286,0.23809523809523808,0.19047619047619047,0.5,0.5,1.0,0.46519285714285713,0.23076923076923078,0.2727272727272727,0.13043478260869565,6.052941176470589,8.0,,4.0,,,0.19047619047619047,,0.6666666666666666,,0.5714285714285714,25.75,3.0,2.0,8.0,,,3.0,1.0,,1.0,2.0,2.0,2.0,1.0,2.0,2.0,1.0,2.0,,,,2.0,3.0,,,0.5,0.058823529411764705,0.125,0.2,0.5,0.21428571428571427,0.5,1.0,,0.38095238095238093,0.25,0.2857142857142857,1.0,0.6,0.6,,,0.5372,0.3811,0.08695652173913043,0.1111111111111111,1.0,1.0,5.0,,,,,0.2,,1.0,1.0,1.0,,1.0,1.0,1.0,1.0,1.0,4.0,,,4.0,,,4.0,2.0,1.0,,,0.6666666666666666,0.19047619047619047,,,,1.0,1.0,0.16666666666666666,,1.0,,,,,,,,,,,,,,,,,,,,1.0,1.0,2.0,1.0,0.25,,0.07692307692307693,,,,,,,0.25,,,,,,,,,,,,,,,,1.0,,,,,,,,,,,,,,,,,,,1610612749,2004,2003-04,False
1496-1510-1730-2072-693,1610612749,"Keith Van Horn, Brevin Knight, Brian Skinner, Michael Redd, Joe Smith","Van Horn, Knight, Skinner, Redd, Smith",1496-1510-1730-2072-693,MIL,1257.0,7,21.0,11.0,38.0,40.0,7.0,78.0,7.0,3.0,13.0,14.0,33.0,13.0,44.0,33.0,,11.0,20.0,10.0,11.0,3.0,23.0,1.0,12.0,16.0,10.0,26.0,7.0,6.0,3.0,9.0,14.0,6.0,33.0,0.7142857142857143,0.8333333333333334,0.42424242424242425,0.4305555555555556,0.5116279069767442,0.6111111111111112,1.0,0.8,0.7894736842105263,0.875,89.35560859188544,16.289473684210527,15.95,14.5,15.175,0.19444444444444445,0.3611111111111111,0.23076923076923078,0.23076923076923078,1.0,0.4608430555555556,0.14285714285714285,0.15384615384615385,0.25,8.975757575757575,7.0,,3.0,1.0,,0.08333333333333333,1.0,,,0.4444444444444444,25.8,18.0,9.0,13.0,5.0,5.0,2.0,8.0,6.0,14.0,6.0,21.0,8.0,1.0,6.0,9.0,3.0,1.0,,1.0,,21.0,18.0,0.42857142857142855,0.46875,0.5526315789473685,0.030303030303030304,,0.47368421052631576,0.75,0.42857142857142855,0.2,0.8333333333333334,0.6666666666666666,0.3611111111111111,0.6923076923076923,0.6923076923076923,0.6666666666666666,0.2857142857142857,0.3333333333333333,0.3125,1.0,0.4943388888888889,0.441828125,0.4772727272727273,0.47368421052631576,3.0,2.0,5.0,1.0,,1.0,,0.6,,4.0,7.0,4.0,4.0,0.5,0.6111111111111112,0.7777777777777778,0.5714285714285714,,2.0,,0.14285714285714285,3.0,2.0,2.0,3.0,1.0,2.0,1.0,0.4,0.5,0.08333333333333333,0.125,,1.0,1.0,1.0,1.0,,1.0,1.0,1.0,1.0,1.0,3.0,1.0,1.0,1.0,1.0,0.3333333333333333,0.5,0.3333333333333333,0.3333333333333333,0.3333333333333333,1.0,0.5,0.3333333333333333,1.0,,,4.0,,,,,0.2,1.0,1.0,1.0,1.0,,1.0,,0.1111111111111111,1.0,1.0,,,,,,,,,,,,,0.25,1.0,,,,,,,,,,,,,,,,,,1610612749,2004,2003-04,False
1496-1510-1800-2046-2072,1610612749,"Keith Van Horn, Brevin Knight, Damon Jones, Desmond Mason, Michael Redd","Van Horn, Knight, Jones, Mason, Redd",1496-1510-1800-2046-2072,MIL,2.0,1,,1.0,,,,,,,,,,1.0,1.0,,,,,,,,,,,,,,,,,,2.0,,1.0,,,,,0.5,,,,,,,,,,,,,,,,,,,,,,,,,,,,,,,,,,,,,,,,,1.0,1.0,,,,,,,,1.0,,1.0,,,,0.5,,,,,,,,,,,,,,,,,,,1.0,,,,,,,,,,,,,,,,,,,,,,,,,,,,,,,,,,,,,,,,,,,,,,,,,,,,,,,,,,,,,,,,,,,,,,,,,,,,,,,,,,,,,,,,,,,,,,,,,,,,,,,,,,,,1610612749,2004,2003-04,False
1496-1510-2046-2072-2429,1610612749,"Keith Van Horn, Brevin Knight, Desmond Mason, Michael Redd, Dan Gadzuric","Van Horn, Knight, Mason, Redd, Gadzuric",1496-1510-2046-2072-2429,MIL,473.0,3,8.0,1.0,13.0,14.0,1.0,27.0,3.0,3.0,5.0,8.0,11.0,3.0,22.0,21.0,,2.0,6.0,3.0,4.0,1.0,9.0,,4.0,4.0,1.0,5.0,,,3.0,4.0,3.0,1.0,20.0,0.375,0.42857142857142855,0.7272727272727273,0.7916666666666666,0.8076923076923077,1.0,,0.8,0.8,1.0,82.19873150105708,18.076923076923077,17.0,17.923076923076923,17.0,0.25,0.4166666666666667,0.6,0.6,0.3333333333333333,0.43696666666666667,0.07692307692307693,0.08333333333333333,0.09090909090909091,10.954545454545455,3.0,,1.0,,,0.08333333333333333,,,,0.3333333333333333,24.9,2.0,3.0,3.0,,,2.0,1.0,1.0,2.0,,2.0,10.0,,1.0,1.0,,,1.0,,,2.0,2.0,0.5,0.5,0.5,,,0.3333333333333333,,0.3333333333333333,,0.6666666666666666,,0.25,1.0,1.0,0.3333333333333333,0.6666666666666666,0.6666666666666666,,,0.518,0.3935,0.09090909090909091,0.15384615384615385,1.0,,1.0,,,,,1.0,,1.0,1.0,1.0,2.0,1.0,1.0,1.0,1.0,,,,,1.0,,,1.0,1.0,,,0.5,0.5,0.08333333333333333,,,1.0,,,,,,1.0,,1.0,,3.0,1.0,1.0,1.0,1.0,1.0,,1.0,1.0,1.0,1.0,,1.0,,,,1.0,,,,,0.3333333333333333,,,,,,,,,,,,,,,,,,,,,,,,,,,,,,,,,,,,,,,,,,1610612749,2004,2003-04,False
1496-1510-2046-2072-389,1610612749,"Keith Van Horn, Brevin Knight, Desmond Mason, Michael Redd, Toni Kukoc","Van Horn, Knight, Mason, Redd, Kukoc",1496-1510-2046-2072-389,MIL,357.0,1,6.0,11.0,14.0,12.0,1.0,26.0,2.0,,1.0,6.0,10.0,4.0,16.0,5.0,2.0,2.0,10.0,5.0,5.0,,10.0,,3.0,6.0,1.0,7.0,3.0,2.0,,1.0,4.0,2.0,14.0,0.8333333333333334,0.8333333333333334,0.6,0.6,0.6666666666666666,1.0,,0.75,0.8333333333333334,1.0,104.87394957983193,12.5,15.166666666666666,12.5,15.083333333333334,0.2,0.1,,,,0.5033000000000001,0.16666666666666666,0.16666666666666666,0.125,4.470000000000001,12.0,,,1.0,1.0,,1.0,0.5,,0.7,,14.0,5.0,7.0,5.0,7.0,1.0,,6.0,10.0,4.0,16.0,2.0,,5.0,1.0,2.0,1.0,,,,16.0,14.0,0.6,0.6,0.6666666666666666,,,0.25,1.0,0.25,,1.0,1.0,0.7,0.7142857142857143,0.7142857142857143,1.0,0.5,0.5,0.7,0.7142857142857143,,0.5033000000000001,1.0,1.0,,,2.0,1.0,1.0,1.0,,,,,,,,,,,,1.0,2.0,,,,,,,,2.0,,,,,,,,,,0.5,,,,,,,,,,,,,,,,,,,,,,,1.0,,,,,0.25,,,,,,,,,,,,,,,,,,,,,,,,1.0,,,,,,,,,,,,,,,,,,1610612749,2004,2003-04,False
1496-1510-2046-2072-693,1610612749,"Keith Van Horn, Brevin Knight, Desmond Mason, Michael Redd, Joe Smith","Van Horn, Knight, Mason, Redd, Smith",1496-1510-2046-2072-693,MIL,54.0,1,1.0,2.0,2.0,1.0,,3.0,,2.0,2.0,2.0,2.0,,4.0,2.0,,,4.0,2.0,2.0,2.0,4.0,,,,,,,,,,,,4.0,1.0,1.0,1.0,1.0,1.0,,,,,,80.0,18.0,18.0,18.0,18.0,,1.0,1.0,1.0,1.0,0.3339,,,,18.5,1.0,,,,,,,,,,,2.0,,,,,,,2.0,2.0,,4.0,,,,,,,,,,4.0,2.0,1.0,1.0,1.0,,,,,,,,,,,,,,,,,,0.3339,1.0,1.0,,,,,,,,,,,,,,,,,,,,,,,,,,,,,,,,,,,,,,,,,,,,,,,,,,,,,,,,,,,,,,,,,,,,,,,,,,,,,,,,,,,,,,,,,,,,,,,,,,,,,,,,,,,1610612749,2004,2003-04,False
1496-1510-2046-2091-389,1610612749,"Keith Van Horn, Brevin Knight, Desmond Mason, Daniel Santiago, Toni Kukoc","Van Horn, Knight, Mason, Santiago, Kukoc",1496-1510-2046-2091-389,MIL,291.0,2,5.0,2.0,8.0,8.0,1.0,16.0,,3.0,4.0,3.0,6.0,1.0,10.0,8.0,,,6.0,3.0,4.0,3.0,9.0,,2.0,2.0,1.0,3.0,,,2.0,3.0,2.0,,10.0,1.0,1.0,0.5,0.6428571428571429,0.625,,,0.5,0.5,,79.17525773195877,15.625,20.75,15.25,20.0,,0.5714285714285714,0.75,0.75,1.0,0.44202142857142857,,,,10.700000000000001,2.0,,1.0,,,0.14285714285714285,,0.5,,0.42857142857142855,26.1,3.0,,2.0,,,,1.0,1.0,1.0,1.0,3.0,,2.0,,1.0,,,,1.0,,3.0,3.0,1.0,1.0,0.75,0.3333333333333333,1.0,0.3333333333333333,,0.3333333333333333,,0.5,,0.2857142857142857,,,,,,,,0.5612,0.3829,0.3,0.375,,,,,,,,,,,1.0,,,,,1.0,,,,,,1.0,,,1.0,,,,1.0,,0.14285714285714285,,,,,,,,,1.0,,1.0,,3.0,1.0,1.0,1.0,1.0,1.0,,1.0,1.0,1.0,1.0,,1.0,,,,,,,,,,,,,,,,,,,,,,,,,,,,,,,,,,,,,,,,,,,,,,,,,,,1610612749,2004,2003-04,False
1496-1510-2046-2429-389,1610612749,"Keith Van Horn, Brevin Knight, Desmond Mason, Dan Gadzuric, Toni Kukoc","Van Horn, Knight, Mason, Gadzuric, Kukoc",1496-1510-2046-2429-389,MIL,3909.0,12,65.0,10.0,117.0,118.0,7.0,235.0,18.0,14.0,31.0,44.0,82.0,27.0,124.0,114.0,,10.0,60.0,30.0,33.0,14.0,69.0,,35.0,40.0,8.0,48.0,9.0,3.0,10.0,27.0,36.0,20.0,114.0,0.6818181818181818,0.75,0.5365853658536586,0.5105263157894737,0.5694444444444444,0.7142857142857143,,0.7608695652173914,0.78,0.8,86.56945510360705,16.136752136752136,17.127118644067796,15.931623931623932,16.372881355932204,0.18947368421052632,0.3263157894736842,0.45161290322580644,0.45161290322580644,1.0,0.4856415789473684,0.18867924528301888,0.21505376344086022,0.08064516129032258,8.959756097560977,1.0,2.0,13.0,1.0,,0.1368421052631579,1.0,0.6666666666666666,0.021052631578947368,0.4842105263157895,25.053846153846152,13.0,22.0,33.0,4.0,6.0,8.0,7.0,5.0,10.0,5.0,15.0,28.0,3.0,13.0,6.0,4.0,6.0,1.0,2.0,,15.0,13.0,0.5,0.45454545454545453,0.5769230769230769,0.036585365853658534,0.09090909090909091,0.15789473684210525,1.0,0.16666666666666666,0.2,0.7777777777777778,1.0,0.3473684210526316,0.6666666666666666,0.7333333333333333,0.5909090909090909,0.4444444444444444,0.4444444444444444,0.5454545454545454,0.6666666666666666,0.5583833333333333,0.5634136363636363,0.12096774193548387,0.1111111111111111,10.0,4.0,19.0,7.0,4.0,7.0,5.0,0.5263157894736842,0.7142857142857143,4.0,4.0,5.0,8.0,0.7142857142857143,0.7142857142857143,0.5714285714285714,1.0,3.0,9.0,,,11.0,1.0,1.0,11.0,3.0,1.0,3.0,0.17647058823529413,0.375,0.11578947368421053,0.09090909090909091,,6.0,,1.0,0.09090909090909091,,,2.0,,3.0,,9.0,2.0,3.0,2.0,1.0,0.23076923076923078,,0.23076923076923078,0.18181818181818182,0.18181818181818182,1.0,,0.18181818181818182,1.0,1.0,2.0,,1.0,9.0,0.2,,,,,,,,,0.2222222222222222,,,,1.0,,1.0,0.5,0.5,1.0,,,,,,,,,,,1.0,,,1.0,,,,,,,,,,,,1610612749,2004,2003-04,False
1496-1510-2046-389-693,1610612749,"Keith Van Horn, Brevin Knight, Desmond Mason, Toni Kukoc, Joe Smith","Van Horn, Knight, Mason, Kukoc, Smith",1496-1510-2046-389-693,MIL,658.0,5,11.0,2.0,18.0,16.0,2.0,34.0,1.0,1.0,6.0,5.0,14.0,6.0,16.0,14.0,,,8.0,4.0,4.0,,8.0,,4.0,5.0,2.0,7.0,1.0,1.0,3.0,7.0,6.0,2.0,16.0,0.8,0.8,0.35714285714285715,0.3125,0.42105263157894735,,,0.6666666666666666,0.625,1.0,74.40729483282675,18.0,20.875,16.555555555555557,20.3125,0.0625,0.375,0.16666666666666666,0.16666666666666666,,0.445784375,0.1111111111111111,0.125,,8.27142857142857,3.0,,2.0,,1.0,0.125,,0.6666666666666666,,0.5625,26.4,5.0,3.0,7.0,,,1.0,2.0,1.0,3.0,2.0,4.0,2.0,1.0,3.0,1.0,1.0,,,1.0,,4.0,5.0,0.3333333333333333,0.25,0.4,0.07142857142857142,0.14285714285714285,0.1111111111111111,0.5,0.18181818181818182,,0.5,1.0,0.4375,0.42857142857142855,0.5,1.0,1.0,1.0,,,0.542,0.345025,0.25,0.2777777777777778,1.0,,1.0,,,,,1.0,,,2.0,,,,,1.0,,,,,,2.0,1.0,1.0,2.0,1.0,,,,1.0,0.125,0.25,,1.0,,,0.25,,,,,,,,,,,,,,,,,,,,,,1.0,,,,0.5,,,,,,,,,0.5,,,,,,,,,,,,,,,,,,,,,,,,,,,,,,,,,,,1610612749,2004,2003-04,False
1496-1510-2072-2091-693,1610612749,"Keith Van Horn, Brevin Knight, Michael Redd, Daniel Santiago, Joe Smith","Van Horn, Knight, Redd, Santiago, Smith",1496-1510-2072-2091-693,MIL,180.0,2,3.0,3.0,6.0,6.0,,12.0,2.0,1.0,2.0,2.0,4.0,1.0,8.0,5.0,,,2.0,1.0,2.0,1.0,5.0,,1.0,2.0,,2.0,,,1.0,3.0,3.0,2.0,8.0,0.5,0.5,0.5,0.7,0.6666666666666666,,,1.0,1.0,1.0,96.0,13.5,16.5,13.5,16.5,0.4,0.4,0.5,0.5,1.0,0.42599,0.3333333333333333,0.4,,13.375,1.0,,1.0,1.0,,0.2,1.0,,,0.2,26.1,6.0,,,,,1.0,,2.0,4.0,1.0,8.0,2.0,,,,,,,,,8.0,6.0,0.5,0.7,0.6666666666666666,,,,,,,,,,,,,0.5,0.5,,,,0.42599,1.0,1.0,,,,,,,,,,,,,,,,,,,,,,1.0,1.0,1.0,1.0,,,,,,0.2,0.2,,,,,,,,1.0,1.0,1.0,1.0,3.0,1.0,1.0,1.0,1.0,1.0,1.0,1.0,1.0,1.0,1.0,1.0,1.0,,,,,,1.0,,,,,,,,,,,,,,,,,,,,,,,,,,,,,,,,,,,,,,,,,,,,,1610612749,2004,2003-04,False
1496-1510-2072-2429-389,1610612749,"Keith Van Horn, Brevin Knight, Michael Redd, Dan Gadzuric, Toni Kukoc","Van Horn, Knight, Redd, Gadzuric, Kukoc",1496-1510-2072-2429-389,MIL,1391.0,6,23.0,-12.0,41.0,42.0,6.0,83.0,7.0,2.0,8.0,11.0,28.0,9.0,43.0,55.0,,6.0,12.0,6.0,10.0,1.0,24.0,,11.0,13.0,6.0,19.0,5.0,1.0,7.0,18.0,10.0,5.0,37.0,0.5454545454545454,0.75,0.39285714285714285,0.4594594594594595,0.5119047619047619,0.6,,0.6470588235294118,0.6,0.75,85.92379583033788,16.365853658536587,17.142857142857142,15.634146341463415,15.952380952380953,0.1891891891891892,0.21621621621621623,0.25,0.25,0.5,0.5056763888888889,0.11904761904761904,0.15151515151515152,0.13953488372093023,7.375,4.0,1.0,9.0,1.0,3.0,0.24324324324324326,0.3333333333333333,0.42857142857142855,0.02702702702702703,0.5945945945945946,29.61111111111111,3.0,8.0,13.0,,,1.0,4.0,1.0,3.0,,5.0,10.0,2.0,5.0,6.0,1.0,4.0,,,,5.0,3.0,0.3333333333333333,0.5,0.5,0.07142857142857142,0.15384615384615385,0.35294117647058826,0.3333333333333333,0.2857142857142857,,0.8333333333333334,0.5,0.35135135135135137,0.6153846153846154,0.7272727272727273,0.625,0.14285714285714285,0.14285714285714285,,,0.47435,0.3928,0.11627906976744186,0.07317073170731707,5.0,4.0,6.0,4.0,4.0,4.0,1.0,0.8333333333333334,0.25,2.0,2.0,3.0,6.0,0.75,0.6,0.4,1.0,1.0,1.0,,,8.0,2.0,2.0,7.0,,,,0.3333333333333333,,0.21621621621621623,0.4,,1.0,1.0,,0.8,,,4.0,1.0,4.0,1.0,12.0,4.0,4.0,4.0,1.0,0.4444444444444444,0.5,0.5,0.5,0.5,1.0,0.5,0.5714285714285714,1.0,,,2.0,,,,,0.10526315789473684,,1.0,,1.0,,,,0.2,,,,,,,,,,,,,,,,,,,,,,,1.0,,,,,,,,,,,1610612749,2004,2003-04,False
1496-1510-2072-2429-693,1610612749,"Keith Van Horn, Brevin Knight, Michael Redd, Dan Gadzuric, Joe Smith","Van Horn, Knight, Redd, Gadzuric, Smith",1496-1510-2072-2429-693,MIL,157.0,3,3.0,-4.0,5.0,6.0,1.0,11.0,1.0,,,,1.0,3.0,3.0,7.0,1.0,1.0,,,,,,,1.0,2.0,,2.0,1.0,1.0,1.0,1.0,6.0,3.0,2.0,,,,,0.3,0.5,,1.0,0.5,,100.89171974522293,14.8,13.833333333333334,14.2,13.166666666666666,0.5,,,,,0.44245,0.6,0.75,0.3333333333333333,12.3,3.0,,1.0,1.0,,0.5,1.0,,,0.5,25.5,4.0,,,,,,,,1.0,2.0,2.0,,,,,,,,,,2.0,4.0,,,0.25,,,,,,,1.0,,,,,,,,,,,0.44245,0.6666666666666666,0.8,,,,,,,,,,,,,,,,,,,,,,1.0,1.0,1.0,1.0,,,,,,0.5,0.5,,,,,,,,,,,,,,,,,,,,,,,,,,,,,,,,,,,,,,,,,,,,,,,,,,,,,,,,,,,,,,,,,,,,,,,,,,,1610612749,2004,2003-04,False
1496-1730-1800-2046-2072,1610612749,"Keith Van Horn, Brian Skinner, Damon Jones, Desmond Mason, Michael Redd","Van Horn, Skinner, Jones, Mason, Redd",1496-1730-1800-2046-2072,MIL,4896.0,6,82.0,3.0,161.0,154.0,19.0,315.0,29.0,18.0,47.0,52.0,119.0,34.0,174.0,171.0,4.0,20.0,68.0,34.0,45.0,12.0,101.0,,33.0,48.0,21.0,69.0,10.0,5.0,11.0,26.0,40.0,13.0,154.0,0.6538461538461539,0.7083333333333334,0.4369747899159664,0.48951048951048953,0.5372670807453416,0.5,,0.7021276595744681,0.703125,0.8333333333333334,92.64705882352942,15.20496894409938,15.896103896103897,14.633540372670808,15.253246753246753,0.20279720279720279,0.32867132867132864,0.3829787234042553,0.3829787234042553,0.6666666666666666,0.474484965034965,0.08974358974358974,0.09923664122137404,0.11494252873563218,9.284873949579833,30.0,11.0,24.0,3.0,2.0,0.16783216783216784,1.0,0.6153846153846154,0.07692307692307693,0.46853146853146854,24.7625,37.0,24.0,43.0,5.0,9.0,10.0,14.0,9.0,23.0,15.0,42.0,36.0,12.0,16.0,20.0,12.0,5.0,2.0,5.0,,42.0,37.0,0.391304347826087,0.45,0.5384615384615384,0.10084033613445378,0.20930232558139536,0.29850746268656714,0.7058823529411765,0.26582278481012656,0.5263157894736842,0.625,0.8,0.3006993006993007,0.5581395348837209,0.7058823529411765,0.6666666666666666,0.3448275862068966,0.38461538461538464,0.3,0.5555555555555556,0.493184375,0.4668366666666667,0.2413793103448276,0.22981366459627328,11.0,7.0,21.0,4.0,2.0,4.0,2.0,0.5238095238095238,0.5,3.0,7.0,5.0,8.0,0.35714285714285715,0.47058823529411764,0.4117647058823529,0.42857142857142855,1.0,10.0,,0.10344827586206896,13.0,4.0,7.0,13.0,6.0,7.0,2.0,0.10344827586206896,0.6,0.09090909090909091,0.13333333333333333,3.0,4.0,2.0,3.0,0.3684210526315789,0.1,,7.0,2.0,12.0,3.0,33.0,7.0,11.0,6.0,0.9166666666666666,0.5,0.42857142857142855,0.5,0.5384615384615384,0.5384615384615384,0.8571428571428571,0.5,0.5384615384615384,5.0,,1.0,1.0,2.0,1.0,0.08333333333333333,0.16666666666666666,0.014925373134328358,,,2.0,3.0,1.0,0.6666666666666666,,,,,5.0,1.0,5.0,0.45454545454545453,0.45454545454545453,1.0,0.3333333333333333,3.0,,,0.17647058823529413,,,,1.0,0.04,,,3.0,,,2.0,0.6666666666666666,1.0,,,,,,,,1610612749,2004,2003-04,False
1496-1730-1800-2046-389,1610612749,"Keith Van Horn, Brian Skinner, Damon Jones, Desmond Mason, Toni Kukoc","Van Horn, Skinner, Jones, Mason, Kukoc",1496-1730-1800-2046-389,MIL,465.0,5,8.0,6.0,15.0,14.0,1.0,29.0,,2.0,3.0,5.0,6.0,4.0,20.0,14.0,2.0,2.0,8.0,4.0,6.0,2.0,14.0,,4.0,5.0,1.0,6.0,1.0,1.0,1.0,1.0,5.0,1.0,18.0,0.8,0.8,0.8333333333333334,0.8,0.8333333333333334,1.0,,0.6666666666666666,0.5714285714285714,,89.80645161290323,16.666666666666668,15.357142857142858,16.6,15.0,,0.3,0.6666666666666666,0.6666666666666666,1.0,0.49978,0.09090909090909091,0.14285714285714285,0.1,9.533333333333333,7.0,1.0,4.0,1.0,,0.4,1.0,0.5,0.1,0.7,24.95,5.0,3.0,3.0,2.0,2.0,,,2.0,3.0,2.0,6.0,2.0,,2.0,,,,1.0,1.0,,6.0,5.0,0.6666666666666666,0.6666666666666666,0.75,,,,,0.3333333333333333,,0.75,,0.3,1.0,1.0,0.6666666666666666,,,0.6666666666666666,1.0,,0.4711666666666667,0.3,0.3333333333333333,3.0,2.0,4.0,1.0,1.0,2.0,1.0,0.75,0.5,,,,,,,,,,1.0,,,3.0,,,3.0,,1.0,,,,0.3,,,1.0,,,,,,2.0,,2.0,,6.0,2.0,2.0,2.0,1.0,0.5,,0.5,0.6666666666666666,0.6666666666666666,1.0,,0.6666666666666666,,,1.0,,,,0.5,1.0,,,,,,,,,,,,,,,,,,,,1.0,1.0,,,,,,,1.0,,,,,,,,,,,,,,,1610612749,2004,2003-04,False
1496-1730-1800-2046-693,1610612749,"Keith Van Horn, Brian Skinner, Damon Jones, Desmond Mason, Joe Smith","Van Horn, Skinner, Jones, Mason, Smith",1496-1730-1800-2046-693,MIL,562.0,7,9.0,-7.0,18.0,19.0,3.0,37.0,3.0,,1.0,5.0,11.0,4.0,20.0,27.0,,,10.0,5.0,7.0,,16.0,,2.0,3.0,3.0,6.0,1.0,1.0,2.0,3.0,5.0,2.0,20.0,1.0,1.0,0.45454545454545453,0.5333333333333333,0.5882352941176471,,,1.0,0.6,,94.80427046263345,15.444444444444445,14.947368421052632,13.61111111111111,14.526315789473685,0.2,0.06666666666666667,,,,0.48442,0.125,0.16666666666666666,,3.8545454545454545,4.0,1.0,4.0,,,0.26666666666666666,,1.0,0.06666666666666667,0.7333333333333333,26.0,13.0,3.0,7.0,2.0,5.0,2.0,3.0,3.0,8.0,3.0,15.0,,3.0,3.0,2.0,1.0,,,1.0,,15.0,13.0,0.375,0.5454545454545454,0.625,0.2727272727272727,0.42857142857142855,0.3333333333333333,0.3333333333333333,0.375,,1.0,0.5,0.4666666666666667,0.42857142857142855,0.75,1.0,0.6666666666666666,0.6666666666666666,0.45454545454545453,0.4,0.415,0.4721772727272727,0.75,0.7222222222222222,2.0,2.0,4.0,,,,,0.5,,,2.0,,,,,0.6666666666666666,,1.0,2.0,,,3.0,2.0,3.0,3.0,2.0,3.0,,1.0,1.0,0.2,0.18181818181818182,1.0,,,,0.25,0.09090909090909091,,1.0,1.0,2.0,2.0,6.0,1.0,2.0,1.0,1.0,0.5,0.6666666666666666,0.5,0.3333333333333333,0.3333333333333333,1.0,0.5,0.3333333333333333,,1.0,1.0,1.0,,1.0,0.5,,0.2,,,,,,,0.5,,,,1.0,1.0,1.0,1.0,1.0,1.0,1.0,,,,,,,,,,,,,,,,,,,,,,,,,1610612749,2004,2003-04,False
1496-1730-1800-2072-389,1610612749,"Keith Van Horn, Brian Skinner, Damon Jones, Michael Redd, Toni Kukoc","Van Horn, Skinner, Jones, Redd, Kukoc",1496-1730-1800-2072-389,MIL,1570.0,7,26.0,-4.0,48.0,45.0,5.0,93.0,5.0,2.0,8.0,18.0,34.0,9.0,54.0,58.0,,7.0,26.0,13.0,16.0,1.0,35.0,,10.0,15.0,7.0,22.0,1.0,,3.0,14.0,11.0,4.0,47.0,0.7222222222222222,0.7647058823529411,0.5294117647058824,0.45918367346938777,0.5,0.5,,0.5,0.5217391304347826,0.6666666666666666,85.29936305732484,16.041666666666668,17.77777777777778,15.104166666666666,16.4,0.10204081632653061,0.16326530612244897,0.25,0.25,0.5,0.49587040816326533,0.07692307692307693,0.10810810810810811,0.12962962962962962,5.197058823529411,27.0,5.0,15.0,3.0,8.0,0.30612244897959184,1.0,0.4444444444444444,0.10204081632653061,0.7346938775510204,25.126666666666665,23.0,14.0,21.0,7.0,10.0,2.0,5.0,8.0,16.0,7.0,29.0,10.0,2.0,11.0,3.0,2.0,1.0,,2.0,,29.0,23.0,0.5,0.4583333333333333,0.5178571428571429,0.058823529411764705,0.09523809523809523,0.2,0.6666666666666666,0.25925925925925924,,0.4,0.5,0.42857142857142855,0.6666666666666666,0.7368421052631579,0.7857142857142857,0.4,0.4,0.4166666666666667,0.7,0.4572333333333333,0.4728041666666667,0.5370370370370371,0.4791666666666667,1.0,,2.0,2.0,2.0,2.0,1.0,0.5,0.5,2.0,4.0,2.0,2.0,0.4,0.5,0.5714285714285714,0.5,,1.0,,,10.0,4.0,8.0,10.0,1.0,,,0.2,0.5,0.20408163265306123,0.16666666666666666,4.0,1.0,,,0.2857142857142857,0.16666666666666666,1.0,3.0,2.0,3.0,2.0,9.0,3.0,3.0,3.0,1.0,0.2,0.25,0.2,0.3,0.3,1.0,0.5,0.3,,,4.0,,,1.0,0.3333333333333333,0.6,,1.0,1.0,1.0,2.0,,0.5,0.14285714285714285,0.14285714285714285,1.0,1.0,,,,,,,,1.0,,,0.14285714285714285,,0.5,,,,,,,,,,,,,,,,,,,1610612749,2004,2003-04,False
1496-1730-1800-2072-693,1610612749,"Keith Van Horn, Brian Skinner, Damon Jones, Michael Redd, Joe Smith","Van Horn, Skinner, Jones, Redd, Smith",1496-1730-1800-2072-693,MIL,11184.0,13,186.0,-26.0,357.0,357.0,47.0,714.0,85.0,46.0,108.0,151.0,298.0,57.0,395.0,421.0,9.0,58.0,158.0,79.0,90.0,26.0,191.0,,100.0,127.0,57.0,184.0,17.0,5.0,34.0,65.0,68.0,31.0,337.0,0.5231788079470199,0.5766423357664233,0.5067114093959731,0.5044776119402985,0.5398351648351648,0.5576923076923077,,0.6802721088435374,0.6875,0.765625,91.931330472103,15.647058823529411,15.680672268907562,15.11484593837535,14.899159663865547,0.2537313432835821,0.32238805970149254,0.42592592592592593,0.42990654205607476,0.5652173913043478,0.4815133233532934,0.08635097493036212,0.09627329192546584,0.1468354430379747,8.930201342281878,24.0,9.0,37.0,6.0,2.0,0.11044776119402985,0.8571428571428571,0.5833333333333334,0.026865671641791045,0.42388059701492536,25.47837837837838,56.0,70.0,105.0,11.0,20.0,35.0,43.0,23.0,46.0,14.0,69.0,144.0,21.0,42.0,50.0,21.0,12.0,3.0,5.0,2.0,69.0,56.0,0.5,0.5,0.5476190476190477,0.07046979865771812,0.09523809523809523,0.3448275862068966,0.7241379310344828,0.33727810650887574,0.2857142857142857,0.6571428571428571,0.65,0.31343283582089554,0.6666666666666666,0.7368421052631579,0.6,0.4117647058823529,0.4666666666666667,0.36363636363636365,0.55,0.549825641025641,0.48771759259259256,0.17468354430379746,0.1568627450980392,23.0,6.0,52.0,17.0,15.0,17.0,9.0,0.4423076923076923,0.5294117647058824,22.0,32.0,23.0,28.0,0.5348837209302325,0.532608695652174,0.6956521739130435,0.6875,7.0,29.0,1.0,0.11764705882352941,28.0,8.0,9.0,28.0,11.0,5.0,1.0,0.32786885245901637,0.3142857142857143,0.08358208955223881,0.14545454545454545,1.0,17.0,4.0,5.0,0.45714285714285713,0.01818181818181818,0.8888888888888888,10.0,2.0,12.0,3.0,33.0,10.0,11.0,9.0,0.9166666666666666,0.32432432432432434,0.3333333333333333,0.32432432432432434,0.35714285714285715,0.35714285714285715,0.9,0.25,0.35714285714285715,2.0,6.0,7.0,5.0,3.0,7.0,0.2916666666666667,0.42857142857142855,0.03333333333333333,1.0,3.0,1.0,3.0,,0.3333333333333333,0.23529411764705882,0.06521739130434782,0.3333333333333333,1.0,2.0,1.0,2.0,0.2222222222222222,0.2222222222222222,1.0,1.0,,,,,,0.2727272727272727,,,,,0.009259259259259259,3.0,,,,,,1.0,,,,,,,1610612749,2004,2003-04,False
1496-1730-2046-2072-389,1610612749,"Keith Van Horn, Brian Skinner, Desmond Mason, Michael Redd, Toni Kukoc","Van Horn, Skinner, Mason, Redd, Kukoc",1496-1730-2046-2072-389,MIL,21.0,1,,,,1.0,,1.0,,,,,,,,,,,,,,,,,1.0,1.0,,1.0,,,,,,,,,,,,,,,1.0,1.0,1.0,68.57142857142857,,21.0,,21.0,,,,,,,,,,,1.0,,,,,,,,,,,,,,,,,,,,,,,,,,,,,,,,,,,,,,,,,,,,,,,,,,,,,,,,,,,,,,,,,,,,,,,,,,,,,,,,,,,,,,,,,,,,,,,,,,,,,,,,,,,,,,,,,,,,,,,,,,,,,,,,,,,,,,,,,,,,,,,,,,,,,,,,,,,,,,,,,,1610612749,2004,2003-04,False
1496-1800-2046-2072-2091,1610612749,"Keith Van Horn, Damon Jones, Desmond Mason, Michael Redd, Daniel Santiago","Van Horn, Jones, Mason, Redd, Santiago",1496-1800-2046-2072-2091,MIL,1139.0,2,19.0,-3.0,34.0,34.0,3.0,68.0,6.0,4.0,8.0,10.0,22.0,11.0,37.0,40.0,,4.0,12.0,6.0,7.0,2.0,15.0,,5.0,12.0,3.0,15.0,2.0,,5.0,10.0,12.0,2.0,33.0,0.6,0.75,0.45454545454545453,0.48148148148148145,0.5606060606060606,1.0,,0.625,0.75,0.4,85.97014925373134,17.029411764705884,16.470588235294116,16.764705882352942,16.41176470588235,0.2222222222222222,0.2962962962962963,0.5,0.5714285714285714,0.5,0.4913962962962963,0.06896551724137931,0.08333333333333333,0.10810810810810811,9.840909090909092,6.0,2.0,5.0,3.0,1.0,0.18518518518518517,1.0,1.0,0.07407407407407407,0.48148148148148145,23.880000000000003,9.0,5.0,8.0,2.0,3.0,1.0,2.0,3.0,6.0,6.0,12.0,8.0,2.0,3.0,3.0,4.0,2.0,,4.0,1.0,12.0,9.0,0.5,0.5,0.6666666666666666,0.09090909090909091,0.125,0.25,1.0,0.2,0.2,1.0,1.0,0.2962962962962963,0.625,0.7142857142857143,0.6,0.16666666666666666,0.16666666666666666,0.5,0.6666666666666666,0.4944,0.47058333333333335,0.32432432432432434,0.2647058823529412,2.0,2.0,5.0,,,,,0.4,,1.0,1.0,2.0,4.0,1.0,1.0,0.5,1.0,1.0,3.0,,,3.0,,,3.0,1.0,1.0,,0.25,1.0,0.1111111111111111,,,,1.0,2.0,0.3333333333333333,,1.0,2.0,,2.0,,3.0,2.0,1.0,1.0,0.5,0.4,,0.4,0.6666666666666666,0.6666666666666666,0.5,,0.6666666666666666,,,,,,,,,,,,,,,,,,,,,,,,,,,,,,,,,,,,,0.125,3.0,,,,,,,,,,,,,1610612749,2004,2003-04,False
1496-1800-2046-2072-2429,1610612749,"Keith Van Horn, Damon Jones, Desmond Mason, Michael Redd, Dan Gadzuric","Van Horn, Jones, Mason, Redd, Gadzuric",1496-1800-2046-2072-2429,MIL,1267.0,6,21.0,-1.0,44.0,46.0,2.0,90.0,4.0,2.0,9.0,12.0,21.0,25.0,55.0,56.0,2.0,4.0,12.0,6.0,7.0,1.0,15.0,,9.0,16.0,3.0,19.0,,,8.0,11.0,27.0,8.0,51.0,0.5,0.5,0.5714285714285714,0.5555555555555556,0.6923076923076923,0.6666666666666666,,0.8181818181818182,0.8333333333333334,0.8571428571428571,102.28887134964482,15.045454545454545,13.152173913043478,14.613636363636363,12.217391304347826,0.14814814814814814,0.3333333333333333,0.2222222222222222,0.25,0.5,0.45863148148148153,0.2571428571428571,0.2857142857142857,0.07272727272727272,9.676190476190476,20.0,,6.0,1.0,2.0,0.2222222222222222,1.0,0.5,,0.5185185185185185,24.849999999999998,22.0,7.0,8.0,3.0,4.0,3.0,2.0,7.0,14.0,15.0,32.0,12.0,1.0,4.0,3.0,6.0,,1.0,4.0,,32.0,22.0,0.5,0.53125,0.6956521739130435,0.047619047619047616,,0.3333333333333333,0.8571428571428571,0.23076923076923078,,1.0,0.8333333333333334,0.2962962962962963,0.875,0.875,0.5714285714285714,0.75,0.75,0.25,0.75,0.52575,0.42593125,0.5818181818181818,0.5,3.0,,7.0,,,,,0.42857142857142855,,1.0,2.0,1.0,,0.5,0.5,1.0,0.5,,4.0,,,6.0,2.0,2.0,6.0,1.0,1.0,,0.2857142857142857,0.3333333333333333,0.2222222222222222,0.125,,3.0,,,1.0,,1.0,2.0,1.0,2.0,1.0,3.0,2.0,1.0,1.0,0.5,0.3333333333333333,0.5,0.3333333333333333,0.3333333333333333,0.3333333333333333,0.5,0.5,0.3333333333333333,1.0,1.0,,,1.0,1.0,,,,,,,,,,,,,,,,,,,,,,,,,,,,1.0,0.14285714285714285,,0.1111111111111111,3.0,,,,,,,,,,,,,1610612749,2004,2003-04,False
1496-1800-2046-2072-389,1610612749,"Keith Van Horn, Damon Jones, Desmond Mason, Michael Redd, Toni Kukoc","Van Horn, Jones, Mason, Redd, Kukoc",1496-1800-2046-2072-389,MIL,783.0,7,13.0,2.0,31.0,28.0,2.0,59.0,4.0,1.0,6.0,8.0,17.0,16.0,32.0,30.0,2.0,4.0,12.0,6.0,6.0,1.0,12.0,,6.0,11.0,2.0,13.0,3.0,2.0,4.0,10.0,23.0,3.0,28.0,0.75,0.8571428571428571,0.47058823529411764,0.36363636363636365,0.48484848484848486,1.0,,0.75,0.8181818181818182,1.0,108.50574712643677,10.516129032258064,16.321428571428573,10.451612903225806,15.714285714285714,0.18181818181818182,0.2727272727272727,0.16666666666666666,0.16666666666666666,1.0,0.4566545454545455,0.15384615384615385,0.15,0.125,8.935294117647059,17.0,2.0,5.0,2.0,5.0,0.22727272727272727,1.0,1.0,0.09090909090909091,0.5454545454545454,24.5,28.0,6.0,7.0,5.0,6.0,1.0,1.0,7.0,15.0,16.0,30.0,4.0,1.0,5.0,2.0,3.0,1.0,,7.0,,30.0,28.0,0.4666666666666667,0.3684210526315789,0.5,0.058823529411764705,0.14285714285714285,0.2222222222222222,1.0,0.14285714285714285,0.3333333333333333,0.5,1.0,0.3181818181818182,0.8571428571428571,1.0,0.8333333333333334,0.25,0.25,0.3157894736842105,0.8333333333333334,0.5147,0.4548,0.9375,0.9032258064516129,,,,1.0,,1.0,1.0,,1.0,1.0,1.0,1.0,2.0,1.0,1.0,1.0,1.0,,,,,3.0,3.0,4.0,3.0,,,1.0,0.2,,0.13636363636363635,0.15789473684210525,1.0,,,,,0.05263157894736842,1.0,,,,,,,,,,,,,,,,,,,,,,,,,,,,,,,,,,,,,,,,,,,,,,,,,,,1.0,0.16666666666666666,,,,,,,,,,,,,,,,1610612749,2004,2003-04,False
1496-1800-2046-2072-693,1610612749,"Keith Van Horn, Damon Jones, Desmond Mason, Michael Redd, Joe Smith","Van Horn, Jones, Mason, Redd, Smith",1496-1800-2046-2072-693,MIL,1798.0,7,30.0,-1.0,68.0,70.0,11.0,138.0,11.0,2.0,10.0,13.0,38.0,33.0,86.0,87.0,2.0,11.0,16.0,8.0,16.0,1.0,40.0,,12.0,21.0,13.0,34.0,2.0,,9.0,23.0,36.0,5.0,75.0,0.6153846153846154,0.8,0.34210526315789475,0.4818181818181818,0.589041095890411,0.4230769230769231,,0.631578947368421,0.7142857142857143,0.5,110.52280311457176,13.044117647058824,13.014285714285714,12.161764705882353,12.542857142857143,0.2,0.18181818181818182,0.2,0.2,0.5,0.46400909090909087,0.08333333333333333,0.11627906976744186,0.12790697674418605,7.647368421052632,66.0,5.0,17.0,1.0,12.0,0.3090909090909091,0.5,0.8571428571428571,0.09090909090909091,0.6181818181818182,25.61764705882353,43.0,7.0,17.0,3.0,11.0,4.0,9.0,4.0,24.0,27.0,47.0,10.0,4.0,4.0,11.0,8.0,2.0,,13.0,,47.0,43.0,0.16666666666666666,0.30303030303030304,0.5,0.10526315789473684,0.23529411764705882,0.44,0.8888888888888888,0.3939393939393939,0.42857142857142855,0.5,0.8,0.3090909090909091,0.4117647058823529,0.5384615384615384,0.5714285714285714,0.36363636363636365,0.36363636363636365,0.3333333333333333,0.2727272727272727,0.47367499999999996,0.4463166666666667,0.5465116279069767,0.6323529411764706,3.0,,7.0,2.0,2.0,2.0,2.0,0.42857142857142855,1.0,3.0,7.0,3.0,6.0,0.3333333333333333,0.375,0.5833333333333334,0.42857142857142855,1.0,4.0,,,12.0,4.0,9.0,12.0,3.0,5.0,,0.5,0.75,0.21818181818181817,0.12121212121212122,5.0,3.0,,,0.4,0.15151515151515152,1.0,6.0,1.0,9.0,4.0,24.0,6.0,8.0,6.0,0.8888888888888888,0.5294117647058824,0.4444444444444444,0.5294117647058824,0.5,0.5,1.0,0.25,0.5,,1.0,2.0,1.0,1.0,,0.25,,0.034482758620689655,1.0,2.0,1.0,3.0,,0.3333333333333333,0.3333333333333333,0.16666666666666666,0.5,1.0,3.0,3.0,2.0,0.6,0.6,0.6666666666666666,0.6,1.0,,,0.08333333333333333,,,,,,,,3.0,,,,,,,,,,,,,1610612749,2004,2003-04,False
1496-1800-2046-2409-2429,1610612749,"Keith Van Horn, Damon Jones, Desmond Mason, Marcus Haislip, Dan Gadzuric","Van Horn, Jones, Mason, Haislip, Gadzuric",1496-1800-2046-2409-2429,MIL,113.0,1,2.0,7.0,4.0,4.0,1.0,8.0,1.0,,,2.0,3.0,,7.0,,,2.0,2.0,1.0,2.0,,5.0,,3.0,4.0,1.0,5.0,,,,,,,5.0,0.5,0.5,0.6666666666666666,0.875,0.875,1.0,,1.0,1.0,1.0,101.94690265486726,10.25,18.0,9.0,18.0,0.25,,,,,0.49735,,,0.2857142857142857,1.9666666666666668,4.0,,1.0,,,0.25,,1.0,,0.75,25.3,,1.0,2.0,,,1.0,1.0,,,,,2.0,1.0,1.0,1.0,1.0,,,,,,,,,,0.3333333333333333,0.5,1.0,1.0,1.0,,1.0,,0.5,0.5,1.0,1.0,1.0,1.0,,,0.4551,,,,1.0,1.0,1.0,,,,,1.0,,1.0,1.0,1.0,,1.0,1.0,1.0,1.0,,,,,1.0,,,1.0,,,,,,0.25,,,,,,1.0,,1.0,1.0,,1.0,,3.0,1.0,1.0,1.0,1.0,1.0,,1.0,1.0,1.0,1.0,,1.0,,,,,,,,,,,,,,,,,,,,,,,,,,,,,,,,1.0,,,,,,,,,,,,,,,,,,,1610612749,2004,2003-04,False
1496-1800-2046-2429-389,1610612749,"Keith Van Horn, Damon Jones, Desmond Mason, Dan Gadzuric, Toni Kukoc","Van Horn, Jones, Mason, Gadzuric, Kukoc",1496-1800-2046-2429-389,MIL,1805.0,6,30.0,22.0,52.0,53.0,9.0,105.0,9.0,3.0,6.0,14.0,29.0,18.0,70.0,48.0,4.0,8.0,14.0,7.0,13.0,2.0,32.0,,18.0,26.0,10.0,36.0,2.0,,11.0,16.0,24.0,11.0,62.0,0.5,0.5384615384615384,0.4827586206896552,0.65,0.6730769230769231,0.5714285714285714,,0.72,0.7666666666666667,0.6666666666666666,83.76731301939058,16.03846153846154,18.32075471698113,15.211538461538462,17.849056603773583,0.225,0.15,0.5,0.5,0.6666666666666666,0.5178024999999999,0.22,0.28205128205128205,0.11428571428571428,6.69655172413793,12.0,4.0,11.0,3.0,1.0,0.275,1.0,0.6666666666666666,0.1,0.625,24.663636363636364,4.0,6.0,14.0,1.0,2.0,5.0,3.0,2.0,3.0,3.0,7.0,14.0,3.0,2.0,9.0,5.0,2.0,,2.0,,7.0,4.0,0.6666666666666666,0.6666666666666666,0.875,0.10344827586206896,0.21428571428571427,0.6,1.0,0.5555555555555556,0.25,1.0,1.0,0.35,0.42857142857142855,0.5454545454545454,0.3333333333333333,0.5555555555555556,0.5555555555555556,0.6666666666666666,0.5,0.48510000000000003,0.5085000000000001,0.1,0.07692307692307693,6.0,5.0,12.0,4.0,4.0,4.0,3.0,0.5,0.75,1.0,1.0,2.0,2.0,0.6666666666666666,0.5,0.25,1.0,1.0,6.0,,,7.0,,,7.0,3.0,1.0,,1.0,0.6,0.175,,,1.0,3.0,1.0,0.625,,1.0,5.0,,8.0,,18.0,5.0,6.0,3.0,0.75,0.7272727272727273,,0.7272727272727273,0.7142857142857143,0.7142857142857143,0.6,,0.7142857142857143,,1.0,1.0,2.0,,1.0,0.3333333333333333,1.0,0.13333333333333333,,1.0,,1.0,,,,0.25,,,3.0,,3.0,0.75,0.75,1.0,,,,,,,,,,,1.0,,6.0,,,,,,,,,,,,,1610612749,2004,2003-04,False
1496-1800-2046-2429-693,1610612749,"Keith Van Horn, Damon Jones, Desmond Mason, Dan Gadzuric, Joe Smith","Van Horn, Jones, Mason, Gadzuric, Smith",1496-1800-2046-2429-693,MIL,189.0,2,3.0,-2.0,7.0,6.0,1.0,13.0,1.0,,1.0,,4.0,2.0,2.0,4.0,,,,,,,,,1.0,4.0,1.0,5.0,,,1.0,1.0,2.0,1.0,2.0,,,,,0.2,,,1.0,1.0,,99.04761904761905,13.142857142857142,16.166666666666668,13.0,16.166666666666668,0.25,0.25,,,,0.484325,0.2,0.2,,7.9,1.0,,,1.0,,,1.0,,,0.5,,2.0,,2.0,,,,1.0,,1.0,,,,,,1.0,2.0,,,,,,2.0,,,,,,0.25,1.0,0.25,,1.0,1.0,0.5,,,,,,,,0.5821,0.389,,0.2857142857142857,1.0,1.0,3.0,,,,,0.3333333333333333,,,1.0,,,,,1.0,,,2.0,,,,,,,,1.0,,,,,,,,,,0.5,,1.0,,,,,,,,,,,,,,,,,,,,,,,,,,,,,,,,,,,,,,,,,,,,,,,,,,,,,,,,,,,,,,,,,,,,1610612749,2004,2003-04,False
1496-1800-2046-389-693,1610612749,"Keith Van Horn, Damon Jones, Desmond Mason, Toni Kukoc, Joe Smith","Van Horn, Jones, Mason, Kukoc, Smith",1496-1800-2046-389-693,MIL,132.0,2,2.0,-2.0,2.0,3.0,1.0,5.0,,,,,1.0,,,2.0,,,,,,,,,,,2.0,2.0,,,,1.0,,,,,,,,,,,,,,54.54545454545454,25.5,27.0,20.0,15.333333333333334,,,,,,0.50405,,,,,3.0,,2.0,,,0.6666666666666666,,,,1.0,26.0,,,1.0,,,,1.0,,,,,,,,1.0,,,,,,,,,,,,,1.0,,0.6666666666666666,,,,0.3333333333333333,,,,,,,,,,,,1.0,,1.0,1.0,1.0,1.0,,1.0,,,1.0,,,,,1.0,,,,,,2.0,,,2.0,,,,,,0.6666666666666666,,,1.0,1.0,,1.0,,,,,,,,,,,,,,,,,,,,,,1.0,,,,0.5,,,,,,,,,0.5,,,,,,,,,,,,,,,,,,,,,,,,,,,,,,,,,,,1610612749,2004,2003-04,False
1496-1800-2072-2409-693,1610612749,"Keith Van Horn, Damon Jones, Michael Redd, Marcus Haislip, Joe Smith","Van Horn, Jones, Redd, Haislip, Smith",1496-1800-2072-2409-693,MIL,30.0,1,,5.0,2.0,1.0,,3.0,,,,1.0,1.0,,5.0,,,,2.0,1.0,2.0,,5.0,,,,,,,,,,,,5.0,1.0,1.0,1.0,1.25,1.25,,,,,,144.0,3.0,24.0,3.0,24.0,,,,,,0.503825,,,,,1.0,,1.0,,,0.5,,,,1.0,26.3,2.0,1.0,1.0,1.0,1.0,,,1.0,1.0,,5.0,,,1.0,,,,,,,5.0,2.0,1.0,1.25,1.25,,,,,,,,,0.5,1.0,1.0,1.0,,,0.5,1.0,,0.503825,1.0,1.0,,,,,,,,,,,,,,,,,,,,,,1.0,1.0,1.0,1.0,,,,,,0.5,0.5,,,,,,,,1.0,1.0,1.0,1.0,3.0,1.0,1.0,1.0,1.0,1.0,1.0,1.0,1.0,1.0,1.0,1.0,1.0,,,,,,,,,,,,,,,,,,,,,,,,,,,,,,,,,,,,,,,,,,,,,,,,,,,1610612749,2004,2003-04,False
1496-1800-2072-2429-389,1610612749,"Keith Van Horn, Damon Jones, Michael Redd, Dan Gadzuric, Toni Kukoc","Van Horn, Jones, Redd, Gadzuric, Kukoc",1496-1800-2072-2429-389,MIL,1767.0,9,29.0,-13.0,59.0,59.0,11.0,118.0,10.0,3.0,6.0,18.0,35.0,8.0,50.0,63.0,2.0,18.0,18.0,9.0,11.0,1.0,24.0,,13.0,21.0,12.0,33.0,4.0,1.0,5.0,13.0,9.0,5.0,32.0,0.5,0.6923076923076923,0.5142857142857142,0.39622641509433965,0.43859649122807015,0.9,,0.5652173913043478,0.625,0.8571428571428571,96.16298811544992,14.661016949152541,15.288135593220339,14.23728813559322,14.64406779661017,0.18867924528301888,0.11320754716981132,0.5,0.5,0.3333333333333333,0.520061320754717,0.08771929824561403,0.1282051282051282,0.36,6.062857142857142,20.0,8.0,18.0,1.0,1.0,0.33962264150943394,1.0,0.4,0.1509433962264151,0.6981132075471698,24.994444444444444,22.0,13.0,19.0,7.0,12.0,2.0,9.0,9.0,18.0,,18.0,18.0,4.0,7.0,7.0,7.0,3.0,,,1.0,18.0,22.0,0.5,0.375,0.375,0.11428571428571428,0.10526315789473684,0.4375,0.7777777777777778,0.375,0.375,0.5,0.8571428571428571,0.3584905660377358,0.6842105263157895,0.7647058823529411,0.5384615384615384,0.2,0.25,0.5,0.5833333333333334,0.5753166666666667,0.5318083333333333,0.36,0.3728813559322034,8.0,4.0,12.0,2.0,1.0,2.0,,0.6666666666666666,,8.0,9.0,8.0,10.0,0.8888888888888888,0.8888888888888888,1.0,0.8888888888888888,1.0,4.0,,0.2,10.0,4.0,6.0,10.0,1.0,5.0,1.0,0.3333333333333333,0.5,0.18867924528301888,0.16666666666666666,2.0,4.0,1.0,1.0,0.6,0.08333333333333333,0.5,1.0,,2.0,,6.0,1.0,2.0,1.0,1.0,0.1111111111111111,,0.1111111111111111,0.1,0.1,1.0,,0.1,1.0,1.0,5.0,1.0,,1.0,0.3125,0.42857142857142855,0.03571428571428571,,,,,,,0.2222222222222222,,,,1.0,,1.0,0.125,0.125,1.0,,,,,,,0.375,,,,,,,,,,,,,,,,,,,1610612749,2004,2003-04,False
1496-1800-2072-2429-693,1610612749,"Keith Van Horn, Damon Jones, Michael Redd, Dan Gadzuric, Joe Smith","Van Horn, Jones, Redd, Gadzuric, Smith",1496-1800-2072-2429-693,MIL,289.0,4,5.0,-4.0,10.0,9.0,4.0,19.0,1.0,,3.0,2.0,7.0,6.0,10.0,14.0,2.0,2.0,4.0,2.0,2.0,,4.0,,1.0,2.0,5.0,7.0,,,3.0,3.0,6.0,2.0,8.0,1.0,1.0,0.2857142857142857,0.18181818181818182,0.35714285714285715,0.2,,1.0,1.0,1.0,94.67128027681662,18.7,11.333333333333334,15.0,11.333333333333334,0.09090909090909091,0.2727272727272727,,,,0.4955636363636364,0.15384615384615385,0.2222222222222222,0.2,9.314285714285715,4.0,1.0,4.0,1.0,,0.36363636363636365,1.0,,0.09090909090909091,0.6363636363636364,24.725,8.0,1.0,3.0,1.0,3.0,1.0,2.0,2.0,5.0,6.0,10.0,,2.0,1.0,3.0,,,,1.0,,10.0,8.0,0.4,0.2857142857142857,0.5,0.2857142857142857,0.6666666666666666,0.6,,0.5555555555555556,,,,0.2727272727272727,0.3333333333333333,1.0,1.0,1.0,1.0,0.42857142857142855,0.3333333333333333,0.5120333333333333,0.4928071428571429,1.0,0.8,,,,,,,,,,,1.0,,,,,0.25,,,,,,3.0,2.0,2.0,3.0,1.0,,,0.6666666666666666,1.0,0.2727272727272727,0.2857142857142857,,,,,0.5,,,,,,,,,,,,,,,,,,,,,,2.0,1.0,,,0.5,,0.14285714285714285,,2.0,,2.0,,,0.6666666666666666,0.5,,,,,,,,,,,,,,,,,,,,,,,,,,,,,,,,,,1610612749,2004,2003-04,False
1496-1800-2072-389-693,1610612749,"Keith Van Horn, Damon Jones, Michael Redd, Toni Kukoc, Joe Smith","Van Horn, Jones, Redd, Kukoc, Smith",1496-1800-2072-389-693,MIL,387.0,3,6.0,1.0,16.0,16.0,2.0,32.0,,1.0,4.0,3.0,8.0,3.0,12.0,11.0,,2.0,,,,,,,2.0,5.0,3.0,8.0,3.0,2.0,1.0,4.0,4.0,1.0,10.0,,,0.375,0.32142857142857145,0.375,0.3333333333333333,,0.6666666666666666,0.5,1.0,119.06976744186046,12.625,11.5625,12.0625,10.3125,,0.2857142857142857,0.25,0.25,,0.4868964285714286,0.06666666666666667,0.1111111111111111,0.16666666666666666,8.8,9.0,3.0,6.0,3.0,2.0,0.42857142857142855,1.0,,0.21428571428571427,0.7142857142857143,25.183333333333334,11.0,2.0,4.0,1.0,3.0,,3.0,1.0,5.0,3.0,8.0,6.0,,,1.0,,1.0,,1.0,,8.0,11.0,0.2,0.2777777777777778,0.36363636363636365,,,0.2,,0.3,,,,0.2857142857142857,0.5,0.5,,,,0.3333333333333333,0.3333333333333333,0.4971,0.5334055555555556,0.6666666666666666,0.6875,1.0,1.0,3.0,,,,,0.3333333333333333,,1.0,2.0,1.0,2.0,0.3333333333333333,0.3333333333333333,0.6666666666666666,0.5,,2.0,,,3.0,2.0,4.0,3.0,,1.0,,0.3333333333333333,,0.21428571428571427,0.2222222222222222,2.0,,,,,0.2222222222222222,,1.0,1.0,1.0,1.0,,1.0,,,,0.16666666666666666,0.25,0.16666666666666666,0.3333333333333333,0.3333333333333333,,0.5,0.3333333333333333,,,2.0,,1.0,,0.4,,,,,,,,,1.0,,,,,,,,,,,,,,,,,,,,,,3.0,,,,,,,,,,,,,1610612749,2004,2003-04,False
1496-2046-2072-2091-693,1610612749,"Keith Van Horn, Desmond Mason, Michael Redd, Daniel Santiago, Joe Smith","Van Horn, Mason, Redd, Santiago, Smith",1496-2046-2072-2091-693,MIL,4.0,1,,,1.0,,,1.0,,,,,,,,,,,,,,,,,,,,,,,,1.0,,,,,,,,,,,,,,360.0,2.0,,2.0,,,,,,,,,,,,,,,,,,,,,,,,,,,,,,,,,,,,,,,,,,,,,,,,,,,,,,,,,,,,,,,,,,,,,,,,,,,,,,,,,,,,,,,,,,,,,,,,,,,,,,,,,,,,,,,,,,,,,,,,,,,,,,,,,,,,,,,,,,,,,,,,,,,,,,,,,,,,,,,,,,,,,,,,,,,,,,1610612749,2004,2003-04,False
1496-2046-2072-2551-693,1610612749,"Keith Van Horn, Desmond Mason, Michael Redd, T.J. Ford, Joe Smith","Van Horn, Mason, Redd, Ford, Smith",1496-2046-2072-2551-693,MIL,16.0,1,,-2.0,,1.0,,1.0,,,,,,,,2.0,,,,,,,,,,,,,,,,,,,,,,,,,,,,,,90.0,,15.0,,15.0,,,,,,,,,,,1.0,,1.0,,,1.0,,,,1.0,40.1,,,,,,,,,,,,,,,,,,,,,,,,,,,,,,,,,,,,,,,,,,,,,,,,,,,,,,,,,,,,,,,,,,,1.0,1.0,1.0,,,,,,,1.0,1.0,,,,,,,,,,,,,,,,,,,,,,,,,,,,,,,,,,,,,,,,,,,,,,,,,,,,,,,,,,,,,,,,1.0,,,,,,,,,,,1610612749,2004,2003-04,False
1496-2046-2429-2551-693,1610612749,"Keith Van Horn, Desmond Mason, Dan Gadzuric, T.J. Ford, Joe Smith","Van Horn, Mason, Gadzuric, Ford, Smith",1496-2046-2429-2551-693,MIL,423.0,2,7.0,-3.0,13.0,13.0,3.0,26.0,2.0,1.0,3.0,3.0,9.0,2.0,11.0,14.0,,2.0,2.0,1.0,2.0,,5.0,,3.0,3.0,2.0,5.0,1.0,,3.0,5.0,2.0,1.0,9.0,0.3333333333333333,0.5,0.3333333333333333,0.4090909090909091,0.4583333333333333,0.5,,0.42857142857142855,0.375,,88.51063829787235,16.46153846153846,16.076923076923077,15.076923076923077,13.76923076923077,0.18181818181818182,0.2727272727272727,0.3333333333333333,0.3333333333333333,,0.5206181818181818,0.08333333333333333,0.1,0.18181818181818182,7.8999999999999995,6.0,,2.0,,,0.18181818181818182,,0.5,,0.5454545454545454,25.15,8.0,2.0,4.0,1.0,2.0,,2.0,1.0,3.0,2.0,7.0,4.0,1.0,1.0,2.0,,1.0,,,,7.0,8.0,0.3333333333333333,0.5,0.5833333333333334,0.1111111111111111,0.25,0.3333333333333333,,0.2857142857142857,0.5,0.4,,0.36363636363636365,0.5,0.6666666666666666,0.5,,,0.4,0.5,0.452,0.62636,0.6363636363636364,0.6153846153846154,2.0,2.0,3.0,,,,,0.6666666666666666,,1.0,1.0,1.0,2.0,0.5,0.5,0.5,1.0,,1.0,,,2.0,2.0,2.0,2.0,,2.0,,,,0.18181818181818182,0.4,,,1.0,,0.5,,,1.0,1.0,1.0,1.0,3.0,1.0,1.0,1.0,1.0,0.5,0.5,0.5,0.5,0.5,1.0,0.5,0.5,1.0,,,,,,,,,,,,,,,,,,,,,,,,,,,,,,,,,,,,,,,,,,,,,,,,,,1610612749,2004,2003-04,False
1496-2072-2429-2551-693,1610612749,"Keith Van Horn, Michael Redd, Dan Gadzuric, T.J. Ford, Joe Smith","Van Horn, Redd, Gadzuric, Ford, Smith",1496-2072-2429-2551-693,MIL,8.0,1,,2.0,,,,,,,,1.0,1.0,,2.0,,,,,,,,,,,,,,,,,,1.0,,2.0,,,1.0,1.0,0.5,,,,,,,,,,,,,,,,0.5044,,,,,,,,,,,,,,1.0,,,1.0,1.0,,,,,,,,,2.0,,,,,,,1.0,,,,,,,,,,,,,,,1.0,1.0,1.0,,,,,,,,,,,,,,,,,,,,,,,,,,,,,,,,,,,,,,,,,,,,,,,,,,,,,,,,,,,,,,,,,,,,,,,,,,,,,,,,,,,,,,,,,,,,,,,,,,,,,,,,,,,,,,,,,,,,1610612749,2004,2003-04,False
1496-2072-2551-389-693,1610612749,"Keith Van Horn, Michael Redd, T.J. Ford, Toni Kukoc, Joe Smith","Van Horn, Redd, Ford, Kukoc, Smith",1496-2072-2551-389-693,MIL,137.0,1,2.0,-4.0,5.0,4.0,,9.0,1.0,,,1.0,2.0,1.0,3.0,7.0,,,,,,,,,,2.0,,2.0,,,1.0,2.0,2.0,1.0,3.0,,,0.5,0.3333333333333333,0.375,,,,0.3333333333333333,,94.59854014598541,11.2,20.25,11.2,19.5,0.3333333333333333,,,,,0.5129166666666667,0.25,0.3333333333333333,,6.7,4.0,,1.0,1.0,1.0,0.3333333333333333,1.0,,,0.6666666666666666,25.7,5.0,1.0,1.0,1.0,1.0,,,1.0,2.0,1.0,3.0,2.0,,,,1.0,,,,,3.0,5.0,0.5,0.3333333333333333,0.375,,,,0.5,,,,0.5,0.3333333333333333,1.0,1.0,,,,0.3333333333333333,1.0,,0.5129166666666667,1.0,1.0,1.0,,1.0,,,,,1.0,,,,,,,,,,,,,,1.0,1.0,1.0,1.0,,1.0,,,,0.3333333333333333,0.3333333333333333,,1.0,,,,,,,,,,,,,,,,,,,,,,,,,,,,,,,,,,,,,,,,,,,,,,,,,,,,,,,,,,,,,,,,,,,,,,,,,1610612749,2004,2003-04,False
1501-1730-1800-2046-2072,1610612749,"Tim Thomas, Brian Skinner, Damon Jones, Desmond Mason, Michael Redd","Thomas, Skinner, Jones, Mason, Redd",1501-1730-1800-2046-2072,MIL,300.0,1,5.0,,9.0,9.0,,18.0,1.0,,,2.0,3.0,,13.0,13.0,,,2.0,1.0,3.0,,8.0,,1.0,1.0,,1.0,1.0,,,,,,13.0,0.5,0.5,0.6666666666666666,0.8125,0.8125,,,0.3333333333333333,0.25,1.0,86.4,14.555555555555555,18.77777777777778,14.555555555555555,17.666666666666668,0.125,,,,,0.4848642857142857,,,,4.233333333333333,1.0,,5.0,,,0.625,,,,0.875,28.28,1.0,1.0,2.0,,,1.0,,,,,3.0,2.0,1.0,,,,1.0,,,,3.0,1.0,,1.5,1.5,0.3333333333333333,0.5,,,,,,,0.25,0.5,1.0,,1.0,1.0,,,,,0.23076923076923078,0.1111111111111111,1.0,,1.0,2.0,1.0,2.0,,1.0,,,,,,,,,,,,,,5.0,1.0,1.0,5.0,1.0,,1.0,,1.0,0.625,1.0,,1.0,,,,,,3.0,1.0,3.0,1.0,6.0,3.0,2.0,2.0,0.6666666666666666,0.6,1.0,0.6,0.6,0.6,0.6666666666666666,1.0,0.6,,,,,,,,,,,,,,,,,,,,,,,,,,,,,,,,,,,,,,3.0,,,,,,,,,,,,,1610612749,2004,2003-04,False
1501-1730-1800-2046-2429,1610612749,"Tim Thomas, Brian Skinner, Damon Jones, Desmond Mason, Dan Gadzuric","Thomas, Skinner, Jones, Mason, Gadzuric",1501-1730-1800-2046-2429,MIL,227.0,2,4.0,1.0,6.0,6.0,,12.0,2.0,,1.0,1.0,3.0,,5.0,4.0,,,,,1.0,,3.0,,2.0,3.0,,3.0,,,1.0,1.0,,,5.0,,,0.3333333333333333,0.625,0.625,,,0.6666666666666666,0.75,0.6666666666666666,76.12334801762115,16.833333333333332,21.0,16.833333333333332,21.0,0.5,0.25,,,,0.463175,,,,9.9,2.0,1.0,1.0,,,0.25,,,0.25,0.25,22.8,2.0,,,,,1.0,,,,,3.0,2.0,1.0,,,1.0,,,,,3.0,2.0,,1.5,1.5,0.3333333333333333,,,1.0,,,,1.0,,,,,0.5,1.0,,,,0.5991,0.6,0.3333333333333333,1.0,,2.0,,,,,0.5,,,,,,,,,,1.0,1.0,,0.5,,,1.0,,,1.0,,,,,,1.0,1.0,,,,1.0,,,,1.0,1.0,3.0,,1.0,,1.0,1.0,1.0,1.0,,,,,,,,,,,,,,,,,,,,,,,,,1.0,1.0,1.0,1.0,1.0,1.0,1.0,,,,,,,,,,,,,,,,,,,,,,,,,1610612749,2004,2003-04,False
1501-1730-1800-2046-2551,1610612749,"Tim Thomas, Brian Skinner, Damon Jones, Desmond Mason, T.J. Ford","Thomas, Skinner, Jones, Mason, Ford",1501-1730-1800-2046-2551,MIL,91.0,1,2.0,-3.0,4.0,4.0,,8.0,,,,1.0,3.0,,2.0,5.0,,,2.0,1.0,1.0,,2.0,,1.0,1.0,,1.0,1.0,1.0,1.0,2.0,,,2.0,1.0,1.0,0.3333333333333333,0.3333333333333333,0.3333333333333333,,,1.0,1.0,1.0,126.5934065934066,10.25,12.5,10.25,12.5,,,,,,0.6262,,,,,,,,,,,,,,1.0,,,1.0,3.0,,,,,,,,,,,1.0,,,,,,,,,,,,,,,,,,,,1.0,0.3333333333333333,0.3333333333333333,1.0,,,,,,,,,,,1.0,,,,,,,,,,,,,,,,1.0,,,,,,,,,,,,,,,,,1.0,,,,,,,,,,,,,,,,,,,,,,,,,,,,,,,,,,,,,,,,,,,,,,,,,,,,,,,,,,,,,,,,,,,,,,,1610612749,2004,2003-04,False
1501-1730-1800-2046-389,1610612749,"Tim Thomas, Brian Skinner, Damon Jones, Desmond Mason, Toni Kukoc","Thomas, Skinner, Jones, Mason, Kukoc",1501-1730-1800-2046-389,MIL,1457.0,9,24.0,-16.0,50.0,50.0,5.0,100.0,7.0,2.0,5.0,5.0,23.0,18.0,40.0,56.0,6.0,9.0,10.0,5.0,9.0,2.0,22.0,,10.0,18.0,6.0,24.0,2.0,,10.0,14.0,24.0,7.0,31.0,1.0,1.0,0.21739130434782608,0.3548387096774194,0.4642857142857143,0.75,,0.625,0.6,0.8333333333333334,98.83321894303363,15.5,13.64,14.8,12.04,0.22580645161290322,0.16129032258064516,0.4,0.4,1.0,0.4744483870967742,0.1891891891891892,0.2413793103448276,0.225,7.191304347826088,19.0,3.0,8.0,3.0,1.0,0.25806451612903225,0.75,0.5,0.0967741935483871,0.6129032258064516,24.9,14.0,3.0,11.0,1.0,3.0,,2.0,3.0,7.0,10.0,16.0,,2.0,3.0,5.0,5.0,2.0,1.0,5.0,,16.0,14.0,0.42857142857142855,0.3333333333333333,0.5333333333333333,0.08695652173913043,0.09090909090909091,0.2777777777777778,0.5555555555555556,0.2857142857142857,0.2857142857142857,0.5,0.5,0.3548387096774194,0.2727272727272727,0.3,1.0,,,0.3333333333333333,0.3333333333333333,0.569125,0.46998888888888884,0.4,0.28,6.0,,12.0,3.0,3.0,3.0,2.0,0.5,0.6666666666666666,,2.0,,,,0.5,0.6666666666666666,,,6.0,,0.14285714285714285,5.0,1.0,2.0,5.0,,1.0,,,,0.16129032258064516,0.1111111111111111,1.0,6.0,,2.0,0.375,0.1111111111111111,1.0,4.0,,4.0,,12.0,4.0,4.0,4.0,1.0,0.5,,0.5,0.8,0.8,1.0,,0.8,1.0,2.0,1.0,1.0,,1.0,0.3333333333333333,0.3333333333333333,0.05263157894736842,1.0,1.0,1.0,1.0,,1.0,,0.3333333333333333,1.0,1.0,,,,,,,,,,,,,,,,,1.0,,,,,,,,,,,,,,,1610612749,2004,2003-04,False
1501-1730-1800-2046-693,1610612749,"Tim Thomas, Brian Skinner, Damon Jones, Desmond Mason, Joe Smith","Thomas, Skinner, Jones, Mason, Smith",1501-1730-1800-2046-693,MIL,556.0,3,9.0,-1.0,20.0,18.0,2.0,38.0,5.0,3.0,6.0,6.0,16.0,7.0,19.0,20.0,3.0,5.0,8.0,4.0,4.0,3.0,8.0,,6.0,9.0,3.0,12.0,1.0,1.0,2.0,5.0,8.0,5.0,14.0,0.6666666666666666,0.8,0.375,0.3333333333333333,0.4523809523809524,0.8333333333333334,,0.8571428571428571,0.8888888888888888,1.0,98.41726618705034,14.7,14.555555555555555,14.15,13.38888888888889,0.2777777777777778,0.3333333333333333,0.5,0.6,1.0,0.4611222222222222,0.23809523809523808,0.2631578947368421,0.2631578947368421,10.16875,6.0,,2.0,1.0,1.0,0.1111111111111111,0.5,1.0,,0.3888888888888889,25.9,3.0,2.0,5.0,,,1.0,2.0,1.0,1.0,,2.0,4.0,1.0,,3.0,2.0,,,,,2.0,3.0,1.0,1.0,1.0,0.0625,,0.3,1.0,0.25,0.5,,1.0,0.2777777777777778,0.4,0.4,,0.2,0.2,,,0.45465,0.4205,0.10526315789473684,0.15,,,2.0,,,,,,,1.0,1.0,1.0,2.0,0.5,0.5,0.5,1.0,,2.0,,,2.0,,,2.0,1.0,2.0,,0.3333333333333333,1.0,0.1111111111111111,,,,,1.0,,,,,,,,,,,,,,,,,,,,,,1.0,,,,2.0,,,,,,,,,,,,,,,,,,,,,,,,,,,,,,,0.16666666666666666,,,,,,,,,,,,,,1610612749,2004,2003-04,False
1501-1730-1800-2072-2091,1610612749,"Tim Thomas, Brian Skinner, Damon Jones, Michael Redd, Daniel Santiago","Thomas, Skinner, Jones, Redd, Santiago",1501-1730-1800-2072-2091,MIL,8.0,1,,-2.0,,1.0,,1.0,,,,,,,,2.0,,,,,,,,,,,,,,,,1.0,,,,,,,,,,,,,,180.0,,8.0,,,,,,,,,,,,,1.0,,,,1.0,,,,,,,,,,,,,,,,,,,,,,,,,,,,,,,,,,,,,,,,,,,,,,,,,,,,,,,,,,,,,,,,,,,,,,,,,,,,,,,,,,,,,,,,,,,,,,,,,,,,,,,,,,,,,,,,,,,,,,,,,,,,,,,,,,,,,,,,,,,,,,,,,,,,,,,,,,,,,,1610612749,2004,2003-04,False
1501-1730-1800-2072-2429,1610612749,"Tim Thomas, Brian Skinner, Damon Jones, Michael Redd, Dan Gadzuric","Thomas, Skinner, Jones, Redd, Gadzuric",1501-1730-1800-2072-2429,MIL,107.0,1,2.0,-2.0,2.0,3.0,,5.0,,1.0,1.0,1.0,1.0,1.0,3.0,5.0,,,,,,,,,1.0,1.0,,1.0,,,1.0,1.0,2.0,1.0,3.0,,,1.0,1.0,0.75,,,0.5,0.3333333333333333,,67.28971962616822,16.5,24.666666666666668,16.5,23.0,,1.0,1.0,1.0,,0.3769,0.5,0.5,,19.5,,,,,,,,0.5,,,,2.0,,,,,,,1.0,1.0,1.0,3.0,2.0,,,,,,,,,3.0,2.0,1.0,1.0,0.75,,,,,,,,,,,,,,,,,,0.3769,1.0,1.0,,,,,,,,,,,,,,,,,,,,,,,,,,,,,,,,,,,,,,,,,,,,,,,,,,,,,,,,,,,,,,,,,,,,,,,,,,,,,,,,,,,,,,,,,,,,,,,,,,,,,,,,,,,1610612749,2004,2003-04,False
1501-1730-1800-2072-389,1610612749,"Tim Thomas, Brian Skinner, Damon Jones, Michael Redd, Toni Kukoc","Thomas, Skinner, Jones, Redd, Kukoc",1501-1730-1800-2072-389,MIL,381.0,5,6.0,,13.0,12.0,1.0,25.0,2.0,2.0,2.0,5.0,7.0,2.0,15.0,15.0,,2.0,8.0,4.0,5.0,2.0,11.0,,1.0,2.0,2.0,4.0,1.0,1.0,1.0,6.0,3.0,1.0,13.0,0.8,1.0,0.7142857142857143,0.5,0.5,0.5,,0.5,0.5,,94.48818897637796,12.461538461538462,18.25,12.076923076923077,17.25,0.15384615384615385,0.15384615384615385,1.0,1.0,1.0,0.50035,0.07142857142857142,0.125,0.13333333333333333,8.77142857142857,5.0,3.0,6.0,,2.0,0.46153846153846156,,1.0,0.23076923076923078,0.6923076923076923,26.21666666666667,13.0,3.0,3.0,3.0,3.0,,1.0,5.0,7.0,2.0,15.0,2.0,,2.0,,1.0,,1.0,,,15.0,13.0,0.7142857142857143,0.5,0.5,,,,0.5,0.3333333333333333,,,0.5,0.23076923076923078,1.0,1.0,0.6666666666666666,,,0.23076923076923078,1.0,0.6027,0.50035,1.0,1.0,,,,1.0,1.0,1.0,1.0,,1.0,1.0,1.0,1.0,2.0,1.0,0.5,0.5,1.0,,,,,3.0,3.0,6.0,3.0,,,,,,0.23076923076923078,0.23076923076923078,3.0,,,,,0.23076923076923078,,,,1.0,1.0,3.0,,1.0,,1.0,0.16666666666666666,0.16666666666666666,0.16666666666666666,,,,,,,,2.0,,,,0.5,1.0,,,,,1.0,,,,,,,1.0,1.0,1.0,0.3333333333333333,0.5,1.0,0.3333333333333333,1.0,,,0.5,,,,,,,,,,,,,,,1.0,0.16666666666666666,0.3333333333333333,,,,1610612749,2004,2003-04,False
1501-1730-1800-2072-693,1610612749,"Tim Thomas, Brian Skinner, Damon Jones, Michael Redd, Joe Smith","Thomas, Skinner, Jones, Redd, Smith",1501-1730-1800-2072-693,MIL,2197.0,8,37.0,-21.0,73.0,74.0,10.0,147.0,25.0,5.0,23.0,18.0,57.0,5.0,47.0,68.0,2.0,8.0,20.0,10.0,12.0,4.0,26.0,,28.0,33.0,11.0,44.0,3.0,,8.0,14.0,6.0,3.0,39.0,0.5555555555555556,0.625,0.3157894736842105,0.3088235294117647,0.33098591549295775,0.36363636363636365,,0.7777777777777778,0.7857142857142857,0.875,96.34956759217114,16.73972602739726,13.175675675675675,16.013698630136986,12.567567567567568,0.36764705882352944,0.3382352941176471,0.21739130434782608,0.21739130434782608,0.8,0.44034926470588237,0.04225352112676056,0.05,0.1702127659574468,11.375438596491227,18.0,3.0,11.0,,1.0,0.16176470588235295,,0.6363636363636364,0.04411764705882353,0.29411764705882354,25.536363636363635,1.0,4.0,9.0,1.0,1.0,9.0,9.0,1.0,2.0,,2.0,16.0,4.0,2.0,8.0,5.0,3.0,,,,2.0,1.0,0.5,0.5,0.5,0.07017543859649122,0.2222222222222222,0.20512820512820512,0.8333333333333334,0.22916666666666666,0.1875,0.7777777777777778,0.75,0.1323529411764706,0.4444444444444444,0.5714285714285714,0.5,0.36,0.391304347826087,0.5,1.0,0.46125714285714287,0.4938,0.0425531914893617,0.0136986301369863,9.0,3.0,13.0,2.0,2.0,2.0,1.0,0.6923076923076923,0.5,1.0,1.0,3.0,4.0,0.3333333333333333,0.3,0.1,1.0,2.0,4.0,,0.08,8.0,,,8.0,4.0,,,0.2222222222222222,0.4444444444444444,0.11764705882352941,,,6.0,,,0.2,,1.0,1.0,,2.0,,6.0,1.0,2.0,1.0,1.0,0.18181818181818182,,0.18181818181818182,0.125,0.125,1.0,,0.125,2.0,,3.0,1.0,,,0.3333333333333333,,0.023255813953488372,,,,1.0,,,0.42857142857142855,,,,1.0,,1.0,0.3333333333333333,0.5,1.0,,1.0,,,0.1,,,,,,,,,1.0,,,,,,1.0,0.09090909090909091,0.3333333333333333,,,,1610612749,2004,2003-04,False
1501-1730-2046-2072-2551,1610612749,"Tim Thomas, Brian Skinner, Desmond Mason, Michael Redd, T.J. Ford","Thomas, Skinner, Mason, Redd, Ford",1501-1730-2046-2072-2551,MIL,561.0,4,9.0,-3.0,17.0,20.0,2.0,37.0,,,1.0,5.0,7.0,4.0,17.0,20.0,,,4.0,2.0,2.0,,4.0,,6.0,10.0,2.0,12.0,1.0,,3.0,6.0,9.0,3.0,17.0,0.4,0.4,0.7142857142857143,0.5416666666666666,0.5,,,0.8571428571428571,0.9,1.0,94.97326203208557,16.294117647058822,14.2,15.647058823529411,14.1,,0.08333333333333333,,,,0.4874125,0.2,0.3,,4.185714285714286,11.0,2.0,5.0,1.0,2.0,0.4166666666666667,1.0,1.0,0.16666666666666666,0.9166666666666666,25.02,16.0,5.0,6.0,5.0,6.0,,,5.0,6.0,3.0,16.0,6.0,,2.0,1.0,3.0,1.0,1.0,1.0,,16.0,16.0,0.8333333333333334,0.65,0.625,,,0.5,1.0,0.3333333333333333,,0.75,1.0,0.5,0.8333333333333334,0.8333333333333334,0.4,,,0.6,0.8333333333333334,0.5733,0.49162999999999996,0.9411764705882353,0.9411764705882353,1.0,1.0,3.0,1.0,,1.0,1.0,0.3333333333333333,1.0,,,,,,,,,,2.0,,,3.0,3.0,4.0,3.0,,3.0,1.0,1.0,,0.25,0.3,1.0,,,,,0.1,,,,1.0,1.0,,,,,,0.2,0.25,0.2,,,,,,,2.0,1.0,,,,0.25,1.0,,,1.0,,1.0,,,,1.0,,,1.0,1.0,,0.5,0.5,,1.0,,,,,,,,,,,,3.0,,,,,,,,,,,,,1610612749,2004,2003-04,False
1501-1730-2046-2551-389,1610612749,"Tim Thomas, Brian Skinner, Desmond Mason, T.J. Ford, Toni Kukoc","Thomas, Skinner, Mason, Ford, Kukoc",1501-1730-2046-2551-389,MIL,213.0,4,4.0,,7.0,6.0,1.0,13.0,3.0,1.0,2.0,3.0,5.0,2.0,8.0,8.0,2.0,2.0,2.0,1.0,1.0,1.0,2.0,,1.0,1.0,1.0,2.0,1.0,,,,2.0,1.0,6.0,0.3333333333333333,0.3333333333333333,0.6,0.5,0.5714285714285714,1.0,,1.0,1.0,,87.88732394366198,17.428571428571427,15.166666666666666,17.428571428571427,15.166666666666666,0.5,0.3333333333333333,0.5,0.5,1.0,0.40069166666666667,0.14285714285714285,0.16666666666666666,0.25,13.1,2.0,,1.0,,,0.16666666666666666,,,,0.16666666666666666,24.7,4.0,,,,,2.0,,2.0,4.0,,4.0,4.0,1.0,,,,1.0,,,,4.0,4.0,0.5,0.5,0.5,0.2,,,,0.3333333333333333,,1.0,,,,,,0.6666666666666666,1.0,,,,0.367975,0.5,0.5714285714285714,1.0,,1.0,,,,,1.0,,,,,,,,,,,,,0.3333333333333333,1.0,,,1.0,,,,,,0.16666666666666666,,,1.0,,,,,,,,,,,,,,,,,,,,,,,,,1.0,,,,1.0,,,,,,,,,1.0,,,,,,,,,,,,,,,,,,,,,,,,,,,,,,,,,,,1610612749,2004,2003-04,False
1501-1730-2046-2551-693,1610612749,"Tim Thomas, Brian Skinner, Desmond Mason, T.J. Ford, Joe Smith","Thomas, Skinner, Mason, Ford, Smith",1501-1730-2046-2551-693,MIL,571.0,4,10.0,1.0,16.0,18.0,2.0,34.0,5.0,5.0,7.0,10.0,15.0,1.0,21.0,20.0,,4.0,10.0,5.0,5.0,2.0,10.0,,,4.0,3.0,7.0,3.0,2.0,4.0,5.0,2.0,1.0,17.0,0.5,0.5555555555555556,0.6666666666666666,0.6666666666666666,0.65625,0.6666666666666666,,,0.5,,85.74430823117338,17.0625,16.555555555555557,15.125,14.666666666666666,0.3333333333333333,0.4666666666666667,0.7142857142857143,0.7142857142857143,0.4,0.44168,0.0625,0.0625,0.19047619047619047,10.08,6.0,,,2.0,,,0.6666666666666666,,,0.2,,6.0,3.0,3.0,,,2.0,3.0,4.0,8.0,,8.0,10.0,1.0,2.0,3.0,2.0,1.0,,,,8.0,6.0,0.5,0.5,0.5,0.06666666666666667,,0.6,1.0,0.6,0.3333333333333333,,1.0,0.2,1.0,1.0,0.6666666666666666,0.4,0.5,,,0.38666666666666666,0.39225,0.38095238095238093,0.375,2.0,2.0,4.0,,,,,0.5,,,,2.0,2.0,0.6666666666666666,0.6666666666666666,,,,2.0,,0.2,,,,,1.0,1.0,,1.0,0.5,,,,,,1.0,,,1.0,,,,,,,,,,,,,,,,,,,,,,1.0,,,,,,,,,,,,,,,,,,,,,,,,,,,,,,,,,,,,,,,,,,,,,,1610612749,2004,2003-04,False
1501-1730-2072-2091-2551,1610612749,"Tim Thomas, Brian Skinner, Michael Redd, Daniel Santiago, T.J. Ford","Thomas, Skinner, Redd, Santiago, Ford",1501-1730-2072-2091-2551,MIL,823.0,1,14.0,-13.0,27.0,27.0,4.0,54.0,6.0,1.0,3.0,10.0,23.0,5.0,28.0,41.0,,2.0,10.0,5.0,6.0,1.0,13.0,,4.0,6.0,4.0,10.0,,,4.0,5.0,7.0,4.0,26.0,0.5,0.5555555555555556,0.43478260869565216,0.4423076923076923,0.4827586206896552,0.25,,0.8,0.5555555555555556,1.0,94.48359659781288,17.0,13.481481481481481,16.666666666666668,12.88888888888889,0.23076923076923078,0.11538461538461539,0.3333333333333333,0.3333333333333333,1.0,0.517425,0.13793103448275862,0.15384615384615385,0.07142857142857142,4.578260869565217,,1.0,3.0,1.0,,0.11538461538461539,1.0,0.6666666666666666,0.038461538461538464,0.6538461538461539,24.266666666666666,,5.0,14.0,,,4.0,4.0,,,,,10.0,5.0,3.0,4.0,1.0,,,,,,,,,,0.21739130434782608,0.2857142857142857,0.3076923076923077,0.25,0.26666666666666666,1.0,,0.25,0.5384615384615384,0.35714285714285715,0.5,0.6,0.6666666666666666,0.8,,,0.53795,,,,1.0,,2.0,2.0,1.0,2.0,2.0,0.5,1.0,,3.0,1.0,2.0,0.25,0.25,0.75,,,1.0,1.0,0.16666666666666666,2.0,,,2.0,1.0,,,,0.25,0.07692307692307693,,,1.0,,,0.2222222222222222,,,1.0,,1.0,,3.0,1.0,1.0,1.0,1.0,0.3333333333333333,,0.3333333333333333,0.5,0.5,1.0,,0.5,,,,,,1.0,,,,,,,,,,,,,,,,,,,,,,,,,,,,,,,,,,,,,,,,,,,,,1610612749,2004,2003-04,False
1501-1730-2072-2429-2551,1610612749,"Tim Thomas, Brian Skinner, Michael Redd, Dan Gadzuric, T.J. Ford","Thomas, Skinner, Redd, Gadzuric, Ford",1501-1730-2072-2429-2551,MIL,251.0,2,4.0,,9.0,9.0,2.0,18.0,2.0,1.0,1.0,3.0,8.0,2.0,8.0,8.0,,2.0,4.0,2.0,2.0,1.0,4.0,,4.0,4.0,2.0,6.0,1.0,,2.0,2.0,4.0,2.0,6.0,0.6666666666666666,1.0,0.375,0.375,0.4,0.5,,0.8,0.6666666666666666,1.0,103.26693227091633,13.555555555555555,14.333333333333334,13.222222222222221,12.555555555555555,0.25,0.125,1.0,1.0,1.0,0.511075,0.2,0.2,0.25,5.025,,,,,,,,0.5,,0.625,,8.0,2.0,5.0,2.0,5.0,,2.0,3.0,8.0,1.0,7.0,2.0,,1.0,2.0,,1.0,,,,7.0,8.0,0.375,0.375,0.3888888888888889,,,0.4,,0.4,,1.0,,0.625,0.4,0.4,0.5,,,0.625,0.4,0.5702,0.511075,0.875,0.8888888888888888,1.0,,1.0,2.0,1.0,2.0,2.0,1.0,1.0,1.0,2.0,1.0,2.0,0.5,0.5,1.0,0.5,,,,,,,,,,1.0,1.0,,,,,,1.0,,,0.6666666666666666,,,,,,,,,,,,,,,,,,,,,,,,,,,,,,,,,,,,,,,,,,,,,,,,,,,,,,,,,,,,,,,,,,,,,,1610612749,2004,2003-04,False
1501-1730-2072-2551-389,1610612749,"Tim Thomas, Brian Skinner, Michael Redd, T.J. Ford, Toni Kukoc","Thomas, Skinner, Redd, Ford, Kukoc",1501-1730-2072-2551-389,MIL,923.0,7,15.0,-9.0,26.0,24.0,6.0,50.0,4.0,2.0,2.0,6.0,15.0,,15.0,24.0,,2.0,6.0,3.0,4.0,2.0,9.0,,7.0,11.0,7.0,18.0,2.0,2.0,1.0,3.0,,,13.0,0.5,0.5,0.4,0.3125,0.3125,0.2,,0.6363636363636364,0.6666666666666666,1.0,78.00650054171182,18.307692307692307,18.625,16.26923076923077,17.375,0.16666666666666666,0.08333333333333333,1.0,1.0,1.0,0.5076395833333334,,,0.13333333333333333,5.54,19.0,2.0,9.0,1.0,,0.375,1.0,0.5,0.08333333333333333,0.75,25.51111111111111,20.0,3.0,9.0,2.0,5.0,1.0,4.0,4.0,10.0,,11.0,6.0,3.0,1.0,2.0,3.0,,,,,11.0,20.0,0.4,0.34375,0.34375,0.2,0.3333333333333333,0.2222222222222222,0.75,0.4117647058823529,,0.5,1.0,0.375,0.3333333333333333,0.5,0.3333333333333333,0.25,0.25,0.3125,0.4,0.522775,0.485321875,0.7333333333333333,0.7692307692307693,3.0,,7.0,,,1.0,,0.42857142857142855,,,3.0,1.0,,0.25,0.2,0.6,,2.0,4.0,,,7.0,5.0,6.0,7.0,,5.0,,,,0.2916666666666667,0.3125,1.0,3.0,2.0,1.0,0.3333333333333333,0.0625,0.5,1.0,1.0,1.0,1.0,3.0,1.0,1.0,1.0,1.0,0.1111111111111111,0.16666666666666666,0.1111111111111111,0.14285714285714285,0.14285714285714285,1.0,0.2,0.14285714285714285,,1.0,5.0,,,,0.625,0.5,,,1.0,,1.0,,,0.6666666666666666,0.2,,,,,,,,,,,1.0,,,1.0,,,,,,,,,,,,,1.0,,,,,,,1610612749,2004,2003-04,False
1501-1730-2072-2551-693,1610612749,"Tim Thomas, Brian Skinner, Michael Redd, T.J. Ford, Joe Smith","Thomas, Skinner, Redd, Ford, Smith",1501-1730-2072-2551-693,MIL,22080.0,24,368.0,23.0,670.0,674.0,104.0,1344.0,184.0,66.0,176.0,259.0,571.0,95.0,703.0,680.0,12.0,110.0,274.0,137.0,165.0,45.0,358.0,,204.0,263.0,125.0,388.0,42.0,16.0,62.0,132.0,124.0,56.0,593.0,0.528957528957529,0.5879828326180258,0.45359019264448336,0.46412213740458014,0.49504950495049505,0.5045871559633027,,0.7157894736842105,0.7159090909090909,0.7818181818181819,87.65217391304348,16.811940298507462,16.04747774480712,15.879104477611941,15.264094955489615,0.28091603053435116,0.2687022900763359,0.375,0.39285714285714285,0.6818181818181818,0.47740847328244274,0.08034433285509325,0.09135399673735727,0.15647226173541964,8.275656742556917,52.0,21.0,84.0,11.0,8.0,0.1282442748091603,1.0,0.5348837209302325,0.03206106870229008,0.45038167938931295,25.283333333333335,75.0,111.0,211.0,11.0,24.0,82.0,89.0,25.0,58.0,21.0,86.0,244.0,43.0,57.0,110.0,48.0,26.0,5.0,10.0,3.0,86.0,75.0,0.43103448275862066,0.47794117647058826,0.5246913580246914,0.07530647985989491,0.11848341232227488,0.3548387096774194,0.7164179104477612,0.3443526170798898,0.3465346534653465,0.8089887640449438,0.7916666666666666,0.32213740458015266,0.5260663507109005,0.5967741935483871,0.5135135135135135,0.44565217391304346,0.47126436781609193,0.35294117647058826,0.4583333333333333,0.5110282608695652,0.4650845588235294,0.12233285917496443,0.11194029850746269,48.0,21.0,92.0,40.0,27.0,40.0,21.0,0.5217391304347826,0.525,27.0,58.0,43.0,52.0,0.48314606741573035,0.48514851485148514,0.5742574257425742,0.46551724137931033,13.0,44.0,,0.05434782608695652,63.0,9.0,10.0,63.0,35.0,15.0,13.0,0.3090909090909091,0.4268292682926829,0.09618320610687023,0.1323529411764706,1.0,27.0,16.0,10.0,0.41414141414141414,0.014705882352941176,0.5263157894736842,24.0,5.0,30.0,5.0,84.0,24.0,28.0,22.0,0.9333333333333333,0.35714285714285715,0.5,0.35714285714285715,0.38095238095238093,0.39344262295081966,0.9166666666666666,0.5555555555555556,0.38095238095238093,6.0,8.0,15.0,13.0,3.0,14.0,0.2830188679245283,0.4,0.04075235109717868,2.0,9.0,4.0,12.0,3.0,0.3333333333333333,0.23684210526315788,0.0891089108910891,0.2222222222222222,1.0,6.0,,6.0,0.2857142857142857,0.2857142857142857,1.0,,3.0,,,0.0297029702970297,,0.18518518518518517,,,,,0.045454545454545456,6.0,,,2.0,0.6666666666666666,1.0,,2.0,0.023809523809523808,,0.031746031746031744,,,1610612749,2004,2003-04,False
1501-1800-2046-2072-2091,1610612749,"Tim Thomas, Damon Jones, Desmond Mason, Michael Redd, Daniel Santiago","Thomas, Jones, Mason, Redd, Santiago",1501-1800-2046-2072-2091,MIL,110.0,1,2.0,-1.0,2.0,2.0,,4.0,,1.0,1.0,1.0,1.0,,2.0,3.0,,,2.0,1.0,1.0,1.0,2.0,,1.0,1.0,,1.0,,,,1.0,,,2.0,1.0,1.0,1.0,0.5,0.5,,,0.5,0.5,1.0,52.36363636363637,18.0,37.0,18.0,31.5,,0.5,1.0,1.0,1.0,0.454675,,,,20.7,,,1.0,,,0.5,,,,0.5,25.9,2.0,,,,,,,1.0,1.0,,2.0,,,,,,,,,,2.0,2.0,1.0,0.5,0.5,,,,,,,,,,,,,,,,,,0.454675,1.0,1.0,,,,,,,,,,,,,,,,,,,,,,1.0,1.0,1.0,1.0,,,,,,0.5,0.5,,,,,,,,,,,,,,,,,,,,,,,,,,,,,,,,,,,,,,,,,,,,,,,,,,,,,,,,,,,,,,,,,,,,,,,,,,,1610612749,2004,2003-04,False
1501-1800-2046-2072-2429,1610612749,"Tim Thomas, Damon Jones, Desmond Mason, Michael Redd, Dan Gadzuric","Thomas, Jones, Mason, Redd, Gadzuric",1501-1800-2046-2072-2429,MIL,499.0,1,8.0,-5.0,17.0,16.0,2.0,33.0,5.0,2.0,3.0,7.0,14.0,2.0,16.0,21.0,,2.0,6.0,3.0,3.0,1.0,6.0,,5.0,7.0,2.0,9.0,,,3.0,5.0,3.0,2.0,14.0,0.42857142857142855,0.42857142857142855,0.5,0.4666666666666667,0.5,0.5,,1.0,1.0,1.0,95.23046092184369,15.235294117647058,15.0,15.058823529411764,15.0,0.3333333333333333,0.2,0.6666666666666666,0.6666666666666666,0.5,0.47697,0.125,0.13333333333333333,0.125,7.3,,1.0,1.0,,,0.06666666666666667,,1.0,0.06666666666666667,0.4666666666666667,24.0,,5.0,6.0,,,,2.0,,,,,8.0,3.0,2.0,2.0,2.0,,,,,,,,,,0.21428571428571427,0.16666666666666666,0.2857142857142857,1.0,0.25,0.4,1.0,1.0,0.4,0.8333333333333334,1.0,0.4,,,,,0.571,,,,2.0,,3.0,2.0,1.0,2.0,2.0,0.6666666666666666,1.0,1.0,2.0,1.0,,0.5,0.5,1.0,0.5,1.0,1.0,,0.4,,,,,,,1.0,,,,,,2.0,,,,,1.0,,,,,,,,,,,,,,,,,,,,,,,1.0,,,,,,,,,,,,,,,,,,,,,,,,,,1.0,,,,,,,,,,,,,,,,,,,1610612749,2004,2003-04,False
1501-1800-2046-2072-2551,1610612749,"Tim Thomas, Damon Jones, Desmond Mason, Michael Redd, T.J. Ford","Thomas, Jones, Mason, Redd, Ford",1501-1800-2046-2072-2551,MIL,139.0,1,2.0,-7.0,4.0,4.0,,8.0,,,,1.0,2.0,,2.0,9.0,,,,,,,,,,,,,,,,1.0,,,2.0,,,0.5,0.3333333333333333,0.3333333333333333,,,,,,82.87769784172662,21.75,13.0,21.75,10.5,,,,,,0.4850833333333333,,,,,1.0,,1.0,,,0.3333333333333333,,,,1.0,30.0,4.0,1.0,2.0,1.0,2.0,,,1.0,2.0,,2.0,2.0,1.0,,,,,,,,2.0,4.0,0.5,0.3333333333333333,0.3333333333333333,0.5,0.5,,,,,,,0.6666666666666666,0.5,1.0,,,,0.6666666666666666,0.5,,0.4850833333333333,1.0,1.0,1.0,1.0,1.0,,,,,1.0,,,,,,,,,,,,,,1.0,1.0,1.0,1.0,,1.0,,,,0.3333333333333333,0.3333333333333333,,,,,,,,,,,,,,,,,,,,,,,,,,,,,,,,,,,,,,,,,,,,,,,,,,,,,,,,,,,,,,,,,,,,,,,,,,,1610612749,2004,2003-04,False
1501-1800-2046-2072-389,1610612749,"Tim Thomas, Damon Jones, Desmond Mason, Michael Redd, Toni Kukoc","Thomas, Jones, Mason, Redd, Kukoc",1501-1800-2046-2072-389,MIL,983.0,7,16.0,2.0,38.0,34.0,10.0,72.0,4.0,3.0,5.0,9.0,21.0,7.0,37.0,35.0,1.0,8.0,8.0,4.0,8.0,,20.0,,6.0,11.0,12.0,23.0,4.0,1.0,2.0,13.0,10.0,5.0,29.0,0.4444444444444444,0.5714285714285714,0.42857142857142855,0.38461538461538464,0.43023255813953487,0.4444444444444444,,0.5454545454545454,0.5384615384615384,0.5714285714285714,105.47304170905392,13.973684210526315,13.294117647058824,12.81578947368421,12.176470588235293,0.10256410256410256,0.1282051282051282,0.6,0.6,,0.47051538461538467,0.11904761904761904,0.20833333333333334,0.21621621621621623,5.857142857142857,22.0,4.0,18.0,4.0,8.0,0.46153846153846156,1.0,0.3333333333333333,0.10256410256410256,0.7692307692307693,25.066666666666666,22.0,6.0,12.0,2.0,7.0,,5.0,2.0,9.0,5.0,18.0,10.0,3.0,4.0,6.0,1.0,3.0,,1.0,,18.0,22.0,0.2222222222222222,0.2826086956521739,0.34615384615384615,0.14285714285714285,0.08333333333333333,0.5,0.5,0.5,0.25,1.0,,0.3076923076923077,0.5,0.5454545454545454,0.6666666666666666,,,0.30434782608695654,0.2857142857142857,0.46215,0.4691173913043478,0.4864864864864865,0.5789473684210527,2.0,1.0,6.0,1.0,1.0,1.0,1.0,0.3333333333333333,1.0,2.0,4.0,2.0,4.0,0.4,0.4375,0.5,0.5,2.0,4.0,,0.5,14.0,12.0,14.0,14.0,,4.0,,0.5,,0.358974358974359,0.5217391304347826,2.0,1.0,2.0,2.0,0.6666666666666666,0.08695652173913043,1.0,2.0,2.0,4.0,3.0,12.0,2.0,4.0,2.0,1.0,0.2222222222222222,0.21428571428571427,0.2222222222222222,0.14285714285714285,0.14285714285714285,1.0,0.16666666666666666,0.14285714285714285,,,6.0,,,2.0,0.5,0.5,,,1.0,1.0,3.0,,0.3333333333333333,0.5,0.125,,,2.0,1.0,2.0,0.5,0.5,1.0,0.5,2.0,,,0.25,,,,,,,,,,,1.0,0.5,1.0,,,,,,,,1610612749,2004,2003-04,False
1501-1800-2046-2072-693,1610612749,"Tim Thomas, Damon Jones, Desmond Mason, Michael Redd, Joe Smith","Thomas, Jones, Mason, Redd, Smith",1501-1800-2046-2072-693,MIL,788.0,4,13.0,,25.0,27.0,3.0,52.0,10.0,1.0,2.0,7.0,19.0,7.0,27.0,27.0,2.0,6.0,6.0,3.0,5.0,1.0,12.0,,6.0,12.0,5.0,17.0,2.0,1.0,4.0,6.0,9.0,3.0,21.0,0.42857142857142855,0.5,0.3684210526315789,0.45454545454545453,0.5192307692307693,0.6,,0.8571428571428571,0.9166666666666666,1.0,95.0253807106599,17.04,13.407407407407407,16.08,13.074074074074074,0.45454545454545453,0.09090909090909091,0.5,0.5,1.0,0.44219545454545456,0.125,0.14285714285714285,0.2222222222222222,7.28421052631579,13.0,1.0,3.0,1.0,,0.13636363636363635,1.0,0.6666666666666666,0.045454545454545456,0.45454545454545453,25.333333333333332,7.0,3.0,7.0,,2.0,3.0,4.0,1.0,3.0,2.0,7.0,8.0,,1.0,4.0,5.0,1.0,,2.0,,7.0,7.0,0.3333333333333333,0.625,0.5833333333333334,,,0.3333333333333333,1.0,0.38461538461538464,0.42857142857142855,1.0,1.0,0.3181818181818182,0.42857142857142855,0.42857142857142855,0.3333333333333333,0.3,0.3,0.5,,0.43106666666666665,0.4802,0.25925925925925924,0.28,3.0,1.0,4.0,2.0,2.0,2.0,2.0,0.75,1.0,,1.0,2.0,2.0,0.5,0.5,0.25,,,1.0,,,2.0,,1.0,2.0,1.0,1.0,,,0.3333333333333333,0.09090909090909091,,1.0,2.0,,1.0,0.25,0.25,1.0,1.0,,2.0,1.0,6.0,1.0,2.0,1.0,1.0,0.6666666666666666,1.0,0.6666666666666666,0.5,0.5,1.0,,0.5,,,1.0,2.0,,1.0,1.0,,0.15384615384615385,,,,,,,1.0,,,,1.0,1.0,1.0,1.0,1.0,1.0,1.0,,,,,,,,,,,,,,,,,,,,,,,,,1610612749,2004,2003-04,False
1501-1800-2046-2091-2409,1610612749,"Tim Thomas, Damon Jones, Desmond Mason, Daniel Santiago, Marcus Haislip","Thomas, Jones, Mason, Santiago, Haislip",1501-1800-2046-2091-2409,MIL,104.0,1,2.0,-3.0,4.0,3.0,,7.0,,,1.0,,2.0,3.0,3.0,6.0,,,,,,,,,,,,,,,1.0,1.0,4.0,2.0,3.0,,,,,0.375,,,,,,96.92307692307692,16.25,13.0,16.25,13.0,,0.5,,,,0.4775,0.5,0.5,,7.15,,,,,,,,,,0.5,,,,1.0,,,,,,,,,,1.0,,,,,,,,,,,,,0.5,1.0,,,,,,,0.5,,,,,,,,,,,,,,,,,,,,,,,,,,,,,,,,,,,,,,,,,,,,,,,,,,,,,,,,,,,,,,,,,,,,,,,,,,,,,,,,,,,,,,,,,,,,,,,,,,,,,,,,,,,,,,,,,,,,,,1610612749,2004,2003-04,False
1501-1800-2046-2091-389,1610612749,"Tim Thomas, Damon Jones, Desmond Mason, Daniel Santiago, Toni Kukoc","Thomas, Jones, Mason, Santiago, Kukoc",1501-1800-2046-2091-389,MIL,1747.0,10,29.0,10.0,57.0,58.0,4.0,115.0,6.0,2.0,7.0,18.0,30.0,19.0,67.0,57.0,2.0,4.0,18.0,9.0,13.0,1.0,30.0,,13.0,21.0,4.0,25.0,7.0,1.0,5.0,7.0,27.0,12.0,63.0,0.5,0.5294117647058824,0.6,0.6,0.6320754716981132,0.5,,0.9285714285714286,0.8636363636363636,0.8571428571428571,94.791070406411,14.473684210526315,15.89655172413793,14.105263157894736,15.568965517241379,0.15,0.175,0.2857142857142857,0.2857142857142857,0.5,0.54173625,0.23529411764705882,0.2926829268292683,0.05970149253731343,5.973333333333333,3.0,6.0,10.0,2.0,,0.25,1.0,1.0,0.15,0.675,24.619999999999997,24.0,11.0,17.0,6.0,9.0,5.0,2.0,9.0,15.0,4.0,31.0,18.0,,7.0,2.0,6.0,6.0,,2.0,,31.0,24.0,0.6,0.6136363636363636,0.62,,,0.16666666666666666,0.75,0.2222222222222222,,1.0,0.8333333333333334,0.425,0.6470588235294118,0.6470588235294118,0.6363636363636364,0.8333333333333334,0.8333333333333334,0.4090909090909091,0.6666666666666666,0.5691,0.5524977272727273,0.4626865671641791,0.42105263157894735,4.0,2.0,8.0,3.0,1.0,3.0,3.0,0.5,1.0,1.0,2.0,1.0,2.0,0.5,0.3333333333333333,0.6666666666666666,0.5,2.0,4.0,,,4.0,2.0,7.0,4.0,1.0,2.0,2.0,0.2,0.2,0.1,0.09090909090909091,5.0,2.0,1.0,,0.16666666666666666,0.22727272727272727,0.5,2.0,1.0,4.0,3.0,12.0,2.0,4.0,2.0,1.0,0.4,0.42857142857142855,0.4,0.5,0.5,1.0,0.5,0.5,,,2.0,1.0,,1.0,0.3333333333333333,0.5,0.05555555555555555,,,,1.0,,,,,,,2.0,2.0,2.0,0.3333333333333333,0.3333333333333333,1.0,0.4,1.0,,,0.3333333333333333,,,,,,,,,,,,,,,,,,,,,1610612749,2004,2003-04,False
1501-1800-2046-2091-693,1610612749,"Tim Thomas, Damon Jones, Desmond Mason, Daniel Santiago, Joe Smith","Thomas, Jones, Mason, Santiago, Smith",1501-1800-2046-2091-693,MIL,188.0,3,3.0,-6.0,7.0,8.0,,15.0,3.0,,1.0,1.0,4.0,2.0,4.0,10.0,,,2.0,1.0,1.0,,2.0,,,1.0,,1.0,,,2.0,4.0,2.0,,4.0,1.0,1.0,0.25,0.25,0.4,,,,,,114.8936170212766,13.857142857142858,11.375,13.857142857142858,10.5,0.75,0.25,,,,0.42885,,,,11.775,5.0,,,1.0,,,1.0,,,,,4.0,,,,,1.0,,1.0,3.0,2.0,4.0,,1.0,,,,,,1.0,,4.0,4.0,0.3333333333333333,0.3333333333333333,0.5,0.25,,,,,,,,,,,,0.3333333333333333,0.5,,,,0.43193333333333334,1.0,0.5714285714285714,1.0,1.0,2.0,,,,,0.5,,,,,,,,,,,1.0,,0.3333333333333333,,,,,1.0,,,,1.0,,,,,,1.0,,,,,,,,,,,,,,,,,,,,,,,,,,,,,,,,,,,,,,,,,,,,,,,,,,,,,,,,,,,,,,,,,,,,,,,1610612749,2004,2003-04,False
1501-1800-2046-2409-2429,1610612749,"Tim Thomas, Damon Jones, Desmond Mason, Marcus Haislip, Dan Gadzuric","Thomas, Jones, Mason, Haislip, Gadzuric",1501-1800-2046-2409-2429,MIL,430.0,3,7.0,-4.0,14.0,15.0,1.0,29.0,2.0,1.0,5.0,3.0,9.0,,9.0,13.0,,2.0,2.0,1.0,2.0,,5.0,,3.0,6.0,1.0,7.0,1.0,,2.0,2.0,2.0,1.0,7.0,0.3333333333333333,0.5,0.3333333333333333,0.45,0.4090909090909091,1.0,,0.6,0.7142857142857143,0.5,97.11627906976744,16.142857142857142,13.6,16.142857142857142,12.6,0.2,0.5,0.2,0.2,,0.45518000000000003,0.09090909090909091,0.1,0.2222222222222222,11.466666666666667,8.0,1.0,1.0,1.0,,0.1,1.0,0.5,0.1,0.3,23.3,9.0,1.0,2.0,1.0,1.0,1.0,1.0,3.0,4.0,,9.0,4.0,,,1.0,2.0,1.0,,,,9.0,9.0,0.75,0.9,0.75,,,0.16666666666666666,1.0,0.16666666666666666,1.0,1.0,1.0,0.2,0.5,0.5,,0.5,0.5,0.2,1.0,0.5658,0.45652,1.0,0.6428571428571429,2.0,,4.0,,,,,0.5,,1.0,1.0,1.0,2.0,1.0,1.0,1.0,1.0,1.0,2.0,,,,,1.0,,1.0,4.0,,,1.0,,,1.0,2.0,,,,0.2,1.0,,,1.0,1.0,3.0,,1.0,,1.0,1.0,1.0,1.0,,,,,,,,,,,,,,,,,,,,,,,,,1.0,1.0,1.0,1.0,1.0,1.0,1.0,,,,,,,1.0,,,,,,,,,,,,,,,,,,1610612749,2004,2003-04,False
1501-1800-2046-2409-389,1610612749,"Tim Thomas, Damon Jones, Desmond Mason, Marcus Haislip, Toni Kukoc","Thomas, Jones, Mason, Haislip, Kukoc",1501-1800-2046-2409-389,MIL,529.0,3,9.0,1.0,16.0,18.0,2.0,34.0,4.0,2.0,2.0,6.0,10.0,8.0,23.0,22.0,3.0,3.0,8.0,4.0,5.0,1.0,11.0,,1.0,2.0,3.0,5.0,2.0,2.0,2.0,3.0,9.0,5.0,20.0,0.6666666666666666,0.6666666666666666,0.6,0.5357142857142857,0.6388888888888888,0.75,,1.0,0.6666666666666666,,92.55198487712666,16.25,14.944444444444445,15.5625,14.222222222222221,0.2857142857142857,0.14285714285714285,1.0,1.0,0.5,0.5100714285714286,0.2777777777777778,0.35714285714285715,0.13043478260869565,7.24,1.0,,4.0,,,0.2857142857142857,,,,0.5714285714285714,25.475,3.0,2.0,4.0,1.0,1.0,2.0,,2.0,3.0,1.0,5.0,4.0,1.0,1.0,1.0,1.0,,,,,5.0,3.0,0.6666666666666666,0.5,0.625,0.1,0.25,0.25,0.5,0.42857142857142855,0.5,1.0,,0.2857142857142857,0.5,0.6666666666666666,0.5,0.5,0.5,0.25,1.0,,0.537075,0.21739130434782608,0.1875,1.0,,1.0,,,,,1.0,,,,,,,,,,,,,,4.0,1.0,1.0,4.0,2.0,,,,1.0,0.2857142857142857,0.25,,1.0,,,,,1.0,1.0,,1.0,,3.0,1.0,1.0,1.0,1.0,0.25,,0.25,0.25,0.25,1.0,,0.25,,,2.0,,,1.0,0.6666666666666666,,,,,,,,,0.6666666666666666,,,,,,,,,,,,,,,,,,,,,,,,,,,,,,,,,,,1610612749,2004,2003-04,False
1501-1800-2046-2429-389,1610612749,"Tim Thomas, Damon Jones, Desmond Mason, Dan Gadzuric, Toni Kukoc","Thomas, Jones, Mason, Gadzuric, Kukoc",1501-1800-2046-2429-389,MIL,7439.0,27,124.0,40.0,226.0,234.0,29.0,460.0,43.0,16.0,32.0,81.0,153.0,46.0,262.0,222.0,2.0,22.0,104.0,52.0,67.0,12.0,149.0,1.0,60.0,83.0,37.0,120.0,24.0,11.0,29.0,56.0,62.0,31.0,240.0,0.6419753086419753,0.7027027027027027,0.5294117647058824,0.5294117647058824,0.5652173913043478,0.34375,0.08333333333333333,0.7142857142857143,0.7247706422018348,0.8333333333333334,89.0442263745127,15.185840707964601,17.123931623931625,14.486725663716815,16.316239316239315,0.2107843137254902,0.1568627450980392,0.5,0.5,0.75,0.5098742647058824,0.13656387665198239,0.17613636363636365,0.08396946564885496,6.313725490196078,24.0,11.0,51.0,4.0,2.0,0.25,0.8,0.375,0.05392156862745098,0.6323529411764706,25.080392156862743,21.0,48.0,78.0,4.0,5.0,17.0,25.0,7.0,12.0,5.0,28.0,58.0,9.0,31.0,24.0,19.0,13.0,2.0,3.0,,28.0,21.0,0.5833333333333334,0.6764705882352942,0.7,0.058823529411764705,0.05128205128205128,0.3380281690140845,0.76,0.34615384615384615,0.34615384615384615,0.875,0.75,0.38235294117647056,0.6153846153846154,0.6486486486486487,0.6458333333333334,0.3953488372093023,0.4473684210526316,0.29411764705882354,0.8,0.5188434782608696,0.4899,0.10687022900763359,0.09292035398230089,17.0,6.0,30.0,10.0,6.0,10.0,4.0,0.5666666666666667,0.4,9.0,19.0,10.0,14.0,0.4,0.3225806451612903,0.6129032258064516,0.47368421052631576,4.0,13.0,1.0,0.11627906976744186,40.0,4.0,5.0,40.0,9.0,3.0,3.0,0.3125,0.5294117647058824,0.19607843137254902,0.23529411764705882,1.0,11.0,3.0,5.0,0.3448275862068966,0.058823529411764705,0.8,16.0,3.0,18.0,3.0,45.0,16.0,15.0,13.0,0.8333333333333334,0.35294117647058826,0.6,0.35294117647058826,0.4,0.41025641025641024,0.8125,0.75,0.4,7.0,1.0,12.0,5.0,,8.0,0.36363636363636365,0.4444444444444444,0.05263157894736842,,6.0,,6.0,,,0.3333333333333333,0.1935483870967742,,,2.0,,2.0,0.18181818181818182,0.18181818181818182,1.0,,,,,,,0.1111111111111111,,,,1.0,,9.0,,,,,,,1.0,0.0196078431372549,,0.025,,,1610612749,2004,2003-04,False
1501-1800-2046-2429-693,1610612749,"Tim Thomas, Damon Jones, Desmond Mason, Dan Gadzuric, Joe Smith","Thomas, Jones, Mason, Gadzuric, Smith",1501-1800-2046-2429-693,MIL,956.0,6,16.0,2.0,31.0,30.0,4.0,61.0,8.0,3.0,7.0,12.0,23.0,1.0,25.0,23.0,,2.0,18.0,9.0,9.0,3.0,18.0,,9.0,12.0,4.0,16.0,1.0,,1.0,3.0,4.0,,23.0,0.75,0.75,0.5217391304347826,0.48,0.46296296296296297,0.3333333333333333,,0.9,0.8571428571428571,0.8,91.88284518828452,15.903225806451612,15.433333333333334,14.64516129032258,15.266666666666667,0.32,0.28,0.42857142857142855,0.42857142857142855,1.0,0.482508,,,0.08,9.060869565217391,16.0,1.0,2.0,,1.0,0.08,,1.0,0.04,0.4,24.75,7.0,6.0,8.0,2.0,2.0,3.0,3.0,3.0,4.0,1.0,7.0,6.0,,3.0,3.0,3.0,1.0,,2.0,1.0,7.0,7.0,0.75,0.75,0.5833333333333334,,,0.2727272727272727,0.75,0.3076923076923077,0.6,1.0,1.0,0.32,0.75,0.75,0.5,0.375,0.375,0.5,1.0,0.41346666666666665,0.479375,0.28,0.22580645161290322,5.0,2.0,9.0,,,,,0.5555555555555556,,,1.0,1.0,,0.3333333333333333,0.3333333333333333,0.3333333333333333,,3.0,4.0,,,1.0,,,1.0,3.0,2.0,,,1.0,0.04,,,3.0,2.0,,,,0.5,,,,,,,,,,,,,,,,,,,,1.0,,,,0.5,1.0,,,,,,,,,,,,,,,,,,,,,,,,,,,,,,,,,,,,,,,,,,,1610612749,2004,2003-04,False
1501-1800-2046-2551-693,1610612749,"Tim Thomas, Damon Jones, Desmond Mason, T.J. Ford, Joe Smith","Thomas, Jones, Mason, Ford, Smith",1501-1800-2046-2551-693,MIL,74.0,1,1.0,1.0,1.0,2.0,,3.0,,,,,1.0,,3.0,2.0,,,,,1.0,,3.0,,1.0,1.0,1.0,2.0,,,,,,,3.0,,,,0.75,0.75,,,1.0,1.0,1.0,58.37837837837838,34.0,20.0,34.0,20.0,,,,,,0.513475,,,,,,,1.0,,,0.5,,,,1.0,24.9,,,1.0,,,,,,,,,,,,1.0,,,,,,,,,,,,,1.0,,1.0,,,,0.5,,,,,,,,,,,,,,,,,,,,,,,,,,,,,,,,,1.0,,,1.0,,,,,,0.5,,,,,,1.0,,,1.0,,1.0,,3.0,1.0,1.0,1.0,1.0,1.0,,1.0,1.0,1.0,1.0,,1.0,,,,,,,,,,,,,,,,,,,,,,,,,,,,,,,,,,,,,,,,,,,,,,,,,,,1610612749,2004,2003-04,False
1501-1800-2046-389-693,1610612749,"Tim Thomas, Damon Jones, Desmond Mason, Toni Kukoc, Joe Smith","Thomas, Jones, Mason, Kukoc, Smith",1501-1800-2046-389-693,MIL,1421.0,6,24.0,-13.0,44.0,43.0,4.0,87.0,5.0,2.0,7.0,12.0,21.0,5.0,38.0,51.0,,2.0,10.0,5.0,8.0,2.0,19.0,,8.0,12.0,4.0,16.0,6.0,1.0,2.0,5.0,8.0,3.0,36.0,0.4166666666666667,0.45454545454545453,0.5714285714285714,0.44594594594594594,0.4634146341463415,0.3333333333333333,,0.5333333333333333,0.5789473684210527,0.6,88.16326530612245,17.0,15.651162790697674,16.65909090909091,14.86046511627907,0.13513513513513514,0.1891891891891892,0.2857142857142857,0.2857142857142857,1.0,0.4980162162162162,0.075,0.125,0.05263157894736842,8.119047619047619,6.0,5.0,16.0,1.0,1.0,0.43243243243243246,1.0,0.2,0.13513513513513514,0.6756756756756757,24.86875,8.0,6.0,9.0,1.0,1.0,4.0,2.0,2.0,3.0,2.0,9.0,14.0,2.0,3.0,2.0,3.0,5.0,,1.0,,9.0,8.0,0.6666666666666666,0.5,0.5625,0.09523809523809523,0.2222222222222222,0.2857142857142857,0.75,0.2,,0.8,0.75,0.24324324324324326,0.6666666666666666,0.8571428571428571,0.5,0.8,0.8,0.14285714285714285,1.0,0.457675,0.46954999999999997,0.23684210526315788,0.18181818181818182,4.0,1.0,9.0,2.0,1.0,2.0,1.0,0.4444444444444444,0.5,1.0,2.0,1.0,2.0,0.5,0.3333333333333333,0.6666666666666666,0.5,,5.0,,,11.0,3.0,4.0,11.0,,,1.0,0.25,,0.2972972972972973,0.42857142857142855,1.0,3.0,2.0,1.0,0.5,0.14285714285714285,,3.0,1.0,3.0,1.0,9.0,3.0,3.0,3.0,1.0,0.1875,0.25,0.1875,0.2727272727272727,0.2727272727272727,1.0,0.3333333333333333,0.2727272727272727,,1.0,2.0,,,,0.15384615384615385,0.2,,,1.0,,1.0,,,0.125,0.3333333333333333,,,,,,,,,,,,,,,,,,,,,,,,,,,,,,,,,,1610612749,2004,2003-04,False
1501-1800-2072-2091-389,1610612749,"Tim Thomas, Damon Jones, Michael Redd, Daniel Santiago, Toni Kukoc","Thomas, Jones, Redd, Santiago, Kukoc",1501-1800-2072-2091-389,MIL,197.0,3,3.0,-4.0,7.0,6.0,2.0,13.0,1.0,,,2.0,4.0,2.0,6.0,10.0,,2.0,4.0,2.0,2.0,,4.0,,,,2.0,2.0,1.0,1.0,2.0,3.0,2.0,,4.0,1.0,1.0,0.5,0.2857142857142857,0.375,0.5,,,,,95.0253807106599,17.857142857142858,12.0,17.428571428571427,12.0,0.14285714285714285,,,,,0.6014785714285714,,,0.3333333333333333,1.3,3.0,1.0,3.0,,1.0,0.42857142857142855,,,0.14285714285714285,0.8571428571428571,23.96666666666667,5.0,2.0,3.0,1.0,2.0,,2.0,1.0,3.0,2.0,4.0,,,2.0,1.0,,,,1.0,,4.0,5.0,0.3333333333333333,0.2,0.3333333333333333,,,0.5,,0.4,1.0,,,0.42857142857142855,0.6666666666666666,0.6666666666666666,1.0,,,0.4,0.5,0.5744,0.6044400000000001,0.6666666666666666,0.7142857142857143,1.0,,1.0,,,,,1.0,,1.0,2.0,1.0,,0.5,0.5,1.0,0.5,,,,,2.0,1.0,2.0,2.0,,1.0,,,,0.2857142857142857,0.2,1.0,1.0,,,,0.2,,,,,,,,,,,,,,,,,,,1.0,,1.0,,,,0.3333333333333333,1.0,,,,,,,,,,,,,,,,,,,,,,,,1.0,,,,,,,,,,,,,,,,,,,1610612749,2004,2003-04,False
1501-1800-2072-2091-693,1610612749,"Tim Thomas, Damon Jones, Michael Redd, Daniel Santiago, Joe Smith","Thomas, Jones, Redd, Santiago, Smith",1501-1800-2072-2091-693,MIL,650.0,6,11.0,2.0,20.0,23.0,2.0,43.0,9.0,3.0,4.0,8.0,14.0,4.0,23.0,21.0,,2.0,6.0,3.0,4.0,1.0,9.0,,5.0,7.0,2.0,9.0,3.0,2.0,2.0,7.0,4.0,2.0,21.0,0.375,0.42857142857142855,0.5714285714285714,0.59375,0.6388888888888888,1.0,,0.625,0.5555555555555556,0.6666666666666666,95.26153846153845,16.15,14.217391304347826,16.05,14.130434782608695,0.5625,0.25,0.75,0.75,0.3333333333333333,0.43721875,0.1111111111111111,0.125,0.08695652173913043,10.914285714285715,6.0,,2.0,2.0,1.0,0.125,1.0,,,0.1875,26.15,5.0,1.0,1.0,,,4.0,1.0,2.0,2.0,2.0,6.0,10.0,,,1.0,,1.0,,,,6.0,5.0,1.0,0.6666666666666666,0.75,,,0.16666666666666666,,0.2857142857142857,0.2,0.75,,0.0625,1.0,1.0,,0.4444444444444444,0.4444444444444444,,,0.5349,0.4770833333333333,0.2608695652173913,0.25,2.0,,4.0,2.0,1.0,2.0,1.0,0.5,0.5,1.0,1.0,1.0,2.0,1.0,1.0,1.0,1.0,1.0,2.0,,,2.0,1.0,1.0,2.0,2.0,2.0,1.0,,0.5,0.125,0.3333333333333333,,2.0,1.0,,,,,1.0,,1.0,,3.0,1.0,1.0,1.0,1.0,0.5,,0.5,0.5,0.5,1.0,,0.5,1.0,1.0,1.0,1.0,,,1.0,,0.14285714285714285,,,,,,,1.0,,,,,,,,,,,,,,,,,,,,,,,,,,,,,,,,,,,1610612749,2004,2003-04,False
1501-1800-2072-2429-2551,1610612749,"Tim Thomas, Damon Jones, Michael Redd, Dan Gadzuric, T.J. Ford","Thomas, Jones, Redd, Gadzuric, Ford",1501-1800-2072-2429-2551,MIL,437.0,1,7.0,-1.0,16.0,15.0,2.0,31.0,,1.0,1.0,5.0,9.0,2.0,12.0,13.0,2.0,4.0,6.0,3.0,3.0,1.0,6.0,,4.0,6.0,2.0,8.0,2.0,,1.0,1.0,2.0,1.0,8.0,0.6,0.75,0.5555555555555556,0.3125,0.35294117647058826,1.0,,0.8,0.8571428571428571,0.75,102.15102974828376,14.875,13.266666666666667,14.25,12.266666666666667,,0.0625,1.0,1.0,1.0,0.577753125,0.058823529411764705,0.1,0.3333333333333333,2.3333333333333335,,3.0,7.0,,,0.4375,,,0.1875,0.9375,24.32857142857143,6.0,4.0,8.0,3.0,3.0,,1.0,4.0,4.0,,8.0,4.0,2.0,2.0,1.0,2.0,2.0,,,,8.0,6.0,1.0,0.6666666666666666,0.6666666666666666,0.2222222222222222,0.25,0.25,1.0,0.18181818181818182,,1.0,1.0,0.5,0.5,0.6666666666666666,0.5,,,0.5,1.0,0.5461,0.5659583333333333,0.6666666666666666,0.375,,,1.0,2.0,,2.0,1.0,,0.5,1.0,1.0,1.0,2.0,1.0,1.0,1.0,1.0,,1.0,1.0,,4.0,2.0,2.0,4.0,,,1.0,,,0.25,0.3333333333333333,,,,,0.25,,1.0,,,,,,,,,,,,,,,,,,,1.0,1.0,,,,0.14285714285714285,,,,,,,,,0.25,,,,,,,,,,,,,,,,,,,,,,,,,,,,,,,,,,,1610612749,2004,2003-04,False
1501-1800-2072-2429-389,1610612749,"Tim Thomas, Damon Jones, Michael Redd, Dan Gadzuric, Toni Kukoc","Thomas, Jones, Redd, Gadzuric, Kukoc",1501-1800-2072-2429-389,MIL,870.0,9,14.0,-2.0,29.0,30.0,5.0,59.0,3.0,,3.0,10.0,20.0,10.0,30.0,32.0,1.0,3.0,14.0,7.0,7.0,,14.0,,7.0,11.0,5.0,16.0,3.0,,2.0,5.0,12.0,1.0,27.0,0.7,0.7777777777777778,0.5,0.37037037037037035,0.43548387096774194,0.375,,1.0,1.0,1.0,97.65517241379311,15.344827586206897,14.166666666666666,14.931034482758621,13.966666666666667,0.1111111111111111,0.1111111111111111,,,,0.513664,0.037037037037037035,0.05,0.1,4.265,20.0,3.0,7.0,,2.0,0.25925925925925924,,1.0,0.1111111111111111,0.7777777777777778,36.457142857142856,14.0,9.0,14.0,3.0,4.0,1.0,2.0,3.0,8.0,7.0,13.0,6.0,1.0,6.0,4.0,4.0,3.0,3.0,4.0,,13.0,14.0,0.375,0.25,0.40625,0.05,0.07142857142857142,0.4,1.0,0.3333333333333333,,,1.0,0.5185185185185185,0.6428571428571429,0.6923076923076923,0.6666666666666666,0.3333333333333333,0.3333333333333333,0.3333333333333333,0.75,0.5391833333333333,0.509845,0.43333333333333335,0.4827586206896552,2.0,2.0,4.0,1.0,1.0,1.0,1.0,0.5,1.0,1.0,2.0,1.0,2.0,0.5,0.3333333333333333,0.6666666666666666,0.5,,2.0,,,4.0,2.0,4.0,2.0,1.0,2.0,,0.3333333333333333,1.0,0.14814814814814814,0.16666666666666666,2.0,,1.0,,0.6,0.16666666666666666,1.0,,,,,,,,,,,,,,,,,,,1.0,1.0,1.0,1.0,1.0,0.2,0.3333333333333333,0.07142857142857142,,1.0,,1.0,,,,0.3333333333333333,,,,,,,,,,,,,,,,,,,,,,,2.0,,,,,,,,,,,1610612749,2004,2003-04,False
1501-1800-2072-2429-693,1610612749,"Tim Thomas, Damon Jones, Michael Redd, Dan Gadzuric, Joe Smith","Thomas, Jones, Redd, Gadzuric, Smith",1501-1800-2072-2429-693,MIL,1536.0,9,26.0,19.0,47.0,49.0,7.0,96.0,11.0,11.0,17.0,24.0,38.0,9.0,66.0,47.0,2.0,9.0,40.0,20.0,23.0,9.0,49.0,,11.0,17.0,8.0,25.0,3.0,1.0,7.0,12.0,10.0,4.0,57.0,0.8333333333333334,0.8333333333333334,0.631578947368421,0.6063829787234043,0.6346153846153846,0.5625,,0.55,0.6153846153846154,0.6,90.0,15.893617021276595,16.102040816326532,14.72340425531915,15.081632653061224,0.23404255319148937,0.3617021276595745,0.6470588235294118,0.6470588235294118,0.8181818181818182,0.460020652173913,0.0784313725490196,0.09523809523809523,0.13636363636363635,10.526315789473685,36.0,2.0,9.0,1.0,1.0,0.19148936170212766,1.0,0.42857142857142855,0.0425531914893617,0.40425531914893614,31.58888888888889,17.0,5.0,10.0,3.0,5.0,8.0,5.0,7.0,14.0,4.0,24.0,8.0,1.0,5.0,6.0,5.0,2.0,,1.0,,24.0,17.0,0.5,0.5555555555555556,0.6,0.02631578947368421,,0.42857142857142855,0.8333333333333334,0.42105263157894735,0.3333333333333333,0.625,0.75,0.2127659574468085,0.5,0.5,1.0,0.7272727272727273,0.8,0.2777777777777778,0.6,0.47775999999999996,0.4632235294117647,0.36363636363636365,0.3617021276595745,1.0,1.0,4.0,4.0,3.0,4.0,1.0,0.25,0.25,,2.0,2.0,,0.4,0.5,0.2857142857142857,,1.0,3.0,1.0,0.09090909090909091,7.0,3.0,4.0,6.0,6.0,3.0,,0.3333333333333333,0.75,0.14893617021276595,0.16666666666666666,1.0,,,2.0,0.6,0.05555555555555555,1.0,2.0,1.0,3.0,2.0,9.0,2.0,3.0,2.0,1.0,0.3333333333333333,0.5,0.375,0.2857142857142857,0.2857142857142857,1.0,0.3333333333333333,0.3333333333333333,,,2.0,,,,0.4,1.0,,1.0,2.0,1.0,2.0,,0.5,0.25,0.2857142857142857,0.5,1.0,1.0,1.0,1.0,0.5,0.5,1.0,1.0,,,,,,,,,,,,,,1.0,,,,,,,,,,,1610612749,2004,2003-04,False
1501-1800-2072-2551-389,1610612749,"Tim Thomas, Damon Jones, Michael Redd, T.J. Ford, Toni Kukoc","Thomas, Jones, Redd, Ford, Kukoc",1501-1800-2072-2551-389,MIL,35.0,2,1.0,5.0,3.0,4.0,,7.0,,,,,,3.0,6.0,1.0,,,,,1.0,,3.0,,1.0,3.0,,3.0,,,,1.0,4.0,,6.0,,,,1.5,1.0,,,1.0,1.0,,288.0,4.333333333333333,5.5,4.333333333333333,5.5,,,,,,0.46935,,,,,4.0,1.0,1.0,1.0,1.0,1.0,1.0,,1.0,1.0,23.6,3.0,,,,,,,,,3.0,6.0,,,,,1.0,,,2.0,,6.0,3.0,,1.5,1.0,,,,1.0,,,1.0,1.0,,,,,,,,,,0.46935,1.0,1.0,,,,,,,,,,,,,,,,,,,,,,,,1.0,,,,,,,,,1.0,,,,,1.0,,,,1.0,1.0,3.0,,1.0,,1.0,1.0,1.0,1.0,,,,,,,,,,,,,,,,,,,,,,,,,1.0,1.0,1.0,1.0,1.0,1.0,1.0,,,,,,,,,,,,,,,,,,,,,,,,,1610612749,2004,2003-04,False
1501-1800-2072-2551-693,1610612749,"Tim Thomas, Damon Jones, Michael Redd, T.J. Ford, Joe Smith","Thomas, Jones, Redd, Ford, Smith",1501-1800-2072-2551-693,MIL,51.0,2,1.0,2.0,3.0,2.0,,5.0,,,,1.0,1.0,2.0,4.0,2.0,,,,,,,,,,1.0,,1.0,1.0,,,3.0,4.0,,4.0,,,1.0,1.0,0.6666666666666666,,,,0.5,,141.1764705882353,3.3333333333333335,20.5,3.3333333333333335,17.5,,,,,,0.7926,,,,,1.0,,,,,,,,,1.0,,2.0,1.0,1.0,,,,,,,2.0,2.0,2.0,,,,1.0,1.0,,2.0,,2.0,2.0,,,0.5,,,,0.5,,,,0.5,1.0,1.0,1.0,,,,,,,,0.5,0.6666666666666666,,,,,,,,,,,,,,,,,,,,,,,,,,,,,,,,,,,,,,,,,,,,,,,,,,,,,,,,,,,,,,,,,,,,,,,,,,,,,,,,,,,,,,,,,,,,,,,,,,,,,,,,,,,1610612749,2004,2003-04,False
1501-1800-2072-389-693,1610612749,"Tim Thomas, Damon Jones, Michael Redd, Toni Kukoc, Joe Smith","Thomas, Jones, Redd, Kukoc, Smith",1501-1800-2072-389-693,MIL,847.0,6,14.0,,28.0,27.0,2.0,55.0,8.0,3.0,6.0,9.0,18.0,11.0,35.0,35.0,2.0,4.0,16.0,8.0,10.0,3.0,22.0,,5.0,8.0,2.0,10.0,,,3.0,8.0,13.0,1.0,31.0,0.8888888888888888,0.8888888888888888,0.5,0.5714285714285714,0.6538461538461539,1.0,,0.5,0.5,0.8333333333333334,93.5064935064935,15.428571428571429,15.37037037037037,15.0,14.777777777777779,0.38095238095238093,0.2857142857142857,0.5,0.5,1.0,0.4263761904761905,0.13043478260869565,0.05263157894736842,0.11428571428571428,10.25,13.0,2.0,3.0,2.0,3.0,0.14285714285714285,1.0,,0.09523809523809523,0.3333333333333333,24.03333333333333,9.0,3.0,4.0,1.0,1.0,3.0,1.0,2.0,3.0,6.0,10.0,2.0,1.0,3.0,2.0,1.0,,1.0,3.0,,10.0,9.0,0.6666666666666666,0.5,0.625,0.05555555555555555,0.25,0.2222222222222222,0.5,0.2,,,0.5,0.19047619047619047,0.75,1.0,1.0,0.375,0.375,0.25,1.0,0.5117,0.4140625,0.2857142857142857,0.32142857142857145,1.0,,3.0,1.0,1.0,1.0,,0.3333333333333333,,1.0,1.0,1.0,,1.0,1.0,1.0,1.0,,2.0,,,1.0,,1.0,1.0,2.0,2.0,,0.3333333333333333,0.6666666666666666,0.047619047619047616,,1.0,1.0,,1.0,1.0,0.25,,1.0,,2.0,,6.0,1.0,2.0,1.0,1.0,0.6666666666666666,,0.6666666666666666,1.0,1.0,1.0,,1.0,1.0,,,,,,,,,,,,,,,,,,,1.0,,1.0,0.5,0.5,1.0,,,,,,,1.0,,2.0,0.5,,,,,,,,,,,,,,1.0,,1610612749,2004,2003-04,False
1501-1800-2429-2551-389,1610612749,"Tim Thomas, Damon Jones, Dan Gadzuric, T.J. Ford, Toni Kukoc","Thomas, Jones, Gadzuric, Ford, Kukoc",1501-1800-2429-2551-389,MIL,136.0,1,2.0,1.0,4.0,3.0,2.0,7.0,1.0,,,1.0,2.0,3.0,5.0,4.0,1.0,3.0,2.0,1.0,1.0,,2.0,,1.0,1.0,1.0,2.0,,,,1.0,4.0,2.0,2.0,1.0,1.0,0.5,0.3333333333333333,0.5,0.75,,1.0,1.0,,74.11764705882354,18.0,21.333333333333332,14.75,21.333333333333332,0.3333333333333333,,,,,0.4530666666666667,0.4,0.5,0.6,2.9,,,1.0,,,0.3333333333333333,,,,0.6666666666666666,26.5,1.0,1.0,1.0,,,,1.0,,1.0,1.0,1.0,,,1.0,1.0,,,,,,1.0,1.0,,,0.25,,,1.0,,0.5,1.0,1.0,,0.3333333333333333,1.0,1.0,1.0,,,,,0.5063,0.3444,0.2,0.25,,,,,,,,,,1.0,1.0,1.0,,1.0,1.0,1.0,1.0,,,,,1.0,,,1.0,,,,,,0.3333333333333333,,,,,,,,,,,,,,,,,,,,,,,,,,,,,,,,,,,,,,,,,,,,,,,,,,,,,,,,,1.0,,,,,,,,,,,,,,,,,,,1610612749,2004,2003-04,False
1501-2046-2072-2091-2551,1610612749,"Tim Thomas, Desmond Mason, Michael Redd, Daniel Santiago, T.J. Ford","Thomas, Mason, Redd, Santiago, Ford",1501-2046-2072-2091-2551,MIL,1069.0,1,18.0,8.0,37.0,37.0,5.0,74.0,7.0,4.0,8.0,13.0,24.0,9.0,47.0,39.0,1.0,9.0,14.0,7.0,11.0,2.0,26.0,,9.0,11.0,5.0,16.0,2.0,1.0,2.0,4.0,10.0,4.0,38.0,0.5384615384615384,0.5833333333333334,0.5416666666666666,0.6129032258064516,0.6470588235294118,0.9,,0.9,0.8461538461538461,0.8,99.68194574368569,14.621621621621621,14.27027027027027,14.243243243243244,14.054054054054054,0.22580645161290322,0.25806451612903225,0.5,0.5,0.5,0.5069693548387096,0.11764705882352941,0.14814814814814814,0.19148936170212766,8.775,,,7.0,,,0.22580645161290322,,1.0,,0.5161290322580645,25.185714285714287,,8.0,9.0,,,1.0,2.0,,,,,12.0,2.0,5.0,4.0,2.0,1.0,3.0,,,,,,,,0.08333333333333333,,0.36363636363636365,0.6666666666666666,0.35714285714285715,0.16666666666666666,1.0,0.6666666666666666,0.2903225806451613,0.8888888888888888,0.8888888888888888,0.625,0.14285714285714285,0.2,,,0.58195,,,,7.0,3.0,8.0,,,,,0.875,,1.0,1.0,1.0,2.0,0.5,1.0,0.25,1.0,1.0,1.0,,0.2857142857142857,7.0,,,7.0,,,,0.5,,0.22580645161290322,,,4.0,,,1.0,,,4.0,,4.0,,12.0,4.0,4.0,4.0,1.0,0.5714285714285714,,0.5714285714285714,0.5714285714285714,0.5714285714285714,1.0,,0.5714285714285714,,,1.0,1.0,,1.0,0.3333333333333333,,0.08333333333333333,2.0,2.0,2.0,2.0,1.0,1.0,0.3333333333333333,0.5,1.0,1.0,,,,,,,,,,,,,,,,,,,,,,,,,,,,,,,,1610612749,2004,2003-04,False
1501-2046-2072-2429-2551,1610612749,"Tim Thomas, Desmond Mason, Michael Redd, Dan Gadzuric, T.J. Ford","Thomas, Mason, Redd, Gadzuric, Ford",1501-2046-2072-2429-2551,MIL,145.0,1,2.0,-2.0,6.0,7.0,3.0,13.0,2.0,,1.0,3.0,8.0,2.0,8.0,10.0,,4.0,,,,,,,1.0,1.0,4.0,5.0,,,,5.0,2.0,,4.0,,,0.375,0.375,0.4444444444444444,0.5,,1.0,1.0,1.0,129.10344827586206,10.666666666666666,11.571428571428571,8.833333333333334,10.0,0.25,0.125,,,,0.508225,,,0.5,3.6625,4.0,,,,4.0,,,,,0.625,,6.0,3.0,5.0,3.0,5.0,,4.0,3.0,8.0,2.0,8.0,6.0,,,4.0,,,,1.0,,8.0,6.0,0.375,0.375,0.4444444444444444,,,0.8,,0.8,1.0,,,0.625,0.6,0.6,,,,0.625,0.6,0.48495,0.508225,1.0,1.0,,,1.0,,,,,,,2.0,3.0,2.0,4.0,0.5,0.5,0.75,0.6666666666666666,,1.0,,,,,,,,1.0,,,,,,,,,,1.0,,,,,,,,,,,,,,,,,,,,,,,1.0,,,,,0.2,,,,,,,,,,,,,,,,,,,,,,,,,,,,,,,,,,,,,,,,,,1610612749,2004,2003-04,False
1501-2046-2072-2551-389,1610612749,"Tim Thomas, Desmond Mason, Michael Redd, T.J. Ford, Toni Kukoc","Thomas, Mason, Redd, Ford, Kukoc",1501-2046-2072-2551-389,MIL,1070.0,8,18.0,5.0,37.0,36.0,5.0,73.0,7.0,,4.0,7.0,24.0,16.0,33.0,28.0,3.0,5.0,4.0,2.0,3.0,,7.0,,12.0,17.0,6.0,23.0,3.0,1.0,,11.0,18.0,4.0,28.0,0.2857142857142857,0.2857142857142857,0.2916666666666667,0.2833333333333333,0.4342105263157895,0.5,,0.9230769230769231,0.9333333333333333,1.0,98.24299065420561,14.594594594594595,14.722222222222221,13.864864864864865,14.63888888888889,0.23333333333333334,0.13333333333333333,,,,0.5035533333333333,0.125,0.15384615384615385,0.15151515151515152,5.45,27.0,2.0,6.0,3.0,6.0,0.2,1.0,0.6666666666666666,0.06666666666666667,0.6333333333333333,24.633333333333336,37.0,4.0,13.0,4.0,13.0,3.0,4.0,7.0,24.0,16.0,33.0,10.0,2.0,1.0,4.0,2.0,2.0,,6.0,,33.0,37.0,0.2916666666666667,0.2833333333333333,0.4342105263157895,0.08333333333333333,0.15384615384615385,0.23529411764705882,1.0,0.2727272727272727,,1.0,1.0,0.43333333333333335,0.3076923076923077,0.36363636363636365,0.25,0.42857142857142855,0.42857142857142855,0.43333333333333335,0.3076923076923077,0.4859,0.5035533333333333,1.0,1.0,1.0,,4.0,1.0,1.0,1.0,1.0,0.25,1.0,1.0,3.0,1.0,,0.25,0.25,0.75,0.3333333333333333,1.0,3.0,,,4.0,4.0,6.0,4.0,1.0,4.0,,,0.3333333333333333,0.13333333333333333,0.13333333333333333,2.0,1.0,1.0,2.0,0.4444444444444444,0.06666666666666667,,1.0,1.0,1.0,1.0,3.0,1.0,1.0,1.0,1.0,0.16666666666666666,0.16666666666666666,0.16666666666666666,0.25,0.25,1.0,0.25,0.25,1.0,,2.0,,,2.0,0.4,0.5,,,,,,,,0.3333333333333333,,,,,,,,,,,,,,,,1.0,,,,,,,,,,,,,,,,,,,1610612749,2004,2003-04,False
1501-2046-2072-2551-693,1610612749,"Tim Thomas, Desmond Mason, Michael Redd, T.J. Ford, Joe Smith","Thomas, Mason, Redd, Ford, Smith",1501-2046-2072-2551-693,MIL,2311.0,8,39.0,-20.0,76.0,74.0,10.0,150.0,18.0,8.0,22.0,24.0,62.0,9.0,63.0,83.0,2.0,10.0,30.0,15.0,17.0,6.0,36.0,,23.0,32.0,13.0,45.0,1.0,,7.0,14.0,14.0,4.0,53.0,0.625,0.6521739130434783,0.3870967741935484,0.38028169014084506,0.40384615384615385,0.38461538461538464,,0.7419354838709677,0.775,0.8333333333333334,93.46603202077023,16.710526315789473,14.067567567567568,15.93421052631579,13.486486486486486,0.2535211267605634,0.30985915492957744,0.36363636363636365,0.36363636363636365,0.75,0.468369014084507,0.05333333333333334,0.06060606060606061,0.15873015873015872,9.245161290322581,11.0,3.0,9.0,1.0,,0.1267605633802817,0.5,0.625,0.04225352112676056,0.43661971830985913,25.255555555555556,31.0,8.0,22.0,1.0,5.0,8.0,12.0,10.0,20.0,4.0,27.0,18.0,6.0,5.0,11.0,8.0,1.0,,3.0,,27.0,31.0,0.5,0.4791666666666667,0.48214285714285715,0.0967741935483871,0.18181818181818182,0.2894736842105263,0.8888888888888888,0.28888888888888886,0.2,0.7272727272727273,0.8571428571428571,0.30985915492957744,0.36363636363636365,0.4444444444444444,0.625,0.4444444444444444,0.5,0.20833333333333334,0.2,0.4867333333333333,0.4347125,0.42857142857142855,0.40789473684210525,9.0,3.0,11.0,3.0,2.0,3.0,3.0,0.8181818181818182,1.0,2.0,7.0,4.0,2.0,0.3333333333333333,0.3333333333333333,0.5833333333333334,0.2857142857142857,1.0,2.0,,0.1111111111111111,6.0,4.0,4.0,6.0,4.0,4.0,1.0,0.21428571428571427,0.5,0.08450704225352113,0.16666666666666666,,6.0,1.0,1.0,0.42857142857142855,,1.0,1.0,1.0,2.0,1.0,6.0,1.0,2.0,1.0,1.0,0.2222222222222222,0.25,0.2222222222222222,0.16666666666666666,0.16666666666666666,1.0,0.25,0.16666666666666666,1.0,,2.0,1.0,,,0.2857142857142857,,0.02564102564102564,,,,,,,0.4,,,,1.0,,1.0,0.3333333333333333,0.3333333333333333,1.0,,,,,,,,,,,,,,,,,,,,,,,,,,1610612749,2004,2003-04,False
1501-2046-2091-2429-2551,1610612749,"Tim Thomas, Desmond Mason, Daniel Santiago, Dan Gadzuric, T.J. Ford","Thomas, Mason, Santiago, Gadzuric, Ford",1501-2046-2091-2429-2551,MIL,38.0,1,1.0,-1.0,1.0,1.0,,2.0,,,,,,,,1.0,,,,,,,,,,,,,,,,1.0,,,,,,,,,,,,,,75.78947368421053,14.0,24.0,14.0,24.0,,,,,,,,,,,1.0,,,,1.0,,,,,,,1.0,,,,,,,,,,,,,,,,,,,,,1.0,,,,,,,,,,,,,,,,,,,,,,,1.0,,,1.0,1.0,,1.0,,,,,,,,,,,,,1.0,,,,,,,,1.0,1.0,,,,,,,,,,,,,,,,,,,,,,,,,,,,,,,,,,,,,,,,,,,,,,,,,,,,,,,,,,,,,,,,,,,,,,,,,,,,,,,1610612749,2004,2003-04,False
1501-2046-2091-2551-389,1610612749,"Tim Thomas, Desmond Mason, Daniel Santiago, T.J. Ford, Toni Kukoc","Thomas, Mason, Santiago, Ford, Kukoc",1501-2046-2091-2551-389,MIL,627.0,6,10.0,13.0,18.0,19.0,1.0,37.0,5.0,,2.0,6.0,10.0,4.0,28.0,15.0,,,8.0,4.0,8.0,,20.0,,4.0,7.0,1.0,8.0,2.0,1.0,1.0,4.0,4.0,,28.0,0.6666666666666666,0.6666666666666666,0.6,0.8,0.8235294117647058,,,0.6666666666666666,0.75,1.0,84.97607655502392,16.22222222222222,17.63157894736842,16.055555555555557,16.473684210526315,0.3333333333333333,0.13333333333333333,,,,0.46936999999999995,,,,7.390000000000001,8.0,1.0,5.0,1.0,1.0,0.3333333333333333,0.5,,0.06666666666666667,0.5333333333333333,25.14,16.0,3.0,3.0,3.0,3.0,3.0,,6.0,10.0,4.0,22.0,4.0,,3.0,,2.0,1.0,,2.0,,22.0,16.0,0.6,0.6923076923076923,0.7333333333333333,,,,1.0,0.25,,1.0,1.0,0.2,1.0,1.0,1.0,0.6,0.6,0.23076923076923078,1.0,,0.45483461538461534,0.7857142857142857,0.8888888888888888,2.0,,2.0,,,,,1.0,,,,,,,,,,,,,,4.0,3.0,3.0,4.0,1.0,2.0,,,0.3333333333333333,0.26666666666666666,0.23076923076923078,,2.0,1.0,,,,1.0,3.0,2.0,4.0,2.0,12.0,3.0,4.0,3.0,1.0,0.8,0.6666666666666666,0.8,0.75,0.75,1.0,0.6666666666666666,0.75,,,1.0,,,,1.0,,,,,,,,,1.0,,,,1.0,,1.0,1.0,1.0,1.0,,,,,,,,,,,,,,,,,,,,,,,,,,1610612749,2004,2003-04,False
1501-2046-2091-2551-693,1610612749,"Tim Thomas, Desmond Mason, Daniel Santiago, T.J. Ford, Joe Smith","Thomas, Mason, Santiago, Ford, Smith",1501-2046-2091-2551-693,MIL,439.0,3,7.0,9.0,12.0,12.0,1.0,24.0,4.0,2.0,3.0,6.0,12.0,2.0,17.0,8.0,2.0,2.0,6.0,3.0,4.0,1.0,9.0,,5.0,6.0,3.0,9.0,,,,2.0,3.0,1.0,15.0,0.5,0.5,0.5,0.5769230769230769,0.6071428571428571,0.3333333333333333,,0.7142857142857143,0.75,1.0,78.7243735763098,17.833333333333332,18.75,17.333333333333332,16.666666666666668,0.3076923076923077,0.23076923076923078,0.6666666666666666,0.6666666666666666,0.5,0.48166538461538466,0.07142857142857142,0.07692307692307693,0.11764705882352941,7.358333333333333,2.0,1.0,1.0,,1.0,0.07692307692307693,,1.0,0.07692307692307693,0.46153846153846156,23.3,7.0,2.0,5.0,1.0,3.0,2.0,2.0,3.0,8.0,2.0,11.0,6.0,,2.0,3.0,1.0,,1.0,,,11.0,7.0,0.375,0.5,0.55,,,0.5,1.0,0.5,0.5,0.3333333333333333,1.0,0.38461538461538464,0.4,0.4,1.0,0.5,0.5,0.3333333333333333,0.3333333333333333,0.5544,0.4665722222222223,0.6470588235294118,0.5833333333333334,1.0,,1.0,,,,,1.0,,,2.0,,,,,1.0,,,,,,,,1.0,,,,,,,,,1.0,1.0,,,0.6666666666666666,0.1111111111111111,,,,1.0,1.0,3.0,,1.0,,1.0,1.0,1.0,1.0,,,,,,1.0,,,1.0,,,,,0.16666666666666666,,,,,,,,,,,1.0,1.0,1.0,1.0,1.0,1.0,1.0,,,,,,,,,,,,,,,,,,,,,,,,,1610612749,2004,2003-04,False
1501-2046-2409-2429-2551,1610612749,"Tim Thomas, Desmond Mason, Marcus Haislip, Dan Gadzuric, T.J. Ford","Thomas, Mason, Haislip, Gadzuric, Ford",1501-2046-2409-2429-2551,MIL,73.0,1,1.0,-6.0,2.0,3.0,,5.0,,,1.0,,1.0,,,6.0,,,,,,,,,,,,,,,,,,,,,,,,,,,,,,98.63013698630138,22.0,9.666666666666666,22.0,9.666666666666666,,1.0,,,,0.3831,,,,16.3,,,,,,,,,,,,,,,,,,,,,,,,1.0,,,,,,,,,,,,,1.0,,,,,,,,,,,,,,,,,,,,1.0,1.0,1.0,,,,,1.0,,,,,,,,,,,,,,,,,,,,,,,,,,,,,,,,,,,,,,,,,,,,,,,,,,,,,,,,,,,,,,,,,,,,,,,,,,,,,,,,,,,,,1.0,,,,,,,,,,,,,,1610612749,2004,2003-04,False
1501-2046-2409-2551-389,1610612749,"Tim Thomas, Desmond Mason, Marcus Haislip, T.J. Ford, Toni Kukoc","Thomas, Mason, Haislip, Ford, Kukoc",1501-2046-2409-2551-389,MIL,305.0,2,5.0,4.0,11.0,11.0,2.0,22.0,1.0,,4.0,5.0,10.0,3.0,13.0,9.0,,4.0,8.0,4.0,4.0,,8.0,,3.0,5.0,2.0,7.0,1.0,,1.0,2.0,3.0,2.0,9.0,0.8,1.0,0.5,0.45454545454545453,0.5416666666666666,1.0,,0.5,0.5555555555555556,1.0,103.8688524590164,13.818181818181818,13.909090909090908,13.090909090909092,12.181818181818182,0.09090909090909091,0.36363636363636365,,,,0.5104727272727273,0.16666666666666666,0.18181818181818182,0.3076923076923077,7.38,6.0,1.0,1.0,,,0.09090909090909091,,0.5,0.09090909090909091,0.5454545454545454,23.7,10.0,4.0,5.0,3.0,4.0,1.0,2.0,4.0,9.0,2.0,10.0,2.0,,3.0,2.0,2.0,1.0,,,,10.0,10.0,0.4444444444444444,0.4,0.45454545454545453,,,0.4,0.6666666666666666,0.3333333333333333,,,0.6666666666666666,0.45454545454545453,0.8,0.8,0.75,1.0,1.0,0.4,0.75,0.46475,0.50291,0.7692307692307693,0.9090909090909091,1.0,1.0,1.0,1.0,1.0,1.0,1.0,1.0,1.0,1.0,1.0,2.0,2.0,1.0,1.0,0.5,1.0,,,,,,,1.0,,1.0,1.0,,0.25,1.0,,,1.0,,,,1.0,0.1,,,,,,,,,,,,,,,,,,,,,,2.0,,1.0,,,0.3333333333333333,,,,,,,,,,,,,,,,,,,,,,,,,,,,,,,,,,,,,,,,,,1610612749,2004,2003-04,False
1501-2046-2429-2551-389,1610612749,"Tim Thomas, Desmond Mason, Dan Gadzuric, T.J. Ford, Toni Kukoc","Thomas, Mason, Gadzuric, Ford, Kukoc",1501-2046-2429-2551-389,MIL,637.0,5,11.0,5.0,20.0,20.0,,40.0,4.0,,2.0,4.0,8.0,7.0,21.0,16.0,,,4.0,2.0,4.0,,10.0,,4.0,10.0,,10.0,2.0,2.0,2.0,6.0,11.0,5.0,21.0,0.5,0.5,0.5,0.5384615384615384,0.5555555555555556,,,0.8,0.8181818181818182,1.0,90.42386185243328,13.2,18.65,13.2,17.9,0.3076923076923077,0.15384615384615385,,,,0.47413076923076924,0.2777777777777778,0.38461538461538464,,9.3125,2.0,,5.0,1.0,1.0,0.38461538461538464,1.0,,,0.5384615384615384,25.580000000000002,11.0,2.0,2.0,1.0,1.0,2.0,,2.0,4.0,4.0,11.0,4.0,,1.0,,5.0,,1.0,,,11.0,11.0,0.5,0.5,0.5555555555555556,,,,0.8333333333333334,,,1.0,1.0,0.15384615384615385,1.0,1.0,0.5,0.5,0.5,0.14285714285714285,1.0,,0.4859071428571428,0.5238095238095238,0.55,1.0,,2.0,,,,,0.5,,,,,,,,,,,1.0,,,5.0,3.0,3.0,5.0,1.0,2.0,,,0.5,0.38461538461538464,0.42857142857142855,,1.0,,,,,0.5,2.0,1.0,2.0,1.0,6.0,2.0,2.0,2.0,1.0,0.4,0.3333333333333333,0.4,0.4,0.4,1.0,0.3333333333333333,0.4,1.0,,,,,,,,,,,,,,,,,,,,,,,,,,,,,,,,,,,,,,,,,,,,,,,,,,1610612749,2004,2003-04,False
1501-2046-2429-2551-693,1610612749,"Tim Thomas, Desmond Mason, Dan Gadzuric, T.J. Ford, Joe Smith","Thomas, Mason, Gadzuric, Ford, Smith",1501-2046-2429-2551-693,MIL,435.0,3,7.0,3.0,14.0,12.0,3.0,26.0,4.0,1.0,2.0,7.0,11.0,4.0,18.0,15.0,2.0,4.0,8.0,4.0,4.0,,8.0,,2.0,4.0,3.0,7.0,,,1.0,3.0,4.0,2.0,14.0,0.5714285714285714,0.5714285714285714,0.6363636363636364,0.5833333333333334,0.6428571428571429,0.5,,1.0,1.0,1.0,86.06896551724138,15.0,18.75,13.571428571428571,18.75,0.3333333333333333,0.16666666666666666,0.5,0.5,,0.47980416666666664,0.14285714285714285,0.15384615384615385,0.2222222222222222,6.9818181818181815,1.0,,1.0,,,0.08333333333333333,,1.0,,0.5,24.3,1.0,3.0,5.0,,,3.0,3.0,,,,,6.0,1.0,3.0,3.0,2.0,,,,,,1.0,,,,0.09090909090909091,0.2,0.75,1.0,0.6,1.0,,1.0,0.4166666666666667,0.6,0.75,1.0,0.75,0.75,,,0.4541,,,0.07142857142857142,1.0,1.0,2.0,1.0,1.0,1.0,1.0,0.5,1.0,1.0,2.0,1.0,,0.3333333333333333,0.3333333333333333,0.6666666666666666,0.5,,1.0,,,1.0,,,1.0,1.0,,,1.0,0.3333333333333333,0.08333333333333333,,,,,1.0,0.5,,1.0,,,,,,,,,,,,,,,,,,1.0,,,,,,,,,,,,,,,,,,,,,,,,,,,,,,,1.0,,,,,,,,,,,,,,,,,,,1610612749,2004,2003-04,False
1501-2046-2551-389-693,1610612749,"Tim Thomas, Desmond Mason, T.J. Ford, Toni Kukoc, Joe Smith","Thomas, Mason, Ford, Kukoc, Smith",1501-2046-2551-389-693,MIL,462.0,4,8.0,10.0,13.0,12.0,4.0,25.0,2.0,,4.0,3.0,13.0,4.0,16.0,6.0,,5.0,,,1.0,,3.0,,5.0,5.0,7.0,12.0,2.0,,1.0,2.0,7.0,2.0,11.0,,,0.23076923076923078,0.375,0.39473684210526316,0.4166666666666667,,0.7142857142857143,0.7142857142857143,0.6666666666666666,77.92207792207792,18.692307692307693,18.25,17.076923076923077,17.166666666666668,0.125,0.25,,,,0.46508000000000005,0.1111111111111111,0.13333333333333333,0.3125,7.107692307692308,7.0,1.0,3.0,,1.0,0.1875,,0.6666666666666666,0.0625,0.625,29.766666666666666,12.0,2.0,7.0,2.0,7.0,1.0,4.0,3.0,13.0,4.0,16.0,6.0,3.0,,7.0,,2.0,1.0,1.0,,16.0,12.0,0.23076923076923078,0.4,0.4166666666666667,0.23076923076923078,0.42857142857142855,0.7,,0.7,1.0,1.0,,0.4375,0.2857142857142857,0.5,,0.5,0.5,0.4666666666666667,0.2857142857142857,0.46982,0.46508000000000005,1.0,0.9230769230769231,,,3.0,,,,,,,,1.0,1.0,,0.25,0.5,0.2,,1.0,3.0,,,2.0,1.0,2.0,2.0,,2.0,,0.5,,0.125,0.06666666666666667,1.0,,1.0,,0.8,0.06666666666666667,,1.0,1.0,2.0,2.0,3.0,1.0,1.0,,0.5,0.6666666666666666,1.0,0.6666666666666666,0.5,0.5,,1.0,0.5,1.0,,,,,,,,,,,1.0,1.0,,1.0,,,,,1.0,1.0,1.0,1.0,1.0,1.0,1.0,1.0,,,0.2,,,,,,,,3.0,,,1.0,1.0,1.0,,,,,,,,1610612749,2004,2003-04,False
1501-2072-2091-2409-2551,1610612749,"Tim Thomas, Michael Redd, Daniel Santiago, Marcus Haislip, T.J. Ford","Thomas, Redd, Santiago, Haislip, Ford",1501-2072-2091-2409-2551,MIL,210.0,2,4.0,1.0,6.0,6.0,1.0,12.0,1.0,,1.0,1.0,2.0,3.0,8.0,7.0,2.0,2.0,2.0,1.0,2.0,,5.0,,3.0,4.0,1.0,5.0,,,,4.0,4.0,1.0,6.0,1.0,1.0,0.5,0.625,0.6666666666666666,1.0,,1.0,1.0,1.0,82.28571428571429,13.5,21.5,13.5,21.5,0.25,0.25,,,,0.4848875,0.2,0.3333333333333333,0.25,13.5,,,2.0,1.0,,0.5,1.0,,,0.5,25.4,2.0,,,,,1.0,,,,1.0,1.0,,,,1.0,,,,1.0,,1.0,2.0,,,0.25,,,1.0,,0.5,,1.0,,,,,,1.0,1.0,,,,0.5889,0.125,0.3333333333333333,,,1.0,,,,,,,,,,,,,,,,1.0,,,2.0,1.0,1.0,2.0,1.0,,,1.0,1.0,0.5,1.0,,,,1.0,,,,1.0,,1.0,,3.0,1.0,1.0,1.0,1.0,0.5,,0.5,0.5,0.5,1.0,,0.5,,,,,,,,,,,,,,,,,,,,,,,,,,,,,,,,,,,,,,,,,,,,,,,,,,,1610612749,2004,2003-04,False
1501-2072-2091-2429-2551,1610612749,"Tim Thomas, Michael Redd, Daniel Santiago, Dan Gadzuric, T.J. Ford","Thomas, Redd, Santiago, Gadzuric, Ford",1501-2072-2091-2429-2551,MIL,7.0,1,,,1.0,,,1.0,,,,,1.0,,,,,,,,,,,,,,,,,,,,,,,,,,,,,,,,,205.71428571428572,7.0,,7.0,,,,,,,0.2927,,,,,,,,,,,,,,1.0,,1.0,,1.0,,1.0,,,,1.0,,,,,,,,,,,,,1.0,,,,,,,,,,,,1.0,,,,,,1.0,,,0.2927,,1.0,,,,,,,,,,,,,,,,,,,,,,,,,,,,,,,,,,,,,,,,,,,,,,,,,,,,,,,,,,,,,,,,,,,,,,,,,,,,,,,,,,,,,,,,,,,,,,,,,,,,,,,,,,,1610612749,2004,2003-04,False
1501-2072-2091-2551-389,1610612749,"Tim Thomas, Michael Redd, Daniel Santiago, T.J. Ford, Toni Kukoc","Thomas, Redd, Santiago, Ford, Kukoc",1501-2072-2091-2551-389,MIL,790.0,5,13.0,2.0,26.0,28.0,6.0,54.0,4.0,1.0,3.0,7.0,19.0,12.0,26.0,24.0,2.0,4.0,4.0,2.0,2.0,,4.0,,8.0,12.0,7.0,19.0,1.0,1.0,1.0,4.0,15.0,6.0,22.0,0.2857142857142857,0.2857142857142857,0.3684210526315789,0.28,0.390625,0.4,,0.8,0.8461538461538461,1.0,98.43037974683544,16.5,12.892857142857142,15.961538461538462,12.821428571428571,0.16,0.12,0.3333333333333333,0.3333333333333333,,0.5473680000000001,0.2,0.25,0.15384615384615385,4.273684210526316,19.0,2.0,6.0,1.0,2.0,0.24,1.0,0.6,0.08,0.72,24.616666666666664,20.0,2.0,12.0,2.0,10.0,4.0,3.0,7.0,16.0,8.0,22.0,10.0,1.0,1.0,4.0,3.0,,1.0,2.0,,22.0,20.0,0.4375,0.3684210526315789,0.4583333333333333,0.05263157894736842,0.08333333333333333,0.3333333333333333,1.0,0.3888888888888889,,1.0,1.0,0.48,0.16666666666666666,0.18181818181818182,0.5,1.0,1.0,0.5263157894736842,0.2,0.5941333333333333,0.5480026315789474,0.8461538461538461,0.7692307692307693,2.0,2.0,2.0,1.0,1.0,1.0,,1.0,,1.0,3.0,1.0,,0.3333333333333333,0.25,0.75,0.3333333333333333,,,,,4.0,3.0,3.0,4.0,1.0,1.0,,,0.25,0.16,0.15789473684210525,,,1.0,,0.4,,,,,,,,,,,,,,,,,,,,,,3.0,,,1.0,0.5,0.5,,,1.0,,1.0,,,0.5,0.25,,,,,,,,,,,,,,,1.0,,,,,,,,,,,,,,,,,,,1610612749,2004,2003-04,False
1501-2072-2091-2551-693,1610612749,"Tim Thomas, Michael Redd, Daniel Santiago, T.J. Ford, Joe Smith","Thomas, Redd, Santiago, Ford, Smith",1501-2072-2091-2551-693,MIL,12868.0,17,214.0,-4.0,403.0,401.0,38.0,804.0,111.0,39.0,91.0,143.0,306.0,54.0,412.0,416.0,3.0,52.0,174.0,87.0,110.0,26.0,243.0,1.0,112.0,140.0,47.0,187.0,31.0,13.0,46.0,84.0,72.0,34.0,360.0,0.6083916083916084,0.6492537313432836,0.4673202614379085,0.49584487534626037,0.5242346938775511,0.5909090909090909,0.125,0.6292134831460674,0.6473429951690821,0.6545454545454545,89.97202362449487,15.401985111662531,16.610972568578553,14.836228287841191,15.615960099750623,0.3074792243767313,0.2520775623268698,0.42857142857142855,0.4431818181818182,0.6666666666666666,0.47866495844875345,0.08762886597938144,0.1021021021021021,0.1262135922330097,8.766993464052288,22.0,11.0,55.0,6.0,,0.1523545706371191,0.8571428571428571,0.5616438356164384,0.030470914127423823,0.4404432132963989,24.972727272727273,40.0,56.0,104.0,5.0,9.0,48.0,36.0,9.0,24.0,12.0,39.0,112.0,26.0,33.0,38.0,22.0,18.0,2.0,4.0,4.0,39.0,40.0,0.375,0.48214285714285715,0.5428571428571428,0.08496732026143791,0.15384615384615385,0.2345679012345679,0.7586206896551724,0.23834196891191708,0.2222222222222222,0.7,0.8,0.2880886426592798,0.5384615384615384,0.6363636363636364,0.5892857142857143,0.43243243243243246,0.46153846153846156,0.32142857142857145,0.5555555555555556,0.5114666666666667,0.471975,0.09466019417475728,0.09925558312655088,35.0,14.0,59.0,26.0,19.0,26.0,17.0,0.5932203389830508,0.6538461538461539,10.0,22.0,20.0,18.0,0.5555555555555556,0.5833333333333334,0.5238095238095238,0.45454545454545453,11.0,24.0,,0.06306306306306306,44.0,3.0,4.0,44.0,28.0,9.0,7.0,0.11538461538461539,0.5833333333333334,0.12188365650969529,0.10714285714285714,1.0,21.0,3.0,6.0,0.3829787234042553,0.03571428571428571,0.5,18.0,2.0,24.0,3.0,69.0,18.0,23.0,18.0,0.9583333333333334,0.43636363636363634,0.75,0.43636363636363634,0.4090909090909091,0.4090909090909091,1.0,0.6666666666666666,0.4090909090909091,2.0,1.0,8.0,5.0,1.0,7.0,0.25806451612903225,0.4,0.029940119760479042,2.0,5.0,3.0,6.0,1.0,0.5,0.23076923076923078,0.11904761904761904,0.4,1.0,6.0,1.0,5.0,0.5454545454545454,0.5454545454545454,0.8333333333333334,1.0,1.0,,,0.023809523809523808,,0.1,,,,2.0,0.03296703296703297,3.0,,,1.0,1.0,1.0,,,,,,,,1610612749,2004,2003-04,False
1501-2072-2409-2429-2551,1610612749,"Tim Thomas, Michael Redd, Marcus Haislip, Dan Gadzuric, T.J. Ford","Thomas, Redd, Haislip, Gadzuric, Ford",1501-2072-2409-2429-2551,MIL,303.0,1,5.0,-2.0,10.0,10.0,,20.0,2.0,,,2.0,3.0,5.0,12.0,14.0,,,2.0,1.0,2.0,,5.0,,1.0,1.0,,1.0,1.0,,1.0,2.0,5.0,1.0,12.0,0.5,0.5,0.6666666666666666,0.7,0.8571428571428571,,,0.25,0.25,0.5,95.04950495049505,16.9,13.4,16.9,13.2,0.4,,,,,0.46916,0.2,0.3333333333333333,,5.666666666666667,9.0,,2.0,,,0.4,,,,0.6,25.85,9.0,1.0,1.0,1.0,1.0,1.0,,1.0,2.0,4.0,9.0,2.0,,1.0,,,1.0,,2.0,,9.0,9.0,0.5,0.625,0.75,,,,,,,,,0.2,1.0,1.0,1.0,0.5,0.5,0.25,1.0,,0.47335,0.75,0.9,1.0,1.0,3.0,2.0,,2.0,,0.3333333333333333,,,,,,,,,,1.0,2.0,,,2.0,2.0,2.0,2.0,,3.0,2.0,,,0.4,0.5,,,,1.0,,,,1.0,1.0,1.0,1.0,3.0,1.0,1.0,1.0,1.0,0.5,0.5,0.5,0.5,0.5,1.0,0.5,0.5,,,,,,1.0,,,,,,,,,,,,,,,,,,,,,,,,,,,,,,,,,,,,,,,,,,,,,1610612749,2004,2003-04,False
1501-2072-2409-2551-693,1610612749,"Tim Thomas, Michael Redd, Marcus Haislip, T.J. Ford, Joe Smith","Thomas, Redd, Haislip, Ford, Smith",1501-2072-2409-2551-693,MIL,228.0,1,4.0,,8.0,8.0,,16.0,1.0,,,1.0,2.0,8.0,10.0,10.0,,,2.0,1.0,1.0,,2.0,,2.0,2.0,,2.0,,,2.0,2.0,8.0,1.0,10.0,1.0,1.0,0.5,0.5,0.8333333333333334,,,0.6666666666666666,0.6666666666666666,1.0,101.05263157894737,14.375,14.125,14.375,14.125,0.5,,,,,0.49335,0.3333333333333333,0.3333333333333333,,2.7,8.0,,,,,,,,,0.5,,8.0,1.0,1.0,1.0,1.0,,,1.0,2.0,8.0,10.0,,,1.0,,,,,3.0,,10.0,8.0,0.5,0.5,0.8333333333333334,,,,,,,,,0.5,1.0,1.0,1.0,,,0.5,1.0,,0.49335,1.0,1.0,1.0,,2.0,1.0,1.0,1.0,,0.5,,,,,,,,,,1.0,1.0,,,,,,,,2.0,,,,,,,1.0,,,,,,,,,,,,,,,,,,,,,,,,,,,,,,,,,,,,,,,,,,,,,,,,,,,,,,,,,,,,,,,,,,,,,,,,,1610612749,2004,2003-04,False
1501-2072-2429-2551-389,1610612749,"Tim Thomas, Michael Redd, Dan Gadzuric, T.J. Ford, Toni Kukoc","Thomas, Redd, Gadzuric, Ford, Kukoc",1501-2072-2429-2551-389,MIL,866.0,5,14.0,-3.0,29.0,30.0,4.0,59.0,6.0,2.0,5.0,9.0,23.0,9.0,27.0,30.0,,6.0,10.0,5.0,5.0,2.0,10.0,,9.0,10.0,4.0,14.0,5.0,,,5.0,11.0,5.0,21.0,0.5555555555555556,0.7142857142857143,0.391304347826087,0.34615384615384615,0.43548387096774194,0.75,,0.8181818181818182,0.8333333333333334,0.8571428571428571,98.10623556581986,14.068965517241379,15.266666666666667,13.724137931034482,15.2,0.23076923076923078,0.19230769230769232,0.4,0.4,1.0,0.5139442307692308,0.16666666666666666,0.18518518518518517,0.2222222222222222,6.565217391304348,17.0,,3.0,,1.0,0.11538461538461539,,0.5,,0.5769230769230769,25.666666666666668,19.0,6.0,12.0,3.0,7.0,1.0,4.0,5.0,14.0,9.0,19.0,8.0,5.0,2.0,4.0,1.0,5.0,,1.0,,19.0,19.0,0.35714285714285715,0.3125,0.4523809523809524,0.21739130434782608,0.25,0.2857142857142857,1.0,0.23529411764705882,0.6,1.0,1.0,0.46153846153846156,0.5,0.6666666666666666,0.3333333333333333,0.16666666666666666,0.25,0.4375,0.42857142857142855,0.4819,0.48995625,0.7037037037037037,0.6551724137931034,2.0,,2.0,2.0,1.0,2.0,1.0,1.0,0.5,2.0,2.0,3.0,4.0,0.75,0.75,0.5,1.0,,,1.0,0.3333333333333333,3.0,2.0,2.0,3.0,1.0,,,,1.0,0.11538461538461539,0.125,,2.0,,,0.16666666666666666,,,,,,,,,,,,,,,,,,,,,,,1.0,,1.0,,,0.08333333333333333,,,,,,,,,,,,,,,,,,,,,,,,,,,,,,,,,,,,,,,,,,1610612749,2004,2003-04,False
1501-2072-2429-2551-693,1610612749,"Tim Thomas, Michael Redd, Dan Gadzuric, T.J. Ford, Joe Smith","Thomas, Redd, Gadzuric, Ford, Smith",1501-2072-2429-2551-693,MIL,2340.0,14,39.0,-3.0,76.0,73.0,14.0,149.0,19.0,3.0,17.0,23.0,62.0,17.0,72.0,75.0,2.0,17.0,22.0,11.0,14.0,2.0,31.0,,16.0,23.0,17.0,40.0,8.0,1.0,9.0,16.0,24.0,10.0,55.0,0.4782608695652174,0.6111111111111112,0.3709677419354839,0.39285714285714285,0.4444444444444444,0.5666666666666667,,0.6666666666666666,0.6785714285714286,0.8,91.6923076923077,15.789473684210526,15.616438356164384,15.197368421052632,14.684931506849315,0.2714285714285714,0.24285714285714285,0.17647058823529413,0.17647058823529413,0.6666666666666666,0.47982071428571427,0.1282051282051282,0.14285714285714285,0.2361111111111111,7.669354838709677,45.0,3.0,8.0,4.0,4.0,0.11428571428571428,0.8,0.375,0.04285714285714286,0.4857142857142857,24.7875,27.0,14.0,26.0,4.0,7.0,6.0,13.0,7.0,22.0,6.0,23.0,24.0,5.0,6.0,15.0,3.0,7.0,,3.0,1.0,23.0,27.0,0.3181818181818182,0.3541666666666667,0.4107142857142857,0.08064516129032258,0.07692307692307693,0.40540540540540543,0.75,0.4146341463414634,0.2727272727272727,0.8333333333333334,0.75,0.37142857142857144,0.5384615384615384,0.5833333333333334,0.42857142857142855,0.3157894736842105,0.375,0.2916666666666667,0.5714285714285714,0.5093192307692308,0.4723333333333333,0.3194444444444444,0.35526315789473684,4.0,3.0,14.0,7.0,6.0,7.0,3.0,0.2857142857142857,0.42857142857142855,5.0,9.0,6.0,10.0,0.46153846153846156,0.5357142857142857,0.6428571428571429,0.5555555555555556,3.0,10.0,,0.15789473684210525,5.0,1.0,2.0,5.0,3.0,5.0,1.0,0.35714285714285715,0.5,0.07142857142857142,0.041666666666666664,1.0,1.0,1.0,1.0,0.5833333333333334,0.041666666666666664,,1.0,,3.0,1.0,9.0,1.0,3.0,1.0,1.0,0.375,0.5,0.375,0.2,0.2,1.0,,0.2,1.0,2.0,2.0,1.0,1.0,2.0,0.5,1.0,0.02702702702702703,1.0,1.0,1.0,1.0,1.0,1.0,0.3333333333333333,0.07142857142857142,1.0,1.0,2.0,1.0,2.0,0.6666666666666666,0.6666666666666666,1.0,1.0,,,,,,,,,,,,,,,,,,,,,,,,,1610612749,2004,2003-04,False
1501-2072-2551-389-693,1610612749,"Tim Thomas, Michael Redd, T.J. Ford, Toni Kukoc, Joe Smith","Thomas, Redd, Ford, Kukoc, Smith",1501-2072-2551-389-693,MIL,1422.0,9,24.0,-1.0,43.0,41.0,5.0,84.0,7.0,1.0,6.0,11.0,24.0,10.0,47.0,48.0,,7.0,4.0,2.0,6.0,1.0,16.0,1.0,6.0,15.0,5.0,20.0,2.0,,6.0,11.0,14.0,1.0,40.0,0.18181818181818182,0.2222222222222222,0.4583333333333333,0.578125,0.6025641025641025,0.7,0.25,0.5,0.5652173913043478,0.6,85.0632911392405,15.44186046511628,18.48780487804878,14.348837209302326,17.0,0.21875,0.1875,0.16666666666666666,0.16666666666666666,1.0,0.4707859375,0.030303030303030304,0.04,0.14893617021276595,7.183333333333334,12.0,2.0,8.0,2.0,1.0,0.25,1.0,0.5,0.0625,0.59375,24.9875,35.0,7.0,11.0,4.0,7.0,3.0,4.0,7.0,17.0,8.0,34.0,18.0,1.0,1.0,3.0,7.0,2.0,,6.0,,34.0,35.0,0.4117647058823529,0.5416666666666666,0.5666666666666667,0.041666666666666664,,0.23076923076923078,0.6363636363636364,0.25,0.25,0.3333333333333333,0.5,0.34375,0.6363636363636364,0.6363636363636364,0.14285714285714285,0.42857142857142855,0.5,0.2916666666666667,0.5714285714285714,0.4968375,0.4615520833333333,0.723404255319149,0.813953488372093,2.0,1.0,7.0,1.0,1.0,2.0,1.0,0.2857142857142857,0.5,2.0,2.0,2.0,4.0,0.5,0.7,0.4,1.0,2.0,5.0,,0.14285714285714285,6.0,5.0,7.0,6.0,,7.0,,0.4,,0.1875,0.20833333333333334,2.0,1.0,,2.0,,0.08333333333333333,0.7142857142857143,4.0,3.0,5.0,4.0,12.0,4.0,4.0,3.0,0.8,0.625,0.5714285714285714,0.625,0.6666666666666666,0.6666666666666666,0.75,0.6,0.6666666666666666,1.0,1.0,1.0,,,,0.3333333333333333,,,1.0,1.0,1.0,1.0,,1.0,0.5,0.2,1.0,,1.0,1.0,1.0,0.5,0.5,1.0,0.5,,1.0,,,1.0,,,,,,,3.0,,,,,,,,,,,,,1610612749,2004,2003-04,False
1510-1730-2046-2072-389,1610612749,"Brevin Knight, Brian Skinner, Desmond Mason, Michael Redd, Toni Kukoc","Knight, Skinner, Mason, Redd, Kukoc",1510-1730-2046-2072-389,MIL,2052.0,9,34.0,-3.0,70.0,68.0,4.0,138.0,12.0,3.0,9.0,22.0,47.0,21.0,68.0,71.0,,,38.0,19.0,19.0,3.0,38.0,1.0,19.0,30.0,5.0,35.0,6.0,3.0,7.0,16.0,31.0,13.0,68.0,0.8636363636363636,0.8636363636363636,0.46808510638297873,0.44339622641509435,0.5074626865671642,,0.16666666666666666,0.6551724137931034,0.6666666666666666,0.8,96.84210526315789,13.771428571428572,16.0,13.271428571428572,15.220588235294118,0.22641509433962265,0.16981132075471697,0.3333333333333333,0.3333333333333333,1.0,0.5059764150943395,0.20634920634920634,0.22807017543859648,,5.736170212765958,33.0,3.0,6.0,4.0,3.0,0.11320754716981132,0.8,0.45454545454545453,0.05660377358490566,0.6037735849056604,24.400000000000002,29.0,13.0,26.0,9.0,11.0,6.0,4.0,14.0,19.0,9.0,37.0,6.0,,10.0,4.0,7.0,3.0,,4.0,,37.0,29.0,0.7368421052631579,0.7,0.7115384615384616,,,0.16,0.7,0.13333333333333333,,0.75,0.625,0.49056603773584906,0.5,0.5,0.7692307692307693,0.5,0.5,0.55,0.8181818181818182,0.567425,0.49880500000000005,0.5441176470588235,0.4142857142857143,4.0,1.0,8.0,1.0,1.0,1.0,1.0,0.5,1.0,,4.0,,,,,1.0,,1.0,4.0,,,3.0,1.0,1.0,3.0,6.0,4.0,,0.16666666666666666,1.0,0.05660377358490566,0.05,,3.0,1.0,1.0,0.23076923076923078,,1.0,1.0,,1.0,,,1.0,,,,0.16666666666666666,,0.16666666666666666,0.3333333333333333,0.3333333333333333,,,0.3333333333333333,2.0,,,,,3.0,,,,,,,,,,,,,,,,,,,,,,,,,,,,,,,,3.0,,,,,,,,,,,,,1610612749,2004,2003-04,False
1510-1730-2046-2072-693,1610612749,"Brevin Knight, Brian Skinner, Desmond Mason, Michael Redd, Joe Smith","Knight, Skinner, Mason, Redd, Smith",1510-1730-2046-2072-693,MIL,1733.0,9,29.0,-6.0,58.0,58.0,3.0,116.0,13.0,7.0,16.0,15.0,39.0,20.0,53.0,59.0,,6.0,16.0,8.0,8.0,3.0,16.0,1.0,10.0,20.0,4.0,24.0,8.0,3.0,7.0,11.0,26.0,11.0,47.0,0.5333333333333333,0.6666666666666666,0.38461538461538464,0.38372093023255816,0.4727272727272727,0.75,0.2,0.5,0.6129032258064516,0.625,96.38776687824581,14.810344827586206,15.068965517241379,14.517241379310345,14.224137931034482,0.3023255813953488,0.37209302325581395,0.4375,0.4375,0.42857142857142855,0.4407119047619047,0.20754716981132076,0.22448979591836735,0.11320754716981132,9.953846153846154,18.0,1.0,4.0,1.0,1.0,0.09302325581395349,1.0,0.625,0.023255813953488372,0.32558139534883723,29.325,30.0,5.0,10.0,5.0,8.0,3.0,4.0,10.0,21.0,10.0,30.0,14.0,5.0,4.0,3.0,9.0,5.0,1.0,2.0,,30.0,30.0,0.47619047619047616,0.43478260869565216,0.5357142857142857,0.1282051282051282,0.2,0.13636363636363635,0.8181818181818182,0.125,0.2222222222222222,,0.6666666666666666,0.23255813953488372,0.5,0.625,0.8,0.23076923076923078,0.3,0.34782608695652173,0.625,0.4376,0.44245869565217394,0.5660377358490566,0.5172413793103449,6.0,4.0,7.0,4.0,3.0,4.0,3.0,0.8571428571428571,0.75,1.0,1.0,3.0,6.0,0.75,0.75,0.25,1.0,,1.0,1.0,0.23076923076923078,3.0,2.0,2.0,1.0,1.0,4.0,,,0.3333333333333333,0.06976744186046512,0.08695652173913043,,2.0,,,0.2,,1.0,1.0,,1.0,,,,,,,0.25,,,0.3333333333333333,0.3333333333333333,,,,,,,1.0,1.0,1.0,,,0.05263157894736842,,,,,,,,,,,,,,,,,,,,,,,,,,,,,3.0,,1.0,,,,,,,,,,1.0,1610612749,2004,2003-04,False
1510-1730-2046-389-693,1610612749,"Brevin Knight, Brian Skinner, Desmond Mason, Toni Kukoc, Joe Smith","Knight, Skinner, Mason, Kukoc, Smith",1510-1730-2046-389-693,MIL,220.0,2,4.0,5.0,10.0,9.0,,19.0,1.0,,1.0,2.0,6.0,5.0,9.0,4.0,,,4.0,2.0,2.0,,4.0,,3.0,6.0,,6.0,1.0,1.0,1.0,1.0,6.0,,9.0,1.0,1.0,0.3333333333333333,0.3333333333333333,0.5,,,0.75,0.8571428571428571,1.0,124.36363636363637,9.7,13.666666666666666,9.7,13.666666666666666,0.16666666666666666,0.16666666666666666,,,,0.5204833333333333,,,,5.516666666666667,8.0,,,,,,,0.6666666666666666,,0.6666666666666666,,10.0,2.0,4.0,2.0,4.0,,,2.0,6.0,5.0,9.0,,2.0,2.0,,3.0,,,3.0,,9.0,10.0,0.3333333333333333,0.3333333333333333,0.5,0.3333333333333333,0.25,,1.0,,,,1.0,0.6666666666666666,0.5,0.6666666666666666,1.0,,,0.6666666666666666,0.5,,0.5204833333333333,1.0,1.0,,,,1.0,1.0,1.0,,,,,,,,,,,,,,,,,,,,,,,,,,,,,,,,,,,,,,,,,,,,,,,,,,,,,,,,,,,,,,,,,,,,,,,,,,,,,,,,,,,,,,,1.0,,,,,,,,,,,,,,1610612749,2004,2003-04,False
1510-1730-2072-2091-389,1610612749,"Brevin Knight, Brian Skinner, Michael Redd, Daniel Santiago, Toni Kukoc","Knight, Skinner, Redd, Santiago, Kukoc",1510-1730-2072-2091-389,MIL,51.0,1,1.0,2.0,1.0,2.0,,3.0,,1.0,1.0,1.0,1.0,,2.0,,,,2.0,1.0,1.0,1.0,2.0,,1.0,2.0,,2.0,,,,,,,2.0,1.0,1.0,1.0,1.0,1.0,,,1.0,1.0,1.0,84.70588235294117,31.0,10.0,31.0,10.0,,1.0,1.0,1.0,1.0,0.3794,,,,15.5,2.0,,,1.0,,,1.0,,,,,,,,,,,,,,,,,,,,,,,,,,,,,,,,,,,,,,,,,,,,,,,,,,,,,,,,,,,,,,,,,,,,,,,,,,,,,,,,,,,,,,,,,,,,,,,,,,,,,,,,,,,,,,,,,,,,,,,,,,,,,,,,,,,,,,,,,,,,,,,,,,,,,,,,,,,,1610612749,2004,2003-04,False
1510-1730-2072-2429-389,1610612749,"Brevin Knight, Brian Skinner, Michael Redd, Dan Gadzuric, Toni Kukoc","Knight, Skinner, Redd, Gadzuric, Kukoc",1510-1730-2072-2429-389,MIL,224.0,2,4.0,2.0,7.0,6.0,,13.0,1.0,,1.0,2.0,4.0,,10.0,8.0,,,2.0,1.0,3.0,,8.0,,1.0,1.0,,1.0,1.0,,1.0,2.0,,,10.0,0.5,0.5,0.5,0.8333333333333334,0.8333333333333334,,,0.5,0.5,1.0,83.57142857142857,15.428571428571429,19.333333333333332,15.428571428571429,16.166666666666668,0.16666666666666666,0.16666666666666666,,,,0.48355,,,,8.2,2.0,,2.0,,1.0,0.3333333333333333,,,,0.6666666666666666,26.4,,2.0,2.0,,,,,,,,,2.0,,1.0,,,1.0,,,,,,,,,,,,,,,,,0.3333333333333333,1.0,1.0,0.5,,,,,,,,,1.0,1.0,1.0,,,,,1.0,,,,,,,,,,,,,,2.0,,,2.0,,,,,,0.3333333333333333,,,,,,,,,2.0,,2.0,,6.0,2.0,2.0,2.0,1.0,1.0,,1.0,1.0,1.0,1.0,,1.0,,,,,,,,,,,,,,,,,,,,,,,,,,,,,,,,,,,,,,,,,,,,,,,,,,,1610612749,2004,2003-04,False
1510-1730-2072-389-693,1610612749,"Brevin Knight, Brian Skinner, Michael Redd, Toni Kukoc, Joe Smith","Knight, Skinner, Redd, Kukoc, Smith",1510-1730-2072-389-693,MIL,126.0,2,2.0,-4.0,4.0,4.0,,8.0,,,2.0,,2.0,,,4.0,,,,,,,,,1.0,2.0,,2.0,,,,,,,,,,,,,,,1.0,1.0,1.0,91.42857142857143,13.0,18.5,13.0,18.5,,1.0,,,,0.35195,,,,18.3,,,,,,,,,,,,4.0,,,,,,,,2.0,,,,,,,1.0,,,,,,4.0,,,,,,,1.0,,,,,,,,,,,,,,0.35195,,1.0,,,1.0,,,,,,,,,,,,,,,,1.0,,,,,,,,1.0,,,,,,,,,,,,1.0,,,,,,,,,,,,,,,,,,,,,,,,,,,,,,,,,,,,,,,,,,,,,,,,,,,,,,,,,,,,,,,,,,,,1610612749,2004,2003-04,False
1510-1800-2046-2072-389,1610612749,"Brevin Knight, Damon Jones, Desmond Mason, Michael Redd, Toni Kukoc","Knight, Jones, Mason, Redd, Kukoc",1510-1800-2046-2072-389,MIL,58.0,2,1.0,4.0,5.0,5.0,1.0,10.0,,,,2.0,2.0,5.0,9.0,5.0,1.0,3.0,2.0,1.0,1.0,,2.0,,1.0,2.0,1.0,3.0,,,,3.0,5.0,1.0,6.0,0.5,1.0,1.0,0.6666666666666666,0.9,1.5,,1.0,1.0,,248.27586206896552,6.2,5.4,6.2,5.4,,,,,,0.57445,0.3333333333333333,0.5,0.3333333333333333,,5.0,,1.0,,3.0,0.3333333333333333,,1.0,,1.0,25.6,5.0,2.0,2.0,2.0,2.0,,1.0,2.0,2.0,5.0,9.0,2.0,,1.0,,1.0,,,2.0,,9.0,5.0,1.0,0.6666666666666666,0.9,,,,1.0,1.0,,,1.0,0.6666666666666666,1.0,1.0,0.5,,,0.6666666666666666,1.0,,0.57445,1.0,1.0,,,,,,,,,,1.0,1.0,1.0,2.0,1.0,1.0,1.0,1.0,,,,,1.0,1.0,1.0,1.0,,,,,,0.3333333333333333,0.3333333333333333,,,,,,,,,,,,,,,,,,,,,,,,,,,1.0,,,1.0,1.0,,,,,,,,,1.0,,,,,,,,,,,,,,,,,,,,,,,,,,,,,,,,,,,1610612749,2004,2003-04,False
1510-1800-2046-2072-693,1610612749,"Brevin Knight, Damon Jones, Desmond Mason, Michael Redd, Joe Smith","Knight, Jones, Mason, Redd, Smith",1510-1800-2046-2072-693,MIL,3.0,1,,-1.0,,1.0,,1.0,,,,,,,,1.0,,,,,,,,,,,,,,,,1.0,,,,,,,,,,,,,,480.0,,3.0,,3.0,,,,,,,,,,,1.0,,,,1.0,,,,,,,,,,,,,,,,,,,,,,,,,,,,,,,,,,,,,,,,,,,,,,,,,,,,,,,,,,,,,,,,,,,,,,,,,,,,,,,,,,,,,,,,,,,,,,,,,,,,,,,,,,,,,,,,,,,,,,,,,,,,,,,,,,,,,,,,,,,,,,,,,,,,,,,,,,,,,,1610612749,2004,2003-04,False
1510-2046-2072-2091-389,1610612749,"Brevin Knight, Desmond Mason, Michael Redd, Daniel Santiago, Toni Kukoc","Knight, Mason, Redd, Santiago, Kukoc",1510-2046-2072-2091-389,MIL,448.0,2,7.0,-4.0,14.0,13.0,2.0,27.0,3.0,,3.0,4.0,11.0,1.0,12.0,16.0,,,8.0,4.0,5.0,,11.0,,,2.0,2.0,4.0,,,1.0,7.0,2.0,1.0,12.0,1.0,1.0,0.36363636363636365,0.4230769230769231,0.42857142857142855,,,,1.0,,86.78571428571428,16.928571428571427,16.23076923076923,16.071428571428573,16.23076923076923,0.23076923076923078,0.23076923076923078,,,,0.47607307692307693,0.07142857142857142,0.08333333333333333,,7.672727272727273,6.0,,2.0,,1.0,0.15384615384615385,,,,0.5384615384615384,25.95,,3.0,5.0,,,1.0,2.0,,,,,,1.0,3.0,2.0,2.0,,,,,,,,,,0.09090909090909091,0.2,0.2857142857142857,1.0,0.25,,,,0.38461538461538464,0.6,0.75,1.0,0.3333333333333333,0.3333333333333333,,,0.39425,,,,2.0,,2.0,,,,,1.0,,,,,,,,,,,,,,2.0,,,2.0,1.0,,,0.3333333333333333,1.0,0.15384615384615385,,,2.0,,,0.5,,1.0,1.0,,1.0,,3.0,1.0,1.0,1.0,1.0,0.5,,0.5,0.5,0.5,1.0,,0.5,1.0,,,,,,,,,,,,,1.0,,,,,,,,,,,,,,,,,,,,,,,,,,,,,,,,,,,,,1610612749,2004,2003-04,False
1510-2046-2072-2429-389,1610612749,"Brevin Knight, Desmond Mason, Michael Redd, Dan Gadzuric, Toni Kukoc","Knight, Mason, Redd, Gadzuric, Kukoc",1510-2046-2072-2429-389,MIL,1662.0,9,28.0,9.0,54.0,55.0,9.0,109.0,11.0,5.0,10.0,17.0,38.0,19.0,59.0,50.0,1.0,5.0,20.0,10.0,12.0,3.0,26.0,1.0,13.0,18.0,11.0,29.0,10.0,4.0,8.0,14.0,23.0,12.0,54.0,0.5882352941176471,0.625,0.4473684210526316,0.46511627906976744,0.5462962962962963,0.25,0.3333333333333333,0.8125,0.8181818181818182,1.0,94.4404332129964,14.296296296296296,16.181818181818183,13.518518518518519,15.963636363636363,0.2558139534883721,0.23255813953488372,0.5,0.5555555555555556,0.6,0.4751430232558139,0.2222222222222222,0.24489795918367346,0.0847457627118644,7.771052631578947,12.0,2.0,5.0,,,0.11627906976744186,,0.625,0.046511627906976744,0.5116279069767442,24.98,17.0,7.0,17.0,1.0,4.0,5.0,9.0,3.0,8.0,7.0,13.0,14.0,3.0,3.0,8.0,5.0,6.0,,,,13.0,17.0,0.375,0.375,0.5,0.07894736842105263,0.058823529411764705,0.38095238095238093,0.8333333333333334,0.4166666666666667,0.3333333333333333,1.0,0.8333333333333334,0.3953488372093023,0.4117647058823529,0.4375,0.42857142857142855,0.45454545454545453,0.5,0.5,0.25,0.4567625,0.42705,0.22033898305084745,0.3148148148148148,6.0,,10.0,2.0,2.0,2.0,2.0,0.6,1.0,,5.0,2.0,2.0,0.2222222222222222,0.2222222222222222,0.5555555555555556,,1.0,4.0,,0.09090909090909091,3.0,,,3.0,4.0,6.0,,0.6,0.8,0.06976744186046512,,,6.0,1.0,1.0,0.3,,,1.0,,2.0,,6.0,1.0,2.0,1.0,1.0,0.4,,0.4,0.3333333333333333,0.3333333333333333,1.0,,0.3333333333333333,,,2.0,,,1.0,0.6666666666666666,1.0,,,,,,,,0.5,,,,1.0,,1.0,0.5,0.5,1.0,,,,,,,,,,,,0.1,,,,,,,,,,,,,,1610612749,2004,2003-04,False
1510-2046-2072-2429-693,1610612749,"Brevin Knight, Desmond Mason, Michael Redd, Dan Gadzuric, Joe Smith","Knight, Mason, Redd, Gadzuric, Smith",1510-2046-2072-2429-693,MIL,310.0,3,5.0,-7.0,9.0,10.0,1.0,19.0,5.0,,1.0,2.0,7.0,3.0,7.0,14.0,,,2.0,1.0,1.0,,2.0,,3.0,3.0,1.0,4.0,,,3.0,5.0,3.0,,7.0,0.5,0.5,0.2857142857142857,0.2857142857142857,0.375,,,0.75,0.75,,88.25806451612902,15.777777777777779,16.8,15.666666666666666,15.4,0.7142857142857143,0.14285714285714285,,,,0.3541714285714286,,,,9.085714285714285,8.0,,,,,,,,,0.14285714285714285,,8.0,,1.0,,1.0,2.0,1.0,1.0,6.0,2.0,4.0,2.0,,,1.0,,,1.0,1.0,,4.0,8.0,0.16666666666666666,0.16666666666666666,0.2857142857142857,,,0.3333333333333333,,0.3333333333333333,0.5,0.75,,0.14285714285714285,,,,0.4,0.4,0.16666666666666666,,0.2562,0.34571666666666667,0.5714285714285714,0.8888888888888888,1.0,,2.0,1.0,,1.0,1.0,0.5,1.0,,1.0,,,,,1.0,,,1.0,,,,,,,1.0,2.0,1.0,,0.5,,,,1.0,,,,,,,,,,,,,,,,,,,,,,,,1.0,,,,,,,,,,,,,,,,,,,,,,,,,,,,,,,,,,,,,,,,,,,,,,,,,1610612749,2004,2003-04,False
1510-2046-2072-389-693,1610612749,"Brevin Knight, Desmond Mason, Michael Redd, Toni Kukoc, Joe Smith","Knight, Mason, Redd, Kukoc, Smith",1510-2046-2072-389-693,MIL,577.0,4,10.0,-5.0,17.0,18.0,2.0,35.0,2.0,3.0,5.0,9.0,14.0,4.0,22.0,27.0,,4.0,14.0,7.0,7.0,3.0,14.0,1.0,1.0,3.0,2.0,5.0,1.0,,3.0,6.0,7.0,4.0,18.0,0.7777777777777778,0.875,0.6428571428571429,0.6,0.6111111111111112,1.0,0.5,0.5,0.75,,87.34835355285962,18.294117647058822,14.777777777777779,17.529411764705884,14.444444444444445,0.13333333333333333,0.3333333333333333,0.6,0.6,1.0,0.47378,0.2222222222222222,0.23529411764705882,0.18181818181818182,7.3,12.0,1.0,1.0,,3.0,0.06666666666666667,,1.0,0.06666666666666667,0.5333333333333333,22.6,8.0,5.0,7.0,2.0,3.0,1.0,2.0,5.0,8.0,2.0,12.0,4.0,1.0,3.0,1.0,2.0,1.0,,,,12.0,8.0,0.625,0.5555555555555556,0.6,0.07142857142857142,0.14285714285714285,0.2,1.0,0.16666666666666666,,,1.0,0.4666666666666667,0.7142857142857143,0.8333333333333334,0.6,0.5,0.5,0.3333333333333333,0.6666666666666666,0.4316,0.46836666666666665,0.5454545454545454,0.47058823529411764,1.0,1.0,1.0,,,,,1.0,,1.0,1.0,2.0,2.0,1.0,1.0,0.5,1.0,,,,,,,1.0,,1.0,,,0.5,1.0,,,1.0,,,,,0.1111111111111111,,,,,,,,,,,,,,,,,,,1.0,,,,,1.0,,,,,,,,,,,,,,,,,,,,,,,,,,,,,,,,,,,,,,,,,,,,,1610612749,2004,2003-04,False
1510-2046-2429-389-693,1610612749,"Brevin Knight, Desmond Mason, Dan Gadzuric, Toni Kukoc, Joe Smith","Knight, Mason, Gadzuric, Kukoc, Smith",1510-2046-2429-389-693,MIL,126.0,1,2.0,-2.0,3.0,4.0,,7.0,,,,1.0,1.0,,2.0,4.0,,,,,,,,,,1.0,,1.0,1.0,,,,2.0,1.0,2.0,,,1.0,0.5,0.3333333333333333,,,,1.0,,80.0,21.0,15.75,21.0,15.75,,,,,,0.558125,0.3333333333333333,0.5,,,,1.0,1.0,,,0.5,,,0.5,1.0,23.2,,1.0,1.0,,,,,,,,,2.0,,,,1.0,1.0,,,,,,,,,,,,1.0,,,,,0.5,1.0,1.0,,,,,,,,,,,,,,,,,,,,,,,,,,,,,,,,,,,,,,,,,,,,,,,,1.0,,,,,,,,,,,,,,,,,,,,,,,,,,,,,,,,,,,,,,,,,,,,,,,,,,,,,,,,,,,,,,,,,,,,1610612749,2004,2003-04,False
1510-2072-2429-389-693,1610612749,"Brevin Knight, Michael Redd, Dan Gadzuric, Toni Kukoc, Joe Smith","Knight, Redd, Gadzuric, Kukoc, Smith",1510-2072-2429-389-693,MIL,326.0,1,5.0,,8.0,8.0,1.0,16.0,2.0,,1.0,2.0,6.0,1.0,8.0,8.0,1.0,1.0,2.0,1.0,2.0,,5.0,,2.0,3.0,2.0,5.0,,,1.0,3.0,2.0,1.0,7.0,0.5,0.5,0.3333333333333333,0.3888888888888889,0.4,0.25,,0.6666666666666666,0.75,,70.67484662576686,17.75,23.0,17.625,22.75,0.2222222222222222,0.1111111111111111,,,,0.4721722222222222,0.1,0.14285714285714285,0.125,6.533333333333334,,1.0,3.0,,,0.3333333333333333,,1.0,0.1111111111111111,0.6666666666666666,24.933333333333334,,1.0,3.0,,,1.0,1.0,,,,,2.0,,1.0,2.0,1.0,,,,,,,,,,,,0.5,1.0,0.4,,0.5,1.0,0.3333333333333333,0.3333333333333333,0.3333333333333333,1.0,0.5,0.5,,,0.5395,,,,,,1.0,1.0,1.0,1.0,,,,,1.0,,,,,1.0,,,1.0,,,2.0,,,2.0,,,,,,0.2222222222222222,,,,,,1.0,,,,,1.0,,3.0,,1.0,,1.0,0.3333333333333333,,0.3333333333333333,,,,,,1.0,,,2.0,,,,,0.4,,,,,,,,,,,1.0,,1.0,1.0,1.0,1.0,,,,,,,,,,,,,,,,,,,,,,,,,,1610612749,2004,2003-04,False
1730-1800-2046-2072-2429,1610612749,"Brian Skinner, Damon Jones, Desmond Mason, Michael Redd, Dan Gadzuric","Skinner, Jones, Mason, Redd, Gadzuric",1730-1800-2046-2072-2429,MIL,271.0,3,5.0,10.0,9.0,8.0,1.0,17.0,3.0,,,4.0,4.0,4.0,18.0,8.0,,2.0,4.0,2.0,4.0,,10.0,,,,1.0,1.0,2.0,,1.0,1.0,5.0,1.0,16.0,0.5,0.6666666666666666,1.0,1.0,1.0,1.0,,,,,90.33210332103322,12.555555555555555,19.75,12.555555555555555,19.0,0.42857142857142855,,,,,0.5015214285714286,0.2222222222222222,0.2,0.1111111111111111,6.825,6.0,1.0,3.0,,,0.42857142857142855,,,0.14285714285714285,0.5714285714285714,25.0,6.0,1.0,1.0,1.0,1.0,3.0,1.0,2.0,2.0,2.0,12.0,4.0,,,,,2.0,,,,12.0,6.0,1.0,1.0,1.0,,,,,1.0,,,,0.14285714285714285,1.0,1.0,,1.0,1.0,0.2,1.0,,0.5261899999999999,0.6666666666666666,0.6666666666666666,,,1.0,1.0,,1.0,,,,1.0,1.0,1.0,2.0,1.0,1.0,1.0,1.0,1.0,1.0,,,2.0,2.0,3.0,2.0,2.0,1.0,1.0,,0.6666666666666666,0.2857142857142857,0.4,1.0,,,,,0.2,,1.0,1.0,2.0,2.0,6.0,1.0,2.0,1.0,1.0,0.6666666666666666,0.6666666666666666,0.6666666666666666,0.5,0.5,1.0,0.5,0.5,,,1.0,,,,1.0,,,,,,,,,1.0,,,,1.0,1.0,1.0,1.0,1.0,1.0,1.0,,,,,,,,1.0,0.25,,,,,,,,,,,,,,,,1610612749,2004,2003-04,False
1730-1800-2046-2072-2551,1610612749,"Brian Skinner, Damon Jones, Desmond Mason, Michael Redd, T.J. Ford","Skinner, Jones, Mason, Redd, Ford",1730-1800-2046-2072-2551,MIL,340.0,1,6.0,6.0,11.0,11.0,2.0,22.0,2.0,2.0,3.0,6.0,8.0,3.0,18.0,12.0,1.0,3.0,8.0,4.0,4.0,2.0,8.0,,1.0,2.0,2.0,4.0,2.0,,,2.0,5.0,1.0,15.0,0.6666666666666666,0.6666666666666666,0.75,0.75,0.75,0.75,,0.3333333333333333,0.4,0.3333333333333333,93.17647058823529,15.818181818181818,15.090909090909092,14.636363636363637,14.363636363636363,0.2,0.3,0.6666666666666666,0.6666666666666666,1.0,0.4686444444444445,0.1,0.125,0.16666666666666666,8.0625,1.0,,2.0,,,0.2,,,,0.5,52.05,7.0,3.0,3.0,1.0,1.0,1.0,1.0,3.0,5.0,2.0,11.0,4.0,,1.0,2.0,1.0,2.0,,2.0,,11.0,7.0,0.6,0.6428571428571429,0.6111111111111112,,,1.0,0.5,1.0,1.0,,0.5,0.3,1.0,1.0,0.3333333333333333,0.5,0.5,0.14285714285714285,1.0,0.3769,0.42396666666666666,0.6111111111111112,0.6363636363636364,1.0,,2.0,,,,,0.5,,,,1.0,,1.0,1.0,,,,1.0,,,2.0,2.0,2.0,1.0,1.0,1.0,,1.0,1.0,0.2,0.2857142857142857,,1.0,,1.0,,,,1.0,1.0,1.0,1.0,,1.0,,,,0.5,0.5,1.0,0.5,0.5,,0.5,1.0,,,,1.0,,1.0,,,0.5,,,,,,,,,,,,,,,,,,,,,,,,,,,,,3.0,,1.0,,,,,,,,,,,1610612749,2004,2003-04,False
1730-1800-2046-2072-389,1610612749,"Brian Skinner, Damon Jones, Desmond Mason, Michael Redd, Toni Kukoc","Skinner, Jones, Mason, Redd, Kukoc",1730-1800-2046-2072-389,MIL,4726.0,24,79.0,-20.0,158.0,152.0,14.0,310.0,23.0,12.0,33.0,47.0,97.0,25.0,149.0,169.0,3.0,9.0,56.0,28.0,37.0,8.0,83.0,2.0,36.0,53.0,17.0,70.0,8.0,2.0,13.0,28.0,38.0,22.0,140.0,0.5957446808510638,0.6363636363636364,0.4845360824742268,0.47692307692307695,0.5102739726027398,0.32142857142857145,0.2222222222222222,0.6792452830188679,0.6944444444444444,0.7,94.45619974608549,15.253164556962025,15.236842105263158,14.683544303797468,14.381578947368421,0.17692307692307693,0.25384615384615383,0.36363636363636365,0.3870967741935484,0.6666666666666666,0.4857322834645669,0.1506849315068493,0.19469026548672566,0.06040268456375839,8.261855670103092,35.0,6.0,33.0,3.0,6.0,0.25384615384615383,0.75,0.6666666666666666,0.046153846153846156,0.5692307692307692,26.663636363636364,60.0,26.0,41.0,11.0,16.0,9.0,10.0,17.0,36.0,14.0,54.0,38.0,8.0,16.0,10.0,14.0,6.0,,,,54.0,60.0,0.4722222222222222,0.4166666666666667,0.47368421052631576,0.08247422680412371,0.12195121951219512,0.20408163265306123,0.7368421052631579,0.22388059701492538,0.14285714285714285,0.6666666666666666,0.7058823529411765,0.3153846153846154,0.6341463414634146,0.7222222222222222,0.6153846153846154,0.391304347826087,0.4090909090909091,0.3333333333333333,0.6875,0.4457785714285714,0.4810755319148936,0.3624161073825503,0.379746835443038,14.0,7.0,27.0,4.0,3.0,4.0,4.0,0.5185185185185185,1.0,2.0,4.0,3.0,6.0,0.3,0.2727272727272727,0.36363636363636365,0.5,4.0,13.0,,0.043478260869565216,27.0,11.0,12.0,25.0,4.0,9.0,1.0,0.3,0.4444444444444444,0.2076923076923077,0.22916666666666666,1.0,7.0,1.0,4.0,0.13333333333333333,0.020833333333333332,1.0,7.0,2.0,10.0,2.0,27.0,7.0,9.0,7.0,0.9,0.30303030303030304,0.16666666666666666,0.3225806451612903,0.25925925925925924,0.25925925925925924,1.0,0.18181818181818182,0.28,3.0,1.0,5.0,4.0,1.0,6.0,0.2777777777777778,0.3333333333333333,0.06666666666666667,,,,1.0,,,0.26666666666666666,,,,3.0,,2.0,0.5,0.5,0.6666666666666666,,1.0,,,0.09090909090909091,,,,,,,0.06060606060606061,3.0,,2.0,,,,,,,,,,,1610612749,2004,2003-04,False
1730-1800-2046-2072-693,1610612749,"Brian Skinner, Damon Jones, Desmond Mason, Michael Redd, Joe Smith","Skinner, Jones, Mason, Redd, Smith",1730-1800-2046-2072-693,MIL,14949.0,30,249.0,13.0,459.0,457.0,53.0,916.0,114.0,49.0,110.0,180.0,370.0,96.0,522.0,509.0,12.0,71.0,188.0,94.0,112.0,29.0,242.0,,131.0,170.0,65.0,235.0,17.0,6.0,40.0,73.0,118.0,51.0,451.0,0.5222222222222223,0.5562130177514792,0.4864864864864865,0.5157384987893463,0.5555555555555556,0.5634920634920635,,0.7277777777777777,0.7385321100917431,0.7380952380952381,88.23600240818784,16.4880174291939,16.150984682713347,15.734204793028322,15.428884026258206,0.27602905569007263,0.26634382566585957,0.44545454545454544,0.44545454545454544,0.5918367346938775,0.4726961259079903,0.1111111111111111,0.12259615384615384,0.1360153256704981,8.19027027027027,73.0,17.0,43.0,9.0,4.0,0.10411622276029056,0.8181818181818182,0.6181818181818182,0.04116222760290557,0.4576271186440678,24.830232558139535,113.0,81.0,146.0,14.0,24.0,50.0,47.0,36.0,75.0,43.0,133.0,172.0,27.0,43.0,59.0,30.0,11.0,3.0,9.0,3.0,133.0,113.0,0.48,0.5357142857142857,0.6214953271028038,0.07297297297297298,0.14383561643835616,0.3155080213903743,0.7894736842105263,0.3140096618357488,0.2698412698412698,0.8536585365853658,0.88,0.35351089588377727,0.5547945205479452,0.648,0.5308641975308642,0.43859649122807015,0.46296296296296297,0.2857142857142857,0.5833333333333334,0.5156075471698114,0.4618244047619048,0.2547892720306513,0.24618736383442266,34.0,15.0,59.0,21.0,13.0,22.0,12.0,0.576271186440678,0.5454545454545454,15.0,28.0,22.0,22.0,0.46808510638297873,0.5175438596491229,0.49122807017543857,0.5357142857142857,8.0,25.0,4.0,0.05263157894736842,26.0,5.0,9.0,26.0,22.0,14.0,4.0,0.2786885245901639,0.44,0.06295399515738499,0.05952380952380952,4.0,19.0,5.0,4.0,0.3968253968253968,0.047619047619047616,0.6153846153846154,12.0,3.0,22.0,6.0,54.0,12.0,18.0,9.0,0.8181818181818182,0.5116279069767442,0.6666666666666666,0.5116279069767442,0.46153846153846156,0.46153846153846156,0.75,0.6,0.46153846153846156,4.0,3.0,6.0,4.0,2.0,5.0,0.3,0.5714285714285714,0.022099447513812154,3.0,7.0,5.0,10.0,2.0,0.5,0.15384615384615385,0.12280701754385964,0.42857142857142855,1.0,10.0,3.0,9.0,0.5882352941176471,0.5882352941176471,0.9,0.75,3.0,1.0,,0.05263157894736842,1.0,0.13333333333333333,,,,,,12.0,,,2.0,0.6666666666666666,1.0,,,,,,,,1610612749,2004,2003-04,False
1730-1800-2046-2409-389,1610612749,"Brian Skinner, Damon Jones, Desmond Mason, Marcus Haislip, Toni Kukoc","Skinner, Jones, Mason, Haislip, Kukoc",1730-1800-2046-2409-389,MIL,178.0,1,3.0,3.0,6.0,5.0,,11.0,2.0,,1.0,1.0,3.0,2.0,10.0,7.0,,,2.0,1.0,3.0,,8.0,,,1.0,,1.0,1.0,,1.0,1.0,2.0,1.0,10.0,1.0,1.0,0.3333333333333333,0.8,0.8333333333333334,,,,,,88.98876404494382,17.666666666666668,14.4,17.666666666666668,14.4,0.4,0.2,,,,0.45302,0.16666666666666666,0.25,,15.0,,1.0,2.0,1.0,,0.4,1.0,,0.2,0.4,24.35,,,,,,1.0,,,,,,,,,,,1.0,,,,,,,,,,,,,,,,,,,,,0.5,0.5,,,,,,,,,,,,,,,,,,,,,,,,,,,,1.0,,,1.0,1.0,,,,1.0,0.2,,,,,,,,,1.0,,2.0,,6.0,1.0,2.0,1.0,1.0,1.0,,1.0,1.0,1.0,1.0,,1.0,,,,,,,,,,,,,,,,,,,,1.0,,1.0,1.0,1.0,1.0,,,,,,,,,,,,,,,,,,,,,,,,,,1610612749,2004,2003-04,False
1730-1800-2046-2409-693,1610612749,"Brian Skinner, Damon Jones, Desmond Mason, Marcus Haislip, Joe Smith","Skinner, Jones, Mason, Haislip, Smith",1730-1800-2046-2409-693,MIL,70.0,1,1.0,2.0,4.0,4.0,,8.0,,,,,,2.0,2.0,,,,,,,,,,2.0,4.0,,4.0,,,,1.0,2.0,,2.0,,,,,1.0,,,0.6666666666666666,0.5,,164.57142857142856,6.0,11.5,6.0,9.75,,,,,,,,,,,4.0,,,2.0,1.0,,1.0,0.6666666666666666,,,,4.0,,,,,,,,,2.0,2.0,,,,,,,,1.0,,2.0,4.0,,,1.0,,,,,,,,,,,,,,,,,,,1.0,1.0,3.0,,3.0,1.0,1.0,1.0,1.0,1.0,1.0,,,,,,,,,,,,,,,,,,3.0,,,,,,,3.0,,,,,,,,,,,,,,,,,,,,,,,,,,,,,,,,,,,,,,,,,,,,,,,,,,,,,,,,,,,,,,,,,,,,,,,,,1610612749,2004,2003-04,False
1730-1800-2046-389-693,1610612749,"Brian Skinner, Damon Jones, Desmond Mason, Toni Kukoc, Joe Smith","Skinner, Jones, Mason, Kukoc, Smith",1730-1800-2046-389-693,MIL,398.0,2,7.0,6.0,12.0,12.0,3.0,24.0,2.0,,2.0,5.0,10.0,11.0,21.0,15.0,4.0,6.0,4.0,2.0,2.0,,4.0,,3.0,5.0,5.0,10.0,,,2.0,4.0,12.0,1.0,15.0,0.4,0.4,0.5,0.5,0.65625,0.6,,1.0,1.0,1.0,86.83417085427135,15.833333333333334,17.333333333333332,14.5,17.0,0.2,0.2,,,,0.46719999999999995,0.09090909090909091,0.09090909090909091,0.2857142857142857,5.21,8.0,,,1.0,2.0,,1.0,,,0.6,,9.0,4.0,6.0,3.0,3.0,1.0,3.0,3.0,4.0,9.0,15.0,6.0,3.0,1.0,5.0,1.0,,,5.0,,15.0,9.0,0.75,0.75,0.8333333333333334,0.3,0.3333333333333333,1.0,1.0,1.0,1.0,1.0,1.0,0.6,0.6666666666666666,1.0,0.25,0.5,0.5,0.75,1.0,0.4837666666666667,0.504425,0.7142857142857143,0.75,1.0,1.0,1.0,,,,,1.0,,1.0,2.0,1.0,,0.3333333333333333,0.3333333333333333,0.6666666666666666,0.5,,,,,,,,,1.0,1.0,,1.0,1.0,,,,,,,1.0,,,,,,,,,,,,,,,,,,,,,,,,,,,,,,,,,,,,,,,,,,,,,,,,,,,1.0,,,,,0.5,,,,,,,,,,,,,,1610612749,2004,2003-04,False
1730-1800-2072-2409-389,1610612749,"Brian Skinner, Damon Jones, Michael Redd, Marcus Haislip, Toni Kukoc","Skinner, Jones, Redd, Haislip, Kukoc",1730-1800-2072-2409-389,MIL,71.0,1,1.0,2.0,3.0,3.0,,6.0,,,,,,4.0,4.0,2.0,,,,,,,,,2.0,2.0,,2.0,,,1.0,1.0,4.0,2.0,4.0,,,,,1.0,,,0.6666666666666666,0.6666666666666666,,121.69014084507042,9.333333333333334,14.333333333333334,9.333333333333334,13.666666666666666,,,,,,,1.0,1.0,,,,,,,,,,0.5,,,,,,,,,,,,,,,,,,,,,,,,,,,,,,,,,,,1.0,,,,,,,,,,,,,,,,1.0,,,,,,,,,,,,,,,1.0,1.0,,,,,,,,,,,,,,,,,,,,,,,,,,,,,,,,,,,,,,,,,,,,,,,,,,,,,,,,,,,,,,,,,,,,,,,,,,,,,,,,,,,,,,,,1610612749,2004,2003-04,False
1730-1800-2072-2551-389,1610612749,"Brian Skinner, Damon Jones, Michael Redd, T.J. Ford, Toni Kukoc","Skinner, Jones, Redd, Ford, Kukoc",1730-1800-2072-2551-389,MIL,34.0,2,1.0,-3.0,1.0,2.0,,3.0,,,,,,,,3.0,,,,,,,,,1.0,1.0,,1.0,,,,,,,,,,,,,,,1.0,1.0,1.0,127.05882352941177,3.0,15.5,3.0,15.5,,,,,,,,,,,2.0,,,,,,,,,,,1.0,,,,,,,,,,,,,,,,,,,,,1.0,,,,,,,,,,,,,,,,,,,,,,,1.0,,,,,,,,,,,,,,,,,,,,,,,,,,,,,,,,,,,,,,,,,,,,,,,,,,,,,,,,,,,,,,,,,,,,,,,,,,,,,,,,,,,,,,,,,,,,,,,,,,,,,,,,,,,1610612749,2004,2003-04,False
1730-1800-2072-389-693,1610612749,"Brian Skinner, Damon Jones, Michael Redd, Toni Kukoc, Joe Smith","Skinner, Jones, Redd, Kukoc, Smith",1730-1800-2072-389-693,MIL,294.0,1,5.0,-8.0,8.0,8.0,3.0,16.0,2.0,,2.0,2.0,7.0,2.0,6.0,14.0,,2.0,,,,,,,1.0,2.0,3.0,5.0,,,1.0,1.0,2.0,1.0,4.0,,,0.2857142857142857,0.2,0.2727272727272727,0.3333333333333333,,1.0,1.0,1.0,78.3673469387755,21.125,15.625,18.625,15.625,0.2,0.2,,,,0.47639,0.09090909090909091,0.125,0.3333333333333333,8.257142857142856,3.0,1.0,3.0,,,0.3,,,0.1,0.6,24.233333333333334,5.0,1.0,3.0,1.0,2.0,1.0,2.0,2.0,5.0,,4.0,4.0,,,2.0,1.0,,,,,4.0,5.0,0.4,0.3333333333333333,0.3333333333333333,,,0.4,1.0,0.375,1.0,,,0.3,0.3333333333333333,0.3333333333333333,,0.5,0.5,0.3333333333333333,0.5,0.5345,0.44426666666666664,0.6666666666666666,0.625,,,,,,,,,,1.0,2.0,1.0,,0.5,0.3333333333333333,0.6666666666666666,0.5,,,,,2.0,1.0,1.0,2.0,,,,0.5,,0.2,0.16666666666666666,,,,,,,1.0,,,,,,,,,,,,,,,,,,,,1.0,,,,0.3333333333333333,1.0,,,1.0,,1.0,,,,0.3333333333333333,,,,,,,,,,,,,,,,,,,,,,,,,,,,,,,,,,1610612749,2004,2003-04,False
1730-2046-2072-2091-2551,1610612749,"Brian Skinner, Desmond Mason, Michael Redd, Daniel Santiago, T.J. Ford","Skinner, Mason, Redd, Santiago, Ford",1730-2046-2072-2091-2551,MIL,70.0,1,1.0,,2.0,2.0,1.0,4.0,1.0,,,,2.0,2.0,2.0,2.0,2.0,2.0,,,,,,,,1.0,1.0,2.0,,,,,2.0,1.0,,,,,,0.3333333333333333,1.0,,,0.5,,82.28571428571428,24.0,11.0,23.5,11.0,0.5,,,,,0.4268,0.3333333333333333,0.3333333333333333,1.0,6.15,2.0,,,,,,,,,0.5,,,,1.0,,,,,,,,,,,,1.0,1.0,,,,,,,,,,,,0.5,0.5,0.5,1.0,,1.0,0.5,,,,,,,,,,,,,,,,,,,,,,,,,,,,,,,,,,,,,,,,,,,,,,,,,,,,,,,,,,,,,,,,,,,,,,,,,,,,,,,,,,,,,,,,,,,,,,,,,,,,,,,,,,,,,,,,,,,,,,1610612749,2004,2003-04,False
1730-2046-2072-2551-389,1610612749,"Brian Skinner, Desmond Mason, Michael Redd, T.J. Ford, Toni Kukoc","Skinner, Mason, Redd, Ford, Kukoc",1730-2046-2072-2551-389,MIL,1053.0,10,18.0,4.0,37.0,36.0,2.0,73.0,9.0,2.0,7.0,11.0,24.0,12.0,34.0,30.0,2.0,4.0,12.0,6.0,6.0,1.0,12.0,,12.0,14.0,2.0,16.0,2.0,2.0,1.0,7.0,12.0,6.0,30.0,0.5454545454545454,0.6,0.4583333333333333,0.4230769230769231,0.5483870967741935,1.0,,0.75,0.7777777777777778,0.5,99.82905982905983,12.108108108108109,16.805555555555557,12.054054054054054,16.5,0.34615384615384615,0.2692307692307692,0.2857142857142857,0.2857142857142857,0.5,0.46456153846153847,0.2,0.21428571428571427,0.11764705882352941,8.745833333333334,27.0,,2.0,,3.0,0.07692307692307693,,1.0,,0.38461538461538464,25.7,18.0,6.0,8.0,4.0,6.0,3.0,1.0,8.0,13.0,7.0,23.0,10.0,1.0,3.0,2.0,2.0,,,1.0,,23.0,18.0,0.6153846153846154,0.5333333333333333,0.6388888888888888,0.041666666666666664,,0.15384615384615385,1.0,0.13333333333333333,0.16666666666666666,0.75,1.0,0.3076923076923077,0.75,0.75,0.5,0.3333333333333333,0.375,0.4,0.6666666666666666,0.5637,0.4995066666666667,0.6764705882352942,0.4864864864864865,5.0,3.0,9.0,2.0,2.0,2.0,2.0,0.5555555555555556,1.0,1.0,1.0,1.0,2.0,1.0,1.0,1.0,1.0,3.0,4.0,,0.1111111111111111,2.0,2.0,2.0,2.0,2.0,3.0,,,0.6666666666666666,0.07692307692307693,0.13333333333333333,,2.0,,,0.5,,1.0,,,,,,,,,,,,,,,,,,,,,,,2.0,,,,,,,,,,,,,,,,,,,,,,,,,,,,,,,,,,,,,,,,,,,,,1610612749,2004,2003-04,False
1730-2046-2072-2551-693,1610612749,"Brian Skinner, Desmond Mason, Michael Redd, T.J. Ford, Joe Smith","Skinner, Mason, Redd, Ford, Smith",1730-2046-2072-2551-693,MIL,9121.0,17,152.0,6.0,295.0,296.0,45.0,591.0,74.0,34.0,85.0,116.0,245.0,72.0,322.0,316.0,8.0,60.0,122.0,61.0,66.0,25.0,137.0,,77.0,111.0,54.0,165.0,19.0,8.0,35.0,58.0,95.0,44.0,262.0,0.5258620689655172,0.580952380952381,0.47346938775510206,0.4752851711026616,0.5213815789473685,0.5660377358490566,,0.8105263157894737,0.7952755905511811,0.7428571428571429,93.30555860103058,16.247457627118646,14.621621621621621,15.264406779661018,14.18918918918919,0.2813688212927757,0.3231939163498099,0.4,0.4,0.7352941176470589,0.4749032442748092,0.14715719063545152,0.15658362989323843,0.18633540372670807,9.099591836734694,60.0,7.0,18.0,10.0,2.0,0.06844106463878327,0.8333333333333334,0.8611111111111112,0.026615969581749048,0.39543726235741444,27.022222222222222,61.0,57.0,86.0,11.0,15.0,25.0,47.0,24.0,45.0,20.0,68.0,110.0,20.0,23.0,47.0,24.0,11.0,5.0,5.0,2.0,68.0,61.0,0.5333333333333333,0.5,0.5666666666666667,0.08163265306122448,0.1511627906976744,0.3700787401574803,0.75,0.391304347826087,0.3469387755102041,0.8333333333333334,0.8,0.3269961977186312,0.6627906976744186,0.7808219178082192,0.40350877192982454,0.33783783783783783,0.373134328358209,0.3125,0.7333333333333333,0.5138136363636364,0.47327021276595743,0.2111801242236025,0.20677966101694914,27.0,13.0,46.0,13.0,12.0,13.0,11.0,0.5869565217391305,0.8461538461538461,18.0,27.0,23.0,22.0,0.48936170212765956,0.5306122448979592,0.5510204081632653,0.6666666666666666,6.0,19.0,,0.0945945945945946,11.0,2.0,3.0,10.0,13.0,10.0,1.0,0.30612244897959184,0.52,0.04182509505703422,0.041666666666666664,1.0,14.0,1.0,3.0,0.5172413793103449,0.020833333333333332,0.6666666666666666,2.0,,6.0,,15.0,2.0,5.0,1.0,0.8333333333333334,0.3333333333333333,,0.35294117647058826,0.18181818181818182,0.2,0.5,,0.2,5.0,4.0,7.0,4.0,1.0,8.0,0.6363636363636364,1.0,0.03418803418803419,1.0,1.0,2.0,2.0,1.0,1.0,0.5,0.02040816326530612,1.0,1.0,4.0,,4.0,0.5714285714285714,0.5714285714285714,1.0,,1.0,,,0.02040816326530612,,0.2222222222222222,1.0,,,1.0,,3.0,,1.0,1.0,1.0,1.0,,1.0,0.05555555555555555,,0.09090909090909091,,,1610612749,2004,2003-04,False
1730-2046-2409-2551-389,1610612749,"Brian Skinner, Desmond Mason, Marcus Haislip, T.J. Ford, Toni Kukoc","Skinner, Mason, Haislip, Ford, Kukoc",1730-2046-2409-2551-389,MIL,55.0,1,1.0,-4.0,1.0,2.0,,3.0,,,,,,,,4.0,,,,,,,,,,,,,,,,,,,,,,,,,,,,,,78.54545454545455,29.0,13.0,29.0,5.5,,,,,,0.58905,,,,,,,1.0,,,1.0,,,,1.0,24.7,,,,,,,,,,,,,,,,,,,,,,,,,,,,,,,,,,,,,,,,,,,,,,,,,,,,,,,,,,,,,,,,,,,1.0,,,1.0,,,,,,1.0,,,,,,,,,,,,,,,,,,,,,,,,,,,,,,,,,,,,,,,,,,,,,,,,,,,,,,,,,,,,,,,,,,,,,,,,,,,,1610612749,2004,2003-04,False
1800-2038-2046-2072-2429,1610612749,"Damon Jones, Joel Przybilla, Desmond Mason, Michael Redd, Dan Gadzuric","Jones, Przybilla, Mason, Redd, Gadzuric",1800-2038-2046-2072-2429,MIL,200.0,2,3.0,-9.0,7.0,7.0,,14.0,,,1.0,1.0,3.0,1.0,3.0,12.0,,,2.0,1.0,1.0,,2.0,,,,,,2.0,1.0,1.0,2.0,2.0,1.0,3.0,1.0,1.0,0.3333333333333333,0.25,0.3,,,,,,100.8,15.142857142857142,13.428571428571429,15.142857142857142,13.428571428571429,,0.25,,,,0.512925,0.2,0.25,,5.1000000000000005,6.0,,1.0,,1.0,0.25,,,,0.75,26.1,6.0,1.0,2.0,1.0,2.0,,,1.0,3.0,1.0,3.0,,,1.0,,,1.0,,,,3.0,6.0,0.3333333333333333,0.25,0.3,,,,,,,,,0.5,0.5,0.5,1.0,,,0.5,0.5,,0.512925,1.0,0.8571428571428571,1.0,,2.0,,,,,0.5,,,,,,,,,,,1.0,,,1.0,1.0,1.0,1.0,,1.0,,,,0.25,0.25,,1.0,,,,,,,,,,,,,,,,,,,,,,,,,,,,,,,,,,,,,,,,,,,,,,,,,,,,,,,1.0,,,,,,,,,,,,,,,,,,1610612749,2004,2003-04,False
1800-2038-2046-2072-693,1610612749,"Damon Jones, Joel Przybilla, Desmond Mason, Michael Redd, Joe Smith","Jones, Przybilla, Mason, Redd, Smith",1800-2038-2046-2072-693,MIL,162.0,1,3.0,-3.0,5.0,5.0,2.0,10.0,,1.0,3.0,1.0,4.0,1.0,3.0,6.0,,,2.0,1.0,1.0,1.0,2.0,,2.0,3.0,2.0,5.0,,,2.0,3.0,2.0,1.0,3.0,1.0,1.0,0.25,0.25,0.3,,,0.6666666666666666,0.6666666666666666,,88.88888888888889,13.4,19.0,13.0,15.4,,0.75,0.3333333333333333,0.3333333333333333,1.0,0.4266,0.2,0.2,,14.2,3.0,,,1.0,,,1.0,0.6666666666666666,,0.25,,3.0,,1.0,,1.0,,1.0,1.0,3.0,,2.0,,,,2.0,,,,,,2.0,3.0,0.3333333333333333,0.3333333333333333,0.3333333333333333,,,1.0,,1.0,,,,0.25,,,,,,0.3333333333333333,,0.4887,0.43206666666666665,0.6666666666666666,0.6,2.0,1.0,2.0,,,,,1.0,,,1.0,,,,,1.0,,,,,,,,,,,1.0,,1.0,,,,,1.0,1.0,,,,,,,,,,,,,,,,,,,,,,,,,,,,,,,,,,,,,,,,,,,,,,,,,,,,,,,,,,,,,,,,,,,,,,,,1610612749,2004,2003-04,False
1800-2038-2072-2429-2551,1610612749,"Damon Jones, Joel Przybilla, Michael Redd, Dan Gadzuric, T.J. Ford","Jones, Przybilla, Redd, Gadzuric, Ford",1800-2038-2072-2429-2551,MIL,78.0,1,1.0,4.0,2.0,3.0,,5.0,,2.0,2.0,3.0,3.0,,6.0,2.0,,,6.0,3.0,3.0,2.0,6.0,,1.0,2.0,,2.0,,,,,1.0,1.0,6.0,1.0,1.0,1.0,1.0,1.0,,,1.0,1.0,,92.3076923076923,14.0,16.666666666666668,14.0,16.666666666666668,,0.6666666666666666,1.0,1.0,1.0,0.5415666666666666,0.3333333333333333,0.3333333333333333,,11.766666666666666,,,,1.0,,,1.0,,,0.3333333333333333,,,1.0,1.0,,,,,,,,,,,1.0,,,,,,,,,,,,,,,,,,1.0,,0.3333333333333333,1.0,1.0,1.0,,,,,,,,,,,,,,,,,,,,,,,,,,,,,,,,,,,,,,,,,,,,,,,,,,,,,,,,,,,,,,,,,,,,,,1.0,,,,,,,,,,,,,,,,,,,,,,,,,,,,,,,,,,,,,,,,,,,,,1610612749,2004,2003-04,False
1800-2038-2072-2551-693,1610612749,"Damon Jones, Joel Przybilla, Michael Redd, T.J. Ford, Joe Smith","Jones, Przybilla, Redd, Ford, Smith",1800-2038-2072-2551-693,MIL,207.0,1,3.0,-2.0,6.0,7.0,2.0,13.0,1.0,2.0,2.0,2.0,3.0,2.0,6.0,8.0,,,4.0,2.0,2.0,2.0,4.0,1.0,3.0,3.0,2.0,5.0,,,,1.0,4.0,1.0,6.0,1.0,1.0,0.6666666666666666,0.5,0.5,,1.0,0.6,0.6,0.5,90.43478260869564,17.666666666666668,14.428571428571429,13.5,14.0,0.25,0.5,1.0,1.0,1.0,0.4645875,0.2,0.25,,12.9,,1.0,1.0,,,0.25,,,0.25,0.25,23.7,1.0,,,,,,,,,,,,,,1.0,,,,1.0,,,1.0,,,,,,1.0,,0.5,1.0,1.0,,,,,,,,,,0.61995,,,0.16666666666666666,2.0,,2.0,,,,,1.0,,,,,,,,,,,,,,,,,,,1.0,,,,,,,2.0,1.0,,,,,,,,,,,,,,,,,,,,,,,,,,,,,,,,,,1.0,,,,,,,,,,,,,,1.0,,,1.0,,,,,,,,,,,,,,,,,,,,,1610612749,2004,2003-04,False
1800-2046-2072-2091-2409,1610612749,"Damon Jones, Desmond Mason, Michael Redd, Daniel Santiago, Marcus Haislip","Jones, Mason, Redd, Santiago, Haislip",1800-2046-2072-2091-2409,MIL,165.0,1,3.0,4.0,6.0,5.0,,11.0,,,1.0,3.0,4.0,,6.0,2.0,,,6.0,3.0,3.0,,6.0,,4.0,4.0,,4.0,,,,2.0,,,6.0,1.0,1.0,0.75,0.75,0.75,,,1.0,1.0,1.0,96.0,12.833333333333334,17.6,12.833333333333334,17.6,,0.25,,,,0.582175,,,,4.15,,,,,,,,,,0.75,,,3.0,3.0,,,,,,,,,,,3.0,,,,,,,,,,,,,,,,,,,,0.75,1.0,1.0,1.0,,,,,,,,,1.0,,2.0,,,,,0.5,,,,,,,,,,,1.0,,,,,,,,,,,,,,,1.0,,1.0,,,,,,,,,,,,,,,,,,,,,,,,,,,,,,,,,,,,,,,,,,,,,,,,,,,,,,,,,,,,,,,,,,,,,,,1610612749,2004,2003-04,False
1800-2046-2072-2091-2429,1610612749,"Damon Jones, Desmond Mason, Michael Redd, Daniel Santiago, Dan Gadzuric","Jones, Mason, Redd, Santiago, Gadzuric",1800-2046-2072-2091-2429,MIL,72.0,1,1.0,-2.0,2.0,2.0,,4.0,1.0,,,1.0,2.0,,2.0,4.0,,,2.0,1.0,1.0,,2.0,,,,,,,,,,2.0,1.0,2.0,1.0,1.0,0.5,0.5,0.3333333333333333,,,,,,80.0,20.0,16.0,20.0,16.0,0.5,,,,,0.46365,0.3333333333333333,0.3333333333333333,,3.0,,,,,,,,,,0.5,,,1.0,1.0,,,,,,,,,,,1.0,,,,,,1.0,,,,,,,,,,,,,,0.5,1.0,1.0,1.0,,,,,,,,,,,,,,,,,,,,,,,,,,,,,,,,,,,,,,,,,,,,,,,,,,,,,,,,,,,,,,,,,,,,,,,,,,,,,,,,,,,,,,,,,,,,,,,,,,,,,,,,,,,,,,,,,,,1610612749,2004,2003-04,False
1800-2046-2072-2091-2551,1610612749,"Damon Jones, Desmond Mason, Michael Redd, Daniel Santiago, T.J. Ford","Jones, Mason, Redd, Santiago, Ford",1800-2046-2072-2091-2551,MIL,50.0,1,1.0,-1.0,3.0,3.0,,6.0,,,,,,4.0,4.0,5.0,,,,,,,,,1.0,1.0,,1.0,,,,,4.0,,4.0,,,,,1.0,,,0.3333333333333333,0.3333333333333333,1.0,172.79999999999998,6.333333333333333,10.333333333333334,6.333333333333333,10.0,,,,,,,,,,,3.0,,,,,,,,,,,3.0,,,,,,,,,4.0,4.0,,,,,,,,2.0,,4.0,3.0,,,1.0,,,,,,,,,,,,,,,,,,,1.0,1.0,,,,2.0,2.0,2.0,,,,,,,,,,,,,,,,,,,,,,,,,,,,,,,,,,,,,,,,,,,,,,,,,,,,,,,,,,,,,,,,,,,,,,,,,,,,,,,,,,,,,,,,,,,,,,,,,,,,,1610612749,2004,2003-04,False
1800-2046-2072-2091-389,1610612749,"Damon Jones, Desmond Mason, Michael Redd, Daniel Santiago, Toni Kukoc","Jones, Mason, Redd, Santiago, Kukoc",1800-2046-2072-2091-389,MIL,1939.0,7,32.0,-7.0,62.0,64.0,6.0,126.0,8.0,1.0,11.0,16.0,45.0,16.0,63.0,70.0,2.0,6.0,20.0,10.0,15.0,1.0,35.0,,15.0,18.0,9.0,27.0,8.0,1.0,7.0,11.0,20.0,9.0,57.0,0.625,0.6666666666666666,0.35555555555555557,0.41228070175438597,0.4696969696969697,0.375,,0.5172413793103449,0.47058823529411764,0.6363636363636364,93.5740072202166,15.0,15.765625,14.419354838709678,14.1875,0.14035087719298245,0.19298245614035087,0.09090909090909091,0.09090909090909091,1.0,0.5277614035087719,0.13846153846153847,0.16981132075471697,0.09523809523809523,6.213333333333334,23.0,5.0,12.0,2.0,1.0,0.21052631578947367,1.0,0.5384615384615384,0.08771929824561403,0.6666666666666666,24.683333333333334,20.0,12.0,26.0,4.0,11.0,3.0,7.0,5.0,17.0,6.0,25.0,12.0,8.0,6.0,6.0,1.0,7.0,1.0,1.0,,25.0,20.0,0.29411764705882354,0.4523809523809524,0.5,0.17777777777777778,0.2692307692307692,0.21428571428571427,0.2,0.2571428571428571,0.2,0.2,0.3333333333333333,0.45614035087719296,0.46153846153846156,0.631578947368421,0.5,0.375,0.42857142857142855,0.5238095238095238,0.36363636363636365,0.570875,0.5443261904761905,0.3968253968253968,0.3225806451612903,3.0,2.0,7.0,2.0,1.0,2.0,1.0,0.42857142857142855,0.5,2.0,7.0,2.0,2.0,0.2857142857142857,0.2857142857142857,1.0,0.2857142857142857,2.0,4.0,,0.125,7.0,1.0,4.0,7.0,3.0,1.0,1.0,0.1111111111111111,1.0,0.12280701754385964,0.047619047619047616,3.0,1.0,1.0,,0.2857142857142857,0.14285714285714285,,2.0,1.0,5.0,3.0,15.0,2.0,5.0,2.0,1.0,0.4166666666666667,0.75,0.4166666666666667,0.2857142857142857,0.2857142857142857,1.0,1.0,0.2857142857142857,1.0,,3.0,2.0,,1.0,0.42857142857142855,1.0,0.07407407407407407,,,,,,,0.2,,,,3.0,2.0,3.0,0.6,0.6,1.0,0.6666666666666666,,,,,,,,,,,,,,,,,,,,,,,,,1610612749,2004,2003-04,False
1800-2046-2072-2091-693,1610612749,"Damon Jones, Desmond Mason, Michael Redd, Daniel Santiago, Joe Smith","Jones, Mason, Redd, Santiago, Smith",1800-2046-2072-2091-693,MIL,2311.0,12,39.0,18.0,75.0,74.0,11.0,149.0,18.0,12.0,24.0,29.0,61.0,24.0,94.0,76.0,4.0,17.0,42.0,21.0,25.0,11.0,54.0,1.0,20.0,27.0,13.0,40.0,7.0,1.0,11.0,18.0,33.0,6.0,77.0,0.7241379310344828,0.8076923076923077,0.47540983606557374,0.5147058823529411,0.5602409638554217,0.6153846153846154,0.2,0.7407407407407407,0.696969696969697,0.9090909090909091,92.84292514063176,16.506666666666668,14.5,15.6,13.91891891891892,0.2647058823529412,0.35294117647058826,0.5,0.5,0.9166666666666666,0.4449610294117647,0.0945945945945946,0.09090909090909091,0.18085106382978725,9.754098360655737,36.0,1.0,7.0,4.0,4.0,0.10294117647058823,1.0,0.5555555555555556,0.014705882352941176,0.38235294117647056,25.457142857142856,25.0,7.0,19.0,2.0,5.0,10.0,9.0,5.0,12.0,16.0,32.0,16.0,4.0,4.0,9.0,3.0,6.0,1.0,9.0,,32.0,25.0,0.4166666666666667,0.5333333333333333,0.6153846153846154,0.06557377049180328,0.15789473684210525,0.3,0.5,0.36363636363636365,0.5,0.7142857142857143,0.6666666666666666,0.27941176470588236,0.3684210526315789,0.4375,0.5714285714285714,0.5555555555555556,0.5882352941176471,0.3333333333333333,0.4,0.49381111111111115,0.43666,0.3404255319148936,0.3333333333333333,4.0,2.0,6.0,4.0,3.0,4.0,2.0,0.6666666666666666,0.5,2.0,4.0,5.0,6.0,0.5555555555555556,0.5909090909090909,0.36363636363636365,0.5,,2.0,,0.05555555555555555,6.0,2.0,3.0,6.0,6.0,2.0,1.0,0.2,0.6,0.08823529411764706,0.13333333333333333,1.0,2.0,,1.0,0.25,0.06666666666666667,0.3333333333333333,3.0,1.0,4.0,2.0,12.0,3.0,4.0,3.0,1.0,0.5714285714285714,0.6666666666666666,0.5714285714285714,0.5,0.5,1.0,0.5,0.5,2.0,,3.0,3.0,1.0,1.0,1.0,,0.10344827586206896,1.0,2.0,1.0,2.0,,0.5,1.0,0.18181818181818182,0.5,1.0,1.0,1.0,1.0,1.0,1.0,1.0,1.0,,,,,,,,1.0,0.125,,,,,,,,,,,,,,,,1610612749,2004,2003-04,False
1800-2046-2072-2409-2429,1610612749,"Damon Jones, Desmond Mason, Michael Redd, Marcus Haislip, Dan Gadzuric","Jones, Mason, Redd, Haislip, Gadzuric",1800-2046-2072-2409-2429,MIL,626.0,4,10.0,-3.0,21.0,23.0,1.0,44.0,5.0,1.0,2.0,6.0,11.0,6.0,24.0,27.0,,,6.0,3.0,5.0,1.0,12.0,1.0,5.0,5.0,2.0,7.0,2.0,,2.0,7.0,12.0,4.0,24.0,0.5,0.5,0.5454545454545454,0.5294117647058824,0.5454545454545454,,0.5,0.5,0.45454545454545453,0.6666666666666666,101.21405750798722,13.285714285714286,15.08695652173913,12.952380952380953,14.652173913043478,0.29411764705882354,0.11764705882352941,0.5,0.5,1.0,0.5086205882352941,0.23809523809523808,0.2857142857142857,,6.763636363636365,5.0,2.0,6.0,,2.0,0.35294117647058826,,,0.11764705882352941,0.5882352941176471,24.733333333333334,11.0,2.0,4.0,1.0,3.0,3.0,1.0,3.0,6.0,2.0,14.0,6.0,1.0,1.0,,,2.0,,1.0,,14.0,11.0,0.5,0.5454545454545454,0.5384615384615384,0.09090909090909091,0.25,,,0.1111111111111111,,1.0,,0.23529411764705882,0.5,0.6666666666666666,0.5,0.6,0.6,0.2727272727272727,0.3333333333333333,0.6065,0.5344227272727273,0.5833333333333334,0.5238095238095238,1.0,,2.0,3.0,3.0,3.0,,0.5,,,1.0,,,,,1.0,,,1.0,,,4.0,3.0,5.0,4.0,1.0,,,,0.3333333333333333,0.23529411764705882,0.2727272727272727,2.0,1.0,,,,0.18181818181818182,,1.0,1.0,2.0,2.0,6.0,1.0,2.0,1.0,1.0,0.3333333333333333,0.4,0.3333333333333333,0.25,0.25,1.0,0.3333333333333333,0.25,,,1.0,,1.0,1.0,0.25,,,,,,,,,0.3333333333333333,,,,1.0,1.0,1.0,0.5,0.5,1.0,0.5,,,,,,,,1.0,0.14285714285714285,,,,,,,,,,,,,,,,1610612749,2004,2003-04,False
1800-2046-2072-2409-389,1610612749,"Damon Jones, Desmond Mason, Michael Redd, Marcus Haislip, Toni Kukoc","Jones, Mason, Redd, Haislip, Kukoc",1800-2046-2072-2409-389,MIL,181.0,3,3.0,-1.0,5.0,7.0,,12.0,1.0,,,2.0,3.0,2.0,6.0,7.0,,,,,,,,,1.0,3.0,,3.0,,,1.0,1.0,2.0,1.0,6.0,,,0.6666666666666666,0.6666666666666666,0.75,,,1.0,1.0,,95.4696132596685,19.0,12.285714285714286,19.0,11.571428571428571,0.3333333333333333,,,,,0.45753333333333335,0.25,0.25,,3.533333333333333,3.0,,,1.0,,,0.5,1.0,,0.6666666666666666,,2.0,2.0,2.0,1.0,1.0,,,1.0,2.0,,2.0,4.0,,,,1.0,,,,,2.0,2.0,0.5,0.5,0.5,,,,1.0,,,,1.0,0.6666666666666666,1.0,1.0,,,,0.5,1.0,,0.416,0.3333333333333333,0.4,1.0,1.0,1.0,,,,,1.0,,,,,,,,,,,,,,,,,,,,,,,,,,,,,,,,,,,,,,,,,,,,,,,,,,,,,,,,,,,,,,,,,,,,,,,,,,,,,,,,,,,,,,,,,,,,,,,,,,,1610612749,2004,2003-04,False
1800-2046-2072-2409-693,1610612749,"Damon Jones, Desmond Mason, Michael Redd, Marcus Haislip, Joe Smith","Jones, Mason, Redd, Haislip, Smith",1800-2046-2072-2409-693,MIL,536.0,2,9.0,6.0,17.0,16.0,1.0,33.0,4.0,4.0,7.0,7.0,12.0,2.0,22.0,16.0,,2.0,8.0,4.0,5.0,2.0,11.0,,4.0,6.0,1.0,7.0,1.0,,3.0,3.0,2.0,,20.0,0.5714285714285714,0.5714285714285714,0.5833333333333334,0.5882352941176471,0.6111111111111112,1.0,,0.5,0.5555555555555556,0.6666666666666666,88.65671641791045,17.941176470588236,14.4375,17.764705882352942,13.1875,0.23529411764705882,0.4117647058823529,0.5714285714285714,0.6666666666666666,0.5,0.4488,,,0.09090909090909091,12.983333333333334,12.0,2.0,5.0,1.0,,0.29411764705882354,1.0,,0.11764705882352941,0.35294117647058826,24.68,2.0,1.0,1.0,,,2.0,1.0,1.0,1.0,2.0,4.0,6.0,3.0,1.0,1.0,1.0,1.0,,1.0,,4.0,2.0,1.0,1.0,1.0,0.25,,0.2,1.0,0.125,0.5,0.5,1.0,0.058823529411764705,1.0,1.0,1.0,0.5,1.0,,,0.4091,0.3759,0.18181818181818182,0.11764705882352941,,,,,,,,,,,,1.0,,1.0,1.0,,,,,,0.5,3.0,,,3.0,1.0,,,,0.5,0.17647058823529413,,,,,,,,,2.0,,2.0,,3.0,2.0,1.0,1.0,0.5,0.4,,0.4,0.6666666666666666,0.6666666666666666,0.5,,0.6666666666666666,,,,,,,,,,,,,,,,,,,,,,,,,,,,,,,,,,,,,0.14285714285714285,3.0,,,,,,,,,,,,,1610612749,2004,2003-04,False
1800-2046-2072-2429-2551,1610612749,"Damon Jones, Desmond Mason, Michael Redd, Dan Gadzuric, T.J. Ford","Jones, Mason, Redd, Gadzuric, Ford",1800-2046-2072-2429-2551,MIL,434.0,2,7.0,-1.0,14.0,16.0,3.0,30.0,3.0,,3.0,4.0,9.0,3.0,20.0,21.0,,7.0,2.0,1.0,2.0,,5.0,1.0,5.0,5.0,3.0,8.0,,,,1.0,4.0,1.0,13.0,0.25,0.5,0.4444444444444444,0.6071428571428571,0.625,1.1666666666666667,0.5,0.8333333333333334,0.625,,99.53917050691244,13.857142857142858,15.0,13.571428571428571,14.3125,0.21428571428571427,0.21428571428571427,,,,0.4734653846153846,0.06666666666666667,0.1,0.35,8.422222222222222,9.0,1.0,5.0,,,0.35714285714285715,,0.8,0.07142857142857142,0.5714285714285714,36.14,6.0,3.0,3.0,,,1.0,2.0,1.0,3.0,2.0,7.0,6.0,,1.0,1.0,,,,1.0,,7.0,6.0,0.3333333333333333,0.5,0.5833333333333334,,,0.2,,0.3333333333333333,0.5,1.0,,0.21428571428571427,1.0,1.0,0.3333333333333333,0.3333333333333333,0.3333333333333333,,,0.5465,0.4162375,0.35,0.42857142857142855,1.0,,1.0,1.0,1.0,1.0,1.0,1.0,1.0,1.0,1.0,2.0,4.0,1.0,1.1666666666666667,0.3333333333333333,1.0,,,,,4.0,2.0,2.0,3.0,,1.0,,,,0.2857142857142857,0.4,,1.0,,,,,,2.0,1.0,3.0,1.0,3.0,2.0,1.0,1.0,0.3333333333333333,0.6,0.5,0.75,0.5,0.5,0.5,0.5,0.6666666666666666,,,1.0,1.0,,,1.0,,0.16666666666666666,1.0,1.0,1.0,1.0,,1.0,1.0,0.3333333333333333,1.0,1.0,1.0,,,1.0,1.0,,,,,,,,,,,,,,6.0,,1.0,,,,,,,,,,,1610612749,2004,2003-04,False
1800-2046-2072-2429-389,1610612749,"Damon Jones, Desmond Mason, Michael Redd, Dan Gadzuric, Toni Kukoc","Jones, Mason, Redd, Gadzuric, Kukoc",1800-2046-2072-2429-389,MIL,9122.0,37,152.0,-4.0,302.0,297.0,35.0,599.0,44.0,23.0,61.0,99.0,215.0,65.0,299.0,303.0,6.0,34.0,128.0,64.0,72.0,19.0,152.0,1.0,75.0,103.0,38.0,141.0,29.0,8.0,29.0,68.0,93.0,38.0,265.0,0.6464646464646465,0.6956521739130435,0.4604651162790698,0.4448669201520912,0.4901639344262295,0.4594594594594595,0.1111111111111111,0.6880733944954128,0.6950354609929078,0.7096774193548387,94.55821091865819,14.516556291390728,15.952861952861953,13.937086092715232,15.245791245791246,0.16730038022813687,0.23193916349809887,0.3770491803278688,0.3770491803278688,0.8260869565217391,0.49600957854406125,0.1296928327645051,0.15510204081632653,0.11371237458193979,7.110697674418605,94.0,9.0,48.0,5.0,10.0,0.18250950570342206,0.7142857142857143,0.5428571428571428,0.034220532319391636,0.6007604562737643,26.15416666666667,90.0,59.0,110.0,18.0,35.0,17.0,26.0,31.0,57.0,31.0,96.0,70.0,11.0,31.0,26.0,23.0,21.0,1.0,12.0,,96.0,90.0,0.543859649122807,0.45774647887323944,0.5393258426966292,0.05116279069767442,0.08181818181818182,0.22608695652173913,0.71875,0.25170068027210885,0.14814814814814814,0.7906976744186046,0.7692307692307693,0.41825095057034223,0.5363636363636364,0.5841584158415841,0.5254237288135594,0.38636363636363635,0.40476190476190477,0.49295774647887325,0.5142857142857142,0.5141541666666667,0.4924840579710145,0.3210702341137124,0.2980132450331126,21.0,4.0,39.0,16.0,9.0,16.0,11.0,0.5384615384615384,0.6875,9.0,17.0,11.0,14.0,0.4230769230769231,0.4375,0.53125,0.5294117647058824,3.0,18.0,2.0,0.045454545454545456,39.0,11.0,14.0,37.0,14.0,8.0,5.0,0.24324324324324326,0.8235294117647058,0.1482889733840304,0.15492957746478872,3.0,17.0,2.0,4.0,0.2549019607843137,0.04225352112676056,0.5,11.0,1.0,12.0,1.0,24.0,11.0,8.0,7.0,0.6666666666666666,0.25,0.07142857142857142,0.2608695652173913,0.28205128205128205,0.28205128205128205,0.6363636363636364,0.09090909090909091,0.2972972972972973,10.0,2.0,11.0,8.0,3.0,8.0,0.34375,0.375,0.058823529411764705,2.0,5.0,2.0,6.0,3.0,0.3333333333333333,0.3333333333333333,0.15625,0.4,1.0,1.0,,1.0,0.1111111111111111,0.1111111111111111,1.0,,1.0,,,0.03125,,0.1111111111111111,,,,,,12.0,,2.0,,,,,,,,,,,1610612749,2004,2003-04,False
1800-2046-2072-2429-693,1610612749,"Damon Jones, Desmond Mason, Michael Redd, Dan Gadzuric, Joe Smith","Jones, Mason, Redd, Gadzuric, Smith",1800-2046-2072-2429-693,MIL,2798.0,21,47.0,32.0,99.0,95.0,16.0,194.0,14.0,14.0,31.0,40.0,78.0,25.0,120.0,88.0,,22.0,48.0,24.0,28.0,10.0,60.0,,28.0,36.0,19.0,55.0,5.0,,6.0,14.0,30.0,7.0,98.0,0.6,0.6666666666666666,0.5128205128205128,0.5163043478260869,0.5613207547169812,0.6470588235294118,,0.7,0.7291666666666666,0.6923076923076923,99.84274481772695,13.626262626262626,15.25263157894737,12.797979797979798,14.68421052631579,0.15217391304347827,0.33695652173913043,0.45161290322580644,0.45161290322580644,0.7142857142857143,0.48738967391304344,0.08,0.08235294117647059,0.18333333333333332,8.857692307692307,49.0,2.0,14.0,1.0,2.0,0.15217391304347827,0.5,0.6153846153846154,0.021739130434782608,0.5108695652173914,24.885714285714283,51.0,22.0,33.0,9.0,15.0,4.0,14.0,18.0,34.0,18.0,63.0,32.0,3.0,11.0,16.0,7.0,5.0,1.0,6.0,,63.0,51.0,0.5294117647058824,0.5487804878048781,0.6057692307692307,0.038461538461538464,0.09090909090909091,0.45714285714285713,0.875,0.4318181818181818,0.625,0.7857142857142857,0.8571428571428571,0.358695652173913,0.6666666666666666,0.7333333333333333,0.5,0.2857142857142857,0.2857142857142857,0.36585365853658536,0.6,0.5678566666666666,0.49031707317073175,0.525,0.5151515151515151,9.0,5.0,11.0,11.0,5.0,11.0,5.0,0.8181818181818182,0.45454545454545453,7.0,12.0,8.0,8.0,0.5714285714285714,0.6470588235294118,0.7058823529411765,0.5833333333333334,1.0,2.0,2.0,,12.0,7.0,7.0,12.0,3.0,6.0,4.0,0.375,0.75,0.13043478260869565,0.17073170731707318,,4.0,2.0,,0.45454545454545453,,1.0,4.0,3.0,5.0,3.0,12.0,4.0,4.0,3.0,0.8,0.35714285714285715,0.42857142857142855,0.35714285714285715,0.3333333333333333,0.3333333333333333,0.75,0.42857142857142855,0.3333333333333333,1.0,,3.0,3.0,,,0.3333333333333333,,0.07317073170731707,1.0,2.0,2.0,3.0,,0.6666666666666666,0.375,0.11764705882352941,0.5,1.0,1.0,,1.0,0.5,0.5,1.0,,1.0,,,0.058823529411764705,,0.2857142857142857,,1.0,0.06666666666666667,,,3.0,,,1.0,1.0,1.0,,,,,,,,1610612749,2004,2003-04,False
1800-2046-2072-2551-389,1610612749,"Damon Jones, Desmond Mason, Michael Redd, T.J. Ford, Toni Kukoc","Jones, Mason, Redd, Ford, Kukoc",1800-2046-2072-2551-389,MIL,224.0,2,4.0,-2.0,11.0,9.0,1.0,20.0,,,1.0,,1.0,9.0,9.0,11.0,,,,,,,,,1.0,2.0,1.0,3.0,1.0,1.0,2.0,3.0,10.0,1.0,9.0,,,,,0.5625,,,1.0,1.0,,128.57142857142856,13.636363636363637,8.222222222222221,11.181818181818182,8.222222222222221,,0.3333333333333333,,,,0.38958333333333334,0.25,0.5,,16.5,9.0,,2.0,,1.0,0.6666666666666666,,1.0,,0.6666666666666666,26.6,11.0,,,,,,,,1.0,9.0,9.0,,,,1.0,1.0,,,4.0,,9.0,11.0,,,0.5625,,,1.0,1.0,0.3333333333333333,,,1.0,,,,,,,,,0.38775,0.38958333333333334,1.0,1.0,1.0,1.0,2.0,,,,,0.5,,,,,,,,,,,1.0,,,2.0,2.0,2.0,2.0,,2.0,,1.0,,0.6666666666666666,0.6666666666666666,,,,,,,,,,,,,,,,,,,,,,,,,,,,,,,,,,,1.0,,1.0,,,,1.0,,,,,,,,,,,,,,,,,,,,,,,,,,,,,,,,,,1610612749,2004,2003-04,False
1800-2046-2072-2551-693,1610612749,"Damon Jones, Desmond Mason, Michael Redd, T.J. Ford, Joe Smith","Jones, Mason, Redd, Ford, Smith",1800-2046-2072-2551-693,MIL,463.0,6,8.0,4.0,21.0,16.0,3.0,37.0,3.0,1.0,1.0,3.0,9.0,12.0,21.0,17.0,1.0,3.0,4.0,2.0,3.0,1.0,7.0,,1.0,3.0,3.0,6.0,1.0,,,2.0,15.0,5.0,18.0,0.6666666666666666,1.0,0.3333333333333333,0.375,0.5526315789473685,0.5,,0.25,0.375,,115.0755939524838,11.523809523809524,13.8125,11.476190476190476,13.3125,0.25,0.08333333333333333,1.0,1.0,1.0,0.439275,0.3125,0.38461538461538464,0.14285714285714285,5.433333333333334,14.0,2.0,3.0,,1.0,0.25,,0.3333333333333333,0.16666666666666666,0.6666666666666666,24.566666666666666,14.0,2.0,5.0,1.0,3.0,,2.0,2.0,7.0,8.0,15.0,2.0,1.0,1.0,2.0,2.0,1.0,,3.0,,15.0,14.0,0.2857142857142857,0.35,0.5,0.1111111111111111,0.2,0.4,0.5,0.5,0.5,,0.5,0.4166666666666667,0.4,0.5,0.5,,,0.3,0.3333333333333333,0.164,0.40702,0.7142857142857143,0.6666666666666666,2.0,,5.0,,,,,0.4,,1.0,1.0,1.0,2.0,0.5,0.5,0.5,1.0,1.0,3.0,,,1.0,1.0,3.0,1.0,,2.0,,,,0.08333333333333333,0.1,2.0,2.0,,1.0,0.3333333333333333,0.2,,,,1.0,1.0,3.0,,1.0,,1.0,0.3333333333333333,0.3333333333333333,0.3333333333333333,,,,,,,,1.0,,,1.0,1.0,,,,,,,,,1.0,,,,1.0,1.0,1.0,0.5,0.5,1.0,0.5,,,,,,,,,,,,,,,,,,,,,,,,,1610612749,2004,2003-04,False
1800-2046-2072-389-693,1610612749,"Damon Jones, Desmond Mason, Michael Redd, Toni Kukoc, Joe Smith","Jones, Mason, Redd, Kukoc, Smith",1800-2046-2072-389-693,MIL,3707.0,22,62.0,15.0,121.0,117.0,15.0,238.0,21.0,8.0,21.0,31.0,66.0,43.0,135.0,120.0,6.0,13.0,42.0,21.0,31.0,7.0,72.0,,35.0,44.0,16.0,60.0,8.0,2.0,10.0,22.0,50.0,16.0,122.0,0.6774193548387096,0.6774193548387096,0.4696969696969697,0.5054945054945055,0.5818965517241379,0.4642857142857143,,0.6730769230769231,0.6935483870967742,0.7777777777777778,92.45211761532236,15.016528925619834,16.153846153846153,14.363636363636363,15.444444444444445,0.23076923076923078,0.23076923076923078,0.38095238095238093,0.38095238095238093,0.875,0.4795758241758242,0.14953271028037382,0.1951219512195122,0.0962962962962963,8.654545454545456,29.0,11.0,25.0,1.0,3.0,0.27472527472527475,0.5,0.6086956521739131,0.12087912087912088,0.5384615384615384,25.064,62.0,15.0,24.0,7.0,13.0,8.0,7.0,12.0,28.0,33.0,69.0,20.0,4.0,10.0,13.0,8.0,6.0,,9.0,,69.0,62.0,0.42857142857142855,0.46153846153846156,0.5948275862068966,0.06060606060606061,0.08333333333333333,0.38235294117647056,0.8,0.32653061224489793,0.4166666666666667,0.6363636363636364,1.0,0.26373626373626374,0.625,0.6818181818181818,0.6666666666666666,0.38095238095238093,0.42105263157894735,0.3333333333333333,0.5384615384615384,0.44120000000000004,0.4785205128205128,0.5111111111111111,0.512396694214876,11.0,6.0,21.0,8.0,6.0,10.0,6.0,0.5238095238095238,0.6,,1.0,2.0,,0.2857142857142857,0.35,0.1,,4.0,10.0,1.0,0.09523809523809523,14.0,6.0,11.0,14.0,4.0,13.0,1.0,0.23076923076923078,0.5,0.15384615384615385,0.15384615384615385,5.0,5.0,2.0,2.0,0.5555555555555556,0.1282051282051282,0.3333333333333333,9.0,3.0,10.0,4.0,30.0,9.0,10.0,9.0,1.0,0.4,0.36363636363636365,0.4,0.6428571428571429,0.6428571428571429,1.0,0.5,0.6428571428571429,,,3.0,2.0,1.0,,0.2,0.3,0.044444444444444446,1.0,1.0,1.0,3.0,,0.3333333333333333,,0.1,1.0,1.0,1.0,1.0,1.0,0.09090909090909091,0.09090909090909091,1.0,0.2,2.0,2.0,2.0,0.2,,,,,,,,,,,,,,,,,,,,,1610612749,2004,2003-04,False
1800-2046-2091-2409-2429,1610612749,"Damon Jones, Desmond Mason, Daniel Santiago, Marcus Haislip, Dan Gadzuric","Jones, Mason, Santiago, Haislip, Gadzuric",1800-2046-2091-2409-2429,MIL,206.0,1,3.0,,7.0,6.0,3.0,13.0,3.0,,1.0,2.0,9.0,2.0,6.0,6.0,,2.0,2.0,1.0,1.0,,2.0,,2.0,2.0,4.0,6.0,,,,,2.0,1.0,4.0,0.5,1.0,0.2222222222222222,0.2222222222222222,0.3,0.25,,1.0,1.0,1.0,90.873786407767,19.571428571428573,11.5,18.285714285714285,11.5,0.3333333333333333,0.1111111111111111,,,,0.4312111111111111,0.1,0.1,0.3333333333333333,4.377777777777777,6.0,,,,,,,,,0.5555555555555556,,7.0,2.0,5.0,2.0,5.0,,4.0,2.0,9.0,2.0,6.0,2.0,2.0,1.0,4.0,,,,,,6.0,7.0,0.2222222222222222,0.2222222222222222,0.3,0.2222222222222222,0.4,0.5714285714285714,,0.5714285714285714,0.6666666666666666,1.0,,0.5555555555555556,0.4,0.6666666666666666,0.5,,,0.5555555555555556,0.4,0.454675,0.4312111111111111,1.0,1.0,,,1.0,,,,,,,1.0,3.0,1.0,2.0,0.25,0.25,0.75,0.3333333333333333,,1.0,,,,,,,,1.0,,,,,,,,,,0.6666666666666666,,,,,,,,,,,,,,,,,,,,,,,1.0,,,,,0.2,,,,,,,,,,,,,,,,,,,,,,,,,,,,,,,,,,,,,,,,,,1610612749,2004,2003-04,False
1800-2046-2091-2429-2551,1610612749,"Damon Jones, Desmond Mason, Daniel Santiago, Dan Gadzuric, T.J. Ford","Jones, Mason, Santiago, Gadzuric, Ford",1800-2046-2091-2429-2551,MIL,366.0,3,6.0,-3.0,13.0,15.0,1.0,28.0,3.0,2.0,4.0,2.0,9.0,,7.0,10.0,,,4.0,2.0,3.0,2.0,7.0,,3.0,6.0,1.0,7.0,1.0,,1.0,2.0,,,7.0,1.0,1.0,0.2222222222222222,0.2916666666666667,0.2916666666666667,,,0.75,0.8,1.0,110.16393442622952,13.923076923076923,12.333333333333334,13.615384615384615,12.333333333333334,0.25,0.3333333333333333,0.5,0.6666666666666666,1.0,0.4302916666666667,,,,11.055555555555555,10.0,1.0,3.0,2.0,1.0,0.25,1.0,,0.08333333333333333,0.4166666666666667,24.866666666666664,,,2.0,,,,1.0,,,,,,4.0,,1.0,1.0,1.0,,,,,,,,,0.4444444444444444,0.5,0.14285714285714285,1.0,0.1111111111111111,,0.6666666666666666,,0.16666666666666666,,,,,,,,0.3424,,,,2.0,2.0,2.0,1.0,,1.0,1.0,1.0,1.0,,,,,,,,,,,,0.6666666666666666,2.0,,,2.0,,,1.0,,,0.16666666666666666,,,,,,0.5,,1.0,,,1.0,,3.0,,1.0,,1.0,0.3333333333333333,,0.3333333333333333,,,,,,1.0,,,,,,,,,,,,,,,,,,,1.0,,1.0,1.0,1.0,1.0,,,,,,,,,,,,0.25,,,,,,,,,,,,,,1610612749,2004,2003-04,False
1800-2046-2091-2551-693,1610612749,"Damon Jones, Desmond Mason, Daniel Santiago, T.J. Ford, Joe Smith","Jones, Mason, Santiago, Ford, Smith",1800-2046-2091-2551-693,MIL,173.0,1,3.0,2.0,6.0,6.0,1.0,12.0,,,1.0,2.0,5.0,,4.0,2.0,,,2.0,1.0,1.0,,2.0,,3.0,4.0,1.0,5.0,,,,,,,4.0,0.5,0.5,0.4,0.4,0.4,,,0.75,0.8,1.0,99.88439306358381,13.166666666666666,15.666666666666666,12.5,15.5,,0.2,,,,0.51692,,,,3.4799999999999995,,,,,,,,0.5,,0.8,,,2.0,4.0,,,,1.0,,,,,2.0,,1.0,1.0,1.0,,,,,,,,,,,,0.3333333333333333,1.0,0.3333333333333333,,,,0.8,0.5,0.5,0.5,,,,,0.5582,,,,2.0,1.0,2.0,,,,,1.0,,,1.0,,,,,1.0,,,,,,,,,,,,,,,,,,1.0,,,0.5,,1.0,,,,,,,,,,,,,,,,,,,,,,,,,,,,,,,,,,,,,,,,,,,,,,,,,,,,,,,,,,,,,,,,,,,,1610612749,2004,2003-04,False
1800-2046-2409-2429-2551,1610612749,"Damon Jones, Desmond Mason, Marcus Haislip, Dan Gadzuric, T.J. Ford","Jones, Mason, Haislip, Gadzuric, Ford",1800-2046-2409-2429-2551,MIL,65.0,1,1.0,-1.0,3.0,2.0,,5.0,1.0,,,1.0,2.0,,2.0,3.0,,,2.0,1.0,1.0,,2.0,,,1.0,,1.0,,,,,,,2.0,1.0,1.0,0.5,0.5,0.5,,,,0.5,,110.76923076923077,9.666666666666666,18.0,9.666666666666666,16.5,0.5,,,,,0.55825,,,,3.1,,,,,,,,,,0.5,,,1.0,1.0,,,,,,,,,,,1.0,,1.0,,,,,,,,,,,,,1.0,,,,1.0,0.5,1.0,1.0,1.0,,,,,,,,,,,,,,,,,,,,,,,,,,,,,,,,,,,,,,,,,,,,,,,,,,,,,,,,,,,,,,,,,,,,,,,,,,,,,,,,,,,,,,,,,,,,,,,,,,,,,,,,,,,,,,,,,,,1610612749,2004,2003-04,False
1800-2046-2409-2429-389,1610612749,"Damon Jones, Desmond Mason, Marcus Haislip, Dan Gadzuric, Toni Kukoc","Jones, Mason, Haislip, Gadzuric, Kukoc",1800-2046-2409-2429-389,MIL,963.0,3,16.0,15.0,28.0,26.0,8.0,54.0,11.0,2.0,4.0,17.0,30.0,4.0,41.0,26.0,1.0,11.0,18.0,9.0,9.0,1.0,18.0,,7.0,10.0,9.0,19.0,3.0,1.0,1.0,5.0,5.0,2.0,30.0,0.5294117647058824,0.6428571428571429,0.5666666666666667,0.578125,0.6029411764705882,0.6111111111111112,,0.5833333333333334,0.5625,0.6666666666666666,80.74766355140187,15.214285714285714,20.653846153846153,13.75,18.96153846153846,0.34375,0.125,0.5,0.5,0.5,0.4910328125,0.058823529411764705,0.0625,0.2682926829268293,5.593333333333334,,,2.0,1.0,,0.0625,1.0,0.5,,0.53125,26.0,9.0,11.0,15.0,3.0,6.0,4.0,8.0,5.0,10.0,,10.0,16.0,,6.0,8.0,2.0,2.0,,,,10.0,9.0,0.5,0.5,0.5,,,0.6153846153846154,0.5,0.6428571428571429,0.5714285714285714,0.5,0.5,0.46875,0.7333333333333333,0.7333333333333333,0.5454545454545454,0.36363636363636365,0.36363636363636365,0.6,0.5,0.49889999999999995,0.5253099999999999,0.24390243902439024,0.32142857142857145,2.0,,2.0,2.0,1.0,3.0,,1.0,,4.0,5.0,5.0,6.0,0.625,0.625,0.625,0.8,,,,,2.0,,,2.0,2.0,1.0,1.0,0.5,0.5,0.0625,,,2.0,,,0.75,,0.5,1.0,,1.0,,,1.0,,,,0.5,,0.5,0.5,0.5,,,0.5,,,1.0,1.0,,,1.0,,0.07142857142857142,,,,,1.0,,1.0,,,,,,,,,,,,1.0,1.0,,,0.25,,,,,,3.0,,,,,,,,,,,,,1610612749,2004,2003-04,False
1800-2046-2409-2429-693,1610612749,"Damon Jones, Desmond Mason, Marcus Haislip, Dan Gadzuric, Joe Smith","Jones, Mason, Haislip, Gadzuric, Smith",1800-2046-2409-2429-693,MIL,145.0,1,2.0,-7.0,6.0,5.0,1.0,11.0,2.0,,1.0,,3.0,,,7.0,,,,,,,,,1.0,1.0,1.0,2.0,,,,2.0,,,,,,,,,,,1.0,1.0,,109.24137931034484,15.166666666666666,10.8,14.666666666666666,10.8,0.6666666666666666,0.3333333333333333,,,,0.3961333333333333,,,,13.6,,,,,,,,,,,,,,,,,,,,,,,,,,1.0,,,,,,,,,,,,,0.3333333333333333,,0.3333333333333333,0.5,1.0,,,,,,,,,,,,,,2.0,,4.0,,,,,0.5,,,,,,,,,,,2.0,,,,,,,,,,,,,,,2.0,1.0,2.0,,,,,,,,,,,,,,,,,,,,,,,,,,,,,,,,,,,,,,,,,,,,,,,,,,,,,,,,,,,,,,,,,,,,,,,1610612749,2004,2003-04,False
1800-2046-2429-2551-389,1610612749,"Damon Jones, Desmond Mason, Dan Gadzuric, T.J. Ford, Toni Kukoc","Jones, Mason, Gadzuric, Ford, Kukoc",1800-2046-2429-2551-389,MIL,896.0,3,15.0,-12.0,26.0,27.0,3.0,53.0,5.0,3.0,5.0,10.0,17.0,4.0,27.0,39.0,2.0,2.0,10.0,5.0,6.0,3.0,13.0,,8.0,8.0,3.0,11.0,,,4.0,7.0,6.0,3.0,25.0,0.5,0.5,0.5882352941176471,0.5476190476190477,0.5625,0.3333333333333333,,0.7272727272727273,0.5333333333333333,1.0,85.17857142857143,17.423076923076923,16.40740740740741,16.46153846153846,14.222222222222221,0.23809523809523808,0.23809523809523808,0.6,0.6,1.0,0.5036642857142857,0.125,0.15,0.07407407407407407,8.194117647058825,3.0,2.0,4.0,,,0.19047619047619047,,0.8,0.09523809523809523,0.5238095238095238,24.5,3.0,4.0,7.0,,,3.0,1.0,1.0,1.0,,2.0,10.0,,1.0,1.0,,,,,1.0,2.0,3.0,1.0,1.0,0.5,,,0.14285714285714285,,0.3,,0.3333333333333333,,0.3333333333333333,0.5714285714285714,0.5714285714285714,0.25,0.6,0.6,,,,0.4018,0.07407407407407407,0.11538461538461539,4.0,1.0,5.0,2.0,2.0,2.0,2.0,0.8,1.0,,1.0,,,,,1.0,,,1.0,,,2.0,,,2.0,1.0,1.0,,0.5,0.3333333333333333,0.09523809523809523,,,3.0,,,,,,,,1.0,,3.0,,1.0,,1.0,0.25,,0.25,,,,,,,,2.0,,,,0.6666666666666666,1.0,,,,,,,,0.5,,,,1.0,,1.0,0.5,0.5,1.0,,,,,,,,,,,,,,,,,,,,,,,,,,1610612749,2004,2003-04,False
1800-2046-2429-2551-693,1610612749,"Damon Jones, Desmond Mason, Dan Gadzuric, T.J. Ford, Joe Smith","Jones, Mason, Gadzuric, Ford, Smith",1800-2046-2429-2551-693,MIL,392.0,3,7.0,-6.0,12.0,10.0,2.0,22.0,3.0,,3.0,2.0,10.0,1.0,5.0,11.0,,,4.0,2.0,2.0,,4.0,,3.0,4.0,2.0,6.0,1.0,,2.0,4.0,3.0,2.0,5.0,1.0,1.0,0.2,0.16666666666666666,0.19230769230769232,,,0.6,0.5714285714285714,,80.81632653061224,16.583333333333332,19.3,15.916666666666666,18.8,0.25,0.25,,,,0.4636166666666666,0.15384615384615385,0.18181818181818182,,6.09,,1.0,2.0,,,0.16666666666666666,,1.0,0.08333333333333333,0.5,24.45,5.0,2.0,4.0,1.0,2.0,,1.0,1.0,5.0,,2.0,,,2.0,2.0,1.0,1.0,,,,2.0,5.0,0.2,0.2,0.2,,,0.25,0.5,0.2222222222222222,0.6666666666666666,,,0.3333333333333333,0.5,0.5,1.0,,,0.4,0.5,0.556175,0.49314,0.4,0.4166666666666667,1.0,1.0,2.0,4.0,3.0,4.0,3.0,0.5,0.75,,1.0,,,,,0.5,,,1.0,,,1.0,,,1.0,,1.0,1.0,,,0.08333333333333333,,,,,,,,1.0,,,,,,,,,,,,,,,,,,1.0,,,1.0,,1.0,,,0.1111111111111111,,1.0,,1.0,,,,0.5,,,,,,,,,,,,,,,,,,,,,,,,,,,,,,,,,,1610612749,2004,2003-04,False
1800-2046-2551-389-693,1610612749,"Damon Jones, Desmond Mason, T.J. Ford, Toni Kukoc, Joe Smith","Jones, Mason, Ford, Kukoc, Smith",1800-2046-2551-389-693,MIL,49.0,1,1.0,-4.0,1.0,1.0,,2.0,,,1.0,,1.0,,,4.0,,,,,,,,,,,,,,,1.0,1.0,,,,,,,,,,,,,,58.775510204081634,25.0,24.0,25.0,24.0,,1.0,,,,0.3681,,,,21.3,,,,,,,,,,,,,,,,,,,,,,,,,,,,,,,,,,,,,,,,,,,,,,,,,,,,,,,,,,,,,,,,,,,,,,,,,,,,,,,,,,,,,,,,,,,,,,,,,,,,,,,,,,,,,,,,,,,,,,,,,,,,,,,,,,,,,,,,,,,,,,,,,,,,,,,,,,,,,,,,,,,1610612749,2004,2003-04,False
1800-2061-2072-2429-693,1610612749,"Damon Jones, Dan Langhi, Michael Redd, Dan Gadzuric, Joe Smith","Jones, Langhi, Redd, Gadzuric, Smith",1800-2061-2072-2429-693,MIL,124.0,1,2.0,-3.0,4.0,3.0,1.0,7.0,1.0,,,1.0,2.0,,2.0,5.0,,,2.0,1.0,1.0,,2.0,,1.0,1.0,1.0,2.0,,,,2.0,,,2.0,1.0,1.0,0.5,0.3333333333333333,0.3333333333333333,,,1.0,1.0,,81.29032258064515,20.0,14.666666666666666,15.0,14.666666666666666,0.3333333333333333,,,,,0.435,,,,4.95,,,1.0,,,0.3333333333333333,,1.0,,0.6666666666666666,24.1,,,1.0,,,1.0,,,,,,,,,1.0,,,,,,,,,,,,,1.0,,0.5,,,,0.3333333333333333,,,,1.0,1.0,,,,,,,,,2.0,,,,,,,,,,,,,,,,2.0,,,1.0,,,1.0,1.0,,,,1.0,0.3333333333333333,,,,1.0,2.0,1.0,,,,,,,,,,,,,,,,,,,,,,,,,,,,,,,,,,,,,,,,,,,,,,,,,,,,,,,,,,,,,,,,,,,,,,1610612749,2004,2003-04,False
1800-2072-2091-2429-2551,1610612749,"Damon Jones, Michael Redd, Daniel Santiago, Dan Gadzuric, T.J. Ford","Jones, Redd, Santiago, Gadzuric, Ford",1800-2072-2091-2429-2551,MIL,136.0,1,2.0,-4.0,4.0,5.0,,9.0,1.0,1.0,2.0,1.0,3.0,,2.0,6.0,,,2.0,1.0,1.0,1.0,2.0,,,,,,1.0,1.0,1.0,2.0,,,2.0,1.0,1.0,0.3333333333333333,0.3333333333333333,0.3333333333333333,,,,,,95.29411764705883,16.25,14.2,16.25,14.2,0.3333333333333333,0.6666666666666666,0.5,0.5,1.0,0.38256666666666667,,,,12.266666666666666,,,,,,,,,,,,,,,,,,,,,,,,,,,,,,,,,,,,,,,,,,,,,,,,,,,,,,,,,1.0,,1.0,,,,,1.0,,,,,,,,,,,,,,,,,,,,,,,,,,1.0,,,,,,,,,,,,,,,,,,,,,,,,,,,,,,,,,,,,,,,,,,,,,,,,,,,,,,,,,,,,,,,,,,,,,,,,,1610612749,2004,2003-04,False
1800-2072-2091-2551-389,1610612749,"Damon Jones, Michael Redd, Daniel Santiago, T.J. Ford, Toni Kukoc","Jones, Redd, Santiago, Ford, Kukoc",1800-2072-2091-2551-389,MIL,87.0,1,1.0,-6.0,2.0,3.0,,5.0,,,,,,,,6.0,,,,,,,,,,,,,,,,1.0,,,,,,,,,,,,,,82.75862068965517,22.0,14.333333333333334,22.0,14.333333333333334,,,,,,0.5742,,,,,2.0,,1.0,,,1.0,,,,1.0,24.3,2.0,,,,,,,,,,,,,,,,,,,,,2.0,,,,,,,,,,,,,,,,,,,,,0.5742,,1.0,1.0,,1.0,,,,,1.0,,,,,,,,,,,,,,1.0,1.0,1.0,1.0,,1.0,,,,1.0,1.0,,1.0,,,,,,,,,,,,,,,,,,,,,,,1.0,,,,,,,,,,,,,,,,,,,,,,,,,,,,,,,,,,,,,,,,,,,,,,,,,,1610612749,2004,2003-04,False
1800-2072-2091-2551-693,1610612749,"Damon Jones, Michael Redd, Daniel Santiago, T.J. Ford, Joe Smith","Jones, Redd, Santiago, Ford, Smith",1800-2072-2091-2551-693,MIL,314.0,2,5.0,-4.0,10.0,11.0,1.0,21.0,,,,1.0,2.0,2.0,7.0,11.0,,,2.0,1.0,2.0,,5.0,,3.0,4.0,1.0,5.0,,,2.0,3.0,4.0,1.0,7.0,1.0,1.0,0.5,0.5,0.5,,,1.0,1.0,1.0,96.30573248407643,15.3,14.636363636363637,12.8,13.545454545454545,,,,,,0.5382100000000001,0.16666666666666666,0.3333333333333333,,,3.0,2.0,3.0,,,0.6,,1.0,0.4,1.0,23.03333333333333,3.0,1.0,2.0,1.0,1.0,,,1.0,1.0,2.0,4.0,,,1.0,,1.0,,,1.0,,4.0,3.0,1.0,1.0,0.6666666666666666,,,,1.0,0.3333333333333333,,,1.0,0.4,0.5,0.5,1.0,,,1.0,1.0,,0.4612,0.5714285714285714,0.3,3.0,3.0,4.0,1.0,1.0,1.0,1.0,0.75,1.0,,,,,,,,,,1.0,,,1.0,,,1.0,,,,,,0.2,,,,1.0,,,,,,,1.0,,3.0,,1.0,,1.0,0.3333333333333333,,0.3333333333333333,,,,,,,,1.0,,1.0,,0.5,1.0,,,,,,,,,,,,1.0,,1.0,0.5,0.5,1.0,,,,,,,,,,,,,,,,,,,,,,,,,,1610612749,2004,2003-04,False
1800-2072-2409-2429-389,1610612749,"Damon Jones, Michael Redd, Marcus Haislip, Dan Gadzuric, Toni Kukoc","Jones, Redd, Haislip, Gadzuric, Kukoc",1800-2072-2409-2429-389,MIL,299.0,3,5.0,-10.0,9.0,11.0,,20.0,1.0,1.0,2.0,2.0,3.0,,7.0,17.0,,,4.0,2.0,3.0,1.0,7.0,,2.0,3.0,1.0,4.0,1.0,,2.0,2.0,4.0,2.0,7.0,1.0,1.0,0.6666666666666666,0.3888888888888889,0.3181818181818182,,,0.5,0.6,1.0,96.3210702341137,16.333333333333332,13.818181818181818,16.333333333333332,13.545454545454545,0.1111111111111111,0.2222222222222222,0.5,0.5,1.0,0.5054277777777778,0.18181818181818182,0.4,,15.533333333333333,,1.0,6.0,,,0.6666666666666666,,,0.1111111111111111,0.6666666666666666,25.45,,,,,,1.0,,,,,,,,,,1.0,1.0,,,,,,,,,,,,1.0,0.16666666666666666,,,1.0,,,,,1.0,1.0,,,,,,,,,1.0,,,,,,,,,,,,,,,1.0,1.0,,,5.0,,,5.0,1.0,,,,1.0,0.5555555555555556,,,,,,,,,1.0,,1.0,,3.0,1.0,1.0,1.0,1.0,0.16666666666666666,,0.16666666666666666,0.2,0.2,1.0,,0.2,,,1.0,,,,0.2,,,,,,,,,0.25,,,,,,,,,,,,,,,,,,,,,,,,,,,,,,,,,,,1610612749,2004,2003-04,False
1800-2072-2409-2551-389,1610612749,"Damon Jones, Michael Redd, Marcus Haislip, T.J. Ford, Toni Kukoc","Jones, Redd, Haislip, Ford, Kukoc",1800-2072-2409-2551-389,MIL,16.0,1,,,1.0,1.0,,2.0,,,,,,,,,,,,,,,,,,,,,,,,,,,,,,,,,,,,,,180.0,5.0,11.0,5.0,11.0,,,,,,,,,,,1.0,,,,,,,,,,,1.0,,,,,,,,,,,,,,,,,,,,,1.0,,,,,,,,,,,,,,,,,,,,,,,1.0,1.0,1.0,1.0,,,,,1.0,,,,,,,,,,,,,,,,,,,1.0,,,,,,,,,,,,,,,,,,,,,,,,,,,,,,,,,,,,,,,,,,,,,,,,,,,,,,,,,,,,,,,,,,,,,,,,,,,,,,,,1610612749,2004,2003-04,False
1800-2072-2429-2551-389,1610612749,"Damon Jones, Michael Redd, Dan Gadzuric, T.J. Ford, Toni Kukoc","Jones, Redd, Gadzuric, Ford, Kukoc",1800-2072-2429-2551-389,MIL,42.0,1,1.0,-2.0,,1.0,,1.0,,,,,,,,2.0,,,,,,,,,,,2.0,2.0,,,,,,,,,,,,,,,,,,34.285714285714285,,17.0,,17.0,,,,,,0.45135,,,,,,,2.0,,,1.0,,,,1.0,26.0,,,,,,,,,,,,,,,,,,,,,,,,,,,,,,1.0,,,,,,,,,,,,,,,,,,,,,,,,,,,,,,,,,,,,,2.0,,,2.0,,,,,,1.0,,,,,,,,,,,,,,,,,,,,,,,,,,,,2.0,,,,1.0,,,,1.0,,1.0,,,1.0,1.0,,,,,,,,,,,,,,,,,,,,,,,,,,,,,,,,,,1610612749,2004,2003-04,False
1800-2072-2429-2551-693,1610612749,"Damon Jones, Michael Redd, Dan Gadzuric, T.J. Ford, Joe Smith","Jones, Redd, Gadzuric, Ford, Smith",1800-2072-2429-2551-693,MIL,83.0,1,1.0,-1.0,4.0,4.0,1.0,8.0,,,1.0,2.0,4.0,,4.0,5.0,,,2.0,1.0,1.0,,2.0,,,1.0,1.0,2.0,,,,2.0,,,4.0,0.5,0.5,0.5,0.4,0.4,,,,,,138.79518072289156,8.75,12.0,7.25,7.25,,0.2,,,,0.54679,,,,4.175,4.0,1.0,1.0,1.0,2.0,0.2,1.0,,0.2,0.8,23.0,4.0,2.0,3.0,2.0,3.0,,1.0,2.0,4.0,,4.0,2.0,,1.0,,,,,,,4.0,4.0,0.5,0.4,0.4,,,,,0.3333333333333333,,,,0.6,0.6666666666666666,0.6666666666666666,0.5,,,0.6,0.6666666666666666,,0.54679,1.0,1.0,,,,,,,,,,,,,,,,,,,,,,,,1.0,,,,,,,,,1.0,,,,,0.2,,,,,,,,,,,,,,,,,,,,,1.0,,,,1.0,1.0,,,,,,,,,,,,,,,,,,,,,,,,,,,,,,,,,,,,,,,,,,,1610612749,2004,2003-04,False
1800-2072-2551-389-693,1610612749,"Damon Jones, Michael Redd, T.J. Ford, Toni Kukoc, Joe Smith","Jones, Redd, Ford, Kukoc, Smith",1800-2072-2551-389-693,MIL,134.0,2,2.0,,6.0,6.0,,12.0,1.0,1.0,2.0,1.0,3.0,2.0,4.0,4.0,,,,,,,,,2.0,2.0,,2.0,1.0,,,,2.0,,4.0,,,0.3333333333333333,0.2,0.3333333333333333,,,0.5,0.5,1.0,128.955223880597,10.5,11.833333333333334,10.5,8.0,0.2,0.4,0.5,0.5,,0.3978,,,,15.833333333333334,6.0,,2.0,,,0.4,,,,0.4,53.15,6.0,,,,,,,1.0,3.0,2.0,4.0,2.0,,,,,1.0,,1.0,,4.0,6.0,0.3333333333333333,0.2,0.3333333333333333,,,,,,,,,,,,,,,,,,0.3978,1.0,1.0,2.0,2.0,2.0,,,,,1.0,,,,,,,,,,,,,,2.0,2.0,2.0,1.0,,2.0,,,,0.4,0.4,,,,,,,,,,,,,,,,,,,,,,,,,,,,,,,,,,,,,,,,,,,,,,,,,,,,,,,,,,,,,,,,1.0,,,,,,,,,,,1610612749,2004,2003-04,False
2038-2046-2072-2409-2551,1610612749,"Joel Przybilla, Desmond Mason, Michael Redd, Marcus Haislip, T.J. Ford","Przybilla, Mason, Redd, Haislip, Ford",2038-2046-2072-2409-2551,MIL,114.0,1,2.0,-2.0,3.0,3.0,1.0,6.0,1.0,,,,2.0,,,2.0,,,,,,,,,2.0,2.0,1.0,3.0,,,,,,,,,,,,,,,1.0,0.6666666666666666,,75.78947368421053,18.333333333333332,19.666666666666668,17.333333333333332,16.333333333333332,0.5,,,,,0.5118,,,,5.1,,,,,,,,1.0,,0.5,,,,1.0,,,,,,,,,,,,1.0,,,,,,,,,,,,,0.5,,0.5,1.0,1.0,,0.5,,,,,,,,,,,,1.0,1.0,1.0,,,,,1.0,,,,,,,,,,,,,,,,,,,,,,,,,,,,,,,,,,,,,,,,,,,,,,,,,,,,,,,,,,,,,,,,,,,,,,,,,,,,,,,,,,,,,,,,,,,,,,,,,,,1610612749,2004,2003-04,False
2038-2046-2072-2429-2551,1610612749,"Joel Przybilla, Desmond Mason, Michael Redd, Dan Gadzuric, T.J. Ford","Przybilla, Mason, Redd, Gadzuric, Ford",2038-2046-2072-2429-2551,MIL,462.0,2,8.0,1.0,14.0,14.0,4.0,28.0,4.0,2.0,4.0,5.0,11.0,5.0,18.0,17.0,1.0,5.0,6.0,3.0,4.0,2.0,9.0,2.0,3.0,5.0,6.0,11.0,2.0,1.0,4.0,5.0,12.0,5.0,13.0,0.6,0.75,0.45454545454545453,0.5,0.47368421052631576,0.4166666666666667,1.0,0.375,0.375,0.3333333333333333,87.27272727272727,16.571428571428573,16.428571428571427,14.928571428571429,15.642857142857142,0.3076923076923077,0.3076923076923077,0.5,0.5,1.0,0.4779538461538462,0.2777777777777778,0.3125,0.2777777777777778,9.963636363636363,14.0,1.0,2.0,2.0,1.0,0.15384615384615385,0.6666666666666666,0.3333333333333333,0.07692307692307693,0.38461538461538464,23.75,9.0,2.0,3.0,1.0,2.0,1.0,4.0,3.0,5.0,4.0,10.0,4.0,1.0,,4.0,,1.0,,1.0,,10.0,9.0,0.6,0.5,0.45454545454545453,0.09090909090909091,,0.6666666666666666,,0.5714285714285714,0.6666666666666666,0.5,,0.23076923076923078,0.6666666666666666,0.6666666666666666,,0.25,0.3333333333333333,0.3333333333333333,0.5,0.4418,0.47258333333333336,0.5555555555555556,0.6428571428571429,1.0,1.0,1.0,,,,,1.0,,1.0,1.0,2.0,2.0,0.5,0.5,0.25,1.0,,,,0.25,1.0,,1.0,1.0,1.0,1.0,,0.5,1.0,0.07692307692307693,,1.0,,,,1.0,0.16666666666666666,,1.0,,1.0,,3.0,1.0,1.0,1.0,1.0,0.5,,0.5,1.0,1.0,1.0,,1.0,,,,,,,,,,,,,,,,,,,,,,,,,,,,,,,,,,,,,,,,,,,,,,,,,,,1610612749,2004,2003-04,False
2046-2072-2091-2409-2551,1610612749,"Desmond Mason, Michael Redd, Daniel Santiago, Marcus Haislip, T.J. Ford","Mason, Redd, Santiago, Haislip, Ford",2046-2072-2091-2409-2551,MIL,579.0,3,10.0,-14.0,20.0,21.0,3.0,41.0,5.0,,3.0,4.0,17.0,7.0,15.0,29.0,,4.0,,,,,,,2.0,5.0,3.0,8.0,3.0,1.0,4.0,5.0,9.0,2.0,11.0,,,0.23529411764705882,0.23529411764705882,0.3333333333333333,0.6666666666666666,,0.4,0.4444444444444444,0.5,101.96891191709844,14.6,13.666666666666666,14.4,12.904761904761905,0.29411764705882354,0.17647058823529413,,,,0.5075411764705882,0.10526315789473684,0.10526315789473684,0.26666666666666666,5.664705882352941,4.0,,,1.0,,,1.0,0.5,,0.5294117647058824,,3.0,3.0,9.0,,,1.0,3.0,1.0,1.0,4.0,6.0,8.0,,,3.0,2.0,2.0,1.0,2.0,,6.0,3.0,1.0,1.0,0.8333333333333334,,,0.23076923076923078,0.5,0.23076923076923078,0.25,,0.3333333333333333,0.5294117647058824,0.3333333333333333,0.3333333333333333,,0.2,0.2,,,0.5615333333333333,0.398,0.4,0.15,2.0,1.0,2.0,,,,,1.0,,2.0,3.0,2.0,4.0,0.6666666666666666,0.6666666666666666,1.0,0.6666666666666666,,,,,,,,,,,,0.3333333333333333,,,,,1.0,,,0.16666666666666666,,1.0,,,,,,,,,,,,,,,,,,,,,,,,,,,,,,,,,,,,,,,,,,,,,,,,,,,,,,,,,,,,,,,,,,,,1610612749,2004,2003-04,False
2046-2072-2091-2429-2551,1610612749,"Desmond Mason, Michael Redd, Daniel Santiago, Dan Gadzuric, T.J. Ford","Mason, Redd, Santiago, Gadzuric, Ford",2046-2072-2091-2429-2551,MIL,128.0,2,2.0,,4.0,3.0,1.0,7.0,1.0,,,1.0,2.0,,2.0,2.0,,,,,,,,,1.0,2.0,1.0,3.0,,,1.0,1.0,2.0,1.0,2.0,,,0.5,0.5,0.3333333333333333,,,0.5,0.6666666666666666,,78.75,15.0,22.666666666666668,13.25,22.333333333333332,0.5,,,,,0.449,0.3333333333333333,0.3333333333333333,,3.35,3.0,,,,,,,1.0,,0.5,,,1.0,1.0,,,,,,,,,2.0,,,1.0,1.0,,,,,,,,,,,,1.0,1.0,1.0,1.0,,,0.5,1.0,1.0,,,,,,,,,,1.0,,2.0,,,,,0.5,,,,,,,,,,1.0,1.0,,,,,,,,,,,,,,,1.0,,,,,1.0,,,,,,,,,,,,,,,,,,,,,,,,,,,,,,,,,,,,,,,,,,,,,,,,,,,,,,,,,,,,,,,,,,,,1610612749,2004,2003-04,False
2046-2072-2091-2551-693,1610612749,"Desmond Mason, Michael Redd, Daniel Santiago, T.J. Ford, Joe Smith","Mason, Redd, Santiago, Ford, Smith",2046-2072-2091-2551-693,MIL,8472.0,15,141.0,-16.0,268.0,274.0,27.0,542.0,58.0,20.0,67.0,92.0,214.0,37.0,245.0,261.0,6.0,32.0,112.0,56.0,64.0,13.0,136.0,1.0,84.0,103.0,34.0,137.0,26.0,9.0,33.0,60.0,50.0,26.0,213.0,0.6086956521739131,0.6588235294117647,0.42990654205607476,0.44635193133047213,0.4822834645669291,0.5925925925925926,0.14285714285714285,0.7304347826086957,0.7388059701492538,0.8222222222222222,92.12464589235128,16.130597014925375,15.142335766423358,15.496268656716419,14.510948905109489,0.24892703862660945,0.2875536480686695,0.29850746268656714,0.3125,0.65,0.4835392703862661,0.104,0.11255411255411256,0.1306122448979592,8.298598130841121,23.0,6.0,19.0,4.0,2.0,0.0815450643776824,0.8,0.5897435897435898,0.02575107296137339,0.463519313304721,24.95263157894737,36.0,50.0,89.0,6.0,15.0,22.0,23.0,9.0,27.0,12.0,30.0,72.0,19.0,32.0,30.0,15.0,17.0,,4.0,,30.0,36.0,0.3333333333333333,0.3,0.4166666666666667,0.08878504672897196,0.1348314606741573,0.24793388429752067,0.7894736842105263,0.25,0.2,0.7741935483870968,0.7333333333333333,0.38197424892703863,0.5617977528089888,0.6493506493506493,0.64,0.3793103448275862,0.4074074074074074,0.5,0.4,0.4782666666666667,0.5103666666666666,0.12244897959183673,0.13432835820895522,28.0,13.0,50.0,14.0,10.0,14.0,7.0,0.56,0.5,8.0,14.0,13.0,14.0,0.5652173913043478,0.5652173913043478,0.6086956521739131,0.5714285714285714,9.0,22.0,1.0,0.06896551724137931,13.0,3.0,3.0,13.0,11.0,9.0,3.0,0.14893617021276595,0.5,0.055793991416309016,0.1,,15.0,6.0,4.0,0.41025641025641024,,1.0,5.0,,8.0,,24.0,5.0,8.0,5.0,1.0,0.42105263157894735,,0.42105263157894735,0.38461538461538464,0.38461538461538464,1.0,,0.38461538461538464,2.0,3.0,3.0,4.0,3.0,9.0,0.2727272727272727,,0.035398230088495575,,,,,,,0.375,,,,3.0,,3.0,0.5,0.5,1.0,,,,,,,0.125,,,,,0.04477611940298507,,,,,,,,,,,,,,1610612749,2004,2003-04,False
2046-2072-2091-389-693,1610612749,"Desmond Mason, Michael Redd, Daniel Santiago, Toni Kukoc, Joe Smith","Mason, Redd, Santiago, Kukoc, Smith",2046-2072-2091-389-693,MIL,2.0,1,,-2.0,,1.0,,1.0,,,,,,,,2.0,,,,,,,,,,,,,,,,,,,,,,,,,,,,,,720.0,,2.0,,2.0,,,,,,,,,,,1.0,,,,,,,,,,,,,,,,,,,,,,,,,,,,,,,,,,,,,,,,,,,,,,,,,,,,,,,,,,,,,,,,,,,,,,,,,,,,,,,,,,,,,,,,,,,,,,,,,,,,,,,,,,,,,,,,,,,,,,,,,,,,,,,,,,,,,,,,,,,,,,,,,,,,,,,,,,,,,,,,,,1610612749,2004,2003-04,False
2046-2072-2409-2429-2551,1610612749,"Desmond Mason, Michael Redd, Marcus Haislip, Dan Gadzuric, T.J. Ford","Mason, Redd, Haislip, Gadzuric, Ford",2046-2072-2409-2429-2551,MIL,39.0,1,1.0,-5.0,3.0,2.0,,5.0,,,,,,,,5.0,,,,,,,,,,,,,,,1.0,1.0,,,,,,,,,,,,,,184.6153846153846,10.333333333333334,4.0,10.333333333333334,4.0,,,,,,0.5313,,,,,,,1.0,,,1.0,,,,1.0,26.1,,,,,,,,,,,,,,,,,,,,,,,,,,,,,,,,,,,,,,,,,,,,,,1.0,,2.0,,,,,0.5,,,,,,,,,,1.0,1.0,,,1.0,,,1.0,,,,,,1.0,,,1.0,,,,,,,,,,,,,,,,,,,,,,,,,,,,,,,,,,,,,,,,,,,,,,,,,,,,,,,,,,,,,,,,,,,,,,,,,1610612749,2004,2003-04,False
2046-2072-2409-2551-389,1610612749,"Desmond Mason, Michael Redd, Marcus Haislip, T.J. Ford, Toni Kukoc","Mason, Redd, Haislip, Ford, Kukoc",2046-2072-2409-2551-389,MIL,115.0,2,2.0,1.0,3.0,4.0,,7.0,1.0,,,2.0,3.0,1.0,5.0,4.0,,,,,,,,,2.0,2.0,,2.0,,,,,1.0,1.0,5.0,,,0.6666666666666666,0.6666666666666666,0.8333333333333334,,,0.5,0.5,1.0,87.65217391304347,14.666666666666666,17.75,14.666666666666666,11.75,0.3333333333333333,,,,,0.5125333333333334,0.3333333333333333,0.3333333333333333,,4.433333333333334,4.0,,,,,,,0.5,,0.6666666666666666,,2.0,2.0,2.0,1.0,1.0,,,1.0,2.0,,2.0,4.0,,,,,,,,,2.0,2.0,0.5,0.5,0.5,,,,,,,,,0.6666666666666666,1.0,1.0,,,,0.5,1.0,,0.49995,0.4,0.6666666666666666,,,,,,,,,,,,,,,,,,,,,,,,,,,,,,,,,,,,,,,,,,,,,,,,,,,,,,,,,,,,,,1.0,,,,,,,,,,,,,,,,,,,,,,,,,,,,,,,,,,,,,,,,,,,,,1610612749,2004,2003-04,False
2046-2072-2409-2551-693,1610612749,"Desmond Mason, Michael Redd, Marcus Haislip, T.J. Ford, Joe Smith","Mason, Redd, Haislip, Ford, Smith",2046-2072-2409-2551-693,MIL,423.0,3,7.0,3.0,13.0,12.0,3.0,25.0,5.0,2.0,5.0,7.0,14.0,2.0,16.0,13.0,,2.0,10.0,5.0,5.0,1.0,10.0,,1.0,1.0,3.0,4.0,2.0,,3.0,5.0,2.0,1.0,14.0,0.7142857142857143,0.8333333333333334,0.5,0.4666666666666667,0.5,0.3333333333333333,,0.3333333333333333,0.25,,85.1063829787234,17.384615384615383,16.416666666666668,16.384615384615383,15.666666666666666,0.3333333333333333,0.3333333333333333,0.4,0.4,0.5,0.4689966666666667,0.0625,0.06666666666666667,0.125,9.664285714285715,8.0,,1.0,,,0.06666666666666667,,0.5,,0.3333333333333333,24.2,,2.0,4.0,,,3.0,2.0,,,,,4.0,,1.0,3.0,,2.0,,,,,,,,,,,0.42857142857142855,,0.375,0.5,,,0.26666666666666666,0.5,0.5,0.5,0.6,0.6,,,0.55605,,,,,,,,,,,,,1.0,1.0,1.0,2.0,0.5,0.3333333333333333,0.3333333333333333,1.0,,,,,1.0,,,1.0,3.0,,,0.3333333333333333,1.0,0.06666666666666667,,,,,,0.5,,,,,,,,,,,,,,,,,,,,1.0,,,1.0,,,,,0.125,,1.0,,1.0,,,,0.3333333333333333,,,,,,,,,,,,,,,,,,,,,,,,,,,,,,,,,,1610612749,2004,2003-04,False
2046-2072-2429-2551-389,1610612749,"Desmond Mason, Michael Redd, Dan Gadzuric, T.J. Ford, Toni Kukoc","Mason, Redd, Gadzuric, Ford, Kukoc",2046-2072-2429-2551-389,MIL,328.0,2,5.0,,10.0,11.0,2.0,21.0,1.0,1.0,4.0,3.0,9.0,3.0,9.0,9.0,1.0,1.0,4.0,2.0,2.0,1.0,4.0,,3.0,5.0,3.0,8.0,,,,3.0,4.0,1.0,8.0,0.6666666666666666,0.6666666666666666,0.3333333333333333,0.3,0.375,0.16666666666666666,,0.75,0.8,0.6666666666666666,92.1951219512195,13.1,17.90909090909091,12.8,16.09090909090909,0.1,0.4,0.25,0.25,1.0,0.5249699999999999,0.09090909090909091,0.1,0.1111111111111111,8.322222222222223,3.0,1.0,1.0,1.0,2.0,0.1,1.0,,0.1,0.5,23.2,4.0,1.0,4.0,,2.0,1.0,2.0,,3.0,3.0,3.0,2.0,,,3.0,1.0,,,1.0,,3.0,4.0,,,0.25,,,0.5,1.0,0.42857142857142855,,1.0,,0.4,0.25,0.25,,1.0,1.0,0.5,,0.61595,0.573075,0.3333333333333333,0.4,1.0,1.0,1.0,,,,,1.0,,,2.0,,,,,1.0,,,,,,,,1.0,,1.0,,,0.3333333333333333,1.0,,,1.0,,,,0.6666666666666666,0.25,1.0,,,,,,,,,,,,,,,,,,,,,1.0,,,,,0.14285714285714285,,,,,,,,,,,,,,,,,,,,,,,,,,,,,,,,,,,,,,,,,,1610612749,2004,2003-04,False
2046-2072-2429-2551-693,1610612749,"Desmond Mason, Michael Redd, Dan Gadzuric, T.J. Ford, Joe Smith","Mason, Redd, Gadzuric, Ford, Smith",2046-2072-2429-2551-693,MIL,4387.0,20,73.0,38.0,147.0,144.0,22.0,291.0,30.0,12.0,35.0,55.0,122.0,35.0,160.0,122.0,4.0,24.0,68.0,34.0,38.0,9.0,80.0,,39.0,58.0,26.0,84.0,12.0,5.0,15.0,28.0,42.0,14.0,136.0,0.6181818181818182,0.6938775510204082,0.45081967213114754,0.45955882352941174,0.5128205128205128,0.46153846153846156,,0.8125,0.7971014492753623,0.875,95.5185776156827,15.095238095238095,15.055555555555555,14.36734693877551,14.51388888888889,0.22058823529411764,0.25735294117647056,0.34285714285714286,0.35294117647058826,0.75,0.4933529850746269,0.0945945945945946,0.1044776119402985,0.15,7.481147540983607,83.0,3.0,14.0,3.0,3.0,0.10294117647058823,1.0,0.7692307692307693,0.022058823529411766,0.5220588235294118,28.02857142857143,58.0,32.0,57.0,12.0,22.0,11.0,23.0,16.0,41.0,17.0,58.0,42.0,3.0,18.0,23.0,16.0,7.0,,8.0,,58.0,58.0,0.3902439024390244,0.43617021276595747,0.5,0.02459016393442623,0.017543859649122806,0.34328358208955223,0.7619047619047619,0.35135135135135137,0.21052631578947367,0.7894736842105263,0.8,0.41911764705882354,0.5614035087719298,0.5714285714285714,0.5625,0.36666666666666664,0.3793103448275862,0.46808510638297873,0.5454545454545454,0.5060272727272728,0.49367934782608697,0.3625,0.3945578231292517,9.0,2.0,19.0,12.0,6.0,12.0,11.0,0.47368421052631576,0.9166666666666666,6.0,14.0,10.0,12.0,0.43478260869565216,0.4166666666666667,0.5833333333333334,0.42857142857142855,2.0,10.0,2.0,0.03333333333333333,11.0,5.0,6.0,9.0,7.0,7.0,4.0,0.2608695652173913,0.6363636363636364,0.08088235294117647,0.10638297872340426,1.0,7.0,,4.0,0.52,0.02127659574468085,0.6666666666666666,4.0,2.0,5.0,3.0,12.0,4.0,4.0,3.0,0.8,0.35714285714285715,0.5,0.4166666666666667,0.36363636363636365,0.36363636363636365,0.75,0.4,0.4444444444444444,1.0,1.0,3.0,3.0,1.0,2.0,0.42857142857142855,1.0,0.04225352112676056,,,,1.0,,,0.2,,,,1.0,1.0,1.0,0.3333333333333333,0.3333333333333333,1.0,1.0,1.0,,,0.041666666666666664,,0.16666666666666666,,,,,0.02857142857142857,3.0,,2.0,,,,,,,,,,,1610612749,2004,2003-04,False
2046-2072-2551-389-693,1610612749,"Desmond Mason, Michael Redd, T.J. Ford, Toni Kukoc, Joe Smith","Mason, Redd, Ford, Kukoc, Smith",2046-2072-2551-389-693,MIL,1806.0,14,30.0,-16.0,58.0,56.0,8.0,114.0,9.0,4.0,12.0,15.0,41.0,21.0,54.0,70.0,5.0,13.0,16.0,8.0,9.0,3.0,19.0,,9.0,18.0,8.0,26.0,6.0,2.0,7.0,18.0,24.0,8.0,41.0,0.5333333333333333,0.7272727272727273,0.36585365853658536,0.35106382978723405,0.4576271186440678,0.8125,,0.47368421052631576,0.56,0.5,90.8970099667774,16.862068965517242,14.785714285714286,16.53448275862069,13.875,0.19148936170212766,0.2553191489361702,0.3333333333333333,0.3333333333333333,0.75,0.47717872340425527,0.14814814814814814,0.16666666666666666,0.24074074074074073,7.13170731707317,39.0,2.0,6.0,4.0,4.0,0.1276595744680851,1.0,0.4,0.0425531914893617,0.5531914893617021,24.599999999999998,26.0,8.0,20.0,2.0,7.0,3.0,6.0,6.0,16.0,15.0,30.0,14.0,10.0,3.0,5.0,5.0,4.0,,5.0,1.0,30.0,26.0,0.375,0.35714285714285715,0.5,0.24390243902439024,0.45,0.19230769230769232,0.8333333333333334,0.25806451612903225,0.3333333333333333,0.5,0.8,0.425531914893617,0.4,0.7272727272727273,0.375,0.3333333333333333,0.375,0.3333333333333333,0.2857142857142857,0.5656,0.47510714285714284,0.5555555555555556,0.4482758620689655,5.0,2.0,7.0,,,,,0.7142857142857143,,4.0,6.0,4.0,8.0,0.6666666666666666,0.6666666666666666,1.0,0.6666666666666666,,2.0,,0.1111111111111111,4.0,3.0,5.0,4.0,2.0,1.0,,,0.6666666666666666,0.0851063829787234,0.14285714285714285,2.0,3.0,,2.0,0.25,0.09523809523809523,1.0,1.0,1.0,1.0,1.0,3.0,1.0,1.0,1.0,1.0,0.16666666666666666,0.2,0.16666666666666666,0.25,0.25,1.0,0.3333333333333333,0.25,,,3.0,1.0,,1.0,0.6,0.5,0.047619047619047616,,,,,,,0.6666666666666666,,,,,,,,,,,,,,,,,,,,,,,,,,,,,,,,,,,1610612749,2004,2003-04,False
2046-2409-2429-2551-389,1610612749,"Desmond Mason, Marcus Haislip, Dan Gadzuric, T.J. Ford, Toni Kukoc","Mason, Haislip, Gadzuric, Ford, Kukoc",2046-2409-2429-2551-389,MIL,62.0,1,1.0,-1.0,1.0,1.0,,2.0,,1.0,1.0,1.0,1.0,,2.0,3.0,,,2.0,1.0,1.0,1.0,2.0,,,,,,,,,,,,2.0,1.0,1.0,1.0,1.0,1.0,,,,,,46.4516129032258,18.0,44.0,18.0,40.0,,1.0,1.0,1.0,1.0,0.4106,,,,19.8,,,,,,,,,,,,,,,,,,,,,,,,,,,,,,,,,,,,,,,,,,,,,,,,,,,,,,,,,,,,,,,,,,,,,,,,,,,,,,,,,,,,,,,,,,,,,,,,,,,,,,,,,,,,,,,,,,,,,,,,,,,,,,,,,,,,,,,,,,,,,,,,,,,,,,,,,,,,,,,,,,,1610612749,2004,2003-04,False
2072-2409-2429-2551-389,1610612749,"Michael Redd, Marcus Haislip, Dan Gadzuric, T.J. Ford, Toni Kukoc","Redd, Haislip, Gadzuric, Ford, Kukoc",2072-2409-2429-2551-389,MIL,64.0,1,1.0,-1.0,3.0,3.0,,6.0,1.0,,,1.0,1.0,,2.0,3.0,,,,,,,,,,1.0,,1.0,,,1.0,2.0,,,2.0,,,1.0,1.0,1.0,,,,,,135.0,10.666666666666666,10.666666666666666,10.666666666666666,10.666666666666666,1.0,,,,,0.4123,,,,8.1,,,,1.0,,,1.0,,,,,,,,,,1.0,,,,,,2.0,,,,,,,,,,,,,,,,,,,,,,,,,,1.0,1.0,,,,,,,1.0,,2.0,,,,,0.5,,,,,,,,,,,1.0,,,,,,,,,,,,,,,1.0,,1.0,,,,,,,,,,,,,,,,,,,,,,,,,,,,,,,,,,,,,,,,,,,,,,,,,,,,,,,,,,,,,,,,,,,,,,,1610612749,2004,2003-04,False
