EntityId,TeamId,Name,ShortName,RowId,TeamAbbreviation,SecondsPlayed,GamesPlayed,OffPoss,PenaltyOffPoss,TotalPoss,DeadBallTurnovers,Turnovers,PenaltyTurnovers,Fouls,Offensive Fouls,PenaltyOffPossExcludingTakeFouls,Pace,SecondsPerPossOff,SecondsExcludingORebsPerPossOff,PenaltyOffPossPct,Minutes,PlusMinus,DefPoss,PenaltyDefPoss,SecondChanceOffPoss,AtRimFGM,AtRimFGA,SecondChanceAtRimFGM,SecondChanceAtRimFGA,PenaltyAtRimFGM,PenaltyAtRimFGA,ShortMidRangeFGM,ShortMidRangeFGA,LongMidRangeFGM,LongMidRangeFGA,Arc3FGM,Arc3FGA,PenaltyArc3FGM,PenaltyArc3FGA,FG2M,FG2A,FG3M,FG3A,FtPoints,Points,OpponentPoints,SecondChanceFG2M,SecondChanceFG2A,SecondChanceFtPoints,SecondChancePoints,PenaltyFG2M,PenaltyFG2A,PenaltyFG3M,PenaltyFG3A,PenaltyFtPoints,PenaltyPoints,PtsAssisted2s,PtsUnassisted2s,PtsUnassisted3s,PtsPutbacks,HeaveAttempts,NonHeaveArc3FGA,NonHeaveArc3FGM,Fg2aBlocked,TwoPtAssists,Assists,AtRimAssists,ShortMidRangeAssists,AssistPoints,OffTwoPtRebounds,DefThreePtRebounds,DefTwoPtRebounds,FTDefRebounds,DefRebounds,OffRebounds,Rebounds,Steals,BadPassSteals,LiveBallTurnovers,BadPassOutOfBoundsTurnovers,LostBallTurnovers,Travels,SecondChanceTurnovers,ShootingFouls,FTA,2pt And 1 Free Throw Trips,TwoPtShootingFoulsDrawn,NonShootingFoulsDrawn,FirstChancePoints,PenaltyPointsExcludingTakeFouls,NonShootingPenaltyNonTakeFouls,Assisted2sPct,NonPutbacksAssisted2sPct,Fg3Pct,PenaltyFg3Pct,NonHeaveFg3Pct,Fg2Pct,SecondChanceFg2Pct,PenaltyFg2Pct,EfgPct,SecondChanceEfgPct,PenaltyEfgPct,TsPct,SecondChanceTsPct,PenaltyTsPct,FG3APct,FG2APctBlocked,ShortMidRangePctBlocked,LongMidRangePctBlocked,LiveBallTurnoverPct,DefFTReboundPct,DefTwoPtReboundPct,OffTwoPtReboundPct,DefThreePtReboundPct,DefFGReboundPct,OffFGReboundPct,OffAtRimReboundPct,OffShortMidRangeReboundPct,OffLongMidRangeReboundPct,DefAtRimReboundPct,DefLongMidRangeReboundPct,DefArc3ReboundPct,SecondsPerPossDef,SecondsExcludingORebsPerPossDef,AtRimFrequency,AtRimAccuracy,UnblockedAtRimAccuracy,AtRimPctAssisted,ShortMidRangeFrequency,ShortMidRangeAccuracy,UnblockedShortMidRangeAccuracy,ShortMidRangePctAssisted,LongMidRangeFrequency,LongMidRangeAccuracy,UnblockedLongMidRangeAccuracy,Arc3Frequency,Arc3Accuracy,UnblockedArc3Accuracy,SecondChanceAtRimFrequency,SecondChanceAtRimAccuracy,PenaltyAtRimFrequency,PenaltyAtRimAccuracy,PenaltyArc3Frequency,PenaltyArc3Accuracy,AtRimFG3AFrequency,NonHeaveArc3Accuracy,ShotQualityAvg,SecondChanceShotQualityAvg,PenaltyShotQualityAvg,ShootingFoulsDrawnPct,TwoPtShootingFoulsDrawnPct,SecondChancePointsPct,PenaltyPointsPct,Avg2ptShotDistance,Avg3ptShotDistance,BadPassTurnovers,Blocked2s,BlockedShortMidRange,Blocks,FTOffRebounds,BlockedAtRim,RecoveredBlocks,OffFTReboundPct,BlocksRecoveredPct,Corner3FGM,Corner3FGA,PenaltyCorner3FGM,PenaltyCorner3FGA,PtsAssisted3s,ThreePtAssists,Corner3Assists,LongMidRangeAssists,Assisted3sPct,AtRimPctBlocked,DefShortMidRangeReboundPct,DefCorner3ReboundPct,LongMidRangePctAssisted,Corner3Frequency,Corner3Accuracy,UnblockedCorner3Accuracy,Corner3PctAssisted,PenaltyCorner3Frequency,PenaltyCorner3Accuracy,Arc3Assists,Arc3PctAssisted,LostBallSteals,OffThreePtRebounds,OffThreePtReboundPct,OffCorner3ReboundPct,SelfOReb,Defensive 3 Seconds Violations,OffArc3ReboundPct,SelfORebPct,Loose Ball Fouls,SecondChanceCorner3FGM,SecondChanceCorner3FGA,SecondChanceFG3M,SecondChanceFG3A,SecondChanceFg3Pct,SecondChanceCorner3Frequency,SecondChanceCorner3Accuracy,SecondChanceCorner3PctAssisted,BlockedLongMidRange,SecondChanceArc3FGM,SecondChanceArc3FGA,Technical Free Throw Trips,SecondChanceArc3Frequency,SecondChanceArc3Accuracy,SecondChanceArc3PctAssisted,LostBallOutOfBoundsTurnovers,SecondChanceAtRimPctAssisted,Blocked3s,BlockedCorner3,3SecondViolations,HeaveMakes,DefensiveGoaltends,BlockedArc3,StepOutOfBoundsTurnovers,ThreePtShootingFoulsDrawn,ThreePtShootingFoulsDrawnPct,Clear Path Fouls,Fg3aBlocked,FG3APctBlocked,Corner3PctBlocked,OffensiveGoaltends,Arc3PctBlocked,3pt And 1 Free Throw Trips,team_id,year,season,team_vs
1498-1738-1740-1744-2209,1610612760,"Antonio Daniels, Ansu Sesay, Rashard Lewis, Jerome James, Vladimir Radmanovic","Daniels, Sesay, Lewis, James, Radmanovic",1498-1738-1740-1744-2209,SEA,5.0,1,1.0,1.0,1.0,1.0,1.0,1.0,1.0,1.0,1.0,288.0,5.0,5.0,1.0,,,,,,,,,,,,,,,,,,,,,,,,,,,,,,,,,,,,,,,,,,,,,,,,,,,,,,,,,,,,,,,,,,,,,,,,,,,,,,,,,,,,,,,,,,,,,,,,,,,,,,,,,,,,,,,,,,,,,,,,,,,,,,,,,,,,,,,,,,,,,,,,,,,,,,,,,,,,,,,,,,,,,,,,,,,,,,,,,,,,,,,,,,,,,,,,,,,,,,,,,,,,,,,,1610612760,2004,2003-04,True
1498-1738-1740-1744-2436,1610612760,"Antonio Daniels, Ansu Sesay, Rashard Lewis, Jerome James, Flip Murray","Daniels, Sesay, Lewis, James, Murray",1498-1738-1740-1744-2436,SEA,694.0,3,23.0,20.0,44.0,6.0,8.0,8.0,7.0,,20.0,91.29682997118155,16.91304347826087,16.52173913043478,0.8695652173913043,12.0,-7.0,21.0,17.0,5.0,2.0,4.0,1.0,2.0,2.0,4.0,2.0,5.0,1.0,6.0,1.0,4.0,1.0,4.0,5.0,15.0,1.0,4.0,5.0,18.0,25.0,1.0,3.0,3.0,5.0,3.0,12.0,1.0,4.0,5.0,14.0,4.0,6.0,3.0,2.0,1.0,3.0,1.0,3.0,2.0,2.0,1.0,1.0,4.0,5.0,2.0,3.0,1.0,6.0,5.0,11.0,2.0,2.0,2.0,2.0,2.0,1.0,1.0,3.0,7.0,1.0,1.0,3.0,13.0,14.0,2.0,0.4,0.5,0.25,0.25,0.3333333333333333,0.3333333333333333,0.3333333333333333,0.25,0.34210526315789475,0.3333333333333333,0.28125,0.4090909090909091,0.5,0.3684210526315789,0.21052631578947367,0.2,0.2,0.3333333333333333,0.25,1.0,0.6,0.625,1.0,0.7142857142857143,0.5,0.5,0.3333333333333333,1.0,0.5,1.0,1.0,14.523809523809524,13.571428571428571,0.21052631578947367,0.5,0.5,0.5,0.2631578947368421,0.4,0.5,0.5,0.3157894736842105,0.16666666666666666,0.25,0.21052631578947367,0.25,0.25,0.6666666666666666,0.5,0.25,0.5,0.25,0.25,0.42105263157894735,0.3333333333333333,0.4163527777777778,0.5001333333333333,0.4200966666666667,0.05263157894736842,0.06666666666666667,0.2777777777777778,0.7777777777777778,10.78,32.925,,,,,,,,,,,,,,,,,,,,,,,,,,,,,,,,,,,,,,,,,,,,,,,,,,,,,,,,,,,,,,,,,,,,,,,,,1610612760,2004,2003-04,True
1498-1738-1740-1744-951,1610612760,"Antonio Daniels, Ansu Sesay, Rashard Lewis, Jerome James, Ray Allen","Daniels, Sesay, Lewis, James, Allen",1498-1738-1740-1744-951,SEA,349.0,3,10.0,7.0,21.0,,,,4.0,,7.0,86.64756446991404,15.4,15.4,0.7,6.0,-6.0,11.0,7.0,,3.0,3.0,,,3.0,3.0,,3.0,,2.0,,,,,3.0,8.0,,,3.0,9.0,15.0,,,,,3.0,7.0,,,,6.0,4.0,2.0,,,,,,,2.0,2.0,2.0,,4.0,,,2.0,,2.0,,2.0,1.0,1.0,,,,,,3.0,4.0,,2.0,,9.0,6.0,,0.6666666666666666,0.6666666666666666,,,,0.375,,0.42857142857142855,0.375,,0.42857142857142855,0.45,,0.42857142857142855,,,,,,,0.6666666666666666,,,0.4,,,,,,0.6666666666666666,,17.727272727272727,17.181818181818183,0.375,1.0,1.0,0.6666666666666666,0.375,,,,0.25,,,,,,,,0.42857142857142855,1.0,,,0.375,,0.4786125,,0.49892857142857144,0.2,0.2,,0.6666666666666666,7.625,,,,,,,,,,,,,,,,,,,,,,,,,,,,,,,,,,,,,,,,,,,,,,,,,,,,,,,,,,,,,,,,,,,,,,,,,,1610612760,2004,2003-04,True
1498-1738-1740-1916-2209,1610612760,"Antonio Daniels, Ansu Sesay, Rashard Lewis, Calvin Booth, Vladimir Radmanovic","Daniels, Sesay, Lewis, Booth, Radmanovic",1498-1738-1740-1916-2209,SEA,2.0,1,,,,,,,,,,,,,,,,,,,,,,,,,,,,,,1.0,,1.0,,,,1.0,,,,,,,,,,,1.0,,,,,,,,1.0,,,,,,,,,,,,,,,,,,,,,,,,,,,,,,,,,,,,,,,,,,,,1.0,,,,,,,,,,,,,,,,,,,,,,,,,,,,,,1.0,,,,,,,1.0,,1.0,,0.26325,,0.26325,,,,,,25.0,,,,,,,,,,,,,,,,,,,,,,,,,,,,,,,,,,,,,,,,,,,,,,,,,,,,,,,,,,,,,,,,,,,,,,,,,1610612760,2004,2003-04,True
1498-1738-1740-1916-2436,1610612760,"Antonio Daniels, Ansu Sesay, Rashard Lewis, Calvin Booth, Flip Murray","Daniels, Sesay, Lewis, Booth, Murray",1498-1738-1740-1916-2436,SEA,192.0,3,5.0,2.0,9.0,2.0,3.0,1.0,2.0,,2.0,67.5,16.8,16.8,0.4,3.0,-1.0,4.0,,,1.0,1.0,,,,,,,1.0,1.0,,,,,2.0,2.0,,,,4.0,5.0,,,,,1.0,1.0,,,,2.0,2.0,2.0,,,,,,,1.0,1.0,1.0,,2.0,,,2.0,,2.0,,2.0,,,1.0,,,1.0,,1.0,,,,,4.0,2.0,,0.5,0.5,,,,1.0,,1.0,1.0,,1.0,1.0,,1.0,,,,,0.3333333333333333,,0.6666666666666666,,,0.6666666666666666,,,,,,1.0,,27.0,27.0,0.5,1.0,1.0,1.0,,,,,0.5,1.0,1.0,,,,,,,,,,0.5,,0.5044,,0.4176,,,,0.5,10.8,,1.0,1.0,1.0,1.0,,,,,,,,,,,,,,,,,,,,,,,,,,,,,,,,,,,,,,,,,,,,,,,,,,,,,,,,,,,,,,,,,,,,,1610612760,2004,2003-04,True
1498-1738-1740-1916-2557,1610612760,"Antonio Daniels, Ansu Sesay, Rashard Lewis, Calvin Booth, Luke Ridnour","Daniels, Sesay, Lewis, Booth, Ridnour",1498-1738-1740-1916-2557,SEA,58.0,1,2.0,2.0,5.0,,1.0,1.0,1.0,,2.0,124.13793103448276,12.5,12.5,1.0,1.0,-5.0,3.0,,,1.0,1.0,,,1.0,1.0,,,,,,,,,1.0,1.0,,,,2.0,7.0,,,,,1.0,1.0,,,,2.0,2.0,,,,,,,,1.0,1.0,1.0,,2.0,,,,,,,,,,1.0,,1.0,,,1.0,,,,,2.0,2.0,,1.0,1.0,,,,1.0,,1.0,1.0,,1.0,1.0,,1.0,,,,,1.0,,,,,,,,,,,,,11.0,11.0,1.0,1.0,1.0,1.0,,,,,,,,,,,,,1.0,1.0,,,1.0,,0.4874,,0.4874,,,,1.0,3.5,,,,,,,,,,,,,,,,,,,,,,,,,,,,,,,,,,,,,,,,,,,,,,,,,,,,,,,,,,,,,,,,,,,,,,,,,,1610612760,2004,2003-04,True
1498-1738-1740-1916-699,1610612760,"Antonio Daniels, Ansu Sesay, Rashard Lewis, Calvin Booth, Brent Barry","Daniels, Sesay, Lewis, Booth, Barry",1498-1738-1740-1916-699,SEA,10.0,1,1.0,1.0,2.0,,,,,,1.0,288.0,4.0,4.0,1.0,,2.0,1.0,1.0,,1.0,1.0,,,1.0,1.0,,,,,,,,,1.0,1.0,,,,2.0,,,,,,1.0,1.0,,,,2.0,,2.0,,,,,,,,,,,,,,,,,,,,,,,,,,,,,,,2.0,2.0,,,,,,,1.0,,1.0,1.0,,1.0,1.0,,1.0,,,,,,,,,,,,,,,,,,6.0,6.0,1.0,1.0,1.0,,,,,,,,,,,,,,1.0,1.0,,,1.0,,0.4781,,0.4781,,,,1.0,2.5,,,1.0,1.0,1.0,,,,,,,,,,,,,,,,,,,,,,,,,,,,,,,,,,,,,,,,,,,,,,,,,,,,,,,,,,,,,,,,,,,,,1610612760,2004,2003-04,True
1498-1738-1740-2209-2436,1610612760,"Antonio Daniels, Ansu Sesay, Rashard Lewis, Vladimir Radmanovic, Flip Murray","Daniels, Sesay, Lewis, Radmanovic, Murray",1498-1738-1740-2209-2436,SEA,81.0,2,3.0,3.0,6.0,,,,,,3.0,106.66666666666666,16.666666666666668,9.0,1.0,1.0,4.0,3.0,3.0,1.0,2.0,2.0,,,2.0,2.0,,,,1.0,,,,,2.0,3.0,,,,4.0,,,1.0,,,2.0,3.0,,,,4.0,,4.0,,,,,,,,,,,,,,2.0,,2.0,1.0,3.0,,,,,,,,,,,,,4.0,4.0,,,,,,,0.6666666666666666,,0.6666666666666666,0.6666666666666666,,0.6666666666666666,0.6666666666666666,,0.6666666666666666,,,,,,,0.6666666666666666,,,0.5,,,,,1.0,1.0,,10.333333333333334,7.333333333333333,0.6666666666666666,1.0,1.0,,,,,,0.3333333333333333,,,,,,,,0.6666666666666666,1.0,,,0.6666666666666666,,0.48386666666666667,0.3564,0.48386666666666667,,,,1.0,7.033333333333334,,,1.0,,1.0,1.0,1.0,1.0,1.0,1.0,,,,,,,,,,,,,,,,,,,,,,,,,,,,,,,,,,,,,,,,,,,,,,,,,,,,,,,,,,,,,,,,1610612760,2004,2003-04,True
1498-1738-1740-2209-699,1610612760,"Antonio Daniels, Ansu Sesay, Rashard Lewis, Vladimir Radmanovic, Brent Barry","Daniels, Sesay, Lewis, Radmanovic, Barry",1498-1738-1740-2209-699,SEA,546.0,3,20.0,19.0,39.0,1.0,2.0,2.0,9.0,,19.0,102.85714285714286,13.45,13.45,0.95,9.0,2.0,19.0,19.0,1.0,3.0,5.0,,,2.0,4.0,,2.0,3.0,4.0,,2.0,,2.0,6.0,11.0,1.0,3.0,8.0,23.0,21.0,,,2.0,2.0,5.0,10.0,1.0,3.0,8.0,21.0,6.0,6.0,,,,2.0,,1.0,3.0,4.0,1.0,,9.0,1.0,1.0,2.0,,3.0,1.0,4.0,1.0,1.0,1.0,1.0,,,,3.0,10.0,,3.0,2.0,21.0,21.0,4.0,0.5,0.5,0.3333333333333333,0.3333333333333333,0.3333333333333333,0.5454545454545454,,0.5,0.5357142857142857,,0.5,0.6052631578947368,1.0,0.5833333333333334,0.21428571428571427,0.09090909090909091,,,0.5,,0.5,0.2,0.25,0.375,0.14285714285714285,0.5,,,1.0,,,14.578947368421053,13.578947368421053,0.35714285714285715,0.6,0.75,0.3333333333333333,0.14285714285714285,,,,0.2857142857142857,0.75,0.75,0.14285714285714285,,,,,0.3076923076923077,0.5,0.15384615384615385,,0.5714285714285714,,0.4593142857142857,,0.4392461538461539,0.17647058823529413,0.21428571428571427,0.08695652173913043,0.9130434782608695,7.963636363636363,24.7,1.0,,,,,,,,,1.0,1.0,1.0,1.0,3.0,1.0,1.0,2.0,1.0,0.2,0.5,0.25,0.6666666666666666,0.07142857142857142,1.0,1.0,1.0,0.07692307692307693,1.0,,,,,,,,,,,,,,,,,,,,,,,,,,,,,,,,,,,,,,,,,,,,,1610612760,2004,2003-04,True
1498-1738-1740-2209-951,1610612760,"Antonio Daniels, Ansu Sesay, Rashard Lewis, Vladimir Radmanovic, Ray Allen","Daniels, Sesay, Lewis, Radmanovic, Allen",1498-1738-1740-2209-951,SEA,156.0,1,3.0,3.0,7.0,1.0,1.0,1.0,3.0,,3.0,64.61538461538461,24.0,24.0,1.0,3.0,-4.0,4.0,4.0,,,,,,,,,,,2.0,,1.0,,1.0,,2.0,,1.0,,,4.0,,,,,,2.0,,1.0,,,,,,,,1.0,,,,,,,,,1.0,1.0,1.0,3.0,,3.0,,,,,,,,,1.0,,,1.0,,,3.0,,,,,,,,,,,,,,,0.3333333333333333,,,,,0.5,0.5,,0.5,0.5,,,,,,,,21.0,13.75,,,,,,,,,0.6666666666666666,,,0.3333333333333333,,,,,,,0.3333333333333333,,0.3333333333333333,,0.39841666666666664,,0.39841666666666664,,,,,22.2,25.4,,1.0,1.0,1.0,,,1.0,,1.0,,,,,,,,,,,1.0,1.0,,,,,,,,,,,,,,,,,,,,,,,,,,,,,,,,,,,,,,,,,,,,,,,,,,,,1610612760,2004,2003-04,True
1498-1738-1740-2209-958,1610612760,"Antonio Daniels, Ansu Sesay, Rashard Lewis, Vladimir Radmanovic, Vitaly Potapenko","Daniels, Sesay, Lewis, Radmanovic, Potapenko",1498-1738-1740-2209-958,SEA,15.0,1,1.0,1.0,1.0,,,,,,1.0,96.0,15.0,15.0,1.0,,,,,,,,,,,,,,,,,,,,,,,,,,,,,,,,,,,,,,,,,,,,,,,,,,,,,,,,,,,,,,,,,,,,,,,,,,,,,,,,,,,,,,,,,,,,,,,,,,,,,,,,,,,,,,,,,,,,,,,,,,,,,,,,,,,,,,,,,,,,,,,,,,,,,,,,,,,,,,,,,,,,,,,,,,,,,,,,,,,,,,,,,,,,,,,,,,,,,,,,,,,,,,,,1610612760,2004,2003-04,True
1498-1738-1740-2436-2501,1610612760,"Antonio Daniels, Ansu Sesay, Rashard Lewis, Flip Murray, Reggie Evans","Daniels, Sesay, Lewis, Murray, Evans",1498-1738-1740-2436-2501,SEA,17.0,1,3.0,3.0,4.0,,,,1.0,,3.0,338.8235294117647,5.0,5.0,1.0,,2.0,1.0,1.0,,,,,,,,,,,,1.0,2.0,1.0,2.0,,,1.0,3.0,,3.0,1.0,,,,,,,1.0,3.0,,3.0,,,,,,2.0,1.0,,,1.0,,,3.0,,,,,,,,,,,,,,,,,,,,3.0,3.0,1.0,,,0.3333333333333333,0.3333333333333333,0.3333333333333333,,,,0.5,,0.5,0.5,,0.5,1.0,,,,,,,,,,,,,,,,,2.0,2.0,,,,,,,,,,,,0.6666666666666666,0.5,0.5,,,,,0.6666666666666666,0.5,1.0,0.5,0.3585,,0.3585,,,,1.0,,24.633333333333336,,,,,,,,,,,1.0,,1.0,3.0,1.0,,,1.0,,,,,0.3333333333333333,,,,0.3333333333333333,,1.0,1.0,,,,,,,,,,,,,,,,,,,,,,,,,,,,,,,,,,,,,,,,,,,1610612760,2004,2003-04,True
1498-1738-1740-2436-951,1610612760,"Antonio Daniels, Ansu Sesay, Rashard Lewis, Flip Murray, Ray Allen","Daniels, Sesay, Lewis, Murray, Allen",1498-1738-1740-2436-951,SEA,120.0,1,7.0,7.0,14.0,,,,1.0,,7.0,168.0,7.428571428571429,7.428571428571429,1.0,2.0,3.0,7.0,7.0,,1.0,2.0,,,1.0,2.0,,,,,,,,,1.0,2.0,,,5.0,7.0,4.0,,,,,1.0,2.0,,,5.0,7.0,2.0,,,,,,,1.0,1.0,1.0,1.0,,2.0,,2.0,1.0,1.0,4.0,,4.0,1.0,,,,,,,1.0,8.0,,,4.0,7.0,7.0,,1.0,1.0,,,,0.5,,0.5,0.5,,0.5,0.5833333333333334,,0.5833333333333334,,0.5,,,,1.0,1.0,,1.0,1.0,,,,,,,1.0,9.714285714285714,9.714285714285714,1.0,0.5,1.0,1.0,,,,,,,,,,,,,1.0,0.5,,,1.0,,0.30225,,0.30225,,,,1.0,3.45,,,,,,,,,,,,,,,,,,,,0.5,1.0,,,,,,,,,,,1.0,,,,,,,,,,,,,,,,,,,,,,,,,,,,,,,,,,,,,,,,,,1610612760,2004,2003-04,True
1498-1738-1740-2436-958,1610612760,"Antonio Daniels, Ansu Sesay, Rashard Lewis, Flip Murray, Vitaly Potapenko","Daniels, Sesay, Lewis, Murray, Potapenko",1498-1738-1740-2436-958,SEA,233.0,2,9.0,,16.0,,,,,,,98.88412017167381,10.555555555555555,10.444444444444445,,4.0,16.0,7.0,,1.0,4.0,4.0,1.0,1.0,,,1.0,1.0,,1.0,2.0,2.0,,,5.0,6.0,2.0,3.0,,16.0,,1.0,1.0,,2.0,,,,,,,6.0,4.0,,2.0,,2.0,2.0,,3.0,5.0,3.0,,12.0,,2.0,3.0,,5.0,1.0,6.0,1.0,,,,,,,,,,,,14.0,,,0.6,0.75,0.6666666666666666,,0.6666666666666666,0.8333333333333334,1.0,,0.8888888888888888,1.0,,0.8888888888888888,1.0,,0.3333333333333333,,,,,,1.0,,1.0,1.0,0.5,,,,1.0,1.0,1.0,19.714285714285715,19.714285714285715,0.4444444444444444,1.0,1.0,0.75,0.1111111111111111,1.0,1.0,,0.1111111111111111,,,0.2222222222222222,1.0,1.0,1.0,1.0,,,,,0.7777777777777778,1.0,0.5812666666666666,,,,,0.125,,4.8999999999999995,24.366666666666664,,1.0,,1.0,,1.0,1.0,,1.0,,1.0,,,6.0,2.0,,,1.0,,1.0,,,0.1111111111111111,,,,,,2.0,1.0,1.0,1.0,1.0,1.0,,,,,,,,,,,,,,,,,,,,,,,,,,,,,,,,,,,,,,,1610612760,2004,2003-04,True
1498-1738-1740-2501-699,1610612760,"Antonio Daniels, Ansu Sesay, Rashard Lewis, Reggie Evans, Brent Barry","Daniels, Sesay, Lewis, Evans, Barry",1498-1738-1740-2501-699,SEA,88.0,1,3.0,3.0,6.0,,,,,,3.0,98.18181818181819,12.333333333333334,12.333333333333334,1.0,1.0,1.0,3.0,3.0,,1.0,1.0,,,1.0,1.0,,,,,,,,,1.0,1.0,,,4.0,6.0,5.0,,,,,1.0,1.0,,,4.0,6.0,2.0,,,,,,,,1.0,1.0,1.0,,2.0,,,,,,,,1.0,1.0,,,,,,,4.0,,2.0,,6.0,6.0,,1.0,1.0,,,,1.0,,1.0,1.0,,1.0,1.0,,1.0,,,,,,,,,,,,,,,,,,17.0,17.0,1.0,1.0,1.0,1.0,,,,,,,,,,,,,1.0,1.0,,,1.0,,0.5632,,0.5632,0.6666666666666666,0.6666666666666666,,1.0,1.8,,,,,,,,,,,,,,,,,,,,,,,,,,,,,,,,,,,,,,,,,,,,,,,,,,,,,,,,,,,,,,,,,,,,,,,,,,1610612760,2004,2003-04,True
1498-1738-1740-2501-951,1610612760,"Antonio Daniels, Ansu Sesay, Rashard Lewis, Reggie Evans, Ray Allen","Daniels, Sesay, Lewis, Evans, Allen",1498-1738-1740-2501-951,SEA,447.0,1,11.0,,22.0,,2.0,,2.0,,,70.87248322147651,19.454545454545453,18.818181818181817,,7.0,-6.0,11.0,,1.0,3.0,5.0,,,,,,1.0,1.0,1.0,,2.0,,,4.0,7.0,,2.0,,8.0,14.0,,1.0,,,,,,,,,4.0,4.0,,,,2.0,,1.0,2.0,2.0,1.0,,4.0,,,3.0,,3.0,1.0,4.0,1.0,1.0,2.0,,,,,1.0,2.0,,1.0,,8.0,,,0.5,0.5,,,,0.5714285714285714,,,0.4444444444444444,,,0.4,,,0.2222222222222222,0.14285714285714285,,,1.0,,0.6,,,0.42857142857142855,0.2,,,,1.0,0.5,,21.181818181818183,19.181818181818183,0.5555555555555556,0.6,0.75,0.3333333333333333,0.1111111111111111,,,,0.1111111111111111,1.0,1.0,0.2222222222222222,,,,,,,,,0.7777777777777778,,0.5375888888888889,,,0.1,0.125,,,4.828571428571428,24.7,2.0,,,,,,,,,,,,,,,,1.0,,0.2,0.5,,1.0,,,,,,,,,,1.0,0.5,,1.0,1.0,0.5,0.25,,,,,,,,,,,,,,,,,,,,,,,,,,,,,,,,,,,1610612760,2004,2003-04,True
1498-1738-1740-2557-958,1610612760,"Antonio Daniels, Ansu Sesay, Rashard Lewis, Luke Ridnour, Vitaly Potapenko","Daniels, Sesay, Lewis, Ridnour, Potapenko",1498-1738-1740-2557-958,SEA,35.0,1,3.0,3.0,6.0,,,,3.0,,3.0,246.85714285714283,8.666666666666666,8.333333333333334,1.0,1.0,-3.0,3.0,3.0,1.0,,2.0,,,,2.0,,,,,,1.0,,1.0,,2.0,,1.0,1.0,1.0,4.0,,,1.0,1.0,,2.0,,1.0,1.0,1.0,,,,,,1.0,,1.0,,,,,,1.0,,,,,1.0,1.0,,,,,,,,,2.0,,1.0,,,1.0,3.0,,,,,,,,,,,,0.125,0.5,0.125,0.3333333333333333,0.5,,,,,,0.5,,,0.3333333333333333,0.5,,,,,,3.0,2.3333333333333335,0.6666666666666666,,,,,,,,,,,0.3333333333333333,,,,,0.6666666666666666,,0.3333333333333333,,1.0,,0.39083333333333337,,0.39083333333333337,0.25,0.3333333333333333,1.0,1.0,3.5,25.5,,,,,,,,,,,,,,,,,,,0.5,,,,,,,,,,,,,,,,,,,,1.0,,,,,,,,,,,,,,,,,,,,,,,,,,,,,,,,,,1610612760,2004,2003-04,True
1498-1738-1740-699-951,1610612760,"Antonio Daniels, Ansu Sesay, Rashard Lewis, Brent Barry, Ray Allen","Daniels, Sesay, Lewis, Barry, Allen",1498-1738-1740-699-951,SEA,33.0,2,3.0,3.0,5.0,,,,1.0,,3.0,218.18181818181816,9.0,6.666666666666667,1.0,1.0,4.0,2.0,2.0,2.0,,2.0,,1.0,,2.0,,1.0,,1.0,1.0,1.0,1.0,1.0,,4.0,2.0,2.0,,6.0,2.0,,2.0,,3.0,,4.0,2.0,2.0,,6.0,,,,,,1.0,1.0,1.0,,2.0,,,6.0,3.0,,,,,3.0,3.0,,,,,,,,,,,,,3.0,6.0,1.0,,,1.0,1.0,1.0,,,,0.5,0.5,0.5,0.5,0.5,0.5,0.3333333333333333,0.25,1.0,,,,,0.75,,,0.75,1.0,,1.0,,,,3.0,3.0,0.3333333333333333,,,,0.16666666666666666,,,,0.16666666666666666,,,0.16666666666666666,1.0,1.0,0.3333333333333333,,0.3333333333333333,,0.16666666666666666,1.0,0.6666666666666666,1.0,0.4726083333333333,0.5079666666666667,0.4726083333333333,,,0.5,1.0,6.6,24.6,,,,,,,,,,1.0,1.0,1.0,1.0,6.0,2.0,1.0,,1.0,,,,,0.16666666666666666,1.0,1.0,1.0,0.16666666666666666,1.0,1.0,1.0,,,,,,,,,,1.0,1.0,1.0,1.0,1.0,0.3333333333333333,1.0,1.0,,,,,,,,,,,,,,,,,,,,,,,,,,1610612760,2004,2003-04,True
1498-1738-1740-951-958,1610612760,"Antonio Daniels, Ansu Sesay, Rashard Lewis, Ray Allen, Vitaly Potapenko","Daniels, Sesay, Lewis, Allen, Potapenko",1498-1738-1740-951-958,SEA,345.0,4,10.0,2.0,19.0,1.0,1.0,,5.0,,2.0,79.30434782608695,15.8,14.7,0.2,6.0,-7.0,9.0,3.0,2.0,3.0,7.0,,4.0,,,,1.0,1.0,3.0,,1.0,,,4.0,11.0,,2.0,1.0,9.0,16.0,,5.0,,,1.0,1.0,,1.0,,2.0,6.0,2.0,,,,1.0,,2.0,3.0,3.0,2.0,,6.0,5.0,,1.0,,1.0,5.0,6.0,1.0,,,,,,,2.0,2.0,,1.0,,9.0,2.0,2.0,0.75,0.75,,,,0.36363636363636365,,1.0,0.3076923076923077,,0.5,0.32142857142857145,,0.5,0.15384615384615385,0.18181818181818182,1.0,,,,0.3333333333333333,0.7142857142857143,,0.14285714285714285,0.625,0.75,,1.0,,,,20.77777777777778,16.555555555555557,0.5384615384615384,0.42857142857142855,0.5,0.6666666666666666,0.07692307692307693,,,,0.23076923076923078,0.3333333333333333,0.3333333333333333,0.07692307692307693,,,0.8,,,,,,0.6923076923076923,,0.5343692307692307,0.52708,0.423175,0.07142857142857142,0.08333333333333333,,0.2222222222222222,5.263636363636364,24.6,,2.0,1.0,2.0,,1.0,1.0,,0.5,,1.0,,1.0,,,,1.0,,0.14285714285714285,0.5,,1.0,0.07692307692307693,,,,0.5,,,,1.0,,,,3.0,,,0.5,1.0,,,,,,,,,,,,,,,,,,,,,,,,,,,,,,,,,,1610612760,2004,2003-04,True
1498-1738-1744-2209-2436,1610612760,"Antonio Daniels, Ansu Sesay, Jerome James, Vladimir Radmanovic, Flip Murray","Daniels, Sesay, James, Radmanovic, Murray",1498-1738-1744-2209-2436,SEA,222.0,3,8.0,5.0,17.0,,1.0,,,,5.0,110.27027027027026,10.5,10.25,0.625,4.0,3.0,9.0,,1.0,,1.0,,1.0,,1.0,,,1.0,3.0,1.0,2.0,1.0,2.0,1.0,4.0,1.0,2.0,4.0,9.0,6.0,,1.0,,,1.0,3.0,1.0,2.0,2.0,7.0,,2.0,,,,2.0,1.0,,,1.0,,,3.0,,,5.0,,5.0,1.0,6.0,,,1.0,,,,,,4.0,,2.0,,9.0,7.0,,,,0.5,0.5,0.5,0.25,,0.3333333333333333,0.4166666666666667,,0.5,0.5625,,0.5833333333333334,0.3333333333333333,,,,1.0,,1.0,,,1.0,0.25,,,,1.0,1.0,,15.333333333333334,15.333333333333334,0.16666666666666666,,,,,,,,0.5,0.3333333333333333,0.3333333333333333,0.3333333333333333,0.5,0.5,1.0,,0.2,,0.4,0.5,0.5,0.5,0.4343333333333333,,0.44708,0.25,0.3333333333333333,,0.7777777777777778,12.575,25.4,1.0,,,,,,,,,,,,,3.0,1.0,,,1.0,,1.0,,,,,,,,,1.0,1.0,,1.0,1.0,,,,1.0,,,,,,,,,,,,,,,,,,,,,,,,,,,,,,,,,,,,1610612760,2004,2003-04,True
1498-1738-1744-2209-699,1610612760,"Antonio Daniels, Ansu Sesay, Jerome James, Vladimir Radmanovic, Brent Barry","Daniels, Sesay, James, Radmanovic, Barry",1498-1738-1744-2209-699,SEA,158.0,2,4.0,3.0,8.0,1.0,1.0,1.0,1.0,1.0,3.0,72.9113924050633,18.75,18.75,0.75,3.0,2.0,4.0,,,,,,,,,,1.0,1.0,2.0,,,,,1.0,3.0,,,2.0,4.0,2.0,,,,,,1.0,,,2.0,2.0,,2.0,,,,,,,,,,,,1.0,,2.0,,2.0,1.0,3.0,,,,,,,,,2.0,,1.0,,4.0,2.0,,,,,,,0.3333333333333333,,,0.3333333333333333,,,0.5,,0.5,,,,,,,0.6666666666666666,0.5,,0.6666666666666666,0.5,,1.0,,,,,20.75,19.0,,,,,0.3333333333333333,,,,0.6666666666666666,0.5,0.5,,,,,,,,,,,,0.35283333333333333,,0.3144,0.25,0.25,,0.5,13.966666666666667,,,1.0,,1.0,,,,,,,,,,,,,,,,1.0,,,,,,,,,,,,,,,,,,,,,,,,,,,,1.0,,,,,,,,,,,,,,,,,,,,,,,,,1610612760,2004,2003-04,True
1498-1738-1744-2209-951,1610612760,"Antonio Daniels, Ansu Sesay, Jerome James, Vladimir Radmanovic, Ray Allen","Daniels, Sesay, James, Radmanovic, Allen",1498-1738-1744-2209-951,SEA,298.0,2,8.0,8.0,17.0,,,,4.0,,8.0,82.14765100671141,13.375,13.125,1.0,5.0,-1.0,9.0,9.0,1.0,1.0,2.0,,,1.0,2.0,,,2.0,3.0,,1.0,,1.0,3.0,5.0,,1.0,5.0,11.0,12.0,1.0,1.0,,2.0,3.0,5.0,,1.0,5.0,11.0,6.0,,,,,1.0,,,3.0,3.0,1.0,,6.0,1.0,,3.0,1.0,4.0,1.0,5.0,,,,,,,,2.0,6.0,,2.0,1.0,9.0,11.0,2.0,1.0,1.0,,,,0.6,1.0,0.6,0.5,1.0,0.5,0.6111111111111112,1.0,0.6111111111111112,0.16666666666666666,,,,,1.0,1.0,0.5,,0.6,0.3333333333333333,1.0,,,,1.0,,21.22222222222222,16.666666666666668,0.3333333333333333,0.5,0.5,1.0,,,,,0.5,0.6666666666666666,0.6666666666666666,0.16666666666666666,,,,,0.3333333333333333,0.5,0.16666666666666666,,0.5,,0.492575,0.4435,0.492575,0.25,0.2857142857142857,0.18181818181818182,1.0,9.6,25.8,,,,,,,,,,,,,,,,,2.0,,,1.0,,1.0,,,,,,,,,,,,,,,,,,,,,,,,,,,,,,,,,,,,,,,,,,,,,,,,,,,1610612760,2004,2003-04,True
1498-1738-1744-2436-2501,1610612760,"Antonio Daniels, Ansu Sesay, Jerome James, Flip Murray, Reggie Evans","Daniels, Sesay, James, Murray, Evans",1498-1738-1744-2436-2501,SEA,148.0,2,6.0,1.0,10.0,,2.0,1.0,2.0,,1.0,97.29729729729729,8.833333333333334,8.833333333333334,0.16666666666666666,2.0,9.0,4.0,,,1.0,1.0,,,,,,,1.0,1.0,1.0,1.0,,,2.0,2.0,1.0,1.0,2.0,9.0,,,,,,,,,,,,4.0,,,,,1.0,1.0,,2.0,3.0,1.0,,7.0,,1.0,1.0,,2.0,,2.0,2.0,1.0,2.0,,1.0,,,,2.0,,1.0,,9.0,,,1.0,1.0,1.0,,1.0,1.0,,,1.1666666666666667,,,1.125,,,0.3333333333333333,,,,1.0,,1.0,,1.0,1.0,,,,,1.0,,1.0,23.75,23.75,0.3333333333333333,1.0,1.0,1.0,,,,,0.3333333333333333,1.0,1.0,0.3333333333333333,1.0,1.0,,,,,,,0.6666666666666666,1.0,0.5612833333333334,,,0.25,0.3333333333333333,,,8.2,26.8,1.0,1.0,,1.0,,1.0,1.0,,1.0,,,,,3.0,1.0,,1.0,1.0,,,,1.0,,,,,,,1.0,1.0,1.0,,,,,,,,,,,,,,,,,,,,,,,,,,,,,,,,,,,,,,,,,,1610612760,2004,2003-04,True
1498-1738-1744-2436-951,1610612760,"Antonio Daniels, Ansu Sesay, Jerome James, Flip Murray, Ray Allen","Daniels, Sesay, James, Murray, Allen",1498-1738-1744-2436-951,SEA,91.0,2,2.0,,6.0,1.0,2.0,,3.0,1.0,,94.94505494505495,16.5,16.5,,2.0,-5.0,4.0,,,,,,,,,,,,,,,,,,,,,,,5.0,,,,,,,,,,,,,,,,,,,,,,,,,2.0,,,2.0,,2.0,,,1.0,,,,,2.0,,,,,,,,,,,,,,,,,,,,,,,,,,0.5,,,,1.0,1.0,,,,,,,1.0,14.5,14.5,,,,,,,,,,,,,,,,,,,,,,,,,,,,,,,,1.0,,,,,,,,,,,,,,,,,,,,,,,,,,,,,,,,,,,,,,,,,,,,,,,,,,,,,,,,,,,,,,,,,,,,,,,,1610612760,2004,2003-04,True
1498-1738-1744-2499-2557,1610612760,"Antonio Daniels, Ansu Sesay, Jerome James, Richie Frahm, Luke Ridnour","Daniels, Sesay, James, Frahm, Ridnour",1498-1738-1744-2499-2557,SEA,20.0,1,,,1.0,,,,1.0,,,72.0,,,,,1.0,1.0,1.0,,,,,,,,,,,,,,,,,,,,1.0,1.0,,,,,,,,,,,,,,,,,,,,,,,,,,,,,,,,,,,,,,,,2.0,,1.0,,1.0,,,,,,,,,,,,,,0.5,,,,,,,,,,,,,,,,,,,,18.0,18.0,,,,,,,,,,,,,,,,,,,,,,,,,,1.0,1.0,,,,,,,,,,,,,,,,,,,,,,,,,,,,,,,,,,,,,,,,,,,,,,,,,,,,,,,,,,,,,,,,,,,,,,,,,,,,,1610612760,2004,2003-04,True
1498-1738-1744-2501-2557,1610612760,"Antonio Daniels, Ansu Sesay, Jerome James, Reggie Evans, Luke Ridnour","Daniels, Sesay, James, Evans, Ridnour",1498-1738-1744-2501-2557,SEA,215.0,2,5.0,,12.0,,,,1.0,,,80.37209302325581,23.4,19.6,,4.0,-4.0,7.0,,1.0,,1.0,,,,,,,1.0,5.0,,,,,1.0,6.0,,,,2.0,6.0,,1.0,,,,,,,,,2.0,,,,,,,1.0,1.0,1.0,,,2.0,1.0,,1.0,,1.0,1.0,2.0,,,,,,,,,,,,,2.0,,,1.0,1.0,,,,0.16666666666666666,,,0.16666666666666666,,,0.16666666666666666,,,,0.16666666666666666,,0.2,,,1.0,0.2,,1.0,0.2,,,0.25,,1.0,,14.0,14.0,0.16666666666666666,,,,,,,,0.8333333333333334,0.2,0.25,,,,,,,,,,0.16666666666666666,,0.39186666666666664,0.3815,,,,,,14.616666666666667,,,,,,,,,,,,,,,,,,1.0,,,,,1.0,,,,,,,,,,,,,,,,,,,,,,,,,,,,,,,,,,,,,,,,,,,,,,,,,,,1610612760,2004,2003-04,True
1498-1738-1916-2209-2436,1610612760,"Antonio Daniels, Ansu Sesay, Calvin Booth, Vladimir Radmanovic, Flip Murray","Daniels, Sesay, Booth, Radmanovic, Murray",1498-1738-1916-2209-2436,SEA,246.0,2,8.0,8.0,17.0,,,,2.0,,8.0,99.51219512195122,15.375,13.375,1.0,4.0,3.0,9.0,9.0,3.0,1.0,3.0,1.0,1.0,1.0,3.0,1.0,3.0,,1.0,1.0,1.0,1.0,1.0,2.0,7.0,1.0,1.0,6.0,13.0,10.0,2.0,3.0,,7.0,2.0,7.0,1.0,1.0,6.0,13.0,,4.0,,2.0,,1.0,1.0,1.0,,1.0,,,3.0,4.0,1.0,1.0,,2.0,4.0,6.0,2.0,,,,,,,1.0,9.0,,1.0,3.0,6.0,13.0,1.0,,,1.0,1.0,1.0,0.2857142857142857,0.6666666666666666,0.2857142857142857,0.4375,0.875,0.4375,0.5,0.875,0.5,0.125,0.14285714285714285,0.3333333333333333,,,,0.5,0.8,0.5,0.5,0.8,0.5,1.0,1.0,,,0.5,13.666666666666666,11.555555555555555,0.375,0.3333333333333333,0.3333333333333333,,0.375,0.3333333333333333,0.5,,0.125,,,0.125,1.0,1.0,0.25,1.0,0.375,0.3333333333333333,0.125,1.0,0.5,1.0,0.389875,0.4576,0.389875,0.1111111111111111,0.125,0.5384615384615384,1.0,7.642857142857143,25.5,,1.0,1.0,1.0,,,,,,,,,,3.0,1.0,,,1.0,,0.5,,,,,,,,,1.0,1.0,2.0,,,,1.0,,,0.25,,,,1.0,1.0,1.0,,,,,1.0,1.0,1.0,0.25,1.0,1.0,,,,,,,,,,,,,,,,,,,1610612760,2004,2003-04,True
1498-1738-1916-2436-2499,1610612760,"Antonio Daniels, Ansu Sesay, Calvin Booth, Flip Murray, Richie Frahm","Daniels, Sesay, Booth, Murray, Frahm",1498-1738-1916-2436-2499,SEA,19.0,1,1.0,,2.0,,,,,,,151.57894736842107,4.0,4.0,,,2.0,1.0,,,,,,,,,,,,,,,,,,,,,2.0,2.0,,,,,,,,,,,,,,,,,,,,,,,,,,,,,,,,1.0,,,,,,,,2.0,,1.0,,2.0,,,,,,,,,,,,,,1.0,,,,,,,,,,,,,,,,,,,,15.0,15.0,,,,,,,,,,,,,,,,,,,,,,,,,,1.0,1.0,,,,,,,,,,,,,,,,,,,,,,,,,,,,,,,,,,,1.0,,,,,,,,,,,,,,,,,,,,,,,,,,,,,,,,,,,,,,,,,,1610612760,2004,2003-04,True
1498-1738-1916-2436-2501,1610612760,"Antonio Daniels, Ansu Sesay, Calvin Booth, Flip Murray, Reggie Evans","Daniels, Sesay, Booth, Murray, Evans",1498-1738-1916-2436-2501,SEA,11.0,2,1.0,1.0,1.0,,,,,,1.0,130.9090909090909,11.0,10.0,1.0,,,,,1.0,,,,,,,,,,1.0,,1.0,,1.0,,1.0,,2.0,,,,,,,,,1.0,,2.0,,,,,,,1.0,,,,,,,,,1.0,,,,,1.0,1.0,,,,,,,,,,,,,,,,,,,,,,,,,,,,,,0.6666666666666666,,,,,,,1.0,,,1.0,,,1.0,,,,,,,,,,,,,,0.3333333333333333,,,0.3333333333333333,,,,,,,0.3333333333333333,,0.6666666666666666,,0.3295,0.393,0.3295,,,,,15.7,37.55,,,,,,,,,,,1.0,,1.0,,,,,,,,,,0.3333333333333333,,,,0.3333333333333333,,,,,,,,,,,,,,1.0,,1.0,,1.0,,,,,,,,,,,,,,,,,,,,,,,,,,,,1610612760,2004,2003-04,True
1498-1738-1916-2499-699,1610612760,"Antonio Daniels, Ansu Sesay, Calvin Booth, Richie Frahm, Brent Barry","Daniels, Sesay, Booth, Frahm, Barry",1498-1738-1916-2499-699,SEA,28.0,1,1.0,,2.0,,,,1.0,,,102.85714285714286,17.0,17.0,,,,1.0,1.0,,,,,,,,,,,,,,,,,,,,2.0,2.0,2.0,,,,,,,,,,,,,,,,,,,,,,,,,,,,,,,,,,,,,,1.0,2.0,,1.0,,2.0,,,,,,,,,,,,,,1.0,,,,,,,,,,,,,,,,,,,,11.0,11.0,,,,,,,,,,,,,,,,,,,,,,,,,,1.0,1.0,,,,,,,,,,,,,,,,,,,,,,,,,,,,,,,,,,,,,,,,,,,,,,,,,,,,,,,,,,,,,,,,,,,,,,,,,,,,,1610612760,2004,2003-04,True
1498-1738-1916-2499-951,1610612760,"Antonio Daniels, Ansu Sesay, Calvin Booth, Richie Frahm, Ray Allen","Daniels, Sesay, Booth, Frahm, Allen",1498-1738-1916-2499-951,SEA,364.0,1,9.0,,19.0,2.0,4.0,,,,,75.16483516483517,20.333333333333332,19.666666666666668,,6.0,-7.0,10.0,,2.0,1.0,3.0,1.0,2.0,,,,,1.0,2.0,,2.0,,,2.0,5.0,,2.0,,4.0,11.0,1.0,2.0,,2.0,,,,,,,,4.0,,,,2.0,,1.0,,,,,,,1.0,3.0,,4.0,2.0,6.0,,,2.0,,,,,,,,,,2.0,,,,,,,,0.4,0.5,,0.2857142857142857,0.5,,0.2857142857142857,0.5,,0.2857142857142857,0.2,,,0.5,,0.75,,0.5,0.6666666666666666,0.4,,,,1.0,0.6666666666666666,,18.1,15.4,0.42857142857142855,0.3333333333333333,0.5,,,,,,0.2857142857142857,0.5,0.5,0.2857142857142857,,,1.0,0.5,,,,,0.7142857142857143,,0.5129,,,,,0.5,,7.9799999999999995,25.3,2.0,,,,,,,,,,,,,,,,,,0.3333333333333333,,1.0,,,,,,,,,,,2.0,1.0,,,,1.0,,,,,,,,,,,,,,,,,,1.0,,,,,,,,,,,,,,,,,,1610612760,2004,2003-04,True
1498-1738-1916-699-951,1610612760,"Antonio Daniels, Ansu Sesay, Calvin Booth, Brent Barry, Ray Allen","Daniels, Sesay, Booth, Barry, Allen",1498-1738-1916-699-951,SEA,432.0,1,14.0,,28.0,,2.0,,2.0,,,93.33333333333333,12.571428571428571,12.142857142857142,,7.0,-7.0,14.0,,3.0,2.0,2.0,,,,,2.0,3.0,3.0,6.0,,3.0,,,7.0,11.0,,4.0,,14.0,21.0,1.0,2.0,,2.0,,,,,,,12.0,2.0,,2.0,,3.0,,2.0,6.0,6.0,2.0,1.0,12.0,1.0,1.0,3.0,,4.0,3.0,7.0,,,2.0,,1.0,,1.0,2.0,,,,,12.0,,,0.8571428571428571,1.0,,,,0.6363636363636364,0.5,,0.4666666666666667,0.5,,0.4666666666666667,0.5,,0.26666666666666666,0.18181818181818182,0.3333333333333333,0.16666666666666666,1.0,,0.75,0.25,0.5,0.6666666666666666,0.375,,,0.3333333333333333,0.5,,0.5,18.285714285714285,17.5,0.13333333333333333,1.0,1.0,1.0,0.2,0.6666666666666666,1.0,0.5,0.4,0.5,0.6,0.2,,,,,,,,,0.4,,0.47824000000000005,0.3988,,,,0.14285714285714285,,10.981818181818182,24.5,1.0,1.0,1.0,1.0,,,1.0,,1.0,,1.0,,,,,,3.0,,,1.0,,1.0,0.06666666666666667,,,,,,,,,2.0,0.5,,,,0.6666666666666666,,,,,,,,,,,,,,,,,,,,,,,,,,,,,,,,,,,,1610612760,2004,2003-04,True
1498-1738-2209-2436-2499,1610612760,"Antonio Daniels, Ansu Sesay, Vladimir Radmanovic, Flip Murray, Richie Frahm","Daniels, Sesay, Radmanovic, Murray, Frahm",1498-1738-2209-2436-2499,SEA,162.0,1,8.0,8.0,15.0,,,,1.0,,8.0,133.33333333333331,10.625,9.375,1.0,3.0,1.0,7.0,7.0,1.0,,,,,,,,,1.0,1.0,1.0,2.0,1.0,2.0,1.0,1.0,1.0,2.0,6.0,11.0,10.0,,,,3.0,1.0,1.0,1.0,2.0,6.0,11.0,,2.0,3.0,,,2.0,1.0,,,,,,,,1.0,1.0,1.0,3.0,,3.0,,,,,,,,1.0,8.0,,1.0,3.0,8.0,11.0,,,,0.5,0.5,0.5,1.0,,1.0,0.8333333333333334,1.5,0.8333333333333334,0.7857142857142857,1.5,0.7857142857142857,0.6666666666666666,,,,,1.0,1.0,,1.0,1.0,,,,,1.0,,1.0,11.0,11.0,,,,,,,,,0.3333333333333333,1.0,1.0,0.6666666666666666,0.5,0.5,,,,,0.6666666666666666,0.5,0.6666666666666666,0.5,0.47241666666666665,,0.47241666666666665,0.25,0.5,0.2727272727272727,1.0,19.9,24.85,,1.0,,1.0,,1.0,1.0,,1.0,,,,,,,,,,,,,,,,,,,,,,,,,,,,,,,,,1.0,1.0,1.0,,,,,1.0,1.0,,1.0,1.0,,,,,,,,,,,,,,,,,,,,1610612760,2004,2003-04,True
1498-1738-2209-2436-2501,1610612760,"Antonio Daniels, Ansu Sesay, Vladimir Radmanovic, Flip Murray, Reggie Evans","Daniels, Sesay, Radmanovic, Murray, Evans",1498-1738-2209-2436-2501,SEA,110.0,3,4.0,1.0,6.0,,,,1.0,,1.0,78.54545454545455,10.0,9.25,0.25,2.0,6.0,2.0,,3.0,2.0,3.0,1.0,1.0,1.0,1.0,,1.0,1.0,1.0,,,,,3.0,5.0,,,,6.0,,2.0,2.0,,4.0,1.0,2.0,,,,2.0,4.0,2.0,,2.0,,,,,2.0,2.0,1.0,,4.0,2.0,1.0,1.0,,2.0,2.0,4.0,,,,,,,,1.0,,,,,2.0,2.0,,0.6666666666666666,1.0,,,,0.6,1.0,0.5,0.6,1.0,0.5,0.6,1.0,0.5,,,,,,,0.5,1.0,1.0,0.6666666666666666,1.0,1.0,1.0,,0.5,,,35.0,35.0,0.6,0.6666666666666666,0.6666666666666666,0.5,0.2,,,,0.2,1.0,1.0,,,,0.5,1.0,0.5,1.0,,,0.6,,0.4758,0.46955,0.33325,,,0.6666666666666666,0.3333333333333333,4.4799999999999995,,,1.0,,1.0,,1.0,1.0,,1.0,,,,,,,,1.0,,,,1.0,1.0,,,,,,,,,,,,,,,,,,,,,,,,,,,,,,,,,,,,,,,,,,,,,,,,,,,1610612760,2004,2003-04,True
1498-1738-2209-2436-2557,1610612760,"Antonio Daniels, Ansu Sesay, Vladimir Radmanovic, Flip Murray, Luke Ridnour","Daniels, Sesay, Radmanovic, Murray, Ridnour",1498-1738-2209-2436-2557,SEA,159.0,1,6.0,6.0,11.0,1.0,1.0,1.0,2.0,1.0,6.0,99.62264150943396,15.5,14.0,1.0,3.0,,5.0,2.0,1.0,3.0,4.0,,,3.0,4.0,,,,1.0,,,,,3.0,5.0,,,,6.0,6.0,,,,,3.0,5.0,,,,6.0,6.0,,,,,,,,3.0,3.0,3.0,,6.0,1.0,1.0,1.0,,2.0,1.0,3.0,,,,,,,1.0,1.0,,,,,6.0,6.0,,1.0,1.0,,,,0.6,,0.6,0.6,,0.6,0.6,,0.6,,,,,,,0.5,0.5,1.0,0.6666666666666666,0.5,,,1.0,,,1.0,13.2,13.2,0.8,0.75,0.75,1.0,,,,,0.2,,,,,,,,0.8,0.75,,,0.8,,0.5395800000000001,,0.5395800000000001,,,,1.0,3.8,,,,,,,,,,,,,,,,,,,,,1.0,,,,,,,,,,,,,,,,,,,,,,,,,,,,,,,,,,,,,,,,,,,,,,,,,,,,,1610612760,2004,2003-04,True
1498-1738-2209-2436-958,1610612760,"Antonio Daniels, Ansu Sesay, Vladimir Radmanovic, Flip Murray, Vitaly Potapenko","Daniels, Sesay, Radmanovic, Murray, Potapenko",1498-1738-2209-2436-958,SEA,156.0,1,5.0,5.0,10.0,,,,2.0,,5.0,92.3076923076923,19.2,19.2,1.0,3.0,-4.0,5.0,2.0,1.0,2.0,2.0,1.0,1.0,2.0,2.0,,1.0,,1.0,,,,,2.0,4.0,,1.0,2.0,6.0,10.0,1.0,1.0,,2.0,2.0,4.0,,1.0,2.0,6.0,2.0,2.0,,2.0,,,,,1.0,1.0,1.0,,2.0,,,,,,1.0,1.0,,,,,,,,2.0,2.0,,1.0,,4.0,6.0,,0.5,1.0,,,,0.5,1.0,0.5,0.4,1.0,0.4,0.5,1.0,0.5,0.2,,,,,,,,,,0.3333333333333333,,,,,,,12.0,12.0,0.4,1.0,1.0,0.5,0.2,,,,0.2,,,,,,1.0,1.0,0.4,1.0,,,0.6,,0.45027999999999996,,0.45027999999999996,0.16666666666666666,0.2,0.3333333333333333,1.0,7.425,23.6,,,,,,,,,,,1.0,,1.0,,,,,,,,,,0.2,,,,0.2,,,,,1.0,1.0,1.0,,,,,,,,,,,,,,,,,,,,,,,,,,,,,,,,,,,,,,,1610612760,2004,2003-04,True
1498-1738-2209-2499-2557,1610612760,"Antonio Daniels, Ansu Sesay, Vladimir Radmanovic, Richie Frahm, Luke Ridnour","Daniels, Sesay, Radmanovic, Frahm, Ridnour",1498-1738-2209-2499-2557,SEA,40.0,1,3.0,3.0,5.0,,,,1.0,,3.0,180.0,4.666666666666667,3.6666666666666665,1.0,1.0,1.0,2.0,2.0,1.0,,,,,,,,,,,,1.0,,1.0,,,1.0,3.0,,3.0,2.0,,,,3.0,,,1.0,3.0,,3.0,,,,,,1.0,,,,1.0,,,3.0,,,,,,1.0,1.0,,,,,,,,,,,,,,3.0,1.0,,,0.3333333333333333,0.3333333333333333,0.3333333333333333,,,,0.5,1.5,0.5,0.5,1.5,0.5,1.0,,,,,,,,,,1.0,,,,,,,13.0,13.0,,,,,,,,,,,,0.3333333333333333,,,,,,,0.3333333333333333,,1.0,,0.38775,,0.38775,,,1.0,1.0,,24.96666666666667,,,,,,,,,,1.0,2.0,1.0,2.0,3.0,1.0,1.0,,1.0,,,,,0.6666666666666666,0.5,0.5,1.0,0.6666666666666666,0.5,,,,1.0,1.0,1.0,,,,,,1.0,1.0,1.0,1.0,1.0,1.0,1.0,1.0,,,,,,,,,,,,,,,,,,,,,,,,,,1610612760,2004,2003-04,True
1498-1738-2209-2501-2557,1610612760,"Antonio Daniels, Ansu Sesay, Vladimir Radmanovic, Reggie Evans, Luke Ridnour","Daniels, Sesay, Radmanovic, Evans, Ridnour",1498-1738-2209-2501-2557,SEA,267.0,3,7.0,1.0,12.0,1.0,1.0,,1.0,,1.0,64.71910112359551,20.714285714285715,18.142857142857142,0.14285714285714285,4.0,8.0,5.0,,2.0,3.0,6.0,2.0,2.0,,1.0,,,,1.0,,,,,3.0,7.0,,1.0,2.0,8.0,,2.0,2.0,1.0,5.0,,1.0,,,,,4.0,2.0,,,,,,,2.0,2.0,2.0,,4.0,1.0,,3.0,,3.0,3.0,6.0,2.0,1.0,,,,,,,5.0,1.0,3.0,,3.0,,,0.6666666666666666,0.6666666666666666,,,,0.42857142857142855,1.0,,0.375,1.0,,0.4,0.8333333333333334,,0.125,,,,,,0.5,0.25,,0.5,0.4,0.3333333333333333,,,1.0,1.0,,24.4,17.6,0.75,0.5,0.5,0.6666666666666666,,,,,0.125,,,,,,1.0,1.0,1.0,,,,0.875,,0.510725,0.51915,0.4139,0.3,0.3333333333333333,0.625,,2.185714285714286,24.5,,,,,1.0,,,0.5,,,1.0,,,,,,,,,0.25,,,0.125,,,,,,,,1.0,1.0,1.0,1.0,1.0,,,0.2,,,,,,,,,,,,,,,,,,0.5,,,,,,,,,,,,,,,,,1610612760,2004,2003-04,True
1498-1738-2209-2501-699,1610612760,"Antonio Daniels, Ansu Sesay, Vladimir Radmanovic, Reggie Evans, Brent Barry","Daniels, Sesay, Radmanovic, Evans, Barry",1498-1738-2209-2501-699,SEA,43.0,2,2.0,2.0,3.0,,,,,,2.0,100.46511627906976,19.0,19.0,1.0,1.0,2.0,1.0,1.0,,,,,,,,1.0,1.0,,,,,,,1.0,1.0,,1.0,,2.0,,,,,,1.0,1.0,,1.0,,2.0,2.0,,,,,,,,1.0,1.0,,1.0,2.0,,,,,,,,,,,,,,,,,,,,2.0,2.0,,1.0,1.0,,,,1.0,,1.0,0.5,,0.5,0.5,,0.5,0.5,,,,,,,,,,,,,,,,,5.0,5.0,,,,,0.5,1.0,1.0,1.0,,,,,,,,,,,,,0.5,,0.432075,,0.432075,,,,1.0,12.9,23.7,,,,,,,,,,,1.0,,1.0,,,,,,,,,,0.5,,,,0.5,,,,,,,,,,,,,,,,,,,,,,,,,,,,,,,,,,,,,,,,,,,,,,1610612760,2004,2003-04,True
1498-1738-2209-2501-951,1610612760,"Antonio Daniels, Ansu Sesay, Vladimir Radmanovic, Reggie Evans, Ray Allen","Daniels, Sesay, Radmanovic, Evans, Allen",1498-1738-2209-2501-951,SEA,18.0,1,1.0,1.0,1.0,,,,,,1.0,80.0,16.0,13.0,1.0,,3.0,,,1.0,,,,,,,,1.0,,,,,,,,1.0,1.0,1.0,,3.0,,,,,3.0,,1.0,1.0,1.0,,3.0,,,,,,,,1.0,,1.0,,,3.0,1.0,,,,,1.0,1.0,,,,,,,,,,,,,,3.0,,,,1.0,1.0,1.0,,,,0.75,1.5,0.75,0.75,1.5,0.75,0.5,1.0,1.0,,,,,1.0,,,1.0,,1.0,,,,,,,,,,,0.5,,,,,,,,,,,,,,,,0.5,,0.383825,0.44895,0.383825,,,1.0,1.0,6.0,23.5,,,,,,,,,,1.0,1.0,1.0,1.0,3.0,1.0,1.0,,1.0,,,,,0.5,1.0,1.0,1.0,0.5,1.0,,,,,,,,,,,,1.0,1.0,1.0,1.0,1.0,1.0,1.0,1.0,,,,,,,,,,,,,,,,,,,,,,,,,,1610612760,2004,2003-04,True
1498-1738-2209-699-958,1610612760,"Antonio Daniels, Ansu Sesay, Vladimir Radmanovic, Brent Barry, Vitaly Potapenko","Daniels, Sesay, Radmanovic, Barry, Potapenko",1498-1738-2209-699-958,SEA,237.0,2,8.0,8.0,17.0,2.0,3.0,3.0,1.0,1.0,8.0,103.29113924050633,13.875,13.875,1.0,4.0,4.0,9.0,7.0,,,,,,,,,2.0,1.0,1.0,,,,,1.0,3.0,1.0,1.0,4.0,9.0,5.0,,,,,1.0,3.0,1.0,1.0,2.0,7.0,2.0,,,,,,,,1.0,2.0,,,5.0,,1.0,1.0,1.0,3.0,,3.0,,,1.0,,,,,,4.0,,,2.0,9.0,7.0,,1.0,1.0,1.0,1.0,1.0,0.3333333333333333,,0.3333333333333333,0.625,,0.625,0.75,,0.7,0.25,,,,0.3333333333333333,1.0,1.0,,1.0,1.0,,,,,,1.0,1.0,14.0,14.0,,,,,0.5,,,,0.25,1.0,1.0,,,,,,,,,,0.25,,0.3913625,,0.3913625,,,,0.7777777777777778,12.9,24.0,1.0,,,,,,,,,1.0,1.0,1.0,1.0,3.0,1.0,1.0,1.0,1.0,,,,1.0,0.25,1.0,1.0,1.0,0.25,1.0,,,,,,,,,,,,,,,,,,,,,,,,,,,,,,,,,,,,,,,,,,,,,1610612760,2004,2003-04,True
1498-1738-2209-951-958,1610612760,"Antonio Daniels, Ansu Sesay, Vladimir Radmanovic, Ray Allen, Vitaly Potapenko","Daniels, Sesay, Radmanovic, Allen, Potapenko",1498-1738-2209-951-958,SEA,142.0,2,5.0,2.0,9.0,,,,,,2.0,91.26760563380282,9.2,9.2,0.4,2.0,6.0,4.0,2.0,,2.0,2.0,,,,,,,1.0,1.0,,,,,3.0,3.0,,,2.0,8.0,2.0,,,,,,,,,2.0,2.0,4.0,2.0,,,,,,,2.0,2.0,2.0,,4.0,,,3.0,,3.0,,3.0,,,,,,,,,2.0,,,1.0,8.0,2.0,,0.6666666666666666,0.6666666666666666,,,,1.0,,,1.0,,,1.0,,1.0,,,,,,,1.0,,,0.75,,,,,1.0,,,24.0,19.25,0.6666666666666666,1.0,1.0,1.0,,,,,0.3333333333333333,1.0,1.0,,,,,,,,,,0.6666666666666666,,0.54,,,,,,0.25,6.933333333333334,,,1.0,,1.0,,1.0,1.0,,1.0,,,,,,,,,,,1.0,,,,,,,,,,,,,,,,,,,,,,,,,,,,,,,,,,,,,,,,,,,,,,,,,,,,,1610612760,2004,2003-04,True
1498-1738-2436-2499-2501,1610612760,"Antonio Daniels, Ansu Sesay, Flip Murray, Richie Frahm, Reggie Evans","Daniels, Sesay, Murray, Frahm, Evans",1498-1738-2436-2499-2501,SEA,559.0,1,18.0,,37.0,2.0,7.0,,5.0,1.0,,95.31305903398926,17.666666666666668,17.61111111111111,,9.0,-18.0,19.0,10.0,,1.0,3.0,,,,,1.0,2.0,2.0,3.0,1.0,3.0,,,4.0,8.0,2.0,4.0,2.0,16.0,34.0,,,,,,,,,,,4.0,4.0,,,,3.0,1.0,1.0,2.0,4.0,1.0,,10.0,,4.0,1.0,1.0,6.0,1.0,7.0,,,5.0,1.0,3.0,,,3.0,2.0,,1.0,,16.0,,,0.5,0.5,0.5,,0.5,0.5,,,0.5833333333333334,,,0.6153846153846154,,,0.3333333333333333,0.125,0.5,,0.7142857142857143,1.0,0.5,,1.0,0.8333333333333334,0.16666666666666666,,,,1.0,,1.0,12.68421052631579,12.473684210526315,0.25,0.3333333333333333,0.3333333333333333,1.0,0.16666666666666666,0.5,1.0,,0.25,0.6666666666666666,0.6666666666666666,0.25,0.3333333333333333,0.3333333333333333,,,,,,,0.5833333333333334,0.3333333333333333,0.47815,,,0.07692307692307693,0.1111111111111111,,,10.025,24.175,2.0,,,1.0,,,1.0,,1.0,1.0,1.0,,,6.0,2.0,1.0,1.0,1.0,,,1.0,0.5,0.08333333333333333,1.0,1.0,1.0,,,1.0,1.0,,1.0,0.5,,,,0.5,,,,,,,,,,,,,,,,,,,,1.0,1.0,,,,,,,,,,,,,,,1610612760,2004,2003-04,True
1498-1738-2436-2499-958,1610612760,"Antonio Daniels, Ansu Sesay, Flip Murray, Richie Frahm, Vitaly Potapenko","Daniels, Sesay, Murray, Frahm, Potapenko",1498-1738-2436-2499-958,SEA,185.0,1,6.0,,11.0,1.0,1.0,,1.0,,,85.62162162162161,17.0,16.833333333333332,,3.0,5.0,5.0,,1.0,1.0,2.0,1.0,2.0,,,,1.0,,2.0,,,,,1.0,5.0,,,4.0,6.0,1.0,1.0,2.0,,2.0,,,,,,,,2.0,,2.0,,,,1.0,,,,,,2.0,,3.0,1.0,4.0,2.0,6.0,,,,,,,,1.0,4.0,,2.0,,4.0,,,,,,,,0.2,0.5,,0.2,0.5,,0.42857142857142855,0.5,,,0.2,,0.5,,1.0,1.0,0.5,,1.0,0.5,1.0,,0.5,1.0,1.0,,16.6,16.6,0.4,0.5,0.5,,0.2,,,,0.4,,,,,,1.0,0.5,,,,,0.4,,0.42618,0.51065,,0.2857142857142857,0.2857142857142857,0.3333333333333333,,8.959999999999999,,,,,,,,,,,,,,,,,,,,,,,,,,,,,,,,,,,,1.0,,,0.3333333333333333,,,,,,,,,,,,,,,,,,,,,1.0,,,,,,,,,,,,,,1610612760,2004,2003-04,True
1498-1738-2436-2501-2557,1610612760,"Antonio Daniels, Ansu Sesay, Flip Murray, Reggie Evans, Luke Ridnour","Daniels, Sesay, Murray, Evans, Ridnour",1498-1738-2436-2501-2557,SEA,204.0,1,8.0,6.0,17.0,,,,2.0,,6.0,120.0,11.375,11.375,0.75,3.0,2.0,9.0,6.0,,1.0,1.0,,,1.0,1.0,1.0,2.0,1.0,1.0,1.0,2.0,1.0,2.0,3.0,4.0,1.0,2.0,4.0,13.0,11.0,,,,,2.0,3.0,1.0,2.0,2.0,9.0,2.0,4.0,,,,2.0,1.0,,1.0,2.0,,,5.0,,,2.0,,2.0,,2.0,,,,,,,,1.0,4.0,,2.0,,13.0,9.0,1.0,0.3333333333333333,0.3333333333333333,0.5,0.5,0.5,0.75,,0.6666666666666666,0.75,,0.7,0.8125,,0.75,0.3333333333333333,,,,,,0.6666666666666666,,,0.6666666666666666,,,,,1.0,,,12.555555555555555,12.555555555555555,0.16666666666666666,1.0,1.0,,0.3333333333333333,0.5,0.5,,0.16666666666666666,1.0,1.0,0.3333333333333333,0.5,0.5,,,0.2,1.0,0.4,0.5,0.5,0.5,0.4366083333333333,,0.45057,0.25,0.3333333333333333,,0.6923076923076923,9.625,26.65,,,,,,,,,,,,,,3.0,1.0,,1.0,1.0,,0.5,,1.0,,,,,,,1.0,1.0,,,,,,,,,1.0,,,,,,,,,,,,,,,,,,,,,,,,,,,,,,,,,,1610612760,2004,2003-04,True
1498-1738-2436-699-951,1610612760,"Antonio Daniels, Ansu Sesay, Flip Murray, Brent Barry, Ray Allen","Daniels, Sesay, Murray, Barry, Allen",1498-1738-2436-699-951,SEA,1.0,1,1.0,1.0,1.0,,,,,,1.0,1440.0,1.0,1.0,1.0,,2.0,,,,,,,,,,,,,,,,,,,,,,2.0,2.0,,,,,,,,,,2.0,2.0,,,,,,,,,,,,,,,,,,,,,,,,,,,,,2.0,,,1.0,2.0,2.0,,,,,,,,,,,,,1.0,,1.0,,,,,,,,,,,,,,,,,,,,,,,,,,,,,,,,,,,,,,,,,,,,,,,,1.0,,,,,,,,,,,,,,,,,,,,,,,,,,,,,,,,,,,,,,,,,,,,,,,,,,,,,,,,,,,,,,,,,,,,,,,,,,,1610612760,2004,2003-04,True
1498-1738-2499-2501-958,1610612760,"Antonio Daniels, Ansu Sesay, Richie Frahm, Reggie Evans, Vitaly Potapenko","Daniels, Sesay, Frahm, Evans, Potapenko",1498-1738-2499-2501-958,SEA,270.0,1,8.0,,16.0,,1.0,,1.0,,,85.33333333333333,19.125,16.375,,4.0,-2.0,8.0,,4.0,1.0,5.0,,3.0,,,,,,3.0,,1.0,,,1.0,8.0,,1.0,4.0,6.0,8.0,,3.0,3.0,3.0,,,,,,,,2.0,,,,1.0,,2.0,,,,,,4.0,2.0,1.0,,3.0,5.0,8.0,,,1.0,,1.0,,,1.0,6.0,,3.0,,3.0,,,,,,,,0.125,,,0.1111111111111111,,,0.25,0.3,,0.1111111111111111,0.25,,,1.0,,0.5,0.5714285714285714,1.0,0.75,0.625,0.5,,0.6666666666666666,,,1.0,14.625,14.625,0.5555555555555556,0.2,0.3333333333333333,,,,,,0.3333333333333333,,,0.1111111111111111,,,1.0,,,,,,0.6666666666666666,,0.4910055555555556,0.47325,,0.25,0.2727272727272727,0.5,,8.3125,26.8,,,,,,,,,,,,,,,,,,,0.4,1.0,1.0,,,,,,,,,,,1.0,1.0,,,,1.0,,,,,,,,,,,,,,,,,,,,,,,,,,,,,,,,,,,,1610612760,2004,2003-04,True
1498-1738-2499-2557-958,1610612760,"Antonio Daniels, Ansu Sesay, Richie Frahm, Luke Ridnour, Vitaly Potapenko","Daniels, Sesay, Frahm, Ridnour, Potapenko",1498-1738-2499-2557-958,SEA,667.0,2,21.0,13.0,44.0,1.0,8.0,6.0,5.0,,13.0,94.99250374812593,14.047619047619047,14.047619047619047,0.6190476190476191,11.0,-10.0,23.0,10.0,2.0,3.0,4.0,2.0,2.0,1.0,2.0,,2.0,,2.0,,,,,3.0,8.0,1.0,1.0,9.0,18.0,28.0,2.0,2.0,,4.0,1.0,3.0,1.0,1.0,7.0,12.0,2.0,4.0,,4.0,,,,,1.0,2.0,1.0,,5.0,2.0,4.0,5.0,2.0,11.0,2.0,13.0,2.0,1.0,7.0,,4.0,1.0,,2.0,10.0,,1.0,4.0,14.0,12.0,,0.3333333333333333,1.0,1.0,1.0,1.0,0.375,1.0,0.3333333333333333,0.5,1.0,0.625,0.6428571428571429,1.0,0.75,0.1111111111111111,,,,0.875,1.0,0.625,0.4,1.0,0.75,0.4,1.0,,0.5,,0.8,1.0,16.17391304347826,14.956521739130435,0.4444444444444444,0.75,0.75,0.3333333333333333,0.2222222222222222,,,,0.2222222222222222,,,,,,1.0,1.0,0.5,0.5,,,0.5555555555555556,,0.4640111111111111,0.53085,0.48005,0.1,0.1111111111111111,0.2222222222222222,0.6666666666666666,7.8875,23.0,3.0,1.0,,1.0,,,,,,1.0,1.0,1.0,1.0,3.0,1.0,1.0,,1.0,,0.5,1.0,,0.1111111111111111,1.0,1.0,1.0,0.25,1.0,,,1.0,,,,1.0,1.0,,0.2,,,,,,,,,,1.0,,,,,,,,,,,,,,,,,,,,,,,,,1610612760,2004,2003-04,True
1498-1738-2499-699-958,1610612760,"Antonio Daniels, Ansu Sesay, Richie Frahm, Brent Barry, Vitaly Potapenko","Daniels, Sesay, Frahm, Barry, Potapenko",1498-1738-2499-699-958,SEA,115.0,1,3.0,,6.0,,1.0,,,,,75.13043478260869,20.0,15.0,,2.0,3.0,3.0,,1.0,,,,,,,,1.0,1.0,1.0,,,,,1.0,2.0,1.0,1.0,,5.0,2.0,1.0,1.0,,2.0,,,,,,,2.0,,,,,,,,1.0,2.0,,,5.0,1.0,1.0,1.0,,2.0,1.0,3.0,,,1.0,,,,,,,,,,3.0,,,1.0,1.0,1.0,,1.0,0.5,1.0,,0.8333333333333334,1.0,,0.8333333333333334,1.0,,0.3333333333333333,,,,1.0,,0.5,1.0,1.0,0.6666666666666666,1.0,,1.0,,,,1.0,18.333333333333332,18.333333333333332,,,,,0.3333333333333333,,,,0.3333333333333333,1.0,1.0,,,,,,,,,,0.3333333333333333,,0.45535,0.4057,,,,0.4,,16.35,23.4,1.0,1.0,1.0,1.0,,,1.0,,1.0,1.0,1.0,,,3.0,1.0,1.0,1.0,1.0,,1.0,,1.0,0.3333333333333333,1.0,1.0,1.0,,,,,,,,,1.0,,,1.0,,,,,,,,,,,,,,,,,,,,,,,,,,,,,,,,,,,1610612760,2004,2003-04,True
1498-1738-2501-2557-699,1610612760,"Antonio Daniels, Ansu Sesay, Reggie Evans, Luke Ridnour, Brent Barry","Daniels, Sesay, Evans, Ridnour, Barry",1498-1738-2501-2557-699,SEA,19.0,1,1.0,1.0,1.0,,,,,,1.0,75.78947368421053,19.0,19.0,1.0,,,,,,,,,,,,,,,1.0,,,,,,1.0,,,,,,,,,,,1.0,,,,,,,,,,,,,,,,,,,,,,,,,,,,,,,,,,,,,,,,,,,,,,,,,,,,,,,,,,,,,,,,,,,,,,,,,,,,,,,,,1.0,,,,,,,,,,,,,,0.309,,0.309,,,,,17.6,,,,,,,,,,,,,,,,,,,,,,,,,,,,,,,,,,,,,,,,,,,,,,,,,,,,,,,,,,,,,,,,,,,,,,,,,,1610612760,2004,2003-04,True
1498-1738-2501-951-958,1610612760,"Antonio Daniels, Ansu Sesay, Reggie Evans, Ray Allen, Vitaly Potapenko","Daniels, Sesay, Evans, Allen, Potapenko",1498-1738-2501-951-958,SEA,117.0,2,2.0,,4.0,,1.0,,1.0,,,49.23076923076923,21.0,19.5,,2.0,1.0,2.0,,1.0,,1.0,,,,,,,,,,,,,,1.0,,,1.0,1.0,,,,,,,,,,,,,,,,,,,,,,,,,1.0,,1.0,,1.0,1.0,2.0,,,1.0,,,,1.0,,2.0,,,1.0,1.0,,,,,,,,,,,,,,0.25,,,,,,,1.0,,0.5,1.0,,0.3333333333333333,1.0,1.0,,,,1.0,,37.5,13.5,1.0,,,,,,,,,,,,,,,,,,,,1.0,,0.5688,,,,,,,,,1.0,,,,,,,,,,,,,,,,,,,,,,,,,,,,,,,,,,,,,,,,,,,,,,,,,,,,,,,,,,,,,,,,,,,,,,,,1610612760,2004,2003-04,True
1498-1738-699-951-958,1610612760,"Antonio Daniels, Ansu Sesay, Brent Barry, Ray Allen, Vitaly Potapenko","Daniels, Sesay, Barry, Allen, Potapenko",1498-1738-699-951-958,SEA,128.0,1,4.0,,8.0,,,,2.0,,,90.0,18.75,18.75,,2.0,2.0,4.0,,,1.0,1.0,,,,,1.0,2.0,,1.0,,,,,2.0,4.0,,,,4.0,2.0,,,,,,,,,,,,4.0,,,,,,,,,,,,,,2.0,,2.0,,2.0,,,,,,,,1.0,,,,,4.0,,,,,,,,0.5,,,0.5,,,0.5,,,,,,,,,1.0,,,1.0,,,,,,,,13.25,13.25,0.25,1.0,1.0,,0.5,0.5,0.5,,0.25,,,,,,,,,,,,0.25,,0.434125,,,,,,,7.625,,,,,,,,,,,,,,,,,,,,,1.0,,,,,,,,,,,,,,,,,,,1.0,,,,,,,,,,,,,,,,,,,,,,,,,,,,,,,,,,1610612760,2004,2003-04,True
1498-1740-1744-1916-2436,1610612760,"Antonio Daniels, Rashard Lewis, Jerome James, Calvin Booth, Flip Murray","Daniels, Lewis, James, Booth, Murray",1498-1740-1744-1916-2436,SEA,680.0,2,20.0,2.0,39.0,,2.0,,4.0,,2.0,82.58823529411764,19.3,17.8,0.1,11.0,-4.0,19.0,,2.0,4.0,5.0,,,,,1.0,5.0,3.0,6.0,1.0,2.0,,,8.0,16.0,1.0,4.0,4.0,23.0,27.0,,3.0,,,1.0,1.0,,,1.0,3.0,10.0,6.0,,,,2.0,1.0,2.0,5.0,6.0,3.0,,13.0,2.0,1.0,4.0,,5.0,4.0,9.0,1.0,1.0,2.0,,,,,3.0,5.0,,1.0,1.0,23.0,3.0,,0.625,0.625,0.25,,0.25,0.5,,1.0,0.475,,1.0,0.5,,0.75,0.2,0.125,0.4,,1.0,,0.6666666666666666,0.25,0.5,0.625,0.36363636363636365,,0.5,,0.6666666666666666,1.0,0.5,15.473684210526315,15.263157894736842,0.25,0.8,0.8,0.75,0.25,0.2,0.3333333333333333,,0.3,0.5,0.5,0.1,0.5,0.5,,,,,,,0.45,0.5,0.4437175,0.35015,0.3371,0.047619047619047616,0.058823529411764705,,0.13043478260869565,8.825,24.9,2.0,1.0,1.0,1.0,,,,,,,2.0,,,3.0,1.0,,2.0,1.0,,,,0.6666666666666666,0.1,,,,,,1.0,1.0,,2.0,0.6666666666666666,0.5,,,1.0,,,,,,,,,,,,,,1.0,,,,,,,,,,,,,,,,,,,,,,1610612760,2004,2003-04,True
1498-1740-1744-1916-951,1610612760,"Antonio Daniels, Rashard Lewis, Jerome James, Calvin Booth, Ray Allen","Daniels, Lewis, James, Booth, Allen",1498-1740-1744-1916-951,SEA,604.0,2,15.0,11.0,30.0,1.0,1.0,1.0,1.0,,11.0,71.52317880794702,18.333333333333332,17.4,0.7333333333333333,10.0,-14.0,15.0,,1.0,,4.0,,2.0,,3.0,,,3.0,10.0,,1.0,,,3.0,14.0,1.0,2.0,2.0,11.0,25.0,,2.0,,3.0,1.0,11.0,1.0,1.0,2.0,7.0,2.0,4.0,,,,1.0,,,1.0,2.0,,,5.0,3.0,1.0,3.0,,4.0,3.0,7.0,,,,,,1.0,,1.0,2.0,,1.0,,8.0,7.0,,0.3333333333333333,0.3333333333333333,0.5,1.0,0.5,0.21428571428571427,,0.09090909090909091,0.28125,0.5,0.20833333333333334,0.3235294117647059,0.5,0.2692307692307692,0.125,,,,,,0.42857142857142855,0.2727272727272727,0.5,0.4444444444444444,0.25,0.5,,0.14285714285714285,,0.25,0.5,21.933333333333334,20.133333333333333,0.25,,,,,,,,0.625,0.3,0.3,0.0625,,,0.6666666666666666,,0.25,,,,0.375,,0.462340625,0.5817,0.4627583333333333,0.058823529411764705,0.06666666666666667,0.2727272727272727,0.6363636363636364,12.807142857142859,24.75,,,,,,,,,,1.0,1.0,1.0,1.0,3.0,1.0,1.0,1.0,1.0,,1.0,,0.3333333333333333,0.0625,1.0,1.0,1.0,0.08333333333333333,1.0,,,,,,,,,,,,1.0,1.0,1.0,1.0,1.0,0.3333333333333333,1.0,1.0,,,,,,,,,,,,,,,,,,,,,,,,,,1610612760,2004,2003-04,True
1498-1740-1744-2209-2436,1610612760,"Antonio Daniels, Rashard Lewis, Jerome James, Vladimir Radmanovic, Flip Murray","Daniels, Lewis, James, Radmanovic, Murray",1498-1740-1744-2209-2436,SEA,3491.0,20,113.0,72.0,224.0,4.0,11.0,9.0,25.0,1.0,72.0,92.39759381266113,15.106194690265486,14.451327433628318,0.6371681415929203,58.0,10.0,111.0,48.0,16.0,19.0,33.0,7.0,12.0,13.0,23.0,8.0,17.0,17.0,42.0,5.0,12.0,4.0,10.0,44.0,92.0,6.0,18.0,17.0,123.0,113.0,8.0,15.0,1.0,17.0,27.0,55.0,5.0,14.0,11.0,80.0,50.0,38.0,,8.0,1.0,10.0,4.0,5.0,25.0,31.0,12.0,3.0,68.0,15.0,15.0,29.0,3.0,47.0,19.0,66.0,8.0,3.0,7.0,2.0,2.0,,2.0,13.0,25.0,,6.0,5.0,106.0,80.0,,0.5681818181818182,0.625,0.3333333333333333,0.35714285714285715,0.29411764705882354,0.4782608695652174,0.5333333333333333,0.4909090909090909,0.4818181818181818,0.5333333333333333,0.5,0.49586776859504134,0.53125,0.512987012987013,0.16363636363636364,0.05434782608695652,0.058823529411764705,,0.6363636363636364,0.6,0.8787878787878788,0.32608695652173914,0.75,0.8301886792452831,0.34545454545454546,0.5714285714285714,0.3333333333333333,0.17391304347826086,1.0,0.8461538461538461,0.8461538461538461,16.07207207207207,15.135135135135135,0.3,0.5757575757575758,0.6551724137931034,0.631578947368421,0.15454545454545454,0.47058823529411764,0.5,0.375,0.38181818181818183,0.40476190476190477,0.40476190476190477,0.10909090909090909,0.4166666666666667,0.4166666666666667,0.8,0.5833333333333334,0.3333333333333333,0.5652173913043478,0.14492753623188406,0.4,0.4636363636363636,0.4,0.45993211009174306,0.5192416666666667,0.4778132352941177,0.05172413793103448,0.061224489795918366,0.13821138211382114,0.6504065040650406,10.45217391304348,26.88888888888889,5.0,5.0,2.0,5.0,,3.0,4.0,,0.8,1.0,6.0,1.0,4.0,18.0,6.0,1.0,10.0,1.0,0.12121212121212122,0.8,0.5714285714285714,0.5882352941176471,0.05454545454545454,0.16666666666666666,0.16666666666666666,1.0,0.057971014492753624,0.25,5.0,1.0,5.0,4.0,0.4444444444444444,,3.0,1.0,0.8,0.06,,,,,,,,,,,,,3.0,,,,1.0,0.2857142857142857,,,,1.0,,,,,,,,,,,,,1610612760,2004,2003-04,True
1498-1740-1744-2209-2557,1610612760,"Antonio Daniels, Rashard Lewis, Jerome James, Vladimir Radmanovic, Luke Ridnour","Daniels, Lewis, James, Radmanovic, Ridnour",1498-1740-1744-2209-2557,SEA,489.0,3,14.0,11.0,29.0,,2.0,1.0,6.0,,11.0,85.39877300613496,16.142857142857142,15.0,0.7857142857142857,8.0,,15.0,9.0,4.0,5.0,10.0,2.0,3.0,3.0,7.0,1.0,3.0,,,,1.0,,1.0,6.0,13.0,1.0,3.0,2.0,17.0,17.0,3.0,5.0,,6.0,4.0,10.0,1.0,3.0,1.0,12.0,6.0,6.0,,4.0,,1.0,,3.0,3.0,4.0,3.0,,9.0,4.0,1.0,2.0,1.0,4.0,5.0,9.0,1.0,,2.0,,1.0,,,3.0,3.0,1.0,1.0,1.0,11.0,12.0,2.0,0.5,0.75,0.3333333333333333,0.3333333333333333,0.3333333333333333,0.46153846153846156,0.6,0.4,0.46875,0.6,0.4230769230769231,0.5,0.6,0.42857142857142855,0.1875,0.23076923076923078,0.3333333333333333,,1.0,0.5,0.3333333333333333,0.5714285714285714,1.0,0.42857142857142855,0.625,0.6,0.5,,0.3333333333333333,,1.0,17.533333333333335,15.933333333333334,0.625,0.5,0.625,0.6,0.1875,0.3333333333333333,0.5,,,,,0.0625,,,0.6,0.6666666666666666,0.5384615384615384,0.42857142857142855,0.07692307692307693,,0.8125,,0.494534375,0.4908,0.4895576923076923,0.0625,0.07692307692307693,0.35294117647058826,0.7058823529411765,2.792307692307692,23.53333333333333,1.0,1.0,,1.0,,1.0,,,,1.0,2.0,1.0,2.0,3.0,1.0,1.0,,1.0,0.2,0.5,,,0.125,0.5,0.5,1.0,0.15384615384615385,0.5,,,1.0,1.0,1.0,1.0,2.0,,,0.4,,,,,,,,,,,,,,,,,,,,,,,1.0,,,,,,,,,,,,1610612760,2004,2003-04,True
1498-1740-1744-2209-699,1610612760,"Antonio Daniels, Rashard Lewis, Jerome James, Vladimir Radmanovic, Brent Barry","Daniels, Lewis, James, Radmanovic, Barry",1498-1740-1744-2209-699,SEA,6822.0,13,210.0,14.0,420.0,10.0,34.0,2.0,39.0,4.0,14.0,88.65435356200527,16.385714285714286,15.357142857142858,0.06666666666666667,114.0,-5.0,210.0,22.0,35.0,29.0,59.0,11.0,22.0,,3.0,14.0,49.0,35.0,56.0,7.0,22.0,,,78.0,164.0,10.0,35.0,38.0,224.0,229.0,13.0,29.0,9.0,38.0,3.0,8.0,1.0,2.0,6.0,15.0,76.0,80.0,6.0,16.0,,22.0,7.0,16.0,38.0,46.0,12.0,5.0,100.0,33.0,12.0,56.0,1.0,69.0,42.0,111.0,22.0,15.0,24.0,2.0,13.0,1.0,3.0,18.0,45.0,1.0,18.0,2.0,186.0,15.0,2.0,0.48717948717948717,0.5428571428571428,0.2857142857142857,0.5,0.2857142857142857,0.47560975609756095,0.4482758620689655,0.375,0.46733668341708545,0.4264705882352941,0.45,0.5,0.47435897435897434,0.5357142857142857,0.17587939698492464,0.0975609756097561,0.14285714285714285,,0.7058823529411765,1.0,0.717948717948718,0.38372093023255816,0.6666666666666666,0.7083333333333334,0.3783783783783784,0.4666666666666667,0.37142857142857144,0.2857142857142857,0.631578947368421,0.75,0.6153846153846154,16.1,15.414285714285715,0.2964824120603015,0.4915254237288136,0.58,0.41379310344827586,0.24623115577889448,0.2857142857142857,0.3333333333333333,0.35714285714285715,0.2814070351758794,0.625,0.625,0.11055276381909548,0.3181818181818182,0.3181818181818182,0.6470588235294118,0.5,0.3,,,,0.4723618090452261,0.3181818181818182,0.4795726130653266,0.5404461538461539,0.461275,0.08333333333333333,0.09944751381215469,0.16964285714285715,0.06696428571428571,9.182926829268293,24.39428571428571,11.0,9.0,2.0,9.0,,7.0,6.0,,0.6666666666666666,3.0,13.0,1.0,2.0,24.0,8.0,3.0,21.0,0.8,0.15254237288135594,0.7407407407407407,0.8,0.6,0.06532663316582915,0.23076923076923078,0.23076923076923078,1.0,0.2,0.5,5.0,0.7142857142857143,7.0,9.0,0.36,0.3,5.0,1.0,0.4,0.05263157894736842,,,4.0,1.0,5.0,0.2,0.11764705882352941,,,,1.0,1.0,6.0,0.029411764705882353,1.0,1.0,3.0,0.18181818181818182,,,,,,,,,,,,,,,,,1610612760,2004,2003-04,True
1498-1740-1744-2209-951,1610612760,"Antonio Daniels, Rashard Lewis, Jerome James, Vladimir Radmanovic, Ray Allen","Daniels, Lewis, James, Radmanovic, Allen",1498-1740-1744-2209-951,SEA,2158.0,15,70.0,46.0,138.0,5.0,9.0,6.0,17.0,,46.0,92.0852641334569,15.1,14.514285714285714,0.6571428571428571,36.0,13.0,68.0,32.0,11.0,13.0,18.0,3.0,4.0,8.0,13.0,2.0,6.0,13.0,19.0,1.0,9.0,,3.0,28.0,43.0,1.0,17.0,22.0,81.0,68.0,5.0,6.0,2.0,15.0,19.0,30.0,,8.0,17.0,55.0,38.0,18.0,,4.0,,9.0,1.0,2.0,19.0,20.0,8.0,1.0,41.0,4.0,14.0,15.0,1.0,30.0,11.0,41.0,4.0,1.0,4.0,1.0,1.0,,2.0,7.0,24.0,4.0,9.0,5.0,66.0,55.0,4.0,0.6785714285714286,0.7307692307692307,0.058823529411764705,,0.058823529411764705,0.6511627906976745,0.8333333333333334,0.6333333333333333,0.49166666666666664,0.8125,0.5,0.5785714285714286,0.8333333333333334,0.5978260869565217,0.2833333333333333,0.046511627906976744,0.16666666666666666,,0.4444444444444444,0.5,0.7894736842105263,0.26666666666666666,0.875,0.8285714285714286,0.3548387096774194,0.2,0.5,0.16666666666666666,1.0,0.7,0.9090909090909091,16.191176470588236,15.544117647058824,0.3,0.7222222222222222,0.7647058823529411,0.6153846153846154,0.1,0.3333333333333333,0.4,0.5,0.31666666666666665,0.6842105263157895,0.6842105263157895,0.15,0.1111111111111111,0.1111111111111111,0.5,0.75,0.34210526315789475,0.6153846153846154,0.07894736842105263,,0.5833333333333334,0.1111111111111111,0.5006958333333333,0.5456000000000001,0.506671052631579,0.13846153846153847,0.1875,0.18518518518518517,0.6790123456790124,9.902325581395349,24.476470588235294,3.0,5.0,1.0,6.0,,2.0,6.0,,1.0,,8.0,,5.0,3.0,1.0,,10.0,1.0,0.05555555555555555,0.75,0.8,0.7692307692307693,0.13333333333333333,,,,0.13157894736842105,,1.0,1.0,3.0,7.0,0.4375,0.375,,,0.5,,,,1.0,1.0,2.0,0.5,0.125,,,2.0,1.0,1.0,,0.125,1.0,1.0,1.0,0.3333333333333333,1.0,,,,,1.0,,,,,,,,,,,1610612760,2004,2003-04,True
1498-1740-1744-2436-2501,1610612760,"Antonio Daniels, Rashard Lewis, Jerome James, Flip Murray, Reggie Evans","Daniels, Lewis, James, Murray, Evans",1498-1740-1744-2436-2501,SEA,465.0,3,14.0,5.0,28.0,2.0,2.0,,2.0,,5.0,86.70967741935483,18.857142857142858,17.714285714285715,0.35714285714285715,8.0,-11.0,14.0,6.0,6.0,1.0,3.0,,1.0,1.0,3.0,,4.0,1.0,4.0,,2.0,,1.0,2.0,11.0,,5.0,4.0,8.0,19.0,,2.0,2.0,2.0,1.0,4.0,,4.0,2.0,4.0,2.0,2.0,,,,2.0,,,1.0,1.0,,,2.0,2.0,,,1.0,1.0,6.0,7.0,3.0,1.0,,,,,2.0,2.0,4.0,,1.0,1.0,6.0,4.0,,0.5,0.5,,,,0.18181818181818182,,0.25,0.125,,0.125,0.2222222222222222,0.25,0.2222222222222222,0.3125,,,,,1.0,,0.25,,,0.46153846153846156,1.0,0.25,,,,,14.357142857142858,13.0,0.1875,0.3333333333333333,0.3333333333333333,,0.25,,,,0.25,0.25,0.25,0.125,,,0.3333333333333333,,0.375,0.3333333333333333,0.125,,0.5,,0.427121875,0.3812,0.45224375,0.058823529411764705,0.08333333333333333,0.25,0.5,9.545454545454545,24.28,,,,,,,,,,,3.0,,3.0,,,,1.0,,,,,1.0,0.1875,,,,0.375,,,,2.0,4.0,0.8,1.0,,,0.5,,,,,,1.0,,,,,,,1.0,,0.3333333333333333,,,,,,,,,,,1.0,,,,,,,,,,1610612760,2004,2003-04,True
1498-1740-1744-2436-699,1610612760,"Antonio Daniels, Rashard Lewis, Jerome James, Flip Murray, Brent Barry","Daniels, Lewis, James, Murray, Barry",1498-1740-1744-2436-699,SEA,208.0,1,7.0,3.0,14.0,1.0,1.0,,3.0,1.0,3.0,96.92307692307692,13.0,13.0,0.42857142857142855,3.0,-2.0,7.0,7.0,1.0,,,,,,,,1.0,2.0,4.0,,,,,2.0,5.0,,,2.0,6.0,8.0,,,2.0,2.0,1.0,2.0,,,,2.0,4.0,,,,,,,1.0,2.0,2.0,,,4.0,1.0,,2.0,,2.0,1.0,3.0,1.0,,,,,,,1.0,2.0,,1.0,,4.0,2.0,,1.0,1.0,,,,0.4,,0.5,0.4,,0.5,0.5,1.0,0.5,,0.2,1.0,,,,1.0,0.3333333333333333,,1.0,0.3333333333333333,,,0.5,,,,16.714285714285715,16.714285714285715,,,,,0.2,,,,0.8,0.5,0.5,,,,,,,,,,,,0.38456,,0.39015,0.16666666666666666,0.16666666666666666,0.3333333333333333,0.3333333333333333,17.78,,,,,,,,,,,,,,,,,,2.0,,,1.0,,1.0,,,,,,,,,1.0,,,,,,,,,,,,,,,,,,,,,,,,,,,,,,,,,,,,,,,,,,1610612760,2004,2003-04,True
1498-1740-1744-2436-951,1610612760,"Antonio Daniels, Rashard Lewis, Jerome James, Flip Murray, Ray Allen","Daniels, Lewis, James, Murray, Allen",1498-1740-1744-2436-951,SEA,645.0,4,22.0,5.0,44.0,1.0,4.0,,6.0,1.0,5.0,98.23255813953489,16.0,14.636363636363637,0.22727272727272727,11.0,-6.0,22.0,13.0,2.0,2.0,3.0,,1.0,1.0,1.0,3.0,5.0,1.0,7.0,,1.0,,,6.0,15.0,,2.0,9.0,21.0,27.0,1.0,3.0,,2.0,1.0,1.0,,,7.0,9.0,6.0,6.0,,2.0,,1.0,,3.0,3.0,3.0,1.0,2.0,6.0,4.0,3.0,4.0,,7.0,4.0,11.0,,,3.0,,,,1.0,1.0,12.0,,3.0,3.0,19.0,9.0,2.0,0.5,0.6,,,,0.4,0.3333333333333333,1.0,0.35294117647058826,0.3333333333333333,1.0,0.45652173913043476,0.3333333333333333,0.75,0.11764705882352941,0.2,0.2,0.14285714285714285,0.75,,1.0,0.4444444444444444,0.5,0.7,0.36363636363636365,1.0,0.5,0.3333333333333333,1.0,1.0,0.25,13.318181818181818,12.818181818181818,0.17647058823529413,0.6666666666666666,1.0,0.5,0.29411764705882354,0.6,0.75,0.6666666666666666,0.4117647058823529,0.14285714285714285,0.16666666666666666,0.058823529411764705,,,0.3333333333333333,,1.0,1.0,,,0.29411764705882354,,0.4063117647058824,0.40196666666666664,0.5338,0.15,0.16666666666666666,0.09523809523809523,0.42857142857142855,12.306666666666667,25.3,3.0,1.0,1.0,2.0,,,1.0,,0.5,,1.0,,,,,,,,0.3333333333333333,1.0,1.0,,0.058823529411764705,,,,,,,,,,,,,,,,1.0,,,,,,,,,,,,,,,,,,1.0,1.0,,,,,,,,,,,,,,,1610612760,2004,2003-04,True
1498-1740-1744-2499-699,1610612760,"Antonio Daniels, Rashard Lewis, Jerome James, Richie Frahm, Brent Barry","Daniels, Lewis, James, Frahm, Barry",1498-1740-1744-2499-699,SEA,168.0,1,4.0,4.0,8.0,,1.0,1.0,,,4.0,68.57142857142857,18.25,18.25,1.0,3.0,-2.0,4.0,4.0,,1.0,1.0,,,1.0,1.0,,,1.0,1.0,,,,,2.0,2.0,,,2.0,6.0,8.0,,,,,2.0,2.0,,,2.0,6.0,4.0,,,,,,,,2.0,2.0,1.0,,4.0,,,1.0,,1.0,,1.0,,,1.0,,,,,,2.0,,1.0,,6.0,6.0,,1.0,1.0,,,,1.0,,1.0,1.0,,1.0,1.0,,1.0,,,,,1.0,,0.3333333333333333,,,0.25,,,,,0.5,,,23.75,13.75,0.5,1.0,1.0,1.0,,,,,0.5,1.0,1.0,,,,,,0.5,1.0,,,0.5,,0.5001,,0.5001,0.3333333333333333,0.3333333333333333,,1.0,10.35,,1.0,,,,,,,,,,,,,,,,1.0,,,,,1.0,,,,,,,,,,,,,,,,,,,,,,,,,,,,,,,,,,,,,,,,,,,,,,,,,,,1610612760,2004,2003-04,True
1498-1740-1744-2501-2557,1610612760,"Antonio Daniels, Rashard Lewis, Jerome James, Reggie Evans, Luke Ridnour","Daniels, Lewis, James, Evans, Ridnour",1498-1740-1744-2501-2557,SEA,166.0,2,5.0,,10.0,,1.0,,,,,86.74698795180723,16.8,12.4,,3.0,-3.0,5.0,,1.0,,,,,,,1.0,3.0,,1.0,,,,,1.0,4.0,,,2.0,4.0,7.0,,1.0,,,,,,,,,2.0,,,,,,,,1.0,1.0,,1.0,2.0,1.0,,1.0,,1.0,1.0,2.0,1.0,1.0,1.0,,1.0,,,,2.0,,1.0,,4.0,,,1.0,1.0,,,,0.25,,,0.25,,,0.4,,,,,,,1.0,,0.5,0.3333333333333333,,0.5,0.3333333333333333,,,1.0,,,,16.4,14.6,,,,,0.75,0.3333333333333333,0.3333333333333333,1.0,0.25,,,,,,,,,,,,,,0.376,0.3326,,0.2,0.2,,,13.1,,,2.0,1.0,2.0,,1.0,1.0,,0.5,,,,,,,,,,,1.0,,,,,,,,,,,,,,,,,,,,,,,,,,,,,,,,,,,,,,,,,,,,,,,,,,,,,1610612760,2004,2003-04,True
1498-1740-1744-2501-699,1610612760,"Antonio Daniels, Rashard Lewis, Jerome James, Reggie Evans, Brent Barry","Daniels, Lewis, James, Evans, Barry",1498-1740-1744-2501-699,SEA,214.0,1,7.0,,13.0,,2.0,,1.0,,,87.47663551401868,12.285714285714286,10.714285714285714,,4.0,4.0,6.0,,1.0,,,,,,,,,,,,1.0,,,,,2.0,3.0,3.0,9.0,5.0,,,,3.0,,,,,,,,,,,,1.0,,,,2.0,,,6.0,,1.0,2.0,,3.0,,3.0,1.0,,2.0,,1.0,,,,4.0,,2.0,,6.0,,,,,0.6666666666666666,,0.6666666666666666,,,,1.0,1.5,,0.9,1.5,,1.0,,,,1.0,,0.6666666666666666,,1.0,0.75,,,,,1.0,,1.0,21.333333333333332,19.833333333333332,,,,,,,,,,,,0.3333333333333333,,,,,,,,,1.0,,0.61595,0.68625,,0.4,1.0,0.3333333333333333,,,23.833333333333332,1.0,,,,,,,,,2.0,2.0,,,6.0,2.0,2.0,,1.0,,,,,0.6666666666666666,1.0,1.0,1.0,,,,,1.0,,,,,,,,,1.0,1.0,1.0,1.0,1.0,1.0,1.0,1.0,,,,,,,,,,,,,,,,,,,,,,,,,,1610612760,2004,2003-04,True
1498-1740-1744-2501-951,1610612760,"Antonio Daniels, Rashard Lewis, Jerome James, Reggie Evans, Ray Allen","Daniels, Lewis, James, Evans, Allen",1498-1740-1744-2501-951,SEA,490.0,4,12.0,2.0,26.0,3.0,3.0,,6.0,,2.0,76.40816326530613,21.916666666666668,20.416666666666668,0.16666666666666666,8.0,-4.0,14.0,9.0,1.0,3.0,4.0,,,1.0,1.0,2.0,3.0,1.0,2.0,,,,,6.0,9.0,,,4.0,16.0,20.0,,,,,1.0,1.0,,,3.0,5.0,4.0,8.0,,,,,,,2.0,2.0,1.0,,4.0,1.0,,4.0,1.0,5.0,1.0,6.0,,,,,,1.0,1.0,3.0,6.0,2.0,4.0,,16.0,5.0,2.0,0.3333333333333333,0.3333333333333333,,,,0.6666666666666666,,1.0,0.6666666666666666,,1.0,0.7272727272727273,,1.25,,,,,,1.0,0.5,0.3333333333333333,,0.4,0.3333333333333333,,1.0,,1.0,0.6666666666666666,,16.214285714285715,12.928571428571429,0.4444444444444444,0.75,0.75,0.3333333333333333,0.3333333333333333,0.6666666666666666,0.6666666666666666,,0.2222222222222222,0.5,0.5,,,,,,1.0,1.0,,,0.4444444444444444,,0.40925555555555554,,0.3356,0.36363636363636365,0.36363636363636365,,0.3125,7.666666666666667,,,,,,,,,,,,,,,,,,1.0,,,0.25,,1.0,,,,,,,,,,,,,,,,,,,,,,,,,,,,,,,,,,,,,1.0,,,,,,,,,,,,,,1610612760,2004,2003-04,True
1498-1740-1744-2557-951,1610612760,"Antonio Daniels, Rashard Lewis, Jerome James, Luke Ridnour, Ray Allen","Daniels, Lewis, James, Ridnour, Allen",1498-1740-1744-2557-951,SEA,153.0,1,4.0,,8.0,,,,2.0,,,75.29411764705883,16.0,16.0,,3.0,,4.0,,,,,,,,,2.0,3.0,,1.0,,,,,2.0,4.0,,,,4.0,4.0,,,,,,,,,,,,4.0,,,,,,,,,,,,,,1.0,,1.0,,1.0,1.0,,,,,,,1.0,,,,,4.0,,,,,,,,0.5,,,0.5,,,0.5,,,,,,,,,1.0,,,1.0,,,,,,,,22.25,22.25,,,,,0.75,0.6666666666666666,0.6666666666666666,,0.25,,,,,,,,,,,,,,0.377725,,,,,,,12.325,,,,,,,,,,,,,,,,,,,,,1.0,,,,,,,,,,,1.0,,,,,,,,,,,,,,,,,,,,,,,,,,,,,,,,,,,,,,,,,,1610612760,2004,2003-04,True
1498-1740-1744-699-951,1610612760,"Antonio Daniels, Rashard Lewis, Jerome James, Brent Barry, Ray Allen","Daniels, Lewis, James, Barry, Allen",1498-1740-1744-699-951,SEA,470.0,3,16.0,4.0,31.0,1.0,1.0,,2.0,,4.0,94.97872340425532,15.4375,14.6875,0.25,8.0,-2.0,15.0,3.0,2.0,2.0,3.0,1.0,2.0,1.0,2.0,3.0,4.0,1.0,3.0,,5.0,,1.0,6.0,10.0,,6.0,3.0,15.0,17.0,1.0,2.0,,2.0,1.0,3.0,,2.0,1.0,3.0,,12.0,,2.0,,5.0,,,,,,,,1.0,3.0,4.0,,7.0,3.0,10.0,,,,1.0,,,,2.0,4.0,2.0,3.0,,13.0,3.0,,,,,,,0.6,0.5,0.3333333333333333,0.375,0.3333333333333333,0.2,0.4411764705882353,0.3333333333333333,0.3,0.375,,,,,,0.8,0.25,1.0,0.875,0.3,,,0.5,0.6666666666666666,1.0,1.0,14.866666666666667,14.733333333333333,0.1875,0.6666666666666666,0.6666666666666666,,0.25,0.75,0.75,,0.1875,0.3333333333333333,0.3333333333333333,0.3125,,,0.6666666666666666,0.5,0.4,0.5,0.2,,0.5625,,0.488659375,0.5606,0.55004,0.17647058823529413,0.2727272727272727,0.13333333333333333,0.2,9.55,24.96666666666667,,,,,,,,,,,1.0,,1.0,,,,,,,1.0,1.0,,0.0625,,,,0.2,,,,,2.0,0.3333333333333333,1.0,,,0.2,,,,,,1.0,,,,,,,1.0,,0.3333333333333333,,,,,,,,,,,,,,,,,,,,,1610612760,2004,2003-04,True
1498-1740-1916-2209-2436,1610612760,"Antonio Daniels, Rashard Lewis, Calvin Booth, Vladimir Radmanovic, Flip Murray","Daniels, Lewis, Booth, Radmanovic, Murray",1498-1740-1916-2209-2436,SEA,2233.0,14,73.0,23.0,144.0,8.0,13.0,2.0,14.0,2.0,23.0,92.8616211374832,14.41095890410959,13.547945205479452,0.3150684931506849,37.0,16.0,71.0,17.0,13.0,11.0,24.0,2.0,8.0,2.0,9.0,3.0,14.0,8.0,16.0,9.0,17.0,3.0,6.0,22.0,54.0,11.0,21.0,7.0,84.0,68.0,3.0,11.0,3.0,15.0,3.0,18.0,4.0,8.0,3.0,21.0,30.0,14.0,9.0,2.0,1.0,16.0,9.0,6.0,15.0,23.0,8.0,2.0,54.0,12.0,7.0,19.0,2.0,28.0,18.0,46.0,9.0,4.0,5.0,2.0,2.0,3.0,1.0,4.0,8.0,2.0,4.0,1.0,69.0,21.0,2.0,0.6818181818181818,0.7142857142857143,0.5238095238095238,0.5,0.55,0.4074074074074074,0.2727272727272727,0.16666666666666666,0.5133333333333333,0.42857142857142855,0.34615384615384615,0.5384615384615384,0.46875,0.375,0.28,0.1111111111111111,0.14285714285714285,,0.38461538461538464,1.0,0.8260869565217391,0.3870967741935484,0.5833333333333334,0.7428571428571429,0.45,0.5,0.2727272727272727,0.375,0.8,0.8181818181818182,0.5,16.633802816901408,15.422535211267606,0.32,0.4583333333333333,0.55,0.7272727272727273,0.18666666666666668,0.21428571428571427,0.25,0.6666666666666666,0.21333333333333335,0.5,0.5,0.22666666666666666,0.5294117647058824,0.5294117647058824,0.5714285714285714,0.25,0.34615384615384615,0.2222222222222222,0.23076923076923078,0.5,0.6,0.5625,0.4876006756756757,0.46296875,0.4891076923076923,0.05194805194805195,0.07142857142857142,0.17857142857142858,0.25,7.466666666666667,25.614285714285714,3.0,3.0,1.0,3.0,,1.0,1.0,,0.3333333333333333,2.0,4.0,1.0,2.0,24.0,8.0,1.0,5.0,0.7272727272727273,0.16666666666666666,0.8571428571428571,0.75,0.625,0.05333333333333334,0.5,0.5,0.5,0.07692307692307693,0.5,7.0,0.7777777777777778,5.0,6.0,0.6666666666666666,0.5,2.0,,0.7142857142857143,0.058823529411764705,1.0,,,2.0,3.0,0.6666666666666666,,,,1.0,2.0,3.0,,0.21428571428571427,0.6666666666666666,1.0,,0.5,,,,,,,,,,,,,,,,,1610612760,2004,2003-04,True
1498-1740-1916-2209-2499,1610612760,"Antonio Daniels, Rashard Lewis, Calvin Booth, Vladimir Radmanovic, Richie Frahm","Daniels, Lewis, Booth, Radmanovic, Frahm",1498-1740-1916-2209-2499,SEA,136.0,1,5.0,5.0,10.0,1.0,1.0,1.0,2.0,1.0,5.0,105.88235294117648,11.6,11.4,1.0,2.0,-2.0,5.0,1.0,1.0,,,,,,,1.0,1.0,,,,3.0,,3.0,1.0,1.0,,3.0,,2.0,4.0,,,,,1.0,1.0,,3.0,,2.0,2.0,,,,1.0,2.0,,,1.0,1.0,,1.0,2.0,,1.0,1.0,,2.0,,2.0,,,,,,,,,,,,,2.0,2.0,,1.0,1.0,,,,1.0,,1.0,0.25,,0.25,0.25,,0.25,0.75,,,,,,1.0,,1.0,1.0,,,,,1.0,,1.0,15.6,15.6,,,,,0.25,1.0,1.0,1.0,,,,0.75,,,,,,,0.75,,0.75,,0.4595833333333333,,0.4595833333333333,,,,1.0,11.7,34.93333333333333,,,,,,,,,,,,,,,,,,,,,,,,,,,,,,,,,,,,,,,,,,,,,,,,,,,,,,,,,,,,,,,,,,,,,,,,,1610612760,2004,2003-04,True
1498-1740-1916-2209-2557,1610612760,"Antonio Daniels, Rashard Lewis, Calvin Booth, Vladimir Radmanovic, Luke Ridnour","Daniels, Lewis, Booth, Radmanovic, Ridnour",1498-1740-1916-2209-2557,SEA,171.0,1,5.0,3.0,10.0,,1.0,1.0,,,3.0,84.21052631578947,13.8,13.8,0.6,3.0,-2.0,5.0,5.0,,1.0,1.0,,,1.0,1.0,,,1.0,1.0,,1.0,,,2.0,2.0,,1.0,2.0,6.0,8.0,,,,,2.0,2.0,,,,4.0,4.0,,,,,1.0,,,2.0,2.0,1.0,,4.0,,1.0,,,1.0,,1.0,1.0,1.0,1.0,,,,,,2.0,,1.0,,6.0,4.0,,1.0,1.0,,,,1.0,,1.0,0.6666666666666666,,1.0,0.75,,1.0,0.3333333333333333,,,,1.0,,,,1.0,1.0,,,,,,,,20.4,20.4,0.3333333333333333,1.0,1.0,1.0,,,,,0.3333333333333333,1.0,1.0,0.3333333333333333,,,,,0.5,1.0,,,0.6666666666666666,,0.5686833333333333,,0.60335,0.25,0.3333333333333333,,0.6666666666666666,8.6,25.8,1.0,,,,,,,,,,,,,,,,1.0,,,,1.0,1.0,,,,,,,,,,,,,,,,,,,,,,,,,,,,,,,,,,,,,,,,,,,,,,,,,,,1610612760,2004,2003-04,True
1498-1740-1916-2209-699,1610612760,"Antonio Daniels, Rashard Lewis, Calvin Booth, Vladimir Radmanovic, Brent Barry","Daniels, Lewis, Booth, Radmanovic, Barry",1498-1740-1916-2209-699,SEA,2811.0,11,84.0,34.0,170.0,8.0,14.0,9.0,18.0,2.0,34.0,87.08644610458911,15.892857142857142,14.94047619047619,0.40476190476190477,47.0,-10.0,86.0,20.0,11.0,11.0,21.0,3.0,6.0,4.0,9.0,5.0,12.0,10.0,30.0,3.0,8.0,1.0,4.0,26.0,63.0,4.0,13.0,13.0,77.0,87.0,6.0,12.0,,12.0,7.0,23.0,2.0,5.0,7.0,27.0,26.0,26.0,,6.0,,8.0,3.0,5.0,13.0,17.0,6.0,1.0,38.0,12.0,14.0,22.0,2.0,38.0,13.0,51.0,7.0,3.0,6.0,3.0,1.0,1.0,,9.0,20.0,,7.0,1.0,65.0,27.0,1.0,0.5,0.5652173913043478,0.3076923076923077,0.4,0.3076923076923077,0.4126984126984127,0.5,0.30434782608695654,0.42105263157894735,0.46153846153846156,0.35714285714285715,0.45294117647058824,0.46153846153846156,0.421875,0.17105263157894737,0.07936507936507936,0.16666666666666666,,0.42857142857142855,1.0,0.6470588235294118,0.32432432432432434,0.8235294117647058,0.7058823529411765,0.2826086956521739,0.4,0.42857142857142855,0.25,0.6666666666666666,0.6470588235294118,0.8571428571428571,17.162790697674417,16.058139534883722,0.27631578947368424,0.5238095238095238,0.6111111111111112,0.5454545454545454,0.15789473684210525,0.4166666666666667,0.5,0.2,0.39473684210526316,0.3333333333333333,0.3333333333333333,0.10526315789473684,0.375,0.375,0.46153846153846156,0.5,0.32142857142857145,0.4444444444444444,0.14285714285714285,0.25,0.4473684210526316,0.375,0.46746513157894737,0.48833461538461537,0.4600107142857143,0.09523809523809523,0.1,0.15584415584415584,0.35064935064935066,10.50952380952381,24.976923076923075,5.0,4.0,1.0,4.0,,2.0,2.0,,0.5,1.0,5.0,1.0,1.0,12.0,4.0,1.0,6.0,1.0,0.14285714285714285,0.6363636363636364,0.6666666666666666,0.6,0.06578947368421052,0.2,0.2,1.0,0.03571428571428571,1.0,3.0,1.0,4.0,1.0,0.1111111111111111,,,,0.2,,,,,,1.0,,,,,1.0,,1.0,1.0,0.07692307692307693,,,1.0,0.3333333333333333,,,,,,,,1.0,0.07142857142857142,,,,,,,,1610612760,2004,2003-04,True
1498-1740-1916-2209-951,1610612760,"Antonio Daniels, Rashard Lewis, Calvin Booth, Vladimir Radmanovic, Ray Allen","Daniels, Lewis, Booth, Radmanovic, Allen",1498-1740-1916-2209-951,SEA,921.0,8,26.0,20.0,53.0,2.0,5.0,5.0,4.0,,20.0,82.86644951140066,19.192307692307693,17.46153846153846,0.7692307692307693,15.0,-11.0,27.0,13.0,2.0,5.0,7.0,,1.0,4.0,4.0,1.0,9.0,2.0,5.0,,,,,8.0,21.0,2.0,2.0,7.0,29.0,40.0,,1.0,,,5.0,12.0,2.0,2.0,6.0,22.0,10.0,6.0,,,,,,3.0,5.0,7.0,3.0,,16.0,6.0,1.0,5.0,,6.0,6.0,12.0,2.0,,3.0,2.0,1.0,,1.0,2.0,11.0,1.0,2.0,4.0,29.0,22.0,1.0,0.625,0.625,1.0,1.0,1.0,0.38095238095238093,,0.4166666666666667,0.4782608695652174,,0.5714285714285714,0.5178571428571429,,0.6111111111111112,0.08695652173913043,0.14285714285714285,0.2222222222222222,,0.6,,0.5,0.46153846153846156,1.0,0.5454545454545454,0.46153846153846156,0.5,0.5,0.3333333333333333,1.0,0.5,,15.62962962962963,13.333333333333334,0.30434782608695654,0.7142857142857143,0.8333333333333334,0.6,0.391304347826087,0.1111111111111111,0.14285714285714285,,0.21739130434782608,0.4,0.4,,,,1.0,,0.2857142857142857,1.0,,,0.391304347826087,,0.45494565217391303,0.5632,0.44468928571428573,0.08333333333333333,0.09090909090909091,,0.7586206896551724,8.995238095238095,23.25,2.0,2.0,1.0,2.0,,1.0,1.0,,0.5,2.0,2.0,2.0,2.0,6.0,2.0,2.0,2.0,1.0,0.14285714285714285,0.3333333333333333,1.0,1.0,0.08695652173913043,1.0,1.0,1.0,0.14285714285714285,1.0,,,2.0,,,,,,,,2.0,,,,,,,,,,,,,,,,,,,,,,,,,,,,,,,,,,1610612760,2004,2003-04,True
1498-1740-1916-2436-2499,1610612760,"Antonio Daniels, Rashard Lewis, Calvin Booth, Flip Murray, Richie Frahm","Daniels, Lewis, Booth, Murray, Frahm",1498-1740-1916-2436-2499,SEA,278.0,1,8.0,4.0,16.0,,1.0,1.0,,,4.0,82.87769784172662,19.25,17.625,0.5,5.0,-3.0,8.0,,2.0,1.0,2.0,,1.0,1.0,1.0,1.0,3.0,,1.0,,1.0,,1.0,2.0,6.0,1.0,2.0,1.0,8.0,11.0,,1.0,,,1.0,2.0,,1.0,1.0,3.0,2.0,2.0,,,,1.0,,2.0,1.0,2.0,1.0,,5.0,1.0,,,,,2.0,2.0,2.0,,1.0,,,,1.0,,2.0,,1.0,,8.0,3.0,,0.5,0.5,0.5,,0.5,0.3333333333333333,,0.5,0.4375,,0.3333333333333333,0.4444444444444444,,0.375,0.25,0.3333333333333333,0.3333333333333333,,1.0,,,0.25,,,0.4,,0.5,,,,,15.5,14.125,0.25,0.5,1.0,1.0,0.375,0.3333333333333333,0.5,,0.125,,,0.125,,,1.0,,0.3333333333333333,1.0,0.3333333333333333,,0.5,,0.4099375,0.3267,0.4328166666666667,0.1111111111111111,0.14285714285714285,,0.375,6.6000000000000005,24.65,1.0,,,,,,,,,1.0,1.0,,,3.0,1.0,1.0,,1.0,0.5,,,,0.125,1.0,1.0,1.0,,,,,2.0,1.0,1.0,,,,1.0,,,,,,,,,,,,,,,,,,,,,,,,,,,,,,,,,,,,1610612760,2004,2003-04,True
1498-1740-1916-2436-2501,1610612760,"Antonio Daniels, Rashard Lewis, Calvin Booth, Flip Murray, Reggie Evans","Daniels, Lewis, Booth, Murray, Evans",1498-1740-1916-2436-2501,SEA,578.0,7,16.0,13.0,33.0,2.0,3.0,3.0,4.0,1.0,13.0,82.21453287197232,15.5625,14.0625,0.8125,10.0,2.0,17.0,6.0,2.0,3.0,4.0,,1.0,2.0,3.0,3.0,4.0,1.0,4.0,1.0,3.0,1.0,3.0,7.0,12.0,1.0,3.0,4.0,21.0,19.0,1.0,2.0,,2.0,5.0,9.0,1.0,3.0,3.0,16.0,4.0,10.0,,,1.0,2.0,1.0,,2.0,3.0,1.0,,7.0,2.0,2.0,4.0,1.0,7.0,2.0,9.0,,,1.0,,,,1.0,2.0,4.0,1.0,1.0,1.0,19.0,16.0,,0.2857142857142857,0.2857142857142857,0.3333333333333333,0.3333333333333333,0.5,0.5833333333333334,0.5,0.5555555555555556,0.5666666666666667,0.5,0.5416666666666666,0.625,0.5,0.6153846153846154,0.2,,,,0.3333333333333333,1.0,0.8,0.4,1.0,0.8571428571428571,0.3333333333333333,1.0,,0.3333333333333333,,0.8,1.0,19.352941176470587,18.352941176470587,0.26666666666666666,0.75,0.75,0.3333333333333333,0.26666666666666666,0.75,0.75,,0.26666666666666666,0.25,0.25,0.2,0.3333333333333333,0.3333333333333333,0.5,,0.25,0.6666666666666666,0.25,0.3333333333333333,0.4666666666666667,0.5,0.46808214285714284,0.401,0.4692409090909091,0.06666666666666667,0.08333333333333333,0.09523809523809523,0.7619047619047619,8.25,39.233333333333334,1.0,,,,,,,,,,,,,3.0,1.0,,1.0,1.0,,,,1.0,,,,,,,1.0,1.0,,,,,1.0,,,0.16666666666666666,,,,,,,,,,,,,1.0,,,,,,,,,,,,,,,,,,,,,,1610612760,2004,2003-04,True
1498-1740-1916-2436-951,1610612760,"Antonio Daniels, Rashard Lewis, Calvin Booth, Flip Murray, Ray Allen","Daniels, Lewis, Booth, Murray, Allen",1498-1740-1916-2436-951,SEA,613.0,6,22.0,4.0,44.0,2.0,3.0,,6.0,,4.0,103.3605220228385,13.954545454545455,12.954545454545455,0.18181818181818182,10.0,3.0,22.0,10.0,5.0,3.0,7.0,1.0,3.0,,,1.0,6.0,,4.0,,4.0,,,4.0,17.0,1.0,6.0,7.0,18.0,15.0,2.0,6.0,,4.0,,2.0,1.0,1.0,2.0,5.0,6.0,2.0,,2.0,,4.0,,2.0,3.0,4.0,2.0,1.0,9.0,6.0,5.0,3.0,,8.0,7.0,15.0,2.0,2.0,1.0,,,,,1.0,7.0,,3.0,,14.0,5.0,3.0,0.75,1.0,0.16666666666666666,1.0,0.16666666666666666,0.23529411764705882,0.3333333333333333,,0.2391304347826087,0.2857142857142857,0.5,0.3269230769230769,0.2857142857142857,0.625,0.2608695652173913,0.11764705882352941,0.16666666666666666,,0.3333333333333333,,1.0,0.5,1.0,1.0,0.4117647058823529,0.75,0.75,,1.0,,1.0,13.909090909090908,13.909090909090908,0.30434782608695654,0.42857142857142855,0.5,0.6666666666666666,0.2608695652173913,0.16666666666666666,0.2,1.0,0.17391304347826086,,,0.17391304347826086,,,0.42857142857142855,0.3333333333333333,,,,,0.5652173913043478,,0.4861782608695652,0.54415,0.39981666666666665,0.11538461538461539,0.15,0.2222222222222222,0.2777777777777778,7.6647058823529415,24.833333333333332,1.0,,,,,,,,,1.0,2.0,1.0,1.0,3.0,1.0,1.0,,1.0,0.14285714285714285,1.0,1.0,,0.08695652173913043,0.5,0.5,1.0,0.3333333333333333,1.0,,,,1.0,0.2,,1.0,,0.25,0.06666666666666667,2.0,,,,1.0,,,,,,,1.0,1.0,0.14285714285714285,,,1.0,,,,,,,,,,,,,,,,,,1610612760,2004,2003-04,True
1498-1740-1916-2436-958,1610612760,"Antonio Daniels, Rashard Lewis, Calvin Booth, Flip Murray, Vitaly Potapenko","Daniels, Lewis, Booth, Murray, Potapenko",1498-1740-1916-2436-958,SEA,874.0,7,26.0,7.0,52.0,,1.0,,2.0,,7.0,85.67505720823799,16.846153846153847,15.76923076923077,0.2692307692307692,15.0,8.0,26.0,3.0,4.0,5.0,9.0,2.0,3.0,1.0,2.0,,3.0,4.0,11.0,2.0,5.0,,,9.0,23.0,2.0,5.0,5.0,29.0,21.0,2.0,4.0,2.0,6.0,2.0,8.0,,,2.0,6.0,10.0,8.0,3.0,2.0,,5.0,2.0,1.0,5.0,6.0,3.0,,13.0,4.0,2.0,10.0,,12.0,6.0,18.0,,,1.0,,,,,,6.0,2.0,3.0,1.0,23.0,6.0,,0.5555555555555556,0.625,0.4,,0.4,0.391304347826087,0.5,0.25,0.42857142857142855,0.5,0.25,0.48333333333333334,0.6,0.3333333333333333,0.17857142857142858,0.043478260869565216,,,1.0,,0.7142857142857143,0.3076923076923077,0.5,0.6666666666666666,0.3125,0.25,1.0,0.14285714285714285,0.75,0.5,0.5,16.76923076923077,14.923076923076923,0.32142857142857145,0.5555555555555556,0.625,0.6,0.10714285714285714,,,,0.39285714285714285,0.36363636363636365,0.36363636363636365,0.17857142857142858,0.4,0.4,0.75,0.6666666666666666,0.25,0.5,,,0.5,0.4,0.46265535714285716,0.5438333333333333,0.431425,0.10344827586206896,0.125,0.20689655172413793,0.20689655172413793,10.352173913043478,25.839999999999996,1.0,3.0,,3.0,1.0,3.0,2.0,0.5,0.6666666666666666,,,,,3.0,1.0,,2.0,0.5,0.1111111111111111,1.0,0.5,0.5,,,,,,,1.0,0.5,,1.0,0.3333333333333333,,,,0.3333333333333333,,,,,,,,,,,,,,,,,,,0.5,,,,,,,,,,,,,,,,,1610612760,2004,2003-04,True
1498-1740-1916-2499-699,1610612760,"Antonio Daniels, Rashard Lewis, Calvin Booth, Richie Frahm, Brent Barry","Daniels, Lewis, Booth, Frahm, Barry",1498-1740-1916-2499-699,SEA,15.0,1,,,1.0,,,,,,,96.0,,,,,,1.0,1.0,,,,,,,,,,,,,,,,,,,,,,,,,,,,,,,,,,,,,,,,,,,,,,,1.0,,,1.0,,1.0,,,,,,,,,,,,,,,,,,,,,,,,,,,,,,,,,,,,,,1.0,1.0,,,,,,,1.0,15.0,15.0,,,,,,,,,,,,,,,,,,,,,,,,,,,,,,,,,,,,,,,,,,,,,,,,,,,,,,,,,,,,,,,,,,,,,,,,,,,,,,,,,,,,,,,,,,,,,,,,,,,,,,,,1610612760,2004,2003-04,True
1498-1740-1916-2499-951,1610612760,"Antonio Daniels, Rashard Lewis, Calvin Booth, Richie Frahm, Ray Allen","Daniels, Lewis, Booth, Frahm, Allen",1498-1740-1916-2499-951,SEA,279.0,1,11.0,1.0,22.0,3.0,3.0,,4.0,2.0,1.0,113.54838709677418,12.181818181818182,12.181818181818182,0.09090909090909091,5.0,-3.0,11.0,,,1.0,2.0,,,,,,3.0,,,,1.0,,,1.0,5.0,1.0,2.0,3.0,8.0,11.0,,,,,,,1.0,1.0,,3.0,2.0,,,,,1.0,,1.0,1.0,2.0,1.0,,5.0,,1.0,3.0,1.0,5.0,,5.0,2.0,,,,,,,2.0,3.0,,1.0,,8.0,3.0,,1.0,1.0,0.5,1.0,0.5,0.2,,,0.35714285714285715,,1.5,0.5,,1.5,0.2857142857142857,0.2,0.3333333333333333,,,1.0,1.0,,1.0,1.0,,,,,1.0,1.0,1.0,13.181818181818182,13.181818181818182,0.2857142857142857,0.5,0.5,1.0,0.42857142857142855,,,,,,,0.14285714285714285,,,,,,,,,0.5714285714285714,,0.47352142857142854,,0.4473,0.125,0.16666666666666666,,0.375,6.779999999999999,24.6,,1.0,,1.0,,1.0,1.0,,1.0,1.0,1.0,1.0,1.0,3.0,1.0,1.0,,1.0,,,,,0.14285714285714285,1.0,1.0,1.0,1.0,1.0,,,2.0,,,,,,,,,,,,,,,,,,,,,,,,,,,,,,,,,,,,,,,,,,1610612760,2004,2003-04,True
1498-1740-1916-2501-2557,1610612760,"Antonio Daniels, Rashard Lewis, Calvin Booth, Reggie Evans, Luke Ridnour","Daniels, Lewis, Booth, Evans, Ridnour",1498-1740-1916-2501-2557,SEA,47.0,1,1.0,,3.0,,1.0,,1.0,,,91.91489361702128,1.0,1.0,,1.0,-2.0,2.0,2.0,,,,,,,,,,,,,,,,,,,,,,2.0,,,,,,,,,,,,,,,,,,,,,,,,,,,,,,,,,1.0,,,,,1.0,,,,,,,,,,,,,,,,,,,,,,,,,,1.0,,,,,,,,,,,,,23.0,22.5,,,,,,,,,,,,,,,,,,,,,,,,,,,,,,,,1.0,,,,,,,,,,,,,,,,,,,,,,,,,,,,,,,,,,,,,,,,,,,,,,,,,,,,,,,,,,,,,,,,,,,,,,,,1610612760,2004,2003-04,True
1498-1740-1916-2501-699,1610612760,"Antonio Daniels, Rashard Lewis, Calvin Booth, Reggie Evans, Brent Barry","Daniels, Lewis, Booth, Evans, Barry",1498-1740-1916-2501-699,SEA,48.0,2,2.0,,3.0,,,,,,,90.0,14.5,14.5,,1.0,2.0,1.0,,,,,,,,,,,,1.0,,,,,,1.0,,,2.0,2.0,,,,,,,,,,,,,,,,,,,,,,,,,,,,,,,,,,,,,,,,2.0,,1.0,,2.0,,,,,,,,,,,,,,0.5,,,,,,,,,,,,,,,,,,,,19.0,19.0,,,,,,,,,1.0,,,,,,,,,,,,,,0.401,,,0.5,0.5,,,16.6,,,,,,,,,,,,,,,,,,,,,,,,,,,,,,,,,,,,,,,,,,,,,,,,,,,,,,,,,,,,,,,,,,,,,,,,,,1610612760,2004,2003-04,True
1498-1740-1916-2501-951,1610612760,"Antonio Daniels, Rashard Lewis, Calvin Booth, Reggie Evans, Ray Allen","Daniels, Lewis, Booth, Evans, Allen",1498-1740-1916-2501-951,SEA,557.0,4,16.0,2.0,33.0,2.0,3.0,1.0,4.0,1.0,2.0,85.31418312387792,17.8125,15.1875,0.125,9.0,-1.0,17.0,3.0,4.0,,,,,,,1.0,2.0,2.0,8.0,1.0,4.0,,1.0,3.0,10.0,1.0,6.0,2.0,11.0,12.0,1.0,1.0,,2.0,,,,3.0,,,6.0,,,,,4.0,1.0,,3.0,4.0,,1.0,9.0,2.0,3.0,4.0,1.0,8.0,4.0,12.0,1.0,1.0,1.0,1.0,1.0,,2.0,3.0,2.0,,,1.0,9.0,,,1.0,1.0,0.16666666666666666,,0.16666666666666666,0.3,1.0,,0.28125,0.5,,0.3235294117647059,0.5,,0.375,,,,0.3333333333333333,1.0,0.6666666666666666,0.2857142857142857,1.0,0.7777777777777778,0.3333333333333333,,,0.3333333333333333,0.6666666666666666,1.0,1.0,16.0,15.705882352941176,,,,,0.125,0.5,0.5,1.0,0.5,0.25,0.25,0.25,0.25,0.25,,,,,0.3333333333333333,,0.375,0.25,0.4609,0.4329,0.5348,,,0.18181818181818182,,17.369999999999997,24.516666666666666,,1.0,,1.0,,1.0,,,,,2.0,,2.0,3.0,1.0,,2.0,1.0,,0.5,,1.0,0.125,,,,0.6666666666666666,,1.0,1.0,,2.0,0.4,0.5,1.0,,0.3333333333333333,0.08333333333333333,,,1.0,,1.0,,0.5,,,,,,,,,,,,,,,,,,,,,,,,,,,,1610612760,2004,2003-04,True
1498-1740-1916-2557-699,1610612760,"Antonio Daniels, Rashard Lewis, Calvin Booth, Luke Ridnour, Brent Barry","Daniels, Lewis, Booth, Ridnour, Barry",1498-1740-1916-2557-699,SEA,2.0,1,,,1.0,,,,1.0,,,720.0,,,,,,1.0,1.0,,,,,,,,,,,,,,,,,,,,,,,,,,,,,,,,,,,,,,,,,,,,,,,,,1.0,1.0,,1.0,,,,,,,,,,,,,,,1.0,,,,,,,,,,,,,,,,,,,,1.0,,,,,,,,,,,,2.0,2.0,,,,,,,,,,,,,,,,,,,,,,,,,,,,,,,,,,,,,,,,,,,,,,,,,,,,,,,,,,,,,,,,,,,,,,,,,,,,,,,,,,,,,,,,,,,,,,,,,,,,,,,,1610612760,2004,2003-04,True
1498-1740-1916-699-951,1610612760,"Antonio Daniels, Rashard Lewis, Calvin Booth, Brent Barry, Ray Allen","Daniels, Lewis, Booth, Barry, Allen",1498-1740-1916-699-951,SEA,259.0,3,10.0,10.0,19.0,2.0,3.0,3.0,3.0,1.0,10.0,105.63706563706565,13.4,12.8,1.0,4.0,1.0,9.0,9.0,3.0,3.0,5.0,2.0,3.0,3.0,5.0,1.0,2.0,1.0,3.0,,,,,5.0,10.0,,1.0,,10.0,9.0,2.0,3.0,,4.0,5.0,10.0,,1.0,,10.0,4.0,6.0,,2.0,,,,,2.0,2.0,1.0,1.0,4.0,4.0,,2.0,,2.0,4.0,6.0,1.0,,1.0,,,,,,2.0,,1.0,,6.0,10.0,2.0,0.4,0.5,,,,0.5,0.6666666666666666,0.5,0.45454545454545453,0.6666666666666666,0.45454545454545453,0.4166666666666667,0.5,0.4166666666666667,0.09090909090909091,,,,0.3333333333333333,,0.6666666666666666,1.0,,0.6666666666666666,0.8,1.0,1.0,1.0,,1.0,,13.88888888888889,13.88888888888889,0.45454545454545453,0.6,0.6,0.3333333333333333,0.18181818181818182,0.5,0.5,1.0,0.2727272727272727,0.3333333333333333,0.3333333333333333,,,,1.0,0.6666666666666666,0.45454545454545453,0.6,,,0.5454545454545454,,0.4721090909090909,0.5592666666666667,0.4721090909090909,0.08333333333333333,0.09090909090909091,0.4,1.0,7.3,22.3,1.0,1.0,,1.0,,1.0,,,,,1.0,,1.0,,,,,,,,,,0.09090909090909091,,,,0.09090909090909091,,,,1.0,,,,1.0,,,0.2,,,,,,,,,,,,,,,,,,0.5,,,,,,,,,,,,,,,,,1610612760,2004,2003-04,True
1498-1740-1916-951-958,1610612760,"Antonio Daniels, Rashard Lewis, Calvin Booth, Ray Allen, Vitaly Potapenko","Daniels, Lewis, Booth, Allen, Potapenko",1498-1740-1916-951-958,SEA,6854.0,12,208.0,7.0,416.0,14.0,24.0,,33.0,5.0,7.0,87.4000583600817,15.649038461538462,15.173076923076923,0.03365384615384615,114.0,5.0,208.0,6.0,25.0,39.0,65.0,11.0,15.0,2.0,3.0,12.0,33.0,30.0,69.0,12.0,21.0,1.0,1.0,81.0,167.0,12.0,28.0,32.0,230.0,225.0,15.0,23.0,1.0,31.0,3.0,7.0,1.0,1.0,,9.0,92.0,70.0,9.0,16.0,,21.0,12.0,12.0,46.0,55.0,18.0,5.0,119.0,22.0,25.0,54.0,3.0,82.0,29.0,111.0,15.0,11.0,10.0,3.0,3.0,1.0,3.0,13.0,49.0,5.0,26.0,,199.0,9.0,2.0,0.5679012345679012,0.6301369863013698,0.42857142857142855,1.0,0.42857142857142855,0.48502994011976047,0.6521739130434783,0.42857142857142855,0.5076923076923077,0.625,0.5625,0.5277777777777778,0.62,0.5625,0.14358974358974358,0.0718562874251497,0.15151515151515152,0.014492753623188406,0.4166666666666667,1.0,0.6352941176470588,0.25882352941176473,0.8064516129032258,0.6810344827586207,0.26732673267326734,0.28,0.3333333333333333,0.20512820512820512,0.6666666666666666,0.6410256410256411,0.8260869565217391,17.302884615384617,16.125,0.3333333333333333,0.6,0.6610169491525424,0.46153846153846156,0.16923076923076924,0.36363636363636365,0.42857142857142855,0.4166666666666667,0.35384615384615387,0.43478260869565216,0.4411764705882353,0.1076923076923077,0.5714285714285714,0.5714285714285714,0.625,0.7333333333333333,0.375,0.6666666666666666,0.125,1.0,0.47692307692307695,0.5714285714285714,0.48605589743589744,0.506025,0.50221875,0.12037037037037036,0.13829787234042554,0.13478260869565217,0.0391304347826087,9.58443113772455,24.510714285714283,7.0,13.0,5.0,13.0,2.0,8.0,7.0,0.2222222222222222,0.5384615384615384,,7.0,,,27.0,9.0,,23.0,0.75,0.09230769230769231,0.6071428571428571,0.75,0.7666666666666667,0.035897435897435895,,,,,,9.0,0.75,4.0,5.0,0.3125,0.42857142857142855,4.0,2.0,0.2222222222222222,0.0449438202247191,,,1.0,,1.0,,0.041666666666666664,,,,,,2.0,,,,3.0,0.18181818181818182,,,,,1.0,,,,,,,,,,,,1610612760,2004,2003-04,True
1498-1740-2209-2436-2499,1610612760,"Antonio Daniels, Rashard Lewis, Vladimir Radmanovic, Flip Murray, Richie Frahm","Daniels, Lewis, Radmanovic, Murray, Frahm",1498-1740-2209-2436-2499,SEA,170.0,1,5.0,,10.0,1.0,1.0,,2.0,1.0,,84.70588235294117,15.2,14.6,,3.0,9.0,5.0,,1.0,2.0,3.0,1.0,2.0,,,1.0,1.0,1.0,2.0,,,,,4.0,6.0,,,1.0,9.0,,1.0,2.0,1.0,3.0,,,,,,,2.0,6.0,,2.0,,,,1.0,1.0,1.0,,,2.0,2.0,2.0,3.0,,5.0,2.0,7.0,,,,,,,,,1.0,1.0,1.0,,6.0,,,0.25,0.3333333333333333,,,,0.6666666666666666,0.5,,0.6666666666666666,0.5,,0.75,0.75,,,0.16666666666666666,,,,,1.0,1.0,1.0,1.0,1.0,1.0,,1.0,,1.0,1.0,18.8,18.8,0.5,0.6666666666666666,1.0,,0.16666666666666666,1.0,1.0,,0.3333333333333333,0.5,0.5,,,,1.0,0.5,,,,,0.5,,0.49475,0.6341,,0.16666666666666666,0.16666666666666666,0.3333333333333333,,7.866666666666667,,,,,,,,,,,,,,,,,,1.0,,0.3333333333333333,1.0,,1.0,,,,,,,,,,,,,,,,,,,,,,,,,,,,,,,,,,,,,,,,,,,,,,,,,,,1610612760,2004,2003-04,True
1498-1740-2209-2436-2501,1610612760,"Antonio Daniels, Rashard Lewis, Vladimir Radmanovic, Flip Murray, Reggie Evans","Daniels, Lewis, Radmanovic, Murray, Evans",1498-1740-2209-2436-2501,SEA,1306.0,11,43.0,17.0,88.0,2.0,8.0,2.0,13.0,,17.0,97.0290964777948,14.744186046511627,14.069767441860465,0.3953488372093023,22.0,-6.0,45.0,21.0,5.0,8.0,11.0,1.0,2.0,2.0,4.0,2.0,4.0,4.0,10.0,2.0,8.0,,3.0,14.0,25.0,2.0,8.0,12.0,46.0,52.0,1.0,2.0,5.0,7.0,6.0,12.0,,3.0,5.0,17.0,18.0,10.0,,2.0,,8.0,2.0,,9.0,11.0,5.0,1.0,24.0,4.0,5.0,8.0,3.0,16.0,6.0,22.0,1.0,,6.0,,1.0,,1.0,7.0,15.0,2.0,6.0,2.0,39.0,17.0,2.0,0.6428571428571429,0.6923076923076923,0.25,,0.25,0.56,0.5,0.5,0.5151515151515151,0.3333333333333333,0.4,0.5769230769230769,0.7,0.47058823529411764,0.24242424242424243,,,,0.75,0.75,0.8,0.36363636363636365,1.0,0.8666666666666667,0.3125,0.3333333333333333,,0.5,0.75,1.0,1.0,14.933333333333334,14.511111111111111,0.3333333333333333,0.7272727272727273,0.7272727272727273,0.625,0.12121212121212122,0.5,0.5,0.5,0.30303030303030304,0.4,0.4,0.24242424242424243,0.25,0.25,0.6666666666666666,0.5,0.26666666666666666,0.5,0.2,,0.5757575757575758,0.25,0.4491151515151515,0.4816666666666667,0.40177,0.16216216216216217,0.20689655172413793,0.15217391304347827,0.3695652173913043,8.943999999999999,27.125,5.0,1.0,,1.0,1.0,1.0,1.0,0.25,1.0,,,,,6.0,2.0,,3.0,1.0,,0.75,1.0,0.75,,,,,,,2.0,1.0,1.0,1.0,0.2,,1.0,,0.2,0.0625,1.0,,,,1.0,,,,,,,1.0,1.0,0.3333333333333333,,,,,,,,,,,1.0,,,,,,,,,,1610612760,2004,2003-04,True
1498-1740-2209-2436-2557,1610612760,"Antonio Daniels, Rashard Lewis, Vladimir Radmanovic, Flip Murray, Luke Ridnour","Daniels, Lewis, Radmanovic, Murray, Ridnour",1498-1740-2209-2436-2557,SEA,4.0,1,,,1.0,,,,,,,360.0,,,,,-3.0,1.0,1.0,,,,,,,,,,,,,,,,,,,,,,3.0,,,,,,,,,,,,,,,,,,,,,,,,,,,,,,,,,,,,,,,,,,,,,,,,,,,,,,,,,,,,,,,,,,,,,,,,,,,,,4.0,4.0,,,,,,,,,,,,,,,,,,,,,,,,,,,,,,,,,,,,,,,,,,,,,,,,,,,,,,,,,,,,,,,,,,,,,,,,,,,,,,,,,,,,,,,,,,,,,,,,,,,,,,,,1610612760,2004,2003-04,True
1498-1740-2209-2436-699,1610612760,"Antonio Daniels, Rashard Lewis, Vladimir Radmanovic, Flip Murray, Brent Barry","Daniels, Lewis, Radmanovic, Murray, Barry",1498-1740-2209-2436-699,SEA,83.0,4,2.0,2.0,9.0,,1.0,1.0,3.0,,2.0,156.14457831325302,11.0,11.0,1.0,1.0,-10.0,7.0,6.0,,,,,,,,,,,1.0,,,,,,1.0,,,1.0,1.0,11.0,,,,,,1.0,,,1.0,1.0,,,,,,,,,,,,,,,1.0,,,1.0,,1.0,,,1.0,,,,,1.0,2.0,,,1.0,1.0,1.0,2.0,,,,,,,,,,,,0.25,,0.25,,,,,1.0,,,,1.0,1.0,,,,,,,,8.714285714285714,8.142857142857142,,,,,,,,,1.0,,,,,,,,,,,,,,0.353,,0.353,,,,1.0,14.7,,1.0,,,,,,,,,,,,,,,,,,,,1.0,,,,,,,,,,,,,,,,,,,,,,,,,,,,,,,,,,,,,,,,,,,,,,,,,,,,1610612760,2004,2003-04,True
1498-1740-2209-2436-951,1610612760,"Antonio Daniels, Rashard Lewis, Vladimir Radmanovic, Flip Murray, Ray Allen","Daniels, Lewis, Radmanovic, Murray, Allen",1498-1740-2209-2436-951,SEA,570.0,8,19.0,16.0,40.0,2.0,3.0,3.0,5.0,,16.0,101.05263157894737,14.947368421052632,13.631578947368421,0.8421052631578947,10.0,4.0,21.0,10.0,7.0,6.0,7.0,3.0,3.0,5.0,6.0,,5.0,1.0,3.0,,3.0,,3.0,7.0,15.0,,3.0,4.0,18.0,14.0,3.0,5.0,2.0,8.0,6.0,11.0,,3.0,2.0,14.0,8.0,6.0,,4.0,,3.0,,1.0,4.0,4.0,4.0,,8.0,6.0,5.0,3.0,,8.0,7.0,15.0,2.0,1.0,1.0,,1.0,1.0,1.0,2.0,8.0,,2.0,2.0,10.0,14.0,1.0,0.5714285714285714,0.8,,,,0.4666666666666667,0.6,0.5454545454545454,0.3888888888888889,0.6,0.42857142857142855,0.4090909090909091,0.6666666666666666,0.4117647058823529,0.16666666666666666,0.06666666666666667,0.2,,0.3333333333333333,,0.6,0.75,0.7142857142857143,0.6666666666666666,0.7,1.0,1.0,,0.6666666666666666,,0.7142857142857143,13.619047619047619,13.285714285714286,0.3888888888888889,0.8571428571428571,0.8571428571428571,0.6666666666666666,0.2777777777777778,,,,0.16666666666666666,0.3333333333333333,0.3333333333333333,0.16666666666666666,,,0.6,1.0,0.42857142857142855,0.8333333333333334,0.21428571428571427,,0.5555555555555556,,0.46074166666666666,0.423825,0.48894642857142856,0.1,0.11764705882352941,0.4444444444444444,0.7777777777777778,6.386666666666667,26.333333333333332,,2.0,1.0,2.0,,1.0,1.0,,0.5,,,,,,,,,,,1.0,,,,,,,,,,,1.0,1.0,0.5,,1.0,,0.5,0.1111111111111111,,,,,,,,,,,,,,,,,,0.3333333333333333,,,,,,,,,,,,,,,,,1610612760,2004,2003-04,True
1498-1740-2209-2436-958,1610612760,"Antonio Daniels, Rashard Lewis, Vladimir Radmanovic, Flip Murray, Vitaly Potapenko","Daniels, Lewis, Radmanovic, Murray, Potapenko",1498-1740-2209-2436-958,SEA,1973.0,19,62.0,28.0,126.0,6.0,10.0,4.0,16.0,2.0,28.0,91.9614799797263,16.5,16.129032258064516,0.45161290322580644,33.0,-20.0,64.0,18.0,5.0,8.0,12.0,2.0,3.0,4.0,6.0,5.0,10.0,4.0,14.0,2.0,9.0,1.0,3.0,17.0,36.0,5.0,15.0,9.0,58.0,78.0,3.0,4.0,1.0,7.0,8.0,17.0,3.0,6.0,4.0,29.0,14.0,20.0,,2.0,1.0,8.0,2.0,2.0,7.0,12.0,2.0,1.0,29.0,3.0,4.0,15.0,1.0,20.0,4.0,24.0,6.0,3.0,4.0,1.0,2.0,1.0,,8.0,15.0,,4.0,3.0,51.0,29.0,3.0,0.4117647058823529,0.4375,0.3333333333333333,0.5,0.35714285714285715,0.4722222222222222,0.75,0.47058823529411764,0.4803921568627451,0.75,0.5434782608695652,0.5,0.7,0.5370370370370371,0.29411764705882354,0.05555555555555555,,,0.4,1.0,0.7894736842105263,0.15789473684210525,0.5714285714285714,0.7307692307692307,0.14814814814814814,,0.2,0.2,0.5714285714285714,1.0,0.5714285714285714,14.84375,13.96875,0.23529411764705882,0.6666666666666666,0.8,0.25,0.19607843137254902,0.5,0.5,0.2,0.27450980392156865,0.2857142857142857,0.2857142857142857,0.17647058823529413,0.2222222222222222,0.2222222222222222,0.75,0.6666666666666666,0.2608695652173913,0.6666666666666666,0.13043478260869565,0.3333333333333333,0.5294117647058824,0.25,0.469438,0.4525333333333333,0.47136739130434785,0.07272727272727272,0.1,0.1206896551724138,0.5,9.869444444444445,26.226666666666667,2.0,3.0,1.0,4.0,,2.0,3.0,,0.75,3.0,6.0,2.0,3.0,15.0,5.0,3.0,4.0,1.0,0.16666666666666666,0.875,,1.0,0.11764705882352941,0.5,0.5,1.0,0.13043478260869565,0.6666666666666666,2.0,1.0,3.0,1.0,0.125,0.3333333333333333,,1.0,,,,,,,,,,,,,,,1.0,,,,,,1.0,,,,1.0,1.0,,,,,,,,,,,1610612760,2004,2003-04,True
1498-1740-2209-2499-2557,1610612760,"Antonio Daniels, Rashard Lewis, Vladimir Radmanovic, Richie Frahm, Luke Ridnour","Daniels, Lewis, Radmanovic, Frahm, Ridnour",1498-1740-2209-2499-2557,SEA,41.0,1,,,1.0,,,,1.0,,,35.1219512195122,,,,1.0,-1.0,1.0,,,,,,,,,,,,,,,,,,,,,,,1.0,,,,,,,,,,,,,,,,,,,,,,,,,,,,,,,,,,,,,,1.0,,,,,,,,,,,,,,,,,,,,,,,,,,,,,,,,,,,,,,,41.0,21.0,,,,,,,,,,,,,,,,,,,,,,,,,,,,,,,,,,,,,,,,,,,,,,,,,,,,,,,,,,,,,,,,,,,,,,,,,,,,,,,,,,,,,,,,,,,,,,,,,,,,,,,,1610612760,2004,2003-04,True
1498-1740-2209-2499-699,1610612760,"Antonio Daniels, Rashard Lewis, Vladimir Radmanovic, Richie Frahm, Brent Barry","Daniels, Lewis, Radmanovic, Frahm, Barry",1498-1740-2209-2499-699,SEA,167.0,2,7.0,7.0,15.0,2.0,2.0,2.0,4.0,1.0,7.0,129.34131736526948,13.714285714285714,13.714285714285714,1.0,3.0,-1.0,8.0,7.0,,1.0,1.0,,,1.0,1.0,,,,,,1.0,,1.0,1.0,1.0,2.0,3.0,1.0,9.0,10.0,,,,,1.0,1.0,2.0,3.0,1.0,9.0,2.0,,,,,1.0,,,1.0,3.0,1.0,,8.0,,1.0,1.0,,2.0,,2.0,1.0,1.0,,1.0,,,,2.0,1.0,,,,9.0,9.0,1.0,1.0,1.0,0.6666666666666666,0.6666666666666666,0.6666666666666666,1.0,,1.0,1.0,,1.0,1.0,,1.0,0.75,,,,,,0.5,,1.0,0.6666666666666666,,,,,0.5,,1.0,8.875,8.875,0.25,1.0,1.0,1.0,,,,,,,,0.25,,,,,0.25,1.0,0.25,,1.0,,0.6553375,,0.6553375,,,,1.0,,23.333333333333332,,2.0,,2.0,,2.0,1.0,,0.5,2.0,2.0,2.0,2.0,6.0,2.0,2.0,,1.0,,,,,0.5,1.0,1.0,1.0,0.5,1.0,,,,,,,,,,,,,,,,,,,,,,,1.0,,,,,,,,,,,,,,,,,,,,,,1610612760,2004,2003-04,True
1498-1740-2209-2499-951,1610612760,"Antonio Daniels, Rashard Lewis, Vladimir Radmanovic, Richie Frahm, Ray Allen","Daniels, Lewis, Radmanovic, Frahm, Allen",1498-1740-2209-2499-951,SEA,19.0,1,1.0,1.0,2.0,,,,,,1.0,151.57894736842107,3.0,3.0,1.0,,,1.0,1.0,,,,,,,,,,,,,,,,,,,1.0,,,,,,,,,,,1.0,,,,,,,,,,,,,,,,,,1.0,,1.0,,1.0,,,,,,,,,,,,,,,,,,,,,,,,,,,,,,1.0,,,,,,1.0,,,1.0,,,,,1.0,,,16.0,,,,,,,,,,,,,,,,,,,,,,1.0,,0.36615,,0.36615,,,,,,24.6,,,,,,,,,,,1.0,,1.0,,,,,,,,,,1.0,,,,1.0,,,,,,,,,,,,,,,,,,,,,,,,,,,,,,,,,,,,,,,,,,,,,,1610612760,2004,2003-04,True
1498-1740-2209-2499-958,1610612760,"Antonio Daniels, Rashard Lewis, Vladimir Radmanovic, Richie Frahm, Vitaly Potapenko","Daniels, Lewis, Radmanovic, Frahm, Potapenko",1498-1740-2209-2499-958,SEA,59.0,1,2.0,2.0,4.0,,,,,,2.0,97.6271186440678,14.5,9.5,1.0,1.0,,2.0,2.0,1.0,,1.0,,,,1.0,,,,,,,,,,1.0,,,2.0,2.0,2.0,,,1.0,1.0,,1.0,,,2.0,2.0,,,,,,,,,,,,,,1.0,,,,,1.0,1.0,,,,,,,,,4.0,,2.0,,1.0,2.0,,,,,,,,,,,,,0.3333333333333333,0.5,0.3333333333333333,,,,,,,,1.0,,,1.0,1.0,,,,,,15.0,15.0,1.0,,,,,,,,,,,,,,,,1.0,,,,1.0,,0.2099,,0.2099,0.6666666666666666,0.6666666666666666,0.5,1.0,2.9,,,,,,,,,,,,,,,,,,,,,,,,,,,,,,,,,,,,,,,,,,,,,,,,,,,,,,,,,,,,,,,,,,,,,,,,,,1610612760,2004,2003-04,True
1498-1740-2209-2501-2557,1610612760,"Antonio Daniels, Rashard Lewis, Vladimir Radmanovic, Reggie Evans, Luke Ridnour","Daniels, Lewis, Radmanovic, Evans, Ridnour",1498-1740-2209-2501-2557,SEA,444.0,2,13.0,,24.0,2.0,5.0,,7.0,1.0,,77.83783783783784,17.153846153846153,17.153846153846153,,7.0,-1.0,11.0,,,1.0,2.0,,,,,1.0,2.0,1.0,2.0,,1.0,,,3.0,6.0,1.0,2.0,,9.0,10.0,,,,,,,,,,,4.0,2.0,,,,1.0,,,2.0,3.0,,1.0,7.0,,1.0,1.0,,2.0,,2.0,3.0,2.0,3.0,,,,,3.0,,,,,9.0,,,0.6666666666666666,0.6666666666666666,0.5,,0.5,0.5,,,0.5625,,,0.5625,,,0.25,,,,0.6,,0.25,,0.5,0.3333333333333333,,,,,1.0,,,20.09090909090909,16.181818181818183,0.25,0.5,0.5,,0.25,0.5,0.5,1.0,0.25,0.5,0.5,0.125,,,,,,,,,0.5,,0.4229875,,,,,,,8.450000000000001,24.4,3.0,1.0,,1.0,,,,,,1.0,1.0,,,3.0,1.0,1.0,1.0,1.0,,,0.5,1.0,0.125,1.0,1.0,1.0,,,,,1.0,,,,,,,,1.0,,,,,,,,,1.0,,,,,,,,,,,,,,,,,,,,,,,,,1610612760,2004,2003-04,True
1498-1740-2209-2501-699,1610612760,"Antonio Daniels, Rashard Lewis, Vladimir Radmanovic, Reggie Evans, Brent Barry","Daniels, Lewis, Radmanovic, Evans, Barry",1498-1740-2209-2501-699,SEA,799.0,6,23.0,9.0,44.0,2.0,3.0,,4.0,1.0,9.0,79.2991239048811,16.73913043478261,15.478260869565217,0.391304347826087,13.0,12.0,21.0,1.0,6.0,7.0,8.0,3.0,4.0,2.0,2.0,,4.0,,3.0,1.0,6.0,1.0,3.0,7.0,15.0,1.0,6.0,12.0,29.0,17.0,3.0,4.0,2.0,8.0,2.0,5.0,1.0,3.0,8.0,15.0,4.0,10.0,,2.0,,6.0,1.0,,2.0,3.0,2.0,,7.0,4.0,1.0,6.0,,7.0,7.0,14.0,4.0,3.0,1.0,,,,,,13.0,1.0,6.0,1.0,21.0,15.0,,0.2857142857142857,0.3333333333333333,0.16666666666666666,0.3333333333333333,0.16666666666666666,0.4666666666666667,0.75,0.4,0.40476190476190477,0.5,0.4375,0.5370370370370371,0.5714285714285714,0.625,0.2857142857142857,,,,0.3333333333333333,,1.0,0.5,0.3333333333333333,0.7777777777777778,0.5384615384615384,,0.75,0.3333333333333333,1.0,1.0,,19.714285714285715,19.0,0.38095238095238093,0.875,0.875,0.2857142857142857,0.19047619047619047,,,,0.14285714285714285,,,0.2857142857142857,0.16666666666666666,0.16666666666666666,0.6666666666666666,0.75,0.25,1.0,0.375,0.3333333333333333,0.6666666666666666,0.16666666666666666,0.5014452380952381,0.5521,0.48186875,0.23076923076923078,0.3,0.27586206896551724,0.5172413793103449,5.8533333333333335,25.366666666666664,1.0,1.0,1.0,1.0,,,1.0,,1.0,,,,,3.0,1.0,,,1.0,,1.0,1.0,,,,,,,,1.0,1.0,1.0,3.0,0.6,,,,0.6,,1.0,,,,2.0,,,,,,,2.0,,0.3333333333333333,,,1.0,0.6666666666666666,,,,,,,,,,,,,,,,,1610612760,2004,2003-04,True
1498-1740-2209-2501-951,1610612760,"Antonio Daniels, Rashard Lewis, Vladimir Radmanovic, Reggie Evans, Ray Allen","Daniels, Lewis, Radmanovic, Evans, Allen",1498-1740-2209-2501-951,SEA,752.0,9,22.0,17.0,46.0,1.0,3.0,1.0,6.0,,17.0,88.08510638297872,18.5,16.863636363636363,0.7727272727272727,13.0,1.0,24.0,10.0,5.0,3.0,7.0,2.0,2.0,3.0,6.0,,5.0,5.0,11.0,1.0,1.0,1.0,1.0,8.0,23.0,1.0,2.0,8.0,27.0,26.0,3.0,6.0,3.0,9.0,7.0,17.0,1.0,1.0,7.0,24.0,12.0,4.0,,2.0,,1.0,1.0,3.0,6.0,7.0,2.0,,15.0,8.0,2.0,8.0,,10.0,10.0,20.0,1.0,1.0,2.0,1.0,,,,5.0,12.0,,3.0,3.0,18.0,24.0,,0.75,0.8571428571428571,0.5,1.0,0.5,0.34782608695652173,0.5,0.4117647058823529,0.38,0.5,0.4722222222222222,0.43548387096774194,0.5625,0.5217391304347826,0.08,0.13043478260869565,,,0.6666666666666666,,0.7272727272727273,0.5333333333333333,1.0,0.7692307692307693,0.5625,0.5,0.4,0.6666666666666666,1.0,1.0,1.0,14.375,13.541666666666666,0.28,0.42857142857142855,0.75,0.6666666666666666,0.2,,,,0.44,0.45454545454545453,0.45454545454545453,0.04,1.0,1.0,0.3333333333333333,1.0,0.3333333333333333,0.5,0.05555555555555555,1.0,0.36,1.0,0.428388,0.42716000000000004,0.4182472222222222,0.10714285714285714,0.11538461538461539,0.3333333333333333,0.8888888888888888,10.247826086956522,24.8,2.0,1.0,,1.0,1.0,1.0,1.0,1.0,1.0,,1.0,,,3.0,1.0,,4.0,1.0,0.42857142857142855,0.25,1.0,0.8,0.04,,,,,,1.0,1.0,,1.0,1.0,1.0,,,,,1.0,,,,,,,,,,,,,,,,,0.5,,,,,,,,,,,,,,,,,1610612760,2004,2003-04,True
1498-1740-2209-2557-699,1610612760,"Antonio Daniels, Rashard Lewis, Vladimir Radmanovic, Luke Ridnour, Brent Barry","Daniels, Lewis, Radmanovic, Ridnour, Barry",1498-1740-2209-2557-699,SEA,71.0,1,3.0,3.0,6.0,,,,3.0,,3.0,121.69014084507042,10.666666666666666,10.666666666666666,1.0,1.0,,3.0,2.0,,1.0,2.0,,,1.0,2.0,,,,,,,,,1.0,2.0,1.0,1.0,,5.0,5.0,,,,,1.0,2.0,1.0,1.0,,5.0,,2.0,3.0,,,,,,,,,,,,,,,,,,,,,,,,,,,,,,5.0,5.0,2.0,,,1.0,1.0,1.0,0.5,,0.5,0.8333333333333334,,0.8333333333333334,0.8333333333333334,,0.8333333333333334,0.3333333333333333,,,,,,,,,,,,,,,,,13.0,13.0,0.6666666666666666,0.5,0.5,,,,,,,,,,,,,,0.6666666666666666,0.5,,,1.0,,0.5440833333333334,,0.5440833333333334,,,,1.0,0.9,23.2,,,,,,,,,,1.0,1.0,1.0,1.0,,,,,,,,,,0.3333333333333333,1.0,1.0,,0.3333333333333333,1.0,,,,,,,,,,,,,,,,,,,,,,,,,,,,,,,,,,,,,,,,,,,,,1610612760,2004,2003-04,True
1498-1740-2209-2557-951,1610612760,"Antonio Daniels, Rashard Lewis, Vladimir Radmanovic, Luke Ridnour, Ray Allen","Daniels, Lewis, Radmanovic, Ridnour, Allen",1498-1740-2209-2557-951,SEA,150.0,2,4.0,4.0,8.0,1.0,1.0,1.0,1.0,,4.0,76.8,23.5,17.75,1.0,2.0,-1.0,4.0,4.0,2.0,,,,,,,,,,,1.0,2.0,1.0,2.0,,,1.0,3.0,1.0,4.0,5.0,,,,3.0,,,1.0,3.0,1.0,4.0,,,,,,2.0,1.0,,,1.0,,,3.0,,1.0,,,1.0,2.0,3.0,1.0,,,1.0,,,,,2.0,,1.0,,1.0,4.0,1.0,,,0.3333333333333333,0.3333333333333333,0.3333333333333333,,,,0.5,1.5,0.5,0.5,1.5,0.5,1.0,,,,,,,,1.0,1.0,1.0,,,,,,1.0,14.0,14.0,,,,,,,,,,,,0.6666666666666666,0.5,0.5,,,,,0.6666666666666666,0.5,1.0,0.5,0.4722,,0.4722,0.25,1.0,0.75,1.0,,24.733333333333334,,,,,,,,,,,1.0,,1.0,3.0,1.0,,,1.0,,,,,0.3333333333333333,,,,0.3333333333333333,,1.0,1.0,1.0,2.0,1.0,1.0,1.0,,1.0,0.5,,,,1.0,1.0,1.0,,,,,1.0,1.0,,1.0,1.0,1.0,,,,,,,,,,,,,,,,,,,1610612760,2004,2003-04,True
1498-1740-2209-2557-958,1610612760,"Antonio Daniels, Rashard Lewis, Vladimir Radmanovic, Luke Ridnour, Vitaly Potapenko","Daniels, Lewis, Radmanovic, Ridnour, Potapenko",1498-1740-2209-2557-958,SEA,85.0,1,4.0,4.0,7.0,,1.0,1.0,,,4.0,118.58823529411764,10.5,9.0,1.0,1.0,2.0,3.0,,1.0,,3.0,,1.0,,3.0,,,1.0,2.0,,,,,1.0,5.0,,,,2.0,,1.0,2.0,,2.0,1.0,5.0,,,,2.0,,2.0,,,,,,,,,,,,2.0,,2.0,,2.0,2.0,4.0,,,1.0,,1.0,,,,,,,,,2.0,,,,,,,0.2,0.5,0.2,0.2,0.5,0.2,0.2,0.5,0.2,,,,,1.0,,1.0,0.5,,1.0,0.5,0.6666666666666666,,,,1.0,,14.333333333333334,14.333333333333334,0.6,,,,,,,,0.4,0.5,0.5,,,,0.5,,0.6,,,,0.6,,0.52016,0.48895,0.52016,,,1.0,1.0,7.68,,,,,,,,,,,,,,,,,,,,,,,,,,,,,,,,,,,,1.0,,,0.25,,,,,,,,,,,,,,,,,,,,,,,,,,,,,,,,,,,1610612760,2004,2003-04,True
1498-1740-2209-699-951,1610612760,"Antonio Daniels, Rashard Lewis, Vladimir Radmanovic, Brent Barry, Ray Allen","Daniels, Lewis, Radmanovic, Barry, Allen",1498-1740-2209-699-951,SEA,908.0,9,35.0,20.0,76.0,,4.0,4.0,11.0,,20.0,120.52863436123349,12.342857142857143,12.028571428571428,0.5714285714285714,15.0,-3.0,41.0,20.0,4.0,9.0,12.0,1.0,2.0,2.0,3.0,,4.0,,1.0,4.0,8.0,2.0,4.0,9.0,17.0,4.0,9.0,16.0,46.0,49.0,1.0,2.0,2.0,7.0,2.0,7.0,2.0,4.0,13.0,23.0,8.0,10.0,6.0,2.0,,8.0,4.0,,4.0,6.0,4.0,,14.0,3.0,7.0,6.0,2.0,15.0,5.0,20.0,1.0,1.0,4.0,,,,1.0,3.0,21.0,,2.0,8.0,39.0,23.0,6.0,0.4444444444444444,0.5,0.4444444444444444,0.5,0.4444444444444444,0.5294117647058824,0.5,0.2857142857142857,0.5769230769230769,0.8333333333333334,0.45454545454545453,0.625,0.875,0.575,0.34615384615384615,,,,1.0,1.0,1.0,0.375,0.7777777777777778,0.8666666666666667,0.38461538461538464,0.3333333333333333,0.5,,1.0,1.0,0.8333333333333334,11.609756097560975,11.121951219512194,0.46153846153846156,0.75,0.75,0.4444444444444444,0.15384615384615385,,,,0.038461538461538464,,,0.3076923076923077,0.5,0.5,0.6666666666666666,0.5,0.2727272727272727,0.6666666666666666,0.36363636363636365,0.5,0.8076923076923077,0.5,0.5059865384615384,0.547025,0.4682681818181818,0.07142857142857142,0.10526315789473684,0.15217391304347827,0.5,3.394117647058824,25.466666666666665,4.0,2.0,,2.0,,1.0,2.0,,1.0,,1.0,,,6.0,2.0,,,0.5,,1.0,0.6666666666666666,,0.038461538461538464,,,,,,2.0,0.5,,2.0,0.4,,,,0.5,,,,,1.0,1.0,1.0,,,,1.0,1.0,1.0,1.0,0.3333333333333333,1.0,1.0,,,,,,,,,,,,,,,,,,,1610612760,2004,2003-04,True
1498-1740-2209-699-958,1610612760,"Antonio Daniels, Rashard Lewis, Vladimir Radmanovic, Brent Barry, Vitaly Potapenko","Daniels, Lewis, Radmanovic, Barry, Potapenko",1498-1740-2209-699-958,SEA,2657.0,7,82.0,39.0,164.0,6.0,7.0,3.0,22.0,2.0,39.0,88.88219796763268,16.0609756097561,15.292682926829269,0.47560975609756095,44.0,3.0,82.0,19.0,11.0,14.0,25.0,3.0,8.0,5.0,12.0,5.0,14.0,9.0,20.0,1.0,10.0,1.0,7.0,28.0,59.0,1.0,15.0,25.0,84.0,81.0,4.0,10.0,,8.0,11.0,29.0,1.0,11.0,10.0,35.0,20.0,36.0,,4.0,,10.0,1.0,4.0,10.0,11.0,6.0,,23.0,10.0,13.0,20.0,2.0,35.0,12.0,47.0,6.0,3.0,1.0,1.0,1.0,1.0,,12.0,30.0,1.0,12.0,3.0,76.0,35.0,3.0,0.35714285714285715,0.38461538461538464,0.06666666666666667,0.09090909090909091,0.06666666666666667,0.4745762711864407,0.4,0.3793103448275862,0.39864864864864863,0.36363636363636365,0.3125,0.4715909090909091,0.36363636363636365,0.3695652173913043,0.20270270270270271,0.06779661016949153,0.14285714285714285,,0.14285714285714285,1.0,0.8,0.3448275862068966,0.6842105263157895,0.75,0.2857142857142857,0.4,0.25,0.36363636363636365,0.9,0.6666666666666666,0.8333333333333334,16.341463414634145,15.378048780487806,0.33783783783783783,0.56,0.6086956521739131,0.42857142857142855,0.1891891891891892,0.35714285714285715,0.4166666666666667,,0.2702702702702703,0.45,0.45,0.13513513513513514,0.1,0.1,0.7272727272727273,0.375,0.3,0.4166666666666667,0.175,0.14285714285714285,0.5405405405405406,0.1,0.48706216216216214,0.5135333333333334,0.48299000000000003,0.1411764705882353,0.17142857142857143,0.09523809523809523,0.4166666666666667,8.222033898305085,24.959999999999997,,3.0,,3.0,,2.0,2.0,,0.6666666666666666,,5.0,,4.0,3.0,1.0,,4.0,1.0,0.08,0.8333333333333334,0.42857142857142855,0.4444444444444444,0.06756756756756757,,,,0.1,,1.0,1.0,3.0,2.0,0.15384615384615385,0.5,1.0,1.0,,0.02564102564102564,2.0,,,,1.0,,,,,1.0,,1.0,1.0,0.09090909090909091,,,,0.3333333333333333,,,,,1.0,,,,,,,,,,,,1610612760,2004,2003-04,True
1498-1740-2209-951-958,1610612760,"Antonio Daniels, Rashard Lewis, Vladimir Radmanovic, Ray Allen, Vitaly Potapenko","Daniels, Lewis, Radmanovic, Allen, Potapenko",1498-1740-2209-951-958,SEA,8172.0,22,250.0,59.0,494.0,18.0,36.0,2.0,69.0,3.0,59.0,87.04845814977975,17.26,16.068,0.236,136.0,-41.0,244.0,86.0,42.0,49.0,75.0,16.0,25.0,14.0,21.0,7.0,33.0,30.0,67.0,12.0,42.0,2.0,13.0,86.0,175.0,18.0,56.0,53.0,279.0,320.0,20.0,33.0,14.0,60.0,20.0,40.0,5.0,17.0,25.0,80.0,86.0,86.0,12.0,18.0,,42.0,12.0,8.0,43.0,57.0,23.0,3.0,128.0,30.0,17.0,45.0,8.0,70.0,47.0,117.0,20.0,11.0,18.0,7.0,6.0,,3.0,30.0,72.0,10.0,32.0,6.0,219.0,80.0,13.0,0.5,0.5584415584415584,0.32142857142857145,0.29411764705882354,0.32142857142857145,0.49142857142857144,0.6060606060606061,0.5,0.48917748917748916,0.5476190476190477,0.4824561403508772,0.5308880308880309,0.625,0.5882352941176471,0.24242424242424243,0.045714285714285714,0.15151515151515152,0.014925373134328358,0.5,0.8888888888888888,0.6617647058823529,0.3448275862068966,0.68,0.6666666666666666,0.36,0.4230769230769231,0.36,0.2777777777777778,0.6470588235294118,0.6363636363636364,0.7647058823529411,15.807377049180328,14.823770491803279,0.3246753246753247,0.6533333333333333,0.6712328767123288,0.46938775510204084,0.14285714285714285,0.21212121212121213,0.25,0.42857142857142855,0.29004329004329005,0.44776119402985076,0.45454545454545453,0.18181818181818182,0.2857142857142857,0.2857142857142857,0.5952380952380952,0.64,0.3684210526315789,0.6666666666666666,0.22807017543859648,0.15384615384615385,0.5670995670995671,0.2857142857142857,0.4757272727272727,0.5273216666666667,0.48399561403508773,0.12648221343873517,0.16243654822335024,0.21505376344086022,0.2867383512544803,9.025714285714285,24.955357142857142,12.0,7.0,4.0,7.0,2.0,3.0,5.0,0.16666666666666666,0.7142857142857143,6.0,14.0,3.0,4.0,42.0,14.0,5.0,17.0,0.7777777777777778,0.02666666666666667,0.6896551724137931,0.5,0.5666666666666667,0.06060606060606061,0.42857142857142855,0.42857142857142855,0.8333333333333334,0.07017543859649122,0.75,9.0,0.75,9.0,15.0,0.39473684210526316,0.125,7.0,3.0,0.4666666666666667,0.05982905982905983,6.0,1.0,2.0,2.0,9.0,0.2222222222222222,0.047619047619047616,0.5,,,1.0,7.0,6.0,0.16666666666666666,0.14285714285714285,1.0,1.0,0.1875,,,,,2.0,,1.0,,,,,,,,,,1610612760,2004,2003-04,True
1498-1740-2436-2499-2501,1610612760,"Antonio Daniels, Rashard Lewis, Flip Murray, Richie Frahm, Reggie Evans","Daniels, Lewis, Murray, Frahm, Evans",1498-1740-2436-2499-2501,SEA,34.0,1,1.0,1.0,2.0,1.0,1.0,1.0,,,1.0,84.70588235294117,17.0,17.0,1.0,1.0,-2.0,1.0,1.0,,,,,,,,,,,,,,,,,,,,,,2.0,,,,,,,,,,,,,,,,,,,,,,,,,,,,,,,,,,1.0,,,,,,,,,,,,,,,,,,,,,,,,,,,,,,,,,,,,,,,,,,,17.0,17.0,,,,,,,,,,,,,,,,,,,,,,,,,,,,,,,,,,,,,,,,,,,,,,,,,,,,,,,,,,,,,,,,,,,,,,,,,,,,,,,,,,,,,,,,,,,,,,,,,,,,,,,,1610612760,2004,2003-04,True
1498-1740-2436-2499-951,1610612760,"Antonio Daniels, Rashard Lewis, Flip Murray, Richie Frahm, Ray Allen","Daniels, Lewis, Murray, Frahm, Allen",1498-1740-2436-2499-951,SEA,186.0,1,7.0,,13.0,1.0,2.0,,,,,100.64516129032258,17.428571428571427,14.571428571428571,,3.0,-1.0,6.0,,1.0,2.0,3.0,1.0,2.0,,,,2.0,,1.0,,,,,2.0,6.0,,,2.0,6.0,7.0,1.0,2.0,,2.0,,,,,,,2.0,2.0,,2.0,,,,2.0,1.0,1.0,1.0,,2.0,2.0,1.0,1.0,,2.0,2.0,4.0,1.0,1.0,1.0,,,,,,2.0,,1.0,,4.0,,,0.5,1.0,,,,0.3333333333333333,0.5,,0.3333333333333333,0.5,,0.42857142857142855,0.5,,,0.3333333333333333,0.5,,0.5,,1.0,0.5,1.0,1.0,0.5,1.0,,1.0,,1.0,1.0,10.666666666666666,10.666666666666666,0.5,0.6666666666666666,1.0,0.5,0.3333333333333333,,,,0.16666666666666666,,,,,,1.0,0.5,,,,,0.5,,0.4391333333333333,0.49605,,0.14285714285714285,0.14285714285714285,0.3333333333333333,,4.716666666666667,,1.0,,,,,,,,,,,,,,,,,,0.3333333333333333,,,,,,,,,,,,,,,,,,,,,,,,,,,,,,,,,,,,,,,,,,,,,,,,,,,,,,1610612760,2004,2003-04,True
1498-1740-2436-2501-699,1610612760,"Antonio Daniels, Rashard Lewis, Flip Murray, Reggie Evans, Brent Barry","Daniels, Lewis, Murray, Evans, Barry",1498-1740-2436-2501-699,SEA,120.0,1,5.0,5.0,10.0,,1.0,1.0,2.0,,5.0,120.0,13.6,10.2,1.0,2.0,5.0,5.0,4.0,1.0,,,,,,,,,3.0,4.0,,,,,3.0,4.0,,,2.0,8.0,3.0,,,,,3.0,4.0,,,2.0,8.0,4.0,2.0,,,,,,,2.0,2.0,,,4.0,1.0,1.0,1.0,,2.0,1.0,3.0,1.0,,1.0,,1.0,,1.0,1.0,2.0,,,1.0,8.0,8.0,1.0,0.6666666666666666,0.6666666666666666,,,,0.75,,0.75,0.75,,0.75,0.8,,0.8,,,,,1.0,,1.0,1.0,1.0,1.0,1.0,,,1.0,1.0,,1.0,10.4,8.4,,,,,,,,,1.0,0.75,0.75,,,,,,,,,,,,0.410275,,0.410275,,,,1.0,17.95,,,,,,,,,,,,,,,,,,2.0,,,,,0.6666666666666666,,,,,,,,,1.0,,,,,,,,,,,,,,,,,,,,,,,,,,,,,,,,,,,,,,,,,,1610612760,2004,2003-04,True
1498-1740-2436-2501-951,1610612760,"Antonio Daniels, Rashard Lewis, Flip Murray, Reggie Evans, Ray Allen","Daniels, Lewis, Murray, Evans, Allen",1498-1740-2436-2501-951,SEA,440.0,3,12.0,2.0,25.0,,2.0,1.0,2.0,,2.0,81.81818181818183,18.166666666666668,16.333333333333332,0.16666666666666666,7.0,1.0,13.0,,4.0,1.0,3.0,1.0,2.0,,1.0,2.0,6.0,,,2.0,4.0,1.0,1.0,3.0,9.0,3.0,6.0,1.0,16.0,15.0,1.0,3.0,,5.0,,1.0,1.0,2.0,,3.0,,6.0,,,,4.0,2.0,,,3.0,,,9.0,3.0,2.0,3.0,1.0,6.0,5.0,11.0,1.0,1.0,2.0,,,,1.0,1.0,2.0,,1.0,,11.0,3.0,,,,0.5,0.5,0.5,0.3333333333333333,0.3333333333333333,,0.5,0.625,0.5,0.5,0.625,0.5,0.4,,,,1.0,1.0,1.0,0.5,0.6666666666666666,0.8333333333333334,0.5555555555555556,1.0,0.25,,,,0.6666666666666666,17.076923076923077,15.76923076923077,0.2,0.3333333333333333,0.3333333333333333,,0.4,0.3333333333333333,0.3333333333333333,,,,,0.26666666666666666,0.5,0.5,0.5,0.5,0.3333333333333333,,0.3333333333333333,1.0,0.6,0.5,0.5050533333333334,0.4722,0.5678833333333334,0.0625,0.1,0.3125,0.1875,3.5888888888888886,24.816666666666666,2.0,,,,,,,,,1.0,2.0,,1.0,9.0,3.0,1.0,,1.0,,1.0,,,0.13333333333333333,0.5,0.5,1.0,0.3333333333333333,,2.0,1.0,,2.0,0.6666666666666666,1.0,1.0,,0.5,0.1111111111111111,,,,1.0,1.0,1.0,,,,,1.0,1.0,,0.25,1.0,1.0,,,,,,,,,,,,,,,,,,,1610612760,2004,2003-04,True
1498-1740-2436-2501-958,1610612760,"Antonio Daniels, Rashard Lewis, Flip Murray, Reggie Evans, Vitaly Potapenko","Daniels, Lewis, Murray, Evans, Potapenko",1498-1740-2436-2501-958,SEA,784.0,3,19.0,3.0,39.0,,2.0,,6.0,,3.0,71.63265306122449,19.894736842105264,18.68421052631579,0.15789473684210525,13.0,11.0,20.0,,2.0,4.0,5.0,,,1.0,1.0,3.0,5.0,,1.0,1.0,4.0,,,7.0,11.0,3.0,8.0,,23.0,12.0,,,,3.0,2.0,3.0,,,,4.0,6.0,8.0,,,,4.0,1.0,,3.0,6.0,1.0,2.0,15.0,1.0,2.0,4.0,1.0,7.0,2.0,9.0,6.0,4.0,2.0,,1.0,,1.0,3.0,,,,,20.0,4.0,1.0,0.42857142857142855,0.42857142857142855,0.375,,0.375,0.6363636363636364,,0.6666666666666666,0.6052631578947368,1.5,0.6666666666666666,0.6052631578947368,1.5,0.6666666666666666,0.42105263157894735,,,,1.0,1.0,0.5714285714285714,0.25,1.0,0.6666666666666666,0.2222222222222222,1.0,,,1.0,0.5,1.0,20.3,18.9,0.2631578947368421,0.8,0.8,0.25,0.2631578947368421,0.6,0.6,0.6666666666666666,0.05263157894736842,,,0.21052631578947367,0.25,0.25,,,0.3333333333333333,1.0,,,0.6842105263157895,0.25,0.5005157894736842,0.591,0.43143333333333334,,,0.13043478260869565,0.17391304347826086,6.6,24.4375,1.0,,,,,,,,,2.0,4.0,,,9.0,3.0,2.0,,1.0,,0.5,,,0.21052631578947367,0.5,0.5,1.0,,,1.0,1.0,2.0,1.0,0.2,,,,0.3333333333333333,,1.0,1.0,1.0,1.0,1.0,1.0,1.0,1.0,1.0,,,,,,,,,,,,,,,,,,,,,,,,,,1610612760,2004,2003-04,True
1498-1740-2436-699-951,1610612760,"Antonio Daniels, Rashard Lewis, Flip Murray, Brent Barry, Ray Allen","Daniels, Lewis, Murray, Barry, Allen",1498-1740-2436-699-951,SEA,2.0,1,,,1.0,,,,1.0,,,720.0,,,,,-2.0,1.0,1.0,,,,,,,,,,,,,,,,,,,,,,2.0,,,,,,,,,,,,,,,,,,,,,,,,,,,,,,,,,,,,,,,,,,,,,1.0,,,,,,,,,,,,,,,,,,,,,,,,,,,,,,,,2.0,2.0,,,,,,,,,,,,,,,,,,,,,,,,,,,,,,,,,,,,,,,,,,,,,,,,,,,,,,,,,,,,,,,,,,,,,,,,,,,,,,,,,,,,,,,,,,,,,,,,,,,,,,,,1610612760,2004,2003-04,True
1498-1740-2436-951-958,1610612760,"Antonio Daniels, Rashard Lewis, Flip Murray, Ray Allen, Vitaly Potapenko","Daniels, Lewis, Murray, Allen, Potapenko",1498-1740-2436-951-958,SEA,902.0,5,28.0,3.0,59.0,1.0,6.0,,6.0,1.0,3.0,94.19068736141907,16.964285714285715,15.964285714285714,0.10714285714285714,15.0,,31.0,,4.0,4.0,6.0,2.0,2.0,,,3.0,6.0,3.0,6.0,1.0,3.0,,,10.0,18.0,1.0,3.0,9.0,32.0,32.0,2.0,3.0,,4.0,1.0,2.0,,,2.0,4.0,14.0,6.0,,2.0,,3.0,1.0,2.0,7.0,8.0,3.0,1.0,17.0,3.0,4.0,8.0,,12.0,4.0,16.0,2.0,2.0,5.0,,1.0,,1.0,5.0,10.0,,4.0,1.0,28.0,4.0,,0.7,0.7777777777777778,0.3333333333333333,,0.3333333333333333,0.5555555555555556,0.6666666666666666,0.5,0.5476190476190477,0.6666666666666666,0.5,0.6153846153846154,0.6666666666666666,0.6666666666666666,0.14285714285714285,0.1111111111111111,0.16666666666666666,,0.8333333333333334,,0.8,0.375,0.8,0.8,0.4,1.0,0.3333333333333333,,1.0,0.75,0.6666666666666666,13.774193548387096,13.35483870967742,0.2857142857142857,0.6666666666666666,0.8,0.75,0.2857142857142857,0.5,0.6,0.3333333333333333,0.2857142857142857,0.5,0.5,0.14285714285714285,0.3333333333333333,0.3333333333333333,0.6666666666666666,1.0,,,,,0.42857142857142855,0.3333333333333333,0.4778071428571429,0.47905,0.3766,0.16,0.18181818181818182,0.125,0.125,10.983333333333333,24.866666666666664,4.0,1.0,1.0,1.0,,,1.0,,1.0,,,,,3.0,1.0,,3.0,1.0,0.16666666666666666,0.75,1.0,1.0,,,,,,,1.0,1.0,,1.0,0.5,,,,0.5,,,,,,,,,,,,,,,,,,,0.5,,,,,,,,,,,,,,,,,1610612760,2004,2003-04,True
1498-1740-2499-699-951,1610612760,"Antonio Daniels, Rashard Lewis, Richie Frahm, Brent Barry, Ray Allen","Daniels, Lewis, Frahm, Barry, Allen",1498-1740-2499-699-951,SEA,14.0,1,2.0,2.0,3.0,,,,1.0,,2.0,308.57142857142856,7.0,7.0,1.0,,-2.0,1.0,1.0,,,,,,,,,,,,,1.0,,1.0,,,,2.0,,,2.0,,,,,,,,2.0,,,,,,,,1.0,,,,,,,,,,,,,,,,,,,,,,,,,,,,,1.0,,,,,,,,,,,,,,,1.0,,,,,,,,,,,,,,,,,,,,,,,,,,,,,,0.5,,,,,,,0.5,,1.0,,0.328275,,0.328275,,,,,,25.4,,,,,,,,,,,1.0,,1.0,,,,,,,,,,0.5,,,,0.5,,,,,,,,,,,,,,,,,,,,,,,,,,,,,,,,,,,,,,,,,,,,,,1610612760,2004,2003-04,True
1498-1740-2501-699-951,1610612760,"Antonio Daniels, Rashard Lewis, Reggie Evans, Brent Barry, Ray Allen","Daniels, Lewis, Evans, Barry, Allen",1498-1740-2501-699-951,SEA,493.0,5,19.0,19.0,35.0,,3.0,3.0,2.0,,19.0,102.23123732251521,12.052631578947368,11.736842105263158,1.0,8.0,10.0,16.0,3.0,1.0,4.0,5.0,,,4.0,5.0,2.0,2.0,,4.0,3.0,3.0,3.0,3.0,6.0,11.0,3.0,3.0,6.0,27.0,17.0,,1.0,,,6.0,11.0,3.0,3.0,6.0,27.0,6.0,6.0,3.0,,,3.0,3.0,,3.0,5.0,1.0,2.0,12.0,1.0,3.0,5.0,,8.0,1.0,9.0,,,3.0,,2.0,,,1.0,7.0,1.0,3.0,1.0,27.0,27.0,,0.5,0.5,1.0,1.0,1.0,0.5454545454545454,,0.5454545454545454,0.75,,0.75,0.7941176470588235,,0.7941176470588235,0.21428571428571427,,,,1.0,,1.0,0.2,1.0,1.0,0.2,1.0,,,1.0,1.0,1.0,16.5,16.5,0.35714285714285715,0.8,0.8,0.25,0.14285714285714285,1.0,1.0,1.0,0.2857142857142857,,,0.21428571428571427,1.0,1.0,,,0.35714285714285715,0.8,0.21428571428571427,1.0,0.5714285714285714,1.0,0.4829928571428571,0.44,0.4829928571428571,0.1875,0.23076923076923078,,1.0,7.790909090909091,25.733333333333334,1.0,,,,,,,,,,,,,6.0,2.0,,,0.6666666666666666,,1.0,,,,,,,,,2.0,0.6666666666666666,,,,,,,,,,,,,,,,,,,,,,,,,,,,,,,,,,,,,,,,,,,1610612760,2004,2003-04,True
1498-1740-2501-699-958,1610612760,"Antonio Daniels, Rashard Lewis, Reggie Evans, Brent Barry, Vitaly Potapenko","Daniels, Lewis, Evans, Barry, Potapenko",1498-1740-2501-699-958,SEA,177.0,3,4.0,4.0,10.0,,,,2.0,,4.0,81.35593220338983,8.75,8.75,1.0,3.0,4.0,6.0,2.0,,2.0,3.0,,,2.0,3.0,,,,,,,,,2.0,3.0,,,2.0,6.0,2.0,,,,,2.0,3.0,,,2.0,6.0,4.0,,,,,,,,2.0,2.0,2.0,,4.0,,1.0,1.0,1.0,3.0,,3.0,1.0,,,,,,,1.0,2.0,,,1.0,6.0,6.0,,1.0,1.0,,,,0.6666666666666666,,0.6666666666666666,0.6666666666666666,,0.6666666666666666,0.75,,0.75,,,,,,1.0,0.3333333333333333,,1.0,0.5,,,,,,,1.0,23.666666666666668,19.166666666666668,1.0,0.6666666666666666,0.6666666666666666,1.0,,,,,,,,,,,,,1.0,0.6666666666666666,,,1.0,,0.6701666666666667,,0.6701666666666667,,,,1.0,,,,,,,,,,,,,,,,,,,,,,0.3333333333333333,,,,,,,,,,,1.0,,,,,,,,1.0,,,,,,,,,,,,,,,,,,,,,,,,,,,,,,,,,,1610612760,2004,2003-04,True
1498-1740-2501-951-958,1610612760,"Antonio Daniels, Rashard Lewis, Reggie Evans, Ray Allen, Vitaly Potapenko","Daniels, Lewis, Evans, Allen, Potapenko",1498-1740-2501-951-958,SEA,6970.0,15,211.0,29.0,419.0,17.0,29.0,1.0,45.0,4.0,29.0,86.56527977044476,15.890995260663507,15.0,0.13744075829383887,116.0,20.0,208.0,34.0,27.0,51.0,75.0,9.0,15.0,3.0,4.0,8.0,33.0,18.0,48.0,12.0,26.0,6.0,8.0,77.0,156.0,15.0,35.0,47.0,246.0,226.0,10.0,24.0,6.0,32.0,6.0,13.0,6.0,10.0,18.0,48.0,94.0,60.0,6.0,16.0,,26.0,12.0,7.0,47.0,60.0,28.0,5.0,133.0,26.0,18.0,56.0,3.0,77.0,32.0,109.0,14.0,9.0,12.0,4.0,5.0,,2.0,16.0,54.0,6.0,21.0,9.0,214.0,48.0,4.0,0.6103896103896104,0.6811594202898551,0.42857142857142855,0.6,0.42857142857142855,0.4935897435897436,0.4166666666666667,0.46153846153846156,0.5209424083769634,0.5,0.6521739130434783,0.5697674418604651,0.5517241379310345,0.7058823529411765,0.18324607329842932,0.04487179487179487,0.06060606060606061,,0.41379310344827586,1.0,0.7088607594936709,0.3291139240506329,0.5625,0.6666666666666666,0.32323232323232326,0.3333333333333333,0.28,0.36666666666666664,0.6956521739130435,0.71875,0.56,17.389423076923077,15.817307692307692,0.39267015706806285,0.68,0.7285714285714285,0.5490196078431373,0.17277486910994763,0.24242424242424243,0.25806451612903225,0.625,0.2513089005235602,0.375,0.375,0.13612565445026178,0.46153846153846156,0.46153846153846156,0.5769230769230769,0.6,0.17391304347826086,0.75,0.34782608695652173,0.75,0.5759162303664922,0.46153846153846156,0.505863612565445,0.5065525,0.49069565217391303,0.10194174757281553,0.12280701754385964,0.13008130081300814,0.1951219512195122,7.702564102564102,24.814285714285713,7.0,11.0,1.0,11.0,,7.0,7.0,,0.6363636363636364,3.0,9.0,,2.0,39.0,13.0,2.0,14.0,0.8666666666666667,0.06666666666666667,0.7083333333333334,0.5714285714285714,0.7777777777777778,0.04712041884816754,0.3333333333333333,0.3333333333333333,0.6666666666666666,0.08695652173913043,,11.0,0.9166666666666666,5.0,6.0,0.3,0.3333333333333333,4.0,,0.2857142857142857,0.043478260869565216,3.0,1.0,1.0,2.0,2.0,1.0,0.038461538461538464,1.0,,3.0,1.0,1.0,1.0,0.038461538461538464,1.0,1.0,2.0,,,,1.0,,,,,,,,,,,,,,1610612760,2004,2003-04,True
1498-1740-2557-699-958,1610612760,"Antonio Daniels, Rashard Lewis, Luke Ridnour, Brent Barry, Vitaly Potapenko","Daniels, Lewis, Ridnour, Barry, Potapenko",1498-1740-2557-699-958,SEA,26.0,1,1.0,1.0,2.0,,,,1.0,,1.0,110.76923076923076,2.0,2.0,1.0,,,1.0,1.0,,,,,,,,,,,,,,,,,,,,,,,,,,,,,,,,,,,,,,,,,,,,,,,,1.0,,1.0,,1.0,,,,,,,,,,,,,,,,,,,,,,,,,,,,,,,,,,,,1.0,,,1.0,,,,,,,,24.0,24.0,,,,,,,,,,,,,,,,,,,,,,,,,,,,,,,,,,,,,,,,,,,,,,,,,,,1.0,,,,,,,,,,,,,,,,,,,,,,,,,,,,,,,,,,,,,,,,,,,,,,,,,,,,,1610612760,2004,2003-04,True
1498-1740-699-951-958,1610612760,"Antonio Daniels, Rashard Lewis, Brent Barry, Ray Allen, Vitaly Potapenko","Daniels, Lewis, Barry, Allen, Potapenko",1498-1740-699-951-958,SEA,1271.0,5,36.0,23.0,73.0,2.0,2.0,2.0,13.0,1.0,23.0,82.70653029110936,17.5,16.27777777777778,0.6388888888888888,21.0,,37.0,21.0,5.0,10.0,13.0,3.0,4.0,5.0,6.0,3.0,7.0,5.0,11.0,1.0,7.0,1.0,5.0,18.0,31.0,2.0,8.0,8.0,50.0,50.0,3.0,5.0,4.0,10.0,9.0,17.0,2.0,6.0,7.0,31.0,18.0,18.0,3.0,4.0,,7.0,1.0,1.0,9.0,10.0,5.0,1.0,21.0,5.0,6.0,3.0,,9.0,8.0,17.0,2.0,1.0,,,,,1.0,2.0,10.0,2.0,4.0,1.0,40.0,31.0,5.0,0.5,0.5625,0.25,0.3333333333333333,0.25,0.5806451612903226,0.6,0.5294117647058824,0.5384615384615384,0.5,0.5217391304347826,0.5813953488372093,0.7142857142857143,0.5740740740740741,0.20512820512820512,0.03225806451612903,,,,,0.5,0.38461538461538464,1.0,0.75,0.42105263157894735,0.6666666666666666,0.25,0.3333333333333333,,1.0,1.0,17.324324324324323,16.594594594594593,0.3333333333333333,0.7692307692307693,0.8333333333333334,0.5,0.1794871794871795,0.42857142857142855,0.42857142857142855,0.3333333333333333,0.28205128205128205,0.45454545454545453,0.45454545454545453,0.1794871794871795,0.14285714285714285,0.14285714285714285,0.6666666666666666,0.75,0.2608695652173913,0.8333333333333334,0.21739130434782608,0.2,0.5384615384615384,0.14285714285714285,0.4732910256410256,0.5314333333333333,0.4506282608695652,0.11904761904761904,0.12121212121212122,0.2,0.62,8.470967741935485,25.3125,,1.0,,2.0,,1.0,,,,1.0,1.0,1.0,1.0,3.0,1.0,1.0,3.0,0.5,0.07692307692307693,0.6666666666666666,1.0,0.6,0.02564102564102564,1.0,1.0,1.0,0.043478260869565216,1.0,,,1.0,3.0,0.5,,,,0.5,,1.0,,,,1.0,,,,,,,1.0,,0.16666666666666666,,,,0.3333333333333333,1.0,,,,,1.0,,1.0,0.1111111111111111,,,,,,,,1610612760,2004,2003-04,True
1498-1744-1916-2209-2436,1610612760,"Antonio Daniels, Jerome James, Calvin Booth, Vladimir Radmanovic, Flip Murray","Daniels, James, Booth, Radmanovic, Murray",1498-1744-1916-2209-2436,SEA,62.0,1,2.0,2.0,3.0,,1.0,1.0,1.0,,2.0,69.6774193548387,19.5,5.5,1.0,1.0,,1.0,,1.0,,,,,,,,,,1.0,,,,,,1.0,,1.0,,,,,,,,,1.0,,1.0,,,,,,,,,,,,,,,,,1.0,,,1.0,1.0,2.0,,,1.0,,,,1.0,,,,,,,,,,,,,,,,,,,,,,,0.5,,,,1.0,,,,1.0,1.0,0.5,,,,,,,23.0,23.0,,,,,,,,,0.5,,,,,,,,,,,,0.5,,0.5471,,0.5471,,,,,23.1,23.3,1.0,,,,,,,,,,1.0,,1.0,,,,,,,,1.0,,0.5,,,,0.5,,,,,1.0,1.0,1.0,,,,,1.0,,1.0,,1.0,,1.0,,,,,,,,,,,,,,,,,,,,,,,,,,,,1610612760,2004,2003-04,True
1498-1744-1916-2436-2499,1610612760,"Antonio Daniels, Jerome James, Calvin Booth, Flip Murray, Richie Frahm","Daniels, James, Booth, Murray, Frahm",1498-1744-1916-2436-2499,SEA,148.0,1,5.0,5.0,9.0,1.0,1.0,1.0,1.0,,5.0,87.56756756756756,17.8,17.8,1.0,2.0,2.0,4.0,3.0,,,,,,,,1.0,2.0,1.0,1.0,,,,,2.0,3.0,,,,4.0,2.0,,,,,2.0,3.0,,,,4.0,2.0,2.0,,,,,,,1.0,1.0,,,2.0,,1.0,2.0,,3.0,,3.0,,,,,,,,,,,,,4.0,4.0,,0.5,0.5,,,,0.6666666666666666,,0.6666666666666666,0.6666666666666666,,0.6666666666666666,0.6666666666666666,,0.6666666666666666,,,,,,,1.0,,1.0,1.0,,,,,,,1.0,14.75,14.75,,,,,0.6666666666666666,0.5,0.5,,0.3333333333333333,1.0,1.0,,,,,,,,,,,,0.3748666666666667,,0.3748666666666667,,,,1.0,15.200000000000001,,,,,,,,,,,,,,,,,,1.0,,,1.0,,1.0,,,,,,,,,,,,,,,,,,,,,,,,,,,,,,,,,,,,,,,,,,,,,,,,,,,1610612760,2004,2003-04,True
1498-1744-1916-2499-699,1610612760,"Antonio Daniels, Jerome James, Calvin Booth, Richie Frahm, Brent Barry","Daniels, James, Booth, Frahm, Barry",1498-1744-1916-2499-699,SEA,37.0,1,1.0,1.0,2.0,,,,,,1.0,77.83783783783784,11.0,11.0,1.0,1.0,2.0,1.0,1.0,1.0,1.0,2.0,1.0,2.0,1.0,2.0,,,,,,,,,1.0,2.0,,1.0,,2.0,,1.0,2.0,,2.0,1.0,2.0,,1.0,,2.0,,2.0,,2.0,,,,,,,,,,1.0,,1.0,,1.0,2.0,3.0,,,,,,,,,,,,,,2.0,,,,,,,0.5,0.5,0.5,0.3333333333333333,0.5,0.3333333333333333,0.3333333333333333,0.5,0.3333333333333333,0.3333333333333333,,,,,,1.0,1.0,,1.0,1.0,1.0,,,1.0,,,26.0,26.0,0.6666666666666666,0.5,0.5,,,,,,,,,,,,1.0,0.5,0.6666666666666666,0.5,,,1.0,,0.63,0.6393,0.63,,,1.0,1.0,,23.7,,1.0,,1.0,,1.0,1.0,,1.0,,1.0,,1.0,,,,,,,,,,0.3333333333333333,,,,0.3333333333333333,,,,,1.0,1.0,1.0,,,,,,,,,,,,,,,,,,,,,,,,,,,,,,,,,,,,,,,1610612760,2004,2003-04,True
1498-1744-2209-2436-2499,1610612760,"Antonio Daniels, Jerome James, Vladimir Radmanovic, Flip Murray, Richie Frahm","Daniels, James, Radmanovic, Murray, Frahm",1498-1744-2209-2436-2499,SEA,204.0,1,6.0,6.0,13.0,,,,,,6.0,91.76470588235294,15.666666666666666,14.666666666666666,1.0,3.0,,7.0,,1.0,1.0,2.0,,1.0,1.0,2.0,1.0,2.0,,2.0,,,,,2.0,6.0,,1.0,1.0,5.0,5.0,,1.0,,,2.0,6.0,,1.0,1.0,5.0,2.0,2.0,,,,,,,1.0,1.0,1.0,,2.0,1.0,3.0,2.0,,5.0,2.0,7.0,,,,,,,,,2.0,,,1.0,5.0,5.0,,0.5,0.5,,,,0.3333333333333333,,0.3333333333333333,0.2857142857142857,,0.2857142857142857,0.3125,,0.3125,0.14285714285714285,,,,,,1.0,0.25,1.0,1.0,0.4,,1.0,,,1.0,1.0,15.714285714285714,15.714285714285714,0.2857142857142857,0.5,0.5,1.0,0.2857142857142857,0.5,0.5,,0.2857142857142857,,,,,,1.0,,0.2857142857142857,0.5,,,0.42857142857142855,,0.4788071428571428,0.5467,0.4788071428571428,,,,1.0,7.816666666666666,23.2,,,,,,,,,,,1.0,,1.0,,,,,,,1.0,1.0,,0.14285714285714285,,,,0.14285714285714285,,,,,1.0,1.0,1.0,,,,,,,,,,,,,,,,,,,,,,,,,,,,,,,,,,,,,,,1610612760,2004,2003-04,True
1498-1744-2209-2436-2501,1610612760,"Antonio Daniels, Jerome James, Vladimir Radmanovic, Flip Murray, Reggie Evans","Daniels, James, Radmanovic, Murray, Evans",1498-1744-2209-2436-2501,SEA,109.0,1,4.0,,7.0,,,,1.0,,,92.4770642201835,11.0,11.0,,2.0,6.0,3.0,,,2.0,2.0,,,,,,,1.0,1.0,,,,,3.0,3.0,,,2.0,8.0,2.0,,,,,,,,,,,4.0,2.0,,,,,,,2.0,2.0,2.0,,4.0,,1.0,1.0,,2.0,,2.0,,,,,,,,,3.0,1.0,2.0,,8.0,,,0.6666666666666666,0.6666666666666666,,,,1.0,,,1.0,,,1.0,,,,,,,,,1.0,,1.0,1.0,,,,,,1.0,1.0,21.666666666666668,21.666666666666668,0.6666666666666666,1.0,1.0,1.0,,,,,0.3333333333333333,1.0,1.0,,,,,,,,,,0.6666666666666666,,0.5439666666666666,,,0.5,0.5,,,7.2,,,,,,,,,,,,,,,,,,,,,,,,,,,,,,,,,,,,,,,,,,,,,,,,,,,,,,,,,,,,,,,,,,,,,,,,,,1610612760,2004,2003-04,True
1498-1744-2209-2436-951,1610612760,"Antonio Daniels, Jerome James, Vladimir Radmanovic, Flip Murray, Ray Allen","Daniels, James, Radmanovic, Murray, Allen",1498-1744-2209-2436-951,SEA,3094.0,12,89.0,3.0,181.0,3.0,14.0,,18.0,1.0,3.0,84.240465416936,18.01123595505618,16.573033707865168,0.033707865168539325,52.0,-32.0,92.0,9.0,13.0,7.0,14.0,2.0,4.0,,,10.0,21.0,6.0,26.0,4.0,14.0,,1.0,23.0,61.0,4.0,17.0,21.0,79.0,111.0,3.0,14.0,,6.0,,3.0,,1.0,3.0,3.0,22.0,24.0,,6.0,1.0,13.0,4.0,2.0,11.0,15.0,4.0,3.0,34.0,9.0,11.0,15.0,1.0,27.0,14.0,41.0,13.0,7.0,11.0,2.0,4.0,,1.0,11.0,27.0,1.0,12.0,,73.0,3.0,,0.4782608695652174,0.55,0.23529411764705882,,0.25,0.3770491803278688,0.21428571428571427,,0.3717948717948718,0.21428571428571427,,0.43333333333333335,0.21428571428571427,0.3,0.21794871794871795,0.03278688524590164,0.09523809523809523,,0.7857142857142857,1.0,0.5555555555555556,0.23684210526315788,0.7333333333333333,0.6190476190476191,0.28,0.14285714285714285,0.36363636363636365,0.2,0.6666666666666666,0.5,0.7142857142857143,16.206521739130434,14.434782608695652,0.1794871794871795,0.5,0.5,0.5714285714285714,0.2692307692307692,0.47619047619047616,0.5263157894736842,0.3,0.3333333333333333,0.23076923076923078,0.23076923076923078,0.1794871794871795,0.2857142857142857,0.2857142857142857,0.2857142857142857,0.5,,,0.25,,0.3974358974358974,0.3076923076923077,0.45585454545454546,0.4213,0.35769999999999996,0.14444444444444443,0.16666666666666666,0.0759493670886076,0.0379746835443038,10.727868852459016,26.41764705882353,7.0,5.0,2.0,5.0,,3.0,3.0,,0.6,,3.0,,,12.0,4.0,,4.0,1.0,,0.5,1.0,0.6666666666666666,0.038461538461538464,,,,,,4.0,1.0,6.0,5.0,0.4166666666666667,0.6666666666666666,,,0.3333333333333333,,1.0,,,,,,,,,,,,1.0,,,,,,,,,,,,,1.0,0.05555555555555555,,,,,,,,1610612760,2004,2003-04,True
1498-1744-2209-2499-2557,1610612760,"Antonio Daniels, Jerome James, Vladimir Radmanovic, Richie Frahm, Luke Ridnour","Daniels, James, Radmanovic, Frahm, Ridnour",1498-1744-2209-2499-2557,SEA,15.0,1,1.0,1.0,2.0,,,,,,1.0,192.0,8.0,8.0,1.0,,,1.0,1.0,,,,,,,,,,,,,1.0,,1.0,,,,1.0,,,,,,,,,,,1.0,,,,,,,,1.0,,,,,,,,,,,,,,,,,,,,,,,,,,,,,,,,,,,,,,,,,,,,1.0,,,,,,,,,,,,,,,,,7.0,7.0,,,,,,,,,,,,1.0,,,,,,,1.0,,1.0,,0.3594,,0.3594,,,,,,30.3,,,,,,,,,,,,,,,,,,,,,,,,,,,,,,,,,,,,,,,,,,,,,,,,,,,,,,,,,,,,,,,,,,,,,,,,,1610612760,2004,2003-04,True
1498-1744-2209-2499-699,1610612760,"Antonio Daniels, Jerome James, Vladimir Radmanovic, Richie Frahm, Brent Barry","Daniels, James, Radmanovic, Frahm, Barry",1498-1744-2209-2499-699,SEA,343.0,1,12.0,,24.0,1.0,4.0,,2.0,,,100.75801749271137,15.5,15.25,,6.0,-8.0,12.0,,1.0,3.0,4.0,,1.0,,,,2.0,,2.0,,,,,3.0,8.0,,,2.0,8.0,16.0,,1.0,,,,,,,,,4.0,2.0,,,,,,1.0,2.0,2.0,2.0,,4.0,1.0,2.0,3.0,,5.0,1.0,6.0,,,3.0,1.0,,,,,3.0,1.0,2.0,,8.0,,,0.6666666666666666,0.6666666666666666,,,,0.375,,,0.375,,,0.4444444444444444,,,,0.125,,,0.75,,1.0,0.2,1.0,1.0,0.2,,0.5,,1.0,1.0,1.0,13.083333333333334,13.083333333333334,0.5,0.75,1.0,0.6666666666666666,0.25,,,,0.25,,,,,,1.0,,,,,,0.5,,0.48705,0.5384,,0.2222222222222222,0.2222222222222222,,,7.2125,,3.0,1.0,,1.0,,1.0,1.0,,1.0,,,,,,,,,,0.25,1.0,1.0,,,,,,,,,,,,,,,,,,,,,,,,,,,,,,,,,,,,,,,,,,,,,,,,,,,,1610612760,2004,2003-04,True
1498-1744-2209-2501-2557,1610612760,"Antonio Daniels, Jerome James, Vladimir Radmanovic, Reggie Evans, Luke Ridnour","Daniels, James, Radmanovic, Evans, Ridnour",1498-1744-2209-2501-2557,SEA,184.0,1,5.0,,10.0,,,,,,,78.26086956521739,13.6,13.6,,3.0,4.0,5.0,,,,,,,,,,,1.0,2.0,,1.0,,,1.0,2.0,1.0,2.0,2.0,7.0,3.0,,,,,,,,,,,2.0,,,,,1.0,,,1.0,2.0,,,5.0,,,3.0,,3.0,,3.0,,,,,,,,,2.0,,1.0,,7.0,,,1.0,1.0,0.5,,0.5,0.5,,,0.625,,,0.7,,,0.5,,,,,,1.0,,,1.0,,,,,1.0,,,23.2,23.2,,,,,,,,,0.5,0.5,0.5,0.25,,,,,,,,,0.5,,0.496,,,0.2,0.3333333333333333,,,18.65,24.5,,2.0,1.0,2.0,,1.0,2.0,,1.0,1.0,1.0,,,3.0,1.0,1.0,1.0,1.0,,1.0,,1.0,0.25,1.0,1.0,1.0,,,,,,,,,,,,,,,,,,,,,,,,,,,,,,,,,,,,,,,,,,,,,,,1610612760,2004,2003-04,True
1498-1744-2209-2501-699,1610612760,"Antonio Daniels, Jerome James, Vladimir Radmanovic, Reggie Evans, Brent Barry","Daniels, James, Radmanovic, Evans, Barry",1498-1744-2209-2501-699,SEA,36.0,1,1.0,1.0,1.0,,,,,,1.0,40.0,36.0,22.0,1.0,1.0,,,,1.0,,,,,,,,,,1.0,,,,,,1.0,,1.0,,,,,,,,,1.0,,1.0,,,,,,,,,,,,,,,,1.0,,,,,1.0,1.0,,,,,,,,,,,,,,,,,,,,,,,,,,,,,,0.5,,,,,,,1.0,,,0.5,,,1.0,,,,,,,,,,,,,,0.5,,,,,,,,,,,,0.5,,0.46845,0.5652,0.46845,,,,,20.5,23.3,,,,,,,,,,,1.0,,1.0,,,,,,,,,,0.5,,,,0.5,,,,,,,,,,,,,,1.0,,1.0,,1.0,,,,,,,,,,,,,,,,,,,,,,,,,,,,1610612760,2004,2003-04,True
1498-1744-2209-2501-951,1610612760,"Antonio Daniels, Jerome James, Vladimir Radmanovic, Reggie Evans, Ray Allen","Daniels, James, Radmanovic, Evans, Allen",1498-1744-2209-2501-951,SEA,477.0,3,14.0,12.0,28.0,3.0,3.0,3.0,7.0,2.0,12.0,84.52830188679245,17.928571428571427,16.428571428571427,0.8571428571428571,8.0,-7.0,14.0,11.0,3.0,2.0,3.0,1.0,2.0,2.0,3.0,1.0,2.0,,2.0,1.0,2.0,1.0,1.0,3.0,7.0,1.0,2.0,6.0,15.0,22.0,1.0,2.0,1.0,3.0,3.0,7.0,1.0,1.0,5.0,14.0,2.0,4.0,,,,2.0,1.0,,1.0,2.0,1.0,,5.0,3.0,,,,,4.0,4.0,2.0,1.0,,,,,,3.0,11.0,1.0,4.0,2.0,12.0,14.0,,0.3333333333333333,0.3333333333333333,0.5,1.0,0.5,0.42857142857142855,0.5,0.42857142857142855,0.5,0.5,0.5625,0.5357142857142857,0.375,0.5833333333333334,0.2222222222222222,,,,,,,0.75,,,0.8,1.0,,1.0,,,,16.142857142857142,13.857142857142858,0.3333333333333333,0.6666666666666666,0.6666666666666666,0.5,0.2222222222222222,0.5,0.5,,0.2222222222222222,,,0.2222222222222222,0.5,0.5,1.0,0.5,0.375,0.6666666666666666,0.125,1.0,0.5555555555555556,0.5,0.4786444444444445,0.62315,0.46806875,0.3333333333333333,0.4,0.2,0.9333333333333333,8.27142857142857,25.6,,,,,,,,,,,,,,3.0,1.0,,,1.0,,,,,,,,,,,1.0,1.0,1.0,1.0,1.0,,1.0,,1.0,0.2,,,,,,,,,,,,,,,,,,,,,,,,,,,,,,,,,,,1610612760,2004,2003-04,True
1498-1744-2209-699-951,1610612760,"Antonio Daniels, Jerome James, Vladimir Radmanovic, Brent Barry, Ray Allen","Daniels, James, Radmanovic, Barry, Allen",1498-1744-2209-699-951,SEA,114.0,2,2.0,1.0,5.0,,,,1.0,,1.0,63.15789473684211,31.5,25.5,0.5,2.0,2.0,3.0,,,,1.0,,1.0,,1.0,,,1.0,1.0,,1.0,,1.0,1.0,2.0,,1.0,3.0,5.0,3.0,,1.0,,,1.0,2.0,,1.0,1.0,3.0,2.0,,,,,1.0,,,1.0,1.0,,,2.0,1.0,1.0,1.0,,2.0,2.0,4.0,,,,,,,,,6.0,,2.0,1.0,5.0,3.0,,1.0,1.0,,,,0.5,,0.5,0.3333333333333333,,0.3333333333333333,0.4166666666666667,,0.3,0.3333333333333333,,,,,,1.0,1.0,1.0,1.0,1.0,1.0,,,,,1.0,17.0,17.0,0.3333333333333333,,,,,,,,0.3333333333333333,1.0,1.0,0.3333333333333333,,,1.0,,0.3333333333333333,,0.3333333333333333,,0.6666666666666666,,0.5355333333333333,,0.5355333333333333,0.4,0.5,,0.6,9.5,25.6,,,,,,,,,,,,,,,,,1.0,,,1.0,,1.0,,,,,,,,,,1.0,1.0,,1.0,,1.0,0.5,,,,,,,,,,,,,,,,,,,,,,,,,,,,,,,,,,,1610612760,2004,2003-04,True
1498-1744-2436-2499-2501,1610612760,"Antonio Daniels, Jerome James, Flip Murray, Richie Frahm, Reggie Evans","Daniels, James, Murray, Frahm, Evans",1498-1744-2436-2499-2501,SEA,74.0,2,2.0,2.0,4.0,,,,,,2.0,77.83783783783784,14.5,14.5,1.0,1.0,,2.0,,,1.0,1.0,,,1.0,1.0,,,,,,1.0,,1.0,1.0,1.0,,1.0,,2.0,2.0,,,,,1.0,1.0,,1.0,,2.0,2.0,,,,,1.0,,,1.0,1.0,1.0,,2.0,,,1.0,,1.0,,1.0,,,,,,,,,,,,,2.0,2.0,,1.0,1.0,,,,1.0,,1.0,0.5,,0.5,0.5,,0.5,0.5,,,,,,1.0,,,1.0,,,,,,1.0,,22.5,17.0,0.5,1.0,1.0,1.0,,,,,,,,0.5,,,,,0.5,1.0,0.5,,1.0,,0.58595,,0.58595,,,,1.0,,25.3,,,,,,,,,,,,,,,,,,,,,,,,,,,,,,,,,,,,,,,,,,,,,,,,,,,,,,,,,,,,,,,,,,,,,,,,,1610612760,2004,2003-04,True
1498-1744-2436-2501-2557,1610612760,"Antonio Daniels, Jerome James, Flip Murray, Reggie Evans, Luke Ridnour","Daniels, James, Murray, Evans, Ridnour",1498-1744-2436-2501-2557,SEA,169.0,1,6.0,,12.0,,1.0,,,,,102.24852071005917,14.0,14.0,,3.0,6.0,6.0,,,2.0,2.0,,,,,1.0,2.0,,,,,,,3.0,4.0,1.0,1.0,,9.0,3.0,,,,,,,,,,,4.0,2.0,,,,,,,2.0,3.0,1.0,1.0,7.0,,,3.0,,3.0,,3.0,1.0,1.0,1.0,,,,,,,,,,9.0,,,0.6666666666666666,0.6666666666666666,1.0,,1.0,0.75,,,0.9,,,0.9,,,0.2,,,,1.0,,1.0,,,1.0,,,,,1.0,1.0,,14.166666666666666,14.166666666666666,0.4,1.0,1.0,0.5,0.4,0.5,0.5,1.0,,,,,,,,,,,,,0.6,,0.4928,,,,,,,3.725,23.3,1.0,,,,,,,,,1.0,1.0,,,3.0,1.0,1.0,,1.0,,,,,0.2,1.0,1.0,1.0,,,,,,,,,,,,,,,,,,,,,,,,,,,,,,,,,,,,,,,,,,,,,,,1610612760,2004,2003-04,True
1498-1744-2436-2501-951,1610612760,"Antonio Daniels, Jerome James, Flip Murray, Reggie Evans, Ray Allen","Daniels, James, Murray, Evans, Allen",1498-1744-2436-2501-951,SEA,1319.0,4,37.0,,73.0,1.0,4.0,,8.0,,,79.69673995451099,16.16216216216216,14.675675675675675,,22.0,9.0,36.0,,5.0,9.0,10.0,3.0,3.0,,,6.0,12.0,3.0,6.0,1.0,5.0,,,18.0,28.0,3.0,8.0,9.0,54.0,45.0,5.0,5.0,3.0,13.0,,,,,,,16.0,20.0,,4.0,,5.0,1.0,4.0,8.0,11.0,3.0,3.0,25.0,3.0,1.0,7.0,1.0,9.0,6.0,15.0,4.0,3.0,3.0,,1.0,,,3.0,12.0,2.0,6.0,,41.0,,,0.4444444444444444,0.5,0.375,,0.375,0.6428571428571429,1.0,,0.625,0.8333333333333334,,0.65,0.9166666666666666,,0.2222222222222222,0.14285714285714285,0.25,0.16666666666666666,0.75,0.5,0.6363636363636364,0.3,0.25,0.5333333333333333,0.4,,0.16666666666666666,0.6666666666666666,0.6666666666666666,0.6666666666666666,,20.02777777777778,18.97222222222222,0.2777777777777778,0.9,0.9,0.3333333333333333,0.3333333333333333,0.5,0.6666666666666666,0.5,0.16666666666666666,0.5,0.6,0.1388888888888889,0.2,0.2,0.5,1.0,,,,,0.5,0.2,0.5087069444444444,0.5217666666666666,,0.15,0.1875,0.24074074074074073,,7.2178571428571425,24.975,2.0,1.0,,1.0,,,1.0,,1.0,2.0,3.0,,,9.0,3.0,2.0,2.0,1.0,,0.6,0.5,0.6666666666666666,0.08333333333333333,0.6666666666666666,0.6666666666666666,1.0,,,1.0,1.0,1.0,3.0,0.6,1.0,,1.0,0.5,,,,,,1.0,,,,,1.0,,1.0,2.0,0.16666666666666666,,,,0.3333333333333333,,,,,,,,,,,,,,,,,1610612760,2004,2003-04,True
1498-1916-2209-2436-2499,1610612760,"Antonio Daniels, Calvin Booth, Vladimir Radmanovic, Flip Murray, Richie Frahm","Daniels, Booth, Radmanovic, Murray, Frahm",1498-1916-2209-2436-2499,SEA,154.0,3,6.0,6.0,13.0,,3.0,3.0,2.0,,6.0,121.55844155844154,11.166666666666666,10.5,1.0,3.0,-3.0,7.0,4.0,3.0,2.0,2.0,1.0,1.0,2.0,2.0,,,,1.0,,2.0,,2.0,2.0,3.0,,2.0,1.0,5.0,8.0,1.0,1.0,,2.0,2.0,3.0,,2.0,1.0,5.0,2.0,2.0,,2.0,1.0,1.0,,,1.0,1.0,1.0,,2.0,1.0,,1.0,,1.0,3.0,4.0,,,3.0,,2.0,,1.0,2.0,2.0,,,1.0,3.0,5.0,,0.5,1.0,,,,0.6666666666666666,1.0,0.6666666666666666,0.4,1.0,0.4,0.4166666666666667,1.0,0.4166666666666667,0.4,,,,1.0,,1.0,1.0,,1.0,1.0,,,1.0,,1.0,,12.428571428571429,12.428571428571429,0.4,1.0,1.0,0.5,,,,,0.2,,,0.4,,,1.0,1.0,0.4,1.0,0.4,,0.8,,0.5659,0.4791,0.5659,,,0.4,1.0,5.933333333333334,34.6,1.0,,,,1.0,,,1.0,,,,,,,,,,,,,,,,,,,,,,,,1.0,1.0,,,,1.0,,,,,,,,,,,,,,,,,,,,,,,,,,,,,,,,,,,,1610612760,2004,2003-04,True
1498-1916-2209-2436-2501,1610612760,"Antonio Daniels, Calvin Booth, Vladimir Radmanovic, Flip Murray, Reggie Evans","Daniels, Booth, Radmanovic, Murray, Evans",1498-1916-2209-2436-2501,SEA,222.0,2,6.0,,13.0,1.0,1.0,,,,,84.32432432432432,22.0,20.333333333333332,,4.0,-3.0,7.0,,3.0,2.0,3.0,1.0,1.0,,,1.0,4.0,,2.0,,,,,3.0,9.0,,,,6.0,9.0,2.0,3.0,,4.0,,,,,,,,6.0,,2.0,,,,1.0,,,,,,4.0,,3.0,,3.0,4.0,7.0,,,,,,,1.0,,,,,,2.0,,,,,,,,0.3333333333333333,0.6666666666666666,,0.3333333333333333,0.6666666666666666,,0.3333333333333333,0.6666666666666666,,,0.1111111111111111,,,,,1.0,0.6666666666666666,,1.0,0.6666666666666666,1.0,0.6666666666666666,0.5,1.0,1.0,,12.857142857142858,12.857142857142858,0.3333333333333333,0.6666666666666666,1.0,,0.4444444444444444,0.25,0.25,,0.2222222222222222,,,,,,0.3333333333333333,1.0,,,,,0.3333333333333333,,0.42441111111111113,0.4459666666666667,,,,0.6666666666666666,,8.344444444444443,,,1.0,,1.0,,1.0,1.0,,1.0,,,,,,,,,,0.3333333333333333,,,,,,,,,,,,,,,,,,,,,,,,,,,,,,,,,,,,,,,,,,,,,,,,,,,,,,1610612760,2004,2003-04,True
1498-1916-2209-2436-2557,1610612760,"Antonio Daniels, Calvin Booth, Vladimir Radmanovic, Flip Murray, Luke Ridnour","Daniels, Booth, Radmanovic, Murray, Ridnour",1498-1916-2209-2436-2557,SEA,97.0,1,3.0,,6.0,1.0,1.0,,,,,89.0721649484536,10.0,10.0,,2.0,,3.0,3.0,,,,,,,,,,1.0,1.0,,1.0,,,1.0,1.0,,1.0,,2.0,2.0,,,,,,,,,,,2.0,,,,,1.0,,,1.0,1.0,,,2.0,,1.0,,,1.0,,1.0,,,,1.0,,,,,,,,,2.0,,,1.0,1.0,,,,1.0,,,0.5,,,0.5,,,0.5,,,,,,,,1.0,0.5,,,,,,,1.0,22.333333333333332,14.666666666666666,,,,,,,,,0.5,1.0,1.0,0.5,,,,,,,,,0.5,,0.4087,,,,,,,18.8,35.4,,,,,,,,,,,,,,,,,1.0,,,,,1.0,,,,,,,,,,,,,,,,,,,,,,,,,,,,,,,,,,,,,,,,,,,,,,,,,,,1610612760,2004,2003-04,True
1498-1916-2209-2436-699,1610612760,"Antonio Daniels, Calvin Booth, Vladimir Radmanovic, Flip Murray, Brent Barry","Daniels, Booth, Radmanovic, Murray, Barry",1498-1916-2209-2436-699,SEA,99.0,1,4.0,,7.0,,1.0,,1.0,,,101.81818181818183,8.25,8.25,,2.0,7.0,3.0,,,1.0,1.0,,,,,1.0,1.0,,,1.0,1.0,,,2.0,2.0,1.0,1.0,,7.0,,,,,,,,,,,,4.0,,3.0,,,1.0,1.0,,2.0,2.0,1.0,1.0,4.0,,1.0,1.0,,2.0,,2.0,1.0,,1.0,,,,,,,,,,7.0,,,1.0,1.0,1.0,,1.0,1.0,,,1.1666666666666667,,,1.1666666666666667,,,0.3333333333333333,,,,1.0,,1.0,,1.0,1.0,,,,,,,1.0,22.0,22.0,0.3333333333333333,1.0,1.0,1.0,0.3333333333333333,1.0,1.0,1.0,,,,0.3333333333333333,1.0,1.0,,,,,,,0.6666666666666666,1.0,0.6132166666666666,,,,,,,6.25,24.4,1.0,,,,,,,,,,,,,,,,,,,1.0,,,,,,,,,,,1.0,,,,,,,,,,,,,,,,,,,,,,,,,,,,,,,,,,,,,,,,,,1610612760,2004,2003-04,True
1498-1916-2209-2436-951,1610612760,"Antonio Daniels, Calvin Booth, Vladimir Radmanovic, Flip Murray, Ray Allen","Daniels, Booth, Radmanovic, Murray, Allen",1498-1916-2209-2436-951,SEA,1511.0,7,44.0,8.0,88.0,4.0,8.0,2.0,14.0,,8.0,83.86499007279947,17.772727272727273,16.295454545454547,0.18181818181818182,25.0,-4.0,44.0,9.0,10.0,8.0,12.0,2.0,3.0,2.0,4.0,4.0,8.0,5.0,11.0,1.0,6.0,,1.0,17.0,31.0,2.0,9.0,13.0,53.0,57.0,4.0,6.0,7.0,15.0,3.0,5.0,,2.0,,6.0,16.0,18.0,,2.0,,6.0,1.0,2.0,8.0,10.0,3.0,1.0,22.0,6.0,5.0,10.0,,15.0,11.0,26.0,2.0,1.0,4.0,1.0,1.0,,,7.0,17.0,1.0,9.0,,38.0,6.0,1.0,0.47058823529411764,0.5,0.2222222222222222,,0.2222222222222222,0.5483870967741935,0.6666666666666666,0.6,0.5,0.5714285714285714,0.42857142857142855,0.5520833333333334,0.6818181818181818,0.42857142857142855,0.225,0.06451612903225806,0.125,,0.5,,0.6666666666666666,0.42857142857142855,0.7142857142857143,0.6818181818181818,0.5238095238095238,0.5,0.5,0.3333333333333333,0.6666666666666666,0.75,0.75,16.568181818181817,14.818181818181818,0.3,0.6666666666666666,0.7272727272727273,0.375,0.2,0.5,0.5714285714285714,0.25,0.275,0.45454545454545453,0.45454545454545453,0.15,0.16666666666666666,0.16666666666666666,0.42857142857142855,0.6666666666666666,0.5714285714285714,0.5,0.14285714285714285,,0.525,0.16666666666666666,0.48232749999999996,0.5613699999999999,0.5116571428571428,0.1875,0.23076923076923078,0.2830188679245283,0.11320754716981132,8.974193548387097,24.244444444444444,3.0,3.0,1.0,3.0,,2.0,1.0,,0.3333333333333333,1.0,3.0,,1.0,6.0,2.0,1.0,4.0,1.0,0.08333333333333333,0.6,0.6666666666666666,0.8,0.075,0.3333333333333333,0.3333333333333333,1.0,0.14285714285714285,,1.0,1.0,1.0,5.0,0.7142857142857143,0.5,,,0.8,,2.0,,1.0,,1.0,,0.14285714285714285,,,,,,,,,,,,,,1.0,,,,,,,,,,,,,,1610612760,2004,2003-04,True
1498-1916-2209-2436-958,1610612760,"Antonio Daniels, Calvin Booth, Vladimir Radmanovic, Flip Murray, Vitaly Potapenko","Daniels, Booth, Radmanovic, Murray, Potapenko",1498-1916-2209-2436-958,SEA,280.0,2,10.0,10.0,19.0,,2.0,2.0,1.0,,10.0,97.71428571428571,10.3,10.2,1.0,5.0,2.0,9.0,,1.0,1.0,1.0,1.0,1.0,1.0,1.0,1.0,3.0,,,,,,,2.0,4.0,,,6.0,10.0,8.0,1.0,1.0,,2.0,2.0,4.0,,,6.0,10.0,2.0,2.0,,2.0,,,,1.0,1.0,1.0,,1.0,2.0,1.0,1.0,3.0,,4.0,1.0,5.0,,,2.0,,1.0,,,,8.0,,2.0,2.0,8.0,10.0,,0.5,1.0,,,,0.5,1.0,0.5,0.5,1.0,0.5,0.625,1.0,0.625,,0.25,0.3333333333333333,,1.0,,0.75,0.5,1.0,0.8,0.5,,0.5,,,0.6666666666666666,1.0,19.666666666666668,17.444444444444443,0.25,1.0,1.0,,0.75,0.3333333333333333,0.5,1.0,,,,,,,1.0,1.0,0.25,1.0,,,0.25,,0.4344,0.5409,0.4344,0.3333333333333333,0.3333333333333333,0.2,1.0,7.325,,1.0,,,,,,,,,,,,,,,,,,,1.0,,,,,,,,,,,,,,,,,,,,,,,,,,,,,,,,,,,,,,,,,,,,,,,,,,,,,1610612760,2004,2003-04,True
1498-1916-2209-2501-699,1610612760,"Antonio Daniels, Calvin Booth, Vladimir Radmanovic, Reggie Evans, Brent Barry","Daniels, Booth, Radmanovic, Evans, Barry",1498-1916-2209-2501-699,SEA,55.0,2,1.0,,4.0,,,,,,,104.72727272727273,24.0,24.0,,1.0,,3.0,1.0,,,,,,,,1.0,2.0,,,,,,,1.0,2.0,,,,2.0,2.0,,,,,,,,,,,,2.0,,,,,,,,,,,,1.0,,1.0,,1.0,1.0,2.0,,,,,,,,,,,,,2.0,,,,,,,,0.5,,,0.5,,,0.5,,,,,,,,,1.0,1.0,,1.0,1.0,,1.0,,,,,10.333333333333334,10.333333333333334,,,,,1.0,0.5,0.5,,,,,,,,,,,,,,,,0.34135,,,,,,,9.05,,,,,,,,,,,,,,,,,,,,,1.0,,,,,,,,,,,,,,,,,,,,,,,,,,,,,,,,,,,,,,,,,,,,,,,,,,,,,1610612760,2004,2003-04,True
1498-1916-2209-951-958,1610612760,"Antonio Daniels, Calvin Booth, Vladimir Radmanovic, Ray Allen, Vitaly Potapenko","Daniels, Booth, Radmanovic, Allen, Potapenko",1498-1916-2209-951-958,SEA,572.0,2,19.0,12.0,39.0,1.0,4.0,4.0,4.0,,12.0,98.18181818181819,15.842105263157896,15.421052631578947,0.631578947368421,10.0,1.0,20.0,5.0,3.0,3.0,5.0,,1.0,1.0,3.0,2.0,3.0,,4.0,2.0,3.0,1.0,2.0,5.0,12.0,2.0,3.0,7.0,23.0,22.0,,1.0,,,2.0,7.0,1.0,2.0,4.0,11.0,6.0,4.0,,,,3.0,2.0,1.0,3.0,5.0,1.0,2.0,12.0,2.0,,6.0,,6.0,3.0,9.0,3.0,2.0,3.0,1.0,,,2.0,2.0,9.0,1.0,3.0,2.0,23.0,11.0,2.0,0.6,0.6,0.6666666666666666,0.5,0.6666666666666666,0.4166666666666667,,0.2857142857142857,0.5333333333333333,,0.3888888888888889,0.6052631578947368,,0.4583333333333333,0.2,0.08333333333333333,,,0.75,,0.6666666666666666,0.2857142857142857,,0.6,0.375,0.5,,0.25,0.3333333333333333,0.8,,13.55,13.3,0.3333333333333333,0.6,0.75,0.3333333333333333,0.2,0.6666666666666666,0.6666666666666666,1.0,0.26666666666666666,,,0.2,0.6666666666666666,0.6666666666666666,1.0,,0.3333333333333333,0.3333333333333333,0.2222222222222222,0.5,0.5333333333333333,0.6666666666666666,0.4558466666666667,0.3915,0.4687666666666666,0.17647058823529413,0.21428571428571427,,0.4782608695652174,9.658333333333333,25.266666666666666,3.0,1.0,,1.0,,1.0,1.0,,1.0,,,,,6.0,2.0,,,1.0,0.2,1.0,,,,,,,,,2.0,1.0,1.0,1.0,1.0,,,,1.0,,,,,,,,,,,,,,,,,,,,,,,,,,,,,,,,,,,,1610612760,2004,2003-04,True
1498-1916-2436-2499-2501,1610612760,"Antonio Daniels, Calvin Booth, Flip Murray, Richie Frahm, Reggie Evans","Daniels, Booth, Murray, Frahm, Evans",1498-1916-2436-2499-2501,SEA,185.0,1,6.0,2.0,12.0,,,,1.0,,2.0,93.4054054054054,17.0,16.666666666666668,0.3333333333333333,3.0,2.0,6.0,1.0,1.0,2.0,3.0,1.0,1.0,1.0,1.0,,1.0,,,,1.0,,1.0,2.0,4.0,1.0,3.0,,7.0,5.0,1.0,1.0,,2.0,1.0,1.0,,2.0,,2.0,2.0,2.0,,,,1.0,,,1.0,2.0,1.0,,5.0,,1.0,2.0,,3.0,1.0,4.0,,,,,,,,1.0,,,,,5.0,2.0,,0.5,0.5,0.3333333333333333,,0.3333333333333333,0.5,1.0,1.0,0.5,1.0,0.3333333333333333,0.5,1.0,0.3333333333333333,0.42857142857142855,,,,,,1.0,,1.0,1.0,0.25,,,,,1.0,,13.833333333333334,13.833333333333334,0.42857142857142855,0.6666666666666666,0.6666666666666666,0.5,0.14285714285714285,,,,,,,0.14285714285714285,,,1.0,1.0,0.3333333333333333,1.0,0.3333333333333333,,0.8571428571428571,,0.48167857142857146,0.4664,0.4850666666666667,,,0.2857142857142857,0.2857142857142857,3.025,24.266666666666666,,,,,,,,,,1.0,2.0,,1.0,3.0,1.0,1.0,,1.0,,,1.0,,0.2857142857142857,0.5,0.5,1.0,0.3333333333333333,,,,,1.0,0.5,1.0,,,,,,,,,,,,,,,,,,,,,,,,,,,,,,,,,,,,,,,1610612760,2004,2003-04,True
1498-1916-2436-2499-2557,1610612760,"Antonio Daniels, Calvin Booth, Flip Murray, Richie Frahm, Luke Ridnour","Daniels, Booth, Murray, Frahm, Ridnour",1498-1916-2436-2499-2557,SEA,14.0,1,1.0,,1.0,,,,,,,102.85714285714286,14.0,14.0,,,2.0,,,,,,,,,,,,,,,,,,,,,,2.0,2.0,,,,,,,,,,,,,,,,,,,,,,,,,,,,,,,,,,,,,,,,2.0,,1.0,,2.0,,,,,,,,,,,,,,1.0,,,,,,,,,,,,,,,,,,,,,,,,,,,,,,,,,,,,,,,,,,,,,,,1.0,1.0,,,,,,,,,,,,,,,,,,,,,,,,,,,,,,,,,,,,,,,,,,,,,,,,,,,,,,,,,,,,,,,,,,,,,,,,,,,,,1610612760,2004,2003-04,True
1498-1916-2436-2499-951,1610612760,"Antonio Daniels, Calvin Booth, Flip Murray, Richie Frahm, Ray Allen","Daniels, Booth, Murray, Frahm, Allen",1498-1916-2436-2499-951,SEA,97.0,1,4.0,,7.0,1.0,2.0,,,,,103.91752577319588,13.75,13.75,,2.0,1.0,3.0,,,,,,,,,,,1.0,1.0,,,,,1.0,1.0,,,1.0,3.0,2.0,,,,,,,,,,,2.0,,,,,,,,1.0,1.0,,,2.0,,,1.0,,1.0,,1.0,,,1.0,,1.0,,,,2.0,,1.0,,3.0,,,1.0,1.0,,,,1.0,,,1.0,,,0.75,,,,,,,0.5,,1.0,,,1.0,,,,,,1.0,,14.0,14.0,,,,,,,,,1.0,1.0,1.0,,,,,,,,,,,,0.409,,,0.5,0.5,,,18.3,,,,,,,,,,,,,,,,,,1.0,,,,,1.0,,,,,,,,,,,,,,,,,,,,,,,,,,,,,,,,,,,,,1.0,,,,,,,,,,,,,,1610612760,2004,2003-04,True
1498-1916-2436-2499-958,1610612760,"Antonio Daniels, Calvin Booth, Flip Murray, Richie Frahm, Vitaly Potapenko","Daniels, Booth, Murray, Frahm, Potapenko",1498-1916-2436-2499-958,SEA,39.0,1,2.0,2.0,4.0,,,,,,2.0,147.69230769230768,10.0,10.0,1.0,1.0,2.0,2.0,,,1.0,1.0,,,1.0,1.0,,,,,,,,,1.0,1.0,,,2.0,4.0,2.0,,,,,1.0,1.0,,,2.0,4.0,2.0,,,,,,,,1.0,1.0,1.0,,2.0,,,,,,,,1.0,1.0,,,,,,,2.0,,,1.0,4.0,4.0,,1.0,1.0,,,,1.0,,1.0,1.0,,1.0,1.0,,1.0,,,,,,,,,,,,,,,,,,9.5,9.5,1.0,1.0,1.0,1.0,,,,,,,,,,,,,1.0,1.0,,,1.0,,0.5966,,0.5966,,,,1.0,,,,,,,,,,,,,,,,,,,,,,,,,,,,,,,,,,,,,,,,,,,,,,,,,,,,,,,,,,,,,,,,,,,,,,,,,,,1610612760,2004,2003-04,True
1498-1916-2436-2501-2557,1610612760,"Antonio Daniels, Calvin Booth, Flip Murray, Reggie Evans, Luke Ridnour","Daniels, Booth, Murray, Evans, Ridnour",1498-1916-2436-2501-2557,SEA,582.0,2,19.0,,39.0,3.0,3.0,,4.0,2.0,,96.49484536082475,15.842105263157896,15.31578947368421,,10.0,-9.0,20.0,,2.0,2.0,8.0,1.0,1.0,,,1.0,2.0,1.0,1.0,,3.0,,,4.0,11.0,,6.0,3.0,11.0,20.0,1.0,1.0,2.0,4.0,,,,,,,4.0,4.0,,2.0,,3.0,,3.0,2.0,2.0,1.0,,4.0,1.0,,6.0,,6.0,2.0,8.0,3.0,2.0,,,,1.0,,1.0,3.0,,1.0,,7.0,,,0.5,0.6666666666666666,,,,0.36363636363636365,1.0,,0.23529411764705882,1.0,,0.2777777777777778,1.0,,0.35294117647058826,0.2727272727272727,,,,,0.6666666666666666,0.14285714285714285,,0.6666666666666666,0.15384615384615385,0.16666666666666666,,,,0.8,,14.05,13.15,0.47058823529411764,0.25,0.4,0.5,0.11764705882352941,0.5,0.5,,0.058823529411764705,1.0,1.0,0.17647058823529413,,,1.0,1.0,,,,,0.8235294117647058,,0.5398794117647059,0.5461,,0.05555555555555555,0.08333333333333333,0.36363636363636365,,3.6636363636363636,24.316666666666666,,2.0,1.0,2.0,,,1.0,,0.5,,3.0,,,,,,1.0,,0.375,0.5,,1.0,0.17647058823529413,,,,,,,,1.0,1.0,0.16666666666666666,,,,0.3333333333333333,,,,,,,,,,,1.0,,,1.0,,,,,,,,,,,,,,,,,,,,,,1610612760,2004,2003-04,True
1498-1916-2436-2501-951,1610612760,"Antonio Daniels, Calvin Booth, Flip Murray, Reggie Evans, Ray Allen","Daniels, Booth, Murray, Evans, Allen",1498-1916-2436-2501-951,SEA,1081.0,6,36.0,,71.0,2.0,7.0,,5.0,,,94.57909343200741,13.88888888888889,12.277777777777779,,18.0,10.0,35.0,,4.0,7.0,11.0,2.0,2.0,,,3.0,6.0,2.0,8.0,,1.0,,,12.0,25.0,2.0,5.0,9.0,39.0,29.0,3.0,4.0,2.0,8.0,,,,,,,12.0,12.0,,4.0,,1.0,,2.0,6.0,8.0,1.0,3.0,18.0,5.0,4.0,8.0,1.0,13.0,6.0,19.0,8.0,6.0,5.0,1.0,,,1.0,4.0,10.0,1.0,5.0,,31.0,,,0.5,0.6,0.4,,0.4,0.48,0.75,,0.5,0.6,,0.5588235294117647,0.7,,0.16666666666666666,0.08,0.16666666666666666,,0.7142857142857143,1.0,0.8,0.38461538461538464,0.6666666666666666,0.75,0.375,,0.3333333333333333,0.6666666666666666,1.0,0.6,0.6,16.6,15.771428571428572,0.36666666666666664,0.6363636363636364,0.7,0.14285714285714285,0.2,0.5,0.6,1.0,0.26666666666666666,0.25,0.25,0.03333333333333333,,,0.4,1.0,,,,,0.5333333333333333,,0.488515,0.46875,,0.14705882352941177,0.1724137931034483,0.20512820512820512,,8.008,24.259999999999998,5.0,3.0,1.0,3.0,,2.0,3.0,,1.0,2.0,4.0,,,6.0,2.0,2.0,2.0,1.0,0.09090909090909091,1.0,1.0,1.0,0.13333333333333333,0.5,0.5,1.0,,,,,2.0,1.0,0.3333333333333333,0.5,,,,,,,1.0,,1.0,,0.2,,,,,,1.0,,,,,,,,1.0,,,,,,,,,,,,,,1610612760,2004,2003-04,True
1498-1916-2501-2557-951,1610612760,"Antonio Daniels, Calvin Booth, Reggie Evans, Luke Ridnour, Ray Allen","Daniels, Booth, Evans, Ridnour, Allen",1498-1916-2501-2557-951,SEA,67.0,1,2.0,,3.0,,,,,,,64.4776119402985,20.0,19.0,,1.0,1.0,1.0,,1.0,1.0,1.0,1.0,1.0,,,,,1.0,2.0,,,,,2.0,3.0,,,,4.0,3.0,1.0,1.0,,2.0,,,,,,,,4.0,,2.0,,,,,,,,,,1.0,,,,,1.0,1.0,,,,,,,,,,,,,2.0,,,,,,,,0.6666666666666666,1.0,,0.6666666666666666,1.0,,0.6666666666666666,1.0,,,,,,,,,1.0,,,1.0,,,1.0,,,,27.0,27.0,0.3333333333333333,1.0,1.0,,,,,,0.6666666666666666,0.5,0.5,,,,1.0,1.0,,,,,0.3333333333333333,,0.448,0.5514,,,,0.5,,12.233333333333334,,,,,,,,,,,,,,,,,,,,,,,,,,,,,,,,,,,,,,,,,,,,,,,,,,,,,,,,,,,,,,,,,,,,,,,,,,1610612760,2004,2003-04,True
1498-2209-2436-2499-2501,1610612760,"Antonio Daniels, Vladimir Radmanovic, Flip Murray, Richie Frahm, Reggie Evans","Daniels, Radmanovic, Murray, Frahm, Evans",1498-2209-2436-2499-2501,SEA,163.0,1,6.0,5.0,10.0,,,,1.0,,5.0,88.34355828220859,17.666666666666668,17.333333333333332,0.8333333333333334,3.0,1.0,4.0,3.0,2.0,2.0,3.0,1.0,2.0,2.0,2.0,1.0,5.0,,1.0,,1.0,,1.0,3.0,9.0,,1.0,1.0,7.0,6.0,1.0,3.0,,2.0,2.0,6.0,,1.0,1.0,5.0,4.0,2.0,,2.0,,1.0,,,2.0,2.0,1.0,1.0,4.0,3.0,,1.0,,1.0,4.0,5.0,,,,,,,,,1.0,1.0,1.0,,5.0,5.0,1.0,0.6666666666666666,1.0,,,,0.3333333333333333,0.3333333333333333,0.3333333333333333,0.3,0.3333333333333333,0.2857142857142857,0.35,0.3333333333333333,0.35714285714285715,0.1,,,,,,1.0,0.6,,1.0,0.6666666666666666,1.0,0.6666666666666666,,1.0,,,14.25,14.25,0.3,0.6666666666666666,0.6666666666666666,0.5,0.5,0.2,0.2,1.0,0.1,,,0.1,,,0.6666666666666666,0.5,0.2857142857142857,1.0,0.14285714285714285,,0.4,,0.434795,0.56855,0.42343571428571425,0.1,0.1111111111111111,0.2857142857142857,0.7142857142857143,6.311111111111111,25.1,,,,,,,,,,,,,,,,,,,,,,,,,,,,,,,,1.0,1.0,,,,1.0,,,,,,,,,,,,,,,,,,,,,,,,,,,,,,,,,,,,1610612760,2004,2003-04,True
1498-2209-2436-2499-2557,1610612760,"Antonio Daniels, Vladimir Radmanovic, Flip Murray, Richie Frahm, Luke Ridnour","Daniels, Radmanovic, Murray, Frahm, Ridnour",1498-2209-2436-2499-2557,SEA,203.0,2,8.0,8.0,18.0,1.0,1.0,1.0,6.0,,8.0,127.68472906403942,8.75,8.375,1.0,3.0,,10.0,9.0,1.0,4.0,6.0,1.0,2.0,4.0,6.0,,,1.0,1.0,1.0,2.0,1.0,2.0,5.0,7.0,1.0,2.0,,13.0,13.0,1.0,2.0,,2.0,5.0,7.0,1.0,2.0,,13.0,4.0,6.0,3.0,2.0,,2.0,1.0,,2.0,2.0,1.0,,4.0,2.0,1.0,1.0,,2.0,2.0,4.0,,,,,,,,,,,,,11.0,13.0,4.0,0.4,0.5,0.5,0.5,0.5,0.7142857142857143,0.5,0.7142857142857143,0.7222222222222222,0.5,0.7222222222222222,0.7222222222222222,0.5,0.7222222222222222,0.2222222222222222,,,,,,0.5,1.0,1.0,0.6666666666666666,0.6666666666666666,1.0,,,0.5,,1.0,13.3,13.1,0.6666666666666666,0.6666666666666666,0.6666666666666666,0.25,,,,,0.1111111111111111,1.0,1.0,0.2222222222222222,0.5,0.5,1.0,0.5,0.6666666666666666,0.6666666666666666,0.2222222222222222,0.5,0.8888888888888888,0.5,0.5344611111111112,0.48705,0.5344611111111112,,,0.15384615384615385,1.0,2.5714285714285716,26.75,,1.0,,1.0,,1.0,,,,,,,,,,,1.0,,,,,1.0,,,,,,,,,,,,,1.0,,,0.3333333333333333,,,,,,,,,,,,,,,,,,,,,,,,,,,,,,,,,,,1610612760,2004,2003-04,True
1498-2209-2436-2499-958,1610612760,"Antonio Daniels, Vladimir Radmanovic, Flip Murray, Richie Frahm, Vitaly Potapenko","Daniels, Radmanovic, Murray, Frahm, Potapenko",1498-2209-2436-2499-958,SEA,41.0,1,1.0,1.0,3.0,,,,,,1.0,105.36585365853658,25.0,25.0,1.0,1.0,-3.0,2.0,2.0,,,,,,,,,1.0,,,,,,,,1.0,,,,,3.0,,,,,,1.0,,,,,,,,,,,,,,,,,,,,,,,,,,,,,,,,,,,,,,,,,,,,,,,,,,,,,,,,,,,,,,,,,,,,,,,8.0,8.0,,,,,1.0,,,,,,,,,,,,,,,,,,0.2797,,0.2797,,,,,5.4,,,,,,,,,,,,,,,,,,,,,,,,,,,,,,,,,,,,,,,,,,,,,,,,,,,,,,,,,,,,,,,,,,,,,,,,,,1610612760,2004,2003-04,True
1498-2209-2436-2501-2557,1610612760,"Antonio Daniels, Vladimir Radmanovic, Flip Murray, Reggie Evans, Luke Ridnour","Daniels, Radmanovic, Murray, Evans, Ridnour",1498-2209-2436-2501-2557,SEA,224.0,1,5.0,5.0,10.0,,,,2.0,,5.0,64.28571428571428,15.4,13.8,1.0,4.0,-1.0,5.0,,2.0,1.0,1.0,1.0,1.0,1.0,1.0,,2.0,1.0,2.0,,1.0,,1.0,2.0,5.0,,1.0,2.0,6.0,7.0,1.0,2.0,,2.0,2.0,5.0,,1.0,2.0,6.0,2.0,2.0,,2.0,,1.0,,,1.0,1.0,,,2.0,2.0,,2.0,,2.0,2.0,4.0,,,,,,,,,2.0,,,1.0,4.0,6.0,,0.5,1.0,,,,0.4,0.5,0.4,0.3333333333333333,0.5,0.3333333333333333,0.42857142857142855,0.5,0.42857142857142855,0.16666666666666666,,,,,,0.6666666666666666,0.6666666666666666,,0.6666666666666666,0.5,,1.0,,,1.0,,29.4,25.0,0.16666666666666666,1.0,1.0,,0.3333333333333333,,,,0.3333333333333333,0.5,0.5,0.16666666666666666,,,0.5,1.0,0.16666666666666666,1.0,0.16666666666666666,,0.3333333333333333,,0.4414416666666667,0.48285,0.4414416666666667,,,0.3333333333333333,1.0,10.0,25.9,,,,,,,,,,,,,,,,,1.0,,,,,1.0,,,,,,,,,,,,,,,,,,,,,,,,,,,,,,,,,,,,,,,,,,,,,,,,,,,1610612760,2004,2003-04,True
1498-2209-2436-2501-699,1610612760,"Antonio Daniels, Vladimir Radmanovic, Flip Murray, Reggie Evans, Brent Barry","Daniels, Radmanovic, Murray, Evans, Barry",1498-2209-2436-2501-699,SEA,173.0,2,5.0,3.0,10.0,,,,1.0,,3.0,83.23699421965318,21.2,17.6,0.6,3.0,-3.0,5.0,3.0,1.0,1.0,3.0,,1.0,1.0,1.0,,2.0,,1.0,1.0,1.0,,,1.0,6.0,1.0,1.0,,5.0,8.0,,2.0,,,1.0,3.0,,,,2.0,,2.0,,,,1.0,1.0,,,1.0,,,3.0,2.0,1.0,,1.0,2.0,2.0,4.0,,,,,,,,,,,,,5.0,2.0,1.0,,,1.0,,1.0,0.16666666666666666,,0.3333333333333333,0.35714285714285715,,0.3333333333333333,0.35714285714285715,,0.3333333333333333,0.14285714285714285,,,,,1.0,,0.4,0.5,0.5,0.4,0.5,,1.0,,,0.5,13.4,13.4,0.42857142857142855,0.3333333333333333,0.3333333333333333,,0.2857142857142857,,,,0.14285714285714285,,,0.14285714285714285,1.0,1.0,0.5,,0.3333333333333333,1.0,,,0.5714285714285714,1.0,0.46885714285714286,0.4629,0.41050000000000003,,,,0.4,5.266666666666667,25.9,,,,,,,,,,,,,,3.0,1.0,,,1.0,,,,,,,,,,,1.0,1.0,,,,,,,,,1.0,,,,,,,,,,,,,,,,,,,,,,,,,,,,,,,,,,1610612760,2004,2003-04,True
1498-2209-2436-2501-951,1610612760,"Antonio Daniels, Vladimir Radmanovic, Flip Murray, Reggie Evans, Ray Allen","Daniels, Radmanovic, Murray, Evans, Allen",1498-2209-2436-2501-951,SEA,1700.0,9,51.0,8.0,101.0,3.0,15.0,4.0,11.0,,8.0,85.5529411764706,17.098039215686274,15.666666666666666,0.1568627450980392,28.0,-9.0,50.0,5.0,8.0,7.0,15.0,3.0,5.0,2.0,2.0,1.0,7.0,4.0,9.0,1.0,5.0,,1.0,12.0,31.0,2.0,7.0,12.0,42.0,51.0,3.0,7.0,,9.0,3.0,4.0,,2.0,1.0,7.0,10.0,14.0,,4.0,,5.0,1.0,2.0,5.0,7.0,3.0,,16.0,7.0,7.0,14.0,2.0,23.0,9.0,32.0,2.0,,12.0,1.0,6.0,,2.0,7.0,17.0,1.0,9.0,,33.0,7.0,1.0,0.4166666666666667,0.5,0.2857142857142857,,0.2857142857142857,0.3870967741935484,0.42857142857142855,0.75,0.39473684210526316,0.5625,0.5,0.45652173913043476,0.5625,0.5833333333333334,0.18421052631578946,0.06451612903225806,0.14285714285714285,,0.8,0.6666666666666666,0.6363636363636364,0.3684210526315789,0.7777777777777778,0.6774193548387096,0.375,0.5,,0.6,0.5,0.7,0.7142857142857143,16.56,15.58,0.39473684210526316,0.4666666666666667,0.5,0.42857142857142855,0.18421052631578946,0.14285714285714285,0.16666666666666666,,0.23684210526315788,0.4444444444444444,0.4444444444444444,0.13157894736842105,0.2,0.2,0.625,0.6,0.3333333333333333,1.0,0.16666666666666666,,0.5789473684210527,0.2,0.4782065789473684,0.5094714285714286,0.49248333333333333,0.1956521739130435,0.23076923076923078,0.21428571428571427,0.16666666666666666,7.664516129032258,24.82857142857143,6.0,3.0,2.0,3.0,,1.0,3.0,,1.0,1.0,2.0,,1.0,6.0,2.0,1.0,2.0,1.0,0.06666666666666667,0.6666666666666666,1.0,0.5,0.05263157894736842,0.5,0.5,1.0,0.16666666666666666,,1.0,1.0,2.0,2.0,0.4,,,,0.5,,2.0,,,1.0,1.0,1.0,,,,,1.0,1.0,,0.125,1.0,1.0,1.0,0.3333333333333333,,,,,,,,,,,,,,,,,1610612760,2004,2003-04,True
1498-2209-2436-2501-958,1610612760,"Antonio Daniels, Vladimir Radmanovic, Flip Murray, Reggie Evans, Vitaly Potapenko","Daniels, Radmanovic, Murray, Evans, Potapenko",1498-2209-2436-2501-958,SEA,218.0,2,9.0,5.0,17.0,1.0,2.0,1.0,2.0,1.0,5.0,112.29357798165138,9.777777777777779,9.777777777777779,0.5555555555555556,4.0,5.0,8.0,3.0,1.0,3.0,3.0,1.0,1.0,1.0,1.0,1.0,2.0,,,,,,,4.0,5.0,,,6.0,14.0,9.0,1.0,1.0,,2.0,1.0,1.0,,,6.0,8.0,6.0,2.0,,2.0,,,,,3.0,3.0,2.0,1.0,6.0,1.0,1.0,,,1.0,1.0,2.0,1.0,,1.0,,1.0,,,,7.0,1.0,1.0,3.0,12.0,8.0,,0.75,1.0,,,,0.8,1.0,1.0,0.8,1.0,1.0,0.875,1.0,1.0,,,,,0.5,,,1.0,0.3333333333333333,0.2,1.0,,1.0,,,,0.3333333333333333,16.25,12.5,0.6,1.0,1.0,0.6666666666666666,0.4,0.5,0.5,1.0,,,,,,,1.0,1.0,1.0,1.0,,,0.6,,0.54326,0.5704,0.8079,0.2,0.2,0.14285714285714285,0.5714285714285714,1.9,,,,,,,,,,,,,,,,,,,,,,,,,,,,,,,,1.0,,,,,,,,1.0,,,,,,,,,,,,,,,,,,,,,,,,,,,,,,,,,,1610612760,2004,2003-04,True
1498-2209-2436-2557-951,1610612760,"Antonio Daniels, Vladimir Radmanovic, Flip Murray, Luke Ridnour, Ray Allen","Daniels, Radmanovic, Murray, Ridnour, Allen",1498-2209-2436-2557-951,SEA,7.0,1,1.0,1.0,2.0,,,,,,1.0,411.42857142857144,2.0,2.0,1.0,,2.0,1.0,1.0,,1.0,1.0,,,1.0,1.0,,,,,,,,,1.0,1.0,,,,2.0,,,,,,1.0,1.0,,,,2.0,,2.0,,,,,,,,,,,,,,,,,,,1.0,1.0,,,,,,,,,,,2.0,2.0,,,,,,,1.0,,1.0,1.0,,1.0,1.0,,1.0,,,,,,,,,,,,,,,,,,5.0,5.0,1.0,1.0,1.0,,,,,,,,,,,,,,1.0,1.0,,,1.0,,0.8078,,0.8078,,,,1.0,,,,,,,,,,,,,,,,,,,,,,,,,,,,,,,,,,,,,,,,,,,,,,,,,,,,,,,,,,,,,,,,,,,,,,,,,,,1610612760,2004,2003-04,True
1498-2209-2436-699-958,1610612760,"Antonio Daniels, Vladimir Radmanovic, Flip Murray, Brent Barry, Vitaly Potapenko","Daniels, Radmanovic, Murray, Barry, Potapenko",1498-2209-2436-699-958,SEA,85.0,1,3.0,1.0,7.0,,1.0,1.0,1.0,,1.0,118.58823529411764,8.0,8.0,0.3333333333333333,1.0,2.0,4.0,1.0,,1.0,2.0,,,,,,,,,,,,,1.0,2.0,,,3.0,5.0,3.0,,,,,,,,,2.0,2.0,2.0,,,,,,,,1.0,1.0,1.0,,2.0,,1.0,,,1.0,,1.0,1.0,,1.0,,,,,,3.0,1.0,2.0,,5.0,2.0,,1.0,1.0,,,,0.5,,,0.5,,,0.8333333333333334,,1.0,,,,,1.0,,,,1.0,1.0,,,,,,,1.0,15.25,15.25,1.0,0.5,0.5,1.0,,,,,,,,,,,,,,,,,1.0,,0.61565,,,0.6666666666666666,0.6666666666666666,,0.4,,,1.0,,,,,,,,,,,,,,,,,,,,,,,,,,,,,,1.0,,,,,,,,,,,,,,,,,,,,,,,,,,,,,,,,,,,,,,,,,,1610612760,2004,2003-04,True
1498-2209-2436-951-958,1610612760,"Antonio Daniels, Vladimir Radmanovic, Flip Murray, Ray Allen, Vitaly Potapenko","Daniels, Radmanovic, Murray, Allen, Potapenko",1498-2209-2436-951-958,SEA,1346.0,12,39.0,9.0,75.0,1.0,3.0,1.0,7.0,,9.0,80.23774145616642,18.17948717948718,16.46153846153846,0.23076923076923078,22.0,-3.0,36.0,11.0,11.0,7.0,16.0,6.0,9.0,1.0,1.0,,9.0,3.0,13.0,3.0,6.0,,2.0,10.0,38.0,3.0,6.0,11.0,40.0,43.0,6.0,10.0,2.0,17.0,3.0,6.0,,2.0,4.0,10.0,6.0,14.0,,12.0,,6.0,3.0,1.0,3.0,6.0,1.0,,15.0,12.0,7.0,4.0,1.0,12.0,13.0,25.0,2.0,1.0,2.0,,,,1.0,4.0,13.0,,3.0,2.0,23.0,10.0,,0.3,0.75,0.5,,0.5,0.2631578947368421,0.6,0.5,0.32954545454545453,0.625,0.375,0.3877551020408163,0.6538461538461539,0.5,0.13636363636363635,0.02631578947368421,,,0.6666666666666666,1.0,0.5714285714285714,0.4444444444444444,0.7,0.6470588235294118,0.4642857142857143,0.4444444444444444,0.4444444444444444,0.4444444444444444,,0.6666666666666666,0.5714285714285714,17.694444444444443,16.333333333333332,0.36363636363636365,0.4375,0.4666666666666667,0.14285714285714285,0.20454545454545456,,,,0.29545454545454547,0.23076923076923078,0.23076923076923078,0.13636363636363635,0.5,0.5,0.75,0.6666666666666666,0.125,1.0,0.25,,0.5,0.5,0.4462363636363636,0.5031875,0.39233125,0.06382978723404255,0.07317073170731707,0.425,0.25,8.886842105263158,25.3,2.0,,,1.0,,,1.0,,1.0,,,,,9.0,3.0,,2.0,1.0,0.0625,0.5,1.0,0.6666666666666666,,,,,,,3.0,1.0,1.0,1.0,1.0,,4.0,,1.0,0.14814814814814814,1.0,,,1.0,2.0,0.5,,,,,1.0,2.0,3.0,0.16666666666666666,0.5,1.0,,,1.0,,,,,1.0,,,,,,,,,,,1610612760,2004,2003-04,True
1498-2209-2499-2501-2557,1610612760,"Antonio Daniels, Vladimir Radmanovic, Richie Frahm, Reggie Evans, Luke Ridnour","Daniels, Radmanovic, Frahm, Evans, Ridnour",1498-2209-2499-2501-2557,SEA,720.0,1,24.0,13.0,49.0,2.0,6.0,4.0,9.0,,13.0,98.0,15.875,15.375,0.5416666666666666,12.0,-3.0,25.0,12.0,2.0,5.0,5.0,2.0,2.0,4.0,4.0,4.0,4.0,2.0,7.0,1.0,4.0,,1.0,11.0,16.0,2.0,5.0,3.0,31.0,34.0,2.0,3.0,,4.0,8.0,10.0,,1.0,1.0,17.0,14.0,8.0,,2.0,,4.0,1.0,1.0,7.0,9.0,4.0,2.0,20.0,3.0,4.0,2.0,1.0,7.0,3.0,10.0,2.0,,4.0,,1.0,1.0,,6.0,3.0,1.0,2.0,,27.0,17.0,1.0,0.6363636363636364,0.7,0.4,,0.4,0.6875,0.6666666666666666,0.8,0.6666666666666666,0.6666666666666666,0.7272727272727273,0.7045454545454546,0.6666666666666666,0.7727272727272727,0.23809523809523808,0.0625,,0.14285714285714285,0.6666666666666666,1.0,0.6666666666666666,0.75,0.6666666666666666,0.6666666666666666,0.42857142857142855,,,0.75,,0.5,0.5,13.56,12.92,0.23809523809523808,1.0,1.0,0.8,0.19047619047619047,1.0,1.0,0.5,0.3333333333333333,0.2857142857142857,0.3333333333333333,0.19047619047619047,0.25,0.25,0.6666666666666666,1.0,0.36363636363636365,1.0,0.09090909090909091,,0.47619047619047616,0.25,0.47868809523809525,0.5301333333333333,0.4794909090909091,0.09090909090909091,0.11764705882352941,0.12903225806451613,0.5483870967741935,9.45625,24.34,3.0,1.0,1.0,1.0,,,1.0,,1.0,1.0,1.0,,,6.0,2.0,1.0,1.0,1.0,,1.0,0.75,0.5,0.047619047619047616,1.0,1.0,1.0,,,1.0,1.0,2.0,,,,,,,,,,,,,,,,,,,,,,,,,0.5,,,,,,,,,,,,,,,,,1610612760,2004,2003-04,True
1498-2209-2499-2501-699,1610612760,"Antonio Daniels, Vladimir Radmanovic, Richie Frahm, Reggie Evans, Brent Barry","Daniels, Radmanovic, Frahm, Evans, Barry",1498-2209-2499-2501-699,SEA,56.0,1,1.0,1.0,2.0,,,,,,1.0,51.42857142857143,28.0,28.0,1.0,1.0,2.0,1.0,,,,,,,,,1.0,1.0,,,,,,,1.0,1.0,,,,2.0,,,,,,1.0,1.0,,,,2.0,2.0,,,,,,,,1.0,1.0,,1.0,2.0,,1.0,,,1.0,,1.0,,,,,,,,,,,,,2.0,2.0,,1.0,1.0,,,,1.0,,1.0,1.0,,1.0,1.0,,1.0,,,,,,,,,1.0,1.0,,,,,,,1.0,28.0,28.0,,,,,1.0,1.0,1.0,1.0,,,,,,,,,,,,,,,0.3497,,0.3497,,,,1.0,7.7,,,,,,,,,,,,,,,,,,,,,,,,,,,,,,,,,,,,,,,,,,,,,,,,,,,,,,,,,,,,,,,,,,,,,,,,,,1610612760,2004,2003-04,True
1498-2209-2501-699-958,1610612760,"Antonio Daniels, Vladimir Radmanovic, Reggie Evans, Brent Barry, Vitaly Potapenko","Daniels, Radmanovic, Evans, Barry, Potapenko",1498-2209-2501-699-958,SEA,56.0,1,2.0,,3.0,1.0,1.0,,1.0,1.0,,77.14285714285714,11.0,4.5,,1.0,2.0,1.0,,1.0,1.0,1.0,1.0,1.0,,,,,,,,,,,1.0,1.0,,,,2.0,,1.0,1.0,,2.0,,,,,,,2.0,,,,,,,,1.0,1.0,1.0,,2.0,,,,,,,,,,,,,,,,,,,,,,,1.0,1.0,,,,1.0,1.0,,1.0,1.0,,1.0,1.0,,,,,,,,,,,,,,,,,,,34.0,18.0,1.0,1.0,1.0,1.0,,,,,,,,,,,1.0,1.0,,,,,1.0,,0.507,0.507,,,,1.0,,,,,,,,,,,,,,,,,,,,,,,,,,,,,,,,,,,,,,,,,,,,,,,,,,,,,,,,,,,1.0,,,,,,,,,,,,,,,,,1610612760,2004,2003-04,True
1498-2209-2501-951-958,1610612760,"Antonio Daniels, Vladimir Radmanovic, Reggie Evans, Ray Allen, Vitaly Potapenko","Daniels, Radmanovic, Evans, Allen, Potapenko",1498-2209-2501-951-958,SEA,795.0,4,25.0,13.0,49.0,3.0,7.0,3.0,6.0,,13.0,88.75471698113208,15.72,14.2,0.52,13.0,-9.0,24.0,,3.0,4.0,6.0,1.0,1.0,3.0,3.0,,4.0,2.0,5.0,1.0,4.0,,1.0,6.0,15.0,1.0,4.0,5.0,20.0,29.0,1.0,4.0,,2.0,5.0,11.0,,1.0,,10.0,8.0,4.0,3.0,,,4.0,1.0,,4.0,4.0,3.0,,8.0,2.0,1.0,6.0,1.0,8.0,3.0,11.0,2.0,,4.0,,2.0,1.0,,3.0,6.0,,2.0,,18.0,10.0,,0.6666666666666666,0.6666666666666666,0.25,,0.25,0.4,0.25,0.45454545454545453,0.39473684210526316,0.25,0.4166666666666667,0.4523809523809524,0.25,0.4166666666666667,0.21052631578947367,,,,0.5714285714285714,1.0,0.5454545454545454,0.2222222222222222,0.5,0.5384615384615384,0.25,,0.25,0.3333333333333333,,0.5714285714285714,,16.75,15.083333333333334,0.3157894736842105,0.6666666666666666,0.6666666666666666,0.75,0.21052631578947367,,,,0.2631578947368421,0.4,0.4,0.21052631578947367,0.25,0.25,0.25,1.0,0.25,1.0,0.08333333333333333,,0.5263157894736842,0.25,0.4830657894736842,0.4151,0.4690708333333333,0.09523809523809523,0.11764705882352941,0.1,0.5,8.313333333333334,25.3,2.0,2.0,,2.0,,1.0,1.0,,0.5,,,,,,,,1.0,,,1.0,0.5,0.5,,,,,,,,,2.0,1.0,0.3333333333333333,,,,0.3333333333333333,,,,,,,,,,,1.0,,,2.0,,,,1.0,1.0,,,,,,,,,,,,,,,,,1610612760,2004,2003-04,True
1498-2209-699-951-958,1610612760,"Antonio Daniels, Vladimir Radmanovic, Brent Barry, Ray Allen, Vitaly Potapenko","Daniels, Radmanovic, Barry, Allen, Potapenko",1498-2209-699-951-958,SEA,91.0,1,3.0,,6.0,1.0,1.0,,1.0,,,94.94505494505495,17.0,17.0,,2.0,,3.0,,,,1.0,,,,,1.0,1.0,,,,,,,1.0,2.0,,,,2.0,2.0,,,,,,,,,,,,2.0,,,,,,1.0,,,,,,,1.0,,,1.0,,1.0,,,,,,,,1.0,,,,,2.0,,,,,,,,0.5,,,0.5,,,0.5,,,,0.5,,,,,,,1.0,1.0,,,,,,,1.0,13.333333333333334,13.333333333333334,0.5,,,,0.5,1.0,1.0,,,,,,,,,,,,,,0.5,,0.54175,,,,,,,3.05,,,,,,,,,,,,,,,,,,,,1.0,,,,,,,,,,,,,,,,,,,,,,,,,,,,,,,,,,,,1.0,,,,,,,,,,,,,,,,,,1610612760,2004,2003-04,True
1498-2436-2499-2501-2557,1610612760,"Antonio Daniels, Flip Murray, Richie Frahm, Reggie Evans, Luke Ridnour","Daniels, Murray, Frahm, Evans, Ridnour",1498-2436-2499-2501-2557,SEA,218.0,1,6.0,5.0,13.0,,,,1.0,,5.0,85.87155963302753,10.666666666666666,8.833333333333334,0.8333333333333334,4.0,8.0,7.0,7.0,1.0,2.0,2.0,,,2.0,2.0,,1.0,1.0,2.0,,2.0,,1.0,3.0,5.0,,2.0,2.0,8.0,,1.0,2.0,,2.0,3.0,3.0,,1.0,2.0,8.0,4.0,2.0,,,,2.0,,,2.0,2.0,2.0,,4.0,1.0,3.0,,1.0,4.0,2.0,6.0,,,,,,,,1.0,2.0,,1.0,,6.0,8.0,,0.6666666666666666,0.6666666666666666,,,,0.6,0.5,1.0,0.42857142857142855,0.5,0.75,0.5,0.5,0.8,0.2857142857142857,,,,,1.0,,0.5,1.0,0.6,0.5,,,1.0,,,1.0,22.0,18.0,0.2857142857142857,1.0,1.0,1.0,0.14285714285714285,,,,0.2857142857142857,0.5,0.5,0.2857142857142857,,,,,0.5,1.0,0.25,,0.5714285714285714,,0.48579999999999995,0.3907,0.540175,0.125,0.16666666666666666,0.25,1.0,9.72,26.9,,,,,,,,,,,,,,,,,,,,,1.0,,,,,,,,,,,1.0,0.5,,,,0.5,,,,,,,,,,,,,,,,,,,,,,,,,,,,,,,,,,,,1610612760,2004,2003-04,True
1498-2436-2499-2501-958,1610612760,"Antonio Daniels, Flip Murray, Richie Frahm, Reggie Evans, Vitaly Potapenko","Daniels, Murray, Frahm, Evans, Potapenko",1498-2436-2499-2501-958,SEA,20.0,1,,,,,,,1.0,,,,,,,,,,,,,,,,,,,,,,,,,,,,,,,,,,,,,,,,,,,,,,,,,,,,,,,,,,,,,,,,,,,,,,,,,,,,,,,,,,,,,,,,,,,,,,,,,,,,,,,,,,,,,,,,,,,,,,,,,,,,,,,,,,,,,,,,,,,,,,,,,,,,,,,,,,,,,,,,,,,,,,,,,,,,,,,,,,,,1.0,,,,,,,,,,,,,,,,,,,,,,,,,,,,,,,,,,1610612760,2004,2003-04,True
1498-2436-2499-951-958,1610612760,"Antonio Daniels, Flip Murray, Richie Frahm, Ray Allen, Vitaly Potapenko","Daniels, Murray, Frahm, Allen, Potapenko",1498-2436-2499-951-958,SEA,119.0,1,4.0,,8.0,,,,1.0,,,96.80672268907563,14.25,14.0,,2.0,2.0,4.0,,1.0,2.0,4.0,1.0,1.0,,,,,,,,,,,2.0,4.0,,1.0,,4.0,2.0,1.0,1.0,,2.0,,,,,,,2.0,2.0,,2.0,,,,,1.0,1.0,1.0,,2.0,1.0,1.0,,,1.0,1.0,2.0,1.0,,,,,,,,,,,,2.0,,,0.5,1.0,,,,0.5,1.0,,0.4,1.0,,0.4,1.0,,0.2,,,,,,,0.5,1.0,1.0,0.3333333333333333,0.5,,,,,,15.5,15.5,0.8,0.5,0.5,0.5,,,,,,,,,,,1.0,1.0,,,,,1.0,,0.58368,0.6624,,,,0.5,,1.575,24.6,,,,,,,,,,,1.0,,,,,,,,,,1.0,,0.2,,,,,,,,1.0,,,,,,,,,,,,,,,,,,,,,,,,,,,,,,,,,,,,,,,,,,1610612760,2004,2003-04,True
1498-2436-2501-951-958,1610612760,"Antonio Daniels, Flip Murray, Reggie Evans, Ray Allen, Vitaly Potapenko","Daniels, Murray, Evans, Allen, Potapenko",1498-2436-2501-951-958,SEA,241.0,2,7.0,,15.0,1.0,1.0,,,,,89.6265560165975,14.571428571428571,14.571428571428571,,4.0,3.0,8.0,,,1.0,1.0,,,,,2.0,2.0,,,1.0,1.0,,,3.0,3.0,1.0,1.0,2.0,11.0,8.0,,,,,,,,,,,4.0,2.0,,,,1.0,1.0,,2.0,3.0,1.0,1.0,7.0,,1.0,1.0,,2.0,,2.0,,,,,,,,,4.0,,2.0,,11.0,,,0.6666666666666666,0.6666666666666666,1.0,,1.0,1.0,,,1.125,,,0.9166666666666666,,,0.25,,,,,,1.0,,1.0,1.0,,,,,,,,17.375,17.375,0.25,1.0,1.0,1.0,0.5,1.0,1.0,0.5,,,,0.25,1.0,1.0,,,,,,,0.5,1.0,0.51825,,,0.3333333333333333,0.4,,,3.6999999999999997,24.3,,,,,,,,,,,,,,3.0,1.0,,,1.0,,1.0,1.0,,,,,,,,1.0,1.0,,,,,,,,,,,,,,,,,,,,,,,,,,,,,,,,,,,,,,,,,,,1610612760,2004,2003-04,True
1738-1740-1744-2209-2557,1610612760,"Ansu Sesay, Rashard Lewis, Jerome James, Vladimir Radmanovic, Luke Ridnour","Sesay, Lewis, James, Radmanovic, Ridnour",1738-1740-1744-2209-2557,SEA,306.0,1,8.0,,17.0,,1.0,,3.0,,,80.0,21.5,19.375,,5.0,-3.0,9.0,,2.0,1.0,1.0,1.0,1.0,,,,,2.0,5.0,1.0,2.0,,,3.0,6.0,1.0,2.0,4.0,13.0,16.0,2.0,2.0,,4.0,,,,,,,4.0,2.0,,2.0,,2.0,1.0,,2.0,3.0,,,7.0,2.0,,2.0,,2.0,3.0,5.0,,,1.0,,1.0,,,1.0,4.0,,2.0,,9.0,,,0.6666666666666666,1.0,0.5,,0.5,0.5,1.0,,0.5625,1.0,,0.65,1.0,,0.25,,,,1.0,,1.0,0.6666666666666666,,1.0,0.75,,,0.6666666666666666,,1.0,,14.88888888888889,14.88888888888889,0.125,1.0,1.0,,,,,,0.625,0.4,0.4,0.25,0.5,0.5,0.5,1.0,,,,,0.375,0.5,0.472325,0.4486,,0.2,0.25,0.3076923076923077,,14.983333333333334,25.25,,,,,,,,,,,,,,3.0,1.0,,2.0,1.0,,1.0,,1.0,,,,,,,1.0,1.0,,1.0,1.0,,,,1.0,,,,,,,,,,,,,,,,,,,,,,,,,,,,,,,,,,,,1610612760,2004,2003-04,True
1738-1740-1744-2209-951,1610612760,"Ansu Sesay, Rashard Lewis, Jerome James, Vladimir Radmanovic, Ray Allen","Sesay, Lewis, James, Radmanovic, Allen",1738-1740-1744-2209-951,SEA,93.0,1,3.0,,5.0,,,,,,,77.41935483870968,10.333333333333334,10.0,,2.0,6.0,2.0,,1.0,,,,,,,1.0,2.0,2.0,2.0,,,,,3.0,4.0,,,,6.0,,1.0,1.0,,2.0,,,,,,,2.0,4.0,,2.0,,,,,1.0,1.0,,,2.0,1.0,2.0,,,2.0,1.0,3.0,,,,,,,,,,,,,4.0,,,0.3333333333333333,0.5,,,,0.75,1.0,,0.75,1.0,,0.75,1.0,,,,,,,,,1.0,1.0,0.6666666666666666,1.0,,1.0,,,,1.0,31.0,23.5,,,,,0.5,0.5,0.5,,0.5,1.0,1.0,,,,,,,,,,,,0.424925,0.4312,,,,0.3333333333333333,,14.65,,,,,,,,,,,,,,,,,,1.0,,,,1.0,0.5,,,,,,,,,,,,,,,,,,,,,,,,,,,,,,,,,,,,,,,,,,,,,,,,,,,1610612760,2004,2003-04,True
1738-1740-1744-2436-2557,1610612760,"Ansu Sesay, Rashard Lewis, Jerome James, Flip Murray, Luke Ridnour","Sesay, Lewis, James, Murray, Ridnour",1738-1740-1744-2436-2557,SEA,51.0,1,1.0,,2.0,,,,,,,56.470588235294116,16.0,11.0,,1.0,2.0,1.0,,1.0,1.0,1.0,1.0,1.0,,,,1.0,,,,,,,1.0,2.0,,,,2.0,,1.0,1.0,,2.0,,,,,,,,2.0,,,,,,,,,,,,1.0,1.0,,,1.0,1.0,2.0,,,,,,,,,,,,,,,,,,,,,0.5,1.0,,0.5,1.0,,0.5,1.0,,,,,,,,,1.0,1.0,0.3333333333333333,1.0,,1.0,,,,1.0,35.0,32.0,0.5,1.0,1.0,,0.5,,,,,,,,,,1.0,1.0,,,,,0.5,,0.5014,0.5936,,,,1.0,,4.8,,,,,,,,,,,,,,,,,,,,,,,,,,,,,,,,,,,,,,,,,,,,,,,,,,,,,,,,,,,,,,,,,,,,,,,,,,1610612760,2004,2003-04,True
1738-1740-1744-2557-699,1610612760,"Ansu Sesay, Rashard Lewis, Jerome James, Luke Ridnour, Brent Barry","Sesay, Lewis, James, Ridnour, Barry",1738-1740-1744-2557-699,SEA,95.0,2,3.0,1.0,6.0,,,,1.0,,1.0,90.94736842105263,17.333333333333332,17.333333333333332,0.3333333333333333,2.0,2.0,3.0,,,1.0,1.0,,,1.0,1.0,,,1.0,1.0,,,,,2.0,2.0,,,2.0,6.0,4.0,,,,,1.0,1.0,,,,2.0,2.0,2.0,,,,,,,1.0,1.0,,,2.0,,,1.0,1.0,2.0,,2.0,,,,,,,,1.0,4.0,,1.0,1.0,6.0,2.0,,0.5,0.5,,,,1.0,,1.0,1.0,,1.0,0.75,,0.5,,,,,,1.0,1.0,,,1.0,,,,,1.0,,,14.333333333333334,14.333333333333334,0.5,1.0,1.0,,,,,,0.5,1.0,1.0,,,,,,1.0,1.0,,,0.5,,0.3766,,0.4135,0.3333333333333333,0.3333333333333333,,0.3333333333333333,10.1,,,,,,,,,,,,,,,,,,1.0,,,,,1.0,,,,,,,,,,,,,,,,,,,,,,,,,,,,,,,,,,,,,,,,,,,,,,,,,,,1610612760,2004,2003-04,True
1738-1740-1744-2557-951,1610612760,"Ansu Sesay, Rashard Lewis, Jerome James, Luke Ridnour, Ray Allen","Sesay, Lewis, James, Ridnour, Allen",1738-1740-1744-2557-951,SEA,344.0,2,9.0,6.0,19.0,,,,3.0,,6.0,79.53488372093024,19.333333333333332,16.444444444444443,0.6666666666666666,6.0,-6.0,10.0,3.0,2.0,,1.0,,1.0,,,1.0,4.0,1.0,4.0,,3.0,,2.0,2.0,9.0,,3.0,2.0,6.0,12.0,,2.0,,,2.0,6.0,,2.0,,4.0,,4.0,,,,3.0,,,,,,,,3.0,3.0,2.0,,5.0,4.0,9.0,,,,,,,,1.0,2.0,,1.0,,6.0,4.0,,,,,,,0.2222222222222222,,0.3333333333333333,0.16666666666666666,,0.25,0.23076923076923078,,0.25,0.25,,,,,,1.0,0.42857142857142855,0.75,0.8333333333333334,0.4,,0.3333333333333333,0.6666666666666666,1.0,1.0,0.5,17.0,16.0,0.08333333333333333,,,,0.3333333333333333,0.25,0.25,,0.3333333333333333,0.25,0.25,0.25,,,0.25,,,,0.25,,0.3333333333333333,,0.43372083333333333,0.4625666666666666,0.410325,0.07692307692307693,0.1,,0.6666666666666666,12.100000000000001,26.2,,1.0,,1.0,,1.0,1.0,,1.0,,,,,,,,,,,,1.0,,,,,,,,,,,1.0,0.3333333333333333,,2.0,,0.3333333333333333,0.2,,,,,2.0,,,,,,,2.0,,0.5,,,,,,,,,,,,,,,,,,,,,1610612760,2004,2003-04,True
1738-1740-1916-2209-2557,1610612760,"Ansu Sesay, Rashard Lewis, Calvin Booth, Vladimir Radmanovic, Luke Ridnour","Sesay, Lewis, Booth, Radmanovic, Ridnour",1738-1740-1916-2209-2557,SEA,135.0,1,4.0,,8.0,,,,,,,85.33333333333333,15.75,15.75,,2.0,,4.0,,,,1.0,,,,,1.0,2.0,,1.0,,,,,1.0,4.0,,,,2.0,2.0,,,,,,,,,,,,2.0,,,,,,1.0,,,,,,,,3.0,,3.0,,3.0,,,,,,,,,,,,,2.0,,,,,,,,0.25,,,0.25,,,0.25,,,,0.25,,,,,1.0,,,1.0,,,,,1.0,1.0,,18.0,18.0,0.25,,,,0.5,0.5,0.5,,0.25,,,,,,,,,,,,0.25,,0.400475,,,,,,,6.7,,,,,,,,,,,,,,,,,,,,1.0,1.0,,,,,,,,,,,,,,,,,,,,,,,,,,,,,,,,,,,,,,,,,,,,,,,,,,,,,1610612760,2004,2003-04,True
1738-1740-1916-2436-2499,1610612760,"Ansu Sesay, Rashard Lewis, Calvin Booth, Flip Murray, Richie Frahm","Sesay, Lewis, Booth, Murray, Frahm",1738-1740-1916-2436-2499,SEA,192.0,2,6.0,1.0,11.0,1.0,2.0,,1.0,1.0,1.0,82.5,16.333333333333332,16.333333333333332,0.16666666666666666,3.0,-2.0,5.0,1.0,1.0,,,,,,,,2.0,,2.0,,1.0,,,,4.0,,1.0,,,2.0,,1.0,,,,2.0,,,,,,,,,,1.0,,1.0,,,,,,1.0,,2.0,1.0,3.0,1.0,4.0,1.0,,1.0,,,,,,,,,,,,,,,,,,,,,,,,,,,0.2,0.25,0.5,,0.5,1.0,0.6666666666666666,0.3333333333333333,,0.4,0.25,,1.0,,0.5,1.0,,18.8,12.4,,,,,0.4,,,,0.4,,,0.2,,,,,,,,,0.2,,0.34962,0.2681,0.26785,,,,,14.55,26.4,1.0,,,,,,,,,,,,,,,,,,,,,,,,,,,,,,1.0,,,,,,,,,,,,,,,,,,,,,,,,,,,,,,,,,,,,,,,,,,1610612760,2004,2003-04,True
1738-1740-1916-2436-2557,1610612760,"Ansu Sesay, Rashard Lewis, Calvin Booth, Flip Murray, Luke Ridnour","Sesay, Lewis, Booth, Murray, Ridnour",1738-1740-1916-2436-2557,SEA,538.0,3,18.0,6.0,34.0,1.0,4.0,1.0,2.0,,6.0,91.00371747211896,15.777777777777779,14.277777777777779,0.3333333333333333,9.0,1.0,16.0,1.0,4.0,2.0,3.0,1.0,1.0,1.0,1.0,,4.0,2.0,5.0,,1.0,,,4.0,12.0,,2.0,5.0,13.0,12.0,2.0,3.0,1.0,5.0,2.0,4.0,,,2.0,6.0,2.0,6.0,,2.0,,1.0,,1.0,1.0,1.0,,,2.0,4.0,,9.0,,9.0,4.0,13.0,1.0,1.0,3.0,,2.0,,,1.0,6.0,,3.0,,8.0,6.0,,0.25,0.3333333333333333,,,,0.3333333333333333,0.6666666666666666,0.5,0.2857142857142857,0.6666666666666666,0.5,0.38235294117647056,0.625,0.6,0.14285714285714285,0.08333333333333333,0.25,,0.75,,0.75,0.5,,0.6923076923076923,0.4444444444444444,,0.5,0.6666666666666666,1.0,0.8,,15.875,15.25,0.21428571428571427,0.6666666666666666,0.6666666666666666,,0.2857142857142857,,,,0.35714285714285715,0.4,0.4,0.07142857142857142,,,0.3333333333333333,1.0,0.25,1.0,,,0.35714285714285715,,0.43546071428571426,0.47469999999999996,0.4197,0.17647058823529413,0.2,0.38461538461538464,0.46153846153846156,11.575000000000001,25.1,1.0,3.0,1.0,3.0,,2.0,2.0,,0.6666666666666666,,1.0,,,,,,1.0,,,0.6,,0.5,0.07142857142857142,,,,,,,,,,,,,,,,,,,,,,,,,,,,,,,,,,,,,,,,,,,1.0,,,,,,,1610612760,2004,2003-04,True
1738-1740-1916-2436-699,1610612760,"Ansu Sesay, Rashard Lewis, Calvin Booth, Flip Murray, Brent Barry","Sesay, Lewis, Booth, Murray, Barry",1738-1740-1916-2436-699,SEA,176.0,2,6.0,,13.0,,1.0,,,,,106.36363636363637,15.833333333333334,14.0,,3.0,,7.0,,2.0,,,,,,,,1.0,1.0,2.0,1.0,3.0,,,1.0,3.0,1.0,3.0,1.0,6.0,6.0,1.0,1.0,1.0,3.0,,,,,,,2.0,,3.0,,,3.0,1.0,1.0,1.0,1.0,,,2.0,1.0,2.0,,1.0,3.0,2.0,5.0,1.0,1.0,1.0,,,,,,2.0,,1.0,,3.0,,,1.0,1.0,0.3333333333333333,,0.3333333333333333,0.3333333333333333,1.0,,0.4166666666666667,1.0,,0.42857142857142855,0.75,,0.5,0.3333333333333333,1.0,,1.0,1.0,,0.5,1.0,1.0,0.5,,1.0,,,,1.0,11.571428571428571,11.571428571428571,,,,,0.16666666666666666,,,,0.3333333333333333,0.5,0.5,0.5,0.3333333333333333,0.3333333333333333,,,,,,,0.5,0.3333333333333333,0.4689916666666667,0.3992,,0.14285714285714285,0.25,0.5,,13.033333333333333,25.566666666666666,1.0,,,,,,,,,,,,,,,,1.0,,,,,1.0,,,,,,,,,,1.0,0.5,,,,0.5,,,,,,,,,,,,,,,,,,,,,,,,,,,,,,,,,,,,1610612760,2004,2003-04,True
1738-1740-1916-2557-699,1610612760,"Ansu Sesay, Rashard Lewis, Calvin Booth, Luke Ridnour, Brent Barry","Sesay, Lewis, Booth, Ridnour, Barry",1738-1740-1916-2557-699,SEA,84.0,1,4.0,,8.0,1.0,2.0,,1.0,1.0,,137.14285714285714,9.0,9.0,,1.0,-2.0,4.0,,1.0,,,,,,,,,,1.0,,1.0,,,,1.0,,1.0,,,2.0,,,,,,,,,,,,,,,,1.0,,,,,,,,,,2.0,,2.0,,2.0,1.0,1.0,1.0,,,,1.0,,,,,,,,,,,,,,,,,,,,,,,0.5,,,,0.5,,1.0,,,1.0,,,,,1.0,,,12.0,12.0,,,,,,,,,0.5,,,0.5,,,,,,,,,0.5,,0.50425,,,,,,,18.8,25.9,1.0,1.0,1.0,1.0,,,1.0,,1.0,,,,,,,,,,,1.0,,,,,,,,,,,,,,,,,,,,,,,,,,,,,,,,,,,,,,,,,,,,,,,,,,,,,1610612760,2004,2003-04,True
1738-1740-2209-2436-2557,1610612760,"Ansu Sesay, Rashard Lewis, Vladimir Radmanovic, Flip Murray, Luke Ridnour","Sesay, Lewis, Radmanovic, Murray, Ridnour",1738-1740-2209-2436-2557,SEA,20.0,1,1.0,1.0,1.0,,,,,,1.0,72.0,20.0,20.0,1.0,,,,,,,,,,,,,,,1.0,,,,,,1.0,,,,,,,,,,,1.0,,,,,,,,,,,,,,,,,,,,,,,,,,,,,,,,,,,,,,,,,,,,,,,,,,,,,,,,,,,,,,,,,,,,,,,,,,,,,,,,,1.0,,,,,,,,,,,,,,0.2838,,0.2838,,,,,14.1,,,,,,,,,,,,,,,,,,,,,,,,,,,,,,,,,,,,,,,,,,,,,,,,,,,,,,,,,,,,,,,,,,,,,,,,,,1610612760,2004,2003-04,True
1738-1740-2209-2436-699,1610612760,"Ansu Sesay, Rashard Lewis, Vladimir Radmanovic, Flip Murray, Brent Barry","Sesay, Lewis, Radmanovic, Murray, Barry",1738-1740-2209-2436-699,SEA,86.0,2,5.0,5.0,11.0,,,,3.0,,5.0,184.1860465116279,9.6,8.4,1.0,1.0,-3.0,6.0,6.0,1.0,1.0,1.0,,,1.0,1.0,,1.0,,,,4.0,,4.0,1.0,2.0,,4.0,,2.0,5.0,,,,,1.0,2.0,,4.0,,2.0,2.0,,,,,4.0,,,1.0,1.0,1.0,,2.0,,,,3.0,3.0,1.0,4.0,,,,,,,,,,,,,2.0,2.0,3.0,1.0,1.0,,,,0.5,,0.5,0.16666666666666666,,0.16666666666666666,0.16666666666666666,,0.16666666666666666,0.6666666666666666,,,,,1.0,,,,,0.25,,,,,,,6.333333333333333,6.333333333333333,0.16666666666666666,1.0,1.0,1.0,0.16666666666666666,,,,,,,0.6666666666666666,,,,,0.16666666666666666,1.0,0.6666666666666666,,0.8333333333333334,,0.43507500000000005,,0.43507500000000005,,,,1.0,6.65,26.5,,,,,,,,,,,,,,,,,,,,,,,,,,,,,,,,1.0,0.25,,,,0.25,,,,,,1.0,,,,,,,1.0,,1.0,,,,,,,,,,,,,,,,,,,,,1610612760,2004,2003-04,True
1738-1740-2209-2436-951,1610612760,"Ansu Sesay, Rashard Lewis, Vladimir Radmanovic, Flip Murray, Ray Allen","Sesay, Lewis, Radmanovic, Murray, Allen",1738-1740-2209-2436-951,SEA,1.0,1,1.0,1.0,2.0,,,,,,1.0,2880.0,,,1.0,,2.0,1.0,1.0,,,,,,,,,,,,,,,,,,,,2.0,2.0,,,,,,,,,,2.0,2.0,,,,,,,,,,,,,,,,,1.0,1.0,,1.0,,,,,,,,,2.0,,,1.0,2.0,2.0,,,,,,,,,,,,,1.0,,1.0,,,,,,1.0,,,,,,,,,,,,1.0,1.0,,,,,,,,,,,,,,,,,,,,,,,,,,,,,1.0,,,,,,,,,,,,,,,,,,,,,,,,,,,,,,,,,,,,,,,,,,,,,,,,,,,,,,,,,,,,,,,,,,,,,,,,,,,1610612760,2004,2003-04,True
1738-1740-2209-2557-951,1610612760,"Ansu Sesay, Rashard Lewis, Vladimir Radmanovic, Luke Ridnour, Ray Allen","Sesay, Lewis, Radmanovic, Ridnour, Allen",1738-1740-2209-2557-951,SEA,19.0,1,1.0,1.0,2.0,,,,,,1.0,151.57894736842107,3.0,3.0,1.0,,1.0,1.0,1.0,,,,,,,,,,,,,,,,,,1.0,1.0,,3.0,2.0,,,,,,,1.0,1.0,,3.0,,,,,,,,,,1.0,,,3.0,,,,,,,,,,,,,,,,,,,,3.0,3.0,,,,1.0,1.0,1.0,,,,1.5,,1.5,1.5,,1.5,1.0,,,,,,,,,,,,,,,,,16.0,16.0,,,,,,,,,,,,,,,,,,,,,1.0,,0.393,,0.393,,,,1.0,,23.5,,,,,,,,,,1.0,1.0,1.0,1.0,3.0,1.0,1.0,,1.0,,,,,1.0,1.0,1.0,1.0,1.0,1.0,,,,,,,,,,,,,,,,,,,,,,,,,,,,,,,,,,,,,,,,,,,,,1610612760,2004,2003-04,True
1738-1740-2209-2557-958,1610612760,"Ansu Sesay, Rashard Lewis, Vladimir Radmanovic, Luke Ridnour, Vitaly Potapenko","Sesay, Lewis, Radmanovic, Ridnour, Potapenko",1738-1740-2209-2557-958,SEA,179.0,2,5.0,,10.0,1.0,1.0,,4.0,1.0,,80.44692737430168,12.2,10.4,,3.0,2.0,5.0,2.0,1.0,1.0,3.0,1.0,1.0,,,,,,,1.0,2.0,,,1.0,3.0,1.0,2.0,,5.0,3.0,1.0,1.0,,2.0,,,,,,,,2.0,3.0,,,2.0,1.0,,,,,,,,,3.0,,3.0,1.0,4.0,,,,,,,,1.0,,,,,3.0,,,,,0.5,,0.5,0.3333333333333333,1.0,,0.5,1.0,,0.5,1.0,,0.4,,,,,,0.6,,,0.6,0.3333333333333333,,,,0.6666666666666666,,,23.6,20.2,0.6,0.3333333333333333,0.3333333333333333,,,,,,,,,0.4,0.5,0.5,1.0,1.0,,,,,1.0,0.5,0.55797,,,,,0.4,,1.2,25.0,,1.0,,1.0,,1.0,1.0,,1.0,,,,,,,,,,,1.0,,,,,,,,,,,,1.0,1.0,,,,1.0,,,,,,,,,,,,,,,,,,,,,,,,,,,,,,,,,,,,1610612760,2004,2003-04,True
1738-1740-2209-699-951,1610612760,"Ansu Sesay, Rashard Lewis, Vladimir Radmanovic, Brent Barry, Ray Allen","Sesay, Lewis, Radmanovic, Barry, Allen",1738-1740-2209-699-951,SEA,15.0,1,1.0,1.0,1.0,,,,,,1.0,96.0,15.0,15.0,1.0,,2.0,,,1.0,,,,,,,,,,1.0,,,,,,1.0,,,2.0,2.0,,,,2.0,2.0,,1.0,,,2.0,2.0,,,,,,,,,,,,,,1.0,,,,,1.0,1.0,,,,,,,,,2.0,,,1.0,,2.0,,,,,,,,,,,,,0.5,1.0,0.5,,,,,,,,1.0,,,1.0,,,1.0,,,,,,,,,,,,,,1.0,,,,,,,,,,,,,,0.375,,0.375,,,1.0,1.0,22.9,,,,,,,,,,,,,,,,,,,,,,,,,,,,,,,,,,,,,,,,,,,,,,,,,,,,,,,,,,,,,,,,,,,,,,,,,,1610612760,2004,2003-04,True
1738-1740-2436-2499-2501,1610612760,"Ansu Sesay, Rashard Lewis, Flip Murray, Richie Frahm, Reggie Evans","Sesay, Lewis, Murray, Frahm, Evans",1738-1740-2436-2499-2501,SEA,254.0,1,6.0,6.0,11.0,,,,1.0,,6.0,62.362204724409445,16.166666666666668,13.166666666666666,1.0,4.0,4.0,5.0,,2.0,1.0,2.0,,1.0,1.0,2.0,,,1.0,2.0,1.0,3.0,1.0,3.0,2.0,4.0,2.0,4.0,1.0,11.0,7.0,1.0,2.0,,2.0,2.0,4.0,2.0,4.0,1.0,11.0,,4.0,,,,3.0,1.0,,,2.0,,,6.0,,,1.0,,1.0,2.0,3.0,1.0,,,,,,,1.0,1.0,1.0,1.0,,9.0,11.0,,,,0.5,0.5,0.5,0.5,0.5,0.5,0.625,0.5,0.625,0.6875,0.5,0.6875,0.5,,,,,,0.3333333333333333,,,0.3333333333333333,0.5,,,,,0.3333333333333333,,31.4,25.2,0.25,0.5,0.5,,,,,,0.25,0.5,0.5,0.375,0.3333333333333333,0.3333333333333333,0.5,,0.25,0.5,0.375,0.3333333333333333,0.75,0.3333333333333333,0.542475,,0.542475,0.125,0.25,0.18181818181818182,1.0,10.9,24.3,,,,,,,,,,1.0,1.0,1.0,1.0,6.0,2.0,1.0,,1.0,,,,,0.125,1.0,1.0,1.0,0.125,1.0,1.0,1.0,1.0,2.0,1.0,,1.0,,1.0,0.25,,,,,,,,,,,,,,,,,,,,,,,,,,,,,,,,,,,1610612760,2004,2003-04,True
1738-1740-2436-2499-2557,1610612760,"Ansu Sesay, Rashard Lewis, Flip Murray, Richie Frahm, Luke Ridnour","Sesay, Lewis, Murray, Frahm, Ridnour",1738-1740-2436-2499-2557,SEA,36.0,1,4.0,4.0,7.0,,,,4.0,,4.0,280.0,7.75,7.0,1.0,1.0,-4.0,3.0,3.0,1.0,1.0,1.0,,,1.0,1.0,,,,,,4.0,,4.0,1.0,1.0,,4.0,,2.0,6.0,,,,,1.0,1.0,,4.0,,2.0,,2.0,,,,4.0,,,,,,,,,,,1.0,1.0,1.0,2.0,,,,,,,,1.0,,,,,2.0,2.0,3.0,,,,,,1.0,,1.0,0.2,,0.2,0.2,,0.2,0.8,,,,,0.5,,,,,0.25,,,,,,,1.6666666666666667,1.0,0.2,1.0,1.0,,,,,,,,,0.8,,,,,0.2,1.0,0.8,,1.0,,0.48273,,0.48273,,,,1.0,,24.925,,,,,,,,,,,,,,,,,,,,,,,,,,,,,,,,1.0,0.25,,,,0.25,,,,,,1.0,,,,,,,1.0,,1.0,,,,,,,,,,,,,,,,,,,,,1610612760,2004,2003-04,True
1738-1740-2436-2499-958,1610612760,"Ansu Sesay, Rashard Lewis, Flip Murray, Richie Frahm, Vitaly Potapenko","Sesay, Lewis, Murray, Frahm, Potapenko",1738-1740-2436-2499-958,SEA,24.0,1,,,1.0,,,,,,,60.0,,,,,,1.0,,,,,,,,,,,,,,,,,,,,,,,,,,,,,,,,,,,,,,,,,,,,,,,,,,,,,,,,,,,,,,,,,,,,,,,,,,,,,,,,,,,,,,,,,,,,,,,,,,,,24.0,24.0,,,,,,,,,,,,,,,,,,,,,,,,,,,,,,,,,,,,,,,,,,,,,,,,,,,,,,,,,,,,,,,,,,,,,,,,,,,,,,,,,,,,,,,,,,,,,,,,,,,,,,,,1610612760,2004,2003-04,True
1738-1740-2436-2501-2557,1610612760,"Ansu Sesay, Rashard Lewis, Flip Murray, Reggie Evans, Luke Ridnour","Sesay, Lewis, Murray, Evans, Ridnour",1738-1740-2436-2501-2557,SEA,861.0,4,27.0,1.0,53.0,4.0,5.0,,10.0,1.0,1.0,88.6411149825784,15.962962962962964,15.481481481481481,0.037037037037037035,14.0,1.0,26.0,9.0,3.0,4.0,8.0,2.0,3.0,1.0,2.0,4.0,6.0,2.0,4.0,3.0,6.0,,,10.0,18.0,3.0,7.0,1.0,30.0,29.0,3.0,4.0,,6.0,1.0,3.0,,,,2.0,4.0,16.0,3.0,4.0,,6.0,3.0,1.0,2.0,4.0,1.0,,10.0,4.0,3.0,4.0,2.0,9.0,4.0,13.0,1.0,,1.0,1.0,1.0,,,2.0,2.0,,1.0,,24.0,2.0,4.0,0.2,0.25,0.42857142857142855,,0.42857142857142855,0.5555555555555556,0.75,0.3333333333333333,0.58,0.75,0.3333333333333333,0.5769230769230769,0.75,0.3333333333333333,0.28,0.05555555555555555,,,0.2,1.0,0.5,0.5,1.0,0.6363636363636364,0.3333333333333333,0.5,0.5,0.5,0.75,,1.0,16.53846153846154,14.76923076923077,0.32,0.5,0.5714285714285714,0.25,0.24,0.6666666666666666,0.6666666666666666,,0.16,0.5,0.5,0.24,0.5,0.5,0.75,0.6666666666666666,0.6666666666666666,0.5,,,0.6,0.5,0.444026,0.373425,0.30356666666666665,0.038461538461538464,0.05263157894736842,0.2,0.06666666666666667,7.566666666666666,25.842857142857145,,4.0,1.0,4.0,,3.0,2.0,,0.5,,1.0,,,6.0,2.0,,1.0,0.6666666666666666,0.125,0.3333333333333333,,0.5,0.04,,,,,,2.0,0.6666666666666666,1.0,,,,1.0,,,0.09090909090909091,1.0,,,,,,,,,,,,,,,,,,,,,,,,,,,,,,,,,,1610612760,2004,2003-04,True
1738-1740-2436-2557-958,1610612760,"Ansu Sesay, Rashard Lewis, Flip Murray, Luke Ridnour, Vitaly Potapenko","Sesay, Lewis, Murray, Ridnour, Potapenko",1738-1740-2436-2557-958,SEA,419.0,2,13.0,,24.0,2.0,4.0,,3.0,2.0,,82.48210023866348,18.76923076923077,16.923076923076923,,7.0,1.0,11.0,,2.0,2.0,2.0,1.0,1.0,,,1.0,3.0,1.0,2.0,1.0,2.0,,,4.0,7.0,1.0,3.0,2.0,13.0,12.0,1.0,2.0,,2.0,,,,,,,2.0,6.0,,2.0,,2.0,1.0,1.0,1.0,2.0,1.0,,5.0,1.0,2.0,2.0,,4.0,2.0,6.0,,,2.0,,1.0,,,,2.0,,1.0,,11.0,,,0.25,0.3333333333333333,0.3333333333333333,,0.3333333333333333,0.5714285714285714,0.5,,0.55,0.5,,0.5909090909090909,0.5,,0.3,0.14285714285714285,0.3333333333333333,,0.5,,1.0,0.3333333333333333,0.6666666666666666,0.8,0.4,,0.5,,1.0,,1.0,15.909090909090908,15.909090909090908,0.2,1.0,1.0,0.5,0.3,0.3333333333333333,0.5,,0.2,0.5,0.5,0.2,0.5,0.5,0.5,1.0,,,,,0.5,0.5,0.44627,0.5431,,0.09090909090909091,0.125,0.15384615384615385,,7.757142857142857,24.7,1.0,,,,,,,,,,1.0,,,3.0,1.0,,,1.0,,,0.5,,0.1,,,,,,1.0,1.0,,1.0,0.5,,,,1.0,,1.0,,,,,,,,,,,,,,,,,,,,,,,,,,,,,,,,,,1610612760,2004,2003-04,True
1738-1740-2436-699-951,1610612760,"Ansu Sesay, Rashard Lewis, Flip Murray, Brent Barry, Ray Allen","Sesay, Lewis, Murray, Barry, Allen",1738-1740-2436-699-951,SEA,160.0,3,7.0,5.0,13.0,,,,,,5.0,117.0,11.428571428571429,11.428571428571429,0.7142857142857143,3.0,5.0,6.0,4.0,1.0,,,,,,,,1.0,1.0,1.0,1.0,1.0,1.0,1.0,1.0,2.0,1.0,1.0,7.0,12.0,7.0,,,2.0,2.0,,,1.0,1.0,5.0,8.0,2.0,,,,,1.0,1.0,,1.0,2.0,,,5.0,1.0,3.0,,,3.0,1.0,4.0,,,,,,,,,8.0,,1.0,3.0,10.0,8.0,,1.0,1.0,1.0,1.0,1.0,0.5,,,0.8333333333333334,,1.5,0.8571428571428571,1.0,1.0,0.3333333333333333,,,,,,,1.0,0.6,0.6,1.0,,1.0,,,,0.6666666666666666,13.333333333333334,11.0,,,,,0.3333333333333333,,,,0.3333333333333333,1.0,1.0,0.3333333333333333,1.0,1.0,,,,,1.0,1.0,0.3333333333333333,1.0,0.43188333333333334,,0.52515,0.25,0.3333333333333333,0.16666666666666666,0.6666666666666666,10.1,24.9,,,,,,,,,,,,,,3.0,1.0,,1.0,1.0,,,0.5,1.0,,,,,,,1.0,1.0,,,,,1.0,,,1.0,,,,,,,,,,,,,,,,,,,,,,,,,,,,,,,,,,,1610612760,2004,2003-04,True
1738-1740-2436-699-958,1610612760,"Ansu Sesay, Rashard Lewis, Flip Murray, Brent Barry, Vitaly Potapenko","Sesay, Lewis, Murray, Barry, Potapenko",1738-1740-2436-699-958,SEA,79.0,1,2.0,,4.0,,,,1.0,,,72.9113924050633,26.0,20.5,,1.0,4.0,2.0,,1.0,,,,,,,,1.0,1.0,1.0,,,,,1.0,2.0,,,2.0,4.0,,1.0,1.0,,2.0,,,,,,,,2.0,,,,,,,,,,,,1.0,,1.0,1.0,2.0,1.0,3.0,,,,,,,,1.0,2.0,,1.0,,2.0,,,,,,,,0.5,1.0,,0.5,1.0,,0.6666666666666666,1.0,,,,,,,1.0,1.0,1.0,,1.0,1.0,,1.0,,,,,13.5,13.5,,,,,0.5,,,,0.5,1.0,1.0,,,,,,,,,,,,0.37,0.3969,,0.3333333333333333,0.3333333333333333,0.5,,14.4,,,,,,,,,,,,,,,,,,,,,1.0,,,,,,,,,,,,,,,,,,,,,,,,,,,,,,,,,,,,,,,,,,,,,,,,,,,,,1610612760,2004,2003-04,True
1738-1740-2436-951-958,1610612760,"Ansu Sesay, Rashard Lewis, Flip Murray, Ray Allen, Vitaly Potapenko","Sesay, Lewis, Murray, Allen, Potapenko",1738-1740-2436-951-958,SEA,825.0,2,26.0,21.0,52.0,2.0,4.0,3.0,3.0,,21.0,90.76363636363637,16.96153846153846,16.884615384615383,0.8076923076923077,14.0,2.0,26.0,24.0,2.0,1.0,3.0,,,,2.0,1.0,3.0,1.0,3.0,2.0,4.0,1.0,3.0,3.0,9.0,2.0,6.0,10.0,22.0,20.0,,,1.0,1.0,1.0,7.0,1.0,5.0,7.0,12.0,6.0,,,,,4.0,2.0,1.0,3.0,5.0,1.0,1.0,12.0,2.0,5.0,6.0,,11.0,2.0,13.0,2.0,1.0,2.0,1.0,1.0,,,1.0,15.0,2.0,5.0,4.0,21.0,12.0,,1.0,1.0,0.3333333333333333,0.2,0.3333333333333333,0.3333333333333333,,0.14285714285714285,0.4,,0.20833333333333334,0.5,0.5,0.3333333333333333,0.4,0.1111111111111111,,,0.5,,0.6666666666666666,0.3333333333333333,0.8333333333333334,0.7333333333333333,0.2,,,1.0,0.6666666666666666,0.6666666666666666,0.75,14.76923076923077,13.0,0.2,0.3333333333333333,0.5,1.0,0.2,0.3333333333333333,0.3333333333333333,1.0,0.2,0.3333333333333333,0.3333333333333333,0.26666666666666666,0.5,0.5,,,0.16666666666666666,,0.25,0.3333333333333333,0.6,0.5,0.47939666666666664,,0.4689916666666667,0.2777777777777778,0.4166666666666667,0.045454545454545456,0.5454545454545454,9.266666666666667,24.366666666666664,1.0,5.0,2.0,5.0,,3.0,3.0,,0.6,,2.0,,2.0,6.0,2.0,,1.0,1.0,0.3333333333333333,0.6666666666666666,1.0,1.0,0.13333333333333333,,,,0.16666666666666666,,2.0,1.0,1.0,,,,,,,,,,,,,,,,,,,,,,,,,,,,,,,,1.0,,,,,,,,,,1610612760,2004,2003-04,True
1738-1740-2499-2501-2557,1610612760,"Ansu Sesay, Rashard Lewis, Richie Frahm, Reggie Evans, Luke Ridnour","Sesay, Lewis, Frahm, Evans, Ridnour",1738-1740-2499-2501-2557,SEA,107.0,2,4.0,,7.0,,,,2.0,,,94.2056074766355,13.5,8.75,,2.0,1.0,3.0,,1.0,1.0,2.0,,,,,,,,,,3.0,,,1.0,2.0,,3.0,1.0,3.0,2.0,,,1.0,1.0,,,,,,,2.0,,,,,3.0,,1.0,1.0,1.0,1.0,,2.0,,,2.0,,2.0,1.0,3.0,,,,,,,,1.0,1.0,,,,2.0,,,1.0,1.0,,,,0.5,,,0.2,,,0.2,,,0.6,0.5,,,,,1.0,,,1.0,0.25,,,,,,,17.666666666666668,17.666666666666668,0.4,0.5,1.0,1.0,,,,,,,,0.6,,,,,,,,,1.0,,0.5883,0.555,,,,0.3333333333333333,,,25.266666666666666,,,,,,,,,,,,,,,,,,,0.5,1.0,,,,,,,,,,,,1.0,0.3333333333333333,,,,0.3333333333333333,,,,,,1.0,,,,,,,1.0,1.0,1.0,,,,,,,,,,,,,,,,,,,,,1610612760,2004,2003-04,True
1738-1740-2499-2557-699,1610612760,"Ansu Sesay, Rashard Lewis, Richie Frahm, Luke Ridnour, Brent Barry","Sesay, Lewis, Frahm, Ridnour, Barry",1738-1740-2499-2557-699,SEA,149.0,1,4.0,2.0,9.0,,,,,,2.0,86.97986577181207,20.25,18.25,0.5,2.0,-2.0,5.0,,2.0,1.0,2.0,1.0,1.0,,,,1.0,,2.0,,1.0,,,1.0,5.0,,1.0,,2.0,4.0,1.0,2.0,,2.0,,3.0,,,,,,2.0,,2.0,,1.0,,3.0,,,,,,1.0,,2.0,,2.0,2.0,4.0,1.0,,,,,,,,,,,,,,,,,,,,0.2,0.5,,0.16666666666666666,0.5,,0.16666666666666666,0.5,,0.16666666666666666,0.6,1.0,0.5,,,1.0,0.25,,0.6666666666666666,0.4,,1.0,,1.0,1.0,,13.6,10.0,0.3333333333333333,0.5,1.0,,0.16666666666666666,,,,0.3333333333333333,,,0.16666666666666666,,,0.5,1.0,,,,,0.5,,0.45814166666666667,0.3437,0.33503333333333335,,,1.0,,8.7,24.7,,1.0,,1.0,,1.0,1.0,,1.0,,,,,,,,,,0.5,,,,,,,,,,,,1.0,1.0,1.0,,,,1.0,,,,,,,,,,,,,,,,,,,,,,,,,,,,,,,,,,,,1610612760,2004,2003-04,True
1738-1740-2499-2557-958,1610612760,"Ansu Sesay, Rashard Lewis, Richie Frahm, Luke Ridnour, Vitaly Potapenko","Sesay, Lewis, Frahm, Ridnour, Potapenko",1738-1740-2499-2557-958,SEA,150.0,1,6.0,,11.0,1.0,2.0,,2.0,1.0,,105.6,14.333333333333334,14.333333333333334,,2.0,-1.0,5.0,,,1.0,2.0,,,,,1.0,1.0,,1.0,,,,,2.0,4.0,,,,4.0,5.0,,,,,,,,,,,4.0,,,,,,,,2.0,2.0,1.0,1.0,4.0,,,,1.0,1.0,,1.0,1.0,1.0,1.0,,,,,1.0,,,,,4.0,,,1.0,1.0,,,,0.5,,,0.5,,,0.5,,,,,,,0.5,1.0,,,,,,,,,,,,12.8,12.8,0.5,0.5,0.5,1.0,0.25,1.0,1.0,1.0,0.25,,,,,,,,,,,,0.5,,0.47255,,,,,,,8.675,,1.0,,,,,,,,,,,,,,,,,,,,,,,,,,,,,,,,,,,,,,,,,,,,,,,,,,,,,,,,,,,,,,,,,,,,,,,,1610612760,2004,2003-04,True
1738-1740-2501-2557-699,1610612760,"Ansu Sesay, Rashard Lewis, Reggie Evans, Luke Ridnour, Brent Barry","Sesay, Lewis, Evans, Ridnour, Barry",1738-1740-2501-2557-699,SEA,412.0,3,13.0,11.0,27.0,2.0,3.0,3.0,5.0,1.0,11.0,94.36893203883496,14.846153846153847,14.23076923076923,0.8461538461538461,7.0,-7.0,14.0,9.0,3.0,3.0,7.0,2.0,3.0,2.0,5.0,,,,4.0,,,,,3.0,11.0,,,5.0,11.0,18.0,2.0,3.0,,4.0,2.0,9.0,,,5.0,9.0,2.0,4.0,,4.0,,,,,1.0,1.0,1.0,,2.0,4.0,1.0,1.0,,2.0,4.0,6.0,1.0,1.0,1.0,,1.0,,1.0,,7.0,1.0,1.0,3.0,7.0,9.0,1.0,0.3333333333333333,1.0,,,,0.2727272727272727,0.6666666666666666,0.2222222222222222,0.2727272727272727,0.6666666666666666,0.2222222222222222,0.39285714285714285,0.6666666666666666,0.375,,,,,0.3333333333333333,,0.25,0.5,1.0,0.4,0.5,0.5,,0.5,,0.3333333333333333,1.0,15.642857142857142,13.571428571428571,0.6363636363636364,0.42857142857142855,0.42857142857142855,0.3333333333333333,,,,,0.36363636363636365,,,,,,1.0,0.6666666666666666,0.5555555555555556,0.4,,,0.6363636363636364,,0.4406272727272727,0.4567333333333334,0.4197777777777778,0.09090909090909091,0.09090909090909091,0.36363636363636365,0.8181818181818182,7.109090909090909,,,,,,,,,,,,,,,,,,,,,,,,,,,,,,,,,,,,1.0,1.0,,0.125,1.0,,,,,,,,,,,,,,,,1.0,,,,,,,,,,,,,,,,,,1610612760,2004,2003-04,True
1738-1740-2501-2557-958,1610612760,"Ansu Sesay, Rashard Lewis, Reggie Evans, Luke Ridnour, Vitaly Potapenko","Sesay, Lewis, Evans, Ridnour, Potapenko",1738-1740-2501-2557-958,SEA,37.0,1,2.0,,3.0,,,,1.0,,,116.75675675675676,9.5,9.5,,1.0,2.0,1.0,,,,1.0,,,,,,,,,,,,,,1.0,,,2.0,2.0,,,,,,,,,,,,,,,,,,,,,,,,,,1.0,,,1.0,,1.0,,,,,,,,,2.0,,1.0,,2.0,,,,,,,,,,,,,,0.5,,,,,,,,,,,1.0,1.0,,,,,,,1.0,18.0,18.0,1.0,,,,,,,,,,,,,,,,,,,,1.0,,0.6545,,,0.5,0.5,,,,,,,,,,,,,,,,,,,,,,,,,,,,,,,,,,,,,,,,,,,1.0,,,,,,,,,,,,,,,,,,,,,,,,,,,,,,,,,,1610612760,2004,2003-04,True
1738-1740-2501-699-951,1610612760,"Ansu Sesay, Rashard Lewis, Reggie Evans, Brent Barry, Ray Allen","Sesay, Lewis, Evans, Barry, Allen",1738-1740-2501-699-951,SEA,215.0,2,9.0,,17.0,,2.0,,2.0,,,113.86046511627906,14.666666666666666,14.666666666666666,,4.0,1.0,8.0,,,2.0,3.0,,,,,,,,1.0,2.0,2.0,,,2.0,4.0,2.0,2.0,2.0,12.0,11.0,,,,,,,,,,,,4.0,,,,2.0,2.0,,,2.0,,,6.0,,1.0,,,1.0,,1.0,2.0,1.0,2.0,,,,,1.0,3.0,1.0,2.0,,12.0,,,,,1.0,,1.0,0.5,,,0.8333333333333334,,,0.8571428571428571,,,0.3333333333333333,,,,1.0,,,,1.0,0.5,,,,,,,1.0,10.375,10.375,0.5,0.6666666666666666,0.6666666666666666,,,,,,0.16666666666666666,,,0.3333333333333333,1.0,1.0,,,,,,,0.8333333333333334,1.0,0.5043916666666667,,,0.2857142857142857,0.4,,,4.9,25.35,2.0,,,,,,,,,,,,,6.0,2.0,,,1.0,,,,,,,,,,,2.0,1.0,1.0,,,,,,,,1.0,,,,,,,,,,,,,,,,,,,,,,,,,,,,,,,,,,1610612760,2004,2003-04,True
1738-1740-2557-699-951,1610612760,"Ansu Sesay, Rashard Lewis, Luke Ridnour, Brent Barry, Ray Allen","Sesay, Lewis, Ridnour, Barry, Allen",1738-1740-2557-699-951,SEA,574.0,2,18.0,1.0,37.0,1.0,2.0,,3.0,,1.0,92.82229965156795,13.61111111111111,13.555555555555555,0.05555555555555555,10.0,-5.0,19.0,,1.0,2.0,3.0,1.0,1.0,,,2.0,4.0,2.0,6.0,,1.0,,,6.0,13.0,,1.0,6.0,18.0,23.0,1.0,1.0,,2.0,,,,,2.0,2.0,4.0,8.0,,2.0,,1.0,,,2.0,2.0,1.0,,4.0,1.0,3.0,4.0,,7.0,1.0,8.0,1.0,1.0,1.0,1.0,1.0,,,2.0,6.0,,2.0,1.0,16.0,2.0,,0.3333333333333333,0.4,,,,0.46153846153846156,1.0,,0.42857142857142855,1.0,,0.5294117647058824,1.0,1.0,0.07142857142857142,,,,0.5,,1.0,0.14285714285714285,1.0,1.0,0.125,1.0,,,1.0,1.0,1.0,17.31578947368421,17.31578947368421,0.21428571428571427,0.6666666666666666,0.6666666666666666,0.5,0.2857142857142857,0.5,0.5,,0.42857142857142855,0.3333333333333333,0.3333333333333333,0.07142857142857142,,,1.0,1.0,,,,,0.2857142857142857,,0.4268714285714286,0.5564,,0.125,0.13333333333333333,0.1111111111111111,0.1111111111111111,11.753846153846155,25.7,,1.0,,1.0,,1.0,1.0,,1.0,,,,,,,,1.0,,,1.0,,0.5,,,,,,,,,,,,,,,,,,,,,,,,,,,,,,,,,,,,,,,,,,,,,,,,,,,1610612760,2004,2003-04,True
1738-1740-2557-951-958,1610612760,"Ansu Sesay, Rashard Lewis, Luke Ridnour, Ray Allen, Vitaly Potapenko","Sesay, Lewis, Ridnour, Allen, Potapenko",1738-1740-2557-951-958,SEA,716.0,2,26.0,,50.0,1.0,1.0,,3.0,,,100.55865921787709,13.692307692307692,12.5,,12.0,15.0,24.0,,1.0,4.0,5.0,,,,,2.0,4.0,5.0,8.0,1.0,3.0,,,11.0,17.0,2.0,4.0,11.0,39.0,24.0,,1.0,,,,,,,,,14.0,8.0,,,,3.0,1.0,1.0,7.0,9.0,3.0,1.0,20.0,2.0,3.0,5.0,,8.0,2.0,10.0,5.0,3.0,,,,,,2.0,14.0,2.0,8.0,,39.0,,,0.6363636363636364,0.6363636363636364,0.5,,0.5,0.6470588235294118,,,0.6666666666666666,,,0.7222222222222222,,,0.19047619047619047,0.058823529411764705,0.25,,,,1.0,0.3333333333333333,1.0,1.0,0.25,,0.5,0.3333333333333333,1.0,1.0,1.0,15.0,15.0,0.23809523809523808,0.8,0.8,0.75,0.19047619047619047,0.5,0.6666666666666666,0.5,0.38095238095238093,0.625,0.625,0.14285714285714285,0.3333333333333333,0.3333333333333333,,,,,,,0.42857142857142855,0.3333333333333333,0.4657166666666666,0.43035,,0.2962962962962963,0.34782608695652173,,,9.570588235294117,26.275,,,,,,,,,,1.0,1.0,,,6.0,2.0,1.0,3.0,1.0,,1.0,1.0,0.6,0.047619047619047616,1.0,1.0,1.0,,,1.0,1.0,2.0,,,,,,,,,,,,1.0,,,,,,,1.0,,0.5,,,,,,,,,,,1.0,,,,,,,,,,1610612760,2004,2003-04,True
1738-1740-699-951-958,1610612760,"Ansu Sesay, Rashard Lewis, Brent Barry, Ray Allen, Vitaly Potapenko","Sesay, Lewis, Barry, Allen, Potapenko",1738-1740-699-951-958,SEA,580.0,2,15.0,4.0,32.0,2.0,5.0,1.0,6.0,,4.0,79.44827586206897,18.733333333333334,17.933333333333334,0.26666666666666666,10.0,7.0,17.0,,3.0,3.0,5.0,1.0,2.0,,,,1.0,1.0,3.0,2.0,3.0,1.0,2.0,4.0,9.0,3.0,4.0,2.0,19.0,12.0,1.0,2.0,,2.0,,,1.0,2.0,2.0,5.0,,8.0,,2.0,,3.0,2.0,2.0,,3.0,,,9.0,3.0,2.0,5.0,,7.0,3.0,10.0,2.0,1.0,3.0,,2.0,,2.0,3.0,3.0,1.0,1.0,1.0,17.0,5.0,,,,0.75,0.5,0.75,0.4444444444444444,0.5,,0.6538461538461539,0.5,0.75,0.6785714285714286,0.5,0.8333333333333334,0.3076923076923077,0.2222222222222222,1.0,,0.6,,0.7142857142857143,0.75,0.6666666666666666,0.7,0.6,1.0,1.0,0.5,1.0,1.0,0.5,17.58823529411765,15.764705882352942,0.38461538461538464,0.6,0.75,,0.07692307692307693,,,,0.23076923076923078,0.3333333333333333,0.3333333333333333,0.23076923076923078,0.6666666666666666,0.6666666666666666,1.0,0.5,,,1.0,0.5,0.6923076923076923,0.6666666666666666,0.47936153846153845,0.5649,0.541425,0.07692307692307693,0.1111111111111111,0.10526315789473684,0.2631578947368421,8.322222222222223,25.475,1.0,,,,,,,,,1.0,1.0,,,9.0,3.0,1.0,,1.0,0.2,,1.0,,0.07692307692307693,1.0,1.0,1.0,,,2.0,1.0,1.0,,,,1.0,1.0,,0.25,,,,,,,,,,,,,,,,,,,,,,,,,,,,,,,,,,,1610612760,2004,2003-04,True
1738-1744-2209-2436-2557,1610612760,"Ansu Sesay, Jerome James, Vladimir Radmanovic, Flip Murray, Luke Ridnour","Sesay, James, Radmanovic, Murray, Ridnour",1738-1744-2209-2436-2557,SEA,472.0,4,14.0,,29.0,,2.0,,,,,88.47457627118645,18.571428571428573,18.071428571428573,,8.0,-3.0,15.0,6.0,2.0,3.0,5.0,1.0,1.0,,,,2.0,1.0,8.0,,1.0,,,4.0,15.0,,1.0,,8.0,11.0,2.0,2.0,,4.0,,,,,,,4.0,4.0,,2.0,,1.0,,2.0,2.0,2.0,2.0,,4.0,4.0,,5.0,,5.0,4.0,9.0,2.0,2.0,2.0,,1.0,,,,,,,,4.0,,,0.5,0.6666666666666666,,,,0.26666666666666666,1.0,,0.25,1.0,,0.25,1.0,,0.0625,0.13333333333333333,0.5,,1.0,,0.8333333333333334,0.36363636363636365,,0.7142857142857143,0.3333333333333333,0.5,0.5,0.2857142857142857,1.0,1.0,,14.133333333333333,12.4,0.3125,0.6,0.75,0.6666666666666666,0.125,,,,0.5,0.125,0.125,0.0625,,,0.5,1.0,,,,,0.375,,0.450071875,0.46485,,,,0.5,,10.96,25.7,1.0,1.0,,1.0,,1.0,1.0,,1.0,,,,,,,,,,0.2,,,,,,,,,,,,,,,,,,,,,,,,,,,,,,,,,,,,,,,,,,,,,,,,,,,,,,1610612760,2004,2003-04,True
1738-1744-2209-2436-699,1610612760,"Ansu Sesay, Jerome James, Vladimir Radmanovic, Flip Murray, Brent Barry","Sesay, James, Radmanovic, Murray, Barry",1738-1744-2209-2436-699,SEA,262.0,4,9.0,3.0,16.0,,1.0,,1.0,,3.0,87.93893129770993,14.222222222222221,14.222222222222221,0.3333333333333333,4.0,8.0,7.0,5.0,,3.0,3.0,,,2.0,2.0,4.0,4.0,,,,,,,7.0,7.0,,,3.0,17.0,9.0,,,,,3.0,3.0,,,1.0,7.0,8.0,6.0,,,,,,,4.0,4.0,2.0,2.0,8.0,,1.0,1.0,,2.0,,2.0,1.0,1.0,1.0,,,,,,3.0,1.0,2.0,,17.0,7.0,1.0,0.5714285714285714,0.5714285714285714,,,,1.0,,1.0,1.0,,1.0,1.0625,,1.1666666666666667,,,,,1.0,,0.5,,1.0,0.6666666666666666,,,,,,1.0,1.0,19.142857142857142,18.714285714285715,0.42857142857142855,1.0,1.0,0.6666666666666666,0.5714285714285714,1.0,1.0,0.5,,,,,,,,,0.6666666666666666,1.0,,,0.42857142857142855,,0.4860285714285714,,0.6854333333333332,0.25,0.25,,0.4117647058823529,7.014285714285714,,1.0,,,,,,,,,,,,,,,,,,,,,,,,,,,,,,,,,,,1.0,,,,,,,,,,,,,,,,,,,,,,,,,,,,,,,,,,,,,1610612760,2004,2003-04,True
1738-1744-2209-2436-951,1610612760,"Ansu Sesay, Jerome James, Vladimir Radmanovic, Flip Murray, Ray Allen","Sesay, James, Radmanovic, Murray, Allen",1738-1744-2209-2436-951,SEA,563.0,3,16.0,,34.0,3.0,4.0,,5.0,1.0,,86.96269982238012,18.0625,18.0625,,9.0,-3.0,18.0,,1.0,2.0,2.0,1.0,1.0,,,1.0,3.0,3.0,5.0,,2.0,,,6.0,10.0,1.0,3.0,1.0,16.0,19.0,1.0,1.0,1.0,3.0,,,,,,,8.0,4.0,,2.0,,2.0,,2.0,4.0,5.0,1.0,1.0,11.0,1.0,,7.0,,7.0,1.0,8.0,1.0,1.0,1.0,,1.0,2.0,,2.0,1.0,1.0,1.0,,13.0,,,0.6666666666666666,0.8,0.3333333333333333,,0.3333333333333333,0.6,1.0,,0.5769230769230769,1.0,,0.6153846153846154,1.5,,0.23076923076923078,0.2,0.6666666666666666,,0.25,,1.0,0.25,,0.875,0.16666666666666666,,,0.5,1.0,1.0,,15.222222222222221,14.666666666666666,0.15384615384615385,1.0,1.0,0.5,0.23076923076923078,0.3333333333333333,1.0,1.0,0.38461538461538464,0.6,0.6,0.15384615384615385,,,1.0,1.0,,,,,0.38461538461538464,,0.4732730769230769,0.5545,,0.07692307692307693,0.1,0.1875,,14.05,24.733333333333334,,1.0,,1.0,,1.0,1.0,,1.0,1.0,1.0,,,3.0,1.0,1.0,2.0,1.0,,1.0,,0.6666666666666666,0.07692307692307693,1.0,1.0,1.0,,,,,,,,,,,,,1.0,,,,,,,,,,,,,,,,,,,,,,,,,,,,,,,,,,1610612760,2004,2003-04,True
1738-1744-2209-2499-2557,1610612760,"Ansu Sesay, Jerome James, Vladimir Radmanovic, Richie Frahm, Luke Ridnour","Sesay, James, Radmanovic, Frahm, Ridnour",1738-1744-2209-2499-2557,SEA,73.0,1,3.0,,6.0,1.0,2.0,,2.0,1.0,,118.35616438356165,13.333333333333334,13.333333333333334,,1.0,,3.0,,,,,,,,,,,,,,,,,,,,,2.0,2.0,2.0,,,,,,,,,,,,,,,,,,,,,,,,,1.0,1.0,,2.0,,2.0,,,1.0,,1.0,,,1.0,2.0,,1.0,,2.0,,,,,,,,,,,,,,1.0,,,,,,,0.5,,1.0,,1.0,1.0,,,,,,,1.0,11.0,11.0,,,,,,,,,,,,,,,,,,,,,,,,,,1.0,1.0,,,,,,,,,,,,,,,,,,,,,,,,1.0,,,,,,,,,,,,,,,,,,,,,,,,,,,,,,,,,,,,,,,,,,,,,,,,,,,,,1610612760,2004,2003-04,True
1738-1744-2209-2557-699,1610612760,"Ansu Sesay, Jerome James, Vladimir Radmanovic, Luke Ridnour, Brent Barry","Sesay, James, Radmanovic, Ridnour, Barry",1738-1744-2209-2557-699,SEA,386.0,3,13.0,10.0,25.0,2.0,3.0,2.0,4.0,1.0,10.0,93.2642487046632,13.153846153846153,13.076923076923077,0.7692307692307693,6.0,4.0,12.0,12.0,1.0,4.0,5.0,1.0,1.0,3.0,4.0,,1.0,2.0,3.0,1.0,1.0,1.0,1.0,6.0,9.0,1.0,1.0,2.0,17.0,13.0,1.0,1.0,,2.0,5.0,7.0,1.0,1.0,2.0,15.0,10.0,2.0,,2.0,,1.0,1.0,1.0,5.0,6.0,3.0,,13.0,1.0,1.0,2.0,,3.0,1.0,4.0,2.0,2.0,1.0,,,,,2.0,2.0,,,1.0,15.0,15.0,,0.8333333333333334,1.0,1.0,1.0,1.0,0.6666666666666666,1.0,0.7142857142857143,0.75,1.0,0.8125,0.7727272727272727,1.0,0.8333333333333334,0.1,0.1111111111111111,,0.3333333333333333,0.3333333333333333,,0.6666666666666666,0.3333333333333333,0.5,0.6,0.3333333333333333,,,1.0,,0.6666666666666666,,17.916666666666668,17.083333333333332,0.5,0.8,0.8,0.75,0.1,,,,0.3,0.6666666666666666,1.0,0.1,1.0,1.0,1.0,1.0,0.5,0.75,0.125,1.0,0.6,1.0,0.47982500000000006,0.5321,0.50291875,,,0.11764705882352941,0.8823529411764706,6.477777777777778,24.8,1.0,,,,,,,,,,,,,3.0,1.0,,2.0,1.0,,,1.0,1.0,,,,,,,1.0,1.0,,,,,,1.0,,,1.0,,,,,,,,,,,,,,,,,,,,,,,,,,,,,,,,,,1610612760,2004,2003-04,True
1738-1744-2209-2557-951,1610612760,"Ansu Sesay, Jerome James, Vladimir Radmanovic, Luke Ridnour, Ray Allen","Sesay, James, Radmanovic, Ridnour, Allen",1738-1744-2209-2557-951,SEA,133.0,1,4.0,2.0,8.0,,,,2.0,,2.0,86.61654135338345,13.5,13.5,0.5,2.0,-5.0,4.0,2.0,,,,,,,,,2.0,1.0,1.0,,,,,1.0,3.0,,,1.0,3.0,8.0,,,,,1.0,1.0,,,1.0,3.0,,2.0,,,,,,,,,,,,,,,,,,,,,,,,,,1.0,2.0,,1.0,,3.0,3.0,,,,,,,0.3333333333333333,,1.0,0.3333333333333333,,1.0,0.375,,0.75,,,,,,,,,,,,,,,,,,19.75,19.75,,,,,0.6666666666666666,,,,0.3333333333333333,1.0,1.0,,,,,,,,,,,,0.3586666666666667,,0.3214,0.25,0.25,,1.0,12.5,,,,,,,,,,,,,,,,,,,,,,,,,,,,,,,,,,,,,,,,,,,,,,,,,,,,,,,,,,,,,,,,,,,,,,,,,,1610612760,2004,2003-04,True
1738-1744-2209-699-951,1610612760,"Ansu Sesay, Jerome James, Vladimir Radmanovic, Brent Barry, Ray Allen","Sesay, James, Radmanovic, Barry, Allen",1738-1744-2209-699-951,SEA,40.0,1,2.0,,3.0,,,,,,,108.0,11.5,4.0,,1.0,5.0,1.0,,1.0,1.0,2.0,,1.0,,,,,,,1.0,1.0,,,1.0,2.0,1.0,1.0,,5.0,,,1.0,,3.0,,,,,,,2.0,,,,,1.0,1.0,,1.0,2.0,1.0,,5.0,1.0,,,,,2.0,2.0,1.0,1.0,,,,,,,,,,,2.0,,,1.0,1.0,1.0,,1.0,0.5,,,0.8333333333333334,0.75,,0.8333333333333334,0.75,,0.3333333333333333,,,,,,,1.0,,,1.0,1.0,,,,,,17.0,17.0,0.6666666666666666,0.5,0.5,1.0,,,,,,,,0.3333333333333333,1.0,1.0,0.5,,,,,,1.0,1.0,0.5914333333333334,0.55805,,,,0.6,,,25.2,,,,,1.0,,,1.0,,,,,,3.0,1.0,,,1.0,,,,,,,,,,,1.0,1.0,,,,,,,,,,,,1.0,1.0,1.0,,,,,1.0,1.0,,0.5,1.0,1.0,,,,,,,,,,,,,,,,,,,1610612760,2004,2003-04,True
1738-1744-2436-2499-2557,1610612760,"Ansu Sesay, Jerome James, Flip Murray, Richie Frahm, Luke Ridnour","Sesay, James, Murray, Frahm, Ridnour",1738-1744-2436-2499-2557,SEA,68.0,1,2.0,2.0,5.0,,,,,,2.0,105.88235294117648,13.5,13.5,1.0,1.0,-1.0,3.0,3.0,,1.0,1.0,,,1.0,1.0,,,1.0,1.0,,,,,2.0,2.0,,,,4.0,5.0,,,,,2.0,2.0,,,,4.0,4.0,,,,,,,,2.0,2.0,1.0,,4.0,,,,,,,,,,,,,,,,,,,,4.0,4.0,,1.0,1.0,,,,1.0,,1.0,1.0,,1.0,1.0,,1.0,,,,,,,,,,,,,,,,,,13.666666666666666,13.666666666666666,0.5,1.0,1.0,1.0,,,,,0.5,1.0,1.0,,,,,,0.5,1.0,,,0.5,,0.39375,,0.39375,,,,1.0,11.95,,,,,,,,,,,,,,,,,,1.0,,,,,1.0,,,,,,,,,,,,,,,,,,,,,,,,,,,,,,,,,,,,,,,,,,,,,,,,,,,1610612760,2004,2003-04,True
1738-1744-2436-2501-2557,1610612760,"Ansu Sesay, Jerome James, Flip Murray, Reggie Evans, Luke Ridnour","Sesay, James, Murray, Evans, Ridnour",1738-1744-2436-2501-2557,SEA,410.0,2,14.0,,28.0,1.0,3.0,,2.0,,,98.34146341463415,15.785714285714286,14.857142857142858,,7.0,-4.0,14.0,,2.0,3.0,5.0,,1.0,,,,3.0,,3.0,,,,,3.0,11.0,,,2.0,8.0,12.0,,2.0,,,,,,,,,4.0,2.0,,,,,,1.0,2.0,2.0,2.0,,4.0,2.0,1.0,3.0,,4.0,2.0,6.0,2.0,1.0,2.0,,2.0,,,1.0,2.0,,1.0,,8.0,,,0.6666666666666666,0.6666666666666666,,,,0.2727272727272727,,,0.2727272727272727,,,0.3333333333333333,,,,0.09090909090909091,,,0.6666666666666666,,0.75,0.25,1.0,0.8,0.25,,0.6666666666666666,,1.0,1.0,1.0,13.5,13.071428571428571,0.45454545454545453,0.6,0.75,0.6666666666666666,0.2727272727272727,,,,0.2727272727272727,,,,,,0.5,,,,,,0.45454545454545453,,0.4661818181818182,0.4498,,0.08333333333333333,0.08333333333333333,,,9.10909090909091,,,,,,,,,,,,,,,,,,,,0.2,0.5,,,,,,,,,,,1.0,,,,,,,,1.0,,,,,,,,,,,,,,,,,,,,1.0,,,,,,,,,,,,,,1610612760,2004,2003-04,True
1738-1744-2436-2557-951,1610612760,"Ansu Sesay, Jerome James, Flip Murray, Luke Ridnour, Ray Allen","Sesay, James, Murray, Ridnour, Allen",1738-1744-2436-2557-951,SEA,485.0,2,14.0,1.0,27.0,2.0,2.0,,4.0,,1.0,80.16494845360825,17.071428571428573,15.785714285714286,0.07142857142857142,8.0,-6.0,13.0,,2.0,1.0,2.0,1.0,1.0,1.0,2.0,,2.0,3.0,8.0,,2.0,,,4.0,12.0,,2.0,3.0,11.0,17.0,1.0,2.0,,2.0,1.0,2.0,,,,2.0,4.0,4.0,,2.0,,2.0,,,2.0,2.0,,,4.0,1.0,,6.0,,6.0,2.0,8.0,1.0,1.0,,,,,,1.0,3.0,1.0,2.0,,9.0,2.0,,0.5,0.6666666666666666,,,,0.3333333333333333,0.5,0.5,0.2857142857142857,0.5,0.5,0.36666666666666664,0.5,0.5,0.14285714285714285,,,,,,0.8571428571428571,0.14285714285714285,,0.8571428571428571,0.2222222222222222,1.0,,,0.75,1.0,,18.923076923076923,17.0,0.14285714285714285,0.5,0.5,,0.14285714285714285,,,,0.5714285714285714,0.375,0.375,0.14285714285714285,,,0.5,1.0,1.0,0.5,,,0.2857142857142857,,0.39897857142857146,0.3568,0.33045,0.13333333333333333,0.15384615384615385,0.18181818181818182,0.18181818181818182,13.183333333333332,26.15,,2.0,,2.0,,2.0,1.0,,0.5,,,,,,,,2.0,,,,,0.6666666666666666,,,,,,,,,,1.0,0.5,,,,0.5,,,,,,,,,,,,,,,,,,,,,,,,1.0,,,,,,,,,,,,1610612760,2004,2003-04,True
1738-1744-2436-699-951,1610612760,"Ansu Sesay, Jerome James, Flip Murray, Brent Barry, Ray Allen","Sesay, James, Murray, Barry, Allen",1738-1744-2436-699-951,SEA,165.0,1,6.0,,12.0,,,,,,,104.72727272727273,15.666666666666666,15.0,,3.0,-1.0,6.0,6.0,1.0,2.0,3.0,1.0,1.0,,,,2.0,,,,1.0,,,2.0,5.0,,2.0,,4.0,5.0,1.0,1.0,,2.0,,,,,,,2.0,2.0,,,,1.0,,1.0,1.0,1.0,1.0,,2.0,,,2.0,,2.0,1.0,3.0,1.0,,,,,,,,,,,,2.0,,,0.5,0.5,,,,0.4,1.0,,0.2857142857142857,1.0,,0.2857142857142857,1.0,,0.2857142857142857,0.2,0.5,,,,1.0,,,1.0,0.2,,,,1.0,1.0,,11.833333333333334,11.833333333333334,0.42857142857142855,0.6666666666666666,0.6666666666666666,0.5,0.2857142857142857,,,,,,,0.14285714285714285,,,1.0,1.0,,,,,0.7142857142857143,,0.5749285714285713,0.5805,,,,0.5,,4.7,23.35,,1.0,,1.0,,1.0,1.0,,1.0,,1.0,,,,,,,,,,,,0.14285714285714285,,,,,,,,1.0,1.0,0.5,1.0,,,,,,,,,,,,,,,,,,,,,,,,,,,,,,,,,,,,,,,1610612760,2004,2003-04,True
1738-1744-2501-2557-699,1610612760,"Ansu Sesay, Jerome James, Reggie Evans, Luke Ridnour, Brent Barry","Sesay, James, Evans, Ridnour, Barry",1738-1744-2501-2557-699,SEA,192.0,2,4.0,2.0,8.0,,,,1.0,,2.0,60.0,23.25,23.25,0.5,3.0,,4.0,3.0,2.0,2.0,3.0,2.0,2.0,,,,1.0,,2.0,,,,,2.0,6.0,,,,4.0,4.0,2.0,2.0,,4.0,,2.0,,,,,,4.0,,4.0,,,,,,,,,,2.0,,,,,2.0,2.0,,,,,,,,,,,,,,,,,,,,,0.3333333333333333,1.0,,0.3333333333333333,1.0,,0.3333333333333333,1.0,,,,,,,,,0.5,,,0.5,1.0,1.0,,,,,24.75,17.25,0.5,0.6666666666666666,0.6666666666666666,,0.16666666666666666,,,,0.3333333333333333,,,,,,1.0,1.0,,,,,0.5,,0.4624166666666667,0.5542,0.38825,,,1.0,,8.833333333333334,,,,,,,,,,,,,,,,,,,,,,,,,,,,,,,,,,,,1.0,,,0.25,1.0,,,,,,,,,,,,,,,,,,,,,,,,,,,,,,,,,,1610612760,2004,2003-04,True
1738-1910-2436-2499-2557,1610612760,"Ansu Sesay, Leon Smith, Flip Murray, Richie Frahm, Luke Ridnour","Sesay, Smith, Murray, Frahm, Ridnour",1738-1910-2436-2499-2557,SEA,213.0,1,7.0,2.0,13.0,,1.0,,,,2.0,87.88732394366198,19.428571428571427,17.428571428571427,0.2857142857142857,4.0,-1.0,6.0,6.0,1.0,,,,,,,,,1.0,5.0,,,,,1.0,5.0,1.0,1.0,,5.0,6.0,,1.0,,,,1.0,,,,,,2.0,,,,,,,,1.0,,,3.0,1.0,1.0,2.0,,3.0,1.0,4.0,,,1.0,,1.0,,,,,,,,5.0,,,,,1.0,,1.0,0.2,,,0.4166666666666667,,,0.4166666666666667,,,0.16666666666666666,,,,1.0,,0.6666666666666666,0.25,1.0,0.75,0.25,,,0.25,,1.0,,12.833333333333334,12.833333333333334,,,,,,,,,0.8333333333333334,0.2,0.2,,,,,,,,,,0.16666666666666666,,0.39128333333333337,0.3529,0.2797,,,,,17.080000000000002,24.1,,,,,,,,,,1.0,1.0,,,3.0,1.0,1.0,,1.0,,0.5,1.0,,0.16666666666666666,1.0,1.0,1.0,,,,,,,,,,,,,,,,,,,,,,,,,,,,,,,,,,,,,,,,,,,,,,,1610612760,2004,2003-04,True
1738-1916-2209-2436-2557,1610612760,"Ansu Sesay, Calvin Booth, Vladimir Radmanovic, Flip Murray, Luke Ridnour","Sesay, Booth, Radmanovic, Murray, Ridnour",1738-1916-2209-2436-2557,SEA,525.0,4,15.0,14.0,32.0,1.0,4.0,4.0,1.0,,14.0,87.77142857142857,16.866666666666667,16.8,0.9333333333333333,9.0,3.0,17.0,13.0,2.0,4.0,4.0,2.0,2.0,3.0,3.0,,,2.0,6.0,1.0,2.0,1.0,2.0,6.0,10.0,1.0,2.0,,15.0,12.0,2.0,2.0,,4.0,5.0,9.0,1.0,2.0,,13.0,4.0,8.0,,4.0,,2.0,1.0,,2.0,3.0,1.0,,7.0,1.0,2.0,6.0,,8.0,2.0,10.0,1.0,1.0,3.0,1.0,1.0,,,1.0,2.0,,1.0,,11.0,13.0,,0.3333333333333333,0.5,0.5,0.5,0.5,0.6,1.0,0.5555555555555556,0.625,1.0,0.5909090909090909,0.5769230769230769,1.0,0.5416666666666666,0.16666666666666666,,,,0.75,,0.75,0.25,1.0,0.8,0.4,,,0.25,1.0,1.0,1.0,16.0,14.823529411764707,0.3333333333333333,1.0,1.0,0.25,,,,,0.5,0.3333333333333333,0.3333333333333333,0.16666666666666666,0.5,0.5,1.0,1.0,0.2727272727272727,1.0,0.18181818181818182,0.5,0.5,0.5,0.4554583333333333,0.5484,0.4672,0.07692307692307693,0.09090909090909091,0.26666666666666666,0.8666666666666667,11.8,25.95,2.0,2.0,1.0,2.0,,1.0,1.0,,0.5,,,,,3.0,1.0,,1.0,1.0,,,1.0,0.5,,,,,,,1.0,1.0,,1.0,1.0,,,,1.0,,,,,,,,,,,,,,,,,,,,,,,,,,,,,,,,,,,,1610612760,2004,2003-04,True
1738-1916-2209-2436-699,1610612760,"Ansu Sesay, Calvin Booth, Vladimir Radmanovic, Flip Murray, Brent Barry","Sesay, Booth, Radmanovic, Murray, Barry",1738-1916-2209-2436-699,SEA,265.0,4,12.0,8.0,22.0,2.0,3.0,2.0,4.0,,8.0,119.54716981132074,11.166666666666666,10.083333333333334,0.6666666666666666,4.0,-8.0,10.0,,3.0,,2.0,,1.0,,2.0,,,1.0,5.0,,1.0,,1.0,1.0,7.0,,1.0,3.0,5.0,13.0,,2.0,2.0,2.0,1.0,3.0,,1.0,2.0,4.0,2.0,,,,,1.0,,,1.0,1.0,,,2.0,4.0,,5.0,,5.0,4.0,9.0,,,1.0,1.0,1.0,,1.0,2.0,6.0,,2.0,1.0,3.0,4.0,,1.0,1.0,,,,0.14285714285714285,,0.3333333333333333,0.125,,0.25,0.22727272727272727,0.25,0.3333333333333333,0.125,,,,0.3333333333333333,,1.0,0.6666666666666666,,1.0,0.5714285714285714,1.0,,0.5,1.0,1.0,,13.1,13.1,0.25,,,,,,,,0.625,0.2,0.2,0.125,,,0.5,,0.5,,0.25,,0.375,,0.48238125,0.47105,0.5616875,0.2,0.2222222222222222,0.4,0.8,12.757142857142856,24.2,,3.0,1.0,3.0,,1.0,3.0,,1.0,,,,,,,,1.0,,,1.0,,1.0,,,,,,,,,,,,,1.0,,,0.14285714285714285,1.0,,,,,,,,,1.0,,,,,,,,,,,,,,,,,,,,,,,,,1610612760,2004,2003-04,True
1738-1916-2209-2499-2557,1610612760,"Ansu Sesay, Calvin Booth, Vladimir Radmanovic, Richie Frahm, Luke Ridnour","Sesay, Booth, Radmanovic, Frahm, Ridnour",1738-1916-2209-2499-2557,SEA,229.0,1,6.0,,12.0,,1.0,,1.0,,,75.45851528384279,21.833333333333332,21.833333333333332,,4.0,-1.0,6.0,6.0,,,,,,,,1.0,2.0,,1.0,1.0,2.0,,,1.0,3.0,1.0,2.0,,5.0,6.0,,,,,,,,,,,2.0,,3.0,,,2.0,1.0,,1.0,1.0,,1.0,2.0,,1.0,1.0,,2.0,,2.0,,,1.0,,1.0,,,1.0,,,,,5.0,,,1.0,1.0,0.5,,0.5,0.3333333333333333,,,0.5,,,0.5,,,0.4,,,,1.0,,1.0,,0.3333333333333333,0.5,,,,,,,0.3333333333333333,16.333333333333332,13.666666666666666,,,,,0.4,0.5,0.5,1.0,0.2,,,0.4,0.5,0.5,,,,,,,0.4,0.5,0.37532,,,,,,,11.433333333333332,25.0,,,,,,,,,,,,,,,,,,,,1.0,,,,,,,,,,,,,,,,,,,,,,,,,,,,,,,,,,,,,,,,,,,,,,,,,,,,,1610612760,2004,2003-04,True
1738-1916-2209-2557-699,1610612760,"Ansu Sesay, Calvin Booth, Vladimir Radmanovic, Luke Ridnour, Brent Barry","Sesay, Booth, Radmanovic, Ridnour, Barry",1738-1916-2209-2557-699,SEA,88.0,1,4.0,4.0,7.0,,,,1.0,,4.0,114.54545454545455,14.75,10.25,1.0,1.0,,3.0,2.0,2.0,1.0,2.0,1.0,2.0,1.0,2.0,,1.0,,,,1.0,,1.0,1.0,3.0,,1.0,2.0,4.0,4.0,1.0,2.0,,2.0,1.0,3.0,,1.0,2.0,4.0,,2.0,,,,1.0,,1.0,,,,,,,,,,,1.0,1.0,1.0,,,,,,,1.0,2.0,,1.0,,2.0,4.0,,,,,,,0.3333333333333333,0.5,0.3333333333333333,0.25,0.5,0.25,0.4,0.5,0.4,0.25,0.3333333333333333,,,,,,,,,0.3333333333333333,,,,,,,9.666666666666666,9.666666666666666,0.5,0.5,1.0,,0.25,,,,,,,0.25,,,1.0,0.5,0.5,0.5,0.25,,0.75,,0.5391625,0.5316,0.5391625,0.2,0.25,0.5,1.0,1.9333333333333333,26.6,,,,,,,,,,,,,,,,,,,0.5,,,,,,,,,,,,1.0,1.0,1.0,,,,1.0,,,,,,,,,,,,,,,,,,,,,,,,,,,,,,,,,,,,1610612760,2004,2003-04,True
1738-1916-2209-2557-951,1610612760,"Ansu Sesay, Calvin Booth, Vladimir Radmanovic, Luke Ridnour, Ray Allen","Sesay, Booth, Radmanovic, Ridnour, Allen",1738-1916-2209-2557-951,SEA,108.0,2,3.0,3.0,6.0,,,,1.0,,3.0,80.0,19.666666666666668,17.0,1.0,2.0,6.0,3.0,2.0,1.0,,,,,,,,,,1.0,2.0,2.0,2.0,2.0,,1.0,2.0,2.0,2.0,8.0,2.0,,,2.0,2.0,,1.0,2.0,2.0,2.0,8.0,,,,,,2.0,2.0,,,2.0,,,6.0,1.0,,1.0,,1.0,1.0,2.0,,,,,,,,,2.0,,1.0,,6.0,8.0,1.0,,,1.0,1.0,1.0,,,,1.0,,1.0,1.0,1.0,1.0,0.6666666666666666,,,,,,0.5,1.0,,0.5,1.0,,,1.0,,,,16.333333333333332,16.333333333333332,,,,,,,,,0.3333333333333333,,,0.6666666666666666,1.0,1.0,,,,,0.6666666666666666,1.0,0.6666666666666666,1.0,0.47075,,0.47075,0.25,0.5,0.25,1.0,15.3,24.95,,,,,,,,,,,,,,6.0,2.0,,,1.0,,1.0,,,,,,,,,2.0,1.0,,,,,,,,,,,,,,,,,,,,,,,,,,,,,,,,,,,,,,,,,,,1610612760,2004,2003-04,True
1738-1916-2436-2499-2501,1610612760,"Ansu Sesay, Calvin Booth, Flip Murray, Richie Frahm, Reggie Evans","Sesay, Booth, Murray, Frahm, Evans",1738-1916-2436-2499-2501,SEA,161.0,1,6.0,4.0,11.0,,,,,,4.0,98.38509316770187,12.333333333333334,12.333333333333334,0.6666666666666666,3.0,-6.0,5.0,3.0,,2.0,2.0,,,1.0,1.0,,,,3.0,,,,,2.0,5.0,,1.0,,4.0,10.0,,,,,1.0,3.0,,1.0,,2.0,4.0,,,,,,,,2.0,2.0,2.0,,4.0,,,,,,,,1.0,,,,,,,,,,,,4.0,2.0,,1.0,1.0,,,,0.4,,0.3333333333333333,0.3333333333333333,,0.25,0.3333333333333333,,0.25,0.16666666666666666,,,,,,,,,,,,,,,,,17.4,17.2,0.3333333333333333,1.0,1.0,1.0,,,,,0.5,,,,,,,,0.25,1.0,,,0.5,,0.4735833333333333,,0.44815,,,,0.5,10.3,24.9,,,,,,,,,,,1.0,,1.0,,,,,,,,,,0.16666666666666666,,,,0.25,,,,1.0,,,,,,,,,,,,,,,,,,,,,,,,,,,,,,,,,,,,1.0,1.0,1.0,,,,1610612760,2004,2003-04,True
1738-1916-2436-2499-2557,1610612760,"Ansu Sesay, Calvin Booth, Flip Murray, Richie Frahm, Luke Ridnour","Sesay, Booth, Murray, Frahm, Ridnour",1738-1916-2436-2499-2557,SEA,688.0,5,24.0,6.0,48.0,2.0,3.0,1.0,1.0,,6.0,100.46511627906976,16.166666666666668,14.958333333333334,0.25,11.0,-2.0,24.0,8.0,3.0,2.0,3.0,1.0,1.0,,1.0,1.0,7.0,2.0,8.0,2.0,6.0,,2.0,5.0,18.0,2.0,6.0,4.0,20.0,22.0,1.0,3.0,,2.0,1.0,3.0,,2.0,,2.0,2.0,8.0,3.0,2.0,,6.0,2.0,2.0,1.0,2.0,1.0,,5.0,2.0,3.0,6.0,1.0,10.0,3.0,13.0,2.0,,1.0,,1.0,,,1.0,5.0,1.0,3.0,,18.0,2.0,,0.2,0.25,0.3333333333333333,,0.3333333333333333,0.2777777777777778,0.3333333333333333,0.3333333333333333,0.3333333333333333,0.3333333333333333,0.2,0.38461538461538464,0.3333333333333333,0.2,0.25,0.1111111111111111,0.2857142857142857,,0.3333333333333333,1.0,0.8571428571428571,0.16666666666666666,1.0,0.9,0.2,,0.16666666666666666,0.2,0.5,1.0,1.0,12.5,12.333333333333334,0.125,0.6666666666666666,0.6666666666666666,0.5,0.2916666666666667,0.14285714285714285,0.2,,0.3333333333333333,0.25,0.25,0.25,0.3333333333333333,0.3333333333333333,0.3333333333333333,1.0,0.2,,0.4,,0.375,0.3333333333333333,0.42386250000000003,0.48835,0.39228,0.11538461538461539,0.15,0.1,0.1,11.672222222222222,26.05,,2.0,,2.0,,2.0,1.0,,0.5,,,,,3.0,1.0,,,0.5,,1.0,,,,,,,,,1.0,0.5,2.0,1.0,0.3333333333333333,,,,0.3333333333333333,,,,,,,,,,,,,,,,,,,,,,,,,,,,,,,,,,,,1610612760,2004,2003-04,True
1738-1916-2436-2499-699,1610612760,"Ansu Sesay, Calvin Booth, Flip Murray, Richie Frahm, Brent Barry","Sesay, Booth, Murray, Frahm, Barry",1738-1916-2436-2499-699,SEA,2.0,1,,,,,,,,,,,,,,,,,,,,,,,,,,,,,,1.0,,1.0,,,,1.0,,,,,,,,,,,1.0,,,,,,,1.0,,,,,,,,,,,,,,,,,,,,,,,,,,,,,,,,,,,,,,,,,,,,,1.0,,,,,,,,,,,,,,,,,,,,,,,,,,,,,,1.0,,,,,,,1.0,,1.0,,,,,,,,,,67.3,,,,,,,,,,,,,,,,,,,,,,,,,,,,,,,,,,,,,,,,,,,,,,,,,,,,,,,,,,,,,,,,,,,,,,,,,1610612760,2004,2003-04,True
1738-1916-2436-2499-951,1610612760,"Ansu Sesay, Calvin Booth, Flip Murray, Richie Frahm, Ray Allen","Sesay, Booth, Murray, Frahm, Allen",1738-1916-2436-2499-951,SEA,47.0,1,1.0,,3.0,,,,1.0,,,91.91489361702128,28.0,28.0,,1.0,-2.0,2.0,,,,,,,,,,,1.0,1.0,,,,,1.0,1.0,,,,2.0,4.0,,,,,,,,,,,2.0,,,,,,,,1.0,1.0,,,2.0,,,,1.0,1.0,,1.0,,,,,,,,1.0,,,,,2.0,,,1.0,1.0,,,,1.0,,,1.0,,,1.0,,,,,,,,1.0,,,,,,,,,,,,9.5,9.5,,,,,,,,,1.0,1.0,1.0,,,,,,,,,,,,0.3908,,,,,,,19.4,,,,,,,,,,,,,,,,,,1.0,,,,,1.0,,,,,,,,,,,,,,,,,,,,,,,,,,,,,,,,,,,,,,,,,,,,,,,,,,,1610612760,2004,2003-04,True
1738-1916-2436-2501-2557,1610612760,"Ansu Sesay, Calvin Booth, Flip Murray, Reggie Evans, Luke Ridnour","Sesay, Booth, Murray, Evans, Ridnour",1738-1916-2436-2501-2557,SEA,1066.0,7,32.0,5.0,61.0,3.0,5.0,1.0,8.0,2.0,5.0,82.40150093808631,15.90625,15.25,0.15625,18.0,12.0,29.0,4.0,4.0,5.0,7.0,,1.0,1.0,1.0,4.0,5.0,4.0,13.0,2.0,3.0,,,13.0,25.0,2.0,4.0,4.0,36.0,24.0,1.0,3.0,,2.0,2.0,2.0,,,3.0,7.0,16.0,10.0,3.0,2.0,1.0,2.0,2.0,2.0,8.0,9.0,3.0,2.0,19.0,4.0,1.0,10.0,1.0,12.0,4.0,16.0,5.0,2.0,2.0,,1.0,,1.0,2.0,7.0,,2.0,1.0,34.0,7.0,1.0,0.6153846153846154,0.6666666666666666,0.5,,0.6666666666666666,0.52,0.3333333333333333,1.0,0.5517241379310345,0.25,1.0,0.5625,0.25,0.7,0.13793103448275862,0.08,,,0.4,1.0,0.5882352941176471,0.3333333333333333,1.0,0.6111111111111112,0.3076923076923077,0.5,1.0,0.2222222222222222,0.3333333333333333,0.6666666666666666,,19.20689655172414,17.896551724137932,0.2413793103448276,0.7142857142857143,1.0,0.6,0.1724137931034483,0.8,0.8,0.5,0.4482758620689655,0.3076923076923077,0.3076923076923077,0.10344827586206896,0.6666666666666666,0.6666666666666666,0.25,,0.5,1.0,,,0.3793103448275862,1.0,0.44681607142857144,0.5143125,0.4492,0.06451612903225806,0.07407407407407407,0.05555555555555555,0.19444444444444445,10.575999999999999,33.95,1.0,3.0,1.0,3.0,,2.0,2.0,,0.6666666666666666,,1.0,,,3.0,1.0,,3.0,0.5,0.2857142857142857,0.6,1.0,0.75,0.034482758620689655,,,,,,1.0,0.5,3.0,,,,1.0,,,0.09090909090909091,,,1.0,,1.0,,0.25,,,,,,,,,,1.0,,,,,,,,,,,,,,,,,,1610612760,2004,2003-04,True
1738-1916-2436-2501-699,1610612760,"Ansu Sesay, Calvin Booth, Flip Murray, Reggie Evans, Brent Barry","Sesay, Booth, Murray, Evans, Barry",1738-1916-2436-2501-699,SEA,10.0,1,1.0,1.0,1.0,,,,,,1.0,144.0,10.0,,1.0,,1.0,,,1.0,,,,,,,,,,,,,,,,,,,1.0,1.0,,,,1.0,1.0,,,,,1.0,1.0,,,,,,,,,,,,,,,,,,,,,,,,,,,,,2.0,,,1.0,,1.0,,,,,,,,,,,,,0.5,0.5,0.5,,,,,,,,,,,,,,,,,,,,,,,,,,,,,,,,,,,,,,,,,,,,,,,1.0,1.0,,,,,,,,,,,,,,,,,,,,,,,,,,,,,,,,,,,,,,,,,,,,,,,,,,,,,,,,,,,,,,,,,,,,,,,,,,,1610612760,2004,2003-04,True
1738-1916-2436-2501-951,1610612760,"Ansu Sesay, Calvin Booth, Flip Murray, Reggie Evans, Ray Allen","Sesay, Booth, Murray, Evans, Allen",1738-1916-2436-2501-951,SEA,113.0,1,4.0,4.0,8.0,3.0,3.0,3.0,1.0,,4.0,101.94690265486726,13.5,13.5,1.0,2.0,-5.0,4.0,,,,,,,,,1.0,1.0,,,,,,,1.0,1.0,,,,2.0,7.0,,,,,1.0,1.0,,,,2.0,,2.0,,,,,,,,,,,,,,,,,,,,,,2.0,,1.0,,1.0,,,,,2.0,2.0,,,,,,,1.0,,1.0,1.0,,1.0,1.0,,1.0,,,,,,,,,,,,,,,,,,14.75,14.5,,,,,1.0,1.0,1.0,,,,,,,,,,,,,,,,0.4044,,0.4044,,,,1.0,13.7,,,,,,,,,,,,,,,,,,,,,,,,,,,,,,,,,,,,,,,,,,,,,,,,,,,,,,,,,,,,,,,,,,,,,,,,,,1610612760,2004,2003-04,True
1738-1916-2436-2557-951,1610612760,"Ansu Sesay, Calvin Booth, Flip Murray, Luke Ridnour, Ray Allen","Sesay, Booth, Murray, Ridnour, Allen",1738-1916-2436-2557-951,SEA,5.0,1,1.0,1.0,1.0,1.0,1.0,1.0,,,1.0,288.0,5.0,5.0,1.0,,,,,,,,,,,,,,,,,,,,,,,,,,,,,,,,,,,,,,,,,,,,,,,,,,,,,,,,,,,,,,,,,,,,,,,,,,,,,,,,,,,,,,,,,,,,,,,,,,,,,,,,,,,,,,,,,,,,,,,,,,,,,,,,,,,,,,,,,,,,,,,,,,,,,,,,,,,,,,,,,,,,,,,,,,,,,,,,,,,,,,,,,,,,,,,,,,,,,,,,,,,,,,,,1610612760,2004,2003-04,True
1738-1916-2436-699-951,1610612760,"Ansu Sesay, Calvin Booth, Flip Murray, Brent Barry, Ray Allen","Sesay, Booth, Murray, Barry, Allen",1738-1916-2436-699-951,SEA,161.0,2,8.0,,15.0,1.0,1.0,,1.0,,,134.16149068322983,8.0,6.875,,3.0,5.0,7.0,,1.0,3.0,3.0,,,,,1.0,2.0,1.0,1.0,,1.0,,,5.0,6.0,,1.0,,10.0,5.0,,1.0,,,,,,,,,6.0,4.0,,,,1.0,,1.0,3.0,3.0,2.0,,6.0,,,2.0,,2.0,,2.0,2.0,2.0,,1.0,,,,1.0,,,,,10.0,,,0.6,0.6,,,,0.8333333333333334,,,0.7142857142857143,,,0.7142857142857143,,,0.14285714285714285,0.16666666666666666,0.5,,,,0.6666666666666666,,,0.6666666666666666,,,,,1.0,,,13.857142857142858,13.285714285714286,0.42857142857142855,1.0,1.0,0.6666666666666666,0.2857142857142857,0.5,1.0,,0.14285714285714285,1.0,1.0,0.14285714285714285,,,,,,,,,0.5714285714285714,,0.4433642857142857,0.4004,,,,,,8.416666666666666,24.9,,2.0,,2.0,,2.0,2.0,,1.0,,,,,,,,1.0,,,,,1.0,,,,,,,,,,,,,,,,,,,,,,,,,,,,,,,,,,,,,,,,,,,,,,,,,,,1610612760,2004,2003-04,True
1738-1916-2499-2557-699,1610612760,"Ansu Sesay, Calvin Booth, Richie Frahm, Luke Ridnour, Brent Barry","Sesay, Booth, Frahm, Ridnour, Barry",1738-1916-2499-2557-699,SEA,570.0,3,21.0,12.0,41.0,2.0,5.0,4.0,5.0,1.0,12.0,103.57894736842105,13.952380952380953,13.714285714285714,0.5714285714285714,10.0,7.0,20.0,10.0,1.0,5.0,6.0,,,2.0,3.0,,4.0,3.0,4.0,1.0,1.0,1.0,1.0,8.0,14.0,2.0,2.0,2.0,24.0,17.0,,,,,3.0,6.0,2.0,2.0,2.0,14.0,10.0,6.0,3.0,,,1.0,1.0,,5.0,6.0,3.0,,13.0,1.0,4.0,3.0,,7.0,1.0,8.0,2.0,2.0,3.0,1.0,,,1.0,1.0,2.0,,,1.0,24.0,14.0,3.0,0.625,0.625,1.0,1.0,1.0,0.5714285714285714,,0.5,0.6875,,0.75,0.7058823529411765,,0.7777777777777778,0.125,,,,0.6,,0.6,0.16666666666666666,0.8,0.7,0.16666666666666666,,,1.0,1.0,0.6666666666666666,0.75,13.85,12.85,0.375,0.8333333333333334,0.8333333333333334,0.6,0.25,,,,0.25,0.75,0.75,0.0625,1.0,1.0,,,0.375,0.6666666666666666,0.125,1.0,0.5,1.0,0.463796875,,0.47066875,,,,0.5833333333333334,8.807142857142857,23.5,3.0,1.0,1.0,1.0,,,,,,1.0,1.0,1.0,1.0,3.0,1.0,1.0,2.0,0.5,,,1.0,0.6666666666666666,0.0625,1.0,1.0,1.0,0.125,1.0,,,,,,,1.0,,,0.16666666666666666,,,,,,,,,,,,,,,,,,,,,,,,,,,,,,,,,,,1610612760,2004,2003-04,True
1738-1916-2499-2557-951,1610612760,"Ansu Sesay, Calvin Booth, Richie Frahm, Luke Ridnour, Ray Allen","Sesay, Booth, Frahm, Ridnour, Allen",1738-1916-2499-2557-951,SEA,74.0,1,2.0,,4.0,,,,1.0,,,77.83783783783784,15.5,15.5,,1.0,-2.0,2.0,,,,,,,,,1.0,1.0,1.0,1.0,,,,,2.0,2.0,,,,4.0,6.0,,,,,,,,,,,2.0,2.0,,,,,,,1.0,1.0,,1.0,2.0,,,,,,,,,,,,,,,1.0,,,,,4.0,,,0.5,0.5,,,,1.0,,,1.0,,,1.0,,,,,,,,,,,,,,,,,,,,21.5,21.5,,,,,0.5,1.0,1.0,1.0,0.5,1.0,1.0,,,,,,,,,,,,0.38045,,,,,,,11.2,,,,,,,,,,,,,,,,,,,,,,,,,,,,,,,,,,,,,,,,,,,,,,,,,,,,,,,,,,,,,,,,,,,,,,,,,,1610612760,2004,2003-04,True
1738-1916-2501-2557-699,1610612760,"Ansu Sesay, Calvin Booth, Reggie Evans, Luke Ridnour, Brent Barry","Sesay, Booth, Evans, Ridnour, Barry",1738-1916-2501-2557-699,SEA,86.0,1,3.0,3.0,7.0,2.0,2.0,2.0,1.0,1.0,3.0,117.20930232558139,11.333333333333334,11.333333333333334,1.0,1.0,,4.0,,,,,,,,,,,,,,,,,,,,,2.0,2.0,2.0,,,,,,,,,2.0,2.0,,,,,,,,,,,,,,,1.0,1.0,,2.0,,2.0,,,,,,,,,2.0,,1.0,,2.0,2.0,,,,,,,,,,,,,1.0,,1.0,,,,,,,1.0,,1.0,1.0,,,,,,,1.0,13.0,13.0,,,,,,,,,,,,,,,,,,,,,,,,,,1.0,1.0,,1.0,,,,,,,,,,,,,,,,,,,,,,1.0,,,,,,,,,,,,,,,,,,,,,,,,,,,,,,,,,,,,,,,,,,,1.0,,,,,,,,,,1610612760,2004,2003-04,True
1738-1916-2501-2557-951,1610612760,"Ansu Sesay, Calvin Booth, Reggie Evans, Luke Ridnour, Ray Allen","Sesay, Booth, Evans, Ridnour, Allen",1738-1916-2501-2557-951,SEA,52.0,1,1.0,,3.0,,,,,,,83.07692307692308,21.0,21.0,,1.0,-2.0,2.0,2.0,,,,,,,,,,,1.0,,,,,,1.0,,,,,2.0,,,,,,,,,,,,,,,,,,,,,,,,,,,,,,,,,,,,,,,,,,,,,,,,,,,,,,,,,,,,,,,,,,,,,,,,,,,,,15.5,15.5,,,,,,,,,1.0,,,,,,,,,,,,,,0.4132,,,,,,,16.0,,,,,,,,,,,,,,,,,,,,,,,,,,,,,,,,,,,,,,,,,,,,,,,,,,,,,,,,,,,,,,,,,,,,,,,,,,1610612760,2004,2003-04,True
1738-1916-2501-699-951,1610612760,"Ansu Sesay, Calvin Booth, Reggie Evans, Brent Barry, Ray Allen","Sesay, Booth, Evans, Barry, Allen",1738-1916-2501-699-951,SEA,101.0,1,4.0,3.0,7.0,,,,,,3.0,99.8019801980198,14.25,14.25,0.75,2.0,,3.0,3.0,,,,,,,,,,,1.0,,,,,,1.0,,,5.0,5.0,5.0,,,,,,1.0,,,4.0,4.0,,,,,,,,,,,,,,,,,1.0,1.0,,1.0,,,,,,,,,6.0,,1.0,2.0,5.0,4.0,,,,,,,,,,,,,0.625,,0.6666666666666666,,,,,,1.0,,,,,,,,,,,,14.666666666666666,14.666666666666666,,,,,,,,,1.0,,,,,,,,,,,,,,0.3635,,0.3635,0.5,0.5,,0.8,17.0,,,,,,,,,,,,,,,,,,,,,,,,,,,,,,,,,,,,,,,,,,,,,,,,,,,,,,,,,,,,,,,,,,,,,,,,,,1610612760,2004,2003-04,True
1738-1916-2557-699-951,1610612760,"Ansu Sesay, Calvin Booth, Luke Ridnour, Brent Barry, Ray Allen","Sesay, Booth, Ridnour, Barry, Allen",1738-1916-2557-699-951,SEA,97.0,1,2.0,,5.0,,1.0,,1.0,,,74.22680412371133,9.5,9.5,,2.0,-2.0,3.0,3.0,,,,,,,,,1.0,,,,,,,,1.0,,,,,2.0,,,,,,,,,,,,,,,,,,1.0,,,,,,,,1.0,1.0,2.0,,2.0,1.0,1.0,1.0,,1.0,,,1.0,,,,,,,,,,,,,,,,,,,,,,,1.0,1.0,,1.0,1.0,0.3333333333333333,,,0.3333333333333333,,,,,,0.3333333333333333,,26.0,24.0,,,,,1.0,,,,,,,,,,,,,,,,,,0.3825,,,,,,,8.8,,,1.0,,1.0,,,,,,,,,,,,,,,,,,,,,,,,,,,,,,,,,,,,,,,,,,,,1.0,,,,,,,,,,,,,,,,,,,,,,,,,1610612760,2004,2003-04,True
1738-2209-2436-2499-2557,1610612760,"Ansu Sesay, Vladimir Radmanovic, Flip Murray, Richie Frahm, Luke Ridnour","Sesay, Radmanovic, Murray, Frahm, Ridnour",1738-2209-2436-2499-2557,SEA,607.0,4,22.0,14.0,43.0,2.0,7.0,5.0,1.0,,14.0,102.00988467874794,12.545454545454545,12.545454545454545,0.6363636363636364,10.0,-1.0,21.0,17.0,,4.0,7.0,,,3.0,5.0,,,1.0,4.0,,1.0,,,5.0,11.0,,2.0,3.0,13.0,14.0,,,,,4.0,7.0,,1.0,2.0,10.0,4.0,6.0,,,,1.0,,,2.0,2.0,2.0,,4.0,,5.0,2.0,,7.0,,7.0,3.0,3.0,5.0,1.0,3.0,,,,6.0,2.0,3.0,1.0,13.0,10.0,,0.4,0.4,,,,0.45454545454545453,,0.5714285714285714,0.38461538461538464,,0.5,0.43333333333333335,,0.5555555555555556,0.15384615384615385,,,,0.7142857142857143,,0.5,,0.8333333333333334,0.7,,,,,,0.5,0.8,15.761904761904763,14.571428571428571,0.5384615384615384,0.5714285714285714,0.5714285714285714,0.5,,,,,0.3076923076923077,0.25,0.25,0.07692307692307693,,,,,0.625,0.6,,,0.6923076923076923,,0.5185346153846153,,0.53939375,0.21428571428571427,0.25,,0.7692307692307693,6.790909090909091,24.15,2.0,,,,,,,,,,1.0,,1.0,,,,,,,,1.0,,0.07692307692307693,,,,0.125,,,,,,,,,,,,,,,,,,,,,,,,,,,,,,,,,,,,,,,,,,,,,,1610612760,2004,2003-04,True
1738-2209-2436-2499-958,1610612760,"Ansu Sesay, Vladimir Radmanovic, Flip Murray, Richie Frahm, Vitaly Potapenko","Sesay, Radmanovic, Murray, Frahm, Potapenko",1738-2209-2436-2499-958,SEA,133.0,1,4.0,4.0,8.0,,1.0,1.0,1.0,,4.0,86.61654135338345,15.0,15.0,1.0,2.0,5.0,4.0,1.0,,,,,,,,,,1.0,1.0,1.0,1.0,1.0,1.0,1.0,1.0,1.0,2.0,,5.0,,,,,,1.0,1.0,1.0,2.0,,5.0,,2.0,,,,1.0,1.0,,,1.0,,,3.0,,,,,,,,2.0,1.0,1.0,,,,,,,,,,5.0,5.0,,,,0.5,0.5,0.5,1.0,,1.0,0.8333333333333334,,0.8333333333333334,0.8333333333333334,,0.8333333333333334,0.6666666666666666,,,,1.0,,,,,,,,,,,,,18.25,18.25,,,,,,,,,0.3333333333333333,1.0,1.0,0.3333333333333333,1.0,1.0,,,,,0.3333333333333333,1.0,0.6666666666666666,1.0,0.4241,,0.4241,,,,1.0,16.7,24.9,1.0,,,,,,,,,,1.0,,1.0,3.0,1.0,,,1.0,,,,,0.3333333333333333,,,,0.3333333333333333,,1.0,1.0,1.0,,,,,,,,,,,,,,,,,,,,,,,,,,,,,,,,,,,,,,,,,,1610612760,2004,2003-04,True
1738-2209-2436-2501-2557,1610612760,"Ansu Sesay, Vladimir Radmanovic, Flip Murray, Reggie Evans, Luke Ridnour","Sesay, Radmanovic, Murray, Evans, Ridnour",1738-2209-2436-2501-2557,SEA,365.0,3,12.0,1.0,24.0,1.0,4.0,,3.0,,1.0,94.68493150684932,14.166666666666666,13.666666666666666,0.08333333333333333,6.0,3.0,12.0,3.0,2.0,3.0,3.0,2.0,2.0,,,1.0,3.0,1.0,2.0,,1.0,,,5.0,8.0,,1.0,4.0,14.0,11.0,2.0,2.0,1.0,5.0,,,,,1.0,1.0,6.0,4.0,,2.0,,1.0,,1.0,3.0,3.0,1.0,1.0,6.0,2.0,2.0,3.0,1.0,6.0,3.0,9.0,,,3.0,,1.0,,,,5.0,1.0,2.0,1.0,9.0,1.0,1.0,0.6,0.75,,,,0.625,1.0,,0.5555555555555556,1.0,,0.6363636363636364,1.25,0.5,0.1111111111111111,0.125,0.3333333333333333,,0.75,1.0,0.5,0.6666666666666666,0.6666666666666666,0.5555555555555556,0.75,,0.5,1.0,1.0,1.0,0.6666666666666666,16.25,13.333333333333334,0.3333333333333333,1.0,1.0,0.3333333333333333,0.3333333333333333,0.3333333333333333,0.5,1.0,0.2222222222222222,0.5,0.5,0.1111111111111111,,,1.0,1.0,,,,,0.4444444444444444,,0.4749833333333333,0.5867,,0.2,0.2222222222222222,0.35714285714285715,0.07142857142857142,7.8375,25.7,2.0,2.0,2.0,2.0,,,,,,,,,,,,,1.0,,,,,1.0,,,,,,,,,,1.0,1.0,,,,1.0,,1.0,,,,,,,,,,,,,,,,,0.5,,,,,,,,,,,,,,,,,1610612760,2004,2003-04,True
1738-2209-2436-2501-699,1610612760,"Ansu Sesay, Vladimir Radmanovic, Flip Murray, Reggie Evans, Brent Barry","Sesay, Radmanovic, Murray, Evans, Barry",1738-2209-2436-2501-699,SEA,431.0,2,14.0,8.0,28.0,3.0,4.0,2.0,1.0,,8.0,93.54988399071925,15.714285714285714,14.642857142857142,0.5714285714285714,7.0,3.0,14.0,1.0,2.0,1.0,1.0,,,1.0,1.0,,1.0,2.0,4.0,,2.0,,1.0,3.0,6.0,1.0,3.0,6.0,15.0,12.0,1.0,1.0,,2.0,2.0,3.0,1.0,2.0,4.0,11.0,,6.0,,,,2.0,,1.0,,1.0,,,3.0,2.0,,3.0,1.0,4.0,2.0,6.0,2.0,1.0,1.0,1.0,,2.0,,1.0,6.0,,2.0,1.0,13.0,11.0,,,,0.3333333333333333,0.5,0.3333333333333333,0.5,1.0,0.6666666666666666,0.5,0.5,0.7,0.625,0.5,0.7857142857142857,0.3333333333333333,0.16666666666666666,,0.25,0.25,1.0,0.6,0.6666666666666666,,0.6,0.4,,1.0,0.5,0.5,1.0,,15.071428571428571,14.785714285714286,0.1111111111111111,1.0,1.0,,0.1111111111111111,,,,0.4444444444444444,0.5,0.6666666666666666,0.2222222222222222,,,,,0.2,1.0,0.2,,0.4444444444444444,,0.46230000000000004,0.43365,0.51014,0.18181818181818182,0.25,0.13333333333333333,0.7333333333333333,12.633333333333333,25.53333333333333,1.0,2.0,,2.0,,2.0,1.0,,0.5,1.0,1.0,1.0,1.0,3.0,1.0,1.0,,1.0,,0.5,,,0.1111111111111111,1.0,1.0,1.0,0.2,1.0,,,1.0,,,,,,,,,,,,1.0,,,,,,,1.0,,0.5,,,,,,,,,,,,,,,,,,,,,1610612760,2004,2003-04,True
1738-2209-2436-2501-951,1610612760,"Ansu Sesay, Vladimir Radmanovic, Flip Murray, Reggie Evans, Ray Allen","Sesay, Radmanovic, Murray, Evans, Allen",1738-2209-2436-2501-951,SEA,425.0,2,14.0,9.0,28.0,1.0,1.0,1.0,2.0,,9.0,94.87058823529412,16.071428571428573,14.285714285714286,0.6428571428571429,7.0,4.0,14.0,7.0,2.0,5.0,7.0,1.0,1.0,2.0,4.0,1.0,1.0,,3.0,,2.0,,1.0,6.0,11.0,,3.0,2.0,14.0,10.0,1.0,2.0,,2.0,3.0,6.0,,2.0,2.0,8.0,6.0,6.0,,,,2.0,,,3.0,3.0,3.0,,6.0,,3.0,2.0,1.0,6.0,2.0,8.0,3.0,1.0,,1.0,,,,,2.0,,,1.0,12.0,8.0,1.0,0.5,0.5,,,,0.5454545454545454,0.5,0.5,0.42857142857142855,0.5,0.375,0.4666666666666667,0.5,0.4444444444444444,0.21428571428571427,,,,,1.0,1.0,,1.0,1.0,0.25,,,,,1.0,1.0,14.285714285714286,14.142857142857142,0.5,0.7142857142857143,0.7142857142857143,0.6,0.07142857142857142,1.0,1.0,,0.21428571428571427,,,0.14285714285714285,,,0.5,1.0,0.5,0.5,0.125,,0.7142857142857143,,0.5330785714285714,,0.537175,,,0.14285714285714285,0.5714285714285714,5.463636363636364,25.133333333333336,,,,,,,,,,,1.0,,1.0,,,,,,,,,,0.07142857142857142,,,,0.125,,,,2.0,2.0,0.6666666666666666,,,,1.0,,,,,,,,,,,,,,,,,,,1.0,,,,,,,,,,,,,,,,,1610612760,2004,2003-04,True
1738-2209-2436-2557-951,1610612760,"Ansu Sesay, Vladimir Radmanovic, Flip Murray, Luke Ridnour, Ray Allen","Sesay, Radmanovic, Murray, Ridnour, Allen",1738-2209-2436-2557-951,SEA,15.0,1,1.0,,2.0,,1.0,,,,,192.0,12.0,12.0,,,,1.0,,,,,,,,,,,,,,,,,,,,,,,,,,,,,,,,,,,,,,,,,,,,,,,,,,,,,,,,1.0,,,,,,,,,,,,,,,,,,,,,,,,,,,,,,,1.0,,,,,,,,,,,,,3.0,3.0,,,,,,,,,,,,,,,,,,,,,,,,,,,,,,,,1.0,,,,,,,,,,,,,,,,,,,,,,,,,,,,,,,,,,,,,,,,,,,,,,,,,,,,,,,,,,,,,,,,,,,,,,,,1610612760,2004,2003-04,True
1738-2209-2436-2557-958,1610612760,"Ansu Sesay, Vladimir Radmanovic, Flip Murray, Luke Ridnour, Vitaly Potapenko","Sesay, Radmanovic, Murray, Ridnour, Potapenko",1738-2209-2436-2557-958,SEA,365.0,3,10.0,,18.0,,,,1.0,,,71.01369863013699,16.3,12.6,,6.0,9.0,8.0,,3.0,1.0,1.0,,,,,1.0,1.0,2.0,4.0,,1.0,,,4.0,6.0,2.0,3.0,4.0,18.0,9.0,1.0,1.0,2.0,4.0,,,,,,,4.0,4.0,,,,1.0,,,2.0,4.0,,1.0,10.0,1.0,,2.0,,2.0,1.0,3.0,1.0,1.0,,,,,,,5.0,1.0,2.0,1.0,14.0,,,0.5,0.5,0.6666666666666666,,0.6666666666666666,0.6666666666666666,1.0,,0.7777777777777778,0.5,,0.8181818181818182,0.6666666666666666,,0.3333333333333333,,,,,,0.4,0.5,,0.4,0.3333333333333333,,,0.5,,,,25.25,23.125,0.1111111111111111,1.0,1.0,,0.1111111111111111,1.0,1.0,1.0,0.4444444444444444,0.5,0.5,0.1111111111111111,,,,,,,,,0.4444444444444444,,0.4793777777777778,0.493175,,0.2,0.2857142857142857,0.2222222222222222,,13.366666666666667,24.266666666666666,,1.0,1.0,1.0,,,,,,2.0,2.0,,,6.0,2.0,2.0,1.0,1.0,,0.6666666666666666,,0.5,0.2222222222222222,1.0,1.0,1.0,,,,,,,,,,1.0,,,,,,,1.0,,,,,,,1.0,,0.5,,,,,,,,,,,,,,,,,,,,,1610612760,2004,2003-04,True
1738-2209-2436-699-951,1610612760,"Ansu Sesay, Vladimir Radmanovic, Flip Murray, Brent Barry, Ray Allen","Sesay, Radmanovic, Murray, Barry, Allen",1738-2209-2436-699-951,SEA,152.0,3,4.0,,9.0,,1.0,,2.0,,,85.26315789473685,14.0,14.0,,3.0,-3.0,5.0,1.0,,2.0,2.0,,,,,,,1.0,1.0,,,,,3.0,3.0,,,,6.0,9.0,,,,,,,,,,,,6.0,,,,,,,,,,,,,,1.0,,1.0,,1.0,,,1.0,,,,,2.0,,,,,6.0,,,,,,,,1.0,,,1.0,,,1.0,,,,,,,1.0,,0.5,,,0.5,,,,,0.5,,,19.2,19.2,0.6666666666666666,1.0,1.0,,,,,,0.3333333333333333,1.0,1.0,,,,,,,,,,0.6666666666666666,,0.48889999999999995,,,,,,,5.466666666666666,,1.0,,,,,,,,,,,,,,,,,,,,,,,,,,,,,,,,,,,,,,,,,,,,,,,,,,,,,,,,,,,,,,,,,,,,,,,,1610612760,2004,2003-04,True
1738-2209-2436-699-958,1610612760,"Ansu Sesay, Vladimir Radmanovic, Flip Murray, Brent Barry, Vitaly Potapenko","Sesay, Radmanovic, Murray, Barry, Potapenko",1738-2209-2436-699-958,SEA,152.0,2,5.0,5.0,10.0,,1.0,1.0,1.0,,5.0,94.73684210526316,16.2,16.2,1.0,3.0,-1.0,5.0,,1.0,3.0,4.0,1.0,1.0,3.0,4.0,,,,1.0,,,,,3.0,5.0,,,,6.0,7.0,1.0,1.0,,2.0,3.0,5.0,,,,6.0,2.0,4.0,,2.0,,,,,1.0,1.0,1.0,,2.0,1.0,1.0,,,1.0,1.0,2.0,1.0,1.0,1.0,,1.0,,,1.0,2.0,,,1.0,4.0,6.0,,0.3333333333333333,0.5,,,,0.6,1.0,0.6,0.6,1.0,0.6,0.5,1.0,0.5,,,,,1.0,,,0.5,1.0,1.0,0.5,1.0,,,,,1.0,14.2,14.2,0.8,0.75,0.75,0.3333333333333333,,,,,0.2,,,,,,1.0,1.0,0.8,0.75,,,0.8,,0.52232,0.5228,0.52232,,,0.3333333333333333,1.0,3.62,,,,,,,,,,,,,,,,,,,,,,,,,,,,,,,,,,,,,,,,,,,,,,,,,,,,,,,,,,,,,,,,,,,,,,,,,,1610612760,2004,2003-04,True
1738-2209-2436-951-958,1610612760,"Ansu Sesay, Vladimir Radmanovic, Flip Murray, Ray Allen, Vitaly Potapenko","Sesay, Radmanovic, Murray, Allen, Potapenko",1738-2209-2436-951-958,SEA,210.0,1,6.0,1.0,12.0,,1.0,,,,1.0,82.28571428571429,23.666666666666668,21.5,0.16666666666666666,4.0,-4.0,6.0,1.0,1.0,1.0,3.0,,1.0,,,1.0,1.0,,2.0,,1.0,,1.0,2.0,6.0,,1.0,,4.0,8.0,,1.0,,,,,,1.0,,,2.0,2.0,,,,1.0,,,1.0,1.0,,1.0,2.0,2.0,,,1.0,1.0,2.0,3.0,2.0,1.0,1.0,,1.0,,,,,,,,4.0,,,0.5,0.5,,,,0.3333333333333333,,,0.2857142857142857,,,0.2857142857142857,,,0.14285714285714285,,,,1.0,1.0,,0.5,,,0.5,,,1.0,,,,11.333333333333334,11.333333333333334,0.42857142857142855,0.3333333333333333,0.3333333333333333,,0.14285714285714285,1.0,1.0,1.0,0.2857142857142857,,,0.14285714285714285,,,1.0,,,,1.0,,0.5714285714285714,,0.5086642857142857,0.6201,0.27825,,,,,6.633333333333333,28.4,,,,,,,,,,,,,,,,,,,,,,,,,,,,,,,1.0,,,,,,,,,,,,,,,,,,,,,,,,,,,,,,,,,,,,,,,,,,1610612760,2004,2003-04,True
1738-2209-2499-2501-2557,1610612760,"Ansu Sesay, Vladimir Radmanovic, Richie Frahm, Reggie Evans, Luke Ridnour","Sesay, Radmanovic, Frahm, Evans, Ridnour",1738-2209-2499-2501-2557,SEA,929.0,6,28.0,17.0,59.0,7.0,10.0,6.0,7.0,2.0,17.0,91.45317545748117,17.75,17.178571428571427,0.6071428571428571,15.0,-15.0,31.0,15.0,5.0,3.0,9.0,2.0,3.0,,3.0,1.0,3.0,1.0,5.0,,1.0,,1.0,5.0,17.0,1.0,2.0,6.0,19.0,34.0,2.0,3.0,4.0,8.0,2.0,9.0,,1.0,6.0,10.0,2.0,8.0,,4.0,,1.0,,2.0,1.0,2.0,,,5.0,6.0,4.0,8.0,,12.0,6.0,18.0,2.0,2.0,3.0,1.0,1.0,1.0,,4.0,6.0,,1.0,2.0,11.0,10.0,1.0,0.2,0.3333333333333333,0.5,,0.5,0.29411764705882354,0.6666666666666666,0.2222222222222222,0.34210526315789475,0.6666666666666666,0.2,0.4318181818181818,0.8,0.38461538461538464,0.10526315789473684,0.11764705882352941,0.3333333333333333,,0.3,,0.6666666666666666,0.5,1.0,0.75,0.46153846153846156,0.16666666666666666,0.5,1.0,0.5714285714285714,0.6666666666666666,1.0,13.935483870967742,13.03225806451613,0.47368421052631576,0.3333333333333333,0.375,,0.15789473684210525,0.3333333333333333,0.5,,0.2631578947368421,0.2,0.2,0.05263157894736842,,,1.0,0.6666666666666666,0.3,,0.1,,0.5789473684210527,,0.4875684210526316,0.5494,0.482435,0.05,0.05555555555555555,0.42105263157894735,0.5263157894736842,7.770588235294118,23.85,2.0,3.0,,4.0,,3.0,2.0,,0.5,1.0,1.0,,,3.0,1.0,1.0,1.0,1.0,0.1111111111111111,1.0,1.0,1.0,0.05263157894736842,1.0,1.0,1.0,,,,,,,,,1.0,,,0.09090909090909091,,,,,,,,,,,,,,,,,,,1.0,,1.0,,,1.0,,,,,,,,,,,1610612760,2004,2003-04,True
1738-2209-2501-2557-699,1610612760,"Ansu Sesay, Vladimir Radmanovic, Reggie Evans, Luke Ridnour, Brent Barry","Sesay, Radmanovic, Evans, Ridnour, Barry",1738-2209-2501-2557-699,SEA,134.0,1,3.0,3.0,6.0,,1.0,1.0,1.0,,3.0,64.4776119402985,20.0,20.0,1.0,2.0,-2.0,3.0,,,1.0,1.0,,,1.0,1.0,,1.0,,,,,,,1.0,2.0,,,,2.0,4.0,,,,,1.0,2.0,,,,2.0,2.0,,,,,,,,1.0,1.0,1.0,,2.0,,,1.0,,1.0,,1.0,,,1.0,,,,,,,,,,2.0,2.0,,1.0,1.0,,,,0.5,,0.5,0.5,,0.5,0.5,,0.5,,,,,1.0,,0.5,,,0.3333333333333333,,,,,,0.5,,24.666666666666668,16.333333333333332,0.5,1.0,1.0,1.0,0.5,,,,,,,,,,,,0.5,1.0,,,0.5,,0.4761,,0.4761,,,,1.0,3.2,,1.0,,,,,,,,,,,,,,,,,,,,,,,,,,,,,,,,,,,,,,,,,,,,,,,,,,,,,,,,,,,,,,,,,,,,,,,,1610612760,2004,2003-04,True
1738-2209-2557-951-958,1610612760,"Ansu Sesay, Vladimir Radmanovic, Luke Ridnour, Ray Allen, Vitaly Potapenko","Sesay, Radmanovic, Ridnour, Allen, Potapenko",1738-2209-2557-951-958,SEA,323.0,2,9.0,8.0,19.0,,,,2.0,,8.0,84.70588235294117,18.88888888888889,15.333333333333334,0.8888888888888888,5.0,7.0,10.0,1.0,2.0,1.0,2.0,,1.0,,1.0,3.0,4.0,,2.0,1.0,3.0,1.0,3.0,4.0,8.0,1.0,3.0,4.0,15.0,8.0,,1.0,,,3.0,7.0,1.0,3.0,2.0,11.0,4.0,4.0,,,,3.0,1.0,1.0,2.0,3.0,1.0,1.0,7.0,2.0,1.0,1.0,1.0,3.0,3.0,6.0,1.0,,,,,,,1.0,5.0,,1.0,1.0,15.0,11.0,,0.5,0.5,0.3333333333333333,0.3333333333333333,0.3333333333333333,0.5,,0.42857142857142855,0.5,,0.45,0.5384615384615384,,0.45454545454545453,0.2727272727272727,0.125,0.25,,,1.0,1.0,0.5,0.5,0.6666666666666666,0.5,,1.0,0.5,1.0,,0.5,15.3,13.6,0.18181818181818182,0.5,0.5,1.0,0.36363636363636365,0.75,1.0,0.3333333333333333,0.18181818181818182,,,0.2727272727272727,0.3333333333333333,0.3333333333333333,0.3333333333333333,,0.1,,0.3,0.3333333333333333,0.45454545454545453,0.3333333333333333,0.4761818181818182,0.5085,0.47171,0.08333333333333333,0.1111111111111111,,0.7333333333333333,10.125,25.333333333333332,,1.0,,1.0,,1.0,1.0,,1.0,,,,,3.0,1.0,,,1.0,,,,,,,,,,,1.0,1.0,1.0,1.0,0.5,,,,0.5,,,,,,2.0,,,,,,,2.0,1.0,0.6666666666666666,,,,,,,,,,,,,,,,,,,,,1610612760,2004,2003-04,True
1738-2209-699-951-958,1610612760,"Ansu Sesay, Vladimir Radmanovic, Brent Barry, Ray Allen, Vitaly Potapenko","Sesay, Radmanovic, Barry, Allen, Potapenko",1738-2209-699-951-958,SEA,45.0,1,2.0,2.0,3.0,,,,,,2.0,96.0,15.0,15.0,1.0,1.0,4.0,1.0,,,1.0,1.0,,,1.0,1.0,,,1.0,1.0,,,,,2.0,2.0,,,,4.0,,,,,,2.0,2.0,,,,4.0,,4.0,,,,,,,,,,,,,,1.0,,1.0,,1.0,,,,,,,,,,,,,4.0,4.0,,,,,,,1.0,,1.0,1.0,,1.0,1.0,,1.0,,,,,,,1.0,,,1.0,,,,,,1.0,,15.0,15.0,0.5,1.0,1.0,,,,,,0.5,1.0,1.0,,,,,,0.5,1.0,,,0.5,,0.48735,,0.48735,,,,1.0,9.9,,,,,,,,,,,,,,,,,,,,,,,,,,,,,,,,,,,,,,,,,,,,,,,,,,,,,,,,,,,,,,,,,,,,,,,,,,1610612760,2004,2003-04,True
1738-2436-2499-2501-2557,1610612760,"Ansu Sesay, Flip Murray, Richie Frahm, Reggie Evans, Luke Ridnour","Sesay, Murray, Frahm, Evans, Ridnour",1738-2436-2499-2501-2557,SEA,818.0,4,25.0,,53.0,3.0,9.0,,6.0,1.0,,93.30073349633253,16.68,15.16,,14.0,-13.0,28.0,7.0,6.0,2.0,3.0,,,,,3.0,6.0,3.0,7.0,,3.0,,,8.0,16.0,,5.0,2.0,18.0,31.0,1.0,1.0,,2.0,,,,,,,6.0,10.0,,2.0,1.0,2.0,,1.0,3.0,3.0,,1.0,6.0,4.0,3.0,8.0,1.0,12.0,6.0,18.0,1.0,1.0,6.0,1.0,3.0,,2.0,2.0,2.0,,1.0,,16.0,,,0.375,0.42857142857142855,,,,0.5,1.0,,0.38095238095238093,0.3333333333333333,,0.4090909090909091,0.3333333333333333,,0.23809523809523808,0.0625,0.16666666666666666,,0.6666666666666666,1.0,0.8888888888888888,0.5,1.0,0.9166666666666666,0.5,,0.6666666666666666,0.5,0.75,1.0,1.0,14.321428571428571,13.928571428571429,0.14285714285714285,0.6666666666666666,0.6666666666666666,,0.2857142857142857,0.5,0.6,0.3333333333333333,0.3333333333333333,0.42857142857142855,0.42857142857142855,0.14285714285714285,,,,,,,,,0.38095238095238093,,0.45082500000000003,0.5568,,0.045454545454545456,0.058823529411764705,0.1111111111111111,,11.19375,31.060000000000002,3.0,1.0,,1.0,,1.0,,,,,2.0,,,,,,2.0,,,,,0.6666666666666666,0.09523809523809523,,,,,,,,,2.0,0.5,0.5,,,0.5,,,,1.0,,2.0,,0.3333333333333333,,,,,1.0,,0.3333333333333333,,,,,,,,,,,1.0,,,,,,,,,,1610612760,2004,2003-04,True
1738-2436-2499-2501-699,1610612760,"Ansu Sesay, Flip Murray, Richie Frahm, Reggie Evans, Brent Barry","Sesay, Murray, Frahm, Evans, Barry",1738-2436-2499-2501-699,SEA,27.0,1,1.0,1.0,2.0,,,,,,1.0,106.66666666666666,23.0,23.0,1.0,,,1.0,1.0,,,,,,,,,,,,,1.0,,1.0,,,,1.0,,,,,,,,,,,1.0,,,,,,,,1.0,,,,,,,,,,,,,,,,,,,,,,,,,,,,,,,,,,,,,,,,,,,,1.0,,,,,,,,,,,,,,,,,4.0,4.0,,,,,,,,,,,,1.0,,,,,,,1.0,,1.0,,0.4398,,0.4398,,,,,,26.0,,,,,,,,,,,,,,,,,,,,,,,,,,,,,,,,,,,,,,,,,,,,,,,,,,,,,,,,,,,,,,,,,,,,,,,,,1610612760,2004,2003-04,True
1738-2436-2499-2501-958,1610612760,"Ansu Sesay, Flip Murray, Richie Frahm, Reggie Evans, Vitaly Potapenko","Sesay, Murray, Frahm, Evans, Potapenko",1738-2436-2499-2501-958,SEA,89.0,1,4.0,1.0,7.0,,,,1.0,,1.0,113.25842696629213,14.25,14.25,0.25,1.0,-4.0,3.0,,,1.0,1.0,,,,,,,,1.0,,1.0,,,1.0,2.0,,1.0,2.0,4.0,8.0,,,,,,1.0,,,,,,2.0,,,,1.0,,,,,,,,,,,,,,,,,,,,,,,2.0,,1.0,,4.0,,,,,,,,0.5,,,0.3333333333333333,,,0.5,,,0.3333333333333333,,,,,,,,,,,,,,,,,10.666666666666666,10.666666666666666,0.3333333333333333,1.0,1.0,,,,,,0.3333333333333333,,,0.3333333333333333,,,,,,,,,0.6666666666666666,,0.43376666666666663,,0.277,0.25,0.3333333333333333,,,8.85,25.6,,,,,,,,,,,,,,,,,,,,,,,,,,,,,,,,,,,,,,,,,,,,,,,,,,,,,,,,,,,,,,,,,,,,,,,,,1610612760,2004,2003-04,True
1738-2436-2499-2557-958,1610612760,"Ansu Sesay, Flip Murray, Richie Frahm, Luke Ridnour, Vitaly Potapenko","Sesay, Murray, Frahm, Ridnour, Potapenko",1738-2436-2499-2557-958,SEA,426.0,2,13.0,6.0,26.0,,1.0,1.0,2.0,,6.0,87.88732394366198,17.615384615384617,16.46153846153846,0.46153846153846156,7.0,1.0,13.0,,1.0,3.0,3.0,,,2.0,2.0,3.0,3.0,,3.0,,,,,6.0,9.0,1.0,2.0,5.0,20.0,19.0,,1.0,,,3.0,3.0,1.0,1.0,2.0,11.0,6.0,6.0,,,,,,,3.0,4.0,3.0,,9.0,1.0,,2.0,,2.0,2.0,4.0,3.0,1.0,1.0,,,,,1.0,6.0,,3.0,,20.0,11.0,,0.5,0.5,0.5,1.0,0.5,0.6666666666666666,,1.0,0.6818181818181818,,1.125,0.7142857142857143,,1.1,0.18181818181818182,,,,1.0,,0.6666666666666666,0.3333333333333333,,0.6666666666666666,0.5,,,0.3333333333333333,,1.0,,15.153846153846153,14.461538461538462,0.2727272727272727,1.0,1.0,1.0,0.2727272727272727,1.0,1.0,,0.2727272727272727,,,,,,,,0.5,1.0,,,0.45454545454545453,,0.48044545454545456,0.6174,0.5863,0.21428571428571427,0.25,,0.55,9.055555555555555,23.1,1.0,1.0,1.0,1.0,,,,,,1.0,2.0,1.0,1.0,3.0,1.0,1.0,,1.0,,0.5,,,0.18181818181818182,0.5,0.5,1.0,0.25,1.0,,,2.0,1.0,1.0,1.0,,,,,,,1.0,,1.0,,0.5,,,,,,,,,,,,,,,,1.0,,,,,,,,,,,,1610612760,2004,2003-04,True
1738-2436-2499-699-951,1610612760,"Ansu Sesay, Flip Murray, Richie Frahm, Brent Barry, Ray Allen","Sesay, Murray, Frahm, Barry, Allen",1738-2436-2499-699-951,SEA,5.0,1,1.0,1.0,2.0,,,,,,1.0,576.0,3.0,3.0,1.0,,2.0,1.0,1.0,,,,,,,,,,,,,,,,,,,,2.0,2.0,,,,,,,,,,2.0,2.0,,,,,,,,,,,,,,,,,1.0,1.0,,1.0,,,,,,,,,2.0,,1.0,,2.0,2.0,,,,,,,,,,,,,1.0,,1.0,,,,,,1.0,,,,,,,,,,,,2.0,2.0,,,,,,,,,,,,,,,,,,,,,,,,,,1.0,1.0,,1.0,,,,,,,,,,,,,,,,,,,,,,,,,,,,,,,,,,,,,,,,,,,,,,,,,,,,,,,,,,,,,,,,,,,,,,,,,,,1610612760,2004,2003-04,True
1738-2436-2499-699-958,1610612760,"Ansu Sesay, Flip Murray, Richie Frahm, Brent Barry, Vitaly Potapenko","Sesay, Murray, Frahm, Barry, Potapenko",1738-2436-2499-699-958,SEA,100.0,1,4.0,,7.0,,,,,,,100.8,9.5,9.5,,2.0,6.0,3.0,,,3.0,3.0,,,,,,,,,,1.0,,,3.0,3.0,,1.0,,6.0,,,,,,,,,,,,4.0,2.0,,,,1.0,,,2.0,2.0,2.0,,4.0,,,2.0,,2.0,,2.0,,,,,,,,,,,,,6.0,,,0.6666666666666666,0.6666666666666666,,,,1.0,,,0.75,,,0.75,,,0.25,,,,,,1.0,,,1.0,,,,,,1.0,,20.666666666666668,20.666666666666668,0.75,1.0,1.0,0.6666666666666666,,,,,,,,0.25,,,,,,,,,1.0,,0.669825,,,,,,,1.3333333333333333,24.6,,,,,,,,,,,,,,,,,,,,1.0,,,,,,,,,,,,,,,,,,,,,,,,,,,,,,,,,,,,,,,,,,,,,,,,,,,,,1610612760,2004,2003-04,True
1738-2436-2501-2557-958,1610612760,"Ansu Sesay, Flip Murray, Reggie Evans, Luke Ridnour, Vitaly Potapenko","Sesay, Murray, Evans, Ridnour, Potapenko",1738-2436-2501-2557-958,SEA,618.0,4,18.0,,36.0,2.0,4.0,,5.0,1.0,,83.88349514563106,15.833333333333334,14.777777777777779,,10.0,5.0,18.0,3.0,4.0,1.0,8.0,,2.0,,,1.0,4.0,1.0,3.0,2.0,2.0,,,3.0,15.0,2.0,2.0,5.0,17.0,12.0,,3.0,,,,,,,,,4.0,2.0,,,,2.0,2.0,3.0,2.0,4.0,1.0,,10.0,5.0,,7.0,1.0,8.0,5.0,13.0,2.0,,2.0,,,,1.0,,6.0,,3.0,,17.0,,2.0,0.6666666666666666,0.6666666666666666,1.0,,1.0,0.2,,,0.35294117647058826,,,0.425,,,0.11764705882352941,0.2,0.25,,0.5,1.0,0.5833333333333334,0.4166666666666667,,0.5384615384615384,0.4166666666666667,0.42857142857142855,0.3333333333333333,0.5,0.5,0.8333333333333334,,18.5,15.944444444444445,0.47058823529411764,0.125,0.16666666666666666,1.0,0.23529411764705882,0.25,0.3333333333333333,,0.17647058823529413,0.3333333333333333,0.3333333333333333,0.11764705882352941,1.0,1.0,0.6666666666666666,,,,,,0.5882352941176471,1.0,0.5222941176470588,0.5011,,0.15,0.16666666666666666,,,6.546666666666667,25.9,2.0,,,,,,,,,,,,,6.0,2.0,,1.0,1.0,0.25,0.25,,1.0,,,,,,,2.0,1.0,2.0,,,,,,,,2.0,,,,,,,,,,,,,,,,,,,,,,,,,,,,,,,,,,1610612760,2004,2003-04,True
1738-2436-2501-699-951,1610612760,"Ansu Sesay, Flip Murray, Reggie Evans, Brent Barry, Ray Allen","Sesay, Murray, Evans, Barry, Allen",1738-2436-2501-699-951,SEA,132.0,2,4.0,4.0,7.0,1.0,1.0,1.0,1.0,,4.0,76.36363636363636,21.75,21.75,1.0,2.0,-2.0,3.0,,1.0,1.0,2.0,,,1.0,2.0,,1.0,,,,,,,1.0,3.0,,,1.0,3.0,5.0,,,,,1.0,3.0,,,1.0,3.0,,2.0,,,,,,,,,,,,1.0,,,,,1.0,1.0,,,,1.0,,,,,1.0,1.0,1.0,,3.0,3.0,,,,,,,0.3333333333333333,,0.3333333333333333,0.3333333333333333,,0.3333333333333333,0.5,,0.5,,,,,,,,0.5,,,0.5,,1.0,,,,,15.0,15.0,0.6666666666666666,0.5,0.5,,0.3333333333333333,,,,,,,,,,,,0.6666666666666666,0.5,,,0.6666666666666666,,0.4233,,0.4233,0.3333333333333333,0.3333333333333333,,1.0,4.133333333333334,,,,,,,,,,,,,,,,,,,,,,,,,,,,,,,,,,,,,,,,,,,,,,,,,,,,,,,,,,,,,,,,,,,,,,,,,,1610612760,2004,2003-04,True
1738-2436-2501-951-958,1610612760,"Ansu Sesay, Flip Murray, Reggie Evans, Ray Allen, Vitaly Potapenko","Sesay, Murray, Evans, Allen, Potapenko",1738-2436-2501-951-958,SEA,247.0,1,7.0,2.0,14.0,,1.0,,1.0,,2.0,81.61943319838058,17.857142857142858,15.142857142857142,0.2857142857142857,4.0,5.0,7.0,,1.0,1.0,2.0,,,,,,2.0,,2.0,1.0,1.0,,,1.0,6.0,1.0,1.0,,5.0,,,1.0,,,,2.0,,,,,,2.0,,,,1.0,1.0,,,1.0,,,3.0,1.0,,4.0,,4.0,1.0,5.0,2.0,1.0,1.0,,1.0,,,,,,,,5.0,,,,,1.0,,1.0,0.16666666666666666,,,0.35714285714285715,,,0.35714285714285715,,,0.14285714285714285,,,,1.0,,0.8,0.2,,0.8,0.2,1.0,,,1.0,1.0,,17.428571428571427,14.285714285714286,0.2857142857142857,0.5,0.5,,0.2857142857142857,,,,0.2857142857142857,,,0.14285714285714285,1.0,1.0,,,,,,,0.42857142857142855,1.0,0.4075857142857143,0.3593,0.381,,,,,8.9,26.1,,,,,,,,,,,,,,3.0,1.0,,,1.0,,0.6666666666666666,,,,,,,,,1.0,1.0,1.0,,,,,,,,1.0,,,,,,,,,,,,,,,,,,,,,,,,,,,,,,,,,,1610612760,2004,2003-04,True
1738-2436-2557-951-958,1610612760,"Ansu Sesay, Flip Murray, Luke Ridnour, Ray Allen, Vitaly Potapenko","Sesay, Murray, Ridnour, Allen, Potapenko",1738-2436-2557-951-958,SEA,332.0,3,9.0,4.0,18.0,,,,2.0,,4.0,78.07228915662651,11.222222222222221,10.333333333333334,0.4444444444444444,6.0,-2.0,9.0,5.0,1.0,2.0,2.0,,,,,1.0,2.0,1.0,2.0,,1.0,,1.0,4.0,6.0,,2.0,2.0,10.0,12.0,,1.0,,,2.0,2.0,,1.0,1.0,5.0,,8.0,,,,1.0,,,,,,,,1.0,1.0,1.0,,2.0,1.0,3.0,1.0,1.0,,,,,,,4.0,,1.0,1.0,10.0,5.0,,,,,,,0.6666666666666666,,1.0,0.5,,0.6666666666666666,0.5,,0.625,0.25,,,,,,0.25,0.5,0.5,0.3333333333333333,0.25,,1.0,,,0.5,,25.666666666666668,20.555555555555557,0.25,1.0,1.0,,0.25,0.5,0.5,,0.25,0.5,0.5,0.125,,,,,,,0.3333333333333333,,0.5,,0.48379375,0.433,0.38808333333333334,0.1111111111111111,0.14285714285714285,,0.5,9.316666666666666,24.6,,1.0,,1.0,,1.0,,,,,1.0,,,,,,,,,,1.0,,0.125,,,,,,,,,,,,,,,,,,,,,,,,,,,,,,,,,,,,,,,,,,,,,,,,,,1610612760,2004,2003-04,True
1738-2436-699-951-958,1610612760,"Ansu Sesay, Flip Murray, Brent Barry, Ray Allen, Vitaly Potapenko","Sesay, Murray, Barry, Allen, Potapenko",1738-2436-699-951-958,SEA,764.0,4,25.0,6.0,51.0,,4.0,,5.0,,6.0,96.12565445026179,16.6,16.32,0.24,13.0,-6.0,26.0,1.0,1.0,2.0,3.0,,,1.0,1.0,2.0,5.0,3.0,7.0,2.0,5.0,,,7.0,15.0,2.0,5.0,4.0,24.0,30.0,1.0,1.0,,2.0,2.0,4.0,,,2.0,6.0,4.0,10.0,,,,5.0,2.0,1.0,2.0,4.0,,,10.0,1.0,3.0,3.0,1.0,7.0,2.0,9.0,2.0,,4.0,,4.0,,,3.0,4.0,,2.0,,22.0,6.0,,0.2857142857142857,0.2857142857142857,0.4,,0.4,0.4666666666666667,1.0,0.5,0.5,1.0,0.5,0.5454545454545454,1.0,0.6,0.25,0.06666666666666667,,,1.0,1.0,0.6,0.125,1.0,0.75,0.18181818181818182,,,0.25,0.6666666666666666,,1.0,13.423076923076923,13.384615384615385,0.15,0.6666666666666666,1.0,,0.25,0.4,0.4,,0.35,0.42857142857142855,0.42857142857142855,0.25,0.4,0.4,,,0.25,1.0,,,0.4,0.4,0.47341749999999994,,0.442025,0.09090909090909091,0.11764705882352941,0.08333333333333333,0.25,10.9,24.94,,3.0,1.0,3.0,,2.0,,,,,,,,6.0,2.0,,2.0,1.0,0.3333333333333333,0.5,1.0,0.6666666666666666,,,,,,,2.0,1.0,2.0,1.0,0.3333333333333333,,,,0.3333333333333333,,,,,,,,,,,,,,,,,,,,,,,,,,,,,,,,,,,,1610612760,2004,2003-04,True
1738-2499-2501-2557-951,1610612760,"Ansu Sesay, Richie Frahm, Reggie Evans, Luke Ridnour, Ray Allen","Sesay, Frahm, Evans, Ridnour, Allen",1738-2499-2501-2557-951,SEA,293.0,1,9.0,,17.0,,3.0,,3.0,,,83.54948805460751,17.77777777777778,17.555555555555557,,5.0,-4.0,8.0,,1.0,1.0,1.0,,,,,1.0,2.0,2.0,3.0,,1.0,,,4.0,6.0,,1.0,,8.0,12.0,,,,,,,,,,,6.0,2.0,,,,1.0,,,3.0,3.0,1.0,1.0,6.0,,1.0,2.0,,3.0,1.0,4.0,,,3.0,,1.0,,1.0,1.0,,,,,8.0,,,0.75,0.75,,,,0.6666666666666666,,,0.5714285714285714,,,0.5714285714285714,,,0.14285714285714285,,,,1.0,,1.0,,0.3333333333333333,0.6,0.3333333333333333,,,,1.0,1.0,0.3333333333333333,16.625,16.0,0.14285714285714285,1.0,1.0,1.0,0.2857142857142857,0.5,0.5,1.0,0.42857142857142855,0.6666666666666666,0.6666666666666666,0.14285714285714285,,,,,,,,,0.2857142857142857,,0.4306142857142857,,,,,,,12.516666666666666,24.2,2.0,,,,,,,,,,,,,,,,1.0,,,,,0.5,,,,,,,,,,1.0,1.0,,,,1.0,,1.0,,,,,,,,,,,,,,,,,,,,,,,,,,,,,,,,,,1610612760,2004,2003-04,True
1738-2499-2501-2557-958,1610612760,"Ansu Sesay, Richie Frahm, Reggie Evans, Luke Ridnour, Vitaly Potapenko","Sesay, Frahm, Evans, Ridnour, Potapenko",1738-2499-2501-2557-958,SEA,425.0,3,13.0,1.0,26.0,,2.0,,3.0,,1.0,88.09411764705882,17.0,14.538461538461538,0.07692307692307693,7.0,,13.0,,4.0,2.0,6.0,,2.0,,,1.0,4.0,1.0,2.0,1.0,1.0,,,4.0,12.0,1.0,1.0,3.0,14.0,14.0,2.0,5.0,,4.0,1.0,1.0,,,,2.0,4.0,4.0,,,,1.0,1.0,2.0,2.0,3.0,1.0,,7.0,4.0,2.0,2.0,,4.0,4.0,8.0,1.0,,2.0,,1.0,,,1.0,4.0,,2.0,,10.0,2.0,,0.5,0.5,1.0,,1.0,0.3333333333333333,0.4,1.0,0.4230769230769231,0.4,1.0,0.4666666666666667,0.4,1.0,0.07692307692307693,0.16666666666666666,0.25,,1.0,,0.3333333333333333,0.5,1.0,0.5,0.5,0.75,0.3333333333333333,,,0.6666666666666666,1.0,15.692307692307692,14.23076923076923,0.46153846153846156,0.3333333333333333,0.4,0.5,0.3076923076923077,0.25,0.3333333333333333,,0.15384615384615385,0.5,0.5,0.07692307692307693,1.0,1.0,0.4,,,,,,0.5384615384615384,1.0,0.4825846153846154,0.4418,0.2139,0.13333333333333333,0.14285714285714285,0.2857142857142857,0.14285714285714285,5.266666666666667,25.4,1.0,1.0,,1.0,,1.0,,,,,,,,3.0,1.0,,1.0,1.0,0.16666666666666666,,,1.0,,,,,,,1.0,1.0,1.0,,,,,,,,,,,,,,,,,,,,,,,,,,,,,,,,,,,,,,,,,,1610612760,2004,2003-04,True
1738-2499-699-951-958,1610612760,"Ansu Sesay, Richie Frahm, Brent Barry, Ray Allen, Vitaly Potapenko","Sesay, Frahm, Barry, Allen, Potapenko",1738-2499-699-951-958,SEA,47.0,1,2.0,,4.0,,,,,,,122.55319148936171,11.0,11.0,,1.0,4.0,2.0,,,1.0,1.0,,,,,,,1.0,1.0,,,,,2.0,2.0,,,,4.0,,,,,,,,,,,,4.0,,,,,,,,2.0,2.0,1.0,,4.0,,,1.0,,1.0,,1.0,,,,,,,,,,,,,4.0,,,1.0,1.0,,,,1.0,,,1.0,,,1.0,,,,,,,,,1.0,,,1.0,,,,,1.0,,,12.5,12.5,0.5,1.0,1.0,1.0,,,,,0.5,1.0,1.0,,,,,,,,,,0.5,,0.534,,,,,,,7.75,,,,,,,,,,,,,,,,,,1.0,,,,,1.0,,,,,,,,,,,,,,,,,,,,,,,,,,,,,,,,,,,,,,,,,,,,,,,,,,,1610612760,2004,2003-04,True
1738-2501-2557-951-958,1610612760,"Ansu Sesay, Reggie Evans, Luke Ridnour, Ray Allen, Vitaly Potapenko","Sesay, Evans, Ridnour, Allen, Potapenko",1738-2501-2557-951-958,SEA,149.0,1,4.0,4.0,9.0,,,,,,4.0,86.97986577181207,12.25,12.25,1.0,2.0,1.0,5.0,5.0,,,,,,,,,,2.0,2.0,,1.0,,1.0,2.0,2.0,,2.0,,4.0,3.0,,,,,2.0,2.0,,2.0,,4.0,2.0,2.0,,,,1.0,,,1.0,1.0,,,2.0,,2.0,,,2.0,,2.0,,,,,,,,,,,,,4.0,4.0,,0.5,0.5,,,,1.0,,1.0,0.5,,0.5,0.5,,0.5,0.5,,,,,,,,1.0,0.5,,,,,,,1.0,20.0,17.8,,,,,,,,,0.5,1.0,1.0,0.25,,,,,,,0.25,,0.5,,0.474525,,0.474525,,,,1.0,16.3,24.55,,,,,,,,,,,1.0,,1.0,,,,1.0,,,,1.0,0.5,0.25,,,,0.25,,,,,,,,,,,,,,,,,,,,,,,,,,,,,,,,,,,,,,,,,,,,,,1610612760,2004,2003-04,True
1738-2501-699-951-958,1610612760,"Ansu Sesay, Reggie Evans, Brent Barry, Ray Allen, Vitaly Potapenko","Sesay, Evans, Barry, Allen, Potapenko",1738-2501-699-951-958,SEA,142.0,2,3.0,1.0,8.0,,,,,,1.0,81.12676056338029,24.666666666666668,21.0,0.3333333333333333,2.0,-4.0,5.0,,2.0,,2.0,,1.0,,,1.0,3.0,,,,,,,1.0,5.0,,,,2.0,6.0,1.0,2.0,,2.0,,1.0,,,,,2.0,,,,,,,1.0,1.0,1.0,,1.0,2.0,2.0,,1.0,,1.0,2.0,3.0,1.0,,,,,,,,,,,,,,,1.0,1.0,,,,0.2,0.5,,0.2,0.5,,0.2,0.5,,,0.2,,,,,1.0,0.5,,1.0,0.5,0.5,0.5,,,,,13.6,13.6,0.4,,,,0.6,0.3333333333333333,0.3333333333333333,1.0,,,,,,,0.5,,,,,,0.4,,0.4203,0.41745,0.2976,,,1.0,,5.2,,,,,,,,,,,,,,,,,,,,0.5,1.0,,,,,,,,,,,1.0,,,,1.0,,,0.3333333333333333,,,,,,,,,,,,,,,,,,,,,,,,,,,,,,,,,,,1610612760,2004,2003-04,True
1738-2557-699-951-958,1610612760,"Ansu Sesay, Luke Ridnour, Brent Barry, Ray Allen, Vitaly Potapenko","Sesay, Ridnour, Barry, Allen, Potapenko",1738-2557-699-951-958,SEA,493.0,1,18.0,,36.0,3.0,5.0,,3.0,1.0,,105.15212981744422,13.38888888888889,12.61111111111111,,8.0,-6.0,18.0,,2.0,5.0,7.0,1.0,2.0,,,,4.0,,2.0,1.0,2.0,,,5.0,13.0,1.0,2.0,,13.0,19.0,1.0,2.0,,2.0,,,,,,,8.0,2.0,,,,2.0,1.0,1.0,4.0,5.0,4.0,,11.0,2.0,1.0,6.0,1.0,8.0,2.0,10.0,1.0,1.0,2.0,1.0,,,,1.0,,,,,11.0,,,0.8,0.8,0.5,,0.5,0.38461538461538464,0.5,,0.43333333333333335,0.5,,0.43333333333333335,0.5,,0.13333333333333333,0.07692307692307693,0.25,,0.4,1.0,0.8571428571428571,0.25,1.0,0.875,0.2222222222222222,,,1.0,0.5,1.0,,14.0,13.944444444444445,0.4666666666666667,0.7142857142857143,0.7142857142857143,0.8,0.26666666666666666,,,,0.13333333333333333,,,0.13333333333333333,0.5,0.5,1.0,0.5,,,,,0.6,0.5,0.5327133333333334,0.57755,,,,0.15384615384615385,,4.6230769230769235,26.05,2.0,1.0,,1.0,,1.0,,,,,,,,3.0,1.0,,,1.0,,1.0,1.0,,,,,,,,1.0,1.0,,,,,,,,,,,,,,,,,,,,,,,,,,1.0,,,,,,,1.0,,,,,,,,,,1610612760,2004,2003-04,True
1740-1744-1916-2436-699,1610612760,"Rashard Lewis, Jerome James, Calvin Booth, Flip Murray, Brent Barry","Lewis, James, Booth, Murray, Barry",1740-1744-1916-2436-699,SEA,52.0,1,1.0,,2.0,,,,,,,55.38461538461538,31.0,31.0,,1.0,3.0,1.0,,1.0,1.0,2.0,1.0,1.0,,,,,,,,,,,1.0,2.0,,,1.0,3.0,,1.0,1.0,,2.0,,,,,,,,2.0,,2.0,,,,,,,,,,1.0,,1.0,,1.0,1.0,2.0,,,,,,,,,1.0,,,,1.0,,,,,,,,0.5,1.0,,0.5,1.0,,0.5,1.0,,,,,,,,1.0,1.0,,1.0,1.0,1.0,,,,1.0,,21.0,21.0,1.0,0.5,0.5,,,,,,,,,,,,1.0,1.0,,,,,1.0,,0.50655,0.5499,,,,0.6666666666666666,,,,,,,,,,,,,,,,,,,,,,,,,,,,,,,,,,,,,,,,,,,,,,,,,,,,,,1.0,,,,,,,,,,,,,,,,,,,,,,1610612760,2004,2003-04,True
1740-1744-1916-699-951,1610612760,"Rashard Lewis, Jerome James, Calvin Booth, Brent Barry, Ray Allen","Lewis, James, Booth, Barry, Allen",1740-1744-1916-699-951,SEA,3091.0,5,94.0,5.0,188.0,7.0,11.0,1.0,19.0,2.0,5.0,87.58330637334197,17.21276595744681,15.936170212765957,0.05319148936170213,52.0,13.0,94.0,9.0,16.0,10.0,20.0,4.0,8.0,1.0,1.0,8.0,23.0,16.0,36.0,2.0,13.0,1.0,1.0,34.0,79.0,2.0,13.0,24.0,98.0,85.0,9.0,16.0,2.0,20.0,1.0,2.0,1.0,1.0,4.0,9.0,38.0,30.0,3.0,12.0,,13.0,2.0,11.0,19.0,20.0,4.0,3.0,41.0,19.0,12.0,30.0,3.0,45.0,21.0,66.0,7.0,4.0,4.0,2.0,2.0,1.0,1.0,8.0,31.0,3.0,17.0,,78.0,9.0,,0.5588235294117647,0.6785714285714286,0.15384615384615385,1.0,0.15384615384615385,0.43037974683544306,0.5625,0.5,0.40217391304347827,0.47368421052631576,0.8333333333333334,0.46226415094339623,0.5,0.75,0.14130434782608695,0.13924050632911392,0.21739130434782608,,0.36363636363636365,1.0,0.8333333333333334,0.4318181818181818,0.631578947368421,0.7636363636363637,0.38181818181818183,0.4,0.5,0.4,0.875,0.7692307692307693,0.6428571428571429,15.670212765957446,14.872340425531915,0.21739130434782608,0.5,0.7142857142857143,0.4,0.25,0.34782608695652173,0.4444444444444444,0.375,0.391304347826087,0.4444444444444444,0.4444444444444444,0.14130434782608695,0.15384615384615385,0.15384615384615385,0.42105263157894735,0.5,0.3333333333333333,1.0,0.3333333333333333,1.0,0.358695652173913,0.15384615384615385,0.46767228260869564,0.5228970588235294,0.5042666666666666,0.16037735849056603,0.1827956989247312,0.20408163265306123,0.09183673469387756,10.617721518987342,25.476923076923075,2.0,2.0,,3.0,,2.0,2.0,,0.6666666666666666,,,,,3.0,1.0,,12.0,0.5,0.3,0.8666666666666667,0.6,0.75,,,,,,,1.0,0.5,3.0,2.0,0.18181818181818182,,2.0,,0.18181818181818182,0.045454545454545456,2.0,,,,3.0,,,,,,,3.0,,0.15789473684210525,,,,,1.0,1.0,,,1.0,,,,,,,,,,,,1610612760,2004,2003-04,True
1740-1744-2209-2436-2557,1610612760,"Rashard Lewis, Jerome James, Vladimir Radmanovic, Flip Murray, Luke Ridnour","Lewis, James, Radmanovic, Murray, Ridnour",1740-1744-2209-2436-2557,SEA,2487.0,14,75.0,20.0,151.0,8.0,13.0,4.0,15.0,2.0,20.0,87.43063932448733,16.906666666666666,15.626666666666667,0.26666666666666666,41.0,26.0,76.0,23.0,14.0,17.0,20.0,4.0,5.0,5.0,7.0,5.0,14.0,5.0,17.0,2.0,10.0,,2.0,27.0,51.0,5.0,16.0,16.0,85.0,59.0,4.0,10.0,,11.0,8.0,12.0,,3.0,9.0,25.0,30.0,24.0,3.0,4.0,,10.0,2.0,5.0,15.0,19.0,7.0,4.0,42.0,7.0,10.0,19.0,2.0,31.0,14.0,45.0,5.0,3.0,5.0,2.0,2.0,,2.0,3.0,25.0,2.0,9.0,4.0,74.0,25.0,2.0,0.5555555555555556,0.6,0.3125,,0.3125,0.5294117647058824,0.4,0.6666666666666666,0.5149253731343284,0.5,0.5333333333333333,0.532051282051282,0.4230769230769231,0.5952380952380952,0.23880597014925373,0.09803921568627451,0.21428571428571427,0.058823529411764705,0.38461538461538464,0.6666666666666666,0.6785714285714286,0.2916666666666667,1.0,0.7631578947368421,0.37142857142857144,0.3333333333333333,,0.5,0.5,0.6363636363636364,1.0,16.039473684210527,15.092105263157896,0.29850746268656714,0.85,0.8947368421052632,0.4117647058823529,0.208955223880597,0.35714285714285715,0.45454545454545453,0.8,0.2537313432835821,0.29411764705882354,0.3125,0.14925373134328357,0.2,0.2,0.45454545454545453,0.8,0.4666666666666667,0.7142857142857143,0.13333333333333333,,0.5373134328358209,0.2,0.4839701492537314,0.47597142857142855,0.54591,0.12162162162162163,0.15517241379310345,0.12941176470588237,0.29411764705882354,8.798039215686273,25.03125,3.0,3.0,,3.0,1.0,2.0,1.0,0.2,0.3333333333333333,3.0,6.0,,1.0,12.0,4.0,3.0,4.0,0.8,0.05,0.8181818181818182,1.0,0.8,0.08955223880597014,0.5,0.6,1.0,0.06666666666666667,,1.0,0.5,2.0,6.0,0.5454545454545454,1.0,,,0.375,,1.0,1.0,1.0,1.0,1.0,1.0,0.09090909090909091,1.0,1.0,1.0,,,2.0,,,,1.0,,,,1.0,,,,,,,1.0,1.0,0.0625,0.16666666666666666,,,,1610612760,2004,2003-04,True
1740-1744-2209-2436-699,1610612760,"Rashard Lewis, Jerome James, Vladimir Radmanovic, Flip Murray, Brent Barry","Lewis, James, Radmanovic, Murray, Barry",1740-1744-2209-2436-699,SEA,3194.0,14,106.0,29.0,209.0,6.0,13.0,5.0,24.0,1.0,29.0,94.22667501565435,15.858490566037736,15.160377358490566,0.27358490566037735,53.0,-18.0,103.0,43.0,15.0,19.0,37.0,2.0,9.0,6.0,9.0,6.0,23.0,8.0,24.0,5.0,10.0,1.0,3.0,33.0,84.0,7.0,14.0,19.0,106.0,124.0,3.0,13.0,4.0,10.0,7.0,17.0,2.0,4.0,4.0,24.0,36.0,30.0,3.0,6.0,,10.0,5.0,14.0,18.0,24.0,12.0,2.0,54.0,16.0,11.0,18.0,1.0,30.0,17.0,47.0,10.0,9.0,7.0,1.0,3.0,,2.0,12.0,25.0,1.0,11.0,2.0,96.0,24.0,3.0,0.5454545454545454,0.6,0.5,0.5,0.5,0.39285714285714285,0.23076923076923078,0.4117647058823529,0.44387755102040816,0.23076923076923078,0.47619047619047616,0.4818181818181818,0.3333333333333333,0.48,0.14285714285714285,0.16666666666666666,0.21739130434782608,,0.5384615384615384,0.5,0.6923076923076923,0.3137254901960784,0.7333333333333333,0.7073170731707317,0.27586206896551724,0.5,0.17647058823529413,0.25,0.8333333333333334,0.7272727272727273,0.8,14.689320388349515,13.980582524271844,0.37755102040816324,0.5135135135135135,0.6785714285714286,0.631578947368421,0.23469387755102042,0.2608695652173913,0.3333333333333333,0.3333333333333333,0.24489795918367346,0.3333333333333333,0.3333333333333333,0.10204081632653061,0.5,0.5,0.6923076923076923,0.2222222222222222,0.42857142857142855,0.6666666666666666,0.14285714285714285,0.3333333333333333,0.5204081632653061,0.5,0.4718428571428572,0.4803,0.4581071428571429,0.10185185185185185,0.11702127659574468,0.09433962264150944,0.22641509433962265,7.420238095238095,24.849999999999998,4.0,4.0,2.0,4.0,1.0,2.0,3.0,0.5,0.75,2.0,4.0,1.0,1.0,18.0,6.0,2.0,4.0,0.8571428571428571,0.24324324324324326,0.5555555555555556,0.6,0.5,0.04081632653061224,0.5,0.5,1.0,0.047619047619047616,1.0,4.0,0.8,1.0,,,,2.0,1.0,,0.045454545454545456,,,,,,,,,,,,,,,,,1.0,,,,,,,,,,,,,,,1.0,,,1610612760,2004,2003-04,True
1740-1744-2209-2436-951,1610612760,"Rashard Lewis, Jerome James, Vladimir Radmanovic, Flip Murray, Ray Allen","Lewis, James, Radmanovic, Murray, Allen",1740-1744-2209-2436-951,SEA,1040.0,7,33.0,7.0,63.0,3.0,3.0,1.0,9.0,,7.0,87.23076923076924,16.818181818181817,15.727272727272727,0.21212121212121213,17.0,4.0,30.0,18.0,5.0,5.0,13.0,2.0,6.0,,,4.0,6.0,6.0,13.0,,1.0,,,15.0,32.0,,3.0,6.0,36.0,32.0,2.0,6.0,,4.0,2.0,4.0,,,4.0,8.0,20.0,10.0,,4.0,,1.0,,,10.0,10.0,3.0,2.0,20.0,8.0,4.0,5.0,2.0,11.0,9.0,20.0,3.0,2.0,,,,1.0,2.0,4.0,9.0,,1.0,3.0,32.0,8.0,2.0,0.6666666666666666,0.7692307692307693,,,,0.46875,0.3333333333333333,0.5,0.42857142857142855,0.2857142857142857,0.5,0.46153846153846156,0.2857142857142857,0.5714285714285714,0.08571428571428572,,,,,1.0,0.7142857142857143,0.5,1.0,0.8181818181818182,0.47368421052631576,0.75,0.5,0.16666666666666666,0.6666666666666666,1.0,1.0,16.166666666666668,15.8,0.37142857142857144,0.38461538461538464,0.38461538461538464,0.6,0.17142857142857143,0.6666666666666666,0.6666666666666666,0.5,0.37142857142857144,0.46153846153846156,0.46153846153846156,0.02857142857142857,,,0.8571428571428571,0.3333333333333333,,,,,0.45714285714285713,,0.4779785714285714,0.5777571428571429,0.341925,0.027777777777777776,0.030303030303030304,0.1111111111111111,0.2222222222222222,9.528125,23.96666666666667,,1.0,1.0,1.0,,,1.0,,1.0,,2.0,,,,,,5.0,,,0.6666666666666666,1.0,0.8333333333333334,0.05714285714285714,,,,,,,,1.0,1.0,0.3333333333333333,0.5,4.0,1.0,,0.21052631578947367,1.0,,1.0,,1.0,,0.14285714285714285,,,,,,1.0,,,,,,,,1.0,,,,,,,,,,,,,,1610612760,2004,2003-04,True
1740-1744-2209-2557-699,1610612760,"Rashard Lewis, Jerome James, Vladimir Radmanovic, Luke Ridnour, Brent Barry","Lewis, James, Radmanovic, Ridnour, Barry",1740-1744-2209-2557-699,SEA,88.0,2,2.0,,5.0,,,,,,,81.81818181818183,26.0,17.5,,1.0,,3.0,,2.0,,2.0,,2.0,,,,1.0,,1.0,,,,,,4.0,,,,,,,3.0,,,,,,,,,,,,,,,,,,,,,,2.0,1.0,1.0,,2.0,2.0,4.0,1.0,,,,,,,,,,,,,,,,,,,,,,,,,,,,,,,,,,,0.3333333333333333,0.5,1.0,0.5,0.5,,1.0,1.0,,,1.0,12.0,8.0,0.5,,,,0.25,,,,0.25,,,,,,0.6666666666666666,,,,,,0.5,,0.43135,0.4402,,,,,,6.15,,,,,,,,,,,,,,,,,,,,,0.5,,,,,,,,,,,1.0,,,,,,,,,,,,,,,,,,,,,,,,,,,,,,,,,,,,,,,,,,1610612760,2004,2003-04,True
1740-1744-2209-2557-951,1610612760,"Rashard Lewis, Jerome James, Vladimir Radmanovic, Luke Ridnour, Ray Allen","Lewis, James, Radmanovic, Ridnour, Allen",1740-1744-2209-2557-951,SEA,2854.0,11,89.0,33.0,175.0,6.0,16.0,6.0,19.0,1.0,33.0,88.29712683952347,15.337078651685394,15.157303370786517,0.3707865168539326,48.0,-29.0,86.0,19.0,6.0,13.0,21.0,1.0,2.0,2.0,3.0,4.0,14.0,11.0,19.0,5.0,8.0,3.0,4.0,28.0,54.0,5.0,15.0,11.0,82.0,111.0,3.0,4.0,,6.0,10.0,17.0,3.0,8.0,5.0,34.0,32.0,24.0,3.0,4.0,,8.0,5.0,5.0,16.0,20.0,6.0,1.0,44.0,5.0,11.0,17.0,3.0,31.0,6.0,37.0,6.0,3.0,10.0,1.0,4.0,1.0,2.0,10.0,18.0,,7.0,2.0,76.0,34.0,1.0,0.5714285714285714,0.6153846153846154,0.3333333333333333,0.375,0.3333333333333333,0.5185185185185185,0.75,0.5882352941176471,0.5144927536231884,0.75,0.58,0.5256410256410257,0.75,0.5862068965517241,0.21739130434782608,0.09259259259259259,,,0.625,0.75,0.5862068965517241,0.19230769230769232,0.7333333333333333,0.6363636363636364,0.16666666666666666,0.25,0.2,0.125,0.625,0.7142857142857143,0.7272727272727273,17.313953488372093,16.3953488372093,0.30434782608695654,0.6190476190476191,0.8125,0.46153846153846156,0.2028985507246377,0.2857142857142857,0.2857142857142857,0.25,0.2753623188405797,0.5789473684210527,0.5789473684210527,0.11594202898550725,0.625,0.625,0.5,0.5,0.12,0.6666666666666666,0.16,0.75,0.5217391304347826,0.625,0.47289202898550725,0.5402,0.473028,0.09210526315789473,0.11475409836065574,0.07317073170731707,0.4146341463414634,9.307407407407409,24.12,6.0,7.0,2.0,7.0,,5.0,2.0,,0.2857142857142857,,7.0,,4.0,12.0,4.0,,9.0,0.8,0.23809523809523808,0.5,0.75,0.8181818181818182,0.10144927536231885,,,,0.16,,4.0,0.8,3.0,1.0,0.1,0.14285714285714285,,,,,2.0,,,,,,,,,,,,,,,,,,,,,,,,,,,,,,,,,,1610612760,2004,2003-04,True
1740-1744-2209-699-951,1610612760,"Rashard Lewis, Jerome James, Vladimir Radmanovic, Brent Barry, Ray Allen","Lewis, James, Radmanovic, Barry, Allen",1740-1744-2209-699-951,SEA,5310.0,16,167.0,15.0,337.0,11.0,27.0,1.0,26.0,3.0,15.0,91.38983050847457,15.8562874251497,15.233532934131736,0.08982035928143713,88.0,-15.0,170.0,6.0,21.0,30.0,43.0,5.0,9.0,2.0,4.0,15.0,35.0,22.0,49.0,2.0,15.0,,3.0,67.0,127.0,4.0,21.0,29.0,175.0,190.0,8.0,19.0,4.0,20.0,4.0,11.0,,3.0,7.0,15.0,80.0,54.0,,14.0,,15.0,2.0,6.0,40.0,44.0,15.0,7.0,92.0,18.0,20.0,36.0,3.0,59.0,24.0,83.0,14.0,10.0,16.0,3.0,7.0,4.0,2.0,10.0,41.0,6.0,22.0,1.0,155.0,15.0,2.0,0.5970149253731343,0.6666666666666666,0.19047619047619047,,0.19047619047619047,0.5275590551181102,0.42105263157894735,0.36363636363636365,0.49324324324324326,0.4,0.2857142857142857,0.5272727272727272,0.45454545454545453,0.4166666666666667,0.14189189189189189,0.047244094488188976,0.08571428571428572,0.02040816326530612,0.5925925925925926,1.0,0.7058823529411765,0.3050847457627119,0.6451612903225806,0.6829268292682927,0.3026315789473684,0.3076923076923077,0.42105263157894735,0.2222222222222222,0.7857142857142857,0.7894736842105263,0.65,15.658823529411764,14.717647058823529,0.2905405405405405,0.6976744186046512,0.7317073170731707,0.5,0.23648648648648649,0.42857142857142855,0.46875,0.4666666666666667,0.3310810810810811,0.4489795918367347,0.4583333333333333,0.10135135135135136,0.13333333333333333,0.13333333333333333,0.45,0.5555555555555556,0.2857142857142857,0.5,0.21428571428571427,,0.43243243243243246,0.13333333333333333,0.48419256756756757,0.49911666666666665,0.5173571428571428,0.13414634146341464,0.15384615384615385,0.11428571428571428,0.08571428571428572,9.354330708661417,24.947619047619046,9.0,7.0,2.0,7.0,1.0,5.0,4.0,0.2,0.5714285714285714,2.0,6.0,,,12.0,4.0,2.0,18.0,1.0,0.046511627906976744,0.5555555555555556,0.6363636363636364,0.8181818181818182,0.04054054054054054,0.3333333333333333,0.3333333333333333,1.0,,,2.0,1.0,4.0,5.0,0.29411764705882354,,1.0,1.0,0.38461538461538464,0.014285714285714285,,,,,1.0,,,,,,,1.0,1.0,0.05,,,,,,,,,,,,,,,,,,,,,1610612760,2004,2003-04,True
1740-1744-2436-2499-2557,1610612760,"Rashard Lewis, Jerome James, Flip Murray, Richie Frahm, Luke Ridnour","Lewis, James, Murray, Frahm, Ridnour",1740-1744-2436-2499-2557,SEA,26.0,1,1.0,,3.0,,,,,,,166.15384615384616,18.0,18.0,,,,2.0,1.0,,,,,,,,,,,,,1.0,,,,,,1.0,,,,,,,,,,,,,,,,,,,1.0,,,,,,,,,,,1.0,1.0,,1.0,,,,,,,,,,,,,,,,,,,,,,,,,,,,,,1.0,,,,,1.0,,,,,,,,,,,,4.0,4.0,,,,,,,,,,,,1.0,,,,,,,,,1.0,,0.5451,,,,,,,,24.9,,,,,,,,,,,,,,,,,,,,,,,,,,,,,,,,,,,,,,,,,,,,,,,,,,,,,,,,,,,,,,,,,,,,,,,,,1610612760,2004,2003-04,True
1740-1744-2436-2499-699,1610612760,"Rashard Lewis, Jerome James, Flip Murray, Richie Frahm, Brent Barry","Lewis, James, Murray, Frahm, Barry",1740-1744-2436-2499-699,SEA,140.0,1,5.0,,9.0,2.0,2.0,,1.0,,,92.57142857142857,13.2,10.6,,2.0,,4.0,,1.0,,2.0,,,,,,,1.0,2.0,,,,,1.0,4.0,,1.0,,2.0,2.0,,1.0,,,,,,,,,,2.0,,,,,,1.0,,,,,,2.0,,3.0,,3.0,2.0,5.0,1.0,1.0,,2.0,,,1.0,1.0,,,,,2.0,,,,,,,,0.25,,,0.2,,,0.2,,,0.2,0.25,,,,,1.0,0.6666666666666666,,1.0,0.5,0.5,,1.0,1.0,1.0,,18.5,18.5,0.4,,,,,,,,0.4,0.5,0.5,,,,,,,,,,0.6,,0.5808099999999999,0.3634,,,,,,8.35,23.2,,2.0,,2.0,,2.0,2.0,,1.0,,1.0,,,,,,,,0.5,,,,0.2,,,,,,,,,,,,,,,,,,,,,,,,,,,,,,,,,,,,,,,,,,,,,,,,,,1610612760,2004,2003-04,True
1740-1744-2436-2501-2557,1610612760,"Rashard Lewis, Jerome James, Flip Murray, Reggie Evans, Luke Ridnour","Lewis, James, Murray, Evans, Ridnour",1740-1744-2436-2501-2557,SEA,275.0,3,7.0,,14.0,,,,,,,73.30909090909091,22.857142857142858,22.714285714285715,,5.0,5.0,7.0,,1.0,3.0,6.0,1.0,1.0,,,,1.0,,1.0,,1.0,,,3.0,8.0,,1.0,1.0,7.0,2.0,1.0,1.0,,2.0,,,,,,,2.0,4.0,,2.0,,1.0,,1.0,1.0,1.0,1.0,,2.0,1.0,,3.0,,3.0,1.0,4.0,2.0,2.0,,,,,,,3.0,1.0,2.0,,5.0,,,0.3333333333333333,0.5,,,,0.375,1.0,,0.3333333333333333,1.0,,0.35,1.0,,0.1111111111111111,0.125,,,,,0.6,0.2,,0.6,0.16666666666666666,0.3333333333333333,,,,0.6666666666666666,,16.428571428571427,14.142857142857142,0.6666666666666666,0.5,0.6,0.3333333333333333,0.1111111111111111,,,,0.1111111111111111,,,0.1111111111111111,,,1.0,1.0,,,,,0.7777777777777778,,0.46071666666666666,0.5214,,0.2,0.2222222222222222,0.2857142857142857,,4.9,25.8,,1.0,,1.0,,1.0,,,,,,,,,,,,,0.16666666666666666,1.0,,,,,,,,,,,,,,,1.0,,,0.2,,,,,,,,,,,,,,,,,,,,,,,,,,,,,,,,,,,1610612760,2004,2003-04,True
1740-1744-2436-2501-699,1610612760,"Rashard Lewis, Jerome James, Flip Murray, Reggie Evans, Brent Barry","Lewis, James, Murray, Evans, Barry",1740-1744-2436-2501-699,SEA,647.0,3,19.0,5.0,39.0,3.0,5.0,1.0,6.0,1.0,5.0,86.80061823802164,15.368421052631579,15.105263157894736,0.2631578947368421,11.0,-7.0,20.0,4.0,1.0,1.0,1.0,,,,,1.0,2.0,1.0,5.0,2.0,3.0,1.0,2.0,3.0,8.0,3.0,4.0,4.0,19.0,26.0,,,,3.0,,1.0,1.0,2.0,2.0,5.0,4.0,2.0,,,,3.0,2.0,1.0,2.0,5.0,,1.0,13.0,,1.0,3.0,1.0,5.0,1.0,6.0,3.0,2.0,2.0,,2.0,,,2.0,6.0,,3.0,,16.0,5.0,1.0,0.6666666666666666,0.6666666666666666,0.75,0.5,0.75,0.375,,,0.625,1.5,0.5,0.6333333333333333,1.5,0.5,0.3333333333333333,0.125,,0.2,0.4,1.0,0.5,,1.0,0.5714285714285714,0.16666666666666666,,,,1.0,0.5,,17.75,16.05,0.08333333333333333,1.0,1.0,,0.16666666666666666,0.5,0.5,1.0,0.4166666666666667,0.2,0.25,0.25,0.6666666666666666,0.6666666666666666,,,,,0.6666666666666666,0.5,0.4166666666666667,0.6666666666666666,0.48920416666666666,0.57135,0.50175,0.2,0.2727272727272727,0.15789473684210525,0.2631578947368421,12.375,25.125,,,,,,,,,,1.0,1.0,,,9.0,3.0,1.0,1.0,1.0,,,1.0,1.0,0.08333333333333333,1.0,1.0,1.0,,,2.0,1.0,1.0,1.0,1.0,,,,1.0,,,,,1.0,1.0,1.0,,,,,1.0,1.0,,1.0,1.0,1.0,,,,,,,,,1.0,,,,,,,,,,1610612760,2004,2003-04,True
1740-1744-2436-2501-951,1610612760,"Rashard Lewis, Jerome James, Flip Murray, Reggie Evans, Ray Allen","Lewis, James, Murray, Evans, Allen",1740-1744-2436-2501-951,SEA,144.0,1,5.0,5.0,10.0,,,,1.0,,5.0,100.0,12.6,11.6,1.0,2.0,-1.0,5.0,3.0,1.0,1.0,1.0,,,1.0,1.0,,1.0,,1.0,,,,,1.0,3.0,1.0,2.0,,5.0,6.0,,,,3.0,1.0,3.0,1.0,2.0,,5.0,2.0,,,,,,,,1.0,2.0,1.0,,5.0,1.0,,1.0,,1.0,1.0,2.0,1.0,,,,,,,1.0,,,,,2.0,5.0,,1.0,1.0,0.5,0.5,0.5,0.3333333333333333,,0.3333333333333333,0.5,1.5,0.5,0.5,1.5,0.5,0.4,,,,,,1.0,0.5,,1.0,0.3333333333333333,,,1.0,,,,16.2,16.2,0.2,1.0,1.0,1.0,0.2,,,,0.2,,,,,,,,0.2,1.0,,,0.6,,0.54179,0.61785,0.54179,,,0.6,1.0,8.6,22.9,,,,,,,,,,1.0,2.0,1.0,2.0,3.0,1.0,1.0,,1.0,,1.0,,,0.4,0.5,0.5,1.0,0.4,0.5,,,1.0,,,,,,,,,1.0,1.0,1.0,1.0,1.0,1.0,1.0,1.0,,,,,,,,,,,,,,,,,,,,,,,,,,1610612760,2004,2003-04,True
1740-1744-2436-2557-699,1610612760,"Rashard Lewis, Jerome James, Flip Murray, Luke Ridnour, Brent Barry","Lewis, James, Murray, Ridnour, Barry",1740-1744-2436-2557-699,SEA,58.0,1,1.0,,2.0,,,,2.0,,,49.6551724137931,18.0,18.0,,1.0,,1.0,,,,,,,,,1.0,1.0,,,,,,,1.0,1.0,,,,2.0,2.0,,,,,,,,,,,,2.0,,,,,,,,,,,,,,,,,,,,,,,,,,,,,,,2.0,,,,,,,,1.0,,,1.0,,,1.0,,,,,,,,,,,,,,,,,,,,40.0,40.0,,,,,1.0,1.0,1.0,,,,,,,,,,,,,,,,0.3851,,,,,,,9.0,,,,,,,,,,,,,,,,,,,,,,,,,,,,,,,,,,,,,,,,,,,,,,,,,,,,,,,,,,,,,,,,,,,,,,,,,,1610612760,2004,2003-04,True
1740-1744-2436-2557-951,1610612760,"Rashard Lewis, Jerome James, Flip Murray, Luke Ridnour, Ray Allen","Lewis, James, Murray, Ridnour, Allen",1740-1744-2436-2557-951,SEA,838.0,6,26.0,,55.0,1.0,4.0,,5.0,,,94.5107398568019,17.307692307692307,17.03846153846154,,14.0,-16.0,29.0,,3.0,2.0,5.0,1.0,1.0,,,1.0,4.0,2.0,9.0,1.0,3.0,,,5.0,18.0,1.0,5.0,4.0,17.0,33.0,1.0,2.0,2.0,4.0,,,,,,,4.0,6.0,,2.0,,3.0,1.0,,2.0,3.0,1.0,,7.0,3.0,2.0,9.0,1.0,12.0,3.0,15.0,1.0,,3.0,,2.0,,,2.0,6.0,,2.0,1.0,13.0,,,0.4,0.5,0.2,,0.2,0.2777777777777778,0.5,,0.2826086956521739,0.5,,0.3269230769230769,0.6666666666666666,,0.21739130434782608,,,,0.75,1.0,0.6428571428571429,0.23076923076923078,0.6666666666666666,0.6470588235294118,0.17647058823529413,0.3333333333333333,,0.2857142857142857,0.6,0.8,1.0,13.379310344827585,12.172413793103448,0.21739130434782608,0.4,0.4,0.5,0.17391304347826086,0.25,0.25,,0.391304347826087,0.2222222222222222,0.2222222222222222,0.13043478260869565,0.3333333333333333,0.3333333333333333,0.5,1.0,,,,,0.43478260869565216,0.3333333333333333,0.44447826086956527,0.3852,,0.08,0.1,0.23529411764705882,,11.594444444444443,24.740000000000002,1.0,3.0,1.0,3.0,,2.0,2.0,,0.6666666666666666,,2.0,,,3.0,1.0,,1.0,1.0,,0.5,,0.5,0.08695652173913043,,,,,,1.0,1.0,1.0,,,,,,,,1.0,,,,,,,,,,,,,,,,,,,,,,,,,,,,,,,,,,1610612760,2004,2003-04,True
1740-1744-2436-699-951,1610612760,"Rashard Lewis, Jerome James, Flip Murray, Brent Barry, Ray Allen","Lewis, James, Murray, Barry, Allen",1740-1744-2436-699-951,SEA,661.0,2,22.0,1.0,44.0,,6.0,,5.0,,1.0,95.85476550680787,14.772727272727273,14.454545454545455,0.045454545454545456,11.0,1.0,22.0,4.0,1.0,2.0,2.0,,,,,1.0,1.0,1.0,4.0,3.0,6.0,1.0,1.0,4.0,7.0,4.0,7.0,4.0,24.0,23.0,,,,,,,1.0,1.0,,3.0,4.0,4.0,,,,6.0,3.0,,2.0,6.0,2.0,,16.0,1.0,3.0,3.0,1.0,7.0,1.0,8.0,3.0,1.0,6.0,,2.0,,,5.0,6.0,,3.0,,24.0,3.0,,0.5,0.5,0.5714285714285714,1.0,0.5714285714285714,0.5714285714285714,,,0.7142857142857143,,1.5,0.7058823529411765,,1.5,0.5,,,,1.0,1.0,0.75,0.3333333333333333,0.75,0.75,0.16666666666666666,,,0.3333333333333333,1.0,0.5,1.0,15.272727272727273,14.772727272727273,0.14285714285714285,1.0,1.0,1.0,0.07142857142857142,1.0,1.0,,0.2857142857142857,0.25,0.25,0.42857142857142855,0.5,0.5,,,,,1.0,1.0,0.6428571428571429,0.5,0.5196321428571429,0.57225,0.5118,0.17647058823529413,0.3,,0.125,11.299999999999999,24.042857142857144,4.0,2.0,,2.0,,2.0,2.0,,1.0,1.0,1.0,,,12.0,4.0,1.0,,1.0,,,,,0.07142857142857142,1.0,1.0,1.0,,,3.0,1.0,2.0,,,,,,,,,,,,1.0,,,,,,,1.0,,1.0,,,,,,,,,,,,,,,,,,,,,1610612760,2004,2003-04,True
1740-1744-2499-2557-951,1610612760,"Rashard Lewis, Jerome James, Richie Frahm, Luke Ridnour, Ray Allen","Lewis, James, Frahm, Ridnour, Allen",1740-1744-2499-2557-951,SEA,286.0,2,8.0,,17.0,,1.0,,3.0,,,85.5944055944056,16.5,16.25,,5.0,-2.0,9.0,,1.0,2.0,2.0,1.0,1.0,,,,2.0,,2.0,,1.0,,,2.0,6.0,,1.0,2.0,6.0,8.0,1.0,1.0,,2.0,,,,,,,,4.0,,2.0,,1.0,,1.0,,,,,,,1.0,5.0,,6.0,1.0,7.0,,,1.0,,1.0,,,1.0,2.0,,1.0,,4.0,,,,,,,,0.3333333333333333,1.0,,0.2857142857142857,1.0,,0.375,1.0,,0.14285714285714285,0.16666666666666666,0.5,,1.0,,0.8333333333333334,,1.0,0.8571428571428571,0.2,,,,0.6666666666666666,,1.0,17.11111111111111,16.666666666666668,0.2857142857142857,1.0,1.0,,0.2857142857142857,,,,0.2857142857142857,,,0.14285714285714285,,,1.0,1.0,,,,,0.42857142857142855,,0.47847142857142855,,,0.125,0.14285714285714285,0.3333333333333333,,9.65,25.8,,,,,,,,,,,,,,,,,,,,1.0,,,,,,,,,,,,1.0,1.0,,,,1.0,,,,,,,,,,,,,,,,,,,,,,,,,,,,,,,,,,,,1610612760,2004,2003-04,True
1740-1744-2499-699-951,1610612760,"Rashard Lewis, Jerome James, Richie Frahm, Brent Barry, Ray Allen","Lewis, James, Frahm, Barry, Allen",1740-1744-2499-699-951,SEA,330.0,1,10.0,,20.0,1.0,1.0,,3.0,,,87.27272727272727,17.9,14.8,,6.0,-3.0,10.0,,4.0,1.0,2.0,1.0,1.0,,,2.0,4.0,,5.0,,1.0,,,3.0,11.0,1.0,2.0,,9.0,12.0,2.0,2.0,,7.0,,,,,,,2.0,4.0,,,,1.0,,1.0,1.0,2.0,,1.0,5.0,4.0,1.0,2.0,,3.0,4.0,7.0,1.0,,,1.0,,,1.0,1.0,,,,,2.0,,,0.3333333333333333,0.3333333333333333,0.5,,0.5,0.2727272727272727,1.0,,0.34615384615384615,1.1666666666666667,,0.34615384615384615,1.1666666666666667,,0.15384615384615385,0.09090909090909091,,,,,1.0,0.5,0.5,0.75,0.4444444444444444,,0.5,0.6,,,,15.1,14.5,0.15384615384615385,0.5,1.0,,0.3076923076923077,0.5,0.5,0.5,0.38461538461538464,,,0.07692307692307693,,,0.3333333333333333,1.0,,,,,0.3076923076923077,,0.4597807692307692,0.5173833333333333,,,,0.7777777777777778,,11.563636363636364,24.7,,,,,,,,,,1.0,1.0,,,3.0,1.0,1.0,,1.0,0.5,1.0,1.0,,0.07692307692307693,1.0,1.0,1.0,,,,,1.0,,,,,,,,,1.0,1.0,1.0,1.0,1.0,0.3333333333333333,1.0,1.0,,,,,,,,,,,,,,,,,,,,,,,,,,1610612760,2004,2003-04,True
1740-1744-2501-2557-699,1610612760,"Rashard Lewis, Jerome James, Reggie Evans, Luke Ridnour, Brent Barry","Lewis, James, Evans, Ridnour, Barry",1740-1744-2501-2557-699,SEA,288.0,2,6.0,,12.0,,,,3.0,,,60.0,18.666666666666668,17.666666666666668,,5.0,1.0,6.0,,1.0,,,,,,,,2.0,2.0,4.0,1.0,1.0,,,2.0,6.0,1.0,1.0,,7.0,6.0,1.0,1.0,,2.0,,,,,,,2.0,2.0,,,,1.0,1.0,2.0,1.0,2.0,,,5.0,1.0,2.0,2.0,,4.0,1.0,5.0,,,,,,,,,,,,,5.0,,,0.5,0.5,1.0,,1.0,0.3333333333333333,1.0,,0.5,1.0,,0.5,1.0,,0.14285714285714285,0.3333333333333333,1.0,,,,1.0,0.25,0.6666666666666666,0.8,0.25,,0.5,,,1.0,0.6666666666666666,29.333333333333332,25.666666666666668,,,,,0.2857142857142857,,,,0.5714285714285714,0.5,0.5,0.14285714285714285,1.0,1.0,,,,,,,0.14285714285714285,1.0,0.41352142857142854,0.3923,,,,0.2857142857142857,,15.016666666666666,24.2,,,,,,,,,,,,,,3.0,1.0,,1.0,1.0,,1.0,,0.5,,,,,,,1.0,1.0,,,,,,,,,,,,,,,,,,,,,,,,,,,,,,,,,,,,,,,,,,,1610612760,2004,2003-04,True
1740-1744-2501-2557-951,1610612760,"Rashard Lewis, Jerome James, Reggie Evans, Luke Ridnour, Ray Allen","Lewis, James, Evans, Ridnour, Allen",1740-1744-2501-2557-951,SEA,61.0,1,2.0,,4.0,,,,,,,94.42622950819673,9.0,9.0,,1.0,4.0,2.0,,1.0,1.0,2.0,1.0,1.0,,,1.0,1.0,,,,,,,2.0,3.0,,,,4.0,,1.0,1.0,,2.0,,,,,,,2.0,2.0,,2.0,,,,,1.0,1.0,,1.0,2.0,1.0,,,,,1.0,1.0,1.0,1.0,,,,,,,,,,,2.0,,,0.5,1.0,,,,0.6666666666666666,1.0,,0.6666666666666666,1.0,,0.6666666666666666,1.0,,,,,,,,,1.0,,,1.0,1.0,,,,,,21.5,21.5,0.6666666666666666,0.5,0.5,,0.3333333333333333,1.0,1.0,1.0,,,,,,,1.0,1.0,,,,,0.6666666666666666,,0.5011,0.5665,,,,0.5,,5.3999999999999995,,,,,,,,,,,,,,,,,,,,,,,,,,,,,,,,,,,,,,,,,,,,,,,,,,,,,,,,,,,,,,,,,,,,,,,,,,1610612760,2004,2003-04,True
1740-1744-2501-699-951,1610612760,"Rashard Lewis, Jerome James, Reggie Evans, Brent Barry, Ray Allen","Lewis, James, Evans, Barry, Allen",1740-1744-2501-699-951,SEA,202.0,4,8.0,6.0,14.0,1.0,2.0,2.0,1.0,,6.0,99.8019801980198,11.5,9.625,0.75,3.0,14.0,6.0,1.0,4.0,3.0,4.0,1.0,1.0,1.0,2.0,1.0,2.0,,1.0,,,,,4.0,7.0,,,6.0,14.0,,1.0,1.0,3.0,5.0,2.0,5.0,,,6.0,10.0,4.0,4.0,,2.0,,,,,2.0,2.0,2.0,,4.0,3.0,,2.0,1.0,3.0,3.0,6.0,2.0,2.0,1.0,,1.0,,2.0,,6.0,,1.0,2.0,9.0,10.0,,0.5,0.6666666666666666,,,,0.5714285714285714,1.0,0.4,0.5714285714285714,1.0,0.4,0.7,0.8333333333333334,0.625,,,,,0.5,1.0,1.0,1.0,,1.0,1.0,1.0,1.0,1.0,,1.0,,18.333333333333332,18.333333333333332,0.5714285714285714,0.75,0.75,0.6666666666666666,0.2857142857142857,0.5,0.5,,0.14285714285714285,,,,,,1.0,1.0,0.4,0.5,,,0.5714285714285714,,0.5325714285714286,0.5713,0.45816,0.125,0.125,0.35714285714285715,0.7142857142857143,4.4,,,,,,,,,,,,,,,,,,,,,,,,,,,,,,,,,,,,,,,,,,,,,,,,,,,,,,,,,,,,,,,,,,,,,,,,,,1610612760,2004,2003-04,True
1740-1916-2209-2436-2499,1610612760,"Rashard Lewis, Calvin Booth, Vladimir Radmanovic, Flip Murray, Richie Frahm","Lewis, Booth, Radmanovic, Murray, Frahm",1740-1916-2209-2436-2499,SEA,123.0,1,5.0,5.0,10.0,1.0,2.0,2.0,2.0,,5.0,117.07317073170732,9.6,9.6,1.0,2.0,3.0,5.0,5.0,,1.0,1.0,,,1.0,1.0,1.0,1.0,,,,,,,2.0,2.0,1.0,1.0,,7.0,4.0,,,,,2.0,2.0,1.0,1.0,,7.0,,4.0,,,,,,,,1.0,,,3.0,,1.0,,,1.0,,1.0,2.0,1.0,1.0,,,,,2.0,,,,,7.0,7.0,,,,1.0,1.0,1.0,1.0,,1.0,1.1666666666666667,,1.1666666666666667,1.1666666666666667,,1.1666666666666667,0.3333333333333333,,,,0.5,,,,1.0,0.5,,,,,,,,15.0,14.8,0.3333333333333333,1.0,1.0,,0.3333333333333333,1.0,1.0,,,,,,,,,,0.3333333333333333,1.0,,,0.6666666666666666,,0.5574666666666667,,0.5574666666666667,,,,1.0,3.05,23.2,1.0,,,,,,,,,1.0,1.0,1.0,1.0,3.0,1.0,1.0,,1.0,,,1.0,,0.3333333333333333,1.0,1.0,1.0,0.3333333333333333,1.0,,,1.0,,,,,,,,,,,,,,,,,,,,,,,,,,,,,,,,1.0,,,,,,,,,,1610612760,2004,2003-04,True
1740-1916-2209-2436-2557,1610612760,"Rashard Lewis, Calvin Booth, Vladimir Radmanovic, Flip Murray, Luke Ridnour","Lewis, Booth, Radmanovic, Murray, Ridnour",1740-1916-2209-2436-2557,SEA,1803.0,15,67.0,9.0,132.0,6.0,11.0,,11.0,2.0,9.0,105.4242928452579,14.104477611940299,13.791044776119403,0.13432835820895522,30.0,18.0,65.0,23.0,5.0,6.0,13.0,1.0,2.0,,,4.0,7.0,12.0,20.0,3.0,7.0,,1.0,22.0,40.0,4.0,8.0,19.0,75.0,57.0,1.0,4.0,3.0,5.0,3.0,5.0,,1.0,5.0,11.0,16.0,28.0,3.0,2.0,,7.0,3.0,3.0,8.0,11.0,3.0,,25.0,4.0,8.0,14.0,1.0,23.0,4.0,27.0,9.0,4.0,5.0,2.0,1.0,,,5.0,23.0,1.0,11.0,,70.0,11.0,1.0,0.36363636363636365,0.38095238095238093,0.5,,0.5,0.55,0.25,0.6,0.5833333333333334,0.25,0.5,0.646551724137931,0.5,0.6111111111111112,0.16666666666666666,0.075,,0.05,0.45454545454545453,1.0,0.8235294117647058,0.23529411764705882,0.8,0.8148148148148148,0.19047619047619047,0.14285714285714285,,0.42857142857142855,0.75,0.8333333333333334,0.6666666666666666,13.2,12.63076923076923,0.2708333333333333,0.46153846153846156,0.5454545454545454,0.5,0.14583333333333334,0.5714285714285714,0.5714285714285714,,0.4166666666666667,0.6,0.631578947368421,0.14583333333333334,0.42857142857142855,0.42857142857142855,0.5,0.5,,,0.16666666666666666,,0.4375,0.42857142857142855,0.487825,0.49315,0.3875166666666667,0.1896551724137931,0.22,0.06666666666666667,0.14666666666666667,10.790000000000001,24.9125,4.0,3.0,1.0,3.0,,2.0,2.0,,0.6666666666666666,1.0,1.0,,,9.0,3.0,1.0,5.0,0.75,0.15384615384615385,0.8571428571428571,1.0,0.4166666666666667,0.020833333333333332,1.0,1.0,1.0,,,2.0,0.6666666666666666,5.0,,,,2.0,,,0.1111111111111111,,,,,,,,,,,,,1.0,,,,1.0,,,,,,,,,,,,,,,,,,1610612760,2004,2003-04,True
1740-1916-2209-2436-699,1610612760,"Rashard Lewis, Calvin Booth, Vladimir Radmanovic, Flip Murray, Brent Barry","Lewis, Booth, Radmanovic, Murray, Barry",1740-1916-2209-2436-699,SEA,14082.0,24,449.0,53.0,903.0,40.0,69.0,9.0,90.0,11.0,53.0,92.33915636983383,15.924276169265033,15.133630289532293,0.11804008908685969,235.0,19.0,454.0,72.0,81.0,94.0,151.0,38.0,53.0,9.0,17.0,25.0,88.0,45.0,111.0,35.0,79.0,4.0,17.0,164.0,350.0,42.0,97.0,70.0,524.0,505.0,44.0,75.0,14.0,111.0,13.0,31.0,4.0,18.0,13.0,51.0,174.0,154.0,18.0,64.0,2.0,77.0,35.0,36.0,87.0,123.0,41.0,16.0,282.0,79.0,52.0,95.0,12.0,159.0,103.0,262.0,39.0,28.0,29.0,5.0,9.0,5.0,6.0,34.0,89.0,6.0,40.0,4.0,413.0,51.0,7.0,0.5304878048780488,0.6590909090909091,0.4329896907216495,0.2222222222222222,0.4421052631578947,0.4685714285714286,0.5866666666666667,0.41935483870967744,0.5078299776286354,0.5914634146341463,0.3877551020408163,0.534020618556701,0.6098901098901099,0.44642857142857145,0.21700223713646533,0.10285714285714286,0.14772727272727273,0.036036036036036036,0.42028985507246375,1.0,0.6785714285714286,0.42473118279569894,0.8,0.7170731707317073,0.4225941422594142,0.49122807017543857,0.4603174603174603,0.3333333333333333,0.5918367346938775,0.7647058823529411,0.7916666666666666,15.268722466960352,14.572687224669604,0.3378076062639821,0.6225165562913907,0.7121212121212122,0.43617021276595747,0.19686800894854586,0.2840909090909091,0.3333333333333333,0.64,0.2483221476510067,0.40540540540540543,0.4205607476635514,0.1767337807606264,0.4430379746835443,0.4430379746835443,0.6463414634146342,0.7169811320754716,0.3469387755102041,0.5294117647058824,0.3469387755102041,0.23529411764705882,0.5548098434004475,0.45454545454545453,0.4952437078651686,0.5172575757575758,0.47648723404255316,0.08316008316008316,0.10416666666666667,0.21183206106870228,0.09732824427480916,7.926857142857143,25.862886597938143,20.0,20.0,6.0,20.0,2.0,13.0,12.0,0.2222222222222222,0.6,7.0,18.0,,1.0,108.0,36.0,7.0,30.0,0.8571428571428571,0.12582781456953643,0.675,0.8235294117647058,0.6666666666666666,0.040268456375838924,0.3888888888888889,0.3888888888888889,1.0,0.02040816326530612,,29.0,0.8285714285714286,11.0,22.0,0.41509433962264153,0.36363636363636365,14.0,,0.42857142857142855,0.06896551724137931,6.0,2.0,3.0,3.0,7.0,0.42857142857142855,0.036585365853658534,0.6666666666666666,1.0,1.0,1.0,4.0,7.0,0.04878048780487805,0.25,1.0,4.0,0.07894736842105263,,,3.0,,2.0,,,,,1.0,,,,1.0,,,1610612760,2004,2003-04,True
1740-1916-2209-2436-951,1610612760,"Rashard Lewis, Calvin Booth, Vladimir Radmanovic, Flip Murray, Ray Allen","Lewis, Booth, Radmanovic, Murray, Allen",1740-1916-2209-2436-951,SEA,505.0,4,16.0,12.0,31.0,1.0,3.0,3.0,2.0,,12.0,88.3960396039604,15.1875,14.5,0.75,8.0,-7.0,15.0,12.0,3.0,3.0,4.0,1.0,1.0,2.0,2.0,,2.0,,3.0,,4.0,,2.0,3.0,9.0,,4.0,3.0,9.0,16.0,1.0,2.0,,2.0,2.0,7.0,,2.0,3.0,7.0,,6.0,,2.0,,4.0,,2.0,,,,,,2.0,3.0,2.0,,5.0,3.0,8.0,,,2.0,,,,,,5.0,1.0,2.0,1.0,7.0,7.0,1.0,,,,,,0.3333333333333333,0.5,0.2857142857142857,0.23076923076923078,0.3333333333333333,0.2222222222222222,0.3,0.3333333333333333,0.3181818181818182,0.3076923076923077,0.2222222222222222,1.0,,0.6666666666666666,,0.3333333333333333,0.3333333333333333,1.0,0.5555555555555556,0.3333333333333333,,1.0,,,0.6666666666666666,1.0,17.466666666666665,13.933333333333334,0.3076923076923077,0.75,0.75,,0.15384615384615385,,,,0.23076923076923078,,,0.3076923076923077,,,0.3333333333333333,1.0,0.2222222222222222,1.0,0.2222222222222222,,0.6153846153846154,,0.44480384615384616,0.5432,0.4199,0.14285714285714285,0.2,0.2222222222222222,0.7777777777777778,9.2,26.2,2.0,1.0,1.0,1.0,,,,,,,,,,,,,,,,,,,,,,,,,,,,1.0,0.3333333333333333,,,,0.3333333333333333,,1.0,,,,1.0,,,,,,,1.0,,0.3333333333333333,,,,,,,,,,,,,,,,,,,,,1610612760,2004,2003-04,True
1740-1916-2209-2557-699,1610612760,"Rashard Lewis, Calvin Booth, Vladimir Radmanovic, Luke Ridnour, Brent Barry","Lewis, Booth, Radmanovic, Ridnour, Barry",1740-1916-2209-2557-699,SEA,570.0,4,22.0,,42.0,2.0,6.0,,2.0,,,106.10526315789474,11.863636363636363,11.772727272727273,,10.0,15.0,20.0,,2.0,4.0,5.0,1.0,1.0,,,,,4.0,5.0,3.0,5.0,,,8.0,10.0,3.0,6.0,3.0,28.0,13.0,1.0,1.0,2.0,4.0,,,,,,,10.0,6.0,3.0,2.0,,5.0,3.0,,5.0,7.0,3.0,,16.0,1.0,4.0,6.0,,10.0,2.0,12.0,4.0,1.0,4.0,,2.0,1.0,,1.0,4.0,,2.0,,24.0,,,0.625,0.7142857142857143,0.5,,0.5,0.8,1.0,,0.78125,1.0,,0.7777777777777778,1.0,,0.375,,,,0.6666666666666666,,0.8571428571428571,0.5,0.6666666666666666,0.7692307692307693,0.4,1.0,,,0.5,1.0,0.3333333333333333,15.45,14.05,0.3125,0.8,0.8,0.75,,,,,0.3125,0.8,0.8,0.3125,0.6,0.6,1.0,1.0,,,,,0.6875,0.6,0.516028125,0.5455,,0.1111111111111111,0.16666666666666666,0.14285714285714285,,9.27,24.349999999999998,2.0,,,,,,,,,,1.0,,,6.0,2.0,,2.0,0.6666666666666666,,,1.0,0.5,0.0625,,,,,,2.0,0.6666666666666666,3.0,1.0,0.3333333333333333,1.0,,,,,,,,,,,,,,,,,,,,,1.0,,,,,,,,,,,,,,,,,,1610612760,2004,2003-04,True
1740-1916-2209-2557-951,1610612760,"Rashard Lewis, Calvin Booth, Vladimir Radmanovic, Luke Ridnour, Ray Allen","Lewis, Booth, Radmanovic, Ridnour, Allen",1740-1916-2209-2557-951,SEA,509.0,4,18.0,7.0,34.0,3.0,4.0,1.0,6.0,,7.0,96.18860510805501,14.166666666666666,12.055555555555555,0.3888888888888889,8.0,-3.0,16.0,14.0,4.0,5.0,7.0,,2.0,2.0,3.0,2.0,6.0,,3.0,,1.0,,1.0,7.0,16.0,,1.0,2.0,16.0,19.0,1.0,5.0,,2.0,2.0,6.0,,1.0,2.0,6.0,2.0,12.0,,2.0,,1.0,,,1.0,1.0,1.0,,2.0,4.0,3.0,2.0,1.0,6.0,5.0,11.0,1.0,,1.0,,,1.0,1.0,2.0,5.0,1.0,3.0,,14.0,6.0,2.0,0.14285714285714285,0.16666666666666666,,,,0.4375,0.2,0.3333333333333333,0.4117647058823529,0.2,0.2857142857142857,0.42105263157894735,0.2,0.375,0.058823529411764705,,,,0.25,1.0,0.6666666666666666,0.4444444444444444,0.6,0.625,0.5,0.5,0.25,0.6666666666666666,1.0,0.5,1.0,15.875,15.0,0.4117647058823529,0.7142857142857143,0.7142857142857143,0.2,0.35294117647058826,0.3333333333333333,0.3333333333333333,,0.17647058823529413,,,0.058823529411764705,,,0.4,,0.42857142857142855,0.6666666666666666,0.14285714285714285,,0.47058823529411764,,0.5008235294117647,0.44095,0.5256571428571429,0.15789473684210525,0.16666666666666666,0.125,0.375,6.98125,25.0,1.0,,,,,,,,,,,,,,,,,,,,0.3333333333333333,,,,,,,,,,1.0,1.0,1.0,,1.0,,1.0,0.1,1.0,,,,,,,,,,,,,,,,,,,,1.0,,,,,,,,,,,,,,1610612760,2004,2003-04,True
1740-1916-2209-699-951,1610612760,"Rashard Lewis, Calvin Booth, Vladimir Radmanovic, Brent Barry, Ray Allen","Lewis, Booth, Radmanovic, Barry, Allen",1740-1916-2209-699-951,SEA,4907.0,13,162.0,19.0,323.0,13.0,26.0,4.0,25.0,2.0,19.0,94.78703892398615,15.648148148148149,14.660493827160494,0.11728395061728394,82.0,25.0,161.0,6.0,31.0,23.0,45.0,13.0,21.0,1.0,1.0,11.0,40.0,24.0,39.0,12.0,28.0,1.0,2.0,58.0,124.0,15.0,37.0,24.0,185.0,160.0,17.0,28.0,5.0,45.0,6.0,12.0,2.0,3.0,2.0,20.0,50.0,66.0,6.0,22.0,,28.0,12.0,16.0,25.0,38.0,7.0,2.0,89.0,30.0,19.0,43.0,,62.0,37.0,99.0,11.0,7.0,13.0,2.0,,1.0,4.0,8.0,29.0,3.0,15.0,1.0,140.0,20.0,3.0,0.43103448275862066,0.5319148936170213,0.40540540540540543,0.6666666666666666,0.40540540540540543,0.46774193548387094,0.6071428571428571,0.5,0.5,0.6451612903225806,0.6,0.5316091954022989,0.6617647058823529,0.625,0.22981366459627328,0.12903225806451613,0.175,,0.5,,0.7166666666666667,0.46153846153846156,0.6551724137931034,0.6966292134831461,0.42528735632183906,0.7272727272727273,0.35714285714285715,0.26666666666666666,0.5333333333333333,0.8,0.68,14.732919254658386,13.950310559006212,0.2795031055900621,0.5111111111111111,0.6388888888888888,0.30434782608695654,0.2484472049689441,0.275,0.3333333333333333,0.18181818181818182,0.2422360248447205,0.6153846153846154,0.6153846153846154,0.17391304347826086,0.42857142857142855,0.4444444444444444,0.6774193548387096,0.6190476190476191,0.06666666666666667,1.0,0.13333333333333333,0.5,0.5093167701863354,0.42857142857142855,0.4928773291925466,0.537604,0.44694666666666666,0.08670520231213873,0.11029411764705882,0.24324324324324326,0.10810810810810811,8.805645161290323,25.06756756756757,13.0,12.0,7.0,12.0,,5.0,5.0,,0.4166666666666667,3.0,9.0,1.0,1.0,39.0,13.0,3.0,16.0,0.8666666666666667,0.2,0.76,0.5,0.6666666666666666,0.055900621118012424,0.3333333333333333,0.3333333333333333,1.0,0.06666666666666667,1.0,10.0,0.8333333333333334,4.0,7.0,0.3181818181818182,0.6666666666666666,5.0,,0.1875,0.07042253521126761,,,1.0,2.0,3.0,0.6666666666666666,0.03225806451612903,,,,2.0,2.0,,0.06451612903225806,1.0,0.5,1.0,0.23076923076923078,,,,,,,2.0,,,,1.0,0.02702702702702703,,,0.03571428571428571,,1610612760,2004,2003-04,True
1740-1916-2436-2499-2501,1610612760,"Rashard Lewis, Calvin Booth, Flip Murray, Richie Frahm, Reggie Evans","Lewis, Booth, Murray, Frahm, Evans",1740-1916-2436-2499-2501,SEA,170.0,1,6.0,1.0,13.0,,1.0,,3.0,,1.0,110.11764705882352,17.0,17.0,0.16666666666666666,3.0,-3.0,7.0,5.0,1.0,,,,,,,,,,1.0,,2.0,,,,1.0,1.0,4.0,2.0,5.0,8.0,,,2.0,2.0,,1.0,,,2.0,2.0,,,,,,2.0,,,,1.0,,,3.0,1.0,2.0,,,2.0,1.0,3.0,,,1.0,,,,,2.0,2.0,,,1.0,3.0,2.0,,,,0.25,,0.25,,,,0.3,,,0.4166666666666667,1.0,0.5,0.8,,,,1.0,,,1.0,1.0,0.6666666666666666,0.25,,,1.0,,,1.0,9.714285714285714,8.571428571428571,,,,,,,,,0.2,,,0.4,,,,,,,,,0.8,,0.5418700000000001,,0.3383,,,0.4,0.4,16.6,24.25,1.0,1.0,1.0,1.0,,,,,,1.0,2.0,,,3.0,1.0,1.0,,1.0,,,,,0.4,0.5,0.5,1.0,,,,,,,,,,,,,,,,,,,,,,,,,,,,,,,,,,,,,,,,,,,,,,,1610612760,2004,2003-04,True
1740-1916-2436-2499-2557,1610612760,"Rashard Lewis, Calvin Booth, Flip Murray, Richie Frahm, Luke Ridnour","Lewis, Booth, Murray, Frahm, Ridnour",1740-1916-2436-2499-2557,SEA,953.0,4,31.0,15.0,61.0,4.0,5.0,1.0,6.0,,15.0,92.17208814270724,14.193548387096774,13.225806451612904,0.4838709677419355,16.0,3.0,30.0,15.0,4.0,4.0,6.0,,1.0,3.0,4.0,4.0,6.0,1.0,7.0,3.0,6.0,2.0,4.0,9.0,19.0,5.0,8.0,6.0,39.0,36.0,,2.0,,,6.0,9.0,3.0,5.0,3.0,24.0,10.0,8.0,,,,6.0,3.0,2.0,5.0,10.0,3.0,1.0,25.0,4.0,4.0,6.0,1.0,11.0,4.0,15.0,2.0,2.0,1.0,3.0,,,1.0,2.0,7.0,1.0,2.0,2.0,39.0,24.0,2.0,0.5555555555555556,0.5555555555555556,0.625,0.6,0.625,0.47368421052631576,,0.6666666666666666,0.6111111111111112,,0.75,0.65,,0.75,0.2962962962962963,0.10526315789473684,,,0.2,1.0,0.6,0.4444444444444444,0.8,0.6666666666666666,0.3333333333333333,,1.0,0.5,0.5,0.75,0.6666666666666666,17.1,16.166666666666668,0.2222222222222222,0.6666666666666666,1.0,0.75,0.2222222222222222,0.6666666666666666,0.6666666666666666,0.25,0.25925925925925924,0.14285714285714285,0.14285714285714285,0.2222222222222222,0.5,0.5,0.3333333333333333,,0.2857142857142857,0.75,0.2857142857142857,0.5,0.5185185185185185,0.5,0.472737037037037,0.4790666666666667,0.5091178571428572,0.07142857142857142,0.1,,0.6153846153846154,9.636842105263158,24.5,1.0,2.0,,2.0,,2.0,1.0,,0.5,2.0,2.0,1.0,1.0,15.0,5.0,2.0,1.0,1.0,0.3333333333333333,0.5,1.0,1.0,0.07407407407407407,1.0,1.0,1.0,0.07142857142857142,1.0,3.0,1.0,,,,,,,,,,,,,1.0,,,,,,,1.0,,0.3333333333333333,,,,,,,,,,,,,,,,,,,,,1610612760,2004,2003-04,True
1740-1916-2436-2499-699,1610612760,"Rashard Lewis, Calvin Booth, Flip Murray, Richie Frahm, Brent Barry","Lewis, Booth, Murray, Frahm, Barry",1740-1916-2436-2499-699,SEA,518.0,2,16.0,,31.0,,,,1.0,,,86.17760617760618,15.8125,15.25,,9.0,4.0,15.0,4.0,2.0,2.0,3.0,1.0,2.0,,,,2.0,3.0,8.0,3.0,5.0,,,5.0,13.0,3.0,6.0,,19.0,15.0,2.0,3.0,,4.0,,,,,,,6.0,4.0,,2.0,,5.0,3.0,,3.0,6.0,1.0,,15.0,2.0,5.0,2.0,,7.0,3.0,10.0,1.0,1.0,,,,,,,,,,,15.0,,,0.6,0.75,0.5,,0.5,0.38461538461538464,0.6666666666666666,,0.5,0.6666666666666666,,0.5,0.6666666666666666,,0.3157894736842105,,,,,,1.0,0.25,1.0,1.0,0.2727272727272727,1.0,,0.2,,,1.0,17.666666666666668,17.666666666666668,0.15789473684210525,0.6666666666666666,0.6666666666666666,0.5,0.10526315789473684,,,,0.42105263157894735,0.375,0.375,0.2631578947368421,0.6,0.6,0.6666666666666666,0.5,,,,,0.47368421052631576,0.6,0.4763947368421053,0.5533,,,,0.21052631578947367,,12.115384615384615,24.71666666666667,,,,,,,,,,,1.0,,,9.0,3.0,,2.0,1.0,,1.0,1.0,0.6666666666666666,0.05263157894736842,,,,,,3.0,1.0,,1.0,0.3333333333333333,,1.0,,0.5,0.09090909090909091,,,,,,,,,,,,,,,,,,,,,,,,,,,,,,,,,,,1610612760,2004,2003-04,True
1740-1916-2436-2499-951,1610612760,"Rashard Lewis, Calvin Booth, Flip Murray, Richie Frahm, Ray Allen","Lewis, Booth, Murray, Frahm, Allen",1740-1916-2436-2499-951,SEA,151.0,2,5.0,,10.0,,1.0,,,,,95.36423841059603,16.0,16.0,,3.0,-1.0,5.0,1.0,,2.0,2.0,,,,,1.0,1.0,,1.0,,,,,3.0,4.0,,,,6.0,7.0,,,,,,,,,,,6.0,,,,,,,,3.0,3.0,2.0,1.0,6.0,,,1.0,,1.0,,1.0,,,1.0,,,,,,,,,,6.0,,,1.0,1.0,,,,0.75,,,0.75,,,0.75,,,,,,,1.0,,1.0,,,1.0,,,,,,,,14.2,14.2,0.5,1.0,1.0,1.0,0.25,1.0,1.0,1.0,0.25,,,,,,,,,,,,0.5,,0.49035,,,,,,,7.65,,1.0,,,,,,,,,,,,,,,,,,,1.0,,,,,,,,,,,,,,,,,,,,,,,,,,,,,,,,,,,,,,,,,,,,,,,,,,,,,1610612760,2004,2003-04,True
1740-1916-2436-2501-2557,1610612760,"Rashard Lewis, Calvin Booth, Flip Murray, Reggie Evans, Luke Ridnour","Lewis, Booth, Murray, Evans, Ridnour",1740-1916-2436-2501-2557,SEA,2459.0,18,73.0,10.0,142.0,5.0,10.0,1.0,18.0,1.0,10.0,83.1557543716958,15.068493150684931,14.219178082191782,0.136986301369863,41.0,26.0,69.0,20.0,14.0,14.0,20.0,8.0,9.0,1.0,1.0,3.0,10.0,12.0,30.0,3.0,5.0,1.0,2.0,29.0,60.0,4.0,13.0,11.0,81.0,55.0,10.0,15.0,,20.0,2.0,4.0,1.0,3.0,5.0,12.0,28.0,30.0,3.0,12.0,1.0,4.0,3.0,2.0,14.0,17.0,3.0,1.0,37.0,13.0,3.0,25.0,1.0,29.0,18.0,47.0,4.0,1.0,5.0,2.0,4.0,,2.0,9.0,14.0,2.0,7.0,1.0,61.0,12.0,1.0,0.4827586206896552,0.6086956521739131,0.3076923076923077,0.3333333333333333,0.3333333333333333,0.48333333333333334,0.6666666666666666,0.5,0.4794520547945205,0.625,0.5,0.5126582278481012,0.625,0.6666666666666666,0.1780821917808219,0.03333333333333333,0.1,,0.5,1.0,0.7142857142857143,0.43333333333333335,0.42857142857142855,0.6666666666666666,0.47368421052631576,0.6666666666666666,0.14285714285714285,0.47058823529411764,0.8571428571428571,0.6666666666666666,0.5,19.695652173913043,17.27536231884058,0.273972602739726,0.7,0.7368421052631579,0.21428571428571427,0.136986301369863,0.3,0.3333333333333333,0.3333333333333333,0.410958904109589,0.4,0.4,0.0684931506849315,0.6,0.6,0.5625,0.8888888888888888,0.14285714285714285,1.0,0.2857142857142857,0.5,0.4520547945205479,0.75,0.4722506944444444,0.5197107142857142,0.42215833333333336,0.08974358974358974,0.1076923076923077,0.24691358024691357,0.14814814814814814,10.448333333333332,25.5,1.0,3.0,2.0,3.0,,1.0,2.0,,0.6666666666666666,1.0,8.0,,1.0,9.0,3.0,1.0,10.0,0.75,0.05,0.75,,0.8333333333333334,0.1095890410958904,0.125,0.125,1.0,0.14285714285714285,,2.0,0.6666666666666666,3.0,5.0,0.625,0.5714285714285714,4.0,1.0,1.0,0.1111111111111111,,,1.0,,1.0,,0.0625,,,,,,,,,,,0.125,,,1.0,,,,,,,,,,,,,,1610612760,2004,2003-04,True
1740-1916-2436-2501-699,1610612760,"Rashard Lewis, Calvin Booth, Flip Murray, Reggie Evans, Brent Barry","Lewis, Booth, Murray, Evans, Barry",1740-1916-2436-2501-699,SEA,820.0,8,23.0,4.0,49.0,4.0,4.0,,11.0,1.0,4.0,86.04878048780488,15.434782608695652,15.0,0.17391304347826086,14.0,-3.0,26.0,11.0,,5.0,8.0,,1.0,,,,4.0,1.0,2.0,1.0,4.0,1.0,2.0,6.0,14.0,2.0,5.0,5.0,23.0,26.0,,1.0,,,1.0,2.0,1.0,2.0,,5.0,10.0,2.0,,,,4.0,1.0,1.0,5.0,7.0,4.0,,16.0,2.0,4.0,6.0,,10.0,2.0,12.0,2.0,1.0,,,,,,2.0,7.0,1.0,4.0,,23.0,5.0,1.0,0.8333333333333334,0.8333333333333334,0.4,0.5,0.4,0.42857142857142855,,0.5,0.47368421052631576,,0.625,0.5227272727272727,,0.625,0.2631578947368421,0.07142857142857142,,,,,0.6,0.25,0.8,0.6666666666666666,0.18181818181818182,0.3333333333333333,0.25,,1.0,0.42857142857142855,0.8,17.884615384615383,14.576923076923077,0.42105263157894735,0.625,0.7142857142857143,0.8,0.21052631578947367,,,,0.10526315789473684,0.5,0.5,0.21052631578947367,0.25,0.25,1.0,,,,0.5,0.5,0.6842105263157895,0.25,0.5087815789473684,0.5667,0.4676125,0.18181818181818182,0.23529411764705882,,0.21739130434782608,5.878571428571428,25.48,,1.0,,1.0,,1.0,1.0,,1.0,1.0,1.0,,,6.0,2.0,1.0,1.0,1.0,0.125,1.0,,1.0,0.05263157894736842,1.0,1.0,1.0,,,1.0,1.0,1.0,,,,,,,,2.0,,,,,,,,,,,,,,,,2.0,,,,,,,,,,,,,,,,,,1610612760,2004,2003-04,True
1740-1916-2436-2501-951,1610612760,"Rashard Lewis, Calvin Booth, Flip Murray, Reggie Evans, Ray Allen","Lewis, Booth, Murray, Evans, Allen",1740-1916-2436-2501-951,SEA,150.0,1,4.0,,9.0,,1.0,,,,,86.4,13.0,13.0,,2.0,-3.0,5.0,,,,,,,,,1.0,1.0,1.0,1.0,,1.0,,,2.0,2.0,,1.0,,4.0,7.0,,,,,,,,,,,4.0,,,,,1.0,,,2.0,2.0,,1.0,4.0,,2.0,1.0,,3.0,,3.0,,,1.0,,1.0,,,,,,,,4.0,,,1.0,1.0,,,,1.0,,,0.6666666666666666,,,0.6666666666666666,,,0.3333333333333333,,,,1.0,,0.3333333333333333,,1.0,0.6,,,,,,0.5,1.0,19.6,17.6,,,,,0.3333333333333333,1.0,1.0,1.0,0.3333333333333333,1.0,1.0,0.3333333333333333,,,,,,,,,0.3333333333333333,,0.4885,,,,,,,15.0,24.3,,1.0,,1.0,,1.0,,,,,,,,,,,1.0,,,,1.0,1.0,,,,,,,,,,,,,,1.0,,,,,,,,,,,,,,,,,,,,,,,,,,,,,,,,,,,,,1610612760,2004,2003-04,True
1740-1916-2436-2557-951,1610612760,"Rashard Lewis, Calvin Booth, Flip Murray, Luke Ridnour, Ray Allen","Lewis, Booth, Murray, Ridnour, Allen",1740-1916-2436-2557-951,SEA,422.0,4,10.0,2.0,20.0,1.0,1.0,,3.0,,2.0,68.24644549763033,21.3,18.0,0.2,7.0,6.0,10.0,2.0,3.0,3.0,6.0,2.0,2.0,1.0,2.0,2.0,4.0,2.0,2.0,,1.0,,,7.0,12.0,,2.0,,14.0,8.0,2.0,3.0,,4.0,2.0,3.0,,,,4.0,10.0,4.0,,2.0,,1.0,,3.0,5.0,5.0,2.0,1.0,10.0,4.0,,4.0,,4.0,5.0,9.0,1.0,,,,,,,1.0,2.0,,1.0,,10.0,4.0,,0.7142857142857143,0.8333333333333334,,,,0.5833333333333334,0.6666666666666666,0.6666666666666666,0.5,0.4,0.6666666666666666,0.4666666666666667,0.4,0.6666666666666666,0.14285714285714285,0.25,0.5,,,,0.8,0.8,,0.8,0.7142857142857143,0.6666666666666666,1.0,,1.0,0.75,,20.9,18.9,0.42857142857142855,0.5,0.6,0.6666666666666666,0.2857142857142857,0.5,1.0,0.5,0.14285714285714285,1.0,1.0,0.07142857142857142,,,0.4,1.0,0.6666666666666666,0.5,,,0.5714285714285714,,0.4900678571428571,0.5414625,0.5941666666666666,0.06666666666666667,0.07692307692307693,0.2857142857142857,0.2857142857142857,5.358333333333333,24.45,,1.0,,1.0,,1.0,1.0,,1.0,,1.0,,,,,,2.0,,0.16666666666666666,,,1.0,0.07142857142857142,,,,,,,,1.0,1.0,0.5,,1.0,,1.0,0.25,,,1.0,,2.0,,0.2,,,,,1.0,,0.2,,,,0.5,,,,,,,,,,,,,,,,,1610612760,2004,2003-04,True
1740-1916-2436-699-951,1610612760,"Rashard Lewis, Calvin Booth, Flip Murray, Brent Barry, Ray Allen","Lewis, Booth, Murray, Barry, Allen",1740-1916-2436-699-951,SEA,344.0,3,14.0,6.0,29.0,,2.0,1.0,1.0,,6.0,121.3953488372093,13.142857142857142,13.071428571428571,0.42857142857142855,6.0,-4.0,15.0,,2.0,3.0,4.0,2.0,2.0,,,2.0,4.0,2.0,2.0,,2.0,,2.0,7.0,10.0,,2.0,3.0,17.0,21.0,2.0,2.0,,4.0,2.0,2.0,,2.0,1.0,5.0,6.0,8.0,,4.0,1.0,1.0,,,3.0,3.0,1.0,1.0,6.0,2.0,2.0,1.0,1.0,4.0,2.0,6.0,2.0,,2.0,,2.0,,,,4.0,,2.0,,13.0,5.0,,0.42857142857142855,0.6,,,,0.7,1.0,1.0,0.5833333333333334,1.0,0.5,0.6071428571428571,1.0,0.5,0.16666666666666666,,,,1.0,1.0,1.0,0.6666666666666666,0.6666666666666666,0.75,0.5,,1.0,,,,0.6666666666666666,10.666666666666666,10.6,0.3333333333333333,0.75,0.75,0.3333333333333333,0.3333333333333333,0.5,0.5,0.5,0.16666666666666666,1.0,1.0,0.16666666666666666,,,1.0,1.0,,,0.5,,0.5,,0.4484863636363636,0.55975,0.43225,0.14285714285714285,0.16666666666666666,0.23529411764705882,0.29411764705882354,7.67,38.4,,,,,,,,,,,,,,,,,1.0,,,1.0,,0.5,,,,,,,,,2.0,,,,,,,,,,,,,,,,,,,,,,,,,,,,,,,,,,,,,,,,,,1610612760,2004,2003-04,True
1740-1916-2436-699-958,1610612760,"Rashard Lewis, Calvin Booth, Flip Murray, Brent Barry, Vitaly Potapenko","Lewis, Booth, Murray, Barry, Potapenko",1740-1916-2436-699-958,SEA,20.0,1,1.0,1.0,1.0,,,,1.0,,1.0,72.0,20.0,20.0,1.0,,,,,,,1.0,,,,1.0,,,,,,,,,,1.0,,,,,,,,,,,1.0,,,,,,,,,,,,,,,,,,,,,,,,,,,,,,,,,,,,,,,,,,,,,,,,,,,,,,,,,,,,,,,,,,,,,,,,,1.0,,,,,,,,,,,,,,,,1.0,,,,1.0,,0.3194,,0.3194,,,,,3.9,,,,,,,,,,,,,,,,,,,,,,,,,,,,,,,,,,,,,,,,,,,,,,,,,,,,,,,,,,,,,,,,,,,,,,,,,,1610612760,2004,2003-04,True
1740-1916-2499-2557-699,1610612760,"Rashard Lewis, Calvin Booth, Richie Frahm, Luke Ridnour, Brent Barry","Lewis, Booth, Frahm, Ridnour, Barry",1740-1916-2499-2557-699,SEA,70.0,1,1.0,,3.0,,,,,,,61.71428571428571,26.0,25.0,,1.0,-2.0,2.0,,,,1.0,,,,,,,,,,1.0,,,,1.0,,1.0,,,2.0,,,,,,,,,,,,,,,,1.0,,,,,,,,1.0,1.0,,,1.0,1.0,2.0,,,,,,,,,,,,,,,,,,,,,,,,,,,,,,0.5,,,,,,,1.0,1.0,1.0,0.5,1.0,,,,,1.0,22.0,22.0,0.5,,,,,,,,,,,0.5,,,,,,,,,1.0,,0.575875,,,,,,,,24.7,,,,,,,,,,,,,,,,,,,,,,,,,,,,,,,,,,,,,,,,,,,,,,,,,,,,,,,,,,,,,,,,,,,,,,,,,1610612760,2004,2003-04,True
1740-1916-2499-2557-951,1610612760,"Rashard Lewis, Calvin Booth, Richie Frahm, Luke Ridnour, Ray Allen","Lewis, Booth, Frahm, Ridnour, Allen",1740-1916-2499-2557-951,SEA,129.0,1,5.0,,10.0,1.0,2.0,,,,,111.62790697674419,11.4,11.4,,2.0,2.0,5.0,,,1.0,1.0,,,,,1.0,2.0,,,,,,,2.0,3.0,,,,4.0,2.0,,,,,,,,,,,2.0,2.0,,,,,,1.0,1.0,1.0,1.0,,2.0,,2.0,1.0,,3.0,,3.0,,,1.0,,,,,,,,,,4.0,,,0.5,0.5,,,,0.6666666666666666,,,0.6666666666666666,,,0.6666666666666666,,,,0.3333333333333333,0.5,,0.5,,0.5,,1.0,0.75,,,,,,,1.0,14.4,13.6,0.3333333333333333,1.0,1.0,1.0,0.6666666666666666,0.5,1.0,,,,,,,,,,,,,,0.3333333333333333,,0.5231333333333333,,,,,,,3.6999999999999997,,1.0,1.0,1.0,1.0,,,1.0,,1.0,,,,,,,,,,,1.0,1.0,,,,,,,,,,,,,,,,,,,,,,,,,,,,,,,,,,,,,,,,,,,,,,,,,,,,1610612760,2004,2003-04,True
1740-1916-2499-699-951,1610612760,"Rashard Lewis, Calvin Booth, Richie Frahm, Brent Barry, Ray Allen","Lewis, Booth, Frahm, Barry, Allen",1740-1916-2499-699-951,SEA,277.0,2,10.0,7.0,20.0,1.0,2.0,2.0,2.0,,7.0,103.97111913357402,12.9,12.3,0.7,5.0,9.0,10.0,8.0,1.0,,2.0,,2.0,,2.0,1.0,1.0,2.0,2.0,2.0,2.0,1.0,1.0,3.0,5.0,3.0,4.0,2.0,17.0,8.0,,2.0,,,1.0,3.0,2.0,3.0,2.0,10.0,4.0,2.0,,,,2.0,2.0,1.0,2.0,5.0,,1.0,13.0,1.0,2.0,4.0,,6.0,2.0,8.0,1.0,,1.0,,,,,2.0,2.0,,1.0,,17.0,10.0,,0.6666666666666666,0.6666666666666666,0.75,0.6666666666666666,0.75,0.6,,0.3333333333333333,0.8333333333333334,,0.6666666666666666,0.85,,0.7142857142857143,0.4444444444444444,0.2,,,0.5,,1.0,0.5,1.0,1.0,0.6666666666666666,0.5,,,1.0,1.0,1.0,14.8,14.1,0.2222222222222222,,,,0.1111111111111111,1.0,1.0,1.0,0.2222222222222222,1.0,1.0,0.2222222222222222,1.0,1.0,1.0,,0.3333333333333333,,0.16666666666666666,1.0,0.6666666666666666,1.0,0.5271666666666667,0.5988,0.5628,0.1,0.16666666666666666,,0.5882352941176471,8.2,24.175,1.0,1.0,,1.0,,,1.0,,1.0,1.0,2.0,1.0,2.0,9.0,3.0,1.0,1.0,1.0,0.5,1.0,,0.5,0.2222222222222222,0.5,0.5,1.0,0.3333333333333333,0.5,2.0,1.0,1.0,1.0,1.0,1.0,1.0,,,0.5,,,,,,,,,,1.0,,,,,,,,,,,1.0,,,,,,,,,,,,,,1610612760,2004,2003-04,True
1740-1916-2501-2557-699,1610612760,"Rashard Lewis, Calvin Booth, Reggie Evans, Luke Ridnour, Brent Barry","Lewis, Booth, Evans, Ridnour, Barry",1740-1916-2501-2557-699,SEA,684.0,6,22.0,,44.0,5.0,8.0,,8.0,1.0,,92.63157894736842,15.363636363636363,14.636363636363637,,11.0,-3.0,22.0,1.0,4.0,3.0,4.0,2.0,2.0,,,1.0,5.0,4.0,6.0,1.0,2.0,,,8.0,15.0,2.0,3.0,1.0,23.0,26.0,2.0,2.0,,7.0,,,,,,,4.0,12.0,,2.0,,2.0,1.0,,2.0,4.0,,,10.0,3.0,1.0,3.0,2.0,6.0,4.0,10.0,3.0,1.0,3.0,1.0,1.0,1.0,1.0,4.0,3.0,1.0,2.0,,16.0,,,0.25,0.2857142857142857,0.6666666666666666,,0.6666666666666666,0.5333333333333333,1.0,,0.6111111111111112,1.1666666666666667,,0.6052631578947368,1.1666666666666667,,0.16666666666666666,,,,0.375,1.0,0.5,0.42857142857142855,0.2,0.36363636363636365,0.5,1.0,0.25,0.5,,0.5,0.25,15.727272727272727,14.136363636363637,0.2222222222222222,0.75,0.75,,0.2777777777777778,0.2,0.2,,0.3333333333333333,0.6666666666666666,0.6666666666666666,0.1111111111111111,0.5,0.5,0.6666666666666666,1.0,,,,,0.3888888888888889,0.5,0.4572805555555555,0.5852333333333334,,0.10526315789473684,0.125,0.30434782608695654,,10.666666666666666,24.733333333333334,2.0,1.0,,1.0,,1.0,,,,1.0,1.0,,,6.0,2.0,1.0,2.0,1.0,,1.0,,0.5,0.05555555555555555,1.0,1.0,1.0,,,1.0,1.0,2.0,1.0,1.0,,,,1.0,,1.0,1.0,1.0,1.0,1.0,1.0,0.3333333333333333,1.0,1.0,,,,,,,,,,,,,,,,,,,,,,,,,,1610612760,2004,2003-04,True
1740-1916-2501-699-951,1610612760,"Rashard Lewis, Calvin Booth, Reggie Evans, Brent Barry, Ray Allen","Lewis, Booth, Evans, Barry, Allen",1740-1916-2501-699-951,SEA,1696.0,5,53.0,17.0,107.0,4.0,13.0,5.0,20.0,3.0,17.0,90.84905660377359,16.547169811320753,15.773584905660377,0.32075471698113206,28.0,-29.0,54.0,19.0,7.0,2.0,9.0,,2.0,,2.0,2.0,9.0,1.0,5.0,4.0,10.0,,2.0,5.0,23.0,4.0,16.0,15.0,37.0,66.0,,3.0,2.0,8.0,2.0,5.0,,2.0,8.0,12.0,4.0,6.0,,,,10.0,4.0,3.0,2.0,6.0,1.0,,16.0,4.0,4.0,13.0,,17.0,7.0,24.0,6.0,4.0,9.0,1.0,6.0,,,8.0,18.0,1.0,6.0,3.0,29.0,12.0,2.0,0.4,0.4,0.25,,0.25,0.21739130434782608,,0.4,0.28205128205128205,0.5,0.2857142857142857,0.3829787234042553,0.5714285714285714,0.5,0.41025641025641024,0.13043478260869565,0.1111111111111111,,0.6923076923076923,,0.6842105263157895,0.2222222222222222,0.5714285714285714,0.6538461538461539,0.23333333333333334,0.14285714285714285,0.42857142857142855,,1.0,0.7142857142857143,0.4,15.166666666666666,13.925925925925926,0.23076923076923078,0.2222222222222222,0.2857142857142857,0.5,0.23076923076923078,0.2222222222222222,0.25,,0.1282051282051282,0.2,0.2,0.2564102564102564,0.4,0.4,0.3333333333333333,,0.2857142857142857,,0.2857142857142857,,0.6410256410256411,0.4,0.4912935897435898,0.5506125,0.4473928571428571,0.13636363636363635,0.21428571428571427,0.21621621621621623,0.32432432432432434,7.456521739130435,24.55,3.0,3.0,2.0,3.0,,1.0,2.0,,0.6666666666666666,,6.0,,,12.0,4.0,,1.0,1.0,0.2222222222222222,0.5555555555555556,1.0,1.0,0.15384615384615385,,,,,,4.0,1.0,2.0,3.0,0.25,0.5,,,,,4.0,,1.0,2.0,3.0,0.6666666666666666,0.16666666666666666,,,,2.0,2.0,1.0,0.3333333333333333,1.0,1.0,,,,,,,1.0,,,,,,,,,,,,1610612760,2004,2003-04,True
1740-1916-2557-699-951,1610612760,"Rashard Lewis, Calvin Booth, Luke Ridnour, Brent Barry, Ray Allen","Lewis, Booth, Ridnour, Barry, Allen",1740-1916-2557-699-951,SEA,244.0,2,8.0,,14.0,2.0,2.0,,,,,82.62295081967214,14.125,12.625,,4.0,-1.0,6.0,,3.0,2.0,2.0,2.0,2.0,,,,3.0,,1.0,2.0,2.0,,,2.0,6.0,2.0,2.0,1.0,11.0,12.0,2.0,2.0,,4.0,,,,,,,,4.0,,4.0,,2.0,2.0,,,2.0,,,6.0,2.0,,,,,2.0,2.0,,,,,,,1.0,,1.0,,,1.0,7.0,,,,,1.0,,1.0,0.3333333333333333,1.0,,0.625,1.0,,0.6111111111111112,1.0,,0.25,,,,,,,0.5,,,0.5,,0.6666666666666666,,,,,21.833333333333332,19.833333333333332,0.25,1.0,1.0,,0.375,,,,0.125,,,0.25,1.0,1.0,1.0,1.0,,,,,0.5,1.0,0.4756,0.57015,,,,0.36363636363636365,,7.8,25.5,,,,,,,,,,,,,,6.0,2.0,,,1.0,,,,,,,,,,,2.0,1.0,,,,,,,,,,,,,,,,,,,,,,,,,,,,,,,,,1.0,,,,,,,,,,1610612760,2004,2003-04,True
1740-1916-699-951-958,1610612760,"Rashard Lewis, Calvin Booth, Brent Barry, Ray Allen, Vitaly Potapenko","Lewis, Booth, Barry, Allen, Potapenko",1740-1916-699-951-958,SEA,769.0,3,26.0,4.0,53.0,2.0,5.0,1.0,1.0,,4.0,99.24577373211964,14.076923076923077,13.615384615384615,0.15384615384615385,13.0,-8.0,27.0,,4.0,5.0,8.0,2.0,3.0,2.0,2.0,1.0,6.0,2.0,4.0,3.0,7.0,,1.0,8.0,18.0,3.0,7.0,2.0,27.0,35.0,2.0,4.0,1.0,8.0,2.0,4.0,,1.0,,4.0,6.0,10.0,3.0,4.0,,7.0,3.0,2.0,3.0,5.0,2.0,,12.0,4.0,4.0,4.0,,8.0,6.0,14.0,2.0,1.0,3.0,2.0,1.0,,,,6.0,,3.0,,19.0,4.0,,0.375,0.5,0.42857142857142855,,0.42857142857142855,0.4444444444444444,0.5,0.5,0.5,0.7,0.4,0.48214285714285715,0.6666666666666666,0.4,0.28,0.1111111111111111,0.3333333333333333,,0.6,,0.8,0.4,1.0,0.8888888888888888,0.42857142857142855,0.6666666666666666,0.4,,,1.0,1.0,14.925925925925926,14.407407407407407,0.32,0.625,0.625,0.4,0.24,0.16666666666666666,0.25,,0.16,0.5,0.5,0.28,0.42857142857142855,0.42857142857142855,0.6,0.6666666666666666,0.4,1.0,0.2,,0.6,0.42857142857142855,0.538856,0.5264333333333333,0.5328299999999999,0.10714285714285714,0.14285714285714285,0.2962962962962963,0.14814814814814814,5.983333333333333,25.0,2.0,,,,,,,,,,,,,6.0,2.0,,1.0,0.6666666666666666,,0.6666666666666666,,0.5,,,,,,,2.0,0.6666666666666666,1.0,2.0,0.5,,2.0,,0.5,0.16666666666666666,,,,1.0,1.0,1.0,,,,,1.0,1.0,,0.2,1.0,1.0,,,,,,,,,,,,,,,,,,,1610612760,2004,2003-04,True
1740-2209-2436-2499-2557,1610612760,"Rashard Lewis, Vladimir Radmanovic, Flip Murray, Richie Frahm, Luke Ridnour","Lewis, Radmanovic, Murray, Frahm, Ridnour",1740-2209-2436-2499-2557,SEA,344.0,3,12.0,7.0,23.0,1.0,2.0,,,,7.0,96.27906976744185,16.083333333333332,15.916666666666666,0.5833333333333334,6.0,5.0,11.0,7.0,3.0,5.0,6.0,2.0,2.0,3.0,3.0,1.0,3.0,,,,,,,6.0,9.0,,,5.0,17.0,12.0,3.0,3.0,,6.0,4.0,6.0,,,3.0,11.0,6.0,6.0,,6.0,,,,1.0,3.0,3.0,3.0,,6.0,3.0,2.0,1.0,,3.0,3.0,6.0,1.0,1.0,1.0,1.0,1.0,,,,7.0,1.0,2.0,2.0,11.0,11.0,,0.5,1.0,,,,0.6666666666666666,1.0,0.6666666666666666,0.6666666666666666,1.0,0.6666666666666666,0.7083333333333334,1.0,0.6875,,0.1111111111111111,,,0.5,,1.0,1.0,1.0,1.0,1.0,1.0,1.0,,,1.0,1.0,13.727272727272727,13.727272727272727,0.6666666666666666,0.8333333333333334,1.0,0.6,0.3333333333333333,0.3333333333333333,0.3333333333333333,,,,,,,,0.6666666666666666,1.0,0.5,1.0,,,0.6666666666666666,,0.49539999999999995,0.5608666666666667,0.4720166666666667,0.2,0.2,0.35294117647058826,0.6470588235294118,2.611111111111111,,,1.0,,1.0,,,1.0,,1.0,,,,,,,,,,0.16666666666666666,,,,,,,,,,,,,,,,1.0,1.0,,0.5,,,,,,,,,,1.0,,,,,,,,,,,,,,,,,,,,,,,,,1610612760,2004,2003-04,True
1740-2209-2436-2499-699,1610612760,"Rashard Lewis, Vladimir Radmanovic, Flip Murray, Richie Frahm, Brent Barry","Lewis, Radmanovic, Murray, Frahm, Barry",1740-2209-2436-2499-699,SEA,552.0,7,21.0,13.0,43.0,2.0,3.0,2.0,3.0,,13.0,112.17391304347827,14.714285714285714,14.047619047619047,0.6190476190476191,9.0,-3.0,22.0,14.0,2.0,3.0,5.0,,1.0,1.0,3.0,,,,3.0,2.0,6.0,1.0,3.0,3.0,8.0,2.0,6.0,6.0,18.0,21.0,,1.0,,,1.0,4.0,1.0,3.0,6.0,11.0,2.0,4.0,3.0,,,6.0,2.0,1.0,1.0,2.0,1.0,,5.0,,6.0,4.0,2.0,12.0,1.0,13.0,,,1.0,,1.0,,,1.0,9.0,,,3.0,18.0,11.0,1.0,0.3333333333333333,0.3333333333333333,0.3333333333333333,0.3333333333333333,0.3333333333333333,0.375,,0.25,0.42857142857142855,,0.35714285714285715,0.5,,0.5,0.42857142857142855,0.125,,,0.3333333333333333,1.0,1.0,,0.8571428571428571,0.9090909090909091,0.1111111111111111,,,,,1.0,1.0,11.045454545454545,10.545454545454545,0.35714285714285715,0.6,0.75,0.3333333333333333,,,,,0.21428571428571427,,,0.42857142857142855,0.3333333333333333,0.3333333333333333,0.5,,0.42857142857142855,0.3333333333333333,0.42857142857142855,0.3333333333333333,0.7857142857142857,0.3333333333333333,0.4589464285714286,0.37695,0.44456428571428575,0.06666666666666667,,,0.6111111111111112,8.6375,27.21666666666667,,,,,,,,,,,,,,3.0,1.0,,,0.5,0.2,1.0,0.5,,,,,,,,1.0,0.5,,1.0,0.25,,,,0.25,,,,,,1.0,,,,,,,1.0,,0.5,,,,,,,,,1.0,,,1.0,0.14285714285714285,,,,,,,,1610612760,2004,2003-04,True
1740-2209-2436-2499-951,1610612760,"Rashard Lewis, Vladimir Radmanovic, Flip Murray, Richie Frahm, Ray Allen","Lewis, Radmanovic, Murray, Frahm, Allen",1740-2209-2436-2499-951,SEA,325.0,1,13.0,12.0,26.0,,2.0,2.0,3.0,,12.0,115.19999999999999,14.846153846153847,14.846153846153847,0.9230769230769231,5.0,-1.0,13.0,5.0,,,,,,,,1.0,1.0,1.0,2.0,,1.0,,1.0,2.0,3.0,1.0,2.0,10.0,17.0,18.0,,,,,1.0,2.0,1.0,2.0,10.0,15.0,2.0,2.0,,,,1.0,,,1.0,2.0,,,5.0,,2.0,2.0,,4.0,,4.0,,,2.0,,,,,3.0,12.0,,2.0,4.0,17.0,15.0,,0.5,0.5,0.5,0.5,0.5,0.6666666666666666,,0.5,0.7,,0.625,0.7727272727272727,,0.75,0.4,,,,1.0,,0.4,,1.0,0.5714285714285714,,,,,0.25,1.0,1.0,10.153846153846153,9.0,,,,,0.2,1.0,1.0,,0.4,0.5,0.5,0.2,,,,,,,0.25,,0.4,,0.42432,,0.43,0.2857142857142857,0.4,,0.8823529411764706,14.0,24.4,2.0,2.0,,2.0,,2.0,,,,1.0,1.0,1.0,1.0,3.0,1.0,1.0,1.0,1.0,,,,1.0,0.2,1.0,1.0,1.0,0.25,1.0,,,,,,,,,,,,,,,,,,,,,,,,,,,,,,,,,,,,,,,,,,,,,1610612760,2004,2003-04,True
1740-2209-2436-2499-958,1610612760,"Rashard Lewis, Vladimir Radmanovic, Flip Murray, Richie Frahm, Vitaly Potapenko","Lewis, Radmanovic, Murray, Frahm, Potapenko",1740-2209-2436-2499-958,SEA,150.0,1,6.0,2.0,12.0,,,,,,2.0,115.2,15.333333333333334,15.333333333333334,0.3333333333333333,2.0,,6.0,,,,1.0,,,,1.0,,1.0,,1.0,,1.0,,,,3.0,,1.0,4.0,4.0,4.0,,,,,,1.0,,,2.0,2.0,,,,,,1.0,,,,,,,,,,2.0,,2.0,,2.0,1.0,,,,,,,,4.0,,1.0,1.0,4.0,2.0,,,,,,,,,,,,,0.3333333333333333,,0.5,0.25,,,,,,1.0,,,1.0,,,,,,,,9.666666666666666,9.666666666666666,0.25,,,,0.25,,,,0.25,,,0.25,,,,,1.0,,,,0.5,,0.4753875,,0.5535,0.2,0.25,,0.5,10.133333333333333,25.7,,,,,,,,,,,,,,,,,,,,1.0,,,,,,,,,,,1.0,,,,,,,,,,,,,,,,,,,,,,,,,,,,,,,,,,,,,,,,,,1610612760,2004,2003-04,True
1740-2209-2436-2501-2557,1610612760,"Rashard Lewis, Vladimir Radmanovic, Flip Murray, Reggie Evans, Luke Ridnour","Lewis, Radmanovic, Murray, Evans, Ridnour",1740-2209-2436-2501-2557,SEA,735.0,9,21.0,8.0,40.0,1.0,3.0,,6.0,,8.0,78.36734693877551,15.761904761904763,13.666666666666666,0.38095238095238093,12.0,13.0,19.0,8.0,5.0,3.0,3.0,1.0,1.0,1.0,1.0,2.0,6.0,2.0,4.0,3.0,6.0,2.0,2.0,7.0,13.0,3.0,6.0,5.0,28.0,15.0,2.0,3.0,,7.0,3.0,6.0,2.0,2.0,1.0,13.0,8.0,6.0,,2.0,,6.0,3.0,,4.0,7.0,1.0,2.0,17.0,3.0,4.0,5.0,,9.0,5.0,14.0,1.0,,2.0,,1.0,,,3.0,7.0,,3.0,,21.0,13.0,1.0,0.5714285714285714,0.6666666666666666,0.5,1.0,0.5,0.5384615384615384,0.6666666666666666,0.5,0.6052631578947368,0.7,0.75,0.6136363636363636,0.5833333333333334,0.75,0.3157894736842105,,,,0.6666666666666666,,0.5555555555555556,0.5,0.8,0.6428571428571429,0.5555555555555556,,0.5,0.5,,0.8,0.6666666666666666,21.263157894736842,18.789473684210527,0.15789473684210525,1.0,1.0,0.3333333333333333,0.3157894736842105,0.3333333333333333,0.3333333333333333,1.0,0.21052631578947367,0.5,0.5,0.3157894736842105,0.5,0.5,0.2,1.0,0.125,1.0,0.25,1.0,0.47368421052631576,0.5,0.48068421052631577,0.46504999999999996,0.4906,0.13636363636363635,0.1875,0.25,0.4642857142857143,10.661538461538461,25.016666666666666,1.0,1.0,1.0,1.0,,,,,,,,,,9.0,3.0,,1.0,1.0,,0.3333333333333333,1.0,0.5,,,,,,,3.0,1.0,1.0,2.0,0.6666666666666666,,3.0,,0.6666666666666666,0.3333333333333333,,,,1.0,2.0,0.5,,,,,1.0,2.0,1.0,0.4,0.5,1.0,,,,,,,,,1.0,,,,,,,,,,1610612760,2004,2003-04,True
1740-2209-2436-2501-699,1610612760,"Rashard Lewis, Vladimir Radmanovic, Flip Murray, Reggie Evans, Brent Barry","Lewis, Radmanovic, Murray, Evans, Barry",1740-2209-2436-2501-699,SEA,4018.0,18,124.0,60.0,244.0,14.0,32.0,15.0,31.0,5.0,60.0,87.44649079143852,17.096774193548388,15.830645161290322,0.4838709677419355,67.0,-14.0,120.0,32.0,21.0,28.0,42.0,5.0,10.0,12.0,22.0,7.0,20.0,6.0,14.0,2.0,19.0,2.0,8.0,41.0,76.0,3.0,25.0,22.0,113.0,127.0,5.0,11.0,6.0,16.0,16.0,34.0,3.0,13.0,13.0,54.0,44.0,38.0,,4.0,,19.0,2.0,2.0,22.0,25.0,17.0,1.0,53.0,12.0,11.0,28.0,6.0,45.0,21.0,66.0,11.0,9.0,18.0,4.0,6.0,1.0,7.0,9.0,30.0,5.0,16.0,1.0,97.0,54.0,6.0,0.5365853658536586,0.5641025641025641,0.12,0.23076923076923078,0.12,0.5394736842105263,0.45454545454545453,0.47058823529411764,0.4504950495049505,0.38461538461538464,0.43617021276595747,0.5,0.5,0.5,0.24752475247524752,0.02631578947368421,,0.07142857142857142,0.5625,1.0,0.7567567567567568,0.34285714285714286,0.7333333333333333,0.75,0.375,0.21428571428571427,0.5384615384615384,0.25,0.7142857142857143,0.875,0.8888888888888888,15.816666666666666,15.141666666666667,0.4158415841584158,0.6666666666666666,0.6829268292682927,0.6071428571428571,0.19801980198019803,0.35,0.35,0.14285714285714285,0.13861386138613863,0.42857142857142855,0.46153846153846156,0.18811881188118812,0.10526315789473684,0.10526315789473684,0.7692307692307693,0.5,0.46808510638297873,0.5454545454545454,0.1702127659574468,0.25,0.6633663366336634,0.10526315789473684,0.4887960396039604,0.52248125,0.49579893617021276,0.14285714285714285,0.1839080459770115,0.1415929203539823,0.4778761061946903,6.126315789473685,25.888,12.0,10.0,2.0,10.0,,7.0,5.0,,0.5,1.0,6.0,1.0,5.0,9.0,3.0,1.0,4.0,1.0,0.023809523809523808,0.7333333333333333,0.5,0.6666666666666666,0.0594059405940594,0.16666666666666666,0.16666666666666666,1.0,0.10638297872340426,0.2,2.0,1.0,2.0,9.0,0.42857142857142855,0.25,3.0,1.0,0.47058823529411764,0.05555555555555555,2.0,,1.0,,2.0,,0.07692307692307693,,,1.0,,1.0,1.0,0.07692307692307693,,,,0.4,,,,,,,1.0,,,,,,,,,,1610612760,2004,2003-04,True
1740-2209-2436-2501-951,1610612760,"Rashard Lewis, Vladimir Radmanovic, Flip Murray, Reggie Evans, Ray Allen","Lewis, Radmanovic, Murray, Evans, Allen",1740-2209-2436-2501-951,SEA,210.0,2,6.0,6.0,11.0,,,,,,6.0,75.42857142857143,18.666666666666668,16.5,1.0,4.0,10.0,5.0,,3.0,2.0,3.0,1.0,1.0,2.0,3.0,1.0,1.0,,3.0,,,,,3.0,7.0,1.0,1.0,3.0,12.0,2.0,1.0,2.0,,5.0,3.0,7.0,1.0,1.0,3.0,12.0,4.0,2.0,,2.0,,,,,2.0,3.0,1.0,1.0,7.0,3.0,,2.0,,2.0,3.0,5.0,1.0,,,,,,,,3.0,1.0,2.0,,7.0,12.0,,0.6666666666666666,1.0,1.0,1.0,1.0,0.42857142857142855,0.5,0.42857142857142855,0.5625,0.8333333333333334,0.5625,0.6666666666666666,0.8333333333333334,0.6666666666666666,0.125,,,,,,1.0,0.75,,1.0,0.75,1.0,,0.6666666666666666,1.0,1.0,,19.6,19.6,0.375,0.6666666666666666,0.6666666666666666,0.5,0.125,1.0,1.0,1.0,0.375,,,,,,0.3333333333333333,1.0,0.375,0.6666666666666666,,,0.5,,0.48765,0.5374333333333333,0.48765,0.2222222222222222,0.25,0.4166666666666667,1.0,10.157142857142857,22.7,,,,,,,,,,1.0,1.0,1.0,1.0,3.0,1.0,1.0,,1.0,,,,,0.125,1.0,1.0,1.0,0.125,1.0,,,1.0,,,,,,,,,1.0,1.0,1.0,1.0,1.0,0.3333333333333333,1.0,1.0,,,,,,,,,,,,,,,,,,,,,,,,,,1610612760,2004,2003-04,True
1740-2209-2436-2557-699,1610612760,"Rashard Lewis, Vladimir Radmanovic, Flip Murray, Luke Ridnour, Brent Barry","Lewis, Radmanovic, Murray, Ridnour, Barry",1740-2209-2436-2557-699,SEA,772.0,4,24.0,14.0,48.0,1.0,6.0,4.0,3.0,,14.0,89.53367875647668,18.833333333333332,17.291666666666668,0.5833333333333334,13.0,,24.0,15.0,3.0,5.0,8.0,1.0,2.0,3.0,5.0,1.0,3.0,2.0,4.0,,1.0,,,8.0,15.0,,3.0,8.0,24.0,24.0,1.0,2.0,,2.0,5.0,9.0,,2.0,6.0,16.0,12.0,4.0,,2.0,,1.0,,1.0,6.0,6.0,3.0,1.0,12.0,3.0,5.0,5.0,1.0,11.0,4.0,15.0,1.0,,5.0,,4.0,,2.0,3.0,8.0,,3.0,1.0,22.0,16.0,,0.75,0.8571428571428571,,,,0.5333333333333333,0.5,0.5555555555555556,0.4444444444444444,0.5,0.45454545454545453,0.5454545454545454,0.5,0.5714285714285714,0.16666666666666666,0.06666666666666667,,,0.8333333333333334,1.0,0.7142857142857143,0.42857142857142855,1.0,0.8333333333333334,0.4,0.6666666666666666,0.5,,0.5,0.75,1.0,13.333333333333334,12.458333333333334,0.4444444444444444,0.625,0.7142857142857143,0.6,0.16666666666666666,0.3333333333333333,0.3333333333333333,1.0,0.2222222222222222,0.5,0.5,0.05555555555555555,,,1.0,0.5,0.45454545454545453,0.6,,,0.6111111111111112,,0.45426944444444445,0.56995,0.46697727272727274,0.14285714285714285,0.16666666666666666,0.08333333333333333,0.6666666666666666,6.586666666666667,24.53333333333333,1.0,,,,,,,,,,2.0,,2.0,,,,2.0,,0.125,1.0,1.0,1.0,0.1111111111111111,,,,0.18181818181818182,,,,1.0,1.0,0.3333333333333333,0.5,,,,,,,,,,,,,,,,,,,,,,,,,1.0,,1.0,,,,,,,,,,,,1610612760,2004,2003-04,True
1740-2209-2436-2557-951,1610612760,"Rashard Lewis, Vladimir Radmanovic, Flip Murray, Luke Ridnour, Ray Allen","Lewis, Radmanovic, Murray, Ridnour, Allen",1740-2209-2436-2557-951,SEA,297.0,4,9.0,,19.0,,2.0,,3.0,,,92.12121212121212,18.333333333333332,17.77777777777778,,5.0,4.0,10.0,6.0,1.0,2.0,2.0,1.0,1.0,,,,1.0,,1.0,1.0,2.0,,1.0,2.0,4.0,2.0,5.0,1.0,11.0,7.0,1.0,1.0,,2.0,,,,1.0,,,4.0,,,,,2.0,1.0,1.0,2.0,4.0,2.0,,10.0,,,2.0,,2.0,1.0,3.0,4.0,2.0,2.0,,,,,1.0,1.0,1.0,1.0,,9.0,,,1.0,1.0,0.4,,0.4,0.5,1.0,,0.5555555555555556,1.0,,0.6111111111111112,1.0,,0.5555555555555556,0.25,1.0,,1.0,,1.0,,,1.0,0.25,,,,1.0,,,13.2,12.3,0.2222222222222222,1.0,1.0,1.0,0.1111111111111111,,,,0.1111111111111111,,,0.2222222222222222,0.5,0.5,1.0,1.0,,,1.0,,0.7777777777777778,0.5,0.5058888888888888,,0.21885,0.1111111111111111,0.25,0.18181818181818182,,7.925,24.0,2.0,1.0,,1.0,,1.0,1.0,,1.0,1.0,3.0,,,6.0,2.0,1.0,,1.0,,1.0,,,0.3333333333333333,0.3333333333333333,0.3333333333333333,1.0,,,1.0,1.0,2.0,1.0,0.5,0.5,,,,,,,,,,,,,,,,,,,,,,1.0,,,,,,,,,,,,,,,,,1610612760,2004,2003-04,True
1740-2209-2436-2557-958,1610612760,"Rashard Lewis, Vladimir Radmanovic, Flip Murray, Luke Ridnour, Vitaly Potapenko","Lewis, Radmanovic, Murray, Ridnour, Potapenko",1740-2209-2436-2557-958,SEA,1042.0,10,32.0,11.0,64.0,3.0,4.0,1.0,5.0,,11.0,88.44529750479846,14.75,14.15625,0.34375,17.0,1.0,32.0,9.0,4.0,6.0,9.0,3.0,4.0,4.0,5.0,2.0,3.0,4.0,10.0,4.0,6.0,1.0,3.0,12.0,22.0,4.0,8.0,6.0,42.0,41.0,3.0,4.0,1.0,10.0,5.0,8.0,1.0,3.0,2.0,15.0,4.0,20.0,3.0,6.0,,6.0,4.0,2.0,2.0,5.0,2.0,,13.0,4.0,2.0,6.0,,8.0,5.0,13.0,1.0,,1.0,2.0,,,,1.0,9.0,2.0,4.0,,32.0,15.0,,0.16666666666666666,0.2222222222222222,0.5,0.3333333333333333,0.5,0.5454545454545454,0.75,0.625,0.6,0.9,0.5909090909090909,0.6363636363636364,1.0,0.625,0.26666666666666666,0.09090909090909091,,,0.25,,0.5454545454545454,0.4,1.0,0.6153846153846154,0.35714285714285715,0.6666666666666666,,0.3333333333333333,0.8,0.3333333333333333,1.0,17.8125,17.5625,0.3,0.6666666666666666,0.8571428571428571,0.3333333333333333,0.1,0.6666666666666666,0.6666666666666666,,0.3333333333333333,0.4,0.4,0.2,0.6666666666666666,0.6666666666666666,0.8,0.75,0.45454545454545453,0.8,0.2727272727272727,0.3333333333333333,0.5666666666666667,0.6666666666666666,0.4454066666666667,0.4804125,0.49328636363636363,0.15151515151515152,0.16666666666666666,0.23809523809523808,0.35714285714285715,9.936363636363636,25.1,1.0,6.0,3.0,6.0,,3.0,4.0,,0.6666666666666666,,2.0,,,9.0,3.0,,,0.75,0.2222222222222222,0.3333333333333333,1.0,,0.06666666666666667,,,,,,3.0,0.75,1.0,1.0,0.25,,1.0,,0.5,0.08333333333333333,1.0,,,1.0,1.0,1.0,,,,,1.0,1.0,,0.2,1.0,1.0,,,,,,,,,,1.0,0.1111111111111111,,,,,,,,1610612760,2004,2003-04,True
1740-2209-2436-699-951,1610612760,"Rashard Lewis, Vladimir Radmanovic, Flip Murray, Brent Barry, Ray Allen","Lewis, Radmanovic, Murray, Barry, Allen",1740-2209-2436-699-951,SEA,910.0,6,31.0,9.0,69.0,3.0,4.0,1.0,9.0,,9.0,109.1868131868132,17.0,16.838709677419356,0.2903225806451613,15.0,-16.0,38.0,19.0,2.0,1.0,5.0,1.0,1.0,,,2.0,5.0,1.0,5.0,2.0,3.0,,1.0,4.0,15.0,3.0,6.0,14.0,31.0,47.0,1.0,1.0,,2.0,,,,1.0,12.0,12.0,,8.0,,2.0,1.0,2.0,2.0,1.0,,3.0,,,9.0,2.0,6.0,7.0,1.0,14.0,2.0,16.0,,,1.0,,,2.0,,7.0,19.0,,2.0,7.0,29.0,12.0,2.0,,,0.5,,0.6,0.26666666666666666,1.0,,0.40476190476190477,0.5,,0.5166666666666667,0.5,0.6666666666666666,0.2857142857142857,0.06666666666666667,,,0.25,1.0,0.7777777777777778,0.18181818181818182,0.46153846153846156,0.5909090909090909,0.15384615384615385,0.5,,,0.8,1.0,0.5714285714285714,10.078947368421053,9.263157894736842,0.23809523809523808,0.2,0.25,,0.23809523809523808,0.4,0.4,,0.23809523809523808,0.2,0.2,0.14285714285714285,0.6666666666666666,0.6666666666666666,0.5,1.0,,,1.0,,0.5238095238095238,1.0,0.42317,0.506475,,0.08695652173913043,0.11764705882352941,0.06451612903225806,0.3870967741935484,10.42,28.416666666666668,1.0,1.0,,2.0,,1.0,1.0,,0.5,1.0,3.0,,,9.0,3.0,1.0,,1.0,0.2,0.5,0.3333333333333333,,0.14285714285714285,0.3333333333333333,0.3333333333333333,1.0,,,2.0,1.0,,,,,1.0,,,0.08333333333333333,1.0,,1.0,,1.0,,0.5,,,,,,1.0,,,,,,1.0,1.0,,,,,,,,,,,,,,,1610612760,2004,2003-04,True
1740-2209-2436-699-958,1610612760,"Rashard Lewis, Vladimir Radmanovic, Flip Murray, Brent Barry, Vitaly Potapenko","Lewis, Radmanovic, Murray, Barry, Potapenko",1740-2209-2436-699-958,SEA,1243.0,11,41.0,25.0,82.0,2.0,7.0,3.0,8.0,1.0,25.0,94.99597747385359,15.731707317073171,14.536585365853659,0.6097560975609756,21.0,2.0,41.0,15.0,7.0,10.0,15.0,4.0,5.0,5.0,9.0,4.0,7.0,4.0,12.0,1.0,2.0,1.0,1.0,18.0,34.0,1.0,2.0,8.0,47.0,45.0,5.0,8.0,3.0,13.0,12.0,23.0,1.0,1.0,5.0,32.0,20.0,16.0,,6.0,,2.0,1.0,3.0,10.0,11.0,6.0,1.0,23.0,6.0,6.0,8.0,,14.0,8.0,22.0,4.0,3.0,5.0,,1.0,,,3.0,10.0,2.0,5.0,1.0,34.0,32.0,2.0,0.5555555555555556,0.6666666666666666,0.5,1.0,0.5,0.5294117647058824,0.625,0.5217391304347826,0.5416666666666666,0.625,0.5625,0.5875,0.7222222222222222,0.5925925925925926,0.05555555555555555,0.08823529411764706,0.2857142857142857,,0.7142857142857143,,0.6666666666666666,0.375,1.0,0.7777777777777778,0.4117647058823529,0.8,,0.25,1.0,0.42857142857142855,1.0,14.585365853658537,12.829268292682928,0.4166666666666667,0.6666666666666666,0.7142857142857143,0.6,0.19444444444444445,0.5714285714285714,0.8,0.25,0.3333333333333333,0.3333333333333333,0.3333333333333333,0.05555555555555555,0.5,0.5,0.625,0.8,0.375,0.5555555555555556,0.041666666666666664,1.0,0.4722222222222222,0.5,0.4801666666666667,0.4959285714285714,0.45948125,0.1282051282051282,0.13513513513513514,0.2765957446808511,0.6808510638297872,7.9,25.55,4.0,1.0,,1.0,1.0,1.0,1.0,0.25,1.0,,,,,3.0,1.0,,3.0,1.0,0.06666666666666667,1.0,1.0,0.75,,,,,,,1.0,1.0,1.0,1.0,1.0,,1.0,,1.0,0.07142857142857142,1.0,,,,,,,,,,,,,,,,,0.5,,,,,1.0,,,,,,,,,,,,1610612760,2004,2003-04,True
1740-2209-2436-951-958,1610612760,"Rashard Lewis, Vladimir Radmanovic, Flip Murray, Ray Allen, Vitaly Potapenko","Lewis, Radmanovic, Murray, Allen, Potapenko",1740-2209-2436-951-958,SEA,2277.0,9,70.0,15.0,143.0,5.0,12.0,4.0,18.0,,15.0,90.43478260869564,17.114285714285714,16.15714285714286,0.21428571428571427,38.0,-24.0,73.0,18.0,11.0,12.0,20.0,3.0,5.0,,2.0,3.0,11.0,4.0,10.0,2.0,15.0,,1.0,19.0,41.0,6.0,23.0,12.0,68.0,92.0,3.0,8.0,,6.0,2.0,7.0,1.0,3.0,6.0,13.0,22.0,16.0,6.0,2.0,,15.0,2.0,3.0,11.0,15.0,7.0,2.0,34.0,6.0,9.0,12.0,1.0,22.0,11.0,33.0,5.0,2.0,7.0,3.0,3.0,,2.0,7.0,15.0,,4.0,4.0,62.0,13.0,2.0,0.5789473684210527,0.6111111111111112,0.2608695652173913,0.3333333333333333,0.2608695652173913,0.4634146341463415,0.375,0.2857142857142857,0.4375,0.2727272727272727,0.35,0.4722222222222222,0.2727272727272727,0.4642857142857143,0.359375,0.07317073170731707,0.09090909090909091,,0.5833333333333334,1.0,0.5714285714285714,0.2727272727272727,0.9,0.6774193548387096,0.2972972972972973,0.5,0.125,0.16666666666666666,0.7142857142857143,0.6666666666666666,0.875,14.780821917808218,14.36986301369863,0.3125,0.6,0.6666666666666666,0.5833333333333334,0.171875,0.2727272727272727,0.3,0.6666666666666666,0.15625,0.4,0.4,0.234375,0.13333333333333333,0.14285714285714285,0.45454545454545453,0.6,0.2,,0.1,,0.671875,0.13333333333333333,0.5106078125,0.44786875,0.436545,0.058823529411764705,0.08888888888888889,0.08823529411764706,0.19117647058823528,6.434146341463415,24.91304347826087,4.0,4.0,1.0,4.0,,2.0,2.0,,0.5,4.0,8.0,1.0,2.0,12.0,4.0,3.0,2.0,0.6666666666666666,0.1,0.2,1.0,0.5,0.125,0.5,0.5,0.75,0.2,0.5,1.0,0.5,3.0,5.0,0.3333333333333333,0.25,1.0,,0.36363636363636365,0.030303030303030304,3.0,,,,3.0,,,,,1.0,,3.0,,0.2727272727272727,,,,0.6666666666666666,,,1.0,,1.0,,,,,,1.0,0.043478260869565216,,,0.06666666666666667,,1610612760,2004,2003-04,True
1740-2209-2499-2501-2557,1610612760,"Rashard Lewis, Vladimir Radmanovic, Richie Frahm, Reggie Evans, Luke Ridnour","Lewis, Radmanovic, Frahm, Evans, Ridnour",1740-2209-2499-2501-2557,SEA,75.0,1,2.0,2.0,4.0,,1.0,1.0,,,2.0,76.8,21.0,12.0,1.0,1.0,3.0,2.0,2.0,1.0,1.0,2.0,,,1.0,1.0,,1.0,,,,,,,1.0,3.0,,,1.0,3.0,,,1.0,1.0,1.0,1.0,2.0,,,,2.0,,2.0,,,,,,,,,,,,2.0,,1.0,,1.0,3.0,4.0,,,1.0,,1.0,,1.0,,2.0,,1.0,,2.0,2.0,,,,,,,0.3333333333333333,,0.5,0.3333333333333333,,0.5,0.375,0.25,0.5,,,,,1.0,,1.0,1.0,,1.0,1.0,1.0,1.0,,,,,16.5,16.5,0.6666666666666666,0.5,0.5,,0.3333333333333333,,,,,,,,,,,,0.5,1.0,,,0.6666666666666666,,0.41283333333333333,0.3154,0.47575,0.25,0.25,0.3333333333333333,0.6666666666666666,4.133333333333334,,,,,,1.0,,,1.0,,,,,,,,,,,,1.0,,,,,,,,,,,,,,,2.0,,,1.0,,,,,,,,,,,,,,,,,,,,,,,,,,,,,,,,,,,1610612760,2004,2003-04,True
1740-2209-2499-2501-699,1610612760,"Rashard Lewis, Vladimir Radmanovic, Richie Frahm, Reggie Evans, Brent Barry","Lewis, Radmanovic, Frahm, Evans, Barry",1740-2209-2499-2501-699,SEA,18.0,1,2.0,2.0,3.0,,,,,,2.0,240.0,8.5,8.5,1.0,,1.0,1.0,1.0,1.0,1.0,1.0,1.0,1.0,1.0,1.0,,,,1.0,,,,,1.0,2.0,,,1.0,3.0,2.0,1.0,1.0,,2.0,1.0,2.0,,,1.0,3.0,,2.0,,2.0,,,,,,,,,,,,,,,1.0,1.0,,,,,,,,,2.0,,1.0,,1.0,3.0,,,,,,,0.5,1.0,0.5,0.5,1.0,0.5,0.5,1.0,0.5,,,,,,,,,,,,,,,,,,1.0,1.0,0.5,1.0,1.0,,,,,,0.5,,,,,,1.0,1.0,0.5,1.0,,,0.5,,0.41335,0.4346,0.41335,0.3333333333333333,0.3333333333333333,0.6666666666666666,1.0,10.25,,,,,,1.0,,,1.0,,,,,,,,,,,,,,,,,,,,,,,,,,,,,,,,,,,,,,,,,,,,,,,,,,,,,,,,,,,,,,,,,1610612760,2004,2003-04,True
1740-2209-2499-2557-699,1610612760,"Rashard Lewis, Vladimir Radmanovic, Richie Frahm, Luke Ridnour, Brent Barry","Lewis, Radmanovic, Frahm, Ridnour, Barry",1740-2209-2499-2557-699,SEA,312.0,1,10.0,,20.0,2.0,4.0,,2.0,1.0,,92.3076923076923,16.2,16.2,,5.0,-8.0,10.0,,,1.0,1.0,,,,,,1.0,1.0,2.0,,1.0,,,2.0,4.0,,1.0,2.0,6.0,14.0,,,,,,,,,,,2.0,2.0,,,,1.0,,,1.0,1.0,,,2.0,,1.0,2.0,,3.0,,3.0,,,2.0,,,,,,2.0,,1.0,,6.0,,,0.5,0.5,,,,0.5,,,0.4,,,0.5,,,0.2,,,,0.5,,1.0,,0.3333333333333333,0.6,,,,,,1.0,,15.0,14.2,0.2,1.0,1.0,,0.2,,,,0.4,0.5,0.5,0.2,,,,,,,,,0.4,,0.44869000000000003,,,0.16666666666666666,0.2,,,13.0,25.5,2.0,,,,,,,,,,,,,,,,1.0,,,1.0,0.3333333333333333,1.0,,,,,,,,,,,,,,,,,,,,,,,,,,,,,,,,,,,,,1.0,,,,,,,,,,,,,,1610612760,2004,2003-04,True
1740-2209-2499-2557-951,1610612760,"Rashard Lewis, Vladimir Radmanovic, Richie Frahm, Luke Ridnour, Ray Allen","Lewis, Radmanovic, Frahm, Ridnour, Allen",1740-2209-2499-2557-951,SEA,75.0,2,5.0,5.0,10.0,,1.0,1.0,4.0,,5.0,192.0,8.4,8.2,1.0,1.0,-7.0,5.0,5.0,1.0,1.0,1.0,1.0,1.0,1.0,1.0,,,,1.0,,2.0,,2.0,1.0,2.0,,2.0,,2.0,9.0,1.0,1.0,,2.0,1.0,2.0,,2.0,,2.0,,2.0,,2.0,,2.0,,,,,,,,1.0,,,1.0,1.0,1.0,2.0,,,1.0,,1.0,,,2.0,,,,,,2.0,2.0,,,,,,0.5,1.0,0.5,0.25,1.0,0.25,0.25,1.0,0.25,0.5,,,,1.0,1.0,,1.0,,,0.3333333333333333,,,1.0,,,,6.6,6.6,0.25,1.0,1.0,,,,,,0.25,,,0.5,,,1.0,1.0,0.25,1.0,0.5,,0.75,,0.4433875,0.5625,0.4433875,,,1.0,1.0,7.3,26.2,,,,,,,,,,,,,,,,,,,,,,,,,,,,,,,,,,,1.0,,,0.3333333333333333,,,,,,,,,,,,,,,,,,,,,,,,,,,,,,,,,,,1610612760,2004,2003-04,True
1740-2209-2499-2557-958,1610612760,"Rashard Lewis, Vladimir Radmanovic, Richie Frahm, Luke Ridnour, Vitaly Potapenko","Lewis, Radmanovic, Frahm, Ridnour, Potapenko",1740-2209-2499-2557-958,SEA,105.0,1,4.0,4.0,8.0,,1.0,1.0,2.0,,4.0,109.71428571428571,15.5,15.5,1.0,2.0,-1.0,4.0,4.0,,,,,,,,,1.0,2.0,2.0,,,,,2.0,3.0,,,,4.0,5.0,,,,,2.0,3.0,,,,4.0,4.0,,,,,,,,2.0,2.0,,,4.0,,1.0,,1.0,2.0,,2.0,,,1.0,,1.0,,,,,,,,4.0,4.0,2.0,1.0,1.0,,,,0.6666666666666666,,0.6666666666666666,0.6666666666666666,,0.6666666666666666,0.6666666666666666,,0.6666666666666666,,,,,1.0,1.0,,,1.0,1.0,,,,,,,1.0,10.75,10.75,,,,,0.3333333333333333,,,,0.6666666666666666,1.0,1.0,,,,,,,,,,,,0.4170666666666667,,0.4170666666666667,,,,1.0,13.566666666666668,,,,,,,,,,,,,,,,,,2.0,,,,,1.0,,,,,,,,,,,,,,,,,,,,,,,,,,,,,,,,,,,,,,,,,,,,,,,,,,,1610612760,2004,2003-04,True
1740-2209-2499-699-951,1610612760,"Rashard Lewis, Vladimir Radmanovic, Richie Frahm, Brent Barry, Ray Allen","Lewis, Radmanovic, Frahm, Barry, Allen",1740-2209-2499-699-951,SEA,283.0,2,9.0,5.0,18.0,,2.0,1.0,1.0,,5.0,91.59010600706713,17.0,14.11111111111111,0.5555555555555556,5.0,-9.0,9.0,2.0,2.0,,1.0,,,,,1.0,3.0,,1.0,1.0,3.0,1.0,2.0,1.0,5.0,1.0,3.0,1.0,6.0,15.0,,2.0,,,,2.0,1.0,2.0,1.0,4.0,,2.0,3.0,,,3.0,1.0,,,,,,,1.0,1.0,2.0,,3.0,3.0,6.0,,,2.0,,,,1.0,1.0,2.0,,,1.0,6.0,4.0,,,,0.3333333333333333,0.5,0.3333333333333333,0.2,,,0.3125,,0.375,0.3333333333333333,,0.4,0.375,,,,1.0,,1.0,0.25,1.0,1.0,0.3333333333333333,,0.5,,,1.0,1.0,14.444444444444445,14.444444444444445,0.125,,,,0.375,0.3333333333333333,0.3333333333333333,,0.125,,,0.375,0.3333333333333333,0.3333333333333333,,,,,0.5,0.5,0.5,0.3333333333333333,0.35836875,0.3241,0.3438875,,,,0.6666666666666666,8.86,25.7,2.0,,,,1.0,,,1.0,,,,,,,,,,,,1.0,,,,,,,,,,,,1.0,0.5,,,1.0,0.5,,,,,,,,,,,,,,,,,,,,,,,,,,,,,,,,,,,,1610612760,2004,2003-04,True
1740-2209-2501-2557-699,1610612760,"Rashard Lewis, Vladimir Radmanovic, Reggie Evans, Luke Ridnour, Brent Barry","Lewis, Radmanovic, Evans, Ridnour, Barry",1740-2209-2501-2557-699,SEA,591.0,6,19.0,,38.0,,1.0,,5.0,,,92.58883248730965,12.789473684210526,12.789473684210526,,10.0,4.0,19.0,10.0,,6.0,8.0,,,,,1.0,3.0,,2.0,,1.0,,,7.0,13.0,1.0,3.0,2.0,19.0,15.0,,,,,,,,,,,6.0,8.0,,,,1.0,,1.0,3.0,4.0,3.0,,9.0,,1.0,4.0,2.0,7.0,,7.0,3.0,3.0,1.0,,,,,,4.0,,2.0,,19.0,,3.0,0.42857142857142855,0.42857142857142855,0.3333333333333333,,0.3333333333333333,0.5384615384615384,,,0.53125,,,0.5277777777777778,,,0.1875,0.07692307692307693,,,1.0,1.0,0.4,,0.25,0.35714285714285715,,,,,0.5,0.5,,18.31578947368421,13.68421052631579,0.5,0.75,0.8571428571428571,0.5,0.1875,0.3333333333333333,0.3333333333333333,,0.125,,,0.0625,,,,,,,,,0.6875,,0.503659375,,,0.1111111111111111,0.13333333333333333,,,5.415384615384616,23.933333333333334,1.0,1.0,,1.0,,1.0,,,,1.0,2.0,,,3.0,1.0,1.0,,1.0,0.125,0.25,1.0,,0.125,0.5,0.5,1.0,,,,,,,,,,,,,1.0,,,,,,,,,,,,,,,,,,,,,,,,,,,,,,,,,,1610612760,2004,2003-04,True
1740-2209-2501-2557-951,1610612760,"Rashard Lewis, Vladimir Radmanovic, Reggie Evans, Luke Ridnour, Ray Allen","Lewis, Radmanovic, Evans, Ridnour, Allen",1740-2209-2501-2557-951,SEA,89.0,2,2.0,,5.0,,,,2.0,,,80.89887640449437,9.0,9.0,,1.0,1.0,3.0,1.0,,1.0,1.0,,,,,,,1.0,1.0,,,,,2.0,2.0,,,,4.0,3.0,,,,,,,,,,,4.0,,,,,,,,2.0,2.0,1.0,,4.0,,1.0,1.0,,2.0,,2.0,,,,,,,,1.0,,,,,4.0,,,1.0,1.0,,,,1.0,,,1.0,,,1.0,,,,,,,,,1.0,,1.0,1.0,,,,,,1.0,1.0,23.666666666666668,23.666666666666668,0.5,1.0,1.0,1.0,,,,,0.5,1.0,1.0,,,,,,,,,,0.5,,0.5532,,,,,,,10.6,,,,,,,,,,,,,,,,,,1.0,,,,,1.0,,,,,,,,,,,,,,,,,,,,,,,,,,,,,,,,,,,,,,,,,,,,,,,,,,,1610612760,2004,2003-04,True
1740-2209-2501-699-951,1610612760,"Rashard Lewis, Vladimir Radmanovic, Reggie Evans, Brent Barry, Ray Allen","Lewis, Radmanovic, Evans, Barry, Allen",1740-2209-2501-699-951,SEA,1034.0,10,36.0,26.0,71.0,5.0,10.0,7.0,7.0,,26.0,98.87814313346227,14.055555555555555,13.88888888888889,0.7222222222222222,17.0,-8.0,35.0,5.0,1.0,3.0,5.0,,,3.0,4.0,3.0,6.0,1.0,2.0,1.0,2.0,1.0,2.0,7.0,13.0,2.0,4.0,15.0,35.0,43.0,,,,,5.0,9.0,1.0,2.0,13.0,26.0,2.0,12.0,,,,2.0,1.0,,1.0,3.0,1.0,,8.0,,5.0,6.0,,11.0,,11.0,4.0,3.0,5.0,3.0,2.0,,1.0,4.0,15.0,,3.0,4.0,35.0,26.0,,0.14285714285714285,0.14285714285714285,0.5,0.5,0.5,0.5384615384615384,,0.5555555555555556,0.5882352941176471,,0.5909090909090909,0.7083333333333334,,0.7352941176470589,0.23529411764705882,,,,0.5,,0.75,,0.45454545454545453,0.5789473684210527,,,,,0.75,0.5,0.375,15.085714285714285,14.285714285714286,0.29411764705882354,0.6,0.6,0.3333333333333333,0.35294117647058826,0.5,0.5,,0.11764705882352941,0.5,0.5,0.11764705882352941,0.5,0.5,,,0.36363636363636365,0.75,0.18181818181818182,0.5,0.5294117647058824,0.5,0.49766470588235295,,0.5027727272727273,0.15,0.1875,,0.7428571428571429,6.6692307692307695,24.475,3.0,2.0,,2.0,,2.0,1.0,,0.5,1.0,2.0,,,6.0,2.0,1.0,,1.0,,1.0,0.6666666666666666,,0.11764705882352941,0.5,0.5,1.0,,,1.0,1.0,1.0,,,,,,,,2.0,,,,,,,,,,,,1.0,,,,,,,,1.0,,1.0,,,,,,,,,1.0,,,1610612760,2004,2003-04,True
1740-2209-2557-699-951,1610612760,"Rashard Lewis, Vladimir Radmanovic, Luke Ridnour, Brent Barry, Ray Allen","Lewis, Radmanovic, Ridnour, Barry, Allen",1740-2209-2557-699-951,SEA,305.0,3,9.0,5.0,19.0,2.0,2.0,2.0,3.0,1.0,5.0,89.70491803278689,20.666666666666668,17.22222222222222,0.5555555555555556,5.0,2.0,10.0,2.0,2.0,1.0,2.0,1.0,1.0,,,1.0,1.0,2.0,4.0,,2.0,,2.0,4.0,7.0,,2.0,6.0,14.0,12.0,2.0,2.0,2.0,6.0,2.0,3.0,,2.0,4.0,8.0,2.0,6.0,,2.0,1.0,1.0,,1.0,1.0,1.0,,,2.0,2.0,2.0,1.0,,3.0,4.0,7.0,2.0,2.0,,,,,,1.0,7.0,,1.0,2.0,8.0,8.0,1.0,0.25,0.3333333333333333,,,,0.5714285714285714,1.0,0.6666666666666666,0.4444444444444444,0.6666666666666666,0.4,0.5416666666666666,0.625,0.5,0.2222222222222222,0.14285714285714285,,0.25,,,1.0,0.6666666666666666,1.0,1.0,0.75,1.0,,0.5,,1.0,1.0,11.9,11.4,0.2222222222222222,0.5,0.5,,0.1111111111111111,1.0,1.0,,0.4444444444444444,0.5,0.6666666666666666,0.2222222222222222,,,0.3333333333333333,1.0,,,0.4,,0.4444444444444444,,0.40404375,0.4565166666666667,0.3915875,0.1,0.125,0.42857142857142855,0.5714285714285714,12.5,48.3,,,,,1.0,,,1.0,,,,,,,,,1.0,,,,1.0,0.5,,,,,,,,,,1.0,1.0,,1.0,,1.0,0.3333333333333333,,,,,1.0,,,,,,,1.0,1.0,0.3333333333333333,,,,,,,,,,,,,,,,,,,,,1610612760,2004,2003-04,True
1740-2209-2557-699-958,1610612760,"Rashard Lewis, Vladimir Radmanovic, Luke Ridnour, Brent Barry, Vitaly Potapenko","Lewis, Radmanovic, Ridnour, Barry, Potapenko",1740-2209-2557-699-958,SEA,624.0,5,21.0,6.0,44.0,1.0,6.0,2.0,4.0,,6.0,101.53846153846153,15.047619047619047,15.047619047619047,0.2857142857142857,10.0,-4.0,23.0,8.0,,1.0,3.0,,,,1.0,,2.0,1.0,3.0,2.0,3.0,1.0,1.0,2.0,8.0,3.0,4.0,4.0,17.0,21.0,,,,,,1.0,2.0,2.0,,6.0,4.0,,,,,3.0,2.0,2.0,2.0,5.0,1.0,,13.0,,4.0,5.0,2.0,11.0,,11.0,2.0,2.0,5.0,1.0,3.0,,,2.0,4.0,,2.0,,17.0,6.0,1.0,1.0,1.0,0.75,1.0,0.75,0.25,,,0.5416666666666666,,1.0,0.6071428571428571,,1.0,0.3333333333333333,0.25,,,0.8333333333333334,1.0,0.8333333333333334,,0.8,0.8181818181818182,,,,,0.75,1.0,0.5,13.391304347826088,12.695652173913043,0.25,0.3333333333333333,1.0,1.0,0.16666666666666666,,,,0.25,0.3333333333333333,0.3333333333333333,0.25,0.6666666666666666,0.6666666666666666,,,0.3333333333333333,,0.3333333333333333,1.0,0.5833333333333334,0.6666666666666666,0.48577916666666665,,0.5605333333333333,0.14285714285714285,0.2,,0.35294117647058826,8.925,25.15,2.0,1.0,,1.0,,1.0,,,,1.0,1.0,1.0,1.0,9.0,3.0,1.0,1.0,1.0,0.6666666666666666,1.0,1.0,1.0,0.08333333333333333,1.0,1.0,1.0,0.3333333333333333,1.0,2.0,1.0,,,,,,,,,1.0,,,,,,,,,,,,,,,,,,,,,,,,,,,,,,,,,,1610612760,2004,2003-04,True
1740-2209-2557-951-958,1610612760,"Rashard Lewis, Vladimir Radmanovic, Luke Ridnour, Ray Allen, Vitaly Potapenko","Lewis, Radmanovic, Ridnour, Allen, Potapenko",1740-2209-2557-951-958,SEA,1213.0,8,31.0,12.0,64.0,2.0,7.0,4.0,9.0,1.0,12.0,75.97691673536687,16.161290322580644,16.06451612903226,0.3870967741935484,20.0,17.0,33.0,6.0,3.0,7.0,7.0,3.0,3.0,3.0,3.0,2.0,5.0,3.0,4.0,2.0,5.0,,1.0,12.0,16.0,3.0,8.0,7.0,40.0,23.0,3.0,3.0,,6.0,5.0,7.0,1.0,3.0,,13.0,12.0,12.0,3.0,6.0,,5.0,2.0,1.0,6.0,8.0,2.0,1.0,18.0,2.0,3.0,15.0,,18.0,3.0,21.0,2.0,2.0,5.0,,3.0,,,1.0,8.0,,4.0,,34.0,13.0,1.0,0.5,0.6666666666666666,0.375,0.3333333333333333,0.375,0.75,1.0,0.7142857142857143,0.6875,1.0,0.65,0.7142857142857143,1.0,0.65,0.3333333333333333,0.0625,0.2,,0.7142857142857143,,0.6,0.5,0.6,0.6,0.3333333333333333,,0.6666666666666666,,0.5714285714285714,0.6,0.6666666666666666,21.575757575757574,18.454545454545453,0.2916666666666667,1.0,1.0,0.2857142857142857,0.20833333333333334,0.4,0.5,0.5,0.16666666666666666,0.75,0.75,0.20833333333333334,0.4,0.4,1.0,1.0,0.3,1.0,0.1,,0.625,0.4,0.5002854166666667,0.4287,0.50427,0.14285714285714285,0.2,0.15,0.325,8.7125,24.4125,2.0,2.0,1.0,2.0,,1.0,2.0,,1.0,1.0,3.0,1.0,2.0,6.0,2.0,,3.0,0.6666666666666666,,0.6153846153846154,0.5,1.0,0.125,0.3333333333333333,0.3333333333333333,,0.2,0.5,2.0,1.0,,1.0,0.2,0.5,,,,,1.0,,,,,,,,,,,,,,,,,,,,,,,,,,,,,,,,,,1610612760,2004,2003-04,True
1740-2209-699-951-958,1610612760,"Rashard Lewis, Vladimir Radmanovic, Brent Barry, Ray Allen, Vitaly Potapenko","Lewis, Radmanovic, Barry, Allen, Potapenko",1740-2209-699-951-958,SEA,5481.0,17,171.0,47.0,343.0,6.0,22.0,4.0,27.0,,47.0,90.11494252873564,16.415204678362574,15.91812865497076,0.27485380116959063,91.0,4.0,172.0,51.0,17.0,30.0,48.0,6.0,11.0,4.0,8.0,14.0,34.0,18.0,33.0,8.0,24.0,3.0,9.0,62.0,115.0,12.0,33.0,32.0,192.0,188.0,7.0,14.0,,17.0,11.0,27.0,3.0,10.0,19.0,50.0,54.0,70.0,,10.0,,24.0,8.0,7.0,27.0,39.0,12.0,5.0,90.0,12.0,30.0,26.0,4.0,60.0,17.0,77.0,15.0,9.0,16.0,1.0,2.0,1.0,1.0,11.0,38.0,5.0,18.0,3.0,175.0,50.0,4.0,0.43548387096774194,0.47368421052631576,0.36363636363636365,0.3,0.36363636363636365,0.5391304347826087,0.5,0.4074074074074074,0.5405405405405406,0.53125,0.4189189189189189,0.5823170731707317,0.53125,0.5212765957446809,0.22297297297297297,0.06086956521739131,0.11764705882352941,,0.7272727272727273,1.0,0.7647058823529411,0.22641509433962265,0.7317073170731707,0.7466666666666667,0.21621621621621623,0.3333333333333333,0.25,0.06666666666666667,0.7272727272727273,0.75,0.7096774193548387,15.546511627906977,14.936046511627907,0.32432432432432434,0.625,0.6666666666666666,0.4,0.22972972972972974,0.4117647058823529,0.4666666666666667,0.35714285714285715,0.22297297297297297,0.5454545454545454,0.5454545454545454,0.16216216216216217,0.3333333333333333,0.3333333333333333,0.6875,0.5454545454545454,0.21621621621621623,0.5,0.24324324324324326,0.3333333333333333,0.5472972972972973,0.3333333333333333,0.49905878378378377,0.5250346153846154,0.46207297297297295,0.11180124223602485,0.140625,0.08854166666666667,0.2604166666666667,7.859999999999999,24.766666666666666,14.0,5.0,3.0,6.0,1.0,1.0,4.0,0.2,0.6666666666666666,4.0,9.0,,1.0,36.0,12.0,4.0,10.0,1.0,0.0625,0.8,0.8,0.5555555555555556,0.060810810810810814,0.4444444444444444,0.4444444444444444,1.0,0.02702702702702703,,8.0,1.0,6.0,4.0,0.19047619047619047,0.2,7.0,,0.1875,0.1044776119402985,2.0,,,1.0,2.0,0.5,,,,1.0,1.0,2.0,1.0,0.125,0.5,1.0,2.0,0.16666666666666666,1.0,,1.0,,1.0,1.0,,,,,,,,,,,1610612760,2004,2003-04,True
1740-2436-2499-2501-2557,1610612760,"Rashard Lewis, Flip Murray, Richie Frahm, Reggie Evans, Luke Ridnour","Lewis, Murray, Frahm, Evans, Ridnour",1740-2436-2499-2501-2557,SEA,1187.0,6,39.0,21.0,79.0,3.0,6.0,4.0,7.0,1.0,21.0,95.83824768323504,15.384615384615385,14.974358974358974,0.5384615384615384,20.0,2.0,40.0,,3.0,8.0,14.0,1.0,2.0,4.0,8.0,3.0,6.0,5.0,9.0,,2.0,,2.0,16.0,29.0,1.0,4.0,8.0,43.0,41.0,1.0,3.0,,2.0,6.0,12.0,1.0,4.0,6.0,21.0,16.0,16.0,,,,2.0,,2.0,8.0,9.0,4.0,1.0,19.0,4.0,7.0,6.0,,13.0,4.0,17.0,4.0,2.0,3.0,1.0,2.0,,2.0,5.0,8.0,,2.0,2.0,41.0,21.0,,0.5,0.5,0.25,0.25,0.25,0.5517241379310345,0.3333333333333333,0.5,0.5303030303030303,0.3333333333333333,0.46875,0.581081081081081,0.3333333333333333,0.5526315789473685,0.12121212121212122,0.06896551724137931,,,0.5,,0.6666666666666666,0.3076923076923077,0.875,0.7647058823529411,0.25,0.16666666666666666,0.6666666666666666,0.25,0.6666666666666666,0.6666666666666666,1.0,14.675,14.25,0.42424242424242425,0.5714285714285714,0.6666666666666666,0.5,0.18181818181818182,0.5,0.5,0.3333333333333333,0.2727272727272727,0.5555555555555556,0.5555555555555556,0.06060606060606061,,,0.6666666666666666,0.5,0.5,0.5,0.125,,0.5454545454545454,,0.5026257575757576,0.5243333333333333,0.546009375,0.05714285714285714,0.06451612903225806,0.046511627906976744,0.4883720930232558,7.651724137931034,23.725,1.0,2.0,,2.0,,2.0,1.0,,0.5,1.0,2.0,1.0,2.0,3.0,1.0,1.0,3.0,1.0,0.14285714285714285,,0.6666666666666666,0.6,0.06060606060606061,0.5,0.5,1.0,0.125,0.5,,,2.0,,,,,,,,,,,,,,,,,,,,,,,,1.0,1.0,,,,,,,,,,,,,,,,,1610612760,2004,2003-04,True
1740-2436-2499-2557-699,1610612760,"Rashard Lewis, Flip Murray, Richie Frahm, Luke Ridnour, Brent Barry","Lewis, Murray, Frahm, Ridnour, Barry",1740-2436-2499-2557-699,SEA,83.0,1,5.0,5.0,10.0,,1.0,1.0,1.0,,5.0,173.49397590361446,11.0,11.0,1.0,1.0,-4.0,5.0,5.0,,,,,,,,,,,,,,,,,,,,5.0,5.0,9.0,,,,,,,,,5.0,5.0,,,,,,,,,,,,,,,1.0,,1.0,2.0,,2.0,,,1.0,,,,,,6.0,,1.0,2.0,5.0,5.0,1.0,,,,,,,,,,,,0.8333333333333334,,0.8333333333333334,,,,,1.0,1.0,,,1.0,1.0,,,,,,,1.0,5.6,5.6,,,,,,,,,,,,,,,,,,,,,,,,,,1.0,1.0,,1.0,,,1.0,,,,,,,,,,,,,,,,,,,,,,,,,,,,,,,,,,,,,,,,,,,,,,,,,,,,,,,,,,,,,,,,,,,,,,,,1610612760,2004,2003-04,True
1740-2436-2499-2557-951,1610612760,"Rashard Lewis, Flip Murray, Richie Frahm, Luke Ridnour, Ray Allen","Lewis, Murray, Frahm, Ridnour, Allen",1740-2436-2499-2557-951,SEA,29.0,1,1.0,1.0,2.0,,,,,,1.0,99.3103448275862,18.0,18.0,1.0,,,1.0,1.0,,,,,,,,,,,,,,,,,,,,,,,,,,,,,,,,,,,,,,,,,,,,,,,,1.0,,1.0,,1.0,,,,,,,,,,,,,,,,,,,,,,,,,,,,,,,,,,,,1.0,,,1.0,,,,,,1.0,,11.0,11.0,,,,,,,,,,,,,,,,,,,,,,,,,,,,,,,,,,,,,,,,,,,,,,,,,,,,,,,,,,,,,,,,,,,,,,,,,,,,,,,,,,,,,,,,,,,,,,,,,,,,,,,,1610612760,2004,2003-04,True
1740-2436-2499-2557-958,1610612760,"Rashard Lewis, Flip Murray, Richie Frahm, Luke Ridnour, Vitaly Potapenko","Lewis, Murray, Frahm, Ridnour, Potapenko",1740-2436-2499-2557-958,SEA,367.0,1,9.0,4.0,18.0,1.0,2.0,1.0,2.0,,4.0,70.6267029972752,17.0,14.555555555555555,0.4444444444444444,6.0,8.0,9.0,,2.0,2.0,6.0,,2.0,2.0,2.0,,,,,2.0,3.0,1.0,1.0,2.0,6.0,2.0,3.0,2.0,12.0,4.0,,2.0,1.0,4.0,2.0,2.0,1.0,1.0,,7.0,4.0,,,,,3.0,2.0,2.0,2.0,4.0,2.0,,10.0,3.0,,6.0,,6.0,4.0,10.0,1.0,1.0,1.0,,,1.0,,1.0,4.0,,2.0,,8.0,7.0,,1.0,1.0,0.6666666666666666,1.0,0.6666666666666666,0.3333333333333333,,1.0,0.5555555555555556,0.5,1.1666666666666667,0.5454545454545454,0.5,1.1666666666666667,0.3333333333333333,0.3333333333333333,,,0.5,,0.8571428571428571,0.75,,0.8571428571428571,0.8,0.75,,,1.0,1.0,,23.77777777777778,18.88888888888889,0.6666666666666666,0.3333333333333333,0.5,1.0,,,,,,,,0.3333333333333333,0.6666666666666666,0.6666666666666666,0.6666666666666666,,0.6666666666666666,1.0,0.3333333333333333,1.0,1.0,0.6666666666666666,0.4976055555555555,0.450625,0.5575833333333333,0.18181818181818182,0.25,0.3333333333333333,0.5833333333333334,1.7,25.733333333333334,1.0,,,,,,,,,,,,,6.0,2.0,,,1.0,0.3333333333333333,0.8,,,,,,,,,2.0,1.0,,1.0,1.0,,,,1.0,,,,,1.0,1.0,1.0,,,,,1.0,1.0,,0.3333333333333333,1.0,1.0,,,,,,,,,,,,,,,,,,,1610612760,2004,2003-04,True
1740-2436-2499-699-958,1610612760,"Rashard Lewis, Flip Murray, Richie Frahm, Brent Barry, Vitaly Potapenko","Lewis, Murray, Frahm, Barry, Potapenko",1740-2436-2499-699-958,SEA,101.0,2,4.0,4.0,8.0,1.0,1.0,1.0,2.0,,4.0,114.05940594059406,10.25,6.0,1.0,2.0,,4.0,,1.0,1.0,1.0,,,1.0,1.0,,2.0,,,,,,,1.0,3.0,,,2.0,4.0,4.0,,1.0,,,1.0,3.0,,,2.0,4.0,2.0,,,,,,,1.0,1.0,1.0,1.0,,2.0,,1.0,1.0,,2.0,,2.0,,,,,,1.0,,2.0,2.0,1.0,1.0,,4.0,4.0,,1.0,1.0,,,,0.3333333333333333,,0.3333333333333333,0.3333333333333333,,0.3333333333333333,0.5,,0.5,,0.3333333333333333,0.5,,,,1.0,,1.0,1.0,,,,,,,1.0,15.0,15.0,0.3333333333333333,1.0,1.0,1.0,0.6666666666666666,,,,,,,,,,,,0.3333333333333333,1.0,,,0.3333333333333333,,0.5177999999999999,0.3532,0.5177999999999999,0.3333333333333333,0.3333333333333333,,1.0,5.766666666666667,,,1.0,1.0,1.0,,,1.0,,1.0,,,,,,,,,,,1.0,,,,,,,,,,,,,,,,,,,,,,,,,,,,,,,1.0,,,,,,,,,,,,,,,,,,,,,,1610612760,2004,2003-04,True
1740-2436-2499-951-958,1610612760,"Rashard Lewis, Flip Murray, Richie Frahm, Ray Allen, Vitaly Potapenko","Lewis, Murray, Frahm, Allen, Potapenko",1740-2436-2499-951-958,SEA,380.0,2,13.0,6.0,26.0,1.0,1.0,1.0,,,6.0,98.52631578947368,15.0,15.0,0.46153846153846156,6.0,2.0,13.0,,,4.0,4.0,,,1.0,1.0,,2.0,3.0,5.0,,1.0,,1.0,7.0,11.0,,2.0,1.0,15.0,13.0,,,,,2.0,4.0,,2.0,,4.0,10.0,4.0,,,,1.0,,,5.0,5.0,3.0,,10.0,1.0,2.0,2.0,,4.0,1.0,5.0,2.0,,,,,,,,1.0,1.0,1.0,,15.0,4.0,,0.7142857142857143,0.7142857142857143,,,,0.6363636363636364,,0.5,0.5384615384615384,,0.3333333333333333,0.5769230769230769,,0.3333333333333333,0.15384615384615385,,,,,,1.0,0.25,1.0,1.0,0.16666666666666666,,0.5,,1.0,1.0,1.0,14.23076923076923,14.23076923076923,0.3076923076923077,1.0,1.0,0.75,0.15384615384615385,,,,0.38461538461538464,0.6,0.6,0.07692307692307693,,,,,0.16666666666666666,1.0,0.16666666666666666,,0.46153846153846156,,0.5120269230769231,,0.522475,0.07692307692307693,0.09090909090909091,,0.26666666666666666,10.10909090909091,23.95,,,,1.0,,,1.0,,1.0,,1.0,,1.0,,,,2.0,,,,,0.6666666666666666,0.07692307692307693,,,,0.16666666666666666,,,,2.0,,,,,,,,,,,,,,,,,,,,,,,,,,1.0,,,,,1.0,,,,,,,,,,,1610612760,2004,2003-04,True
1740-2436-2501-2557-958,1610612760,"Rashard Lewis, Flip Murray, Reggie Evans, Luke Ridnour, Vitaly Potapenko","Lewis, Murray, Evans, Ridnour, Potapenko",1740-2436-2501-2557-958,SEA,1141.0,8,35.0,17.0,68.0,4.0,4.0,2.0,12.0,1.0,17.0,85.81945661700263,15.82857142857143,15.571428571428571,0.4857142857142857,19.0,5.0,33.0,15.0,2.0,8.0,16.0,,1.0,6.0,10.0,3.0,4.0,3.0,6.0,1.0,2.0,1.0,2.0,14.0,26.0,3.0,5.0,5.0,42.0,37.0,,1.0,,,8.0,13.0,2.0,3.0,2.0,24.0,18.0,10.0,,,,2.0,1.0,2.0,9.0,12.0,5.0,2.0,27.0,2.0,4.0,4.0,3.0,11.0,3.0,14.0,5.0,2.0,,3.0,,,1.0,7.0,8.0,,1.0,2.0,42.0,24.0,1.0,0.6428571428571429,0.6428571428571429,0.6,0.6666666666666666,0.6,0.5384615384615384,,0.6153846153846154,0.5967741935483871,,0.6875,0.6,,0.7058823529411765,0.16129032258064516,0.07692307692307693,,,,1.0,0.36363636363636365,0.18181818181818182,0.5,0.42105263157894735,0.23076923076923078,0.14285714285714285,,0.3333333333333333,0.3333333333333333,0.6,0.6,17.78787878787879,15.0,0.5161290322580645,0.5,0.5714285714285714,0.625,0.12903225806451613,0.75,0.75,0.6666666666666666,0.1935483870967742,0.5,0.5,0.06451612903225806,0.5,0.5,1.0,,0.625,0.6,0.125,0.5,0.6774193548387096,0.5,0.4976516129032258,0.607,0.521065625,0.06060606060606061,0.037037037037037035,,0.5714285714285714,6.015384615384615,24.619999999999997,,3.0,1.0,4.0,,2.0,1.0,,0.25,2.0,3.0,1.0,1.0,9.0,3.0,2.0,2.0,1.0,0.125,,0.3333333333333333,0.6666666666666666,0.0967741935483871,0.6666666666666666,0.6666666666666666,1.0,0.0625,1.0,1.0,1.0,3.0,1.0,0.5,,1.0,,1.0,0.08333333333333333,3.0,,,,,,,,,,,,,,,,,,1.0,,,,,1.0,,1.0,0.16666666666666666,,,,,,,,1610612760,2004,2003-04,True
1740-2436-2501-699-951,1610612760,"Rashard Lewis, Flip Murray, Reggie Evans, Brent Barry, Ray Allen","Lewis, Murray, Evans, Barry, Allen",1740-2436-2501-699-951,SEA,189.0,2,6.0,6.0,14.0,,,,2.0,,6.0,106.66666666666667,8.833333333333334,8.833333333333334,1.0,3.0,1.0,8.0,6.0,,1.0,1.0,,,1.0,1.0,,,,2.0,,2.0,,2.0,1.0,3.0,,2.0,4.0,6.0,5.0,,,,,1.0,3.0,,2.0,4.0,6.0,2.0,,,,1.0,1.0,,,1.0,1.0,1.0,,2.0,,2.0,3.0,,5.0,,5.0,,,,,,,,,6.0,,,3.0,6.0,6.0,1.0,1.0,1.0,,,,0.3333333333333333,,0.3333333333333333,0.2,,0.2,0.375,,0.375,0.4,,,,,,1.0,,1.0,1.0,,,,,1.0,1.0,1.0,17.0,17.0,0.2,1.0,1.0,1.0,,,,,0.4,,,0.4,,,,,0.2,1.0,0.4,,0.6,,0.4882625,,0.4882625,,,,1.0,10.6,38.9,,,,,,,,,,,,,,,,,,,,1.0,1.0,,,,,,,,,,,,,,,,,,1.0,,,,,,,,,,,,,,,,,,,,,,,,,,,,,,,,,,1610612760,2004,2003-04,True
1740-2436-2501-699-958,1610612760,"Rashard Lewis, Flip Murray, Reggie Evans, Brent Barry, Vitaly Potapenko","Lewis, Murray, Evans, Barry, Potapenko",1740-2436-2501-699-958,SEA,859.0,8,26.0,15.0,52.0,1.0,4.0,2.0,3.0,,15.0,87.17112922002329,16.423076923076923,16.076923076923077,0.5769230769230769,14.0,4.0,26.0,5.0,4.0,2.0,5.0,1.0,3.0,2.0,4.0,,1.0,5.0,10.0,2.0,5.0,,2.0,7.0,16.0,3.0,6.0,8.0,31.0,27.0,1.0,3.0,,2.0,4.0,8.0,1.0,3.0,8.0,19.0,12.0,2.0,,,,5.0,2.0,2.0,6.0,9.0,1.0,,21.0,3.0,1.0,5.0,1.0,7.0,3.0,10.0,2.0,2.0,3.0,,1.0,,1.0,2.0,8.0,,2.0,2.0,29.0,19.0,,0.8571428571428571,0.8571428571428571,0.5,0.3333333333333333,0.5,0.4375,0.3333333333333333,0.5,0.5227272727272727,0.3333333333333333,0.5,0.5961538461538461,0.3333333333333333,0.6333333333333333,0.2727272727272727,0.125,,,0.75,1.0,0.7142857142857143,0.3333333333333333,0.5,0.6666666666666666,0.25,0.3333333333333333,,0.4,0.3333333333333333,1.0,0.5,16.615384615384617,15.653846153846153,0.22727272727272727,0.4,0.6666666666666666,0.5,0.045454545454545456,,,,0.45454545454545453,0.5,0.5,0.22727272727272727,0.4,0.4,1.0,0.3333333333333333,0.36363636363636365,0.5,0.18181818181818182,,0.5,0.4,0.4756840909090909,0.5764666666666667,0.5115272727272727,0.08333333333333333,0.1111111111111111,0.06451612903225806,0.6129032258064516,12.9375,25.28333333333333,2.0,,,,,,,,,1.0,1.0,1.0,1.0,9.0,3.0,1.0,5.0,1.0,0.4,1.0,,1.0,0.045454545454545456,1.0,1.0,1.0,0.09090909090909091,1.0,2.0,1.0,,,,,,,,,,,,,,,,,,,,,,,,,,1.0,,,,,,,,,,,,,,,,,1610612760,2004,2003-04,True
1740-2436-2501-951-958,1610612760,"Rashard Lewis, Flip Murray, Reggie Evans, Ray Allen, Vitaly Potapenko","Lewis, Murray, Evans, Allen, Potapenko",1740-2436-2501-951-958,SEA,954.0,5,31.0,2.0,59.0,3.0,6.0,2.0,8.0,,2.0,89.05660377358491,13.516129032258064,13.35483870967742,0.06451612903225806,16.0,9.0,28.0,,6.0,6.0,10.0,3.0,3.0,,,2.0,4.0,4.0,8.0,2.0,5.0,,,12.0,22.0,2.0,5.0,7.0,37.0,28.0,4.0,4.0,3.0,11.0,,,,,1.0,1.0,12.0,12.0,,8.0,,5.0,2.0,,6.0,8.0,1.0,2.0,18.0,4.0,2.0,9.0,1.0,12.0,6.0,18.0,,,3.0,2.0,1.0,,1.0,3.0,11.0,1.0,5.0,1.0,26.0,1.0,,0.5,0.75,0.4,,0.4,0.5454545454545454,1.0,,0.5555555555555556,1.0,,0.578125,1.1,0.5,0.18518518518518517,,,,0.5,1.0,0.6428571428571429,0.4,0.6666666666666666,0.6470588235294118,0.46153846153846156,0.75,,0.25,0.6666666666666666,0.6,0.5,19.107142857142858,17.964285714285715,0.37037037037037035,0.6,0.6,0.16666666666666666,0.14814814814814814,0.5,0.5,1.0,0.2962962962962963,0.5,0.5,0.18518518518518517,0.4,0.4,0.75,1.0,,,,,0.5555555555555556,0.4,0.505662962962963,0.5087666666666667,,0.16129032258064516,0.19230769230769232,0.2972972972972973,0.02702702702702703,8.304545454545455,25.32,2.0,5.0,,5.0,,5.0,3.0,,0.6,,,,,6.0,2.0,,3.0,1.0,,0.6666666666666666,1.0,0.75,,,,,,,2.0,1.0,,2.0,0.6666666666666666,,1.0,,0.6666666666666666,0.07692307692307693,,,,,,,,,,,,,,,,,1.0,,,,,,,,,,,,,,,,,,1610612760,2004,2003-04,True
1740-2436-2557-699-958,1610612760,"Rashard Lewis, Flip Murray, Luke Ridnour, Brent Barry, Vitaly Potapenko","Lewis, Murray, Ridnour, Barry, Potapenko",1740-2436-2557-699-958,SEA,132.0,1,4.0,,9.0,,,,2.0,,,98.18181818181817,21.5,21.5,,2.0,-6.0,5.0,,,1.0,1.0,,,,,,2.0,,1.0,,,,,1.0,4.0,,,,2.0,8.0,,,,,,,,,,,,2.0,,,,,,,,,,,,,,1.0,,1.0,,1.0,,,,,,,,2.0,,,,,2.0,,,,,,,,0.25,,,0.25,,,0.25,,,,,,,,,1.0,,,1.0,,,,,1.0,,,9.2,9.2,0.25,1.0,1.0,,0.5,,,,0.25,,,,,,,,,,,,0.25,,0.4076,,,,,,,9.675,,,,,,,,,,,,,,,,,,,,,,,,,,,,,,,,,,,,,,,,,,,,,,,,,,,,,,,,,,,,,,,,,,,,,,,,,,1610612760,2004,2003-04,True
1740-2436-2557-951-958,1610612760,"Rashard Lewis, Flip Murray, Luke Ridnour, Ray Allen, Vitaly Potapenko","Lewis, Murray, Ridnour, Allen, Potapenko",1740-2436-2557-951-958,SEA,1073.0,5,33.0,12.0,65.0,1.0,7.0,1.0,5.0,,12.0,87.23205964585276,17.333333333333332,17.21212121212121,0.36363636363636365,18.0,-10.0,32.0,8.0,4.0,4.0,4.0,2.0,2.0,1.0,1.0,3.0,10.0,3.0,5.0,1.0,4.0,,2.0,10.0,19.0,1.0,4.0,15.0,38.0,48.0,2.0,3.0,2.0,6.0,3.0,6.0,,2.0,8.0,14.0,8.0,12.0,,4.0,,4.0,1.0,1.0,4.0,5.0,1.0,1.0,11.0,3.0,1.0,7.0,1.0,9.0,4.0,13.0,1.0,,6.0,,,,,3.0,16.0,,7.0,1.0,32.0,14.0,,0.4,0.5,0.25,,0.25,0.5263157894736842,0.6666666666666666,0.5,0.5,0.6666666666666666,0.375,0.6129032258064516,0.75,0.5833333333333334,0.17391304347826086,0.05263157894736842,0.1,,0.8571428571428571,1.0,0.5833333333333334,0.3333333333333333,1.0,0.6153846153846154,0.3333333333333333,,0.42857142857142855,,0.6666666666666666,0.6,1.0,15.65625,14.40625,0.17391304347826086,1.0,1.0,0.25,0.43478260869565216,0.3,0.3333333333333333,0.3333333333333333,0.21739130434782608,0.6,0.6,0.17391304347826086,0.25,0.25,0.6666666666666666,1.0,0.125,1.0,0.25,,0.34782608695652173,0.25,0.43342391304347827,0.5082333333333333,0.4177375,0.23333333333333334,0.2692307692307692,0.15789473684210525,0.3684210526315789,8.173684210526316,25.375,6.0,2.0,1.0,2.0,,1.0,1.0,,0.5,,,,,3.0,1.0,,2.0,1.0,,0.5,,0.6666666666666666,,,,,,,1.0,1.0,1.0,1.0,0.3333333333333333,,,,0.3333333333333333,,,,,,,,,,,,,,,,,,,,,,,,,,,,,,,,,,,,1610612760,2004,2003-04,True
1740-2436-699-951-958,1610612760,"Rashard Lewis, Flip Murray, Brent Barry, Ray Allen, Vitaly Potapenko","Lewis, Murray, Barry, Allen, Potapenko",1740-2436-699-951-958,SEA,2882.0,11,89.0,69.0,175.0,7.0,11.0,9.0,21.0,1.0,69.0,87.43927827897294,16.876404494382022,15.955056179775282,0.7752808988764045,48.0,-10.0,86.0,27.0,13.0,13.0,18.0,6.0,8.0,7.0,10.0,4.0,15.0,4.0,14.0,9.0,20.0,9.0,19.0,21.0,47.0,10.0,24.0,31.0,103.0,113.0,6.0,10.0,2.0,17.0,14.0,30.0,10.0,23.0,23.0,81.0,20.0,22.0,6.0,10.0,,20.0,9.0,2.0,10.0,18.0,6.0,1.0,44.0,11.0,12.0,12.0,1.0,25.0,14.0,39.0,7.0,3.0,4.0,1.0,1.0,3.0,1.0,7.0,42.0,2.0,12.0,10.0,86.0,81.0,5.0,0.47619047619047616,0.625,0.4166666666666667,0.43478260869565216,0.4166666666666667,0.44680851063829785,0.6,0.4666666666666667,0.5070422535211268,0.625,0.5471698113207547,0.5659340659340659,0.6538461538461539,0.5955882352941176,0.3380281690140845,0.0425531914893617,0.06666666666666667,,0.36363636363636365,1.0,0.5454545454545454,0.4230769230769231,0.75,0.631578947368421,0.35,0.6,0.36363636363636365,0.4,0.42857142857142855,0.8333333333333334,0.875,16.046511627906977,15.44186046511628,0.2535211267605634,0.7222222222222222,0.7647058823529411,0.46153846153846156,0.2112676056338028,0.26666666666666666,0.2857142857142857,0.25,0.19718309859154928,0.2857142857142857,0.2857142857142857,0.28169014084507044,0.45,0.45,0.6666666666666666,0.75,0.18867924528301888,0.7,0.3584905660377358,0.47368421052631576,0.5915492957746479,0.45,0.4688183098591549,0.536395,0.46741698113207547,0.14814814814814814,0.21052631578947367,0.1650485436893204,0.7864077669902912,8.457446808510639,25.2,3.0,3.0,,4.0,,3.0,1.0,,0.25,1.0,4.0,1.0,4.0,24.0,8.0,1.0,3.0,0.8,0.05555555555555555,0.4444444444444444,0.625,0.75,0.056338028169014086,0.25,0.25,1.0,0.07547169811320754,0.25,7.0,0.7777777777777778,4.0,3.0,0.21428571428571427,0.3333333333333333,,1.0,0.18181818181818182,,2.0,,,1.0,2.0,0.5,,,,,1.0,2.0,,0.16666666666666666,0.5,1.0,1.0,0.16666666666666666,1.0,1.0,,,,,,,,,,,,,,,1610612760,2004,2003-04,True
1740-2499-2501-2557-951,1610612760,"Rashard Lewis, Richie Frahm, Reggie Evans, Luke Ridnour, Ray Allen","Lewis, Frahm, Evans, Ridnour, Allen",1740-2499-2501-2557-951,SEA,138.0,1,5.0,,10.0,,1.0,,1.0,,,104.34782608695653,12.8,12.4,,2.0,2.0,5.0,,1.0,1.0,3.0,,1.0,,,,,1.0,1.0,,,,,2.0,4.0,,,2.0,6.0,4.0,,1.0,,,,,,,,,4.0,,,,,,,,2.0,2.0,1.0,,4.0,1.0,2.0,1.0,,3.0,1.0,4.0,,,1.0,,1.0,,,,2.0,,1.0,,6.0,,,1.0,1.0,,,,0.5,,,0.5,,,0.6,,,,,,,1.0,,1.0,0.5,1.0,1.0,0.5,0.5,,,1.0,,1.0,14.8,14.8,0.75,0.3333333333333333,0.3333333333333333,1.0,,,,,0.25,1.0,1.0,,,,1.0,,,,,,0.75,,0.602375,0.5981,,0.2,0.2,,,4.725,,,,,,,,,,,,,,,,,,1.0,,,,1.0,1.0,,,,,,,,,,,,,,,,,,,,,,,,,,,,,,,,,,,,,,,,,,,,,,,,,,,1610612760,2004,2003-04,True
1740-2499-2501-2557-958,1610612760,"Rashard Lewis, Richie Frahm, Reggie Evans, Luke Ridnour, Vitaly Potapenko","Lewis, Frahm, Evans, Ridnour, Potapenko",1740-2499-2501-2557-958,SEA,127.0,1,3.0,,7.0,,,,3.0,,,79.37007874015748,14.333333333333334,14.333333333333334,,2.0,-1.0,4.0,,,,,,,,,,,,1.0,1.0,2.0,,,,1.0,1.0,2.0,,3.0,4.0,,,,,,,,,,,,,,,,2.0,1.0,,,1.0,,,3.0,,1.0,1.0,,2.0,,2.0,,,,,,,,2.0,,,,,3.0,,,,,0.5,,0.5,,,,0.5,,,0.5,,,0.6666666666666666,,,,,,0.5,,0.5,0.5,,,,,,1.0,0.5,21.0,19.75,,,,,,,,,0.3333333333333333,,,0.6666666666666666,0.5,0.5,,,,,,,0.6666666666666666,0.5,0.516,,,,,,,20.1,25.7,,,,,,,,,,,,,,3.0,1.0,,,1.0,,,,,,,,,,,1.0,1.0,,,,,,,,,1.0,,,,,,,,,,,,,,,,,,,,,,,,,,,,,,,,,,1610612760,2004,2003-04,True
1740-2499-2557-699-951,1610612760,"Rashard Lewis, Richie Frahm, Luke Ridnour, Brent Barry, Ray Allen","Lewis, Frahm, Ridnour, Barry, Allen",1740-2499-2557-699-951,SEA,31.0,1,3.0,3.0,6.0,,,,2.0,,3.0,278.7096774193548,4.0,4.0,1.0,1.0,1.0,3.0,3.0,,2.0,2.0,,,2.0,2.0,,,,1.0,,,,,2.0,3.0,,,,4.0,3.0,,,,,2.0,3.0,,,,4.0,2.0,2.0,,,,,,,1.0,1.0,1.0,,2.0,,,,1.0,1.0,,1.0,,,,,,,,,,,,,4.0,4.0,2.0,0.5,0.5,,,,0.6666666666666666,,0.6666666666666666,0.6666666666666666,,0.6666666666666666,0.6666666666666666,,0.6666666666666666,,,,,,1.0,,,,,,,,,,,,6.333333333333333,6.333333333333333,0.6666666666666666,1.0,1.0,0.5,,,,,0.3333333333333333,,,,,,,,0.6666666666666666,1.0,,,0.6666666666666666,,0.6087,,0.6087,,,,1.0,6.8999999999999995,,,,,,,,,,,,,,,,,,,,,,,,,,,,,,,,,,,,,,,,,,,,,,,,,,,,,,,,,,,,,,,,,,,,,,,,,,1610612760,2004,2003-04,True
1740-2499-2557-951-958,1610612760,"Rashard Lewis, Richie Frahm, Luke Ridnour, Ray Allen, Vitaly Potapenko","Lewis, Frahm, Ridnour, Allen, Potapenko",1740-2499-2557-951-958,SEA,34.0,1,1.0,1.0,2.0,,,,,,1.0,84.70588235294117,19.0,19.0,1.0,1.0,2.0,1.0,,1.0,,,,,,,,,,,,1.0,,1.0,,,,1.0,2.0,2.0,,,,2.0,2.0,,,,1.0,2.0,2.0,,,,,,1.0,,,,,,,,,,,1.0,1.0,1.0,2.0,,,,,,,,,2.0,,,1.0,,2.0,,,,,,,,,,,,,0.5,1.0,0.5,1.0,,,,,1.0,,,,,1.0,,,,,,,15.0,15.0,,,,,,,,,,,,1.0,,,,,,,1.0,,1.0,,0.48015,,0.48015,,,1.0,1.0,,25.1,,,,,,,,,,,,,,,,,,,,,,,,,,,,,,,,1.0,1.0,,,,1.0,,,,,,,,,,,,,,,,,,,,,,,,,,,,,,,,,,,,1610612760,2004,2003-04,True
1740-2499-699-951-958,1610612760,"Rashard Lewis, Richie Frahm, Brent Barry, Ray Allen, Vitaly Potapenko","Lewis, Frahm, Barry, Allen, Potapenko",1740-2499-699-951-958,SEA,195.0,3,7.0,5.0,15.0,1.0,1.0,,3.0,,5.0,110.76923076923077,8.571428571428571,8.571428571428571,0.7142857142857143,3.0,,8.0,4.0,1.0,3.0,3.0,1.0,1.0,3.0,3.0,,1.0,,,,2.0,,1.0,3.0,4.0,,2.0,3.0,9.0,9.0,1.0,1.0,,2.0,3.0,4.0,,1.0,3.0,9.0,2.0,4.0,,2.0,,2.0,,,1.0,1.0,1.0,,2.0,,,2.0,,2.0,1.0,3.0,2.0,,,,,1.0,,1.0,3.0,1.0,2.0,,7.0,9.0,1.0,0.3333333333333333,0.5,,,,0.75,1.0,0.75,0.5,1.0,0.6,0.6428571428571429,1.0,0.75,0.3333333333333333,,,,,,1.0,,,0.6666666666666666,0.3333333333333333,,,,1.0,,,16.875,16.375,0.5,1.0,1.0,0.3333333333333333,0.16666666666666666,,,,,,,0.3333333333333333,,,1.0,1.0,0.6,1.0,0.2,,0.8333333333333334,,0.56865,,0.56565,0.2857142857142857,0.4,0.2222222222222222,1.0,1.875,25.7,,,,,,,,,,,,,,,,,,,,1.0,,,,,,,,,,,2.0,1.0,0.5,,,,0.5,,,,,,,,,,,,,,,,,,,,,,,,,,,,,,,,,,,,1610612760,2004,2003-04,True
1740-2501-2557-699-958,1610612760,"Rashard Lewis, Reggie Evans, Luke Ridnour, Brent Barry, Vitaly Potapenko","Lewis, Evans, Ridnour, Barry, Potapenko",1740-2501-2557-699-958,SEA,275.0,3,9.0,6.0,18.0,,,,1.0,,6.0,94.25454545454546,17.555555555555557,16.666666666666668,0.6666666666666666,5.0,9.0,9.0,6.0,2.0,4.0,5.0,1.0,2.0,3.0,4.0,1.0,3.0,1.0,2.0,,1.0,,1.0,6.0,10.0,,2.0,3.0,15.0,6.0,1.0,2.0,1.0,3.0,4.0,7.0,,1.0,2.0,10.0,4.0,8.0,,,,1.0,,2.0,2.0,2.0,1.0,,4.0,2.0,,3.0,,3.0,3.0,6.0,1.0,1.0,,,,,,,3.0,3.0,3.0,,12.0,10.0,1.0,0.3333333333333333,0.3333333333333333,,,,0.6,0.5,0.5714285714285714,0.5,0.5,0.5,0.625,0.75,0.625,0.16666666666666666,0.2,0.3333333333333333,,,,1.0,0.6666666666666666,,1.0,0.6,,0.5,1.0,,1.0,,13.0,13.0,0.4166666666666667,0.8,1.0,0.25,0.25,0.3333333333333333,0.5,,0.16666666666666666,0.5,0.5,0.08333333333333333,,,1.0,0.5,0.5,0.75,0.125,,0.5833333333333334,,0.4835375,0.4914,0.4956,0.25,0.3,0.2,0.6666666666666666,5.62,24.95,,,,,,,,,,,1.0,,,,,,1.0,,0.2,1.0,,1.0,0.08333333333333333,,,,,,,,,1.0,0.5,1.0,,,,,,,,,,,,,,,,,,,,,,,,,,,,,,,,,,,,,,,1610612760,2004,2003-04,True
1740-2501-2557-951-958,1610612760,"Rashard Lewis, Reggie Evans, Luke Ridnour, Ray Allen, Vitaly Potapenko","Lewis, Evans, Ridnour, Allen, Potapenko",1740-2501-2557-951-958,SEA,1902.0,2,60.0,4.0,120.0,6.0,12.0,1.0,10.0,1.0,4.0,90.85173501577287,15.133333333333333,14.683333333333334,0.06666666666666667,32.0,14.0,60.0,,7.0,13.0,17.0,2.0,2.0,1.0,1.0,2.0,7.0,3.0,15.0,2.0,5.0,,,18.0,39.0,4.0,9.0,14.0,62.0,48.0,4.0,4.0,2.0,10.0,1.0,3.0,,,3.0,5.0,20.0,16.0,,6.0,,5.0,2.0,2.0,10.0,14.0,8.0,,32.0,4.0,6.0,17.0,,23.0,7.0,30.0,6.0,3.0,6.0,3.0,2.0,1.0,1.0,5.0,17.0,,8.0,,52.0,5.0,,0.5555555555555556,0.6666666666666666,0.4444444444444444,,0.4444444444444444,0.46153846153846156,1.0,0.3333333333333333,0.5,1.0,0.3333333333333333,0.5446428571428571,0.8333333333333334,0.5,0.1875,0.05128205128205128,0.14285714285714285,,0.5,,0.8095238095238095,0.19047619047619047,0.6,0.7419354838709677,0.2692307692307692,,0.4,0.16666666666666666,1.0,0.75,0.625,16.566666666666666,15.883333333333333,0.3541666666666667,0.7647058823529411,0.8125,0.6153846153846154,0.14583333333333334,0.2857142857142857,0.3333333333333333,,0.3125,0.2,0.2,0.10416666666666667,0.4,0.4,0.5,1.0,0.3333333333333333,1.0,,,0.5416666666666666,0.4,0.5222749999999999,0.5821333333333333,0.4475,0.14285714285714285,0.1702127659574468,0.16129032258064516,0.08064516129032258,8.648717948717948,24.566666666666666,4.0,3.0,1.0,3.0,,2.0,3.0,,1.0,2.0,4.0,,,12.0,4.0,2.0,2.0,1.0,0.058823529411764705,0.8,0.5,0.6666666666666666,0.08333333333333333,0.5,0.5,1.0,,,2.0,1.0,3.0,3.0,0.6,1.0,1.0,,0.3333333333333333,0.041666666666666664,3.0,,,,,,,,,,,,1.0,,,,,0.5,,,1.0,,,,,,,,,,,,,,1610612760,2004,2003-04,True
1740-2501-699-951-958,1610612760,"Rashard Lewis, Reggie Evans, Brent Barry, Ray Allen, Vitaly Potapenko","Lewis, Evans, Barry, Allen, Potapenko",1740-2501-699-951-958,SEA,10597.0,13,319.0,44.0,635.0,23.0,55.0,8.0,70.0,8.0,44.0,86.28857223742568,16.899686520376175,16.109717868338556,0.13793103448275862,177.0,-21.0,316.0,22.0,30.0,48.0,77.0,9.0,17.0,9.0,9.0,19.0,42.0,37.0,98.0,20.0,45.0,5.0,9.0,104.0,217.0,25.0,58.0,50.0,333.0,354.0,13.0,26.0,6.0,32.0,14.0,23.0,5.0,9.0,9.0,52.0,142.0,66.0,6.0,6.0,,45.0,20.0,6.0,71.0,94.0,36.0,8.0,211.0,30.0,22.0,75.0,10.0,107.0,39.0,146.0,26.0,18.0,32.0,1.0,10.0,7.0,4.0,34.0,67.0,6.0,31.0,4.0,301.0,52.0,3.0,0.6826923076923077,0.7029702970297029,0.43103448275862066,0.5555555555555556,0.43103448275862066,0.4792626728110599,0.5,0.6086956521739131,0.5145454545454545,0.4482758620689655,0.671875,0.5427631578947368,0.5,0.6666666666666666,0.2109090909090909,0.027649769585253458,0.047619047619047616,,0.5818181818181818,1.0,0.6944444444444444,0.26548672566371684,0.5,0.6381578947368421,0.2602739726027397,0.4482758620689655,0.21739130434782608,0.19672131147540983,0.75,0.7352941176470589,0.4857142857142857,16.474683544303797,15.25,0.28,0.6233766233766234,0.6575342465753424,0.75,0.15272727272727274,0.4523809523809524,0.475,0.42105263157894735,0.3563636363636364,0.37755102040816324,0.37755102040816324,0.16363636363636364,0.4444444444444444,0.4444444444444444,0.5862068965517241,0.5294117647058824,0.28125,1.0,0.28125,0.5555555555555556,0.4909090909090909,0.4444444444444444,0.4876194545454545,0.5266770833333333,0.5008140625,0.10333333333333333,0.128099173553719,0.0960960960960961,0.15615615615615616,10.300460829493087,24.696551724137933,22.0,13.0,6.0,13.0,1.0,6.0,8.0,0.16666666666666666,0.6153846153846154,5.0,13.0,,,69.0,23.0,5.0,27.0,0.92,0.05194805194805195,0.6304347826086957,0.5555555555555556,0.7297297297297297,0.04727272727272727,0.38461538461538464,0.38461538461538464,1.0,,,18.0,0.9,8.0,8.0,0.24242424242424243,,6.0,1.0,0.32,0.04285714285714286,7.0,,1.0,,3.0,,0.034482758620689655,,,1.0,,2.0,3.0,0.06896551724137931,,,1.0,0.5555555555555556,,,1.0,,1.0,,2.0,,,,,,,,,,1610612760,2004,2003-04,True
1740-2557-699-951-958,1610612760,"Rashard Lewis, Luke Ridnour, Brent Barry, Ray Allen, Vitaly Potapenko","Lewis, Ridnour, Barry, Allen, Potapenko",1740-2557-699-951-958,SEA,720.0,3,23.0,14.0,46.0,2.0,4.0,2.0,6.0,,14.0,92.0,16.304347826086957,16.0,0.6086956521739131,12.0,-2.0,23.0,7.0,3.0,2.0,3.0,2.0,2.0,,1.0,4.0,6.0,3.0,6.0,,2.0,,,9.0,15.0,,3.0,4.0,22.0,24.0,2.0,2.0,,4.0,5.0,9.0,,1.0,2.0,12.0,8.0,10.0,,2.0,,2.0,,,4.0,4.0,,1.0,8.0,2.0,5.0,6.0,,11.0,3.0,14.0,,,2.0,1.0,1.0,,1.0,4.0,7.0,,2.0,1.0,18.0,12.0,1.0,0.4444444444444444,0.5,,,,0.6,1.0,0.5555555555555556,0.5,1.0,0.5,0.5238095238095238,1.0,0.5,0.16666666666666666,,,,0.5,,0.75,0.3333333333333333,1.0,0.8461538461538461,0.3333333333333333,,0.5,0.3333333333333333,0.6666666666666666,1.0,1.0,15.0,14.565217391304348,0.16666666666666666,0.6666666666666666,0.6666666666666666,,0.3333333333333333,0.6666666666666666,0.6666666666666666,0.25,0.3333333333333333,0.5,0.5,0.1111111111111111,,,1.0,1.0,0.1,,,,0.3333333333333333,,0.4272583333333333,0.54245,0.408955,0.1,0.11764705882352941,0.18181818181818182,0.5454545454545454,11.06,24.666666666666668,1.0,1.0,,1.0,,1.0,1.0,,1.0,,1.0,,1.0,,,,3.0,,,0.6666666666666666,1.0,1.0,0.05555555555555555,,,,0.1,,,,,1.0,0.3333333333333333,,,,0.5,,,,,,,,,,,,,,1.0,,,,,,,,,,,,,,,,,,,,,,1610612760,2004,2003-04,True
1744-1916-2436-2499-2557,1610612760,"Jerome James, Calvin Booth, Flip Murray, Richie Frahm, Luke Ridnour","James, Booth, Murray, Frahm, Ridnour",1744-1916-2436-2499-2557,SEA,147.0,1,5.0,,10.0,,,,1.0,,,97.95918367346938,16.4,16.4,,2.0,-5.0,5.0,,,,1.0,,,,,,,,3.0,,,,,,4.0,,,,,5.0,,,,,,,,,,,,,,,,,,,,,,,,,,2.0,,2.0,,2.0,1.0,1.0,,,,,,,,,,,,,,,,,,,,,,,,,,,,,,,,,,1.0,,,1.0,,,,,,,,13.0,13.0,0.25,,,,,,,,0.75,,,,,,,,,,,,0.25,,0.37485,,,,,,,14.55,,,,,,,,,,,,,,,,,,,,,1.0,,,,,,,,,,,,,,,,,,,1.0,,,,,,,,,,,,,,,,,,,,,,,,,,,,,,,,,,1610612760,2004,2003-04,True
1744-1916-2436-2557-951,1610612760,"Jerome James, Calvin Booth, Flip Murray, Luke Ridnour, Ray Allen","James, Booth, Murray, Ridnour, Allen",1744-1916-2436-2557-951,SEA,164.0,1,6.0,,12.0,,,,2.0,,,105.36585365853658,13.333333333333334,13.333333333333334,,3.0,3.0,6.0,,,1.0,1.0,,,,,,2.0,2.0,2.0,,,,,3.0,5.0,,,1.0,7.0,4.0,,,,,,,,,,,2.0,4.0,,,,,,1.0,1.0,1.0,,,2.0,,1.0,1.0,,2.0,,2.0,1.0,,,,,,,2.0,2.0,,1.0,,7.0,,,0.3333333333333333,0.3333333333333333,,,,0.6,,,0.6,,,0.5833333333333334,,,,0.2,0.5,,,,1.0,,1.0,1.0,,,,,,1.0,,14.0,14.0,0.2,1.0,1.0,,0.4,,,,0.4,1.0,1.0,,,,,,,,,,0.2,,0.46492000000000006,,,0.16666666666666666,0.16666666666666666,,,11.2,,,,,,,,,,,,,,,,,,1.0,,,,1.0,0.5,,,,,,,,,1.0,,,,,,,,,,,,,,,,,,,,,,,,,,,,,,,,,,,,,,,,,,1610612760,2004,2003-04,True
1744-2209-2436-2499-2557,1610612760,"Jerome James, Vladimir Radmanovic, Flip Murray, Richie Frahm, Luke Ridnour","James, Radmanovic, Murray, Frahm, Ridnour",1744-2209-2436-2499-2557,SEA,417.0,2,11.0,,22.0,1.0,3.0,,3.0,,,75.97122302158273,20.545454545454547,19.545454545454547,,7.0,-3.0,11.0,,2.0,1.0,1.0,1.0,1.0,,,,2.0,1.0,2.0,1.0,4.0,,,2.0,5.0,1.0,4.0,3.0,10.0,13.0,1.0,1.0,,2.0,,,,,,,,4.0,,2.0,,4.0,1.0,2.0,,1.0,,,3.0,1.0,1.0,3.0,1.0,5.0,2.0,7.0,1.0,,2.0,,1.0,,1.0,2.0,4.0,,2.0,,8.0,,,,,0.25,,0.25,0.4,1.0,,0.3888888888888889,1.0,,0.45454545454545453,1.0,,0.4444444444444444,0.4,0.5,0.5,0.6666666666666666,1.0,0.5,0.3333333333333333,0.5,0.5,0.3333333333333333,,0.5,,,0.3333333333333333,,17.363636363636363,15.181818181818182,0.1111111111111111,1.0,1.0,,0.2222222222222222,,,,0.2222222222222222,0.5,1.0,0.4444444444444444,0.25,0.25,1.0,1.0,,,,,0.5555555555555556,0.25,0.4752166666666667,0.5527,,0.18181818181818182,0.2857142857142857,0.2,,11.120000000000001,25.7,1.0,1.0,,1.0,,1.0,,,,,,,,3.0,1.0,,,1.0,,1.0,0.5,,,,,,,,1.0,1.0,1.0,1.0,0.3333333333333333,,,,0.3333333333333333,,,,,,,,,,,,,,,,,,,,,,,,,,,,,,,,,,,,1610612760,2004,2003-04,True
1744-2209-2436-2501-699,1610612760,"Jerome James, Vladimir Radmanovic, Flip Murray, Reggie Evans, Brent Barry","James, Radmanovic, Murray, Evans, Barry",1744-2209-2436-2501-699,SEA,530.0,2,16.0,7.0,31.0,,2.0,1.0,9.0,,7.0,84.22641509433961,15.5,15.0,0.4375,9.0,-1.0,15.0,7.0,1.0,2.0,3.0,,,1.0,1.0,,,3.0,6.0,,2.0,,2.0,5.0,9.0,1.0,3.0,5.0,18.0,19.0,,,,,2.0,4.0,,2.0,3.0,7.0,8.0,2.0,,,,2.0,,1.0,4.0,5.0,1.0,,11.0,,1.0,3.0,3.0,7.0,1.0,8.0,,,2.0,,,,,4.0,6.0,1.0,3.0,,18.0,7.0,3.0,0.8,0.8,0.3333333333333333,,0.3333333333333333,0.5555555555555556,,0.5,0.5416666666666666,,0.3333333333333333,0.6428571428571429,,0.5,0.25,0.1111111111111111,,0.16666666666666666,1.0,0.75,0.5,,0.3333333333333333,0.4444444444444444,0.16666666666666666,,,,0.6666666666666666,,0.5,18.8,15.733333333333333,0.25,0.6666666666666666,0.6666666666666666,0.5,,,,,0.5,0.5,0.6,0.16666666666666666,,,,,0.16666666666666666,1.0,0.3333333333333333,,0.5,,0.5113958333333334,,0.5336,0.21428571428571427,0.2727272727272727,,0.3888888888888889,12.766666666666667,24.566666666666666,2.0,2.0,,2.0,,2.0,1.0,,0.5,1.0,1.0,,,3.0,1.0,1.0,3.0,1.0,,0.5,,1.0,0.08333333333333333,1.0,1.0,1.0,,,,,,1.0,0.5,,,,0.5,,,,,,1.0,,,,,,,1.0,1.0,1.0,,,,,,,,,,,,,,,,,,,,,1610612760,2004,2003-04,True
1744-2209-2436-2501-951,1610612760,"Jerome James, Vladimir Radmanovic, Flip Murray, Reggie Evans, Ray Allen","James, Radmanovic, Murray, Evans, Allen",1744-2209-2436-2501-951,SEA,252.0,1,8.0,8.0,17.0,,1.0,1.0,3.0,,8.0,97.14285714285714,18.875,18.625,1.0,4.0,2.0,9.0,7.0,1.0,1.0,4.0,,2.0,1.0,4.0,1.0,1.0,1.0,1.0,,2.0,,2.0,3.0,6.0,,2.0,1.0,7.0,5.0,,2.0,,,3.0,6.0,,2.0,1.0,7.0,2.0,4.0,,,,2.0,,,1.0,1.0,,,2.0,2.0,1.0,3.0,1.0,5.0,2.0,7.0,1.0,1.0,1.0,,,,,2.0,2.0,,1.0,,7.0,7.0,,0.3333333333333333,0.3333333333333333,,,,0.5,,0.5,0.375,,0.375,0.3888888888888889,,0.3888888888888889,0.25,,,,1.0,1.0,1.0,0.6666666666666666,1.0,1.0,0.4,0.6666666666666666,,,,1.0,1.0,11.222222222222221,11.222222222222221,0.5,0.25,0.25,,0.125,1.0,1.0,,0.125,1.0,1.0,0.25,,,1.0,,0.5,0.25,0.25,,0.75,,0.4847625,0.56205,0.4847625,0.1111111111111111,0.14285714285714285,,1.0,5.05,25.7,1.0,,,,,,,,,,,,,,,,1.0,,,1.0,,1.0,,,,,,,,,,,,,1.0,,,0.2,,,,,,,,,,,,,,,,,,,,,,,,,,,,,,,,,,,1610612760,2004,2003-04,True
1744-2209-2436-2557-699,1610612760,"Jerome James, Vladimir Radmanovic, Flip Murray, Luke Ridnour, Brent Barry","James, Radmanovic, Murray, Ridnour, Barry",1744-2209-2436-2557-699,SEA,763.0,2,24.0,13.0,47.0,,1.0,,2.0,,13.0,88.70249017038007,16.666666666666668,16.208333333333332,0.5416666666666666,13.0,13.0,23.0,,2.0,3.0,6.0,1.0,1.0,1.0,3.0,6.0,7.0,,5.0,2.0,3.0,2.0,3.0,9.0,18.0,2.0,4.0,7.0,31.0,18.0,2.0,2.0,,4.0,4.0,10.0,2.0,3.0,1.0,15.0,6.0,12.0,,2.0,,3.0,2.0,1.0,3.0,5.0,1.0,2.0,12.0,1.0,4.0,7.0,,11.0,2.0,13.0,1.0,1.0,1.0,,1.0,,,,8.0,2.0,5.0,,27.0,15.0,,0.3333333333333333,0.375,0.5,0.6666666666666666,0.5,0.5,1.0,0.4,0.5454545454545454,1.0,0.5384615384615384,0.62,1.0,0.5769230769230769,0.18181818181818182,0.05555555555555555,,,1.0,,0.7777777777777778,0.125,0.8,0.7857142857142857,0.2,,,0.25,0.6666666666666666,1.0,1.0,15.782608695652174,14.565217391304348,0.2727272727272727,0.5,0.6,0.3333333333333333,0.3181818181818182,0.8571428571428571,0.8571428571428571,0.3333333333333333,0.22727272727272727,,,0.13636363636363635,0.6666666666666666,0.6666666666666666,0.5,1.0,0.23076923076923078,0.3333333333333333,0.23076923076923078,0.6666666666666666,0.45454545454545453,0.6666666666666666,0.4410090909090909,0.5283,0.45118846153846154,0.2,0.23809523809523808,0.12903225806451613,0.4838709677419355,8.727777777777778,24.425,,1.0,1.0,1.0,,,1.0,,1.0,,1.0,,,6.0,2.0,,,1.0,0.16666666666666666,0.75,0.6666666666666666,,0.045454545454545456,,,,,,2.0,1.0,,1.0,0.5,1.0,,,,,,,,,,,,,,,,,,,,,,,,,,,,,,,,,,,,,,,1610612760,2004,2003-04,True
1744-2209-2436-2557-951,1610612760,"Jerome James, Vladimir Radmanovic, Flip Murray, Luke Ridnour, Ray Allen","James, Radmanovic, Murray, Ridnour, Allen",1744-2209-2436-2557-951,SEA,4434.0,15,136.0,6.0,271.0,10.0,19.0,1.0,32.0,1.0,6.0,88.01082543978349,17.455882352941178,16.227941176470587,0.04411764705882353,74.0,16.0,135.0,3.0,21.0,17.0,39.0,5.0,12.0,2.0,3.0,13.0,31.0,21.0,43.0,2.0,13.0,,,51.0,113.0,7.0,20.0,21.0,144.0,128.0,9.0,19.0,1.0,19.0,3.0,5.0,,,2.0,8.0,56.0,46.0,,6.0,,13.0,2.0,8.0,28.0,35.0,8.0,5.0,77.0,18.0,16.0,32.0,4.0,52.0,23.0,75.0,10.0,6.0,9.0,1.0,5.0,2.0,3.0,19.0,26.0,6.0,13.0,1.0,125.0,8.0,,0.5490196078431373,0.5833333333333334,0.35,,0.35,0.45132743362831856,0.47368421052631576,0.6,0.462406015037594,0.42857142857142855,0.6,0.5,0.42857142857142855,0.6666666666666666,0.15037593984962405,0.07079646017699115,0.06451612903225806,,0.47368421052631576,0.6666666666666666,0.7441860465116279,0.2903225806451613,0.7619047619047619,0.75,0.30666666666666664,0.2727272727272727,0.3888888888888889,0.22727272727272727,0.7272727272727273,0.7894736842105263,0.8,15.25925925925926,14.222222222222221,0.2932330827067669,0.4358974358974359,0.5151515151515151,0.47058823529411764,0.23308270676691728,0.41935483870967744,0.4482758620689655,0.38461538461538464,0.3233082706766917,0.4883720930232558,0.4883720930232558,0.09774436090225563,0.15384615384615385,0.15384615384615385,0.5714285714285714,0.4166666666666667,0.6,0.6666666666666666,,,0.44360902255639095,0.15384615384615385,0.4670293233082707,0.4854125,0.50976,0.1,0.10833333333333334,0.13194444444444445,0.05555555555555555,9.232743362831858,24.7,4.0,3.0,1.0,3.0,,2.0,,,,5.0,7.0,,,21.0,7.0,5.0,15.0,1.0,0.15384615384615385,0.6923076923076923,0.6666666666666666,0.7142857142857143,0.05263157894736842,0.7142857142857143,0.7142857142857143,1.0,,,2.0,1.0,4.0,5.0,0.38461538461538464,0.5,2.0,,0.36363636363636365,0.029850746268656716,1.0,,,,2.0,,,,,,,2.0,3.0,0.09523809523809523,,,1.0,,,,1.0,,2.0,,,1.0,0.05,,,,,,,1.0,1610612760,2004,2003-04,True
1744-2209-2436-699-951,1610612760,"Jerome James, Vladimir Radmanovic, Flip Murray, Brent Barry, Ray Allen","James, Radmanovic, Murray, Barry, Allen",1744-2209-2436-699-951,SEA,104.0,1,3.0,,6.0,,2.0,,,,,83.07692307692308,22.333333333333332,21.333333333333332,,2.0,,3.0,,1.0,1.0,1.0,1.0,1.0,,,,,,,,1.0,,,1.0,1.0,,1.0,,2.0,2.0,1.0,1.0,,2.0,,,,,,,,2.0,,,,1.0,,,,,,,,,1.0,1.0,,2.0,1.0,3.0,,,2.0,,1.0,,,,,,,,,,,,,,,,1.0,1.0,,0.5,1.0,,0.5,1.0,,0.5,,,,1.0,,1.0,,1.0,1.0,1.0,,,,,,,12.333333333333334,12.333333333333334,0.5,1.0,1.0,,,,,,,,,0.5,,,1.0,1.0,,,,,1.0,,0.6322,,,,,1.0,,,24.9,1.0,,,,,,,,,,,,,,,,,,,1.0,1.0,,,,,,,,,,,1.0,1.0,,,,1.0,,,,,,,,,,,,,,,,,,,,,,,,,,,,,,,,,,,,1610612760,2004,2003-04,True
1744-2209-2499-2557-699,1610612760,"Jerome James, Vladimir Radmanovic, Richie Frahm, Luke Ridnour, Brent Barry","James, Radmanovic, Frahm, Ridnour, Barry",1744-2209-2499-2557-699,SEA,91.0,1,2.0,,4.0,,,,1.0,,,63.2967032967033,19.5,19.5,,2.0,,2.0,,,,,,,,,,1.0,1.0,1.0,,,,,1.0,2.0,,,,2.0,2.0,,,,,,,,,,,2.0,,,,,,,1.0,1.0,1.0,,,2.0,,,1.0,,1.0,,1.0,,,,,,,,,,,,,2.0,,,1.0,1.0,,,,0.5,,,0.5,,,0.5,,,,0.5,1.0,,,,1.0,,,1.0,,,,,,,,26.0,26.0,,,,,0.5,,,,0.5,1.0,1.0,,,,,,,,,,,,0.3732,,,,,,,13.55,,,1.0,1.0,1.0,,,1.0,,1.0,,,,,,,,1.0,,,1.0,,1.0,,,,,,,,,,,,,,,,,,,,,,,,,,,,,,,,,,,,,,,,,,,,,,,,,,,1610612760,2004,2003-04,True
1744-2209-2499-2557-951,1610612760,"Jerome James, Vladimir Radmanovic, Richie Frahm, Luke Ridnour, Ray Allen","James, Radmanovic, Frahm, Ridnour, Allen",1744-2209-2499-2557-951,SEA,160.0,1,4.0,,7.0,1.0,1.0,,1.0,,,63.0,24.25,24.25,,3.0,1.0,3.0,,,,,,,,,,,2.0,2.0,,,,,2.0,2.0,,,2.0,6.0,5.0,,,,,,,,,,,2.0,2.0,,,,,,,1.0,1.0,,,2.0,,,,,,,,1.0,1.0,,1.0,,,,1.0,2.0,,1.0,,6.0,,,0.5,0.5,,,,1.0,,,1.0,,,1.0,,,,,,,,,,,,,,,,,,,,21.0,21.0,,,,,,,,,1.0,1.0,1.0,,,,,,,,,,,,0.3184,,,0.3333333333333333,0.3333333333333333,,,16.45,,,,,,,,,,,,,,,,,,1.0,,,,,0.5,,,,,,,,,,,,,,,,,,,,,,,,,,,,,,,,,,,,,,,,,,,,,,,,,,,1610612760,2004,2003-04,True
1744-2209-2501-699-951,1610612760,"Jerome James, Vladimir Radmanovic, Reggie Evans, Brent Barry, Ray Allen","James, Radmanovic, Evans, Barry, Allen",1744-2209-2501-699-951,SEA,150.0,2,5.0,4.0,10.0,,,,,,4.0,96.0,13.4,13.4,0.8,2.0,2.0,5.0,4.0,,,,,,,,,,,,1.0,1.0,1.0,1.0,,,1.0,3.0,4.0,7.0,5.0,,,,,,,1.0,3.0,2.0,5.0,,,,,,1.0,1.0,,,1.0,,,3.0,,,3.0,,3.0,,3.0,,,,,,,,,4.0,,2.0,,7.0,5.0,,,,0.3333333333333333,0.3333333333333333,0.3333333333333333,,,,0.5,,0.5,0.7,,0.625,1.0,,,,,,1.0,,,1.0,,,,,1.0,1.0,,16.6,16.6,,,,,,,,,,,,0.3333333333333333,1.0,1.0,,,,,0.3333333333333333,1.0,1.0,1.0,0.6139,,0.6139,0.4,1.0,,0.7142857142857143,,24.133333333333336,,,,,,,,,,,2.0,,2.0,3.0,1.0,,,1.0,,,,,0.6666666666666666,,,,0.6666666666666666,,1.0,1.0,,,,,,,,,,,,,,,,,,,,,,,,,,,,,,,,,,,,,,,,,,,1610612760,2004,2003-04,True
1744-2209-2557-699-951,1610612760,"Jerome James, Vladimir Radmanovic, Luke Ridnour, Brent Barry, Ray Allen","James, Radmanovic, Ridnour, Barry, Allen",1744-2209-2557-699-951,SEA,184.0,2,6.0,5.0,12.0,,1.0,1.0,1.0,,5.0,93.91304347826086,17.5,16.666666666666668,0.8333333333333334,3.0,-2.0,6.0,4.0,1.0,,,,,,,1.0,2.0,1.0,3.0,,,,,2.0,5.0,,1.0,2.0,6.0,8.0,,1.0,,,1.0,4.0,,1.0,1.0,3.0,,4.0,,,,,,1.0,,,,,,,1.0,1.0,,2.0,1.0,3.0,1.0,,1.0,,,,,,3.0,1.0,2.0,,6.0,3.0,1.0,,,,,,0.4,,0.25,0.3333333333333333,,0.2,0.42857142857142855,,0.3,0.16666666666666666,0.2,0.5,,1.0,,1.0,,1.0,1.0,0.25,,,,,,,13.166666666666666,13.166666666666666,,,,,0.3333333333333333,0.5,1.0,,0.5,0.3333333333333333,0.3333333333333333,,,,,,,,,,0.16666666666666666,,0.4242333333333333,,0.43598,0.2857142857142857,0.3333333333333333,,0.5,13.66,23.7,1.0,,,,,,,,,,1.0,,1.0,,,,,,,1.0,1.0,,0.16666666666666666,,,,0.2,,,,1.0,1.0,1.0,1.0,,,,,,,,,,,,,,,,,,,,,,,,,,,,,,,,,,,,,,,1610612760,2004,2003-04,True
1744-2436-2499-2501-2557,1610612760,"Jerome James, Flip Murray, Richie Frahm, Reggie Evans, Luke Ridnour","James, Murray, Frahm, Evans, Ridnour",1744-2436-2499-2501-2557,SEA,93.0,2,4.0,4.0,8.0,1.0,2.0,2.0,1.0,,4.0,123.87096774193547,11.5,11.5,1.0,2.0,2.0,4.0,4.0,,1.0,1.0,,,1.0,1.0,,,,,,,,,1.0,1.0,,,2.0,4.0,2.0,,,,,1.0,1.0,,,2.0,4.0,2.0,,,,,,,,1.0,1.0,1.0,,2.0,,,1.0,,1.0,,1.0,1.0,,1.0,1.0,1.0,,,,2.0,,1.0,,4.0,4.0,,1.0,1.0,,,,1.0,,1.0,1.0,,1.0,1.0,,1.0,,,,,0.5,,1.0,,,1.0,,,,,1.0,,,11.75,11.75,1.0,1.0,1.0,1.0,,,,,,,,,,,,,1.0,1.0,,,1.0,,0.7294,,0.7294,0.5,0.5,,1.0,,,,,,,,,,,,,,,,,,,,,,,,,,,,,,,,,1.0,,,,,,,,,,,,,,,,,,,,,,,,,,,,,,,,,,,,,,,,,,1610612760,2004,2003-04,True
1744-2436-2499-2557-951,1610612760,"Jerome James, Flip Murray, Richie Frahm, Luke Ridnour, Ray Allen","James, Murray, Frahm, Ridnour, Allen",1744-2436-2499-2557-951,SEA,31.0,1,1.0,1.0,3.0,,,,,,1.0,139.3548387096774,10.0,6.0,1.0,1.0,-1.0,2.0,2.0,1.0,,1.0,,1.0,,1.0,,,,,,,,,,1.0,,,1.0,1.0,2.0,,1.0,,,,1.0,,,1.0,1.0,,,,,,,,,,,,,,,,,,,1.0,1.0,1.0,1.0,,,,,,,2.0,,1.0,,1.0,1.0,,,,,,,,,,,,,0.25,,0.25,,,,,,,,,,,,,,,,,,10.5,10.5,1.0,,,,,,,,,,,,,,1.0,,1.0,,,,1.0,,0.2829,0.2829,0.2829,0.5,0.5,,1.0,2.6,,,,,,1.0,,,1.0,,,,,,,,,,,,,,,,,,,,,,,,,,,,,,,,,,,,,,,,,,,,,,,,,,,,,,,,,,,,,,,,,1610612760,2004,2003-04,True
1916-2209-2436-2499-2557,1610612760,"Calvin Booth, Vladimir Radmanovic, Flip Murray, Richie Frahm, Luke Ridnour","Booth, Radmanovic, Murray, Frahm, Ridnour",1916-2209-2436-2499-2557,SEA,396.0,3,12.0,,25.0,1.0,1.0,,4.0,,,90.90909090909092,18.0,17.0,,7.0,-4.0,13.0,3.0,2.0,1.0,4.0,,,,,3.0,7.0,1.0,1.0,,1.0,,,5.0,12.0,,1.0,,10.0,14.0,1.0,1.0,,2.0,,,,,,,6.0,4.0,,2.0,,1.0,,,3.0,3.0,1.0,1.0,6.0,2.0,2.0,2.0,,4.0,2.0,6.0,2.0,2.0,,1.0,,,1.0,3.0,,,,,8.0,,,0.6,0.75,,,,0.4166666666666667,1.0,,0.38461538461538464,1.0,,0.38461538461538464,1.0,,0.07692307692307693,,,,,,1.0,0.2857142857142857,0.6666666666666666,0.8,0.25,0.6666666666666666,,,1.0,1.0,1.0,13.846153846153847,13.461538461538462,0.3076923076923077,0.25,0.25,1.0,0.5384615384615384,0.42857142857142855,0.42857142857142855,0.3333333333333333,0.07692307692307693,1.0,1.0,0.07692307692307693,,,,,,,,,0.38461538461538464,,0.43628461538461544,0.4148,,,,0.2,,6.208333333333333,25.2,,1.0,,1.0,,1.0,1.0,,1.0,,,,,,,,1.0,,,,0.5,1.0,,,,,,,,,,,,,1.0,,,0.125,,,,,,,,,,,,,,,,,,,,,,,,,,,,,,,,,,,1610612760,2004,2003-04,True
1916-2209-2436-2499-699,1610612760,"Calvin Booth, Vladimir Radmanovic, Flip Murray, Richie Frahm, Brent Barry","Booth, Radmanovic, Murray, Frahm, Barry",1916-2209-2436-2499-699,SEA,8.0,1,,,1.0,,,,1.0,,,180.0,,,,,-2.0,1.0,1.0,,,,,,,,,,,,,,,,,,,,,,2.0,,,,,,,,,,,,,,,,,,,,,,,,,,,,,,,,,,,,,,1.0,,,,,,,,,,,,,,,,,,,,,,,,,,,,,,,,,,,,,,,8.0,8.0,,,,,,,,,,,,,,,,,,,,,,,,,,,,,,,,,,,,,,,,,,,,,,,,,,,,,,,,,,,,,,,,,,,,,,,,,,,,,,,,,,,,,,,,,,,,,,,,,,,,,,,,1610612760,2004,2003-04,True
1916-2209-2436-2501-2557,1610612760,"Calvin Booth, Vladimir Radmanovic, Flip Murray, Reggie Evans, Luke Ridnour","Booth, Radmanovic, Murray, Evans, Ridnour",1916-2209-2436-2501-2557,SEA,385.0,2,12.0,,24.0,1.0,5.0,,3.0,,,89.76623376623377,17.333333333333332,16.833333333333332,,6.0,-1.0,12.0,2.0,2.0,1.0,3.0,,1.0,,,2.0,2.0,,2.0,1.0,2.0,,,3.0,7.0,1.0,2.0,,9.0,10.0,,1.0,,,,,,,,,2.0,4.0,,,,2.0,1.0,,1.0,2.0,1.0,,5.0,2.0,1.0,5.0,1.0,7.0,2.0,9.0,,,4.0,1.0,2.0,,1.0,1.0,,,,,9.0,,1.0,0.3333333333333333,0.3333333333333333,0.5,,0.5,0.42857142857142855,,,0.5,,,0.5,,,0.2222222222222222,,,,0.8,1.0,0.8333333333333334,0.5,1.0,0.8571428571428571,0.4,,,1.0,1.0,1.0,1.0,14.75,14.5,0.3333333333333333,0.3333333333333333,0.3333333333333333,1.0,0.2222222222222222,1.0,1.0,,0.2222222222222222,,,0.2222222222222222,0.5,0.5,1.0,,,,,,0.5555555555555556,0.5,0.4565666666666666,0.4509,,,,,,8.085714285714285,24.55,2.0,1.0,1.0,1.0,,,,,,,,,,3.0,1.0,,,1.0,,,,,,,,,,,1.0,1.0,,,,,,,,,,,,,,,,,,,,,,,,,,,,,,,,,,,,,,,,,,,1610612760,2004,2003-04,True
1916-2209-2436-2501-699,1610612760,"Calvin Booth, Vladimir Radmanovic, Flip Murray, Reggie Evans, Brent Barry","Booth, Radmanovic, Murray, Evans, Barry",1916-2209-2436-2501-699,SEA,810.0,4,23.0,6.0,47.0,,2.0,1.0,4.0,,6.0,83.55555555555556,17.82608695652174,17.52173913043478,0.2608695652173913,14.0,-2.0,24.0,5.0,3.0,2.0,6.0,1.0,1.0,,1.0,2.0,3.0,2.0,9.0,,3.0,,,6.0,18.0,,4.0,5.0,17.0,19.0,1.0,3.0,,2.0,1.0,4.0,,,1.0,3.0,4.0,8.0,,2.0,,3.0,,3.0,2.0,2.0,,,4.0,3.0,2.0,7.0,,9.0,4.0,13.0,3.0,,2.0,,1.0,,,,8.0,,3.0,1.0,15.0,3.0,1.0,0.3333333333333333,0.4,,,,0.3333333333333333,0.3333333333333333,0.25,0.2727272727272727,0.3333333333333333,0.25,0.3269230769230769,0.3333333333333333,0.3,0.18181818181818182,0.16666666666666666,,0.1111111111111111,1.0,,0.7777777777777778,0.25,0.5,0.6923076923076923,0.25,0.25,,0.2857142857142857,1.0,0.75,0.6666666666666666,16.666666666666668,15.166666666666666,0.2727272727272727,0.3333333333333333,0.5,,0.13636363636363635,0.6666666666666666,0.6666666666666666,,0.4090909090909091,0.2222222222222222,0.25,0.13636363636363635,,,0.3333333333333333,1.0,0.25,,,,0.45454545454545453,,0.4889545454545454,0.46736666666666665,0.422225,0.12,0.14285714285714285,0.11764705882352941,0.17647058823529413,10.872222222222222,23.8,1.0,3.0,1.0,3.0,,1.0,3.0,,1.0,,1.0,,,,,,2.0,,0.3333333333333333,0.6666666666666666,,1.0,0.045454545454545456,,,,,,,,3.0,1.0,0.25,1.0,,,,,2.0,,,,,,,,,1.0,,,,,,,,,,,,,,,,,,,,,,,,,1610612760,2004,2003-04,True
1916-2209-2436-2501-951,1610612760,"Calvin Booth, Vladimir Radmanovic, Flip Murray, Reggie Evans, Ray Allen","Booth, Radmanovic, Murray, Evans, Allen",1916-2209-2436-2501-951,SEA,47.0,1,1.0,,3.0,,,,,,,91.91489361702128,6.0,6.0,,1.0,2.0,2.0,,,1.0,1.0,,,,,,,,,,,,,1.0,1.0,,,,2.0,,,,,,,,,,,,2.0,,,,,,,,1.0,1.0,1.0,,2.0,,,,,,,,2.0,2.0,,,,,,,,,,,2.0,,,1.0,1.0,,,,1.0,,,1.0,,,1.0,,,,,,,,,,,,,,,,,,,,20.5,20.5,1.0,1.0,1.0,1.0,,,,,,,,,,,,,,,,,1.0,,0.6896,,,,,,,,,,,,,,,,,,,,,,,,,,,,,,,,,,,,,,,,,,,,,,,,,,,,,,,,,,,,,,,,,,,,,,,,,,,,,,,,,1610612760,2004,2003-04,True
1916-2209-2436-2557-951,1610612760,"Calvin Booth, Vladimir Radmanovic, Flip Murray, Luke Ridnour, Ray Allen","Booth, Radmanovic, Murray, Ridnour, Allen",1916-2209-2436-2557-951,SEA,947.0,6,28.0,,58.0,1.0,1.0,,7.0,,,88.19429778247097,16.571428571428573,14.285714285714286,,16.0,22.0,30.0,3.0,6.0,4.0,6.0,,2.0,,,1.0,3.0,5.0,13.0,2.0,6.0,,,10.0,22.0,5.0,11.0,5.0,40.0,18.0,1.0,4.0,,5.0,,,,,,,14.0,6.0,,,,6.0,2.0,1.0,7.0,12.0,3.0,,29.0,3.0,7.0,10.0,1.0,18.0,8.0,26.0,3.0,2.0,,,,,1.0,2.0,5.0,1.0,3.0,,35.0,,1.0,0.7,0.7,0.45454545454545453,,0.45454545454545453,0.45454545454545453,0.25,,0.5303030303030303,0.35714285714285715,,0.5714285714285714,0.35714285714285715,,0.3333333333333333,0.045454545454545456,0.3333333333333333,,,1.0,0.7142857142857143,0.25,1.0,0.8095238095238095,0.4444444444444444,,,0.375,0.6666666666666666,0.8888888888888888,1.0,16.1,14.933333333333334,0.18181818181818182,0.6666666666666666,0.6666666666666666,0.75,0.09090909090909091,0.3333333333333333,0.5,,0.3939393939393939,0.38461538461538464,0.38461538461538464,0.18181818181818182,0.3333333333333333,0.3333333333333333,0.2857142857142857,,,,,,0.5151515151515151,0.3333333333333333,0.4992272727272727,0.55575,,0.08571428571428572,0.125,0.125,,11.990909090909092,24.472727272727273,,2.0,1.0,2.0,,1.0,1.0,,0.5,3.0,5.0,,,15.0,5.0,3.0,4.0,1.0,,,1.0,0.8,0.15151515151515152,0.6,0.6,1.0,,,2.0,1.0,1.0,5.0,0.8333333333333334,1.0,,,0.75,,1.0,1.0,2.0,1.0,3.0,0.3333333333333333,0.2857142857142857,0.5,1.0,,,1.0,,0.14285714285714285,,,,,,,,,,,,,,,,,,,,,1610612760,2004,2003-04,True
1916-2209-2436-699-951,1610612760,"Calvin Booth, Vladimir Radmanovic, Flip Murray, Brent Barry, Ray Allen","Booth, Radmanovic, Murray, Barry, Allen",1916-2209-2436-699-951,SEA,695.0,2,21.0,,44.0,2.0,3.0,,7.0,1.0,,91.16546762589928,16.238095238095237,16.095238095238095,,12.0,-23.0,23.0,,3.0,4.0,8.0,2.0,3.0,,,1.0,3.0,2.0,4.0,1.0,3.0,,,7.0,15.0,1.0,3.0,7.0,24.0,47.0,2.0,3.0,2.0,6.0,,,,,,,10.0,4.0,,4.0,,3.0,1.0,,5.0,6.0,2.0,1.0,13.0,4.0,,1.0,,1.0,4.0,5.0,2.0,2.0,1.0,,,,,4.0,8.0,,4.0,,18.0,,,0.7142857142857143,1.0,0.3333333333333333,,0.3333333333333333,0.4666666666666667,0.6666666666666666,,0.4722222222222222,0.6666666666666666,,0.5454545454545454,0.75,,0.16666666666666666,,,,0.3333333333333333,,0.25,0.5,,0.2,0.4,0.5,0.5,0.5,,,,15.391304347826088,14.130434782608695,0.4444444444444444,0.5,0.5,0.5,0.16666666666666666,0.3333333333333333,0.3333333333333333,1.0,0.2222222222222222,0.5,0.5,0.16666666666666666,0.3333333333333333,0.3333333333333333,1.0,0.6666666666666666,,,,,0.6111111111111112,0.3333333333333333,0.5038333333333334,0.5414333333333333,,0.18181818181818182,0.21052631578947367,0.25,,7.133333333333334,25.96666666666667,1.0,1.0,,1.0,,1.0,,,,,,,,3.0,1.0,,2.0,1.0,,1.0,,1.0,,,,,,,1.0,1.0,,,,,1.0,,,0.1,1.0,,,,,,,,,,,,,,,,,,,,,,,,,,,,,,,,,,1610612760,2004,2003-04,True
1916-2209-2499-2557-699,1610612760,"Calvin Booth, Vladimir Radmanovic, Richie Frahm, Luke Ridnour, Brent Barry","Booth, Radmanovic, Frahm, Ridnour, Barry",1916-2209-2499-2557-699,SEA,253.0,1,8.0,5.0,14.0,2.0,2.0,1.0,4.0,1.0,5.0,79.68379446640316,17.5,17.5,0.625,4.0,-1.0,6.0,4.0,,2.0,2.0,,,1.0,1.0,,1.0,1.0,4.0,,,,,3.0,7.0,,,2.0,8.0,9.0,,,,,1.0,4.0,,,,2.0,4.0,2.0,,,,,,1.0,2.0,2.0,1.0,,4.0,,1.0,,1.0,2.0,,2.0,,,,,,,,1.0,2.0,1.0,1.0,,8.0,2.0,1.0,0.6666666666666666,0.6666666666666666,,,,0.42857142857142855,,0.25,0.42857142857142855,,0.25,0.5,,0.25,,0.14285714285714285,1.0,,,1.0,,,0.5,0.3333333333333333,,,,,,,0.5,18.833333333333332,17.0,0.2857142857142857,1.0,1.0,0.5,0.14285714285714285,,,,0.5714285714285714,0.25,0.25,,,,,,0.25,1.0,,,0.2857142857142857,,0.40377142857142856,,0.409975,0.14285714285714285,0.14285714285714285,,0.25,10.085714285714285,,,1.0,,1.0,,1.0,,,,,,,,,,,1.0,,,,,1.0,,,,,,,,,,,,,,,,,,,,,,,,,,,,,1.0,,,,,,,,,,,,,,,,,,,,,,1610612760,2004,2003-04,True
1916-2209-2499-2557-951,1610612760,"Calvin Booth, Vladimir Radmanovic, Richie Frahm, Luke Ridnour, Ray Allen","Booth, Radmanovic, Frahm, Ridnour, Allen",1916-2209-2499-2557-951,SEA,48.0,1,1.0,,2.0,,,,,,,60.0,31.0,29.0,,1.0,-1.0,1.0,,1.0,,,,,,,1.0,2.0,,,,,,,1.0,2.0,,,,2.0,3.0,1.0,1.0,,2.0,,,,,,,,2.0,,2.0,,,,,,,,,,1.0,,,,,1.0,1.0,,,,,,,,,,,,,,,,,,,,,0.5,1.0,,0.5,1.0,,0.5,1.0,,,,,,,,,1.0,,,1.0,,1.0,,,,,17.0,17.0,,,,,1.0,0.5,0.5,,,,,,,,,,,,,,,,0.38555,0.4205,,,,1.0,,6.15,,,,,,,,,,,,,,,,,,,,,,,,,,,,,,,,,,,,1.0,,,1.0,,,,,,,,,,,,,,,,,,,,,,,,,,,,,,,,,,,1610612760,2004,2003-04,True
1916-2209-2499-699-951,1610612760,"Calvin Booth, Vladimir Radmanovic, Richie Frahm, Brent Barry, Ray Allen","Booth, Radmanovic, Frahm, Barry, Allen",1916-2209-2499-699-951,SEA,102.0,1,4.0,,8.0,,1.0,,1.0,,,112.94117647058823,12.75,12.5,,2.0,-1.0,4.0,,1.0,2.0,2.0,1.0,1.0,,,,,,1.0,,1.0,,,2.0,3.0,,1.0,1.0,5.0,6.0,1.0,1.0,1.0,3.0,,,,,,,2.0,2.0,,2.0,,1.0,,,1.0,1.0,1.0,,2.0,,,1.0,,1.0,1.0,2.0,,,1.0,,1.0,,,1.0,1.0,1.0,1.0,,2.0,,,0.5,1.0,,,,0.6666666666666666,1.0,,0.5,1.0,,0.625,1.5,,0.25,,,,1.0,,1.0,,,1.0,0.5,,,,,1.0,,12.75,12.75,0.5,1.0,1.0,0.5,,,,,0.25,,,0.25,,,1.0,1.0,,,,,0.75,,0.5843375,,,0.25,0.3333333333333333,0.6,,7.3,24.7,,,,,,,,,,,,,,,,,,,,,,,,,,,,,,,,1.0,1.0,,,,1.0,,,,,,,,,,,,,,,,,,,,,,,,,,,,,,,,,,,,1610612760,2004,2003-04,True
1916-2209-2501-699-951,1610612760,"Calvin Booth, Vladimir Radmanovic, Reggie Evans, Brent Barry, Ray Allen","Booth, Radmanovic, Evans, Barry, Allen",1916-2209-2501-699-951,SEA,398.0,3,13.0,7.0,25.0,1.0,5.0,2.0,4.0,,7.0,90.45226130653266,18.0,17.076923076923077,0.5384615384615384,7.0,-7.0,12.0,6.0,1.0,,1.0,,,,,,2.0,,1.0,1.0,4.0,1.0,3.0,,4.0,1.0,4.0,3.0,6.0,13.0,,1.0,,,,2.0,1.0,3.0,2.0,5.0,,,,,,4.0,1.0,1.0,,1.0,,,3.0,2.0,2.0,1.0,1.0,4.0,3.0,7.0,1.0,,4.0,,,,,3.0,4.0,,1.0,1.0,6.0,5.0,1.0,,,0.25,0.3333333333333333,0.25,,,,0.1875,,0.3,0.3,,0.4166666666666667,0.5,0.25,0.5,,0.8,1.0,0.2,0.5,1.0,0.42857142857142855,0.42857142857142855,,0.5,1.0,,0.3333333333333333,1.0,13.666666666666666,12.166666666666666,0.125,,,,0.25,,,,0.125,,,0.5,0.25,0.25,,,,,0.6,0.3333333333333333,0.625,0.25,0.45654375,0.2368,0.41886,0.1111111111111111,0.2,,0.8333333333333334,11.575,25.6,4.0,,,,,,,,,,,,,3.0,1.0,,,1.0,,,,,,,,,,,1.0,1.0,1.0,1.0,0.3333333333333333,,,,0.3333333333333333,,,,,,,,,,,,,,,,,,,,,,1.0,,,,,,,,,,,,,,1610612760,2004,2003-04,True
1916-2209-2557-699-951,1610612760,"Calvin Booth, Vladimir Radmanovic, Luke Ridnour, Brent Barry, Ray Allen","Booth, Radmanovic, Ridnour, Barry, Allen",1916-2209-2557-699-951,SEA,57.0,1,1.0,1.0,3.0,,,,1.0,,1.0,75.78947368421053,17.0,17.0,1.0,1.0,-3.0,2.0,1.0,,,,,,,,,,,1.0,,,,,,1.0,,,,,3.0,,,,,,1.0,,,,,,,,,,,,,,,,,,,1.0,,,1.0,,1.0,,,,,,,,,,,,,,,,,,,,,,,,,,,,,,,,,,,,,,1.0,1.0,,,,,,,1.0,20.0,20.0,,,,,,,,,1.0,,,,,,,,,,,,,,0.3907,,0.3907,,,,,20.0,,,,,,,,,,,,,,,,,,,,,,,,,,,,,,,,,,,,,,,,,,,,,,,,,,,,,,,,,,,,,,,,,,,,,,,,,,1610612760,2004,2003-04,True
1916-2436-2499-2501-2557,1610612760,"Calvin Booth, Flip Murray, Richie Frahm, Reggie Evans, Luke Ridnour","Booth, Murray, Frahm, Evans, Ridnour",1916-2436-2499-2501-2557,SEA,736.0,4,21.0,5.0,43.0,,4.0,1.0,3.0,,5.0,84.13043478260869,17.714285714285715,17.714285714285715,0.23809523809523808,12.0,8.0,22.0,5.0,,4.0,5.0,,,2.0,2.0,4.0,8.0,1.0,1.0,1.0,1.0,1.0,1.0,9.0,14.0,1.0,2.0,3.0,24.0,16.0,,,,,3.0,3.0,1.0,1.0,,9.0,10.0,8.0,,,,1.0,1.0,3.0,5.0,6.0,1.0,3.0,13.0,1.0,4.0,8.0,,12.0,1.0,13.0,1.0,1.0,4.0,,1.0,,,3.0,4.0,,2.0,,24.0,9.0,,0.5555555555555556,0.5555555555555556,0.5,1.0,0.5,0.6428571428571429,,1.0,0.65625,,1.125,0.6666666666666666,,1.125,0.125,0.21428571428571427,0.25,,1.0,,0.7272727272727273,0.2,0.8,0.75,0.16666666666666666,,0.25,,,0.6666666666666666,0.75,16.545454545454547,14.863636363636363,0.3125,0.8,1.0,0.25,0.5,0.5,0.6666666666666666,0.75,0.0625,1.0,1.0,0.0625,1.0,1.0,,,0.5,1.0,0.25,1.0,0.4375,1.0,0.440478125,,0.44935,0.1111111111111111,0.125,,0.375,7.692857142857143,25.05,3.0,1.0,,1.0,,1.0,,,,,1.0,,,3.0,1.0,,1.0,1.0,0.2,1.0,1.0,1.0,0.0625,,,,,,1.0,1.0,,,,,,,,,,,,,,,,,,,,,,,,,,,,,,,,,,,,,,,,,,,1610612760,2004,2003-04,True
1916-2436-2499-2501-699,1610612760,"Calvin Booth, Flip Murray, Richie Frahm, Reggie Evans, Brent Barry","Booth, Murray, Frahm, Evans, Barry",1916-2436-2499-2501-699,SEA,178.0,1,5.0,,11.0,,,,,,,88.98876404494382,17.8,14.0,,3.0,,6.0,,2.0,1.0,1.0,,,,,1.0,2.0,1.0,3.0,,,,,3.0,6.0,,1.0,,6.0,6.0,2.0,2.0,,4.0,,,,,,,6.0,,,,,,,,3.0,3.0,1.0,1.0,6.0,2.0,2.0,1.0,,3.0,2.0,5.0,,,,,,,,,,,,,2.0,,,1.0,1.0,,,,0.5,1.0,,0.42857142857142855,1.0,,0.42857142857142855,1.0,,0.14285714285714285,,,,,,1.0,0.6666666666666666,1.0,1.0,0.5,,1.0,0.5,1.0,,1.0,14.833333333333334,14.833333333333334,0.14285714285714285,1.0,1.0,1.0,0.2857142857142857,0.5,0.5,1.0,0.42857142857142855,0.3333333333333333,0.3333333333333333,,,,,,,,,,0.2857142857142857,,0.45653571428571427,0.39655,,,,0.6666666666666666,,12.65,23.6,,1.0,,1.0,,1.0,1.0,,1.0,,1.0,,,,,,1.0,,,,,1.0,0.14285714285714285,,,,,,,,,,,,,,,,,,,,,,,,,,,,,,,,,,,,,,,,,,,,,,,,,,1610612760,2004,2003-04,True
1916-2436-2499-2557-951,1610612760,"Calvin Booth, Flip Murray, Richie Frahm, Luke Ridnour, Ray Allen","Booth, Murray, Frahm, Ridnour, Allen",1916-2436-2499-2557-951,SEA,60.0,1,3.0,1.0,5.0,,,,,,1.0,120.0,10.666666666666666,10.666666666666666,0.3333333333333333,1.0,3.0,2.0,2.0,,1.0,1.0,,,,,,,,,1.0,1.0,,,1.0,1.0,1.0,1.0,3.0,8.0,5.0,,,,,,,,,2.0,2.0,2.0,,,,,1.0,1.0,,1.0,2.0,1.0,,5.0,,,,,,,,,,,,,,,,3.0,1.0,1.0,1.0,8.0,2.0,,1.0,1.0,1.0,,1.0,1.0,,,1.25,,,1.3333333333333333,,1.0,0.5,,,,,,,,,,,,,,,,,14.0,14.0,0.5,1.0,1.0,1.0,,,,,,,,0.5,1.0,1.0,,,,,,,1.0,1.0,0.5413,,,0.5,1.0,,0.25,,24.3,,,,,,,,,,,,,,3.0,1.0,,,1.0,,,,,,,,,,,1.0,1.0,,,,,,,,,,,,,,,,,,,,,,,,,,,,,,,,,,,,,,,,,,,1610612760,2004,2003-04,True
1916-2436-2499-699-951,1610612760,"Calvin Booth, Flip Murray, Richie Frahm, Brent Barry, Ray Allen","Booth, Murray, Frahm, Barry, Allen",1916-2436-2499-699-951,SEA,177.0,1,6.0,6.0,12.0,,,,,,6.0,97.62711864406779,12.333333333333334,10.5,1.0,3.0,1.0,6.0,,2.0,1.0,5.0,,4.0,1.0,5.0,,1.0,,1.0,1.0,1.0,1.0,1.0,1.0,7.0,1.0,2.0,2.0,7.0,6.0,,4.0,,,1.0,7.0,1.0,2.0,2.0,7.0,,2.0,,,,1.0,1.0,,,1.0,,,3.0,4.0,,1.0,,1.0,4.0,5.0,2.0,1.0,,,,,,,2.0,,,1.0,7.0,7.0,,,,0.5,0.5,0.5,0.14285714285714285,,0.14285714285714285,0.2777777777777778,,0.2777777777777778,0.35,,0.35,0.2222222222222222,,,,,,1.0,0.6666666666666666,,1.0,0.6666666666666666,0.5,1.0,1.0,,1.0,,17.166666666666668,17.166666666666668,0.5555555555555556,0.2,0.2,,0.1111111111111111,,,,0.1111111111111111,,,0.1111111111111111,1.0,1.0,1.0,,0.5555555555555556,0.2,0.1111111111111111,1.0,0.7777777777777778,1.0,0.5096111111111111,0.538825,0.5096111111111111,,,,1.0,3.5142857142857147,25.05,,,,,,,,,,,1.0,,1.0,3.0,1.0,,,1.0,,,,,0.1111111111111111,,,,0.1111111111111111,,1.0,1.0,1.0,,,,,,,,,,,,,,,,,,,,,,,,,,,,,,,,,,,,1.0,0.5,1.0,,,,1610612760,2004,2003-04,True
1916-2436-2501-2557-951,1610612760,"Calvin Booth, Flip Murray, Reggie Evans, Luke Ridnour, Ray Allen","Booth, Murray, Evans, Ridnour, Allen",1916-2436-2501-2557-951,SEA,343.0,3,11.0,1.0,21.0,1.0,1.0,,2.0,,1.0,88.16326530612244,15.272727272727273,15.090909090909092,0.09090909090909091,6.0,12.0,10.0,1.0,1.0,2.0,2.0,,,,,,,1.0,4.0,,1.0,,,3.0,6.0,2.0,3.0,5.0,17.0,5.0,,,,3.0,,1.0,,,,,2.0,4.0,,,,1.0,,1.0,1.0,3.0,1.0,,8.0,1.0,1.0,3.0,,4.0,1.0,5.0,2.0,1.0,,,,,,1.0,5.0,1.0,3.0,,14.0,,,0.3333333333333333,0.3333333333333333,0.6666666666666666,,0.6666666666666666,0.5,,,0.6666666666666666,1.5,,0.7727272727272727,1.5,,0.3333333333333333,0.16666666666666666,,0.25,,,0.6,0.3333333333333333,0.5,0.5714285714285714,0.25,,,0.3333333333333333,,0.3333333333333333,0.5,17.5,16.4,0.2222222222222222,1.0,1.0,0.5,,,,,0.4444444444444444,0.25,0.3333333333333333,0.1111111111111111,,,,,,,,,0.5555555555555556,,0.47258888888888895,0.4194,0.2583,0.2727272727272727,0.375,0.17647058823529413,,12.716666666666667,24.3,,,,,,,,,,2.0,2.0,,,6.0,2.0,2.0,,1.0,,1.0,,,0.2222222222222222,1.0,1.0,1.0,,,,,1.0,,,,,1.0,,,,1.0,1.0,1.0,1.0,1.0,1.0,1.0,1.0,,,,,,,,,,,,,,,,,,,,,,,,,,1610612760,2004,2003-04,True
1916-2499-2501-2557-699,1610612760,"Calvin Booth, Richie Frahm, Reggie Evans, Luke Ridnour, Brent Barry","Booth, Frahm, Evans, Ridnour, Barry",1916-2499-2501-2557-699,SEA,159.0,1,5.0,,9.0,,,,,,,81.50943396226415,16.0,15.6,,3.0,-1.0,4.0,,1.0,1.0,1.0,,,,,2.0,2.0,,2.0,,,,,3.0,5.0,,,2.0,8.0,9.0,1.0,1.0,,2.0,,,,,,,2.0,4.0,,2.0,,,,,1.0,1.0,1.0,,2.0,1.0,,,,,1.0,1.0,1.0,1.0,,,,,,,2.0,,1.0,,6.0,,,0.3333333333333333,0.5,,,,0.6,1.0,,0.6,1.0,,0.6666666666666666,1.0,,,,,,,,,0.5,,,0.5,,,0.5,,,,19.75,19.75,0.2,1.0,1.0,1.0,0.4,1.0,1.0,,0.4,,,,,,,,,,,,0.2,,0.43183999999999995,0.4353,,0.16666666666666666,0.16666666666666666,0.25,,8.9,,,,,,,,,,,,,,,,,,,,,,,,,,,,,,,,,,,,,,,,,,,,,,,,,,,,,,,,,,,,,,,,,,,,,,,,,,1610612760,2004,2003-04,True
1916-2499-2501-2557-951,1610612760,"Calvin Booth, Richie Frahm, Reggie Evans, Luke Ridnour, Ray Allen","Booth, Frahm, Evans, Ridnour, Allen",1916-2499-2501-2557-951,SEA,21.0,1,1.0,,2.0,,,,,,,137.14285714285714,14.0,14.0,,,-1.0,1.0,,,,,,,,,,,,,,,,,,,,,2.0,2.0,3.0,,,,,,,,,,,,,,,,,,,,,,,,,,,,,,,,,,,,,,,2.0,,1.0,,2.0,,,,,,,,,,,,,,1.0,,,,,,,,,,,,,,,,,,,,7.0,7.0,,,,,,,,,,,,,,,,,,,,,,,,,,1.0,1.0,,,,,,,,,,,,,,,,,,,,,,,,,,,,,,,,,,,,,,,,,,,,,,,,,,,,,,,,,,,,,,,,,,,,,,,,,,,,,1610612760,2004,2003-04,True
1916-2501-2557-699-951,1610612760,"Calvin Booth, Reggie Evans, Luke Ridnour, Brent Barry, Ray Allen","Booth, Evans, Ridnour, Barry, Allen",1916-2501-2557-699-951,SEA,18.0,1,1.0,1.0,1.0,,,,,,1.0,80.0,6.0,1.0,1.0,,,,,1.0,,,,,,,,1.0,,,,,,,,1.0,,,,,,,1.0,,,,1.0,,,,,,,,,,,,,,,,,,,,,,,1.0,1.0,,,,,,,,,,,,,,,,,,,,,,,,,,,,,,,,,,,,,,,,,,,,,,,,,,,,,1.0,,,,,,,,,,,,,,,,,,0.432,0.432,0.432,,,,,4.6,,,,,,1.0,,,1.0,,,,,,,,,,,,,,,,,,,,,,,,,,,,,,,,,,,,,,,,,,,,,,,,,,,,,,,,,,,,,,,,,1610612760,2004,2003-04,True
2209-2436-2499-2501-2557,1610612760,"Vladimir Radmanovic, Flip Murray, Richie Frahm, Reggie Evans, Luke Ridnour","Radmanovic, Murray, Frahm, Evans, Ridnour",2209-2436-2499-2501-2557,SEA,585.0,5,21.0,8.0,41.0,2.0,7.0,2.0,5.0,,8.0,100.92307692307692,13.095238095238095,12.952380952380953,0.38095238095238093,10.0,-4.0,20.0,7.0,3.0,4.0,6.0,2.0,2.0,2.0,2.0,1.0,2.0,,3.0,1.0,2.0,,1.0,5.0,11.0,1.0,2.0,5.0,18.0,22.0,2.0,2.0,,4.0,2.0,5.0,,1.0,1.0,5.0,4.0,6.0,,4.0,,2.0,1.0,1.0,2.0,3.0,1.0,1.0,7.0,3.0,1.0,5.0,,6.0,3.0,9.0,1.0,,5.0,1.0,2.0,,,3.0,8.0,,3.0,1.0,14.0,5.0,,0.4,0.6666666666666666,0.5,,0.5,0.45454545454545453,1.0,0.4,0.5,1.0,0.3333333333333333,0.5294117647058824,0.6666666666666666,0.35714285714285715,0.15384615384615385,0.09090909090909091,,0.3333333333333333,0.7142857142857143,,0.625,0.6,1.0,0.6666666666666666,0.5,0.5,1.0,0.5,0.5,0.6,1.0,15.5,15.2,0.46153846153846156,0.6666666666666666,0.6666666666666666,0.25,0.15384615384615385,0.5,0.5,1.0,0.23076923076923078,,,0.15384615384615385,0.5,0.5,1.0,1.0,0.3333333333333333,1.0,0.16666666666666666,,0.6153846153846154,0.5,0.4770153846153846,0.57025,0.43864166666666665,0.1875,0.21428571428571427,0.2222222222222222,0.2777777777777778,6.736363636363635,25.05,3.0,2.0,,2.0,,1.0,2.0,,1.0,,,,,3.0,1.0,,,1.0,,1.0,,,,,,,,,1.0,1.0,1.0,,,,,,,,,,,,,,,,,1.0,,,,,,,,,,,,,,,,,,,,,,,,,1610612760,2004,2003-04,True
2209-2436-2499-2501-699,1610612760,"Vladimir Radmanovic, Flip Murray, Richie Frahm, Reggie Evans, Brent Barry","Radmanovic, Murray, Frahm, Evans, Barry",2209-2436-2499-2501-699,SEA,139.0,2,4.0,4.0,9.0,1.0,1.0,1.0,,,4.0,93.23741007194243,17.25,14.0,1.0,2.0,-1.0,5.0,1.0,1.0,1.0,1.0,,,1.0,1.0,1.0,2.0,,,1.0,1.0,1.0,1.0,2.0,3.0,1.0,1.0,,7.0,8.0,,,,3.0,2.0,3.0,1.0,1.0,,7.0,4.0,,,,,1.0,1.0,,2.0,3.0,1.0,1.0,7.0,1.0,,1.0,,1.0,1.0,2.0,,,,,,,,,,,,,4.0,7.0,,1.0,1.0,1.0,1.0,1.0,0.6666666666666666,,0.6666666666666666,0.875,1.5,0.875,0.875,1.5,0.875,0.25,,,,,,0.3333333333333333,1.0,,0.3333333333333333,1.0,,1.0,,,0.5,,14.0,10.4,0.25,1.0,1.0,1.0,0.5,0.5,0.5,1.0,,,,0.25,1.0,1.0,,,0.25,1.0,0.25,1.0,0.5,1.0,0.4476125,0.54945,0.4476125,,,0.42857142857142855,1.0,7.166666666666667,24.0,,1.0,,1.0,,1.0,,,,,,,,3.0,1.0,,,1.0,,,,,,,,,,,1.0,1.0,,,,,,,,,,,,1.0,1.0,1.0,,,,,1.0,1.0,,1.0,1.0,1.0,,,,,,,,,,,,,,,,,,,1610612760,2004,2003-04,True
2209-2436-2499-2557-699,1610612760,"Vladimir Radmanovic, Flip Murray, Richie Frahm, Luke Ridnour, Brent Barry","Radmanovic, Murray, Frahm, Ridnour, Barry",2209-2436-2499-2557-699,SEA,87.0,1,2.0,2.0,5.0,,,,,,2.0,82.75862068965517,27.0,27.0,1.0,1.0,-3.0,3.0,3.0,,,1.0,,,,1.0,,,,,,1.0,,1.0,,1.0,,1.0,,,3.0,,,,,,1.0,,1.0,,,,,,,,1.0,,,,,,,,,2.0,,,2.0,,2.0,,,,,,,,,,,,,,,,,,,,,,,,,,,,,,0.5,,,,,,,,1.0,1.0,,,,,,,1.0,11.0,11.0,0.5,,,,,,,,,,,0.5,,,,,0.5,,0.5,,1.0,,0.50285,,0.50285,,,,,,24.5,,,,,,,,,,,,,,,,,,,,,,,,,,,,,,,,,,,,,,,,,,,,,,,,,,,,,,,,,,,,,,,,,,,,,,,,,1610612760,2004,2003-04,True
2209-2436-2499-951-958,1610612760,"Vladimir Radmanovic, Flip Murray, Richie Frahm, Ray Allen, Vitaly Potapenko","Radmanovic, Murray, Frahm, Allen, Potapenko",2209-2436-2499-951-958,SEA,130.0,1,5.0,5.0,10.0,,,,1.0,,5.0,110.76923076923077,15.6,15.6,1.0,2.0,5.0,5.0,3.0,1.0,1.0,2.0,1.0,1.0,1.0,2.0,1.0,2.0,,,1.0,1.0,1.0,1.0,2.0,4.0,1.0,1.0,2.0,9.0,4.0,1.0,1.0,,2.0,2.0,4.0,1.0,1.0,2.0,9.0,2.0,2.0,,2.0,,1.0,1.0,1.0,1.0,2.0,,1.0,5.0,1.0,1.0,1.0,,2.0,1.0,3.0,1.0,,,,,,,1.0,2.0,,,1.0,7.0,9.0,,0.5,1.0,1.0,1.0,1.0,0.5,1.0,0.5,0.7,1.0,0.7,0.75,1.0,0.75,0.2,0.25,,,,,1.0,0.5,1.0,1.0,0.5,1.0,,,,,1.0,10.4,10.4,0.4,0.5,1.0,,0.4,0.5,0.5,1.0,,,,0.2,1.0,1.0,1.0,1.0,0.4,0.5,0.2,1.0,0.6,1.0,0.46283,0.6341,0.46283,,,0.2222222222222222,1.0,4.675,26.2,,,,,,,,,,,,,,3.0,1.0,,,1.0,0.5,1.0,,,,,,,,,1.0,1.0,1.0,,,,,,,,,,,,,,,,,,,,,,,,,,,,,,,,,,,,,,,,,,1610612760,2004,2003-04,True
2209-2436-2501-2557-699,1610612760,"Vladimir Radmanovic, Flip Murray, Reggie Evans, Luke Ridnour, Brent Barry","Radmanovic, Murray, Evans, Ridnour, Barry",2209-2436-2501-2557-699,SEA,75.0,2,2.0,2.0,6.0,,,,2.0,,2.0,115.2,3.5,3.5,1.0,1.0,4.0,4.0,,,2.0,2.0,,,2.0,2.0,,,,,,,,,2.0,2.0,,,1.0,5.0,1.0,,,,,2.0,2.0,,,1.0,5.0,4.0,,,,,,,,2.0,2.0,2.0,,4.0,,,1.0,,1.0,,1.0,1.0,1.0,,,,,,1.0,1.0,1.0,1.0,,5.0,5.0,,1.0,1.0,,,,1.0,,1.0,1.0,,1.0,1.25,,1.25,,,,,,,1.0,,,0.5,,,,,1.0,,,17.0,17.0,1.0,1.0,1.0,1.0,,,,,,,,,,,,,1.0,1.0,,,1.0,,0.7793,,0.7793,0.5,0.5,,1.0,,,,1.0,,1.0,,1.0,1.0,,1.0,,,,,,,,,,,,,,,,,,,,,,,,,,,,,,,,,,,,,,,,,,,,,,,,,,,,,,,,,,,,,,,,1610612760,2004,2003-04,True
2209-2436-2501-2557-951,1610612760,"Vladimir Radmanovic, Flip Murray, Reggie Evans, Luke Ridnour, Ray Allen","Radmanovic, Murray, Evans, Ridnour, Allen",2209-2436-2501-2557-951,SEA,639.0,4,21.0,,43.0,,2.0,,5.0,,,96.90140845070422,14.142857142857142,14.095238095238095,,11.0,11.0,22.0,,1.0,8.0,11.0,,1.0,,,3.0,4.0,,3.0,,1.0,,,11.0,18.0,,1.0,6.0,28.0,17.0,,1.0,,,,,,,,,10.0,12.0,,,,1.0,,1.0,5.0,5.0,4.0,1.0,10.0,2.0,3.0,6.0,1.0,10.0,2.0,12.0,3.0,1.0,2.0,,2.0,,,1.0,6.0,1.0,3.0,,28.0,,,0.45454545454545453,0.45454545454545453,,,,0.6111111111111112,,,0.5789473684210527,,,0.6428571428571429,,,0.05263157894736842,0.05555555555555555,0.25,,1.0,1.0,0.75,0.2857142857142857,0.6,0.6923076923076923,0.25,0.3333333333333333,,0.3333333333333333,0.5,0.8,0.75,15.545454545454545,14.909090909090908,0.5789473684210527,0.7272727272727273,0.7272727272727273,0.5,0.21052631578947367,0.75,1.0,0.3333333333333333,0.15789473684210525,,,0.05263157894736842,,,1.0,,,,,,0.631578947368421,,0.5166736842105264,0.5407,,0.14285714285714285,0.15,,,4.949999999999999,24.0,,,,,,,,,,,,,,,,,,,,1.0,,,,,,,,,,,2.0,,,,,,,,,,,,,,,,,,,,1.0,,,,,,,,,,,,,,,,,,,,,,1610612760,2004,2003-04,True
2209-2436-2501-2557-958,1610612760,"Vladimir Radmanovic, Flip Murray, Reggie Evans, Luke Ridnour, Vitaly Potapenko","Radmanovic, Murray, Evans, Ridnour, Potapenko",2209-2436-2501-2557-958,SEA,440.0,2,13.0,4.0,24.0,,2.0,1.0,3.0,,4.0,78.54545454545455,17.384615384615383,15.0,0.3076923076923077,7.0,10.0,11.0,,2.0,4.0,6.0,,2.0,1.0,1.0,1.0,2.0,1.0,3.0,1.0,2.0,1.0,1.0,6.0,11.0,1.0,2.0,1.0,16.0,6.0,,3.0,,,2.0,2.0,1.0,1.0,,7.0,6.0,6.0,3.0,,,2.0,1.0,,3.0,3.0,2.0,,6.0,2.0,,8.0,,8.0,3.0,11.0,,,2.0,,,,,2.0,2.0,,1.0,,16.0,7.0,,0.5,0.5,0.5,1.0,0.5,0.5454545454545454,,1.0,0.5769230769230769,,1.1666666666666667,0.5714285714285714,,1.1666666666666667,0.15384615384615385,,,,1.0,,0.8888888888888888,0.4,,0.8,0.5,0.5,,0.5,,1.0,,19.454545454545453,17.636363636363637,0.46153846153846156,0.6666666666666666,0.6666666666666666,0.5,0.15384615384615385,0.5,0.5,,0.23076923076923078,0.3333333333333333,0.3333333333333333,0.15384615384615385,0.5,0.5,0.6666666666666666,,0.3333333333333333,1.0,0.3333333333333333,1.0,0.6153846153846154,0.5,0.46706538461538466,0.5434,0.40338333333333337,0.07142857142857142,0.08333333333333333,,0.4375,7.4363636363636365,27.0,2.0,2.0,1.0,2.0,,,2.0,,1.0,,,,,,,,1.0,,,1.0,,1.0,,,,,,,,,,1.0,1.0,,1.0,,1.0,0.16666666666666666,,,,,,,,,,1.0,,,,,,,,,,,,,,,,,,,,,,,,,1610612760,2004,2003-04,True
2209-2436-2501-699-951,1610612760,"Vladimir Radmanovic, Flip Murray, Reggie Evans, Brent Barry, Ray Allen","Radmanovic, Murray, Evans, Barry, Allen",2209-2436-2501-699-951,SEA,173.0,1,6.0,,13.0,,2.0,,4.0,,,108.20809248554913,16.833333333333332,16.166666666666668,,3.0,-4.0,7.0,7.0,1.0,,2.0,,1.0,,,,1.0,1.0,1.0,,1.0,,,1.0,4.0,,1.0,,2.0,6.0,,1.0,,,,,,,,,2.0,,,,,1.0,,,1.0,1.0,,,2.0,1.0,,1.0,1.0,2.0,1.0,3.0,,,2.0,,,,,1.0,,,,,2.0,,2.0,1.0,1.0,,,,0.25,,,0.2,,,0.2,,,0.2,,,,1.0,1.0,0.5,0.3333333333333333,,0.3333333333333333,0.25,0.5,,,,1.0,,10.285714285714286,9.285714285714286,0.4,,,,0.2,,,,0.2,1.0,1.0,0.2,,,1.0,,,,,,0.6,,0.49372,0.5484,,,,,,6.925,25.3,2.0,1.0,,1.0,,1.0,,,,,,,,,,,1.0,,,,,1.0,,,,,,,,,,,,,,,,,1.0,,,,,,,,,,,,,,,,,,,,,,,,,,,,,,,,,,1610612760,2004,2003-04,True
2209-2436-2501-699-958,1610612760,"Vladimir Radmanovic, Flip Murray, Reggie Evans, Brent Barry, Vitaly Potapenko","Radmanovic, Murray, Evans, Barry, Potapenko",2209-2436-2501-699-958,SEA,318.0,3,10.0,10.0,20.0,2.0,3.0,3.0,2.0,1.0,10.0,90.56603773584906,15.0,15.0,1.0,5.0,-5.0,10.0,4.0,,2.0,2.0,,,2.0,2.0,,1.0,,1.0,1.0,2.0,1.0,2.0,2.0,4.0,1.0,3.0,,7.0,12.0,,,,,2.0,4.0,1.0,3.0,,7.0,4.0,,,,,2.0,1.0,,2.0,3.0,2.0,,7.0,,1.0,1.0,,2.0,,2.0,1.0,,1.0,,,,,,,,,,7.0,7.0,,1.0,1.0,0.3333333333333333,0.3333333333333333,0.3333333333333333,0.5,,0.5,0.5,,0.5,0.5,,0.5,0.42857142857142855,,,,0.3333333333333333,,1.0,,1.0,1.0,,,,,,1.0,,16.8,16.2,0.2857142857142857,1.0,1.0,1.0,0.14285714285714285,,,,0.14285714285714285,,,0.2857142857142857,0.5,0.5,,,0.2857142857142857,1.0,0.2857142857142857,0.5,0.7142857142857143,0.5,0.4656071428571429,,0.4656071428571429,,,,1.0,8.075,26.96666666666667,1.0,,,,,,,,,,1.0,,1.0,3.0,1.0,,,1.0,,,1.0,,0.14285714285714285,,,,0.14285714285714285,,1.0,1.0,1.0,,,,,1.0,,,,,,,,,,,,,,,,,,,,,,,,,,,,,,,,,,,,,1610612760,2004,2003-04,True
2209-2436-2557-951-958,1610612760,"Vladimir Radmanovic, Flip Murray, Luke Ridnour, Ray Allen, Vitaly Potapenko","Radmanovic, Murray, Ridnour, Allen, Potapenko",2209-2436-2557-951-958,SEA,469.0,6,14.0,,28.0,1.0,2.0,,6.0,,,85.97014925373135,15.928571428571429,15.857142857142858,,8.0,8.0,14.0,1.0,1.0,4.0,5.0,,,,,1.0,2.0,,2.0,3.0,4.0,,,5.0,9.0,3.0,4.0,,19.0,11.0,1.0,1.0,,2.0,,,,,,,8.0,2.0,,2.0,,4.0,3.0,,4.0,7.0,4.0,,17.0,1.0,1.0,5.0,,6.0,1.0,7.0,2.0,2.0,1.0,1.0,,,,3.0,,,,,17.0,,,0.8,1.0,0.75,,0.75,0.5555555555555556,1.0,,0.7307692307692307,1.0,,0.7307692307692307,1.0,,0.3076923076923077,,,,0.5,,0.7142857142857143,0.25,1.0,0.75,0.2,,,0.5,0.5,1.0,1.0,17.571428571428573,16.5,0.38461538461538464,0.8,0.8,1.0,0.15384615384615385,0.5,0.5,,0.15384615384615385,,,0.3076923076923077,0.75,0.75,,,,,,,0.6923076923076923,0.75,0.48874615384615383,0.4177,,,,0.10526315789473684,,6.133333333333334,26.325,1.0,,,,,,,,,,,,,9.0,3.0,,,1.0,,0.5,,,,,,,,,3.0,1.0,,,,,,,,,1.0,,,,,,,,,,,,,,,,,,,,,,,,,,,,,,,,,,1610612760,2004,2003-04,True
2209-2436-699-951-958,1610612760,"Vladimir Radmanovic, Flip Murray, Brent Barry, Ray Allen, Vitaly Potapenko","Radmanovic, Murray, Barry, Allen, Potapenko",2209-2436-699-951-958,SEA,369.0,3,12.0,,24.0,,2.0,,1.0,,,93.65853658536585,15.75,15.0,,6.0,4.0,12.0,,1.0,3.0,5.0,,,,,,,2.0,3.0,,1.0,,,5.0,8.0,,1.0,2.0,12.0,8.0,,,,,,,,,,,10.0,,,,,1.0,,1.0,5.0,5.0,3.0,,10.0,,3.0,3.0,,6.0,1.0,7.0,1.0,,2.0,,,,1.0,1.0,4.0,,2.0,,12.0,,,1.0,1.0,,,,0.625,,,0.5555555555555556,,,0.5454545454545454,,,0.1111111111111111,0.125,,,1.0,,0.75,,0.75,0.75,,,,,0.5,,0.6666666666666666,15.0,14.583333333333334,0.5555555555555556,0.6,0.75,1.0,,,,,0.3333333333333333,0.6666666666666666,0.6666666666666666,0.1111111111111111,,,,,,,,,0.6666666666666666,,0.5298666666666666,,,0.18181818181818182,0.2,,,7.625,24.2,2.0,1.0,,1.0,1.0,1.0,,1.0,,,,,,,,,2.0,,0.2,1.0,1.0,1.0,,,,,,,,,1.0,,,,,,,,,,,,,,,,,,,,,,,,,,,,,,,,,,,,,,,,,,1610612760,2004,2003-04,True
2209-2499-2501-2557-699,1610612760,"Vladimir Radmanovic, Richie Frahm, Reggie Evans, Luke Ridnour, Brent Barry","Radmanovic, Frahm, Evans, Ridnour, Barry",2209-2499-2501-2557-699,SEA,50.0,1,3.0,3.0,5.0,1.0,1.0,1.0,,,3.0,144.0,8.333333333333334,8.333333333333334,1.0,1.0,,2.0,,,1.0,1.0,,,1.0,1.0,,,,1.0,,,,,1.0,2.0,,,1.0,3.0,3.0,,,,,1.0,2.0,,,1.0,3.0,2.0,,,,,,,,1.0,1.0,1.0,,2.0,,,,,,,,1.0,,,1.0,,,,,1.0,1.0,1.0,,3.0,3.0,,1.0,1.0,,,,0.5,,0.5,0.5,,0.5,0.75,,0.75,,,,,,,,,,,,,,,,,,12.5,12.5,0.5,1.0,1.0,1.0,,,,,0.5,,,,,,,,0.5,1.0,,,0.5,,0.5948,,0.5948,0.5,0.5,,1.0,9.1,,,,,,,,,,,,,,,,,,,,,,,,,,,,,,,,1.0,,,,,,,,,,,,,,,,,,,,,,,,,,,,,,,,,,,,,,,,,,1610612760,2004,2003-04,True
2209-2499-2501-2557-951,1610612760,"Vladimir Radmanovic, Richie Frahm, Reggie Evans, Luke Ridnour, Ray Allen","Radmanovic, Frahm, Evans, Ridnour, Allen",2209-2499-2501-2557-951,SEA,185.0,1,6.0,3.0,13.0,1.0,2.0,1.0,2.0,1.0,3.0,101.18918918918918,15.166666666666666,15.166666666666666,0.5,3.0,-6.0,7.0,,,1.0,1.0,,,1.0,1.0,,1.0,,,,2.0,,1.0,1.0,2.0,,2.0,1.0,3.0,9.0,,,,,1.0,1.0,,1.0,1.0,3.0,,2.0,,,,2.0,,,,,,,,,2.0,1.0,,3.0,,3.0,,,1.0,,1.0,,,1.0,2.0,,,1.0,3.0,3.0,,,,,,,0.5,,1.0,0.25,,0.5,0.3,,0.5,0.5,,,,0.5,,1.0,,1.0,1.0,,,,,,1.0,1.0,13.428571428571429,13.428571428571429,0.25,1.0,1.0,,0.25,,,,,,,0.5,,,,,0.5,1.0,0.5,,0.75,,0.534725,,0.55395,,,,1.0,2.25,25.15,,,,,,,,,,,,,,,,,,,,,,,,,,,,,,,,,,,,,,,,,,,,,,,,,,,,,,,,,,,,,,,,,,,,,,,,,1610612760,2004,2003-04,True
2209-2499-2557-951-958,1610612760,"Vladimir Radmanovic, Richie Frahm, Luke Ridnour, Ray Allen, Vitaly Potapenko","Radmanovic, Frahm, Ridnour, Allen, Potapenko",2209-2499-2557-951-958,SEA,278.0,1,8.0,3.0,15.0,1.0,2.0,1.0,2.0,,3.0,77.6978417266187,23.125,20.875,0.375,5.0,-4.0,7.0,,2.0,2.0,3.0,1.0,1.0,1.0,1.0,,2.0,,1.0,,1.0,,1.0,2.0,6.0,,1.0,3.0,7.0,11.0,1.0,1.0,3.0,5.0,1.0,1.0,,1.0,,2.0,4.0,,,,,1.0,,,2.0,2.0,2.0,,4.0,2.0,2.0,,,2.0,2.0,4.0,,,1.0,,1.0,,,,3.0,1.0,2.0,,2.0,2.0,,1.0,1.0,,,,0.3333333333333333,1.0,1.0,0.2857142857142857,1.0,0.5,0.4375,1.25,0.5,0.14285714285714285,,,,0.5,,,0.5,0.5,0.5,0.4,,0.5,1.0,,,0.5,13.285714285714286,11.285714285714286,0.42857142857142855,0.6666666666666666,0.6666666666666666,1.0,0.2857142857142857,,,,0.14285714285714285,,,0.14285714285714285,,,1.0,1.0,0.5,1.0,0.5,,0.5714285714285714,,0.4658357142857143,0.5573,0.488825,0.25,0.2857142857142857,0.7142857142857143,0.2857142857142857,5.95,25.9,,,,1.0,,,1.0,,1.0,,,,,,,,,,,,0.5,,,,,,,,,,,,,,1.0,,,0.2,1.0,,,,,,,,,,,,,,,,1.0,1.0,1.0,1.0,,,,,,,,,,,,,,,1610612760,2004,2003-04,True
2209-2499-699-951-958,1610612760,"Vladimir Radmanovic, Richie Frahm, Brent Barry, Ray Allen, Vitaly Potapenko","Radmanovic, Frahm, Barry, Allen, Potapenko",2209-2499-699-951-958,SEA,116.0,1,4.0,,9.0,,,,,,,111.72413793103448,14.25,14.25,,2.0,,5.0,,,2.0,2.0,,,,,,,,,,1.0,,,2.0,2.0,,2.0,,4.0,4.0,,,,,,,,,,,4.0,,,,,1.0,,,2.0,2.0,2.0,,4.0,,,1.0,,1.0,,1.0,2.0,2.0,,,,,,,,,,,4.0,,,1.0,1.0,,,,1.0,,,0.5,,,0.5,,,0.5,,,,,,1.0,,,1.0,,,,,,1.0,,11.8,9.4,0.5,1.0,1.0,1.0,,,,,,,,0.25,,,,,,,,,1.0,,0.611325,,,,,,,1.85,23.6,,,,,,,,,,,1.0,,,,,,,,,,,,0.25,,,,,,,,,,,,,,,,,,,,,,,,,,,,,,,,,,,,,,,,,,,,,,,,,,1610612760,2004,2003-04,True
2209-2501-2557-699-958,1610612760,"Vladimir Radmanovic, Reggie Evans, Luke Ridnour, Brent Barry, Vitaly Potapenko","Radmanovic, Evans, Ridnour, Barry, Potapenko",2209-2501-2557-699-958,SEA,319.0,3,10.0,3.0,17.0,1.0,1.0,,1.0,,3.0,76.7398119122257,19.2,15.1,0.3,5.0,-2.0,7.0,1.0,2.0,1.0,4.0,1.0,1.0,,2.0,1.0,1.0,,4.0,2.0,3.0,,1.0,2.0,9.0,2.0,3.0,,10.0,12.0,1.0,3.0,,2.0,,4.0,,1.0,,,2.0,2.0,3.0,2.0,,3.0,2.0,1.0,1.0,2.0,,1.0,5.0,2.0,,2.0,,2.0,3.0,5.0,,,,1.0,,,,,,,,,8.0,,,0.5,1.0,0.6666666666666666,,0.6666666666666666,0.2222222222222222,0.3333333333333333,,0.4166666666666667,0.25,,0.4166666666666667,0.25,,0.25,0.1111111111111111,,,,,1.0,0.3333333333333333,,1.0,0.42857142857142855,,,0.5,,,,18.142857142857142,18.142857142857142,0.3333333333333333,0.25,0.3333333333333333,,0.08333333333333333,1.0,1.0,1.0,0.3333333333333333,,,0.25,0.6666666666666666,0.6666666666666666,0.25,1.0,0.4,,0.2,,0.5833333333333334,0.6666666666666666,0.4222916666666667,0.3760333333333334,0.36546,,,0.2,,9.822222222222223,26.96666666666667,,,,,,,,,,,,,,3.0,1.0,,,0.5,0.25,1.0,,,,,,,,,1.0,0.5,,1.0,1.0,,1.0,,1.0,0.14285714285714285,,,,,1.0,,,,,,,1.0,,0.25,,,,,,,,,,,,,,,,,,,,,1610612760,2004,2003-04,True
2209-2501-699-951-958,1610612760,"Vladimir Radmanovic, Reggie Evans, Brent Barry, Ray Allen, Vitaly Potapenko","Radmanovic, Evans, Barry, Allen, Potapenko",2209-2501-699-951-958,SEA,671.0,3,19.0,9.0,40.0,1.0,2.0,2.0,4.0,1.0,9.0,85.84202682563338,17.94736842105263,16.94736842105263,0.47368421052631576,11.0,-1.0,21.0,13.0,4.0,4.0,5.0,2.0,2.0,1.0,1.0,2.0,4.0,3.0,4.0,3.0,5.0,2.0,2.0,9.0,13.0,4.0,7.0,,30.0,31.0,4.0,4.0,,8.0,2.0,4.0,3.0,3.0,,13.0,2.0,16.0,3.0,4.0,,5.0,3.0,,1.0,4.0,,1.0,11.0,2.0,1.0,4.0,,5.0,3.0,8.0,1.0,1.0,1.0,,,,,2.0,1.0,1.0,1.0,,22.0,13.0,,0.1111111111111111,0.14285714285714285,0.5714285714285714,1.0,0.5714285714285714,0.6923076923076923,1.0,0.5,0.75,1.0,0.9285714285714286,0.75,1.0,0.9285714285714286,0.35,,,,0.5,,0.6666666666666666,0.5,1.0,0.7142857142857143,0.42857142857142855,1.0,0.5,,1.0,0.6666666666666666,1.0,15.714285714285714,15.238095238095237,0.25,0.8,0.8,,0.2,0.5,0.5,0.5,0.2,0.75,0.75,0.25,0.6,0.6,0.5,1.0,0.14285714285714285,1.0,0.2857142857142857,1.0,0.6,0.6,0.48737250000000004,0.5092333333333333,0.4700357142857143,0.05,0.07692307692307693,0.26666666666666666,0.43333333333333335,7.907692307692307,24.8,1.0,1.0,,1.0,,1.0,1.0,,1.0,1.0,2.0,1.0,1.0,9.0,3.0,1.0,,0.75,,0.5,,,0.1,0.5,0.5,1.0,0.14285714285714285,1.0,2.0,0.6666666666666666,,1.0,0.3333333333333333,,,,0.5,,1.0,,,,,,,,,,,,,,,,,,,,,,,,,,,,,,,,,,1610612760,2004,2003-04,True
2209-2557-699-951-958,1610612760,"Vladimir Radmanovic, Luke Ridnour, Brent Barry, Ray Allen, Vitaly Potapenko","Radmanovic, Ridnour, Barry, Allen, Potapenko",2209-2557-699-951-958,SEA,8.0,1,,,,,,,,,,,,,,,,,,,,,,,,,,,,,,,,,,,,,,,,,,,,,,,,,,,,,,,,,,,,,,,,,,,,,,,,,,,,,,,,,,,,,,,,,,,,,,,,,,,,,,,,,,,,,,,,,,,,,,,,,,,,,,,,,,,,,,,,,,,,,,,,,,,,,,,,,,,,,,,,,,,,,,,,,,,,,,,,,,,,,,,,,,,,,,,,,,,,,,,,,,,,,,,,,,,,,,,,,,,,,1610612760,2004,2003-04,True
2436-2499-2501-2557-958,1610612760,"Flip Murray, Richie Frahm, Reggie Evans, Luke Ridnour, Vitaly Potapenko","Murray, Frahm, Evans, Ridnour, Potapenko",2436-2499-2501-2557-958,SEA,600.0,2,21.0,15.0,42.0,,3.0,3.0,8.0,,15.0,100.8,17.0,16.19047619047619,0.7142857142857143,10.0,-4.0,21.0,16.0,2.0,6.0,8.0,2.0,2.0,3.0,5.0,1.0,3.0,3.0,5.0,,1.0,,,10.0,16.0,,2.0,1.0,21.0,25.0,2.0,2.0,,4.0,5.0,10.0,,,,10.0,10.0,10.0,,2.0,,1.0,,,5.0,5.0,3.0,,10.0,1.0,2.0,4.0,2.0,8.0,2.0,10.0,1.0,,3.0,,2.0,,,6.0,4.0,1.0,2.0,,17.0,10.0,2.0,0.5,0.5555555555555556,,,,0.625,1.0,0.5,0.5555555555555556,1.0,0.5,0.5263157894736842,1.0,0.45454545454545453,0.1111111111111111,,,,1.0,0.6666666666666666,0.6666666666666666,0.16666666666666666,1.0,0.75,0.25,,,0.5,0.3333333333333333,1.0,1.0,11.571428571428571,10.714285714285714,0.4444444444444444,0.75,0.75,0.5,0.16666666666666666,0.3333333333333333,0.3333333333333333,,0.2777777777777778,0.6,0.6,0.05555555555555555,,,1.0,1.0,0.5,0.6,,,0.5555555555555556,,0.486925,0.5698,0.48563,0.10526315789473684,0.11764705882352941,0.19047619047619047,0.47619047619047616,7.25625,24.5,1.0,1.0,,1.0,,1.0,,,,,1.0,,,,,,2.0,,,1.0,,0.6666666666666666,0.05555555555555555,,,,,,,,1.0,1.0,0.5,,,,1.0,,,,,,,,,,,,,,1.0,,,,,,,,,,,,,,,,,,,,,,1610612760,2004,2003-04,True
2436-2499-2501-699-958,1610612760,"Flip Murray, Richie Frahm, Reggie Evans, Brent Barry, Vitaly Potapenko","Murray, Frahm, Evans, Barry, Potapenko",2436-2499-2501-699-958,SEA,112.0,1,3.0,3.0,6.0,1.0,1.0,1.0,2.0,,3.0,77.14285714285714,18.0,16.666666666666668,1.0,2.0,-6.0,3.0,3.0,1.0,1.0,2.0,,,1.0,2.0,,,,1.0,,,,,1.0,3.0,,,,2.0,8.0,,1.0,,,1.0,3.0,,,,2.0,2.0,,,,,,,1.0,1.0,1.0,1.0,,2.0,1.0,,,,,1.0,1.0,,,,,,,,,,,,,2.0,2.0,,1.0,1.0,,,,0.3333333333333333,,0.3333333333333333,0.3333333333333333,,0.3333333333333333,0.3333333333333333,,0.3333333333333333,,0.3333333333333333,,,,,,0.5,,,0.5,1.0,,,,,,19.333333333333332,19.0,0.6666666666666666,0.5,1.0,1.0,,,,,0.3333333333333333,,,,,,,,0.6666666666666666,0.5,,,0.6666666666666666,,0.5035333333333333,0.3569,0.5035333333333333,,,,1.0,5.733333333333333,,,1.0,,1.0,,1.0,,,,,,,,,,,,,0.5,,,,,,,,,,,,,,,,,,,,,,,,,,,,,,,,,,,,,,,,,,,,,,,,,,,,,,1610612760,2004,2003-04,True
2436-2501-2557-951-958,1610612760,"Flip Murray, Reggie Evans, Luke Ridnour, Ray Allen, Vitaly Potapenko","Murray, Evans, Ridnour, Allen, Potapenko",2436-2501-2557-951-958,SEA,132.0,2,5.0,,9.0,1.0,1.0,,2.0,1.0,,98.18181818181817,8.0,6.0,,2.0,4.0,4.0,,1.0,2.0,2.0,,,,,,,1.0,1.0,,1.0,,,3.0,3.0,,1.0,,6.0,2.0,,,,,,,,,,,4.0,2.0,,,,1.0,,,2.0,2.0,2.0,,4.0,,1.0,1.0,,2.0,,2.0,1.0,1.0,,,,,1.0,,,,,,6.0,,,0.6666666666666666,0.6666666666666666,,,,1.0,,,0.75,,,0.75,,,0.25,,,,,,0.5,,0.5,0.5,,,,,,,0.5,23.0,18.75,0.5,1.0,1.0,1.0,,,,,0.25,1.0,1.0,0.25,,,,,,,,,0.75,,0.6104,,,,,,,6.066666666666666,24.4,,,,,,,,,,,,,,,,,,,,1.0,,,,,,,,,,,,,,,,,,,,,,,,,,,,,,,,,,,,,,,,,,,,,,,,,,,,,1610612760,2004,2003-04,True
2436-2501-699-951-958,1610612760,"Flip Murray, Reggie Evans, Brent Barry, Ray Allen, Vitaly Potapenko","Murray, Evans, Barry, Allen, Potapenko",2436-2501-699-951-958,SEA,822.0,1,25.0,,50.0,2.0,4.0,,7.0,1.0,,87.59124087591242,14.44,14.16,,14.0,17.0,25.0,,4.0,10.0,13.0,3.0,3.0,,,2.0,6.0,2.0,3.0,,1.0,,,14.0,22.0,,1.0,6.0,34.0,17.0,4.0,4.0,1.0,9.0,,,,,,,10.0,18.0,,6.0,,1.0,,2.0,5.0,5.0,4.0,,10.0,3.0,2.0,9.0,1.0,12.0,4.0,16.0,2.0,2.0,2.0,1.0,1.0,,,3.0,6.0,2.0,4.0,,25.0,,,0.35714285714285715,0.45454545454545453,,,,0.6363636363636364,1.0,,0.6086956521739131,1.0,,0.68,1.125,,0.043478260869565216,0.09090909090909091,0.16666666666666666,,0.5,1.0,0.75,0.375,0.6666666666666666,0.7333333333333333,0.4444444444444444,0.3333333333333333,0.25,1.0,0.8571428571428571,,0.6666666666666666,18.44,17.64,0.5652173913043478,0.7692307692307693,0.8333333333333334,0.4,0.2608695652173913,0.3333333333333333,0.4,,0.13043478260869565,0.6666666666666666,0.6666666666666666,0.043478260869565216,,,0.75,1.0,,,,,0.6086956521739131,,0.4971869565217391,0.6142666666666666,,0.16,0.16666666666666666,0.2647058823529412,,5.972727272727273,25.7,1.0,5.0,,5.0,,5.0,4.0,,0.8,,,,,,,,1.0,,0.07692307692307693,0.6,,0.5,,,,,,,,,,1.0,1.0,,1.0,,1.0,0.14285714285714285,,,,,,,,,,,,,,,,,,0.3333333333333333,,,,,,,,,,,,,,,,,1610612760,2004,2003-04,True
2499-2557-699-951-958,1610612760,"Richie Frahm, Luke Ridnour, Brent Barry, Ray Allen, Vitaly Potapenko","Frahm, Ridnour, Barry, Allen, Potapenko",2499-2557-699-951-958,SEA,290.0,1,8.0,,16.0,,,,3.0,,,79.44827586206897,19.125,19.125,,5.0,5.0,8.0,,1.0,2.0,3.0,1.0,1.0,,,,1.0,2.0,4.0,1.0,1.0,,,4.0,8.0,1.0,1.0,,11.0,6.0,1.0,1.0,,2.0,,,,,,,4.0,4.0,,2.0,,1.0,1.0,1.0,2.0,3.0,1.0,,7.0,1.0,2.0,1.0,,3.0,1.0,4.0,,,,,,,,,,,,,9.0,,,0.5,0.6666666666666666,1.0,,1.0,0.5,1.0,,0.6111111111111112,1.0,,0.6111111111111112,1.0,,0.1111111111111111,0.125,,,,,1.0,0.25,1.0,1.0,0.25,,1.0,,,1.0,1.0,17.125,17.125,0.3333333333333333,0.6666666666666666,1.0,0.5,0.1111111111111111,,,,0.4444444444444444,0.5,0.5,0.1111111111111111,1.0,1.0,1.0,1.0,,,,,0.4444444444444444,1.0,0.4600555555555556,0.562,,,,0.18181818181818182,,9.425,23.9,,,,,,,,,,,,,,3.0,1.0,,1.0,1.0,0.3333333333333333,,1.0,0.5,,,,,,,1.0,1.0,,,,,,,,,,,,,,,,,,,,,,,,,,,,,,,,,,,,,,,,,,,1610612760,2004,2003-04,True
2501-2557-699-951-958,1610612760,"Reggie Evans, Luke Ridnour, Brent Barry, Ray Allen, Vitaly Potapenko","Evans, Ridnour, Barry, Allen, Potapenko",2501-2557-699-951-958,SEA,196.0,2,6.0,,12.0,,,,,,,88.16326530612245,22.0,21.666666666666668,,3.0,4.0,6.0,,1.0,2.0,3.0,,1.0,,,2.0,3.0,1.0,1.0,,1.0,,,5.0,7.0,,1.0,,10.0,6.0,,1.0,,,,,,,,,2.0,8.0,,,,1.0,,,1.0,1.0,,1.0,2.0,1.0,2.0,,,2.0,1.0,3.0,1.0,1.0,,,,,,,1.0,1.0,1.0,,10.0,,,0.2,0.2,,,,0.7142857142857143,,,0.625,,,0.625,,,0.125,,,,,,,0.5,1.0,1.0,0.3333333333333333,,1.0,,,,1.0,10.666666666666666,9.166666666666666,0.375,0.6666666666666666,0.6666666666666666,,0.375,0.6666666666666666,0.6666666666666666,0.5,0.125,1.0,1.0,0.125,,,1.0,,,,,,0.5,,0.50819375,0.532,,0.125,0.14285714285714285,,,6.557142857142857,24.4,,,,,,,,,,,,,,,,,,,,,,,,,,,,,,,,,,,,,,,,,,,,,,,,,,,,,,,,,,,,,,,,,,,,,,,,,1610612760,2004,2003-04,True
