PLAYER_ID,PLAYER_NAME,NICKNAME,TEAM_ID,TEAM_ABBREVIATION,AGE,GP,W,L,W_PCT,MIN,FGM,FGA,FG_PCT,FG3M,FG3A,FG3_PCT,FTM,FTA,FT_PCT,OREB,DREB,REB,AST,TOV,STL,BLK,BLKA,PF,PFD,PTS,PLUS_MINUS,NBA_FANTASY_PTS,DD2,TD3,WNBA_FANTASY_PTS,GP_RANK,W_RANK,L_RANK,W_PCT_RANK,MIN_RANK,FGM_RANK,FGA_RANK,FG_PCT_RANK,FG3M_RANK,FG3A_RANK,FG3_PCT_RANK,FTM_RANK,FTA_RANK,FT_PCT_RANK,OREB_RANK,DREB_RANK,REB_RANK,AST_RANK,TOV_RANK,STL_RANK,BLK_RANK,BLKA_RANK,PF_RANK,PFD_RANK,PTS_RANK,PLUS_MINUS_RANK,NBA_FANTASY_PTS_RANK,DD2_RANK,TD3_RANK,WNBA_FANTASY_PTS_RANK,team_poss,sp_work_PACE_RANK,PACE_PER40,sp_work_NET_RATING,AST_RATIO_RANK,sp_work_NET_RATING_RANK,AST_TO,sp_work_OFF_RATING,E_DEF_RATING_RANK,OFF_RATING_RANK,sp_work_DEF_RATING_RANK,USG_PCT,TM_TOV_PCT_RANK,TS_PCT,TM_TOV_PCT,AST_PCT_RANK,E_NET_RATING_RANK,sp_work_OFF_RATING_RANK,DREB_PCT_RANK,POSS,PACE_RANK,E_USG_PCT,E_NET_RATING,OFF_RATING,E_OFF_RATING_RANK,PACE,E_PACE_RANK,FGM_PG_RANK,E_TOV_PCT_RANK,AST_RATIO,DREB_PCT,sp_work_DEF_RATING,PIE_RANK,REB_PCT_RANK,AST_PCT,REB_PCT,EFG_PCT,OREB_PCT,E_OFF_RATING,NET_RATING_RANK,E_PACE,FGA_PG,E_USG_PCT_RANK,E_DEF_RATING,EFG_PCT_RANK,USG_PCT_RANK,DEF_RATING_RANK,DEF_RATING,E_TOV_PCT,FGA_PG_RANK,NET_RATING,FGM_PG,PIE,OREB_PCT_RANK,AST_TO_RANK,TS_PCT_RANK,sp_work_PACE,PASSES_MADE,AST_TO_PASS_PCT_ADJ,PASSES_RECEIVED,AST_TO_PASS_PCT,POTENTIAL_AST,FT_AST,AST_ADJ,SECONDARY_AST,AST_PTS_CREATED,DRIVE_TOV_PCT,DRIVE_PTS,DRIVE_TOV,DRIVE_PF,DRIVE_FGA,DRIVE_PTS_PCT,DRIVE_AST_PCT,DRIVE_PASSES,DRIVES,DRIVE_AST,DRIVE_FTA,DRIVE_PASSES_PCT,DRIVE_PF_PCT,DRIVE_FG_PCT,DRIVE_FTM,DRIVE_FT_PCT,DRIVE_FGM,POST_TOUCHES,PTS_PER_TOUCH,POINTS,ELBOW_TOUCHES,AVG_SEC_PER_TOUCH,AVG_DRIB_PER_TOUCH,TOUCHES,PAINT_TOUCHES,PTS_PER_POST_TOUCH,PTS_PER_ELBOW_TOUCH,FRONT_CT_TOUCHES,TIME_OF_POSS,PTS_PER_PAINT_TOUCH,OREB_CHANCES,AVG_REB_DIST,REB_CONTEST,OREB_CHANCE_PCT_ADJ,REB_CHANCE_PCT_ADJ,DREB_CONTEST_PCT,OREB_UNCONTEST,DREB_CHANCES,AVG_DREB_DIST,REB_CHANCE_PCT,AVG_OREB_DIST,DREB_UNCONTEST,REB_CHANCE_DEFER,REB_UNCONTEST,DREB_CHANCE_PCT_ADJ,DREB_CHANCE_PCT,REB_CONTEST_PCT,OREB_CHANCE_DEFER,DREB_CHANCE_DEFER,OREB_CONTEST_PCT,OREB_CHANCE_PCT,DREB_CONTEST,OREB_CONTEST,REB_CHANCES,very_tight_FG3A,very_tight_FG3_PCT,PLAYER_LAST_TEAM_ID,very_tight_FG3M,G,very_tight_FG2A,very_tight_FGA_FREQUENCY,very_tight_FG2A_FREQUENCY,very_tight_FG2M,very_tight_FGA,very_tight_FG3A_FREQUENCY,very_tight_FG_PCT,very_tight_FG2_PCT,very_tight_FGM,very_tight_EFG_PCT,PLAYER_LAST_TEAM_ABBREVIATION,tight_FG3_PCT,tight_FGA,tight_FG3M,tight_FG3A,tight_FG3A_FREQUENCY,tight_EFG_PCT,tight_FGM,tight_FG2_PCT,tight_FG2A,tight_FG2M,tight_FGA_FREQUENCY,tight_FG_PCT,tight_FG2A_FREQUENCY,open_FG3A,open_FGA_FREQUENCY,open_FGA,open_FG2A,open_FG2M,open_EFG_PCT,open_FG3A_FREQUENCY,open_FG3_PCT,open_FG3M,open_FG_PCT,open_FG2A_FREQUENCY,open_FGM,open_FG2_PCT,wide_open_FG2_PCT,wide_open_FG_PCT,wide_open_FG3M,wide_open_FG2A,wide_open_FG3A,wide_open_EFG_PCT,wide_open_FG3_PCT,wide_open_FGA,wide_open_FG2A_FREQUENCY,wide_open_FGM,wide_open_FG2M,wide_open_FGA_FREQUENCY,wide_open_FG3A_FREQUENCY,PULL_UP_FG_PCT,PULL_UP_FG3M,PULL_UP_PTS,PULL_UP_EFG_PCT,PULL_UP_FG3_PCT,PULL_UP_FG3A,PULL_UP_FGA,PULL_UP_FGM,CATCH_SHOOT_PTS,CATCH_SHOOT_FG_PCT,ELBOW_TOUCH_PTS,ELBOW_TOUCH_FG_PCT,PAINT_TOUCH_FG_PCT,EFF_FG_PCT,POST_TOUCH_PTS,POST_TOUCH_FG_PCT,PAINT_TOUCH_PTS,ITP_FGM,CORNER_3_FG_PCT,ABOVE_BREAK_3_FG_PCT,RA_FGM,ABOVE_BREAK_3_FGM,ITP_FG_PCT,RIGHT_CORNER_3_FG_PCT,MID_FGA,LEFT_CORNER_3_FGM,BACKCOURT_FG_PCT,ABOVE_BREAK_3_FGA,CORNER_3_FGA,RIGHT_CORNER_3_FGM,RIGHT_CORNER_3_FGA,RA_FG_PCT,LEFT_CORNER_3_FG_PCT,ITP_FGA,RA_FGA,BACKCOURT_FGM,LEFT_CORNER_3_FGA,MID_FGM,CORNER_3_FGM,BACKCOURT_FGA,MID_FG_PCT,PLUSMINUS,NS_LT_06_PCT,FREQ,PLAYER_POSITION,FGM_LT_06,LT_06_PCT,FGA_LT_06,FGM_5_9,FGA_5_9,FGM_35_39,FGM_10_14,FGP_30_34,FGA_30_34,FGM_25_29,FGP_35_39,FGA_10_14,FGA_25_29,FGP_5_9,FGP_LT_5,FGM_15_19,FGA_40_PLUS,FGM_LT_5,TEAM_ABBR,FGM_20_24,FGP_10_14,FGP_15_19,FGP_40_PLUS,FGA_20_24,FGM_40_PLUS,FGP_25_29,FGA_35_39,FGM_30_34,FGA_15_19,FGA_LT_5,FGP_20_24,CATCH_SHOOT_EFG_PCT,CATCH_SHOOT_FGA,CATCH_SHOOT_FG3_PCT,CATCH_SHOOT_FG3A,CATCH_SHOOT_FG3M,CATCH_SHOOT_FGM,year,date,playoffs,GAME_ID,index,HTM,VTM,overall_def_FREQ,overall_def_D_FGM,overall_def_D_FGA,overall_def_D_FG_PCT,overall_def_NORMAL_FG_PCT,overall_def_PCT_PLUSMINUS,three_pt_def_FREQ,three_pt_def_FG3M,three_pt_def_FG3A,three_pt_def_FG3_PCT,three_pt_def_NS_FG3_PCT,three_pt_def_PLUSMINUS,two_pt_def_FREQ,two_pt_def_FG2M,two_pt_def_FG2A,two_pt_def_FG2_PCT,two_pt_def_NS_FG2_PCT,two_pt_def_PLUSMINUS,less_6ft_def_FREQ,less_6ft_def_FGM_LT_06,less_6ft_def_FGA_LT_06,less_6ft_def_LT_06_PCT,less_6ft_def_NS_LT_06_PCT,less_6ft_def_PLUSMINUS,less_10ft_def_FREQ,less_10ft_def_FGM_LT_10,less_10ft_def_FGA_LT_10,less_10ft_def_LT_10_PCT,less_10ft_def_NS_LT_10_PCT,less_10ft_def_PLUSMINUS,more_15ft_def_FREQ,more_15ft_def_FGM_GT_15,more_15ft_def_FGA_GT_15,more_15ft_def_GT_15_PCT,more_15ft_def_NS_GT_15_PCT,more_15ft_def_PLUSMINUS,post_touch_TEAM_ID,post_touch_TEAM_ABBREVIATION,post_touch_TOUCHES,post_touch_POST_TOUCHES,post_touch_POST_TOUCH_FGM,post_touch_POST_TOUCH_FGA,post_touch_POST_TOUCH_FG_PCT,post_touch_POST_TOUCH_FTM,post_touch_POST_TOUCH_FTA,post_touch_POST_TOUCH_FT_PCT,post_touch_POST_TOUCH_PTS,post_touch_POST_TOUCH_PTS_PCT,post_touch_POST_TOUCH_PASSES,post_touch_POST_TOUCH_PASSES_PCT,post_touch_POST_TOUCH_AST,post_touch_POST_TOUCH_AST_PCT,post_touch_POST_TOUCH_TOV,post_touch_POST_TOUCH_TOV_PCT,post_touch_POST_TOUCH_FOULS,post_touch_POST_TOUCH_FOULS_PCT,speed_distance_TEAM_ID,speed_distance_TEAM_ABBREVIATION,speed_distance_MIN1,speed_distance_DIST_FEET,speed_distance_DIST_MILES,speed_distance_DIST_MILES_OFF,speed_distance_DIST_MILES_DEF,speed_distance_AVG_SPEED,speed_distance_AVG_SPEED_OFF,speed_distance_AVG_SPEED_DEF,season
2757,Beno Udrih,Beno,1610612763,MEM,32.0,1,1,0,1.0,27.466666666666665,3,9,0.333,0,1,0.0,0,0,0.0,2,2,4,5,1,2,0,0,1,1,6,6,23.3,0,0,19.0,1,1,1,1,33,37,29,68,43,46,43,52,56,52,9,57,37,7,48,4,37,1,33,49,57,35,31,2,1,39,,15,87.38,7.0,9,47,5.0,93.4,52,54,52,0.152,45,0.333,6.7,19,42,54,87,61,15,0.161,9.6,93.4,39,104.85,24,37,45,33.3,0.063,86.4,50,66,0.278,0.071,0.333,0.083,98.0,47,101.25,9.0,76,88.4,69,81,52,86.4,6.7,29,7.0,3.0,0.095,20,1,80,104.85,58.0,0.103,61.0,0.086,11.0,1.0,6.0,0.0,14.0,0.0,0.0,0.0,0.0,2.0,0.0,0.3,4.0,10.0,3.0,0.0,0.4,0.0,0.0,0.0,0.0,0.0,0.0,0.083,6.0,2.0,4.22,4.42,72.0,2.0,0.0,1.0,22.0,5.1,2.0,2.0,13.7,0.0,1.0,0.667,0.0,2.0,4.0,13.6,0.667,13.7,2.0,0.0,4.0,0.5,0.5,0.0,0.0,0.0,0.0,1.0,0.0,0.0,6.0,0.0,,1610612763.0,0.0,1.0,3.0,0.333,0.333,1.0,3.0,0.0,0.333,0.333,1.0,0.333,MEM,,1.0,0.0,0.0,0.0,1.0,1.0,1.0,1.0,1.0,0.111,1.0,0.111,0.0,0.333,3.0,3.0,1.0,0.333,0.0,,0.0,0.333,0.333,1.0,0.333,0.0,0.0,0.0,1.0,1.0,0.0,0.0,2.0,0.111,0.0,0.0,0.222,0.111,0.25,0.0,2,0.25,,0.0,4,1,2.0,0.5,2.0,1.0,1.0,0.333,0.0,0.0,4.0,1.0,0.0,0.0,1.0,0.0,0.333,0.0,3.0,0.0,0.0,1.0,0.0,0.0,0.0,0.5,0.0,3.0,2.0,0.0,0.0,1.0,0.0,0.0,0.333,0.107,0.578,0.191,G,37.0,0.685,54.0,0.0,1.0,,1.0,,,0.0,,1.0,1.0,0.0,0.333,0.0,0.0,1.0,MEM,1.0,1.0,0.0,0.0,1.0,0.0,0.0,,,2.0,3.0,1.0,0.5,2,0.0,1.0,0.0,1,2015,20150124,False,21400654,,,,1.0,3.0,6.0,0.5,0.371,0.129,0.333,0.0,2.0,0.0,0.199,-0.199,0.667,3.0,4.0,0.75,0.506,0.244,,,,,,,0.167,1.0,1.0,1.0,0.556,0.444,0.833,2.0,5.0,0.4,0.267,0.133,1610612763,MEM,72.0,0.0,0.0,0.0,0.0,0.0,0.0,0.0,0.0,0.0,0.0,0.0,0.0,0.0,0.0,0.0,0.0,0.0,1610612763,MEM,27.47,11412.0,2.16,1.17,0.99,4.81,5.67,4.08,2014_15
201584,Courtney Lee,Courtney,1610612763,MEM,29.0,1,1,0,1.0,22.55,1,5,0.2,1,2,0.5,5,6,0.833,0,1,1,3,2,2,0,0,1,4,8,8,17.7,0,0,17.0,1,1,1,1,54,83,66,92,20,32,18,5,7,25,51,83,93,22,17,4,37,1,33,10,45,28,49,2,1,52,,52,82.48,15.3,32,34,1.5,95.7,32,45,36,0.189,73,0.524,15.4,26,33,45,96,47,52,0.189,19.4,95.7,41,98.98,45,83,77,23.1,0.036,80.4,49,100,0.231,0.02,0.3,0.0,97.7,34,99.24,5.0,54,78.4,82,53,36,80.4,15.8,66,15.3,1.0,0.095,51,22,39,98.98,15.0,0.267,20.0,0.2,3.0,0.0,4.0,1.0,8.0,0.0,4.0,0.0,2.0,0.0,2.0,0.0,0.0,2.0,0.0,4.0,0.0,1.0,0.0,4.0,1.0,0.0,0.0,0.308,8.0,0.0,2.71,1.77,26.0,0.0,0.0,0.0,17.0,1.2,0.0,0.0,3.1,0.0,0.0,0.333,0.0,0.0,3.0,3.1,0.333,0.0,1.0,0.0,1.0,0.333,0.333,0.0,0.0,0.0,0.0,0.0,0.0,0.0,3.0,,,,,,,,,,,,,,,,,,1.0,0.0,0.0,0.0,0.0,0.0,0.0,1.0,0.0,0.2,0.0,0.2,0.0,0.2,1.0,1.0,0.0,0.0,0.0,,0.0,0.0,0.2,0.0,0.0,0.0,0.333,1.0,1.0,2.0,0.5,0.5,3.0,0.2,1.0,0.0,0.6,0.4,0.0,0.0,0,0.0,,0.0,1,0,3.0,0.5,0.0,0.0,0.0,0.3,0.0,0.0,0.0,0.0,0.5,0.0,0.0,0.0,0.0,0.5,1.0,0.0,,0.0,2.0,1.0,2.0,0.0,0.0,1.0,1.0,,0.0,0.0,1.0,,0.0,0.121,0.595,0.214,G,58.0,0.716,81.0,0.0,1.0,,0.0,,,0.0,,1.0,0.0,0.0,0.0,0.0,,0.0,MEM,1.0,0.0,0.0,,2.0,,0.0,,,0.0,1.0,0.5,0.75,2,0.5,2.0,1.0,1,2015,20150124,False,21400654,,,,1.0,3.0,8.0,0.375,0.407,-0.032,0.25,1.0,2.0,0.5,0.331,0.17,0.75,2.0,6.0,0.333,0.468,-0.135,0.375,1.0,3.0,0.333,0.549,-0.216,0.5,1.0,4.0,0.25,0.525,-0.275,0.25,1.0,2.0,0.5,0.323,0.178,1610612763,MEM,26.0,0.0,0.0,0.0,0.0,0.0,0.0,0.0,0.0,0.0,0.0,0.0,0.0,0.0,0.0,0.0,0.0,0.0,1610612763,MEM,22.55,8674.0,1.64,0.86,0.79,4.27,5.27,3.91,2014_15
202343,Elliot Williams,Elliot,1610612755,PHI,26.0,1,1,0,1.0,3.45,0,1,0.0,0,0,0.0,0,0,0.0,0,0,0,1,0,0,0,1,0,0,0,1,1.5,0,0,1.0,1,1,1,1,113,99,108,99,43,67,43,52,56,52,51,100,103,46,78,56,37,76,1,75,101,50,109,2,1,111,,18,86.96,1.8,2,55,0.0,87.5,25,64,49,0.111,1,0.0,0.0,11,38,64,100,8,18,0.125,12.5,87.5,64,104.35,5,99,1,50.0,0.0,85.7,91,103,0.333,0.0,0.0,0.0,87.5,55,111.3,1.0,96,75.0,99,100,49,85.7,0.0,108,1.8,0.0,0.0,51,59,101,104.35,8.0,0.125,7.0,0.125,2.0,0.0,1.0,0.0,3.0,0.0,0.0,0.0,0.0,0.0,0.0,0.0,0.0,0.0,0.0,0.0,0.0,0.0,0.0,0.0,0.0,0.0,0.0,0.0,0.0,0.0,3.66,3.0,9.0,0.0,0.0,0.0,5.0,0.5,0.0,,,,,,,,,,,,,,,,,,,,,,,,,,,,,,,,,,,,,,,,,,,,,,,,,,,,,,,,,,,,,,,,,,,,,,,,,,,,,,,,,,0,,,,0,0,0.0,0.0,0.0,0.0,0.0,0.0,0.0,0.0,0.0,0.0,0.0,0.0,0.0,0.0,0.0,0.0,0.0,0.0,,0.0,0.0,0.0,0.0,0.0,0.0,1.0,0.0,,0.0,0.0,0.0,,0.0,0.333,0.667,0.059,G,1.0,1.0,1.0,0.0,0.0,,0.0,,,0.0,,1.0,0.0,0.0,0.0,0.0,0.0,0.0,PHI,0.0,0.0,0.0,0.0,0.0,0.0,0.0,,,0.0,0.0,0.0,,0,,,,0,2015,20150124,False,21400654,,,,1.0,0.0,1.0,0.0,0.336,-0.336,,,,,,,1.0,0.0,1.0,0.0,0.392,-0.392,,,,,,,1.0,0.0,1.0,0.0,0.477,-0.477,,,,,,,1610612755,PHI,9.0,0.0,0.0,0.0,0.0,0.0,0.0,0.0,0.0,0.0,0.0,0.0,0.0,0.0,0.0,0.0,0.0,0.0,1610612755,PHI,3.45,1294.0,0.25,0.17,0.08,3.48,5.34,4.97,2014_15
203128,Furkan Aldemir,Furkan,1610612755,PHI,23.0,1,0,1,0.0,19.706666666666667,2,4,0.5,0,0,0.0,0,0,0.0,5,6,11,3,1,3,0,1,2,0,4,5,29.7,0,0,24.0,1,57,57,57,67,54,81,28,43,67,43,52,56,52,2,13,5,22,48,1,37,76,60,75,73,38,20,2,1,26,,24,86.27,9.7,5,42,3.0,93.0,46,55,41,0.096,66,0.5,12.5,26,45,55,4,43,24,0.099,8.6,93.0,50,103.52,20,54,68,37.5,0.353,83.3,12,5,0.231,0.268,0.5,0.208,94.1,42,101.67,4.0,106,85.4,34,105,41,83.3,12.5,81,9.7,2.0,0.22,5,8,51,103.52,32.0,0.094,17.0,0.094,5.0,0.0,3.0,0.0,7.0,0.0,0.0,0.0,0.0,0.0,0.0,0.0,0.0,0.0,0.0,0.0,0.0,0.0,0.0,0.0,0.0,0.0,1.0,0.108,4.0,4.0,1.13,0.27,37.0,7.0,0.0,0.0,22.0,0.7,0.286,9.0,4.3,7.0,0.625,0.688,0.333,0.0,9.0,3.5,0.611,5.1,3.0,2.0,3.0,0.75,0.667,0.636,1.0,1.0,1.0,0.556,2.0,5.0,18.0,0.0,,1610612755.0,0.0,1.0,1.0,0.333,0.333,1.0,1.0,0.0,1.0,1.0,1.0,1.0,PHI,,,,,,,,,,,,,,0.0,0.333,1.0,1.0,1.0,1.0,0.0,,0.0,1.0,0.333,1.0,1.0,0.0,0.0,0.0,1.0,0.0,0.0,,1.0,0.333,0.0,0.0,0.333,0.0,,,0,,,,0,0,2.0,0.5,0.0,0.0,0.5,0.5,0.0,0.0,2.0,0.0,0.0,0.0,1.0,0.0,0.0,0.0,2.0,0.0,,0.0,0.0,0.0,0.0,0.5,0.0,0.0,2.0,,0.0,1.0,0.0,,0.5,-0.044,0.606,0.41,F-C,18.0,0.563,32.0,0.0,0.0,,1.0,,,0.0,,1.0,0.0,0.0,0.5,0.0,,1.0,PHI,0.0,1.0,0.0,,1.0,,0.0,,,0.0,2.0,0.0,0.5,2,,,,1,2015,20150124,False,21400654,,,,1.0,3.0,7.0,0.429,0.446,-0.017,,,,,,,1.0,3.0,7.0,0.429,0.468,-0.04,0.286,2.0,2.0,1.0,0.621,0.38,0.571,3.0,4.0,0.75,0.522,0.228,0.143,0.0,1.0,0.0,0.306,-0.306,1610612755,PHI,37.0,1.0,0.0,0.0,0.0,0.0,0.0,0.0,0.0,0.0,0.0,0.0,1.0,1.0,0.0,0.0,0.0,0.0,1610612755,PHI,19.7,8029.0,1.52,0.87,0.65,4.57,4.95,4.1,2014_15
203156,Henry Sims,Henry,1610612755,PHI,25.0,1,0,1,0.0,8.23,1,2,0.5,0,0,0.0,0,0,0.0,1,3,4,1,0,0,0,0,1,2,2,-15,8.3,0,0,7.0,1,57,57,57,103,83,97,28,43,67,43,52,56,52,27,41,37,46,78,56,37,1,33,32,91,102,89,2,1,90,,4,92.35,-90.6,9,115,0.0,65.0,115,97,115,0.091,1,0.5,0.0,31,115,97,1,20,4,0.1,-82.6,65.0,91,110.81,8,83,1,33.3,0.6,155.6,38,1,0.2,0.308,0.5,0.125,72.2,115,105.22,2.0,105,154.9,34,106,115,155.6,0.0,97,-90.6,1.0,0.13,11,59,51,110.81,20.0,0.05,13.0,0.05,2.0,0.0,1.0,0.0,2.0,0.0,0.0,0.0,0.0,0.0,0.0,0.0,0.0,0.0,0.0,0.0,0.0,0.0,0.0,0.0,0.0,0.0,4.0,0.091,2.0,1.0,1.54,0.27,22.0,2.0,0.5,0.0,14.0,0.6,0.0,1.0,4.8,3.0,1.0,1.0,1.0,1.0,3.0,3.3,1.0,9.2,0.0,0.0,1.0,1.0,1.0,0.75,0.0,0.0,0.0,1.0,3.0,0.0,4.0,,,,,,,,,,,,,,,,,,1.0,0.0,0.0,0.0,0.0,0.0,0.0,1.0,0.0,0.5,0.0,0.5,0.0,0.5,1.0,1.0,1.0,1.0,0.0,,0.0,1.0,0.5,1.0,1.0,,,,,,,,,,,,,,,,0,,,,0,0,2.0,1.0,0.0,0.0,0.0,0.5,2.0,1.0,0.0,0.0,0.0,0.0,0.0,0.0,0.0,,1.0,0.0,0.0,0.0,0.0,,,0.0,0.0,0.0,1.0,0.0,0.0,1.0,0.0,0.0,1.0,0.001,0.596,0.441,C,92.0,0.597,154.0,0.0,0.0,,1.0,,,0.0,,1.0,0.0,0.0,0.0,0.0,0.0,0.0,PHI,0.0,1.0,0.0,0.0,0.0,0.0,0.0,,,0.0,1.0,0.0,,0,,,,0,2015,20150124,False,21400654,,,,1.0,0.0,2.0,0.0,0.487,-0.487,,,,,,,1.0,0.0,2.0,0.0,0.497,-0.497,0.5,0.0,1.0,0.0,0.54,-0.54,0.5,0.0,1.0,0.0,0.523,-0.523,0.5,0.0,1.0,0.0,0.359,-0.359,1610612755,PHI,22.0,4.0,1.0,1.0,1.0,0.0,0.0,0.0,2.0,0.5,3.0,0.75,0.0,0.0,0.0,0.0,0.0,0.0,1610612755,PHI,8.23,3038.0,0.58,0.33,0.25,4.42,3.73,3.61,2014_15
203138,Hollis Thompson,Hollis,1610612755,PHI,24.0,1,0,1,0.0,20.216666666666665,2,8,0.25,1,2,0.5,0,0,0.0,3,1,4,1,0,0,0,3,2,0,5,1,11.3,0,0,11.0,1,57,57,57,65,54,41,81,20,32,18,52,56,52,5,83,37,46,78,56,37,113,60,75,67,50,80,2,1,76,,17,87.06,2.3,63,53,0.0,102.3,96,31,77,0.157,1,0.313,0.0,76,66,31,89,44,17,0.16,-3.8,102.3,29,104.47,47,54,1,11.1,0.059,100.0,88,45,0.067,0.095,0.313,0.12,104.7,53,99.1,8.0,77,108.6,80,75,77,100.0,0.0,41,2.3,2.0,0.007,13,59,85,104.47,24.0,0.083,25.0,0.042,2.0,0.0,2.0,1.0,3.0,0.0,0.0,0.0,0.0,2.0,0.0,0.0,2.0,4.0,0.0,0.0,0.5,0.0,0.0,0.0,0.0,0.0,1.0,0.156,5.0,1.0,2.09,1.44,32.0,4.0,0.0,0.0,29.0,1.1,0.5,5.0,11.1,1.0,0.6,0.571,0.0,2.0,3.0,11.0,0.5,11.1,2.0,1.0,4.0,0.5,0.333,0.25,0.0,1.0,0.333,0.6,0.0,1.0,8.0,,,,,,,,,,,,,,,,,,2.0,0.0,0.0,0.0,0.0,0.0,0.0,2.0,0.0,0.4,0.0,0.4,1.0,0.4,2.0,1.0,1.0,0.5,0.2,0.0,0.0,0.5,0.2,1.0,1.0,,1.0,1.0,0.0,1.0,1.5,1.0,1.0,0.0,1.0,0.0,0.2,0.2,0.0,0.0,0,0.0,0.0,1.0,1,0,5.0,1.0,0.0,0.0,0.25,0.313,0.0,0.0,2.0,0.0,1.0,0.0,0.0,0.0,0.0,0.0,1.0,1.0,0.0,1.0,1.0,0.0,0.0,0.0,1.0,0.0,5.0,0.0,1.0,1.0,1.0,0.0,1.0,0.102,0.584,0.248,G-F,48.0,0.686,70.0,0.0,0.0,,1.0,,,0.0,,1.0,0.0,0.0,0.0,0.0,0.0,0.0,PHI,1.0,1.0,0.0,0.0,2.0,0.0,0.0,,,0.0,5.0,0.5,1.25,2,1.0,1.0,1.0,2,2015,20150124,False,21400654,,,,1.0,4.0,6.0,0.667,0.448,0.219,0.5,2.0,3.0,0.667,0.308,0.359,0.5,2.0,3.0,0.667,0.495,0.172,0.333,2.0,2.0,1.0,0.597,0.404,0.333,2.0,2.0,1.0,0.547,0.453,0.667,2.0,4.0,0.5,0.324,0.176,1610612755,PHI,32.0,1.0,0.0,0.0,0.0,0.0,0.0,0.0,0.0,0.0,1.0,1.0,0.0,0.0,0.0,0.0,0.0,0.0,1610612755,PHI,20.22,8024.0,1.52,0.91,0.61,4.47,4.72,4.14,2014_15
203960,JaKarr Sampson,JaKarr,1610612755,PHI,22.0,1,0,1,0.0,17.246666666666666,4,9,0.444,1,3,0.333,0,0,0.0,1,2,3,1,1,0,0,0,3,0,9,1,13.1,0,0,14.0,1,57,57,57,77,30,29,43,20,21,31,52,56,52,27,57,55,46,48,56,37,1,88,75,36,50,69,2,1,59,,7,90.45,2.6,70,51,1.0,97.4,73,41,65,0.213,53,0.5,9.1,61,44,41,67,39,7,0.227,8.7,97.4,27,108.54,13,30,54,9.1,0.111,94.9,73,62,0.091,0.075,0.5,0.045,105.3,51,103.48,9.0,29,96.7,34,34,65,94.9,9.1,29,2.6,4.0,0.056,41,27,51,108.54,19.0,0.053,26.0,0.053,4.0,0.0,1.0,0.0,2.0,0.125,2.0,1.0,0.0,4.0,0.25,0.0,3.0,8.0,0.0,0.0,0.375,0.0,0.25,0.0,0.0,1.0,0.0,0.29,9.0,0.0,3.53,3.1,31.0,2.0,0.0,0.0,21.0,1.8,0.0,4.0,4.0,1.0,0.25,0.5,0.5,1.0,2.0,5.6,0.5,2.4,0.0,0.0,1.0,1.0,1.0,0.333,0.0,0.0,0.0,0.25,1.0,0.0,6.0,0.0,,1610612755.0,0.0,1.0,4.0,0.444,0.444,2.0,4.0,0.0,0.5,0.5,2.0,0.5,PHI,,2.0,0.0,0.0,0.0,0.5,1.0,0.5,2.0,1.0,0.222,0.5,0.222,2.0,0.222,2.0,0.0,0.0,0.0,0.222,0.0,0.0,0.0,0.0,0.0,,,1.0,1.0,0.0,1.0,1.5,1.0,1.0,0.0,1.0,0.0,0.111,0.111,,0.0,0,,,0.0,0,0,3.0,0.333,0.0,0.0,0.0,0.5,0.0,0.0,0.0,1.0,0.0,1.0,2.0,1.0,0.333,0.0,0.0,0.0,0.0,1.0,2.0,0.0,0.0,0.667,0.0,3.0,3.0,0.0,2.0,0.0,0.0,0.0,0.0,0.027,0.584,0.297,G-F,33.0,0.611,54.0,1.0,3.0,,0.0,,,1.0,,0.0,1.0,0.333,0.667,0.0,0.0,2.0,PHI,0.0,0.0,0.0,0.0,2.0,0.0,1.0,,,0.0,3.0,0.0,0.5,3,0.333,3.0,1.0,1,2015,20150124,False,21400654,,,,1.0,4.0,7.0,0.571,0.439,0.133,0.286,1.0,2.0,0.5,0.409,0.091,0.714,3.0,5.0,0.6,0.47,0.13,0.429,2.0,3.0,0.667,0.564,0.102,0.429,2.0,3.0,0.667,0.493,0.174,0.571,2.0,4.0,0.5,0.401,0.099,1610612755,PHI,31.0,0.0,0.0,0.0,0.0,0.0,0.0,0.0,0.0,0.0,0.0,0.0,0.0,0.0,0.0,0.0,0.0,0.0,1610612755,PHI,17.25,7532.0,1.43,0.76,0.67,4.88,5.18,5.29,2014_15
201145,Jeff Green,Jeff,1610612763,MEM,28.0,1,1,0,1.0,27.566666666666663,6,11,0.545,2,2,1.0,4,4,1.0,0,1,1,1,1,0,0,0,0,4,18,10,19.7,0,0,22.0,1,1,1,1,31,14,21,25,9,32,1,10,14,1,51,83,93,46,48,56,37,1,1,10,10,21,42,2,1,29,,38,84.16,17.2,77,31,1.0,100.0,39,32,38,0.197,46,0.705,7.1,66,34,32,99,58,38,0.21,16.5,100.0,37,100.99,23,14,46,7.1,0.028,82.8,23,102,0.077,0.015,0.636,0.0,99.2,31,101.44,11.0,44,82.7,23,46,38,82.8,6.8,21,17.2,6.0,0.177,51,27,20,100.99,24.0,0.167,34.0,0.042,3.0,0.0,4.0,3.0,2.0,0.0,6.0,0.0,1.0,4.0,0.857,0.143,1.0,7.0,1.0,2.0,0.143,0.143,0.5,2.0,1.0,2.0,0.0,0.486,18.0,1.0,2.77,1.59,37.0,1.0,0.0,0.0,31.0,1.7,0.0,1.0,19.3,1.0,0.0,0.5,1.0,0.0,2.0,19.3,0.333,0.0,0.0,1.0,0.0,1.0,0.5,1.0,0.0,1.0,0.0,0.0,1.0,0.0,3.0,0.0,,1610612763.0,0.0,1.0,3.0,0.273,0.273,3.0,3.0,0.0,1.0,1.0,3.0,1.0,MEM,,4.0,0.0,0.0,0.0,0.25,1.0,0.25,4.0,1.0,0.364,0.25,0.364,0.0,0.091,1.0,1.0,0.0,0.0,0.0,,0.0,0.0,0.091,0.0,0.0,0.0,0.667,2.0,1.0,2.0,1.0,1.0,3.0,0.091,2.0,0.0,0.273,0.182,0.0,0.0,0,0.0,,0.0,1,0,6.0,1.0,0.0,0.0,0.0,0.636,0.0,0.0,0.0,0.0,1.0,1.0,4.0,1.0,0.0,0.0,1.0,1.0,,1.0,1.0,0.0,0.0,0.571,1.0,1.0,7.0,,1.0,0.0,1.0,,0.0,0.046,0.598,0.249,F,65.0,0.644,101.0,0.0,1.0,,0.0,,,1.0,,0.0,1.0,0.0,0.571,0.0,,4.0,MEM,1.0,0.0,0.0,,2.0,,1.0,,,0.0,7.0,0.5,1.5,1,1.0,1.0,1.0,1,2015,20150124,False,21400654,,,,1.0,5.0,8.0,0.625,0.418,0.207,0.25,1.0,2.0,0.5,0.388,0.113,0.75,4.0,6.0,0.667,0.456,0.211,0.375,3.0,3.0,1.0,0.556,0.444,0.5,4.0,4.0,1.0,0.515,0.485,0.375,1.0,3.0,0.333,0.367,-0.033,1610612763,MEM,37.0,0.0,0.0,0.0,0.0,0.0,0.0,0.0,0.0,0.0,0.0,0.0,0.0,0.0,0.0,0.0,0.0,0.0,1610612763,MEM,27.57,10207.0,1.93,1.01,0.92,4.14,4.57,3.75,2014_15
203924,Jerami Grant,Jerami,1610612755,PHI,21.0,1,0,1,0.0,26.08333333333333,5,10,0.5,2,4,0.5,4,8,0.5,0,2,2,1,5,0,0,0,3,4,16,-7,14.9,0,0,21.0,1,57,57,57,37,17,24,28,9,14,18,10,2,36,51,57,69,46,2,56,37,1,88,10,13,80,60,2,1,33,,35,84.35,-9.3,80,74,0.2,90.7,90,59,77,0.297,97,0.592,25.0,72,75,59,77,54,35,0.29,-13.7,90.7,57,101.21,52,17,104,5.0,0.083,100.0,85,94,0.071,0.037,0.6,0.0,91.0,74,98.75,10.0,10,104.7,26,6,77,100.0,25.6,24,-9.3,5.0,0.025,51,58,30,101.21,42.0,0.024,42.0,0.024,4.0,0.0,1.0,0.0,3.0,0.143,3.0,1.0,1.0,2.0,0.429,0.0,3.0,7.0,0.0,2.0,0.429,0.143,0.5,1.0,0.5,1.0,0.0,0.262,16.0,3.0,1.76,0.85,61.0,5.0,0.0,0.333,42.0,1.8,0.6,4.0,3.2,1.0,0.0,0.25,0.5,0.0,6.0,3.2,0.2,0.0,1.0,2.0,1.0,0.4,0.333,0.5,1.0,1.0,0.0,0.0,1.0,0.0,10.0,0.0,,1610612755.0,0.0,1.0,4.0,0.4,0.4,1.0,4.0,0.0,0.25,0.25,1.0,0.25,PHI,,2.0,0.0,0.0,0.0,1.0,2.0,1.0,2.0,2.0,0.2,1.0,0.2,2.0,0.2,2.0,0.0,0.0,0.75,0.2,0.5,1.0,0.5,0.0,1.0,,,0.5,1.0,0.0,2.0,0.75,0.5,2.0,0.0,1.0,0.0,0.2,0.2,0.0,0.0,0,0.0,0.0,1.0,1,0,8.0,0.75,1.0,0.0,0.333,0.6,0.0,0.0,3.0,0.0,0.5,0.5,2.0,1.0,0.0,0.0,1.0,1.0,0.0,2.0,2.0,0.0,1.0,0.5,1.0,1.0,4.0,0.0,1.0,1.0,1.0,0.0,1.0,-0.045,0.586,0.346,F,39.0,0.542,72.0,0.0,1.0,,0.0,,,1.0,,0.0,2.0,0.0,0.5,1.0,0.0,2.0,PHI,1.0,0.0,1.0,0.0,2.0,0.0,0.5,,,1.0,4.0,0.5,1.0,4,0.667,3.0,2.0,3,2015,20150124,False,21400654,,,,1.0,3.0,7.0,0.429,0.46,-0.031,0.143,0.0,1.0,0.0,0.292,-0.292,0.857,3.0,6.0,0.5,0.512,-0.012,0.571,2.0,4.0,0.5,0.628,-0.128,0.714,3.0,5.0,0.6,0.555,0.045,0.286,0.0,2.0,0.0,0.358,-0.358,1610612755,PHI,61.0,0.0,0.0,0.0,0.0,0.0,0.0,0.0,0.0,0.0,0.0,0.0,0.0,0.0,0.0,0.0,0.0,0.0,1610612755,PHI,26.08,10481.0,1.99,1.14,0.84,4.6,4.61,4.09,2014_15
202720,Jon Leuer,Jon,1610612763,MEM,26.0,1,1,0,1.0,17.133333333333333,2,5,0.4,0,0,0.0,2,2,1.0,0,5,5,1,2,0,0,0,1,1,6,7,11.5,0,0,12.0,1,1,1,1,78,54,66,54,43,67,43,23,33,1,51,17,29,46,17,56,37,1,33,49,57,31,77,2,1,72,,50,82.88,17.1,63,32,0.5,100.0,47,32,40,0.211,90,0.51,22.2,63,31,32,12,36,50,0.219,20.1,100.0,26,99.46,75,54,95,11.1,0.294,82.9,40,18,0.083,0.156,0.4,0.0,106.0,32,94.86,5.0,38,85.9,61,36,40,82.9,22.5,66,17.1,2.0,0.118,51,50,42,99.46,26.0,0.038,22.0,0.038,4.0,0.0,1.0,0.0,2.0,0.0,0.0,0.0,0.0,0.0,0.0,1.0,0.0,1.0,1.0,0.0,0.0,0.0,0.0,0.0,0.0,0.0,0.0,0.171,6.0,0.0,1.82,0.63,35.0,2.0,0.0,0.0,18.0,1.1,1.0,2.0,4.3,2.0,0.0,1.0,0.4,0.0,4.0,4.3,0.833,0.0,3.0,1.0,3.0,1.667,1.25,0.4,0.0,1.0,0.0,0.0,2.0,0.0,6.0,,,,,,,,,,,,,,,,,,2.0,0.0,0.0,0.0,0.0,0.0,0.0,2.0,0.0,0.4,0.0,0.4,0.0,0.4,2.0,2.0,1.0,0.5,0.0,,0.0,0.5,0.4,1.0,0.5,1.0,1.0,0.0,1.0,0.0,1.0,,1.0,0.2,1.0,1.0,0.2,0.0,0.0,,0,0.0,,,1,0,2.0,0.5,0.0,0.0,1.0,0.4,0.0,0.0,2.0,0.0,0.0,0.0,1.0,0.0,0.0,,3.0,0.0,0.0,0.0,0.0,,,1.0,0.0,1.0,1.0,0.0,0.0,1.0,0.0,0.0,0.333,-0.05,0.58,0.394,F,45.0,0.529,85.0,0.0,1.0,,0.0,,,0.0,,1.0,0.0,0.0,1.0,0.0,0.0,1.0,MEM,1.0,0.0,0.0,0.0,2.0,0.0,0.0,,,0.0,1.0,0.5,0.5,2,,,,1,2015,20150124,False,21400654,,,,1.0,2.0,5.0,0.4,0.435,-0.035,0.2,0.0,1.0,0.0,0.244,-0.244,0.8,2.0,4.0,0.5,0.461,0.039,0.6,1.0,3.0,0.333,0.566,-0.233,0.6,1.0,3.0,0.333,0.544,-0.211,0.4,1.0,2.0,0.5,0.275,0.226,1610612763,MEM,35.0,0.0,0.0,0.0,0.0,0.0,0.0,0.0,0.0,0.0,0.0,0.0,0.0,0.0,0.0,0.0,0.0,0.0,1610612763,MEM,17.13,6637.0,1.26,0.63,0.62,4.56,4.62,3.87,2014_15
201585,Kosta Koufos,Kosta,1610612763,MEM,26.0,1,1,0,1.0,22.933333333333334,1,4,0.25,0,0,0.0,5,6,0.833,1,4,5,0,2,0,0,0,2,4,7,4,11.0,0,0,12.0,1,1,1,1,53,83,81,81,43,67,43,5,7,25,27,27,29,81,17,56,37,1,60,10,51,41,81,2,1,72,,16,87.21,8.0,81,43,0.0,88.0,34,62,34,0.173,90,0.527,22.2,81,39,62,38,50,16,0.174,11.2,88.0,54,104.65,27,83,96,0.0,0.167,80.0,73,33,0.0,0.114,0.25,0.05,92.6,43,101.18,4.0,64,81.4,89,61,34,80.0,23.1,81,8.0,1.0,0.056,33,59,38,104.65,25.0,0.0,18.0,0.0,4.0,0.0,0.0,0.0,0.0,0.0,0.0,0.0,0.0,0.0,0.0,0.0,0.0,0.0,0.0,0.0,0.0,0.0,0.0,0.0,0.0,0.0,3.0,0.212,7.0,4.0,1.36,0.39,33.0,8.0,0.667,0.25,19.0,0.7,0.625,1.0,5.1,0.0,1.0,0.833,0.0,1.0,6.0,5.5,0.714,3.5,4.0,1.0,5.0,0.8,0.667,0.0,0.0,1.0,0.0,1.0,0.0,0.0,7.0,0.0,,1610612763.0,0.0,1.0,2.0,0.5,0.5,0.0,2.0,0.0,0.0,0.0,0.0,0.0,MEM,,1.0,0.0,0.0,0.0,1.0,1.0,1.0,1.0,1.0,0.25,1.0,0.25,0.0,0.25,1.0,1.0,0.0,0.0,0.0,,0.0,0.0,0.25,0.0,0.0,,,,,,,,,,,,,,,,0,,,,0,0,0.0,0.0,1.0,0.0,0.333,0.25,2.0,0.0,5.0,0.0,0.0,0.0,1.0,0.0,0.0,0.0,0.0,0.0,0.0,0.0,0.0,0.0,0.0,0.5,0.0,2.0,2.0,0.0,0.0,0.0,0.0,0.0,0.0,-0.113,0.587,0.484,C,64.0,0.474,135.0,0.0,1.0,,0.0,,,0.0,,0.0,0.0,0.0,0.333,0.0,0.0,1.0,MEM,0.0,0.0,0.0,0.0,0.0,0.0,0.0,,,0.0,3.0,0.0,0.0,1,,,,0,2015,20150124,False,21400654,,,,1.0,4.0,11.0,0.364,0.41,-0.046,0.091,0.0,1.0,0.0,0.314,-0.314,0.909,4.0,10.0,0.4,0.454,-0.054,0.545,3.0,6.0,0.5,0.509,-0.009,0.727,3.0,8.0,0.375,0.49,-0.115,0.182,0.0,2.0,0.0,0.32,-0.32,1610612763,MEM,33.0,3.0,0.0,1.0,0.0,2.0,2.0,1.0,2.0,0.667,1.0,0.333,0.0,0.0,0.0,0.0,1.0,0.333,1610612763,MEM,22.93,8581.0,1.63,0.83,0.79,4.19,4.55,3.88,2014_15
203580,Larry Drew II,Larry,1610612755,PHI,25.0,1,0,1,0.0,20.266666666666666,4,6,0.667,0,1,0.0,1,1,1.0,0,0,0,4,1,0,0,0,1,2,9,-9,14.0,0,0,13.0,1,57,57,57,64,30,55,13,43,46,43,39,52,1,51,100,103,12,48,56,37,1,33,32,36,83,64,2,1,65,,11,88.82,-20.0,8,80,4.0,82.2,98,72,84,0.135,53,0.699,9.1,7,83,72,100,45,11,0.149,-25.1,82.2,69,106.58,43,30,52,36.4,0.0,102.2,35,103,0.4,0.0,0.667,0.0,86.4,80,99.62,6.0,85,111.4,21,92,84,102.2,8.7,55,-20.0,4.0,0.143,51,3,22,106.58,55.0,0.091,64.0,0.073,11.0,1.0,5.0,0.0,13.0,0.0,0.0,0.0,0.0,0.0,0.0,0.4,3.0,5.0,2.0,0.0,0.6,0.0,0.0,0.0,0.0,0.0,0.0,0.141,9.0,0.0,4.22,4.23,64.0,0.0,0.0,0.0,32.0,4.5,0.0,,,,,,,,,,,,,,,,,,,,,,,,,0.0,,1610612755.0,0.0,1.0,1.0,0.167,0.167,1.0,1.0,0.0,1.0,1.0,1.0,1.0,PHI,,,,,,,,,,,,,,1.0,0.333,2.0,1.0,1.0,0.5,0.167,0.0,0.0,0.5,0.167,1.0,1.0,0.667,0.667,0.0,3.0,0.0,0.667,,3.0,0.5,2.0,2.0,0.5,0.0,1.0,0.0,2,1.0,,0.0,1,1,2.0,0.333,0.0,0.0,0.0,0.667,0.0,0.0,0.0,1.0,0.0,0.0,1.0,0.0,1.0,0.0,3.0,0.0,0.0,1.0,0.0,0.0,0.0,1.0,0.0,1.0,1.0,0.0,0.0,2.0,0.0,0.0,0.667,0.022,0.603,0.235,G,5.0,0.625,8.0,1.0,1.0,,0.0,,,0.0,,0.0,1.0,1.0,1.0,1.0,0.0,1.0,PHI,1.0,0.0,1.0,0.0,2.0,0.0,0.0,,,1.0,1.0,0.5,0.333,3,0.0,1.0,0.0,1,2015,20150124,False,21400654,,,,1.0,5.0,11.0,0.455,0.446,0.008,0.273,1.0,3.0,0.333,0.294,0.039,0.727,4.0,8.0,0.5,0.494,0.006,0.182,1.0,2.0,0.5,0.597,-0.097,0.545,3.0,6.0,0.5,0.536,-0.036,0.455,2.0,5.0,0.4,0.374,0.026,1610612755,PHI,64.0,0.0,0.0,0.0,0.0,0.0,0.0,0.0,0.0,0.0,0.0,0.0,0.0,0.0,0.0,0.0,0.0,0.0,1610612755,PHI,20.27,8635.0,1.64,0.93,0.7,4.76,4.87,4.63,2014_15
201601,Luc Mbah a Moute,Luc,1610612755,PHI,28.0,1,0,1,0.0,23.716666666666665,3,9,0.333,0,3,0.0,1,2,0.5,0,7,7,0,2,0,0,0,2,3,7,-15,13.4,0,0,14.0,1,57,57,57,44,37,29,68,43,21,43,39,33,36,51,6,12,81,17,56,37,1,60,19,51,102,67,2,1,59,,43,83.49,-32.1,81,91,0.0,72.0,83,90,88,0.211,78,0.354,16.7,81,87,90,11,50,43,0.217,-27.7,72.0,88,100.18,37,37,80,0.0,0.318,104.1,79,23,0.0,0.143,0.333,0.0,73.7,91,100.3,9.0,39,101.4,69,36,88,104.1,16.8,29,-32.1,3.0,0.044,51,59,78,100.18,41.0,0.049,29.0,0.0,2.0,2.0,2.0,0.0,3.0,0.167,5.0,1.0,1.0,2.0,0.833,0.0,2.0,6.0,0.0,2.0,0.333,0.167,1.0,1.0,0.5,2.0,1.0,0.127,7.0,0.0,1.79,0.78,55.0,2.0,0.0,0.0,26.0,1.6,1.0,2.0,7.3,2.0,0.0,0.538,0.286,0.0,13.0,7.3,0.467,0.0,5.0,2.0,5.0,0.636,0.538,0.286,0.0,2.0,0.0,0.0,2.0,0.0,15.0,0.0,,1610612755.0,0.0,1.0,3.0,0.333,0.333,3.0,3.0,0.0,1.0,1.0,3.0,1.0,PHI,,1.0,0.0,0.0,0.0,0.0,0.0,0.0,1.0,0.0,0.111,0.0,0.111,0.0,0.111,1.0,1.0,0.0,0.0,0.0,,0.0,0.0,0.111,0.0,0.0,0.0,0.0,0.0,1.0,3.0,0.0,0.0,4.0,0.111,0.0,0.0,0.444,0.333,,0.0,0,,,0.0,0,0,0.0,0.0,0.0,0.0,0.5,0.333,0.0,0.0,2.0,0.0,0.0,0.0,3.0,0.0,0.0,0.0,2.0,0.0,,2.0,1.0,0.0,0.0,1.0,0.0,1.0,3.0,,1.0,0.0,0.0,,0.0,0.051,0.585,0.34,F,84.0,0.636,132.0,0.0,1.0,,0.0,,,0.0,,0.0,1.0,0.0,1.0,0.0,,3.0,PHI,0.0,0.0,0.0,,3.0,,0.0,,,1.0,3.0,0.0,0.0,5,0.0,3.0,0.0,0,2015,20150124,False,21400654,,,,1.0,8.0,16.0,0.5,0.433,0.067,0.063,1.0,1.0,1.0,0.32,0.68,0.938,7.0,15.0,0.467,0.458,0.009,0.375,3.0,6.0,0.5,0.517,-0.017,0.688,6.0,11.0,0.545,0.506,0.039,0.125,1.0,2.0,0.5,0.372,0.128,1610612755,PHI,55.0,1.0,0.0,1.0,0.0,0.0,0.0,0.0,0.0,0.0,0.0,0.0,0.0,0.0,0.0,0.0,0.0,0.0,1610612755,PHI,23.72,9144.0,1.73,0.99,0.74,4.31,4.94,3.65,2014_15
202952,Malcolm Thomas,Malcolm,1610612755,PHI,26.0,1,0,1,0.0,4.933333333333334,0,0,0.0,0,0,0.0,0,0,0.0,1,1,2,0,2,0,0,0,1,0,0,-1,0.4,0,0,2.0,1,57,57,57,112,99,113,99,43,67,43,52,56,52,27,83,69,81,17,56,37,1,33,75,101,61,113,2,1,107,,65,81.08,-10.0,81,75,0.0,60.0,33,104,17,0.182,115,0.0,100.0,81,78,104,17,10,65,0.186,-17.4,60.0,103,97.3,100,99,115,0.0,0.25,70.0,111,6,0.0,0.25,0.0,0.25,61.5,75,90.68,0.0,56,78.8,99,55,17,70.0,100.0,113,-10.0,0.0,-0.273,1,59,101,97.3,9.0,0.0,6.0,0.0,0.0,0.0,0.0,0.0,0.0,0.0,0.0,0.0,0.0,0.0,0.0,0.0,0.0,0.0,0.0,0.0,0.0,0.0,0.0,0.0,0.0,0.0,1.0,0.0,0.0,1.0,1.75,0.55,11.0,4.0,0.0,0.0,7.0,0.3,0.0,1.0,4.7,1.0,1.0,0.667,0.0,0.0,2.0,1.8,0.667,7.6,1.0,0.0,1.0,0.5,0.5,0.5,0.0,0.0,1.0,1.0,0.0,1.0,3.0,,,,,,,,,,,,,,,,,,,,,,,,,,,,,,,,,,,,,,,,,,,,,,,,,,,,,,,,,,0,,,,0,0,0.0,0.0,0.0,0.0,0.0,0.0,0.0,0.0,0.0,0.0,0.0,0.0,0.0,0.0,0.0,,0.0,0.0,,0.0,0.0,,,0.0,0.0,0.0,0.0,,0.0,0.0,0.0,,0.0,0.077,0.574,0.551,F,28.0,0.651,43.0,0.0,0.0,,0.0,,,0.0,,0.0,0.0,0.0,0.0,0.0,,0.0,PHI,0.0,0.0,0.0,,0.0,,0.0,,,0.0,0.0,0.0,,0,,,,0,2015,20150124,False,21400654,,,,1.0,2.0,2.0,1.0,0.376,0.624,,,,,,,1.0,2.0,2.0,1.0,0.42,0.58,1.0,2.0,2.0,1.0,0.512,0.488,1.0,2.0,2.0,1.0,0.47,0.53,,,,,,,1610612755,PHI,11.0,1.0,0.0,0.0,0.0,0.0,0.0,0.0,0.0,0.0,0.0,0.0,0.0,0.0,1.0,1.0,0.0,0.0,1610612755,PHI,4.93,1943.0,0.37,0.2,0.17,4.87,5.05,4.68,2014_15
201188,Marc Gasol,Marc,1610612763,MEM,30.0,1,1,0,1.0,25.066666666666663,3,5,0.6,0,0,0.0,3,5,0.6,0,7,7,4,2,2,4,0,4,4,9,14,39.4,0,0,32.0,1,1,1,1,41,37,66,18,43,67,43,17,11,35,51,6,12,12,17,4,2,1,104,10,36,13,4,2,1,8,,73,79.79,24.0,14,26,2.0,111.8,45,18,54,0.153,73,0.625,15.4,21,25,18,27,51,73,0.157,25.6,111.8,17,95.74,65,37,73,30.8,0.219,87.8,26,29,0.25,0.125,0.6,0.0,110.7,26,97.66,5.0,78,85.1,26,80,54,87.8,15.2,66,24.0,3.0,0.172,51,14,26,95.74,37.0,0.135,28.0,0.108,6.0,1.0,5.0,0.0,11.0,0.0,0.0,0.0,0.0,0.0,0.0,0.0,0.0,0.0,0.0,0.0,0.0,0.0,0.0,0.0,0.0,0.0,4.0,0.191,9.0,7.0,1.25,0.17,47.0,8.0,0.75,0.286,27.0,1.0,0.75,2.0,4.2,3.0,0.0,0.467,0.429,0.0,14.0,4.2,0.438,0.0,4.0,1.0,4.0,0.538,0.5,0.429,0.0,1.0,0.0,0.0,3.0,0.0,16.0,0.0,,1610612763.0,0.0,1.0,1.0,0.2,0.2,1.0,1.0,0.0,1.0,1.0,1.0,1.0,MEM,,2.0,0.0,0.0,0.0,1.0,2.0,1.0,2.0,2.0,0.4,1.0,0.4,0.0,0.2,1.0,1.0,0.0,0.0,0.0,,0.0,0.0,0.2,0.0,0.0,0.0,0.0,0.0,1.0,0.0,0.0,,1.0,0.2,0.0,0.0,0.2,0.0,,,0,,,,0,0,0.0,0.0,2.0,0.0,1.0,0.6,3.0,1.0,6.0,1.0,0.0,0.0,2.0,0.0,1.0,0.0,2.0,0.0,,0.0,0.0,0.0,0.0,1.0,0.0,1.0,2.0,,0.0,0.0,0.0,,0.0,-0.049,0.586,0.525,C,159.0,0.537,296.0,0.0,0.0,,0.0,,,0.0,,1.0,0.0,0.0,1.0,0.0,,3.0,MEM,0.0,0.0,0.0,,0.0,,0.0,,,1.0,3.0,0.0,0.0,2,,,,0,2015,20150124,False,21400654,,,,1.0,2.0,10.0,0.2,0.435,-0.235,,,,,,,1.0,2.0,10.0,0.2,0.48,-0.28,0.4,0.0,4.0,0.0,0.561,-0.561,0.6,1.0,6.0,0.167,0.596,-0.43,0.2,1.0,2.0,0.5,0.294,0.206,1610612763,MEM,47.0,4.0,1.0,1.0,1.0,1.0,2.0,0.5,3.0,0.75,1.0,0.25,0.0,0.0,0.0,0.0,1.0,0.25,1610612763,MEM,25.07,8469.0,1.6,0.82,0.78,3.84,4.04,3.65,2014_15
201144,Mike Conley,Mike,1610612763,MEM,27.0,1,1,0,1.0,20.53333333333333,3,8,0.375,1,2,0.5,2,2,1.0,1,1,2,1,2,1,0,1,3,1,9,12,13.9,0,0,15.0,1,1,1,1,62,37,41,65,20,32,18,23,33,1,27,83,69,46,17,23,37,76,88,49,36,16,65,2,1,58,,72,79.87,29.3,73,23,0.5,107.3,28,22,31,0.239,78,0.507,16.7,66,19,22,93,41,72,0.237,31.5,107.3,21,95.84,68,37,80,8.3,0.042,78.0,80,85,0.077,0.045,0.438,0.05,107.7,23,96.78,8.0,24,76.3,53,22,31,78.0,16.8,41,29.3,3.0,0.042,33,50,49,95.84,37.0,0.054,41.0,0.027,3.0,0.0,2.0,1.0,3.0,0.0,0.0,0.0,0.0,3.0,0.0,0.0,0.0,3.0,0.0,0.0,0.0,0.0,0.0,0.0,0.0,0.0,0.0,0.188,9.0,3.0,5.07,5.1,48.0,2.0,0.0,1.333,12.0,4.1,2.0,1.0,7.8,1.0,1.0,0.5,0.0,0.0,3.0,6.0,0.5,9.6,1.0,0.0,1.0,0.333,0.333,0.5,0.0,0.0,1.0,1.0,0.0,1.0,4.0,0.0,,1610612763.0,0.0,1.0,1.0,0.143,0.143,0.0,1.0,0.0,0.0,0.0,0.0,0.0,MEM,,1.0,0.0,0.0,0.0,0.0,0.0,0.0,1.0,0.0,0.143,0.0,0.143,1.0,0.571,4.0,3.0,2.0,0.5,0.143,0.0,0.0,0.5,0.429,2.0,0.667,,1.0,1.0,0.0,1.0,1.5,1.0,1.0,0.0,1.0,0.0,0.143,0.143,0.0,0.0,0,0.0,0.0,1.0,2,0,3.0,1.0,4.0,1.0,1.0,0.438,0.0,0.0,4.0,1.0,0.0,0.5,1.0,1.0,0.333,,0.0,0.0,,2.0,0.0,,,0.333,0.0,3.0,3.0,,0.0,0.0,0.0,,0.0,0.135,0.577,0.182,G,57.0,0.713,80.0,0.0,1.0,,0.0,,,1.0,,1.0,1.0,0.0,0.5,0.0,,2.0,MEM,0.0,0.0,0.0,,1.0,,1.0,,,0.0,4.0,0.0,1.5,1,1.0,1.0,1.0,1,2015,20150124,False,21400654,,,,1.0,4.0,9.0,0.444,0.391,0.053,0.444,2.0,4.0,0.5,0.228,0.272,0.556,2.0,5.0,0.4,0.449,-0.049,0.111,1.0,1.0,1.0,1.0,0.0,0.333,2.0,3.0,0.667,0.666,0.001,0.556,2.0,5.0,0.4,0.274,0.126,1610612763,MEM,48.0,0.0,0.0,0.0,0.0,0.0,0.0,0.0,0.0,0.0,0.0,0.0,0.0,0.0,0.0,0.0,0.0,0.0,1610612763,MEM,20.53,7872.0,1.49,0.74,0.75,4.4,4.33,3.89,2014_15
203457,Nerlens Noel,Nerlens,1610612755,PHI,21.0,1,0,1,0.0,23.58333333333333,3,6,0.5,0,0,0.0,1,2,0.5,2,4,6,0,0,1,1,1,2,2,7,-2,20.2,0,0,17.0,1,57,57,57,47,37,55,28,43,67,43,39,33,36,9,27,19,81,78,23,11,76,60,32,51,66,40,2,1,52,,67,80.57,-6.1,81,67,0.0,87.5,66,64,63,0.127,1,0.509,0.0,81,63,64,38,48,67,0.129,-2.7,87.5,58,96.68,78,37,1,0.0,0.167,93.6,42,30,0.0,0.122,0.5,0.08,91.0,67,94.77,6.0,95,93.7,34,95,63,93.6,0.0,55,-6.1,3.0,0.113,21,59,44,96.68,24.0,0.042,21.0,0.0,3.0,1.0,1.0,0.0,2.0,0.0,1.0,0.0,1.0,1.0,0.5,0.0,0.0,2.0,0.0,2.0,0.0,0.5,0.0,1.0,0.5,0.0,3.0,0.219,7.0,2.0,1.63,0.63,32.0,3.0,0.0,0.0,22.0,0.9,0.667,3.0,5.5,3.0,0.667,0.6,0.75,2.0,8.0,6.3,0.545,3.8,1.0,1.0,3.0,0.571,0.5,0.5,0.0,1.0,0.0,0.667,3.0,0.0,11.0,0.0,,1610612755.0,0.0,1.0,3.0,0.6,0.6,2.0,3.0,0.0,0.667,0.667,2.0,0.667,PHI,,1.0,0.0,0.0,0.0,1.0,1.0,1.0,1.0,1.0,0.2,1.0,0.2,0.0,0.2,1.0,1.0,0.0,0.0,0.0,,0.0,0.0,0.2,0.0,0.0,,,,,,,,,,,,,,,,0,,,,0,0,0.0,0.0,0.0,0.0,0.5,0.5,0.0,0.0,2.0,1.0,0.0,0.0,2.0,0.0,1.0,0.0,1.0,0.0,,0.0,0.0,0.0,0.0,0.5,0.0,1.0,4.0,,0.0,0.0,0.0,,0.0,-0.085,0.595,0.493,C-F,120.0,0.511,235.0,0.0,0.0,,0.0,,,0.0,,0.0,0.0,0.0,0.6,0.0,,3.0,PHI,0.0,0.0,0.0,,1.0,,0.0,,,0.0,5.0,0.0,0.0,1,,,,0,2015,20150124,False,21400654,,,,1.0,4.0,6.0,0.667,0.446,0.22,,,,,,,1.0,4.0,6.0,0.667,0.47,0.197,0.5,2.0,3.0,0.667,0.625,0.042,0.667,3.0,4.0,0.75,0.563,0.188,,,,,,,1610612755,PHI,32.0,3.0,0.0,0.0,0.0,0.0,0.0,0.0,0.0,0.0,2.0,0.667,0.0,0.0,0.0,0.0,0.0,0.0,1610612755,PHI,23.58,9090.0,1.72,0.9,0.82,4.33,4.67,4.01,2014_15
201979,Nick Calathes,Nick,1610612763,MEM,26.0,1,1,0,1.0,7.066666666666666,2,2,1.0,0,0,0.0,0,0,0.0,0,2,2,0,0,1,0,0,1,0,4,0,9.4,0,0,8.0,1,1,1,1,106,54,97,1,43,67,43,52,56,52,51,57,69,81,78,23,37,1,33,75,73,57,86,2,1,87,,93,76.42,-6.0,81,66,0.0,78.6,49,79,47,0.143,1,1.0,0.0,81,60,79,7,14,93,0.155,-0.8,78.6,72,91.7,111,54,1,0.0,0.333,84.6,3,11,0.0,0.182,1.0,0.0,85.4,66,87.08,2.0,80,86.2,2,85,47,84.6,0.0,97,-6.0,2.0,0.353,51,59,3,91.7,16.0,0.063,15.0,0.0,4.0,1.0,1.0,0.0,1.0,0.0,2.0,0.0,0.0,1.0,1.0,0.0,1.0,2.0,0.0,0.0,0.5,0.0,1.0,0.0,0.0,1.0,0.0,0.211,4.0,1.0,4.04,4.05,19.0,1.0,0.0,0.0,10.0,1.3,0.0,0.0,8.7,0.0,0.0,1.0,0.0,0.0,2.0,8.7,1.0,0.0,2.0,0.0,2.0,1.0,1.0,0.0,0.0,0.0,0.0,0.0,0.0,0.0,2.0,,,,,,,,,,,,,,,,,,2.0,0.0,0.0,0.0,1.0,2.0,1.0,2.0,2.0,1.0,1.0,1.0,,,,,,,,,,,,,,,,,,,,,,,,,,,,,0,,,,0,0,0.0,0.0,0.0,0.0,0.0,1.0,0.0,0.0,0.0,1.0,0.0,0.0,1.0,0.0,1.0,,0.0,0.0,,0.0,0.0,,,1.0,0.0,1.0,1.0,,0.0,0.0,0.0,,0.0,0.039,0.561,0.079,G,3.0,0.6,5.0,1.0,1.0,,0.0,,,0.0,,0.0,0.0,1.0,1.0,0.0,,1.0,MEM,0.0,0.0,0.0,,0.0,,0.0,,,0.0,1.0,0.0,,0,,,,0,2015,20150124,False,21400654,,,,1.0,0.0,1.0,0.0,0.396,-0.396,1.0,0.0,1.0,0.0,0.287,-0.287,,,,,,,,,,,,,,,,,,,1.0,0.0,1.0,0.0,0.287,-0.287,1610612763,MEM,19.0,0.0,0.0,0.0,0.0,0.0,0.0,0.0,0.0,0.0,0.0,0.0,0.0,0.0,0.0,0.0,0.0,0.0,1610612763,MEM,7.07,2829.0,0.54,0.28,0.26,4.25,5.09,5.1,2014_15
203496,Robert Covington,Robert,1610612755,PHI,24.0,1,0,1,0.0,21.80333333333333,2,6,0.333,2,3,0.667,2,3,0.667,0,1,1,0,2,1,0,0,1,1,8,-13,10.2,0,0,13.0,1,57,57,57,58,54,55,68,9,21,10,23,29,33,51,83,93,81,17,23,37,1,33,49,45,98,83,2,1,65,,34,84.39,-31.8,81,90,0.0,66.0,77,96,75,0.167,90,0.546,22.2,81,91,96,92,47,34,0.18,-30.5,66.0,97,101.27,40,54,89,0.0,0.048,97.8,82,99,0.0,0.021,0.5,0.0,67.6,90,99.82,6.0,63,98.1,34,63,75,97.8,21.5,55,-31.8,2.0,0.036,51,59,35,101.27,20.0,0.0,21.0,0.0,2.0,0.0,0.0,0.0,0.0,0.333,0.0,1.0,0.0,1.0,0.0,0.0,1.0,3.0,0.0,0.0,0.333,0.0,0.0,0.0,0.0,0.0,0.0,0.276,8.0,0.0,2.35,0.9,29.0,0.0,0.0,0.0,22.0,1.1,0.0,1.0,4.8,1.0,0.0,0.25,1.0,0.0,4.0,4.8,0.2,0.0,0.0,1.0,0.0,0.333,0.25,1.0,0.0,1.0,0.0,0.0,1.0,0.0,5.0,,,,,,,,,,,,,,,,,0.0,3.0,0.0,1.0,0.167,0.0,0.0,0.0,2.0,0.0,0.5,0.0,0.333,0.0,0.167,1.0,1.0,0.0,0.0,0.0,,0.0,0.0,0.167,0.0,0.0,,1.0,2.0,0.0,2.0,1.5,1.0,2.0,0.0,2.0,0.0,0.333,0.333,0.0,0.0,0,0.0,,0.0,2,0,6.0,0.5,0.0,0.0,0.0,0.5,0.0,0.0,0.0,0.0,0.0,0.667,0.0,2.0,0.0,,3.0,0.0,,3.0,0.0,,,0.0,0.0,0.0,0.0,,0.0,0.0,0.0,,0.0,-0.048,0.583,0.331,F,53.0,0.535,99.0,0.0,1.0,,0.0,,,1.0,,0.0,2.0,0.0,0.0,0.0,,0.0,PHI,1.0,0.0,0.0,,1.0,,0.5,,,2.0,0.0,1.0,0.75,4,0.667,3.0,2.0,2,2015,20150124,False,21400654,,,,1.0,0.0,4.0,0.0,0.411,-0.411,0.25,0.0,1.0,0.0,0.292,-0.292,0.75,0.0,3.0,0.0,0.469,-0.469,0.25,0.0,1.0,0.0,0.597,-0.597,0.5,0.0,2.0,0.0,0.517,-0.517,0.5,0.0,2.0,0.0,0.319,-0.319,1610612755,PHI,29.0,0.0,0.0,0.0,0.0,0.0,0.0,0.0,0.0,0.0,0.0,0.0,0.0,0.0,0.0,0.0,0.0,0.0,1610612755,PHI,21.8,8012.0,1.52,0.8,0.72,4.13,4.25,4.02,2014_15
203080,Thomas Robinson,Thomas,1610612755,PHI,24.0,1,1,0,1.0,13.765,1,2,0.5,0,0,0.0,0,0,0.0,1,3,4,0,4,1,0,0,1,0,2,-2,5.8,0,0,8.0,1,1,1,1,88,83,97,28,43,67,43,52,56,52,27,41,37,81,7,23,37,1,33,75,91,66,97,2,1,87,,36,84.27,-6.9,81,69,0.0,75.9,48,86,38,0.194,114,0.5,66.7,81,74,86,29,29,36,0.198,-8.4,75.9,80,101.13,60,83,114,0.0,0.2,82.8,87,24,0.0,0.133,0.5,0.067,77.7,69,97.99,2.0,48,86.1,34,49,38,82.8,66.7,97,-6.9,1.0,0.012,24,59,51,101.13,9.0,0.0,5.0,0.0,0.0,0.0,0.0,0.0,0.0,0.0,0.0,0.0,0.0,0.0,0.0,0.0,0.0,0.0,0.0,0.0,0.0,0.0,0.0,0.0,0.0,0.0,0.0,0.154,2.0,0.0,1.21,0.31,13.0,3.0,0.0,0.0,5.0,0.3,0.667,2.0,5.7,3.0,0.5,1.0,0.667,0.0,3.0,5.5,0.8,6.3,1.0,1.0,1.0,1.5,1.0,0.75,0.0,1.0,1.0,0.5,2.0,1.0,5.0,0.0,,1610612755.0,0.0,1.0,1.0,0.5,0.5,1.0,1.0,0.0,1.0,1.0,1.0,1.0,PHI,,,,,,,,,,,,,,,,,,,,,,,,,,,0.0,0.0,0.0,1.0,0.0,0.0,,1.0,0.5,0.0,0.0,0.5,0.0,,,0,,,,0,0,0.0,0.0,0.0,0.0,1.0,0.5,0.0,0.0,2.0,0.0,0.0,0.0,1.0,0.0,0.0,0.0,1.0,,0.0,0.0,0.0,0.0,0.0,1.0,,0.0,1.0,0.0,,0.0,0.0,0.0,0.0,-0.071,0.571,0.417,F,24.0,0.5,48.0,0.0,0.0,,0.0,,,0.0,,0.0,0.0,0.0,1.0,0.0,0.0,1.0,PHI,0.0,0.0,0.0,0.0,0.0,0.0,0.0,,,1.0,1.0,0.0,0.0,1,,,,0,2015,20150124,False,21400654,,,,1.0,1.0,3.0,0.333,0.416,-0.082,0.333,0.0,1.0,0.0,0.227,-0.227,0.667,1.0,2.0,0.5,0.494,0.006,0.333,1.0,1.0,1.0,0.625,0.375,0.333,1.0,1.0,1.0,0.596,0.404,0.667,0.0,2.0,0.0,0.337,-0.337,1610612755,PHI,13.0,0.0,0.0,0.0,0.0,0.0,0.0,0.0,0.0,0.0,0.0,0.0,0.0,0.0,0.0,0.0,0.0,0.0,1610612755,PHI,13.77,5169.0,0.98,0.52,0.45,4.36,4.06,4.72,2014_15
2754,Tony Allen,Tony,1610612763,MEM,33.0,1,1,0,1.0,18.83333333333333,2,5,0.4,0,1,0.0,0,0,0.0,0,0,0,2,2,0,2,0,2,0,4,6,11.0,0,0,10.0,1,1,1,1,70,54,66,54,43,46,43,52,56,52,51,100,103,35,17,56,4,1,60,75,73,35,81,2,1,80,,14,88.14,12.1,33,39,1.0,102.4,57,30,56,0.156,90,0.4,22.2,51,35,30,100,42,14,0.161,16.1,102.4,25,105.77,11,54,91,22.2,0.0,90.2,91,103,0.143,0.0,0.4,0.0,106.4,39,103.68,5.0,75,90.3,61,77,56,90.2,22.2,66,12.1,2.0,0.0,51,27,71,105.77,11.0,0.182,17.0,0.182,1.0,0.0,2.0,0.0,5.0,0.5,0.0,1.0,0.0,0.0,0.0,0.0,1.0,2.0,0.0,0.0,0.5,0.0,0.0,0.0,0.0,0.0,0.0,0.222,4.0,3.0,1.54,0.83,18.0,1.0,0.0,0.667,15.0,0.5,0.0,,,,,,,,,,,,,,,,,,,,,,,,,0.0,,1610612763.0,0.0,1.0,1.0,0.2,0.2,1.0,1.0,0.0,1.0,1.0,1.0,1.0,MEM,,2.0,0.0,0.0,0.0,0.5,1.0,0.5,2.0,1.0,0.4,0.5,0.4,,,,,,,,,,,,,,0.0,0.0,0.0,1.0,1.0,0.0,0.0,2.0,0.2,0.0,0.0,0.4,0.2,0.0,0.0,0,0.0,,0.0,1,0,0.0,0.0,2.0,0.5,0.0,0.4,0.0,0.0,0.0,0.0,0.0,0.0,2.0,0.0,0.0,0.0,1.0,0.0,0.0,0.0,1.0,0.0,1.0,1.0,0.0,1.0,2.0,0.0,0.0,0.0,0.0,0.0,0.0,0.001,0.592,0.229,F-G,35.0,0.593,59.0,0.0,0.0,,0.0,,,0.0,,0.0,0.0,0.0,0.667,0.0,0.0,2.0,MEM,0.0,0.0,0.0,0.0,2.0,0.0,0.0,,,0.0,3.0,0.0,0.0,1,0.0,1.0,0.0,0,2015,20150124,False,21400654,,,,1.0,1.0,6.0,0.167,0.403,-0.236,0.5,1.0,3.0,0.333,0.334,-0.001,0.5,0.0,3.0,0.0,0.429,-0.429,0.333,0.0,2.0,0.0,0.5,-0.5,0.333,0.0,2.0,0.0,0.487,-0.487,0.667,1.0,4.0,0.25,0.315,-0.065,1610612763,MEM,18.0,0.0,0.0,0.0,0.0,0.0,0.0,0.0,0.0,0.0,0.0,0.0,0.0,0.0,0.0,0.0,0.0,0.0,1610612763,MEM,18.83,7287.0,1.38,0.68,0.7,4.46,4.96,4.07,2014_15
1713,Vince Carter,Vince,1610612763,MEM,38.0,1,1,0,1.0,23.6,6,14,0.429,1,5,0.2,0,0,0.0,3,3,6,3,1,2,1,0,3,0,13,10,32.7,0,0,29.0,1,1,1,1,46,14,6,44,20,7,40,52,56,52,5,41,19,22,48,4,11,1,88,75,23,21,12,2,1,15,,28,85.59,18.0,45,30,3.0,98.0,35,38,34,0.273,40,0.464,5.6,31,30,38,59,51,28,0.283,20.3,98.0,33,102.71,41,14,40,16.7,0.12,80.0,31,26,0.2,0.13,0.464,0.143,101.9,30,99.78,14.0,12,81.6,50,13,34,80.0,5.6,6,18.0,6.0,0.159,10,8,63,102.71,30.0,0.1,33.0,0.1,3.0,0.0,3.0,0.0,6.0,0.0,4.0,0.0,0.0,3.0,1.333,0.0,0.0,3.0,0.0,0.0,0.0,0.0,0.667,0.0,0.0,2.0,0.0,0.283,13.0,1.0,2.1,1.26,46.0,5.0,0.0,0.0,33.0,1.6,1.2,4.0,5.0,4.0,0.75,0.75,0.333,0.0,4.0,4.3,0.75,5.7,2.0,0.0,2.0,0.75,0.75,0.667,0.0,0.0,1.0,0.75,1.0,3.0,8.0,1.0,0.0,1610612763.0,0.0,1.0,4.0,0.357,0.286,3.0,5.0,0.071,0.6,0.75,3.0,0.6,MEM,0.0,4.0,0.0,1.0,0.071,0.25,1.0,0.333,3.0,1.0,0.286,0.25,0.214,2.0,0.286,4.0,2.0,1.0,0.25,0.143,0.0,0.0,0.25,0.143,1.0,0.5,,1.0,1.0,0.0,1.0,1.5,1.0,1.0,0.0,1.0,0.0,0.071,0.071,0.0,0.0,0,0.0,0.0,1.0,3,0,5.0,0.4,0.0,0.0,0.75,0.464,0.0,0.0,6.0,1.0,0.0,0.25,3.0,1.0,1.0,0.0,3.0,0.0,0.0,4.0,1.0,0.0,0.0,0.6,0.0,1.0,5.0,0.0,1.0,1.0,0.0,0.0,0.333,-0.11,0.572,0.201,G-F,18.0,0.462,39.0,2.0,2.0,,0.0,,,1.0,,1.0,3.0,1.0,0.6,0.0,0.0,3.0,MEM,0.0,0.0,0.0,0.0,2.0,0.0,0.333,,,1.0,5.0,0.0,0.5,5,0.25,4.0,1.0,2,2015,20150124,False,21400654,,,,1.0,4.0,6.0,0.667,0.379,0.288,0.667,3.0,4.0,0.75,0.29,0.46,0.333,1.0,2.0,0.5,0.407,0.094,,,,,,,0.167,1.0,1.0,1.0,0.411,0.589,0.833,3.0,5.0,0.6,0.28,0.32,1610612763,MEM,46.0,0.0,0.0,0.0,0.0,0.0,0.0,0.0,0.0,0.0,0.0,0.0,0.0,0.0,0.0,0.0,0.0,0.0,1610612763,MEM,23.6,8524.0,1.61,0.83,0.79,4.07,4.28,3.88,2014_15
2216,Zach Randolph,Zach,1610612763,MEM,33.0,1,1,0,1.0,27.25,8,11,0.727,1,1,1.0,0,0,0.0,2,12,14,4,3,0,0,1,2,0,17,13,36.8,1,0,36.0,1,1,1,1,34,5,21,9,20,46,1,52,56,52,9,1,2,12,12,56,37,76,60,75,11,15,6,1,1,5,,48,82.94,21.3,33,27,1.33,105.3,37,25,43,0.219,78,0.773,16.7,17,26,25,4,57,48,0.225,24.8,105.3,24,99.52,38,5,78,22.2,0.353,83.9,6,7,0.286,0.246,0.773,0.087,106.8,27,99.91,11.0,31,82.1,13,31,43,83.9,16.7,21,21.3,8.0,0.294,19,25,13,99.52,34.0,0.176,24.0,0.118,4.0,1.0,6.0,1.0,11.0,0.0,0.0,0.0,0.0,0.0,0.0,0.0,0.0,0.0,0.0,0.0,0.0,0.0,0.0,0.0,0.0,0.0,11.0,0.362,17.0,2.0,2.0,0.87,47.0,7.0,0.727,0.0,25.0,1.6,1.143,5.0,4.8,4.0,0.4,0.778,0.167,0.0,14.0,4.5,0.737,6.6,10.0,1.0,10.0,0.923,0.857,0.286,0.0,1.0,1.0,0.4,2.0,2.0,19.0,0.0,,1610612763.0,0.0,1.0,4.0,0.4,0.4,3.0,4.0,0.0,0.75,0.75,3.0,0.75,MEM,,2.0,0.0,0.0,0.0,0.5,1.0,0.5,2.0,1.0,0.2,0.5,0.2,0.0,0.3,3.0,3.0,3.0,1.0,0.0,,0.0,1.0,0.3,3.0,1.0,,1.0,1.0,0.0,1.0,1.5,1.0,1.0,0.0,1.0,0.0,0.1,0.1,0.5,0.0,2,0.5,,0.0,2,1,5.0,1.0,0.0,0.0,1.0,0.773,8.0,0.571,8.0,1.0,0.0,1.0,4.0,1.0,0.5,0.0,4.0,0.0,,1.0,0.0,0.0,0.0,1.0,0.0,2.0,4.0,,0.0,2.0,0.0,,0.5,-0.011,0.588,0.404,F,90.0,0.577,156.0,1.0,3.0,,2.0,,,1.0,,2.0,1.0,0.333,1.0,0.0,,4.0,MEM,0.0,1.0,0.0,,0.0,,1.0,,,1.0,4.0,0.0,1.25,2,1.0,1.0,1.0,2,2015,20150124,False,21400654,,,,1.0,3.0,11.0,0.273,0.389,-0.117,0.364,1.0,4.0,0.25,0.309,-0.059,0.636,2.0,7.0,0.286,0.424,-0.138,0.545,2.0,6.0,0.333,0.497,-0.163,0.545,2.0,6.0,0.333,0.465,-0.132,0.455,1.0,5.0,0.2,0.332,-0.132,1610612763,MEM,47.0,11.0,4.0,7.0,0.571,0.0,0.0,0.0,8.0,0.727,4.0,0.364,0.0,0.0,0.0,0.0,0.0,0.0,1610612763,MEM,27.25,9688.0,1.83,0.91,0.93,3.97,4.21,3.76,2014_15
203909,KJ McDaniels,KJ,1610612755,PHI,22.0,1,0,1,0.0,28.53,2,9,0.222,1,3,0.333,1,4,0.25,2,3,5,1,4,2,1,0,0,3,6,-15,18.5,0,0,19.0,1,57,57,57,26,54,29,88,20,21,31,39,14,49,9,41,29,46,7,4,11,1,1,19,57,102,48,2,1,39,,31,84.82,-23.4,78,83,0.25,70.0,78,91,62,0.224,97,0.279,25.0,66,88,91,59,60,31,0.225,-28.2,70.0,93,101.79,50,54,103,6.3,0.12,93.4,98,50,0.077,0.088,0.278,0.063,70.3,83,98.89,9.0,32,98.5,87,28,62,93.4,25.4,29,-23.4,2.0,-0.007,25,56,92,101.79,24.0,0.083,33.0,0.042,3.0,0.0,2.0,1.0,3.0,0.125,3.0,1.0,1.0,4.0,0.375,0.0,2.0,8.0,0.0,2.0,0.25,0.125,0.25,1.0,0.5,1.0,0.0,0.15,6.0,0.0,3.01,2.13,40.0,2.0,0.0,0.0,32.0,2.0,0.0,2.0,4.2,4.0,1.0,1.0,0.667,0.0,8.0,4.8,0.5,3.4,1.0,5.0,1.0,1.0,0.375,0.8,0.0,5.0,1.0,1.0,2.0,2.0,10.0,0.0,,1610612745.0,0.0,1.0,2.0,0.222,0.222,1.0,2.0,0.0,0.5,0.5,1.0,0.5,HOU,,3.0,0.0,0.0,0.0,0.0,0.0,0.0,3.0,0.0,0.333,0.0,0.333,2.0,0.222,2.0,0.0,0.0,0.75,0.222,0.5,1.0,0.5,0.0,1.0,,0.0,0.0,0.0,1.0,1.0,0.0,0.0,2.0,0.111,0.0,0.0,0.222,0.111,0.0,0.0,0,0.0,0.0,2.0,5,0,3.0,1.0,0.0,0.0,0.0,0.278,0.0,0.0,0.0,0.0,0.0,0.5,1.0,1.0,0.0,,3.0,0.0,,2.0,1.0,,,1.0,0.0,2.0,1.0,,1.0,0.0,0.0,,0.0,-0.175,0.59,0.359,G-F,56.0,0.415,135.0,0.0,2.0,,0.0,,,1.0,,1.0,2.0,0.0,1.0,0.0,,1.0,HOU,0.0,0.0,0.0,,1.0,,0.5,,,2.0,1.0,0.0,1.5,1,1.0,1.0,1.0,1,2015,20150124,False,21400654,3486.0,MEM,PHI,1.0,3.0,6.0,0.5,0.423,0.077,0.167,0.0,1.0,0.0,0.292,-0.292,0.833,3.0,5.0,0.6,0.471,0.129,0.333,1.0,2.0,0.5,0.587,-0.087,0.333,1.0,2.0,0.5,0.529,-0.029,0.5,1.0,3.0,0.333,0.327,0.007,1610612745,HOU,40.0,0.0,0.0,0.0,0.0,0.0,0.0,0.0,0.0,0.0,0.0,0.0,0.0,0.0,0.0,0.0,0.0,0.0,1610612745,HOU,28.53,11297.0,2.14,1.15,0.99,4.43,4.46,4.38,2014_15
