PLAYER_ID,PLAYER_NAME,NICKNAME,TEAM_ID,TEAM_ABBREVIATION,AGE,GP,W,L,W_PCT,MIN,FGM,FGA,FG_PCT,FG3M,FG3A,FG3_PCT,FTM,FTA,FT_PCT,OREB,DREB,REB,AST,TOV,STL,BLK,BLKA,PF,PFD,PTS,PLUS_MINUS,NBA_FANTASY_PTS,DD2,TD3,WNBA_FANTASY_PTS,GP_RANK,W_RANK,L_RANK,W_PCT_RANK,MIN_RANK,FGM_RANK,FGA_RANK,FG_PCT_RANK,FG3M_RANK,FG3A_RANK,FG3_PCT_RANK,FTM_RANK,FTA_RANK,FT_PCT_RANK,OREB_RANK,DREB_RANK,REB_RANK,AST_RANK,TOV_RANK,STL_RANK,BLK_RANK,BLKA_RANK,PF_RANK,PFD_RANK,PTS_RANK,PLUS_MINUS_RANK,NBA_FANTASY_PTS_RANK,DD2_RANK,TD3_RANK,WNBA_FANTASY_PTS_RANK,team_poss,sp_work_PACE_RANK,PACE_PER40,sp_work_NET_RATING,AST_RATIO_RANK,sp_work_NET_RATING_RANK,AST_TO,sp_work_OFF_RATING,E_DEF_RATING_RANK,OFF_RATING_RANK,sp_work_DEF_RATING_RANK,USG_PCT,TM_TOV_PCT_RANK,TS_PCT,TM_TOV_PCT,AST_PCT_RANK,E_NET_RATING_RANK,sp_work_OFF_RATING_RANK,DREB_PCT_RANK,POSS,PACE_RANK,E_USG_PCT,E_NET_RATING,OFF_RATING,E_OFF_RATING_RANK,PACE,E_PACE_RANK,FGM_PG_RANK,E_TOV_PCT_RANK,AST_RATIO,DREB_PCT,sp_work_DEF_RATING,PIE_RANK,REB_PCT_RANK,AST_PCT,REB_PCT,EFG_PCT,OREB_PCT,E_OFF_RATING,NET_RATING_RANK,E_PACE,FGA_PG,E_USG_PCT_RANK,E_DEF_RATING,EFG_PCT_RANK,USG_PCT_RANK,DEF_RATING_RANK,DEF_RATING,E_TOV_PCT,FGA_PG_RANK,NET_RATING,FGM_PG,PIE,OREB_PCT_RANK,AST_TO_RANK,TS_PCT_RANK,sp_work_PACE,PASSES_MADE,AST_TO_PASS_PCT_ADJ,PASSES_RECEIVED,AST_TO_PASS_PCT,POTENTIAL_AST,FT_AST,AST_ADJ,SECONDARY_AST,AST_PTS_CREATED,DRIVE_TOV_PCT,DRIVE_PTS,DRIVE_TOV,DRIVE_PF,DRIVE_FGA,DRIVE_PTS_PCT,DRIVE_AST_PCT,DRIVE_PASSES,DRIVES,DRIVE_AST,DRIVE_FTA,DRIVE_PASSES_PCT,DRIVE_PF_PCT,DRIVE_FG_PCT,DRIVE_FTM,DRIVE_FT_PCT,DRIVE_FGM,POST_TOUCHES,PTS_PER_TOUCH,POINTS,ELBOW_TOUCHES,AVG_SEC_PER_TOUCH,AVG_DRIB_PER_TOUCH,TOUCHES,PAINT_TOUCHES,PTS_PER_POST_TOUCH,PTS_PER_ELBOW_TOUCH,FRONT_CT_TOUCHES,TIME_OF_POSS,PTS_PER_PAINT_TOUCH,OREB_CHANCES,AVG_REB_DIST,REB_CONTEST,OREB_CHANCE_PCT_ADJ,REB_CHANCE_PCT_ADJ,DREB_CONTEST_PCT,OREB_UNCONTEST,DREB_CHANCES,AVG_DREB_DIST,REB_CHANCE_PCT,AVG_OREB_DIST,DREB_UNCONTEST,REB_CHANCE_DEFER,REB_UNCONTEST,DREB_CHANCE_PCT_ADJ,DREB_CHANCE_PCT,REB_CONTEST_PCT,OREB_CHANCE_DEFER,DREB_CHANCE_DEFER,OREB_CONTEST_PCT,OREB_CHANCE_PCT,DREB_CONTEST,OREB_CONTEST,REB_CHANCES,very_tight_FG3A,very_tight_FG3_PCT,PLAYER_LAST_TEAM_ID,very_tight_FG3M,G,very_tight_FG2A,very_tight_FGA_FREQUENCY,very_tight_FG2A_FREQUENCY,very_tight_FG2M,very_tight_FGA,very_tight_FG3A_FREQUENCY,very_tight_FG_PCT,very_tight_FG2_PCT,very_tight_FGM,very_tight_EFG_PCT,PLAYER_LAST_TEAM_ABBREVIATION,tight_FG3_PCT,tight_FGA,tight_FG3M,tight_FG3A,tight_FG3A_FREQUENCY,tight_EFG_PCT,tight_FGM,tight_FG2_PCT,tight_FG2A,tight_FG2M,tight_FGA_FREQUENCY,tight_FG_PCT,tight_FG2A_FREQUENCY,open_FG3A,open_FGA_FREQUENCY,open_FGA,open_FG2A,open_FG2M,open_EFG_PCT,open_FG3A_FREQUENCY,open_FG3_PCT,open_FG3M,open_FG_PCT,open_FG2A_FREQUENCY,open_FGM,open_FG2_PCT,wide_open_FG2_PCT,wide_open_FG_PCT,wide_open_FG3M,wide_open_FG2A,wide_open_FG3A,wide_open_EFG_PCT,wide_open_FG3_PCT,wide_open_FGA,wide_open_FG2A_FREQUENCY,wide_open_FGM,wide_open_FG2M,wide_open_FGA_FREQUENCY,wide_open_FG3A_FREQUENCY,PULL_UP_FG_PCT,PULL_UP_FG3M,PULL_UP_PTS,PULL_UP_EFG_PCT,PULL_UP_FG3_PCT,PULL_UP_FG3A,PULL_UP_FGA,PULL_UP_FGM,CATCH_SHOOT_PTS,CATCH_SHOOT_FG_PCT,ELBOW_TOUCH_PTS,ELBOW_TOUCH_FG_PCT,PAINT_TOUCH_FG_PCT,EFF_FG_PCT,POST_TOUCH_PTS,POST_TOUCH_FG_PCT,PAINT_TOUCH_PTS,ITP_FGM,CORNER_3_FG_PCT,ABOVE_BREAK_3_FG_PCT,RA_FGM,ABOVE_BREAK_3_FGM,ITP_FG_PCT,RIGHT_CORNER_3_FG_PCT,MID_FGA,LEFT_CORNER_3_FGM,BACKCOURT_FG_PCT,ABOVE_BREAK_3_FGA,CORNER_3_FGA,RIGHT_CORNER_3_FGM,RIGHT_CORNER_3_FGA,RA_FG_PCT,LEFT_CORNER_3_FG_PCT,ITP_FGA,RA_FGA,BACKCOURT_FGM,LEFT_CORNER_3_FGA,MID_FGM,CORNER_3_FGM,BACKCOURT_FGA,MID_FG_PCT,PLUSMINUS,NS_LT_06_PCT,FREQ,PLAYER_POSITION,FGM_LT_06,LT_06_PCT,FGA_LT_06,FGM_5_9,FGA_5_9,FGM_35_39,FGM_10_14,FGP_30_34,FGA_30_34,FGM_25_29,FGP_35_39,FGA_10_14,FGA_25_29,FGP_5_9,FGP_LT_5,FGM_15_19,FGA_40_PLUS,FGM_LT_5,TEAM_ABBR,FGM_20_24,FGP_10_14,FGP_15_19,FGP_40_PLUS,FGA_20_24,FGM_40_PLUS,FGP_25_29,FGA_35_39,FGM_30_34,FGA_15_19,FGA_LT_5,FGP_20_24,CATCH_SHOOT_EFG_PCT,CATCH_SHOOT_FGA,CATCH_SHOOT_FG3_PCT,CATCH_SHOOT_FG3A,CATCH_SHOOT_FG3M,CATCH_SHOOT_FGM,year,date,playoffs,GAME_ID,index,HTM,VTM,overall_def_PLAYER_NAME,overall_def_PLAYER_LAST_TEAM_ID,overall_def_PLAYER_LAST_TEAM_ABBREVIATION,overall_def_PLAYER_POSITION,overall_def_AGE,overall_def_GP,overall_def_G,overall_def_FREQ,overall_def_D_FGM,overall_def_D_FGA,overall_def_D_FG_PCT,overall_def_NORMAL_FG_PCT,overall_def_PCT_PLUSMINUS,three_pt_def_PLAYER_NAME,three_pt_def_PLAYER_LAST_TEAM_ID,three_pt_def_PLAYER_LAST_TEAM_ABBREVIATION,three_pt_def_PLAYER_POSITION,three_pt_def_AGE,three_pt_def_GP,three_pt_def_G,three_pt_def_FREQ,three_pt_def_FG3M,three_pt_def_FG3A,three_pt_def_FG3_PCT,three_pt_def_NS_FG3_PCT,three_pt_def_PLUSMINUS,two_pt_def_PLAYER_NAME,two_pt_def_PLAYER_LAST_TEAM_ID,two_pt_def_PLAYER_LAST_TEAM_ABBREVIATION,two_pt_def_PLAYER_POSITION,two_pt_def_AGE,two_pt_def_GP,two_pt_def_G,two_pt_def_FREQ,two_pt_def_FG2M,two_pt_def_FG2A,two_pt_def_FG2_PCT,two_pt_def_NS_FG2_PCT,two_pt_def_PLUSMINUS,less_6ft_def_PLAYER_NAME,less_6ft_def_PLAYER_LAST_TEAM_ID,less_6ft_def_PLAYER_LAST_TEAM_ABBREVIATION,less_6ft_def_PLAYER_POSITION,less_6ft_def_AGE,less_6ft_def_GP,less_6ft_def_G,less_6ft_def_FREQ,less_6ft_def_FGM_LT_06,less_6ft_def_FGA_LT_06,less_6ft_def_LT_06_PCT,less_6ft_def_NS_LT_06_PCT,less_6ft_def_PLUSMINUS,less_10ft_def_PLAYER_NAME,less_10ft_def_PLAYER_LAST_TEAM_ID,less_10ft_def_PLAYER_LAST_TEAM_ABBREVIATION,less_10ft_def_PLAYER_POSITION,less_10ft_def_AGE,less_10ft_def_GP,less_10ft_def_G,less_10ft_def_FREQ,less_10ft_def_FGM_LT_10,less_10ft_def_FGA_LT_10,less_10ft_def_LT_10_PCT,less_10ft_def_NS_LT_10_PCT,less_10ft_def_PLUSMINUS,more_15ft_def_PLAYER_NAME,more_15ft_def_PLAYER_LAST_TEAM_ID,more_15ft_def_PLAYER_LAST_TEAM_ABBREVIATION,more_15ft_def_PLAYER_POSITION,more_15ft_def_AGE,more_15ft_def_GP,more_15ft_def_G,more_15ft_def_FREQ,more_15ft_def_FGM_GT_15,more_15ft_def_FGA_GT_15,more_15ft_def_GT_15_PCT,more_15ft_def_NS_GT_15_PCT,more_15ft_def_PLUSMINUS,post_touch_PLAYER_NAME,post_touch_TEAM_ID,post_touch_TEAM_ABBREVIATION,post_touch_GP,post_touch_W,post_touch_L,post_touch_MIN,post_touch_TOUCHES,post_touch_POST_TOUCHES,post_touch_POST_TOUCH_FGM,post_touch_POST_TOUCH_FGA,post_touch_POST_TOUCH_FG_PCT,post_touch_POST_TOUCH_FTM,post_touch_POST_TOUCH_FTA,post_touch_POST_TOUCH_FT_PCT,post_touch_POST_TOUCH_PTS,post_touch_POST_TOUCH_PTS_PCT,post_touch_POST_TOUCH_PASSES,post_touch_POST_TOUCH_PASSES_PCT,post_touch_POST_TOUCH_AST,post_touch_POST_TOUCH_AST_PCT,post_touch_POST_TOUCH_TOV,post_touch_POST_TOUCH_TOV_PCT,post_touch_POST_TOUCH_FOULS,post_touch_POST_TOUCH_FOULS_PCT,speed_distance_PLAYER_NAME,speed_distance_TEAM_ID,speed_distance_TEAM_ABBREVIATION,speed_distance_GP,speed_distance_W,speed_distance_L,speed_distance_MIN,speed_distance_MIN1,speed_distance_DIST_FEET,speed_distance_DIST_MILES,speed_distance_DIST_MILES_OFF,speed_distance_DIST_MILES_DEF,speed_distance_AVG_SPEED,speed_distance_AVG_SPEED_OFF,speed_distance_AVG_SPEED_DEF,season
203083,Andre Drummond,Andre,1610612765,DET,21.0,1,1,0,1.0,26.366666666666667,5,10,0.5,0,0,0.0,1,2,0.5,3,7,10,0,1,0,2,1,2,3,11,-4,28.0,1,0,25.0,1,1,1,1,104,61,77,74,101,146,101,103,76,98,16,16,11,171,82,103,8,166,95,48,87,154,55,1,2,65,,225,72.82,-8.3,171,154,0.0,106.3,182,102,185,0.218,117,0.506,8.3,171,140,102,15,48,225,0.225,-3.1,106.3,67,87.38,231,61,121,0.0,0.318,114.6,90,8,0.0,0.227,0.5,0.136,111.3,154,85.49,10.0,74,114.4,100,76,185,114.6,8.4,77,-8.3,5.0,0.118,16,120,129,87.38,13.0,0.077,17.0,0.0,2.0,1.0,1.0,0.0,1.0,0.0,0.0,0.0,0.0,0.0,0.0,0.0,0.0,0.0,0.0,0.0,0.0,0.0,0.0,0.0,0.0,0.0,10.0,0.407,11.0,1.0,2.3,1.07,27.0,10.0,0.4,0.0,21.0,1.0,0.7,6.0,2.8,7.0,0.5,0.588,0.571,0.0,12.0,2.8,0.556,2.6,3.0,1.0,3.0,0.636,0.583,0.7,0.0,1.0,1.0,0.5,4.0,3.0,18.0,0.0,,1610612765.0,0.0,1.0,4.0,0.444,0.444,4.0,4.0,0.0,1.0,1.0,4.0,1.0,DET,,5.0,0.0,0.0,0.0,0.2,1.0,0.2,5.0,1.0,0.556,0.2,0.556,,,,,,,,,,,,,,,,,,,,,,,,,,,,,0,,,,0,0,0.0,0.0,0.0,0.0,0.6,0.5,4.0,0.333,7.0,1.0,0.0,0.0,4.0,0.0,0.25,0.0,0.0,0.0,0.0,0.0,0.0,0.0,0.0,0.667,0.0,4.0,6.0,0.0,0.0,0.0,0.0,0.0,0.0,-0.002,0.562,0.568,C,14.0,0.56,25.0,1.0,4.0,0.0,0.0,,,0.0,0.0,0.0,0.0,0.25,0.667,0.0,0.0,4.0,DET,0.0,0.0,0.0,0.0,0.0,0.0,0.0,0.0,,0.0,6.0,0.0,,0,,,,0,2015,20141107,False,21400076,,,,Andre Drummond,1610612765.0,DET,C,21.0,1.0,1.0,1.0,7.0,9.0,0.778,0.483,0.295,,,,,,,,,,,,,,Andre Drummond,1610612765.0,DET,C,21.0,1.0,1.0,1.0,7.0,9.0,0.778,0.501,0.277,Andre Drummond,1610612765.0,DET,C,21.0,1.0,1.0,0.556,4.0,5.0,0.8,0.59,0.21,Andre Drummond,1610612765.0,DET,C,21.0,1.0,1.0,0.667,5.0,6.0,0.833,0.542,0.291,Andre Drummond,1610612765.0,DET,C,21.0,1.0,1.0,0.222,1.0,2.0,0.5,0.405,0.095,Andre Drummond,1610612765,DET,1,1,0,26.4,27.0,10.0,2.0,6.0,0.333,0.0,0.0,0.0,4.0,0.4,1.0,0.1,0.0,0.0,0.0,0.0,0.0,0.0,Andre Drummond,1610612765,DET,1,1,0,26.37,26.37,8958.0,1.7,0.93,0.77,3.88,3.75,4.04,2014_15
201943,Brandon Jennings,Brandon,1610612765,DET,25.0,1,1,0,1.0,30.7,5,12,0.417,4,6,0.667,1,2,0.5,0,2,2,6,1,2,0,1,2,3,15,7,31.4,0,0,31.0,1,1,1,1,66,61,45,139,4,16,15,103,76,98,126,119,145,13,82,8,69,166,95,48,50,53,39,19,2,29,,138,78.18,8.0,38,87,6.0,114.8,137,49,138,0.194,92,0.582,5.0,37,70,49,157,61,137,0.199,10.5,114.8,42,93.81,142,61,95,30.0,0.08,106.8,78,187,0.286,0.038,0.583,0.0,116.8,87,93.19,12.0,105,106.3,75,105,138,106.8,5.0,45,8.0,5.0,0.13,126,2,89,93.81,66.0,0.121,74.0,0.091,15.0,1.0,8.0,1.0,16.0,0.111,0.0,1.0,0.0,2.0,0.0,0.111,5.0,9.0,1.0,0.0,0.556,0.0,0.0,0.0,0.0,0.0,0.0,0.183,15.0,2.0,5.78,6.11,82.0,1.0,0.0,1.0,27.0,7.9,2.0,1.0,7.5,0.0,0.0,0.5,0.0,0.0,5.0,7.5,0.333,0.0,2.0,2.0,2.0,0.667,0.4,0.0,0.0,2.0,0.0,0.0,0.0,0.0,6.0,,,,,,,,,,,,,,,,,,3.0,0.0,0.0,0.0,0.333,1.0,0.333,3.0,1.0,0.273,0.333,0.273,3.0,0.364,4.0,1.0,0.0,0.75,0.273,0.667,2.0,0.5,0.091,2.0,0.0,0.0,0.5,2.0,1.0,3.0,0.75,0.667,4.0,0.091,2.0,0.0,0.364,0.273,0.4,2.0,6,0.6,1.0,2.0,5,2,6.0,0.5,2.0,1.0,1.0,0.583,0.0,0.0,2.0,0.0,0.5,0.75,1.0,3.0,0.0,0.0,2.0,1.0,0.0,4.0,2.0,0.0,0.0,1.0,0.5,3.0,1.0,0.0,2.0,0.0,1.0,0.0,0.0,0.409,0.591,0.1,G,3.0,1.0,3.0,0.0,2.0,0.0,0.0,,,3.0,0.0,1.0,4.0,0.0,1.0,0.0,0.0,1.0,DET,1.0,0.0,0.0,0.0,2.0,0.0,0.75,0.0,,2.0,1.0,0.5,0.75,4,0.5,4.0,2.0,2,2015,20141107,False,21400076,,,,Brandon Jennings,1610612765.0,DET,G,25.0,1.0,1.0,1.0,4.0,5.0,0.8,0.449,0.351,Brandon Jennings,1610612765.0,DET,G,25.0,1.0,1.0,0.4,1.0,2.0,0.5,0.391,0.109,Brandon Jennings,1610612765.0,DET,G,25.0,1.0,1.0,0.6,3.0,3.0,1.0,0.473,0.527,Brandon Jennings,1610612765.0,DET,G,25.0,1.0,1.0,0.6,3.0,3.0,1.0,0.591,0.409,Brandon Jennings,1610612765.0,DET,G,25.0,1.0,1.0,0.6,3.0,3.0,1.0,0.534,0.466,Brandon Jennings,1610612765.0,DET,G,25.0,1.0,1.0,0.4,1.0,2.0,0.5,0.39,0.11,Brandon Jennings,1610612765,DET,1,1,0,30.7,82.0,0.0,0.0,0.0,0.0,0.0,0.0,0.0,0.0,0.0,0.0,0.0,0.0,0.0,0.0,0.0,0.0,0.0,Brandon Jennings,1610612765,DET,1,1,0,30.7,30.7,12219.0,2.31,1.34,0.98,4.5,4.58,4.4,2014_15
2406,Caron Butler,Caron,1610612765,DET,35.0,1,1,0,1.0,35.666666666666664,5,8,0.625,3,4,0.75,1,2,0.5,0,4,4,0,2,1,0,0,3,1,14,-4,19.8,0,0,23.0,1,1,1,1,31,61,96,43,11,40,13,103,76,98,126,53,89,171,41,32,69,1,152,133,59,154,110,19,2,80,,167,76.82,-7.4,171,150,0.0,102.9,157,131,166,0.143,185,0.788,18.2,171,146,131,104,69,167,0.15,-5.1,102.9,110,92.19,173,61,187,0.0,0.121,110.3,131,136,0.0,0.067,0.813,0.0,104.8,150,91.49,8.0,168,109.9,19,170,166,110.3,18.4,96,-7.4,5.0,0.084,126,120,27,92.19,45.0,0.022,30.0,0.0,1.0,0.0,1.0,1.0,0.0,0.25,2.0,1.0,0.0,2.0,0.5,0.0,1.0,4.0,0.0,0.0,0.25,0.0,0.5,0.0,0.0,1.0,0.0,0.237,14.0,1.0,2.02,0.73,59.0,1.0,0.0,2.0,36.0,2.0,0.0,2.0,2.9,3.0,0.0,0.364,0.75,0.0,11.0,2.9,0.308,0.0,1.0,2.0,1.0,0.444,0.364,0.75,0.0,2.0,0.0,0.0,3.0,0.0,13.0,0.0,,1610612765.0,0.0,1.0,1.0,0.125,0.125,0.0,1.0,0.0,0.0,0.0,0.0,0.0,DET,0.5,4.0,1.0,2.0,0.25,0.875,3.0,1.0,2.0,2.0,0.5,0.75,0.25,,,,,,,,,,,,,,0.0,0.667,2.0,1.0,2.0,1.0,1.0,3.0,0.125,2.0,0.0,0.375,0.25,0.667,1.0,5,0.833,1.0,1.0,3,2,6.0,0.667,2.0,1.0,0.0,0.813,0.0,0.0,0.0,0.0,1.0,0.667,1.0,2.0,0.0,1.0,2.0,0.0,0.0,3.0,1.0,1.0,1.0,1.0,0.0,1.0,1.0,0.0,0.0,1.0,1.0,0.0,0.5,-0.124,0.569,0.22,F,4.0,0.444,9.0,0.0,1.0,,0.0,,,2.0,,0.0,3.0,0.0,1.0,1.0,0.0,1.0,DET,1.0,0.0,0.5,0.0,1.0,0.0,0.667,,,2.0,1.0,1.0,1.0,3,0.667,3.0,2.0,2,2015,20141107,False,21400076,,,,Caron Butler,1610612765.0,DET,F,35.0,1.0,1.0,1.0,4.0,8.0,0.5,0.477,0.023,Caron Butler,1610612765.0,DET,F,35.0,1.0,1.0,0.125,1.0,1.0,1.0,0.402,0.598,Caron Butler,1610612765.0,DET,F,35.0,1.0,1.0,0.875,3.0,7.0,0.429,0.501,-0.073,Caron Butler,1610612765.0,DET,F,35.0,1.0,1.0,0.375,1.0,3.0,0.333,0.632,-0.299,Caron Butler,1610612765.0,DET,F,35.0,1.0,1.0,0.5,1.0,4.0,0.25,0.56,-0.31,Caron Butler,1610612765.0,DET,F,35.0,1.0,1.0,0.375,3.0,3.0,1.0,0.409,0.591,Caron Butler,1610612765,DET,1,1,0,35.7,59.0,0.0,0.0,0.0,0.0,0.0,0.0,0.0,0.0,0.0,0.0,0.0,0.0,0.0,0.0,0.0,0.0,0.0,Caron Butler,1610612765,DET,1,1,0,35.67,35.67,12505.0,2.37,1.35,1.02,4.04,4.14,3.58,2014_15
101141,Ersan Ilyasova,Ersan,1610612749,MIL,28.0,1,0,1,0.0,20.83333333333333,4,9,0.444,0,3,0.0,0,0,0.0,1,2,3,1,0,0,0,0,1,4,8,-5,13.1,0,0,12.0,1,122,122,122,139,88,85,124,101,68,101,132,138,132,61,119,111,109,159,103,69,1,42,31,116,167,154,19,2,154,,169,76.8,-12.5,134,172,0.0,102.5,183,134,192,0.214,1,0.444,0.0,136,171,134,133,40,169,0.216,-11.1,102.5,123,92.16,164,88,1,10.0,0.1,115.0,142,103,0.071,0.086,0.444,0.067,103.4,172,91.93,9.0,87,114.5,141,84,192,115.0,0.0,85,-12.5,4.0,0.075,52,120,162,92.16,19.0,0.053,21.0,0.053,2.0,0.0,1.0,0.0,3.0,0.0,0.0,0.0,0.0,0.0,0.0,0.0,0.0,0.0,0.0,0.0,0.0,0.0,0.0,0.0,0.0,0.0,0.0,0.267,8.0,3.0,1.26,0.37,30.0,2.0,0.0,1.333,20.0,0.6,2.0,1.0,8.2,3.0,1.0,0.6,1.0,0.0,4.0,10.3,0.6,4.0,0.0,0.0,0.0,0.5,0.5,1.0,0.0,0.0,1.0,1.0,2.0,1.0,5.0,,,,,,,,,,,,,,,,,0.0,3.0,0.0,1.0,0.111,0.667,2.0,1.0,2.0,2.0,0.333,0.667,0.222,1.0,0.556,5.0,4.0,2.0,0.4,0.111,0.0,0.0,0.4,0.444,2.0,0.5,,0.0,0.0,0.0,1.0,0.0,0.0,1.0,0.0,0.0,0.0,0.111,0.111,0.0,0.0,0,0.0,0.0,1.0,2,0,2.0,0.25,4.0,0.667,1.0,0.444,0.0,0.0,4.0,0.0,0.0,0.0,3.0,0.0,0.0,0.0,3.0,0.0,0.0,2.0,1.0,0.0,1.0,1.0,0.0,0.0,3.0,0.0,0.0,1.0,0.0,0.0,0.333,-0.011,0.583,0.438,F,8.0,0.571,14.0,0.0,0.0,0.0,0.0,,,0.0,0.0,0.0,2.0,0.0,1.0,1.0,0.0,3.0,MIL,0.0,0.0,0.333,0.0,1.0,0.0,0.0,0.0,,3.0,3.0,0.0,0.25,4,0.0,2.0,0.0,1,2015,20141107,False,21400076,,,,Ersan Ilyasova,1610612749.0,MIL,F,28.0,1.0,1.0,1.0,3.0,8.0,0.375,0.452,-0.077,,,,,,,,,,,,,,Ersan Ilyasova,1610612749.0,MIL,F,28.0,1.0,1.0,1.0,3.0,8.0,0.375,0.471,-0.096,Ersan Ilyasova,1610612749.0,MIL,F,28.0,1.0,1.0,0.625,2.0,5.0,0.4,0.562,-0.162,Ersan Ilyasova,1610612749.0,MIL,F,28.0,1.0,1.0,1.0,3.0,8.0,0.375,0.498,-0.123,,,,,,,,,,,,,,Ersan Ilyasova,1610612749,MIL,1,0,1,20.8,30.0,0.0,0.0,0.0,0.0,0.0,0.0,0.0,0.0,0.0,0.0,0.0,0.0,0.0,0.0,0.0,0.0,0.0,Ersan Ilyasova,1610612749,MIL,1,0,1,20.83,20.83,6832.0,1.29,0.65,0.65,3.75,3.81,3.18,2014_15
203507,Giannis Antetokounmpo,Giannis,1610612749,MIL,20.0,1,0,1,0.0,27.166666666666668,3,8,0.375,0,0,0.0,3,4,0.75,0,5,5,1,1,0,0,2,0,3,9,2,15.5,0,0,15.0,1,122,122,122,97,114,96,156,101,146,101,41,37,66,126,39,62,109,82,103,69,227,1,48,108,88,140,19,2,137,,192,75.83,5.9,145,99,1.0,105.9,88,104,79,0.186,117,0.461,8.3,139,95,104,36,51,192,0.184,5.7,105.9,109,90.99,170,114,123,8.3,0.227,100.0,115,79,0.067,0.102,0.375,0.0,104.9,99,91.77,8.0,123,99.2,167,115,79,100.0,8.5,96,5.9,3.0,0.099,126,57,157,90.99,24.0,0.042,23.0,0.042,3.0,0.0,1.0,0.0,2.0,0.0,6.0,0.0,0.0,5.0,0.857,0.0,1.0,7.0,0.0,0.0,0.143,0.0,0.6,0.0,0.0,3.0,0.0,0.231,9.0,2.0,2.31,1.44,39.0,1.0,0.0,1.0,21.0,1.5,0.0,3.0,5.9,1.0,0.0,0.556,0.2,0.0,7.0,5.9,0.5,0.0,4.0,1.0,4.0,0.833,0.714,0.2,0.0,1.0,0.0,0.0,1.0,0.0,10.0,0.0,,1610612749.0,0.0,1.0,2.0,0.333,0.333,1.0,2.0,0.0,0.5,0.5,1.0,0.5,MIL,,3.0,0.0,0.0,0.0,0.333,1.0,0.333,3.0,1.0,0.5,0.333,0.5,0.0,0.167,1.0,1.0,1.0,1.0,0.0,,0.0,1.0,0.167,1.0,1.0,,,,,,,,,,,,,,0.0,,0,0.0,,,1,0,0.0,0.0,2.0,0.5,0.0,0.375,0.0,0.0,0.0,0.0,0.0,0.0,3.0,0.0,0.0,0.0,1.0,0.0,0.0,0.0,0.0,0.0,0.0,0.5,0.0,1.0,6.0,0.0,0.0,0.0,0.0,0.0,0.0,0.017,0.566,0.286,F,7.0,0.583,12.0,0.0,0.0,,0.0,,,0.0,,1.0,0.0,0.0,0.5,0.0,0.0,3.0,MIL,0.0,0.0,0.0,0.0,0.0,0.0,0.0,,,1.0,6.0,0.0,,0,,,,0,2015,20141107,False,21400076,,,,Giannis Antetokounmpo,1610612749.0,MIL,F,20.0,1.0,1.0,1.0,6.0,11.0,0.545,0.435,0.111,Giannis Antetokounmpo,1610612749.0,MIL,F,20.0,1.0,1.0,0.364,1.0,4.0,0.25,0.351,-0.101,Giannis Antetokounmpo,1610612749.0,MIL,F,20.0,1.0,1.0,0.636,5.0,7.0,0.714,0.471,0.243,Giannis Antetokounmpo,1610612749.0,MIL,F,20.0,1.0,1.0,0.455,4.0,5.0,0.8,0.577,0.223,Giannis Antetokounmpo,1610612749.0,MIL,F,20.0,1.0,1.0,0.455,4.0,5.0,0.8,0.509,0.291,Giannis Antetokounmpo,1610612749.0,MIL,F,20.0,1.0,1.0,0.545,2.0,6.0,0.333,0.345,-0.012,Giannis Antetokounmpo,1610612749,MIL,1,0,1,27.2,39.0,0.0,0.0,0.0,0.0,0.0,0.0,0.0,0.0,0.0,0.0,0.0,0.0,0.0,0.0,0.0,0.0,0.0,Giannis Antetokounmpo,1610612749,MIL,1,0,1,27.17,27.17,9417.0,1.78,0.84,0.94,3.99,3.86,3.68,2014_15
202328,Greg Monroe,Greg,1610612765,DET,25.0,1,1,0,1.0,26.3,5,8,0.625,0,0,0.0,0,0,0.0,4,3,7,3,4,0,0,1,4,1,10,13,18.9,0,0,20.0,1,1,1,1,105,61,96,43,101,146,101,132,138,132,8,75,34,49,11,103,69,166,199,133,97,23,114,19,2,96,,133,78.33,23.3,72,35,0.75,113.5,46,55,37,0.185,221,0.625,26.7,69,40,55,84,52,133,0.189,20.5,113.5,62,93.99,132,61,221,20.0,0.143,90.2,128,38,0.188,0.143,0.625,0.143,112.2,35,93.77,8.0,118,91.7,58,120,37,90.2,26.7,96,23.3,5.0,0.088,10,93,71,93.99,26.0,0.154,29.0,0.115,5.0,1.0,4.0,0.0,8.0,0.0,6.0,0.0,0.0,3.0,1.2,0.0,1.0,5.0,0.0,0.0,0.2,0.0,1.0,0.0,0.0,3.0,9.0,0.244,10.0,1.0,2.08,0.71,41.0,8.0,0.0,2.0,32.0,1.4,0.5,6.0,3.8,5.0,0.667,0.7,0.333,0.0,6.0,4.5,0.583,3.3,2.0,2.0,2.0,0.75,0.5,0.714,0.0,2.0,1.0,0.667,1.0,4.0,12.0,0.0,,1610612765.0,0.0,1.0,5.0,0.714,0.714,3.0,5.0,0.0,0.6,0.6,3.0,0.6,DET,,,,,,,,,,,,,,0.0,0.286,2.0,2.0,2.0,1.0,0.0,,0.0,1.0,0.286,2.0,1.0,,,,,,,,,,,,,,,,0,,,,0,0,0.0,0.0,2.0,1.0,0.5,0.625,0.0,0.0,4.0,1.0,0.0,0.0,4.0,0.0,0.5,0.0,0.0,0.0,0.0,0.0,0.0,0.0,0.0,0.667,0.0,2.0,6.0,0.0,0.0,0.0,0.0,0.0,0.0,0.174,0.54,0.438,F-C,10.0,0.714,14.0,1.0,1.0,0.0,0.0,,,0.0,0.0,0.0,0.0,1.0,0.571,0.0,0.0,4.0,DET,0.0,0.0,0.0,0.0,0.0,0.0,0.0,0.0,,0.0,7.0,0.0,,0,,,,0,2015,20141107,False,21400076,,,,Greg Monroe,1610612765.0,DET,F-C,25.0,1.0,1.0,1.0,1.0,5.0,0.2,0.458,-0.258,Greg Monroe,1610612765.0,DET,F-C,25.0,1.0,1.0,0.6,0.0,3.0,0.0,0.354,-0.354,Greg Monroe,1610612765.0,DET,F-C,25.0,1.0,1.0,0.4,1.0,2.0,0.5,0.508,-0.008,Greg Monroe,1610612765.0,DET,F-C,25.0,1.0,1.0,0.4,1.0,2.0,0.5,0.632,-0.132,Greg Monroe,1610612765.0,DET,F-C,25.0,1.0,1.0,0.4,1.0,2.0,0.5,0.559,-0.059,Greg Monroe,1610612765.0,DET,F-C,25.0,1.0,1.0,0.6,0.0,3.0,0.0,0.4,-0.4,Greg Monroe,1610612765,DET,1,1,0,26.3,41.0,9.0,0.0,1.0,0.0,0.0,0.0,0.0,0.0,0.0,2.0,0.222,2.0,0.222,3.0,0.333,0.0,0.0,Greg Monroe,1610612765,DET,1,1,0,26.3,26.3,8806.0,1.67,0.93,0.74,3.89,3.67,3.64,2014_15
203953,Jabari Parker,Jabari,1610612749,MIL,20.0,1,0,1,0.0,28.03333333333333,8,14,0.571,0,2,0.0,2,4,0.5,2,3,5,1,4,3,0,0,1,4,18,-7,30.5,0,0,30.0,1,122,122,122,86,11,30,56,101,88,101,62,37,98,30,75,62,109,11,2,69,1,42,31,27,186,46,19,2,32,,87,80.62,-10.5,166,166,0.25,101.8,191,140,173,0.323,189,0.571,19.0,139,173,140,126,56,87,0.328,-11.5,101.8,108,96.74,134,11,191,4.8,0.107,112.3,77,89,0.067,0.096,0.571,0.083,105.0,166,93.49,14.0,12,116.5,78,12,173,112.3,19.3,30,-10.5,8.0,0.131,40,114,97,96.74,32.0,0.094,33.0,0.031,3.0,1.0,3.0,1.0,3.0,0.167,5.0,1.0,1.0,3.0,0.833,0.0,1.0,6.0,0.0,2.0,0.167,0.167,0.667,1.0,0.5,2.0,3.0,0.327,18.0,3.0,1.97,1.02,55.0,6.0,0.333,0.0,35.0,1.8,0.333,3.0,4.6,4.0,0.667,0.556,0.667,0.0,8.0,5.7,0.455,2.4,2.0,2.0,2.0,0.5,0.375,0.8,0.0,2.0,1.0,0.667,2.0,2.0,11.0,0.0,,1610612749.0,0.0,1.0,4.0,0.286,0.286,2.0,4.0,0.0,0.5,0.5,2.0,0.5,MIL,,6.0,0.0,0.0,0.0,0.667,4.0,0.667,6.0,4.0,0.429,0.667,0.429,1.0,0.143,2.0,1.0,1.0,0.5,0.071,0.0,0.0,0.5,0.071,1.0,1.0,1.0,0.5,0.0,1.0,1.0,0.5,0.0,2.0,0.071,1.0,1.0,0.143,0.071,0.5,0.0,4,0.5,,0.0,4,2,0.0,0.0,0.0,0.0,0.333,0.571,1.0,0.0,2.0,0.0,0.0,0.0,6.0,0.0,0.0,0.0,4.0,0.0,0.0,1.0,1.0,0.0,1.0,0.857,0.0,1.0,7.0,0.0,0.0,2.0,0.0,0.0,0.5,0.065,0.567,0.328,F,12.0,0.632,19.0,0.0,1.0,0.0,0.0,,,0.0,0.0,0.0,1.0,0.0,0.857,2.0,0.0,6.0,MIL,0.0,0.0,0.5,0.0,1.0,0.0,0.0,0.0,,4.0,7.0,0.0,0.0,2,0.0,2.0,0.0,0,2015,20141107,False,21400076,,,,Jabari Parker,1610612749.0,MIL,F,20.0,1.0,1.0,1.0,6.0,9.0,0.667,0.411,0.256,Jabari Parker,1610612749.0,MIL,F,20.0,1.0,1.0,0.444,3.0,4.0,0.75,0.359,0.392,Jabari Parker,1610612749.0,MIL,F,20.0,1.0,1.0,0.556,3.0,5.0,0.6,0.444,0.156,Jabari Parker,1610612749.0,MIL,F,20.0,1.0,1.0,0.111,1.0,1.0,1.0,0.546,0.454,Jabari Parker,1610612749.0,MIL,F,20.0,1.0,1.0,0.111,1.0,1.0,1.0,0.489,0.511,Jabari Parker,1610612749.0,MIL,F,20.0,1.0,1.0,0.778,5.0,7.0,0.714,0.37,0.345,Jabari Parker,1610612749,MIL,1,0,1,28.0,55.0,3.0,0.0,0.0,0.0,1.0,2.0,0.5,1.0,0.333,1.0,0.333,0.0,0.0,1.0,0.333,1.0,0.333,Jabari Parker,1610612749,MIL,1,0,1,28.03,28.03,11073.0,2.1,1.05,1.05,4.52,4.79,4.3,2014_15
201162,Jared Dudley,Jared,1610612749,MIL,29.0,1,0,1,0.0,19.966666666666665,3,4,0.75,2,3,0.667,1,2,0.5,0,1,1,0,1,0,0,0,2,1,9,4,9.2,0,0,12.0,1,122,122,122,146,114,158,15,25,68,15,103,76,98,126,162,175,171,82,103,69,1,95,133,108,74,179,19,2,154,,237,71.12,8.4,171,82,0.0,105.6,41,107,68,0.15,174,0.922,16.7,171,59,107,165,36,237,0.148,12.8,105.6,126,85.34,205,114,180,0.0,0.071,97.1,125,199,0.0,0.031,1.0,0.0,103.1,82,89.53,4.0,170,90.3,4,166,68,97.1,17.0,158,8.4,3.0,0.092,126,120,12,85.34,21.0,0.0,15.0,0.0,3.0,0.0,0.0,0.0,0.0,0.0,0.0,0.0,0.0,0.0,0.0,0.0,1.0,1.0,0.0,0.0,1.0,0.0,0.0,0.0,0.0,0.0,0.0,0.346,9.0,0.0,1.11,0.08,26.0,2.0,0.0,0.0,17.0,0.5,0.5,1.0,7.9,0.0,0.0,0.333,0.0,0.0,2.0,7.9,0.333,0.0,1.0,0.0,1.0,0.5,0.5,0.0,0.0,0.0,0.0,0.0,0.0,0.0,3.0,,,,,,,,,,,,,,,,,,1.0,0.0,0.0,0.0,1.0,1.0,1.0,1.0,1.0,0.25,1.0,0.25,1.0,0.25,1.0,0.0,0.0,1.5,0.25,1.0,1.0,1.0,0.0,1.0,,,0.5,1.0,0.0,2.0,0.75,0.5,2.0,0.0,1.0,0.0,0.5,0.5,,0.0,0,,,0.0,0,0,8.0,0.75,0.0,0.0,0.0,1.0,0.0,0.0,1.0,0.0,1.0,0.5,0.0,1.0,0.0,1.0,1.0,0.0,0.0,2.0,1.0,1.0,1.0,0.0,0.0,0.0,0.0,0.0,0.0,1.0,1.0,0.0,1.0,-0.059,0.559,0.25,F-G,4.0,0.5,8.0,0.0,0.0,,0.0,,,2.0,,0.0,3.0,0.0,0.0,0.0,0.0,0.0,MIL,1.0,0.0,0.0,0.0,1.0,0.0,0.667,,,0.0,0.0,1.0,1.0,4,0.667,3.0,2.0,3,2015,20141107,False,21400076,,,,Jared Dudley,1610612749.0,MIL,F-G,29.0,1.0,1.0,1.0,3.0,4.0,0.75,0.402,0.348,Jared Dudley,1610612749.0,MIL,F-G,29.0,1.0,1.0,0.5,1.0,2.0,0.5,0.379,0.121,Jared Dudley,1610612749.0,MIL,F-G,29.0,1.0,1.0,0.5,2.0,2.0,1.0,0.406,0.594,Jared Dudley,1610612749.0,MIL,F-G,29.0,1.0,1.0,0.5,2.0,2.0,1.0,0.491,0.51,Jared Dudley,1610612749.0,MIL,F-G,29.0,1.0,1.0,0.5,2.0,2.0,1.0,0.446,0.555,Jared Dudley,1610612749.0,MIL,F-G,29.0,1.0,1.0,0.5,1.0,2.0,0.5,0.398,0.102,Jared Dudley,1610612749,MIL,1,0,1,20.0,26.0,0.0,0.0,0.0,0.0,0.0,0.0,0.0,0.0,0.0,0.0,0.0,0.0,0.0,0.0,0.0,0.0,0.0,Jared Dudley,1610612749,MIL,1,0,1,19.97,19.97,7189.0,1.36,0.68,0.68,4.22,4.52,3.94,2014_15
201573,Jerryd Bayless,Jerryd,1610612749,MIL,26.0,1,0,1,0.0,21.616666666666667,3,7,0.429,0,3,0.0,2,2,1.0,0,3,3,4,0,0,0,1,2,2,8,-6,17.6,0,0,15.0,1,122,122,122,134,114,110,127,101,68,101,62,76,1,126,75,111,32,159,103,69,166,95,86,116,178,124,19,2,137,,188,75.87,-9.5,21,162,0.0,100.0,168,144,160,0.17,1,0.508,0.0,17,177,144,62,40,188,0.168,-13.8,100.0,158,91.04,179,114,1,33.3,0.188,109.5,76,112,0.364,0.081,0.429,0.0,97.9,162,91.04,7.0,145,111.8,145,138,160,109.5,0.0,110,-9.5,3.0,0.132,126,120,126,91.04,38.0,0.105,42.0,0.105,6.0,0.0,4.0,0.0,10.0,0.0,4.0,0.0,1.0,1.0,0.571,0.0,5.0,7.0,0.0,2.0,0.714,0.143,1.0,2.0,1.0,1.0,3.0,0.17,8.0,0.0,4.88,4.49,47.0,2.0,0.667,0.0,21.0,3.8,1.0,1.0,7.3,0.0,0.0,0.75,0.0,0.0,3.0,7.3,0.75,0.0,3.0,0.0,3.0,1.0,1.0,0.0,0.0,0.0,0.0,0.0,0.0,0.0,4.0,0.0,,1610612749.0,0.0,1.0,2.0,0.333,0.333,2.0,2.0,0.0,1.0,1.0,2.0,1.0,MIL,,,,,,,,,,,,,,2.0,0.667,4.0,2.0,1.0,0.25,0.333,0.0,0.0,0.25,0.333,1.0,0.5,,,,,,,,,,,,,,1.0,0.0,2,1.0,,0.0,1,1,0.0,0.0,0.0,0.0,1.0,0.429,2.0,1.0,2.0,1.0,0.0,0.0,2.0,0.0,1.0,0.0,1.0,0.0,0.0,1.0,2.0,0.0,0.0,1.0,0.0,1.0,2.0,0.0,2.0,0.0,0.0,0.0,0.0,0.305,0.584,0.31,G,8.0,0.889,9.0,1.0,1.0,,0.0,,,0.0,,0.0,1.0,1.0,1.0,0.0,0.0,2.0,MIL,0.0,0.0,0.0,0.0,3.0,0.0,0.0,,,0.0,2.0,0.0,0.0,3,0.0,2.0,0.0,0,2015,20141107,False,21400076,,,,Jerryd Bayless,1610612749.0,MIL,G,26.0,1.0,1.0,1.0,2.0,4.0,0.5,0.401,0.1,Jerryd Bayless,1610612749.0,MIL,G,26.0,1.0,1.0,0.5,1.0,2.0,0.5,0.349,0.152,Jerryd Bayless,1610612749.0,MIL,G,26.0,1.0,1.0,0.5,1.0,2.0,0.5,0.439,0.062,Jerryd Bayless,1610612749.0,MIL,G,26.0,1.0,1.0,0.25,1.0,1.0,1.0,0.568,0.432,Jerryd Bayless,1610612749.0,MIL,G,26.0,1.0,1.0,0.25,1.0,1.0,1.0,0.51,0.49,Jerryd Bayless,1610612749.0,MIL,G,26.0,1.0,1.0,0.75,1.0,3.0,0.333,0.359,-0.025,Jerryd Bayless,1610612749,MIL,1,0,1,21.6,47.0,3.0,1.0,1.0,1.0,0.0,0.0,0.0,2.0,0.667,1.0,0.333,1.0,0.333,0.0,0.0,0.0,0.0,Jerryd Bayless,1610612749,MIL,1,0,1,21.62,21.62,8162.0,1.55,0.75,0.8,4.17,4.33,4.04,2014_15
201202,Joel Anthony,Joel,1610612765,DET,32.0,1,1,0,1.0,7.05,0,0,0.0,0,0,0.0,0,0,0.0,0,1,1,0,0,0,1,0,2,0,0,0,4.2,0,0,3.0,1,1,1,1,214,206,229,206,101,146,101,132,138,132,126,162,175,171,159,103,24,1,95,183,215,107,212,19,2,215,,23,85.11,0.0,171,119,0.0,73.3,13,224,17,0.0,1,0.0,0.0,171,144,224,118,15,23,0.0,-4.7,73.3,228,102.13,16,206,1,0.0,0.111,73.3,231,130,0.0,0.071,0.0,0.0,69.8,119,103.9,0.0,234,74.5,206,234,17,73.3,0.0,229,0.0,0.0,-0.067,126,120,215,102.13,3.0,0.0,2.0,0.0,0.0,0.0,0.0,0.0,0.0,0.0,0.0,0.0,0.0,0.0,0.0,0.0,0.0,0.0,0.0,0.0,0.0,0.0,0.0,0.0,0.0,0.0,0.0,0.0,0.0,2.0,3.01,0.33,3.0,1.0,0.0,0.0,2.0,0.2,0.0,0.0,3.8,0.0,0.0,0.0,0.0,0.0,0.0,3.8,0.0,0.0,1.0,0.0,1.0,0.0,0.0,0.0,0.0,0.0,0.0,0.0,0.0,0.0,0.0,,,,,,,,,,,,,,,,,,,,,,,,,,,,,,,,,,,,,,,,,,,,,,,,,,,,,,,,,,0,,,,0,0,0.0,0.0,0.0,0.0,0.0,0.0,0.0,0.0,0.0,0.0,0.0,0.0,0.0,0.0,0.0,0.0,0.0,,0.0,0.0,0.0,0.0,0.0,0.0,,0.0,0.0,0.0,,0.0,0.0,0.0,0.0,0.099,0.568,0.5,C,6.0,0.667,9.0,0.0,0.0,,0.0,,,0.0,,0.0,0.0,0.0,0.0,0.0,0.0,0.0,DET,0.0,0.0,0.0,0.0,0.0,0.0,0.0,,,0.0,0.0,0.0,,0,,,,0,2015,20141107,False,21400076,,,,Joel Anthony,1610612765.0,DET,C,32.0,1.0,1.0,1.0,1.0,5.0,0.2,0.497,-0.297,Joel Anthony,1610612765.0,DET,C,32.0,1.0,1.0,0.2,0.0,1.0,0.0,0.387,-0.387,Joel Anthony,1610612765.0,DET,C,32.0,1.0,1.0,0.8,1.0,4.0,0.25,0.522,-0.272,Joel Anthony,1610612765.0,DET,C,32.0,1.0,1.0,0.4,1.0,2.0,0.5,0.594,-0.094,Joel Anthony,1610612765.0,DET,C,32.0,1.0,1.0,0.4,1.0,2.0,0.5,0.549,-0.049,Joel Anthony,1610612765.0,DET,C,32.0,1.0,1.0,0.4,0.0,2.0,0.0,0.337,-0.337,Joel Anthony,1610612765,DET,1,1,0,7.1,3.0,0.0,0.0,0.0,0.0,0.0,0.0,0.0,0.0,0.0,0.0,0.0,0.0,0.0,0.0,0.0,0.0,0.0,Joel Anthony,1610612765,DET,1,1,0,7.05,7.05,2693.0,0.51,0.26,0.25,4.26,5.53,4.77,2014_15
203089,John Henson,John,1610612749,MIL,24.0,1,0,1,0.0,6.416666666666667,1,3,0.333,0,0,0.0,2,2,1.0,1,0,1,0,0,0,1,0,1,1,4,4,8.2,0,0,7.0,1,122,122,122,216,177,184,166,101,146,101,62,76,1,61,210,175,171,159,103,24,1,42,133,170,74,187,19,2,192,,29,84.16,34.6,171,11,0.0,84.6,7,204,7,0.267,1,0.515,0.0,171,8,204,210,13,29,0.265,36.6,84.6,205,100.99,47,177,1,0.0,0.0,50.0,3,121,0.0,0.077,0.333,0.111,87.0,11,99.19,3.0,37,50.4,181,32,7,50.0,0.0,184,34.6,1.0,0.667,27,120,119,100.99,8.0,0.0,7.0,0.0,0.0,0.0,0.0,0.0,0.0,0.0,0.0,0.0,0.0,0.0,0.0,0.0,0.0,0.0,0.0,0.0,0.0,0.0,0.0,0.0,0.0,0.0,0.0,0.333,4.0,2.0,1.1,0.08,12.0,4.0,0.0,0.0,8.0,0.2,1.0,2.0,0.7,1.0,0.5,0.5,0.0,0.0,0.0,0.0,0.5,0.7,0.0,0.0,0.0,0.0,0.0,1.0,0.0,0.0,1.0,0.5,0.0,1.0,2.0,0.0,,1610612749.0,0.0,1.0,1.0,0.333,0.333,0.0,1.0,0.0,0.0,0.0,0.0,0.0,MIL,,2.0,0.0,0.0,0.0,0.5,1.0,0.5,2.0,1.0,0.667,0.5,0.667,,,,,,,,,,,,,,,,,,,,,,,,,,,0.0,,0,0.0,,,1,0,0.0,0.0,0.0,0.0,0.333,0.333,0.0,0.0,4.0,0.0,,0.0,1.0,0.0,0.0,,1.0,,0.0,0.0,,,,0.5,,0.0,2.0,0.0,,0.0,,0.0,0.0,0.1,0.547,0.486,C-F,11.0,0.647,17.0,0.0,0.0,,0.0,,,0.0,,1.0,0.0,0.0,0.5,0.0,0.0,1.0,MIL,0.0,0.0,0.0,0.0,0.0,0.0,0.0,,,0.0,2.0,0.0,,0,,,,0,2015,20141107,False,21400076,,,,John Henson,1610612749.0,MIL,C-F,24.0,1.0,1.0,1.0,1.0,2.0,0.5,0.514,-0.014,,,,,,,,,,,,,,John Henson,1610612749.0,MIL,C-F,24.0,1.0,1.0,1.0,1.0,2.0,0.5,0.515,-0.015,John Henson,1610612749.0,MIL,C-F,24.0,1.0,1.0,0.5,1.0,1.0,1.0,0.577,0.423,John Henson,1610612749.0,MIL,C-F,24.0,1.0,1.0,1.0,1.0,2.0,0.5,0.523,-0.023,,,,,,,,,,,,,,John Henson,1610612749,MIL,1,0,1,6.4,12.0,0.0,0.0,0.0,0.0,0.0,0.0,0.0,0.0,0.0,0.0,0.0,0.0,0.0,0.0,0.0,0.0,0.0,John Henson,1610612749,MIL,1,0,1,6.42,6.42,2430.0,0.46,0.24,0.22,4.69,3.6,3.93,2014_15
203088,Kendall Marshall,Kendall,1610612749,MIL,23.0,1,0,1,0.0,21.266666666666666,1,4,0.25,1,3,0.333,0,0,0.0,0,1,1,4,0,1,0,0,1,1,3,-1,13.2,0,0,11.0,1,122,122,122,136,177,158,186,49,68,58,132,138,132,126,162,175,32,159,32,69,1,42,133,188,128,152,19,2,161,,161,77.12,-2.4,3,131,0.0,112.2,199,62,188,0.093,1,0.375,0.0,52,136,62,205,41,161,0.096,-2.5,112.2,44,92.54,213,177,1,50.0,0.043,114.6,161,209,0.222,0.026,0.375,0.0,116.4,131,89.2,4.0,220,118.9,167,220,188,114.6,0.0,158,-2.4,1.0,0.058,126,120,186,92.54,30.0,0.167,33.0,0.133,7.0,0.0,5.0,1.0,8.0,0.0,0.0,0.0,0.0,1.0,0.0,0.0,3.0,4.0,0.0,0.0,0.75,0.0,0.0,0.0,0.0,0.0,0.0,0.086,3.0,0.0,3.6,3.43,35.0,0.0,0.0,0.0,17.0,2.1,0.0,3.0,10.4,0.0,0.0,0.2,0.0,0.0,2.0,10.4,0.2,0.0,1.0,0.0,1.0,0.5,0.5,0.0,0.0,0.0,0.0,0.0,0.0,0.0,5.0,,,,,,,,,,,,,,,,,,1.0,0.0,0.0,0.0,0.0,0.0,0.0,1.0,0.0,0.25,0.0,0.25,2.0,0.5,2.0,0.0,0.0,0.75,0.5,0.5,1.0,0.5,0.0,1.0,,,0.0,0.0,0.0,1.0,0.0,0.0,1.0,0.0,0.0,0.0,0.25,0.25,,0.0,0,,,0.0,0,0,3.0,0.333,0.0,0.0,0.0,0.375,0.0,0.0,0.0,0.0,0.0,0.333,0.0,1.0,0.0,0.0,0.0,0.0,0.0,3.0,0.0,0.0,0.0,0.0,0.0,0.0,1.0,0.0,0.0,0.0,0.0,0.0,0.0,-0.696,0.696,0.083,G,0.0,0.0,1.0,0.0,0.0,0.0,0.0,,,1.0,0.0,0.0,3.0,0.0,0.0,0.0,0.0,0.0,MIL,0.0,0.0,0.0,0.0,0.0,0.0,0.333,0.0,,0.0,1.0,0.0,0.5,3,0.333,3.0,1.0,1,2015,20141107,False,21400076,,,,Kendall Marshall,1610612749.0,MIL,G,23.0,1.0,1.0,1.0,5.0,8.0,0.625,0.401,0.224,Kendall Marshall,1610612749.0,MIL,G,23.0,1.0,1.0,0.75,4.0,6.0,0.667,0.353,0.314,Kendall Marshall,1610612749.0,MIL,G,23.0,1.0,1.0,0.25,1.0,2.0,0.5,0.449,0.051,,,,,,,,,,,,,,,,,,,,,,,,,,,Kendall Marshall,1610612749.0,MIL,G,23.0,1.0,1.0,1.0,5.0,8.0,0.625,0.358,0.268,Kendall Marshall,1610612749,MIL,1,0,1,21.3,35.0,0.0,0.0,0.0,0.0,0.0,0.0,0.0,0.0,0.0,0.0,0.0,0.0,0.0,0.0,0.0,0.0,0.0,Kendall Marshall,1610612749,MIL,1,0,1,21.27,21.27,8100.0,1.53,0.75,0.78,4.25,5.18,4.05,2014_15
203484,Kentavious Caldwell-Pope,Kentavious,1610612765,DET,22.0,1,1,0,1.0,30.366666666666667,7,11,0.636,3,5,0.6,2,2,1.0,0,5,5,0,1,0,0,0,3,1,19,5,24.0,0,0,27.0,1,1,1,1,68,18,58,41,11,27,26,62,76,1,126,39,62,171,82,103,69,1,152,133,24,64,75,19,2,55,,109,79.69,6.5,171,95,0.0,108.2,112,93,104,0.178,110,0.8,7.7,171,89,93,50,61,109,0.181,6.7,108.2,79,95.63,127,18,114,0.0,0.2,101.7,52,97,0.0,0.091,0.773,0.0,109.8,94,94.27,11.0,127,103.1,25,127,104,101.7,7.8,58,6.5,7.0,0.158,126,120,25,95.63,21.0,0.0,27.0,0.0,1.0,0.0,0.0,0.0,0.0,0.0,2.0,0.0,0.0,2.0,1.0,0.0,0.0,2.0,0.0,0.0,0.0,0.0,0.5,0.0,0.0,1.0,1.0,0.543,19.0,6.0,2.14,1.49,35.0,1.0,0.0,1.333,26.0,1.2,2.0,0.0,10.5,0.0,0.0,1.0,0.0,0.0,5.0,10.5,1.0,0.0,5.0,0.0,5.0,1.0,1.0,0.0,0.0,0.0,0.0,0.0,0.0,0.0,5.0,0.0,,1610612765.0,0.0,1.0,1.0,0.091,0.091,1.0,1.0,0.0,1.0,1.0,1.0,1.0,DET,,5.0,0.0,0.0,0.0,0.6,3.0,0.6,5.0,3.0,0.455,0.6,0.455,3.0,0.273,3.0,0.0,0.0,1.0,0.273,0.667,2.0,0.667,0.0,2.0,,,0.5,1.0,0.0,2.0,0.75,0.5,2.0,0.0,1.0,0.0,0.182,0.182,0.5,1.0,3,0.75,1.0,1.0,2,1,8.0,0.5,8.0,1.0,1.0,0.773,0.0,0.0,2.0,1.0,1.0,0.5,2.0,2.0,1.0,0.0,2.0,1.0,0.0,4.0,1.0,0.0,0.0,0.667,1.0,1.0,3.0,0.0,1.0,1.0,1.0,0.0,0.5,0.016,0.599,0.203,G,8.0,0.615,13.0,1.0,1.0,0.0,0.0,,,2.0,0.0,0.0,4.0,1.0,0.667,1.0,0.0,2.0,DET,1.0,0.0,0.5,0.0,1.0,0.0,0.5,0.0,,2.0,3.0,1.0,0.667,6,0.5,4.0,2.0,3,2015,20141107,False,21400076,,,,Kentavious Caldwell-Pope,1610612765.0,DET,G,22.0,1.0,1.0,1.0,5.0,13.0,0.385,0.454,-0.069,Kentavious Caldwell-Pope,1610612765.0,DET,G,22.0,1.0,1.0,0.154,0.0,2.0,0.0,0.384,-0.384,Kentavious Caldwell-Pope,1610612765.0,DET,G,22.0,1.0,1.0,0.846,5.0,11.0,0.455,0.47,-0.015,Kentavious Caldwell-Pope,1610612765.0,DET,G,22.0,1.0,1.0,0.385,4.0,5.0,0.8,0.611,0.189,Kentavious Caldwell-Pope,1610612765.0,DET,G,22.0,1.0,1.0,0.462,4.0,6.0,0.667,0.54,0.127,Kentavious Caldwell-Pope,1610612765.0,DET,G,22.0,1.0,1.0,0.538,1.0,7.0,0.143,0.38,-0.237,Kentavious Caldwell-Pope,1610612765,DET,1,1,0,30.4,35.0,1.0,0.0,0.0,0.0,0.0,0.0,0.0,0.0,0.0,1.0,1.0,0.0,0.0,0.0,0.0,0.0,0.0,Kentavious Caldwell-Pope,1610612765,DET,1,1,0,30.37,30.37,11800.0,2.23,1.29,0.94,4.35,4.64,4.0,2014_15
202336,Larry Sanders,Larry,1610612749,MIL,26.0,1,0,1,0.0,24.633333333333333,3,5,0.6,0,0,0.0,1,2,0.5,2,3,5,2,1,3,3,0,5,1,7,-9,33.0,0,0,26.0,1,122,122,122,116,114,147,49,101,146,101,103,76,98,30,75,62,72,82,2,3,1,225,133,138,204,28,19,2,59,,160,77.13,-16.7,64,185,2.0,97.9,196,162,185,0.137,145,0.595,11.1,90,191,162,96,47,160,0.136,-19.4,97.9,153,92.56,190,114,151,22.2,0.125,114.6,119,68,0.125,0.114,0.6,0.1,98.9,185,90.61,5.0,188,118.3,67,185,185,114.6,11.3,147,-16.7,3.0,0.097,31,36,86,92.56,25.0,0.08,17.0,0.08,3.0,0.0,2.0,0.0,4.0,0.0,2.0,0.0,0.0,1.0,2.0,0.0,0.0,1.0,0.0,0.0,0.0,0.0,1.0,0.0,0.0,1.0,2.0,0.212,7.0,2.0,1.63,0.24,33.0,7.0,0.0,0.5,18.0,0.9,0.714,5.0,3.7,1.0,0.4,0.556,0.0,1.0,5.0,3.7,0.5,3.8,3.0,1.0,4.0,0.75,0.6,0.2,0.0,1.0,0.5,0.4,0.0,1.0,10.0,0.0,,1610612749.0,0.0,1.0,1.0,0.2,0.2,0.0,1.0,0.0,0.0,0.0,0.0,0.0,MIL,,2.0,0.0,0.0,0.0,1.0,2.0,1.0,2.0,2.0,0.4,1.0,0.4,0.0,0.2,1.0,1.0,0.0,0.0,0.0,,0.0,0.0,0.2,0.0,0.0,1.0,1.0,0.0,1.0,0.0,1.0,,1.0,0.2,1.0,1.0,0.2,0.0,,,0,,,,0,0,0.0,0.0,1.0,0.0,0.667,0.6,0.0,0.0,5.0,0.0,0.0,0.0,3.0,0.0,0.0,0.0,1.0,0.0,0.0,0.0,0.0,0.0,0.0,0.75,0.0,0.0,4.0,0.0,0.0,0.0,0.0,0.0,0.0,-0.028,0.559,0.444,C,17.0,0.531,32.0,0.0,0.0,0.0,0.0,,,0.0,0.0,0.0,0.0,0.0,0.75,0.0,0.0,3.0,MIL,0.0,0.0,0.0,0.0,0.0,0.0,0.0,0.0,,1.0,4.0,0.0,,0,,,,0,2015,20141107,False,21400076,,,,Larry Sanders,1610612749.0,MIL,C,26.0,1.0,1.0,1.0,4.0,10.0,0.4,0.45,-0.05,,,,,,,,,,,,,,Larry Sanders,1610612749.0,MIL,C,26.0,1.0,1.0,1.0,4.0,10.0,0.4,0.47,-0.07,Larry Sanders,1610612749.0,MIL,C,26.0,1.0,1.0,0.8,4.0,8.0,0.5,0.549,-0.049,Larry Sanders,1610612749.0,MIL,C,26.0,1.0,1.0,0.9,4.0,9.0,0.444,0.501,-0.057,Larry Sanders,1610612749.0,MIL,C,26.0,1.0,1.0,0.1,0.0,1.0,0.0,0.37,-0.37,Larry Sanders,1610612749,MIL,1,0,1,24.6,33.0,2.0,0.0,1.0,0.0,0.0,0.0,0.0,0.0,0.0,1.0,0.5,0.0,0.0,0.0,0.0,0.0,0.0,Larry Sanders,1610612749,MIL,1,0,1,24.63,24.63,8526.0,1.61,0.82,0.79,3.9,4.26,3.6,2014_15
203101,Miles Plumlee,Miles,1610612749,MIL,26.0,1,0,1,0.0,40.78666666666667,7,12,0.583,0,0,0.0,1,2,0.5,5,11,16,1,1,0,0,1,3,2,15,8,34.7,1,0,32.0,1,122,122,122,15,18,45,55,101,146,101,103,76,98,2,3,2,109,82,103,69,166,152,86,50,48,24,1,2,27,,219,73.55,10.7,151,69,1.0,104.0,45,121,48,0.169,102,0.582,6.7,164,62,121,18,75,219,0.166,11.8,104.0,124,88.26,208,18,102,6.7,0.289,93.3,26,12,0.043,0.203,0.583,0.122,103.3,69,89.39,12.0,151,91.6,75,139,48,93.3,6.7,45,10.7,7.0,0.19,23,57,89,88.26,47.0,0.043,24.0,0.021,3.0,1.0,2.0,0.0,4.0,0.0,2.0,0.0,0.0,1.0,2.0,0.0,0.0,1.0,0.0,0.0,0.0,0.0,1.0,0.0,0.0,1.0,3.0,0.238,15.0,2.0,1.64,0.22,63.0,13.0,0.667,1.5,29.0,1.7,1.0,12.0,3.7,7.0,0.417,0.615,0.364,1.0,15.0,3.8,0.593,3.5,7.0,1.0,8.0,0.786,0.733,0.438,0.0,1.0,0.6,0.417,4.0,3.0,27.0,0.0,,1610612749.0,0.0,1.0,6.0,0.545,0.545,4.0,6.0,0.0,0.667,0.667,4.0,0.667,MIL,,4.0,0.0,0.0,0.0,0.5,2.0,0.5,4.0,2.0,0.364,0.5,0.364,0.0,0.091,1.0,1.0,1.0,1.0,0.0,,0.0,1.0,0.091,1.0,1.0,,,,,,,,,,,,,,1.0,,2,1.0,,,1,1,0.0,0.0,3.0,1.0,0.556,0.583,2.0,0.5,13.0,2.0,0.0,0.0,4.0,0.0,0.667,0.0,2.0,0.0,0.0,0.0,0.0,0.0,0.0,0.571,0.0,3.0,7.0,0.0,0.0,1.0,0.0,0.0,0.5,0.021,0.6,0.578,C-F,23.0,0.622,37.0,2.0,4.0,0.0,0.0,0.0,0.0,0.0,0.0,0.0,0.0,0.5,0.571,1.0,0.0,4.0,MIL,0.0,0.0,1.0,0.0,0.0,0.0,0.0,0.0,0.0,1.0,7.0,0.0,0.0,1,,,,0,2015,20141107,False,21400076,,,,Miles Plumlee,1610612749.0,MIL,C-F,26.0,1.0,1.0,1.0,5.0,12.0,0.417,0.472,-0.055,,,,,,,,,,,,,,Miles Plumlee,1610612749.0,MIL,C-F,26.0,1.0,1.0,1.0,5.0,12.0,0.417,0.473,-0.057,Miles Plumlee,1610612749.0,MIL,C-F,26.0,1.0,1.0,0.5,2.0,6.0,0.333,0.541,-0.207,Miles Plumlee,1610612749.0,MIL,C-F,26.0,1.0,1.0,0.75,5.0,9.0,0.556,0.522,0.034,Miles Plumlee,1610612749.0,MIL,C-F,26.0,1.0,1.0,0.167,0.0,2.0,0.0,0.367,-0.367,Miles Plumlee,1610612749,MIL,1,0,1,40.8,63.0,3.0,1.0,2.0,0.5,0.0,0.0,0.0,2.0,0.667,0.0,0.0,0.0,0.0,1.0,0.333,0.0,0.0,Miles Plumlee,1610612749,MIL,1,0,1,40.78,40.78,14416.0,2.73,1.45,1.28,3.98,4.25,3.71,2014_15
201564,O.J. Mayo,O.J.,1610612749,MIL,27.0,1,0,1,0.0,19.28333333333333,2,9,0.222,1,4,0.25,1,1,1.0,0,1,1,3,0,1,1,1,1,2,6,3,17.7,0,0,15.0,1,122,122,122,147,145,85,198,49,40,78,103,128,1,126,162,175,49,159,32,24,166,42,86,144,79,123,19,2,137,,228,72.6,8.6,53,81,0.0,97.1,27,163,32,0.231,1,0.318,0.0,20,72,163,153,35,228,0.244,9.8,97.1,174,87.12,203,145,1,25.0,0.083,88.6,132,199,0.333,0.031,0.278,0.0,95.2,81,89.66,9.0,58,85.4,194,63,32,88.6,0.0,85,8.6,2.0,0.083,126,120,201,87.12,27.0,0.074,30.0,0.111,8.0,0.0,2.0,0.0,4.0,0.0,0.0,0.0,0.0,2.0,0.0,0.2,2.0,5.0,1.0,0.0,0.4,0.0,0.0,0.0,0.0,0.0,1.0,0.162,6.0,0.0,2.35,1.73,37.0,1.0,0.0,0.0,28.0,1.4,0.0,0.0,9.1,0.0,0.0,0.5,0.0,0.0,3.0,9.1,0.333,0.0,1.0,1.0,1.0,0.5,0.333,0.0,0.0,1.0,0.0,0.0,0.0,0.0,3.0,,,,,,,,,,,,,,,,,0.0,3.0,0.0,1.0,0.125,0.333,1.0,0.5,2.0,1.0,0.375,0.333,0.25,1.0,0.375,3.0,2.0,0.0,0.0,0.125,0.0,0.0,0.0,0.25,0.0,0.0,,0.5,1.0,0.0,2.0,0.75,0.5,2.0,0.0,1.0,0.0,0.25,0.25,0.333,0.0,2,0.333,,0.0,3,1,3.0,0.25,0.0,0.0,0.0,0.278,0.0,0.0,0.0,0.0,1.0,0.0,0.0,0.0,0.0,1.0,2.0,0.0,0.0,3.0,1.0,1.0,1.0,0.0,0.0,2.0,1.0,0.0,0.0,1.0,1.0,0.0,0.5,-0.295,0.545,0.121,G,1.0,0.25,4.0,0.0,1.0,,0.0,,,0.0,,2.0,3.0,0.0,0.0,1.0,0.0,0.0,MIL,1.0,0.0,1.0,0.0,1.0,0.0,0.0,,,1.0,1.0,1.0,0.375,4,0.25,4.0,1.0,1,2015,20141107,False,21400076,,,,O.J. Mayo,1610612749.0,MIL,G,27.0,1.0,1.0,1.0,1.0,3.0,0.333,0.427,-0.094,O.J. Mayo,1610612749.0,MIL,G,27.0,1.0,1.0,0.333,0.0,1.0,0.0,0.337,-0.337,O.J. Mayo,1610612749.0,MIL,G,27.0,1.0,1.0,0.667,1.0,2.0,0.5,0.434,0.067,O.J. Mayo,1610612749.0,MIL,G,27.0,1.0,1.0,0.333,1.0,1.0,1.0,0.562,0.438,O.J. Mayo,1610612749.0,MIL,G,27.0,1.0,1.0,0.333,1.0,1.0,1.0,0.51,0.49,O.J. Mayo,1610612749.0,MIL,G,27.0,1.0,1.0,0.333,0.0,1.0,0.0,0.336,-0.336,O.J. Mayo,1610612749,MIL,1,0,1,19.3,37.0,1.0,0.0,0.0,0.0,0.0,0.0,0.0,0.0,0.0,1.0,1.0,0.0,0.0,0.0,0.0,0.0,0.0,O.J. Mayo,1610612749,MIL,1,0,1,19.28,19.28,7038.0,1.33,0.73,0.61,4.05,4.35,3.74,2014_15
202704,Reggie Jackson,Reggie,1610612765,DET,25.0,1,0,1,0.0,41.46666666666667,9,20,0.45,4,7,0.571,0,1,0.0,1,6,7,8,3,1,0,1,1,2,22,-1,42.4,0,0,43.0,1,122,122,122,10,7,5,123,4,8,30,132,128,132,61,23,34,7,24,32,69,166,42,86,13,128,13,19,2,11,,207,74.76,-2.6,52,132,2.67,103.8,151,124,132,0.253,136,0.538,9.7,29,169,124,84,78,207,0.258,-10.7,103.8,160,89.71,168,7,135,25.8,0.143,106.5,53,104,0.32,0.085,0.55,0.025,97.6,132,91.84,20.0,47,108.3,87,44,132,106.5,9.5,5,-2.6,9.0,0.158,118,31,110,89.71,72.0,0.125,86.0,0.111,11.0,0.0,9.0,1.0,18.0,0.063,10.0,1.0,0.0,11.0,0.625,0.0,4.0,16.0,0.0,0.0,0.25,0.0,0.545,0.0,0.0,6.0,1.0,0.218,22.0,0.0,5.78,5.62,101.0,1.0,0.0,0.0,34.0,9.7,0.0,4.0,6.3,0.0,0.25,0.467,0.0,1.0,12.0,3.4,0.438,23.8,6.0,1.0,7.0,0.545,0.5,0.0,0.0,1.0,0.0,0.25,0.0,0.0,16.0,0.0,,1610612765.0,0.0,1.0,5.0,0.263,0.263,2.0,5.0,0.0,0.4,0.4,2.0,0.4,DET,0.0,6.0,0.0,1.0,0.053,0.333,2.0,0.4,5.0,2.0,0.316,0.333,0.263,3.0,0.263,5.0,2.0,1.0,0.8,0.158,0.667,2.0,0.6,0.105,3.0,0.5,,0.667,2.0,0.0,3.0,1.0,0.667,3.0,0.0,2.0,0.0,0.158,0.158,0.556,3.0,13,0.722,0.6,5.0,9,5,3.0,0.5,0.0,0.0,0.0,0.55,0.0,0.0,0.0,4.0,1.0,0.5,0.0,3.0,0.571,1.0,3.0,0.0,0.0,6.0,1.0,1.0,1.0,0.0,0.0,7.0,3.0,0.0,0.0,1.0,1.0,0.0,0.333,0.29,0.585,0.178,G,7.0,0.875,8.0,3.0,5.0,,0.0,,,0.0,,0.0,3.0,0.6,0.333,0.0,0.0,2.0,DET,4.0,0.0,0.0,0.0,4.0,0.0,0.0,,,2.0,6.0,1.0,0.75,2,0.5,2.0,1.0,1,2015,20141107,False,21400076,,,,Reggie Jackson,1610612765.0,DET,G,25.0,1.0,1.0,1.0,9.0,12.0,0.75,0.449,0.301,Reggie Jackson,1610612765.0,DET,G,25.0,1.0,1.0,0.5,5.0,6.0,0.833,0.348,0.485,Reggie Jackson,1610612765.0,DET,G,25.0,1.0,1.0,0.5,4.0,6.0,0.667,0.494,0.173,Reggie Jackson,1610612765.0,DET,G,25.0,1.0,1.0,0.25,3.0,3.0,1.0,0.58,0.42,Reggie Jackson,1610612765.0,DET,G,25.0,1.0,1.0,0.25,3.0,3.0,1.0,0.545,0.455,Reggie Jackson,1610612765.0,DET,G,25.0,1.0,1.0,0.75,6.0,9.0,0.667,0.39,0.277,Reggie Jackson,1610612765,DET,1,0,1,41.5,101.0,1.0,0.0,1.0,0.0,0.0,0.0,0.0,0.0,0.0,0.0,0.0,0.0,0.0,0.0,0.0,0.0,0.0,Reggie Jackson,1610612765,DET,1,0,1,41.47,41.47,14661.0,2.78,1.52,1.26,4.05,4.46,3.67,2014_15
2585,Zaza Pachulia,Zaza,1610612749,MIL,31.0,1,0,1,0.0,16.95,3,3,1.0,0,0,0.0,0,0,0.0,1,3,4,1,1,2,1,0,3,1,6,2,20.3,0,0,17.0,1,122,122,122,162,114,184,1,101,146,101,132,138,132,61,75,89,109,82,8,24,1,152,133,144,88,102,19,2,121,,173,76.7,9.7,72,78,1.0,118.8,169,36,154,0.111,190,1.0,20.0,120,85,36,45,32,173,0.114,7.1,118.8,36,92.04,185,114,192,20.0,0.214,109.1,64,37,0.091,0.148,1.0,0.077,118.9,78,90.85,3.0,208,111.8,4,209,154,109.1,20.0,184,9.7,3.0,0.143,43,57,6,92.04,17.0,0.118,16.0,0.059,2.0,1.0,2.0,0.0,3.0,0.0,0.0,0.0,0.0,0.0,0.0,0.0,0.0,0.0,0.0,0.0,0.0,0.0,0.0,0.0,0.0,0.0,0.0,0.25,6.0,4.0,1.66,0.25,24.0,2.0,0.0,0.0,16.0,0.7,0.0,1.0,3.8,1.0,1.0,1.0,0.0,0.0,4.0,3.5,0.8,4.4,2.0,1.0,2.0,1.0,0.75,0.25,0.0,1.0,1.0,1.0,0.0,1.0,5.0,,,,,,,,,,,,,,,,,,,,,,,,,,,,,,0.0,0.333,1.0,1.0,1.0,1.0,0.0,,0.0,1.0,0.333,1.0,1.0,1.0,1.0,0.0,2.0,0.0,1.0,,2.0,0.667,2.0,2.0,0.667,0.0,,,0,,,,0,0,6.0,1.0,0.0,0.0,0.0,1.0,0.0,0.0,0.0,0.0,0.0,0.0,0.0,0.0,0.0,0.0,3.0,0.0,0.0,0.0,0.0,0.0,0.0,0.0,0.0,0.0,0.0,0.0,0.0,3.0,0.0,0.0,1.0,-0.008,0.608,0.303,C,6.0,0.6,10.0,0.0,0.0,,0.0,,,0.0,,0.0,0.0,0.0,0.0,3.0,0.0,0.0,MIL,0.0,0.0,1.0,0.0,0.0,0.0,0.0,,,3.0,0.0,0.0,1.0,3,,,,3,2015,20141107,False,21400076,,,,Zaza Pachulia,1610612749.0,MIL,C,31.0,1.0,1.0,1.0,3.0,6.0,0.5,0.505,-0.005,,,,,,,,,,,,,,Zaza Pachulia,1610612749.0,MIL,C,31.0,1.0,1.0,1.0,3.0,6.0,0.5,0.506,-0.006,Zaza Pachulia,1610612749.0,MIL,C,31.0,1.0,1.0,0.167,1.0,1.0,1.0,0.562,0.438,Zaza Pachulia,1610612749.0,MIL,C,31.0,1.0,1.0,1.0,3.0,6.0,0.5,0.517,-0.017,,,,,,,,,,,,,,Zaza Pachulia,1610612749,MIL,1,0,1,17.0,24.0,0.0,0.0,0.0,0.0,0.0,0.0,0.0,0.0,0.0,0.0,0.0,0.0,0.0,0.0,0.0,0.0,0.0,Zaza Pachulia,1610612749,MIL,1,0,1,16.95,16.95,5777.0,1.09,0.5,0.59,3.9,4.12,3.73,2014_15
2746,Josh Smith,Josh,1610612765,DET,29.0,1,1,0,1.0,35.5,5,14,0.357,0,2,0.0,4,10,0.4,5,3,8,5,4,2,1,1,3,7,14,4,36.1,0,0,33.0,1,1,1,1,34,61,30,163,101,88,101,19,3,129,2,75,27,20,11,8,24,166,152,4,59,74,22,19,2,23,,71,81.13,5.6,89,101,1.25,102.8,107,132,69,0.267,163,0.38,14.3,50,118,132,141,72,71,0.266,1.2,102.8,132,97.35,113,61,167,17.9,0.094,97.2,174,63,0.238,0.118,0.357,0.139,102.6,101,95.43,14.0,36,101.4,177,31,69,97.2,14.6,30,5.6,5.0,0.045,15,55,185,97.35,49.0,0.122,43.0,0.102,9.0,0.0,6.0,1.0,13.0,0.0,2.0,0.0,0.0,1.0,0.333,0.167,4.0,6.0,1.0,0.0,0.667,0.0,1.0,0.0,0.0,1.0,8.0,0.192,14.0,3.0,2.02,0.79,73.0,9.0,0.5,0.0,48.0,2.5,0.667,6.0,10.2,6.0,0.833,0.8,0.333,0.0,4.0,14.5,0.8,7.5,2.0,0.0,2.0,0.75,0.75,0.75,0.0,0.0,1.0,0.833,1.0,5.0,10.0,0.0,,1610612745.0,0.0,1.0,4.0,0.308,0.308,1.0,4.0,0.0,0.25,0.25,1.0,0.25,HOU,,5.0,0.0,0.0,0.0,0.6,3.0,0.6,5.0,3.0,0.385,0.6,0.385,1.0,0.231,3.0,2.0,1.0,0.333,0.077,0.0,0.0,0.333,0.154,1.0,0.5,,0.0,0.0,0.0,1.0,0.0,0.0,1.0,0.0,0.0,0.0,0.077,0.077,0.333,0.0,2,0.333,,0.0,3,1,0.0,0.0,0.0,0.0,0.5,0.357,4.0,0.333,6.0,2.0,0.0,0.0,2.0,0.0,0.333,0.0,3.0,0.0,0.0,2.0,0.0,0.0,0.0,0.667,0.0,6.0,3.0,0.0,0.0,1.0,0.0,0.0,0.333,0.085,0.581,0.346,F,18.0,0.667,27.0,1.0,4.0,0.0,0.0,,,0.0,0.0,1.0,2.0,0.25,0.6,1.0,0.0,3.0,HOU,0.0,0.0,0.5,0.0,0.0,0.0,0.0,0.0,,2.0,5.0,0.0,0.0,2,0.0,2.0,0.0,0,2015,20141107,False,21400076,339.0,DET,MIL,Josh Smith,1610612745.0,HOU,F,29.0,1.0,1.0,1.0,7.0,12.0,0.583,0.474,0.11,Josh Smith,1610612745.0,HOU,F,29.0,1.0,1.0,0.083,0.0,1.0,0.0,0.25,-0.25,Josh Smith,1610612745.0,HOU,F,29.0,1.0,1.0,0.917,7.0,11.0,0.636,0.497,0.139,Josh Smith,1610612745.0,HOU,F,29.0,1.0,1.0,0.5,5.0,6.0,0.833,0.6,0.233,Josh Smith,1610612745.0,HOU,F,29.0,1.0,1.0,0.5,5.0,6.0,0.833,0.545,0.288,Josh Smith,1610612745.0,HOU,F,29.0,1.0,1.0,0.417,2.0,5.0,0.4,0.381,0.019,Josh Smith,1610612745,HOU,1,1,0,35.5,73.0,8.0,1.0,3.0,0.333,2.0,4.0,0.5,4.0,0.5,2.0,0.25,0.0,0.0,1.0,0.125,2.0,0.25,Josh Smith,1610612745,HOU,1,1,0,35.5,35.5,11556.0,2.19,1.22,0.96,3.74,3.73,3.74,2014_15
