PLAYER_ID,PLAYER_NAME,NICKNAME,TEAM_ID,TEAM_ABBREVIATION,AGE,GP,W,L,W_PCT,MIN,FGM,FGA,FG_PCT,FG3M,FG3A,FG3_PCT,FTM,FTA,FT_PCT,OREB,DREB,REB,AST,TOV,STL,BLK,BLKA,PF,PFD,PTS,PLUS_MINUS,NBA_FANTASY_PTS,DD2,TD3,WNBA_FANTASY_PTS,GP_RANK,W_RANK,L_RANK,W_PCT_RANK,MIN_RANK,FGM_RANK,FGA_RANK,FG_PCT_RANK,FG3M_RANK,FG3A_RANK,FG3_PCT_RANK,FTM_RANK,FTA_RANK,FT_PCT_RANK,OREB_RANK,DREB_RANK,REB_RANK,AST_RANK,TOV_RANK,STL_RANK,BLK_RANK,BLKA_RANK,PF_RANK,PFD_RANK,PTS_RANK,PLUS_MINUS_RANK,NBA_FANTASY_PTS_RANK,DD2_RANK,TD3_RANK,WNBA_FANTASY_PTS_RANK,team_poss,E_DEF_RATING_RANK,sp_work_OFF_RATING,OFF_RATING,E_NET_RATING,sp_work_DEF_RATING,PIE_RANK,POSS,USG_PCT,AST_PCT_RANK,NET_RATING_RANK,DEF_RATING_RANK,AST_TO_RANK,FGM_PG,sp_work_NET_RATING,TM_TOV_PCT,E_USG_PCT,sp_work_DEF_RATING_RANK,sp_work_OFF_RATING_RANK,REB_PCT_RANK,sp_work_NET_RATING_RANK,DEF_RATING,AST_TO,FGA_PG,AST_PCT,EFG_PCT,AST_RATIO_RANK,OREB_PCT,E_TOV_PCT_RANK,E_DEF_RATING,PACE,DREB_PCT,E_PACE,NET_RATING,DREB_PCT_RANK,TM_TOV_PCT_RANK,sp_work_PACE_RANK,USG_PCT_RANK,PACE_PER40,E_PACE_RANK,TS_PCT,PACE_RANK,OREB_PCT_RANK,sp_work_PACE,E_USG_PCT_RANK,OFF_RATING_RANK,E_NET_RATING_RANK,TS_PCT_RANK,E_OFF_RATING,FGM_PG_RANK,PIE,E_TOV_PCT,E_OFF_RATING_RANK,AST_RATIO,EFG_PCT_RANK,FGA_PG_RANK,REB_PCT,FT_AST,AST_ADJ,SECONDARY_AST,POTENTIAL_AST,AST_TO_PASS_PCT,AST_TO_PASS_PCT_ADJ,AST_PTS_CREATED,PASSES_RECEIVED,PASSES_MADE,DRIVE_FTA,DRIVE_PASSES,DRIVE_TOV,DRIVE_FG_PCT,DRIVE_PF_PCT,DRIVE_PTS_PCT,DRIVES,DRIVE_FTM,DRIVE_PF,DRIVE_TOV_PCT,DRIVE_PASSES_PCT,DRIVE_PTS,DRIVE_FGA,DRIVE_AST_PCT,DRIVE_FT_PCT,DRIVE_AST,DRIVE_FGM,TOUCHES,PTS_PER_PAINT_TOUCH,POST_TOUCHES,PTS_PER_ELBOW_TOUCH,ELBOW_TOUCHES,FRONT_CT_TOUCHES,AVG_SEC_PER_TOUCH,PTS_PER_TOUCH,AVG_DRIB_PER_TOUCH,PTS_PER_POST_TOUCH,POINTS,TIME_OF_POSS,PAINT_TOUCHES,REB_CHANCE_PCT,REB_CHANCE_DEFER,OREB_CHANCES,DREB_UNCONTEST,DREB_CHANCE_PCT,OREB_CHANCE_PCT_ADJ,AVG_DREB_DIST,OREB_CHANCE_DEFER,REB_CONTEST,DREB_CONTEST,AVG_OREB_DIST,OREB_CONTEST_PCT,REB_CONTEST_PCT,DREB_CHANCES,DREB_CHANCE_DEFER,REB_CHANCE_PCT_ADJ,DREB_CHANCE_PCT_ADJ,AVG_REB_DIST,REB_UNCONTEST,OREB_UNCONTEST,OREB_CHANCE_PCT,DREB_CONTEST_PCT,REB_CHANCES,OREB_CONTEST,very_tight_FGM,PLAYER_LAST_TEAM_ABBREVIATION,very_tight_FGA_FREQUENCY,very_tight_FG_PCT,very_tight_EFG_PCT,PLAYER_LAST_TEAM_ID,very_tight_FGA,very_tight_FG3M,G,very_tight_FG2M,very_tight_FG3A_FREQUENCY,very_tight_FG3_PCT,very_tight_FG2A,very_tight_FG2A_FREQUENCY,very_tight_FG2_PCT,very_tight_FG3A,tight_FG_PCT,tight_FG2A_FREQUENCY,tight_FG2A,tight_FGM,tight_FG3M,tight_FG2M,tight_FGA,tight_FG3A_FREQUENCY,tight_FGA_FREQUENCY,tight_FG3_PCT,tight_FG3A,tight_FG2_PCT,tight_EFG_PCT,open_FG2_PCT,open_FGA,open_FG3A,open_FG2M,open_EFG_PCT,open_FG3M,open_FG2A,open_FGA_FREQUENCY,open_FG3A_FREQUENCY,open_FG3_PCT,open_FG_PCT,open_FGM,open_FG2A_FREQUENCY,wide_open_FGA_FREQUENCY,wide_open_EFG_PCT,wide_open_FG3A_FREQUENCY,wide_open_FG2A,wide_open_FG2M,wide_open_FG3_PCT,wide_open_FG_PCT,wide_open_FG2_PCT,wide_open_FG3M,wide_open_FG3A,wide_open_FG2A_FREQUENCY,wide_open_FGM,wide_open_FGA,PULL_UP_EFG_PCT,PULL_UP_FG3_PCT,PULL_UP_FG_PCT,PULL_UP_FG3M,PULL_UP_FGA,PULL_UP_FGM,PULL_UP_PTS,PULL_UP_FG3A,POST_TOUCH_PTS,PAINT_TOUCH_FG_PCT,ELBOW_TOUCH_FG_PCT,ELBOW_TOUCH_PTS,CATCH_SHOOT_PTS,PAINT_TOUCH_PTS,EFF_FG_PCT,POST_TOUCH_FG_PCT,CATCH_SHOOT_FG_PCT,RIGHT_CORNER_3_FG_PCT,ABOVE_BREAK_3_FGM,ITP_FGA,ITP_FGM,BACKCOURT_FG_PCT,CORNER_3_FGA,LEFT_CORNER_3_FGA,BACKCOURT_FGA,BACKCOURT_FGM,LEFT_CORNER_3_FG_PCT,CORNER_3_FG_PCT,MID_FGA,RIGHT_CORNER_3_FGA,MID_FGM,RA_FGM,RIGHT_CORNER_3_FGM,MID_FG_PCT,CORNER_3_FGM,RA_FGA,ITP_FG_PCT,ABOVE_BREAK_3_FGA,ABOVE_BREAK_3_FG_PCT,RA_FG_PCT,LEFT_CORNER_3_FGM,FREQ,PLAYER_POSITION,LT_06_PCT,FGM_LT_06,PLUSMINUS,FGA_LT_06,NS_LT_06_PCT,FGP_30_34,FGM_20_24,FGM_5_9,FGA_LT_5,FGM_40_PLUS,FGM_35_39,FGP_5_9,FGA_25_29,FGP_LT_5,FGP_25_29,FGA_5_9,FGA_15_19,FGA_20_24,FGP_15_19,FGM_10_14,FGA_40_PLUS,FGP_40_PLUS,FGP_20_24,FGP_10_14,FGM_LT_5,FGA_30_34,FGM_30_34,FGA_10_14,FGM_25_29,FGP_35_39,FGA_35_39,FGM_15_19,TEAM_ABBR,CATCH_SHOOT_FGM,CATCH_SHOOT_FG3_PCT,CATCH_SHOOT_FG3A,CATCH_SHOOT_FG3M,CATCH_SHOOT_FGA,CATCH_SHOOT_EFG_PCT,year,date,playoffs,GAME_ID,index,HTM,VTM,overall_def_PLAYER_NAME,overall_def_PLAYER_LAST_TEAM_ID,overall_def_PLAYER_LAST_TEAM_ABBREVIATION,overall_def_PLAYER_POSITION,overall_def_AGE,overall_def_GP,overall_def_G,overall_def_FREQ,overall_def_D_FGM,overall_def_D_FGA,overall_def_D_FG_PCT,overall_def_NORMAL_FG_PCT,overall_def_PCT_PLUSMINUS,three_pt_def_PLAYER_NAME,three_pt_def_PLAYER_LAST_TEAM_ID,three_pt_def_PLAYER_LAST_TEAM_ABBREVIATION,three_pt_def_PLAYER_POSITION,three_pt_def_AGE,three_pt_def_GP,three_pt_def_G,three_pt_def_FREQ,three_pt_def_FG3M,three_pt_def_FG3A,three_pt_def_FG3_PCT,three_pt_def_NS_FG3_PCT,three_pt_def_PLUSMINUS,two_pt_def_PLAYER_NAME,two_pt_def_PLAYER_LAST_TEAM_ID,two_pt_def_PLAYER_LAST_TEAM_ABBREVIATION,two_pt_def_PLAYER_POSITION,two_pt_def_AGE,two_pt_def_GP,two_pt_def_G,two_pt_def_FREQ,two_pt_def_FG2M,two_pt_def_FG2A,two_pt_def_FG2_PCT,two_pt_def_NS_FG2_PCT,two_pt_def_PLUSMINUS,less_6ft_def_PLAYER_NAME,less_6ft_def_PLAYER_LAST_TEAM_ID,less_6ft_def_PLAYER_LAST_TEAM_ABBREVIATION,less_6ft_def_PLAYER_POSITION,less_6ft_def_AGE,less_6ft_def_GP,less_6ft_def_G,less_6ft_def_FREQ,less_6ft_def_FGM_LT_06,less_6ft_def_FGA_LT_06,less_6ft_def_LT_06_PCT,less_6ft_def_NS_LT_06_PCT,less_6ft_def_PLUSMINUS,less_10ft_def_PLAYER_NAME,less_10ft_def_PLAYER_LAST_TEAM_ID,less_10ft_def_PLAYER_LAST_TEAM_ABBREVIATION,less_10ft_def_PLAYER_POSITION,less_10ft_def_AGE,less_10ft_def_GP,less_10ft_def_G,less_10ft_def_FREQ,less_10ft_def_FGM_LT_10,less_10ft_def_FGA_LT_10,less_10ft_def_LT_10_PCT,less_10ft_def_NS_LT_10_PCT,less_10ft_def_PLUSMINUS,more_15ft_def_PLAYER_NAME,more_15ft_def_PLAYER_LAST_TEAM_ID,more_15ft_def_PLAYER_LAST_TEAM_ABBREVIATION,more_15ft_def_PLAYER_POSITION,more_15ft_def_AGE,more_15ft_def_GP,more_15ft_def_G,more_15ft_def_FREQ,more_15ft_def_FGM_GT_15,more_15ft_def_FGA_GT_15,more_15ft_def_GT_15_PCT,more_15ft_def_NS_GT_15_PCT,more_15ft_def_PLUSMINUS,hustle_PLAYER_NAME,hustle_TEAM_ID,hustle_TEAM_ABBREVIATION,hustle_AGE,hustle_G,hustle_MIN,hustle_CONTESTED_SHOTS,hustle_CONTESTED_SHOTS_2PT,hustle_CONTESTED_SHOTS_3PT,hustle_DEFLECTIONS,hustle_CHARGES_DRAWN,hustle_SCREEN_ASSISTS,hustle_SCREEN_AST_PTS,hustle_OFF_LOOSE_BALLS_RECOVERED,hustle_DEF_LOOSE_BALLS_RECOVERED,hustle_LOOSE_BALLS_RECOVERED,hustle_PCT_LOOSE_BALLS_RECOVERED_OFF,hustle_PCT_LOOSE_BALLS_RECOVERED_DEF,hustle_OFF_BOXOUTS,hustle_DEF_BOXOUTS,hustle_BOX_OUTS,hustle_BOX_OUT_PLAYER_TEAM_REBS,hustle_BOX_OUT_PLAYER_REBS,hustle_PCT_BOX_OUTS_OFF,hustle_PCT_BOX_OUTS_DEF,hustle_PCT_BOX_OUTS_TEAM_REB,hustle_PCT_BOX_OUTS_REB,post_touch_PLAYER_NAME,post_touch_TEAM_ID,post_touch_TEAM_ABBREVIATION,post_touch_GP,post_touch_W,post_touch_L,post_touch_MIN,post_touch_TOUCHES,post_touch_POST_TOUCHES,post_touch_POST_TOUCH_FGM,post_touch_POST_TOUCH_FGA,post_touch_POST_TOUCH_FG_PCT,post_touch_POST_TOUCH_FTM,post_touch_POST_TOUCH_FTA,post_touch_POST_TOUCH_FT_PCT,post_touch_POST_TOUCH_PTS,post_touch_POST_TOUCH_PTS_PCT,post_touch_POST_TOUCH_PASSES,post_touch_POST_TOUCH_PASSES_PCT,post_touch_POST_TOUCH_AST,post_touch_POST_TOUCH_AST_PCT,post_touch_POST_TOUCH_TOV,post_touch_POST_TOUCH_TOV_PCT,post_touch_POST_TOUCH_FOULS,post_touch_POST_TOUCH_FOULS_PCT,speed_distance_PLAYER_NAME,speed_distance_TEAM_ID,speed_distance_TEAM_ABBREVIATION,speed_distance_GP,speed_distance_W,speed_distance_L,speed_distance_MIN,speed_distance_MIN1,speed_distance_DIST_FEET,speed_distance_DIST_MILES,speed_distance_DIST_MILES_OFF,speed_distance_DIST_MILES_DEF,speed_distance_AVG_SPEED,speed_distance_AVG_SPEED_OFF,speed_distance_AVG_SPEED_DEF,season
1630162,Anthony Edwards,Anthony,1610612750,MIN,19.0,1,1,0,1.0,33.083333333333336,4,17,0.235,2,7,0.286,2,2,1.0,0,6,6,2,1,1,0,3,1,3,12,-12,24.2,0,0,24.0,1,1,1,1,52,84,17,190,41,22,100,47,61,1,105,26,45,85,83,41,71,218,51,32,82,206,81,22,1,78,,140,94.5,94.5,-24.9,114.1,171,73,0.207,128,174,141,41,4.0,-19.6,4.8,0.211,141,167,119,174,114.1,2.0,17.0,0.087,0.294,143,0.0,96,114.1,104.46,0.188,107.54,-19.6,57,96,32,81,87.05,16,0.336,32,105,104.46,83,167,184,182,89.3,84,0.043,4.8,187,9.5,184,17,0.072,0.0,2,0,6,0.08,0.08,5,34,25,0,4,0,0.25,0.0,0.25,8,0,0,0.0,0.5,2,4,0.125,0.0,1,1,48,0.0,0,1.0,2,30,4.11,0.25,3.42,0.0,12,3.3,0,0.462,1.0,4.0,5.0,0.667,0.0,7.4,0.0,1.0,1.0,0.0,0.0,0.167,9.0,1.0,0.5,0.75,7.4,5.0,0.0,0.0,0.167,13.0,0.0,0.0,MIN,0.059,0.0,0.0,1610612750.0,1.0,0.0,1.0,0.0,0.0,,1.0,0.059,0.0,0.0,0.143,0.353,6.0,1.0,0.0,1.0,7.0,0.059,0.412,0.0,1.0,0.167,0.143,0.333,6.0,3.0,1.0,0.417,1.0,3.0,0.353,0.176,0.333,0.333,2.0,0.176,0.176,0.5,0.176,0.0,0.0,0.333,0.333,,1.0,3.0,0.0,1.0,3.0,0.0,0.0,0.0,0.0,5,0,0,2.0,0,0.0,0.5,2,6,0,0.294,0.0,0.4,0.0,1.0,2.0,1.0,0.0,2.0,1.0,0.0,0.0,0.0,0.0,5.0,1.0,1.0,1.0,0.0,0.2,0.0,4.0,0.5,4.0,0.25,0.25,0.0,0.374,G,0.601,101.0,0.0,168.0,0.601,0.0,2.0,0.0,5.0,0.0,0.0,0.0,2.0,0.4,0.0,2.0,2.0,6.0,0.0,0.0,0.0,0.0,0.333,0.0,2.0,0.0,0.0,0.0,0.0,0.0,0.0,0.0,MIN,2,0.5,4.0,2.0,4,0.75,2021,20210326,False,22000688,,,,Anthony Edwards,1610612750.0,MIN,G,19.0,1.0,1.0,1.0,6.0,13.0,0.462,0.456,0.006,Anthony Edwards,1610612750.0,MIN,G,19.0,1.0,1.0,0.462,2.0,6.0,0.333,0.349,-0.016,Anthony Edwards,1610612750.0,MIN,G,19.0,1.0,1.0,0.538,4.0,7.0,0.571,0.513,0.058,Anthony Edwards,1610612750.0,MIN,G,19.0,1.0,1.0,0.462,3.0,6.0,0.5,0.606,-0.106,Anthony Edwards,1610612750.0,MIN,G,19.0,1.0,1.0,0.462,3.0,6.0,0.5,0.57,-0.07,Anthony Edwards,1610612750.0,MIN,G,19.0,1.0,1.0,0.538,3.0,7.0,0.429,0.35,0.078,Anthony Edwards,1610612750.0,MIN,19.0,1.0,33.1,2.0,1.0,1.0,3.0,0.0,0.0,0.0,0.0,0.0,0.0,0.0,0.0,0.0,0.0,0.0,0.0,0.0,0.0,0.0,0.0,0.0,Anthony Edwards,1610612750,MIN,1,1,0,33.1,48.0,0.0,0.0,0.0,0.0,0.0,0.0,0.0,0.0,0.0,0.0,0.0,0.0,0.0,0.0,0.0,0.0,0.0,Anthony Edwards,1610612750,MIN,1,1,0,33.08,33.08,12388.0,2.35,1.3,1.04,3.92,4.36,3.47,2020_21
1626174,Christian Wood,Christian,1610612745,HOU,25.0,1,0,1,0.0,36.05,9,16,0.563,2,6,0.333,4,6,0.667,2,7,9,1,0,0,1,0,2,4,24,-4,39.3,0,0,38.0,1,115,115,115,27,15,23,57,41,35,80,19,17,76,33,16,19,123,138,106,28,1,107,22,16,136,33,22,1,29,,60,97.4,97.4,-4.4,102.6,49,77,0.216,153,127,78,116,9.0,-5.2,0.0,0.215,78,160,79,127,102.6,0.0,16.0,0.05,0.625,163,0.049,1,98.7,102.52,0.146,106.23,-5.2,93,1,54,73,85.44,25,0.644,54,65,102.52,80,160,125,67,94.3,15,0.156,0.0,172,5.0,63,23,0.101,0.0,2,1,3,0.029,0.057,2,34,35,2,2,1,0.6,0.111,0.778,9,1,1,0.111,0.222,7,5,0.0,0.5,0,3,55,2.0,2,2.0,2,31,2.41,0.436,1.58,0.5,24,2.2,4,0.529,2.0,4.0,4.0,0.538,0.5,3.8,0.0,4.0,3.0,7.6,0.5,0.444,13.0,2.0,0.6,0.636,4.7,5.0,1.0,0.5,0.429,17.0,1.0,2.0,HOU,0.125,1.0,1.0,1610612745.0,2.0,0.0,1.0,2.0,0.0,,2.0,0.125,1.0,0.0,0.429,0.313,5.0,3.0,0.0,3.0,7.0,0.125,0.438,0.0,2.0,0.6,0.429,0.667,5.0,2.0,2.0,0.7,1.0,3.0,0.313,0.125,0.5,0.6,3.0,0.188,0.125,0.75,0.125,0.0,0.0,0.5,0.5,,1.0,2.0,0.0,1.0,2.0,0.333,0.0,0.333,0.0,3,1,2,1.0,1,1.0,1.0,4,6,8,0.625,0.0,0.4,0.0,2.0,4.0,2.0,0.0,1.0,0.0,0.0,0.0,0.0,0.0,2.0,1.0,1.0,4.0,0.0,0.5,0.0,4.0,0.5,5.0,0.4,1.0,0.0,0.398,F,0.485,81.0,-0.134,167.0,0.619,0.0,1.0,2.0,4.0,0.0,,0.5,3.0,1.0,0.333,4.0,2.0,3.0,0.5,0.0,0.0,0.0,0.333,0.0,4.0,0.0,0.0,0.0,1.0,,,1.0,HOU,2,0.5,4.0,2.0,4,0.75,2021,20210326,False,22000688,,,,Christian Wood,1610612745.0,HOU,F,25.0,1.0,1.0,1.0,7.0,27.0,0.259,0.467,-0.208,Christian Wood,1610612745.0,HOU,F,25.0,1.0,1.0,0.333,2.0,9.0,0.222,0.362,-0.14,Christian Wood,1610612745.0,HOU,F,25.0,1.0,1.0,0.667,5.0,18.0,0.278,0.535,-0.258,Christian Wood,1610612745.0,HOU,F,25.0,1.0,1.0,0.407,3.0,11.0,0.273,0.617,-0.344,Christian Wood,1610612745.0,HOU,F,25.0,1.0,1.0,0.556,3.0,15.0,0.2,0.574,-0.374,Christian Wood,1610612745.0,HOU,F,25.0,1.0,1.0,0.444,4.0,12.0,0.333,0.367,-0.033,Christian Wood,1610612745.0,HOU,25.0,1.0,36.1,15.0,10.0,5.0,1.0,0.0,0.0,0.0,1.0,0.0,1.0,1.0,0.0,0.0,3.0,3.0,3.0,1.0,0.0,1.0,1.0,0.333,Christian Wood,1610612745,HOU,1,0,1,36.1,55.0,2.0,0.0,0.0,0.0,1.0,2.0,0.5,1.0,0.5,1.0,0.5,0.0,0.0,0.0,0.0,1.0,0.5,Christian Wood,1610612745,HOU,1,0,1,36.05,36.05,13016.0,2.47,1.34,1.12,3.93,4.1,3.45,2020_21
201571,D.J. Augustin,D.J.,1610612745,HOU,33.0,1,0,1,0.0,20.05,4,5,0.8,2,3,0.667,3,3,1.0,0,2,2,4,4,0,0,0,0,1,13,-8,17.4,0,0,21.0,1,115,115,115,138,84,142,15,41,98,21,33,52,1,105,122,144,45,6,106,71,1,1,105,74,177,127,22,1,97,,94,88.9,88.9,-12.7,109.1,33,45,0.204,12,175,116,70,4.0,-20.2,28.6,0.229,116,186,175,175,109.1,1.0,5.0,0.4,1.0,42,0.0,212,103.4,106.53,0.065,108.31,-20.2,167,212,13,83,88.78,10,1.028,13,105,106.53,65,186,149,9,90.7,84,0.181,27.9,182,28.6,10,142,0.04,0.0,4,0,9,0.167,0.167,11,32,24,0,5,0,1.0,0.0,0.333,6,0,0,0.0,0.833,2,1,0.0,0.0,0,1,35,0.0,0,0.0,0,9,6.89,0.371,7.46,0.0,13,4.0,0,1.0,0.0,0.0,2.0,1.0,0.0,12.2,0.0,0.0,0.0,0.0,0.0,0.0,2.0,0.0,1.0,1.0,12.2,2.0,0.0,0.0,0.0,2.0,0.0,,,,,,,,,,,,,,,,,1.0,0.2,1.0,1.0,0.0,1.0,1.0,0.0,0.2,,0.0,1.0,1.0,1.0,3.0,2.0,1.0,1.333,2.0,1.0,0.6,0.4,1.0,1.0,3.0,0.2,0.2,0.0,0.2,0.0,0.0,0.0,0.0,,0.0,1.0,0.0,0.0,1.0,1.25,1.0,1.0,1.0,2,2,5,1.0,0,0.0,0.0,0,3,0,1.0,0.0,0.5,0.0,2.0,0.0,0.0,0.0,1.0,1.0,0.0,0.0,0.0,0.0,1.0,0.0,1.0,1.0,0.0,1.0,0.0,1.0,0.0,2.0,1.0,1.0,0.0,0.296,G,0.621,41.0,0.032,66.0,0.589,0.0,0.0,0.0,1.0,0.0,0.0,0.0,2.0,1.0,1.0,0.0,1.0,1.0,1.0,0.0,0.0,0.0,0.0,0.0,1.0,0.0,0.0,0.0,2.0,0.0,0.0,1.0,HOU,1,0.5,2.0,1.0,2,0.75,2021,20210326,False,22000688,,,,D.J. Augustin,1610612745.0,HOU,G,33.0,1.0,1.0,1.0,1.0,7.0,0.143,0.444,-0.301,D.J. Augustin,1610612745.0,HOU,G,33.0,1.0,1.0,0.714,0.0,5.0,0.0,0.358,-0.358,D.J. Augustin,1610612745.0,HOU,G,33.0,1.0,1.0,0.286,1.0,2.0,0.5,0.51,-0.01,D.J. Augustin,1610612745.0,HOU,G,33.0,1.0,1.0,0.286,1.0,2.0,0.5,0.562,-0.062,D.J. Augustin,1610612745.0,HOU,G,33.0,1.0,1.0,0.286,1.0,2.0,0.5,0.518,-0.018,D.J. Augustin,1610612745.0,HOU,G,33.0,1.0,1.0,0.714,0.0,5.0,0.0,0.356,-0.356,D.J. Augustin,1610612745.0,HOU,33.0,1.0,20.1,2.0,0.0,2.0,0.0,0.0,0.0,0.0,1.0,1.0,2.0,0.5,0.5,0.0,0.0,0.0,0.0,0.0,0.0,0.0,0.0,0.0,D.J. Augustin,1610612745,HOU,1,0,1,20.1,35.0,0.0,0.0,0.0,0.0,0.0,0.0,0.0,0.0,0.0,0.0,0.0,0.0,0.0,0.0,0.0,0.0,0.0,D.J. Augustin,1610612745,HOU,1,0,1,20.05,20.05,7768.0,1.47,0.84,0.63,4.23,4.35,3.51,2020_21
1628391,D.J. Wilson,D.J.,1610612745,HOU,25.0,1,0,1,0.0,11.95,2,6,0.333,2,4,0.5,0,0,0.0,0,5,5,0,3,0,1,0,3,0,6,-2,12.0,0,0,15.0,1,115,115,115,185,134,126,147,41,81,42,114,124,114,105,38,60,164,14,106,28,1,162,162,139,117,154,22,1,131,,56,92.9,92.9,-2.6,103.7,180,28,0.3,164,146,89,116,2.0,-10.8,33.3,0.331,89,172,23,146,103.7,0.0,6.0,0.0,0.5,164,0.0,217,98.2,110.46,0.263,111.91,-10.8,23,217,5,21,92.05,3,0.5,5,105,110.46,16,172,118,129,95.6,134,0.034,33.3,165,0.0,100,126,0.172,0.0,0,0,1,0.0,0.0,0,11,16,0,0,0,0.0,0.0,0.0,0,0,0,0.0,0.0,0,0,0.0,0.0,0,0,24,0.0,1,0.0,1,12,1.37,0.25,0.42,0.0,6,0.5,2,0.833,1.0,2.0,5.0,0.833,0.0,7.5,0.0,0.0,0.0,0.0,0.0,0.0,6.0,1.0,1.0,1.0,7.5,5.0,0.0,0.0,0.0,6.0,0.0,,,,,,,,,,,,,,,,,,,,,,,,,,,,,,0.0,2.0,0.0,0.0,0.0,0.0,2.0,0.333,0.0,,0.0,0.0,0.333,0.667,0.75,0.667,0.0,0.0,0.5,0.5,,2.0,4.0,0.0,2.0,4.0,0.0,,0.0,0.0,1,0,0,0.0,0,0.0,0.0,0,6,0,0.5,0.0,0.4,0.0,2.0,0.0,0.0,0.0,1.0,1.0,0.0,0.0,0.0,0.0,2.0,0.0,0.0,0.0,0.0,0.0,0.0,0.0,0.0,3.0,0.667,0.0,0.0,0.349,F,0.6,18.0,-0.008,30.0,0.608,0.0,2.0,0.0,0.0,0.0,0.0,0.0,1.0,0.0,0.0,0.0,1.0,3.0,0.0,0.0,0.0,0.0,0.667,0.0,0.0,0.0,0.0,1.0,0.0,0.0,0.0,0.0,HOU,2,0.5,4.0,2.0,5,0.6,2021,20210326,False,22000688,,,,D.J. Wilson,1610612745.0,HOU,F,25.0,1.0,1.0,1.0,6.0,14.0,0.429,0.469,-0.041,D.J. Wilson,1610612745.0,HOU,F,25.0,1.0,1.0,0.286,0.0,4.0,0.0,0.35,-0.35,D.J. Wilson,1610612745.0,HOU,F,25.0,1.0,1.0,0.714,6.0,10.0,0.6,0.544,0.056,D.J. Wilson,1610612745.0,HOU,F,25.0,1.0,1.0,0.429,5.0,6.0,0.833,0.63,0.203,D.J. Wilson,1610612745.0,HOU,F,25.0,1.0,1.0,0.571,6.0,8.0,0.75,0.578,0.172,D.J. Wilson,1610612745.0,HOU,F,25.0,1.0,1.0,0.357,0.0,5.0,0.0,0.344,-0.344,D.J. Wilson,1610612745.0,HOU,25.0,1.0,12.0,9.0,7.0,2.0,1.0,0.0,1.0,2.0,0.0,0.0,0.0,0.0,0.0,0.0,1.0,1.0,1.0,0.0,0.0,1.0,1.0,0.0,D.J. Wilson,1610612745,HOU,1,0,1,12.0,24.0,1.0,0.0,1.0,0.0,0.0,0.0,0.0,0.0,0.0,0.0,0.0,0.0,0.0,0.0,0.0,0.0,0.0,D.J. Wilson,1610612745,HOU,1,0,1,11.95,11.95,4854.0,0.92,0.49,0.43,4.21,4.41,3.99,2020_21
1630183,Jaden McDaniels,Jaden,1610612750,MIN,20.0,1,1,0,1.0,33.0,5,5,1.0,2,2,1.0,2,2,1.0,1,3,4,0,0,0,2,0,0,1,14,9,24.8,0,0,24.0,1,1,1,1,53,61,142,1,41,129,1,47,61,1,53,82,89,164,138,106,9,1,1,105,63,47,78,22,1,78,,30,105.6,105.6,11.5,94.3,60,71,0.07,164,65,42,116,5.0,11.3,0.0,0.072,42,118,159,65,94.3,0.0,5.0,0.0,1.2,164,0.023,1,89.8,102.55,0.079,107.32,11.3,156,1,53,203,85.45,17,1.19,53,103,102.55,203,118,64,5,101.3,61,0.142,0.0,139,0.0,5,142,0.049,0.0,1,1,3,0.0,0.031,0,16,32,0,0,0,0.0,0.0,0.0,0,0,0,0.0,0.0,0,0,0.0,0.0,0,0,39,1.0,0,0.0,0,14,1.18,0.359,0.51,0.0,14,0.8,4,0.5,0.0,3.0,2.0,0.5,0.333,3.0,0.0,2.0,1.0,3.2,1.0,0.5,6.0,0.0,0.5,0.5,3.1,2.0,0.0,0.333,0.333,8.0,1.0,3.0,MIN,0.6,1.0,1.0,1610612750.0,3.0,0.0,1.0,3.0,0.0,,3.0,0.6,1.0,0.0,,,,,,,,,,,,,,,,,,,,,,,,,,,0.4,1.5,0.4,0.0,0.0,1.0,1.0,,2.0,2.0,0.0,2.0,2.0,,,,0.0,0,0,0,0.0,0,1.0,0.0,0,6,4,1.2,0.0,1.0,1.0,1.0,0.0,0.0,0.0,1.0,0.0,0.0,0.0,0.0,1.0,0.0,1.0,0.0,3.0,1.0,0.0,1.0,3.0,0.0,1.0,1.0,1.0,0.0,0.441,F,0.531,77.0,-0.083,145.0,0.614,0.0,1.0,0.0,3.0,0.0,,0.0,1.0,1.0,1.0,0.0,0.0,1.0,0.0,0.0,0.0,0.0,1.0,0.0,3.0,0.0,0.0,0.0,1.0,,,0.0,MIN,2,1.0,2.0,2.0,2,1.5,2021,20210326,False,22000688,,,,Jaden McDaniels,1610612750.0,MIN,F,20.0,1.0,1.0,1.0,9.0,19.0,0.474,0.423,0.051,Jaden McDaniels,1610612750.0,MIN,F,20.0,1.0,1.0,0.579,5.0,11.0,0.455,0.355,0.099,Jaden McDaniels,1610612750.0,MIN,F,20.0,1.0,1.0,0.421,4.0,8.0,0.5,0.506,-0.006,Jaden McDaniels,1610612750.0,MIN,F,20.0,1.0,1.0,0.263,4.0,5.0,0.8,0.585,0.215,Jaden McDaniels,1610612750.0,MIN,F,20.0,1.0,1.0,0.368,4.0,7.0,0.571,0.567,0.004,Jaden McDaniels,1610612750.0,MIN,F,20.0,1.0,1.0,0.632,5.0,12.0,0.417,0.346,0.07,Jaden McDaniels,1610612750.0,MIN,20.0,1.0,33.0,13.0,6.0,7.0,2.0,0.0,0.0,0.0,0.0,0.0,0.0,0.0,0.0,0.0,1.0,1.0,1.0,1.0,0.0,1.0,1.0,1.0,Jaden McDaniels,1610612750,MIN,1,1,0,33.0,39.0,0.0,0.0,0.0,0.0,0.0,0.0,0.0,0.0,0.0,0.0,0.0,0.0,0.0,0.0,0.0,0.0,0.0,Jaden McDaniels,1610612750,MIN,1,1,0,33.0,33.0,14156.0,2.68,1.46,1.22,4.63,5.16,4.12,2020_21
1630256,Jae'Sean Tate,Jae'Sean,1610612745,HOU,25.0,1,0,1,0.0,38.62,4,7,0.571,0,3,0.0,2,2,1.0,4,3,7,2,2,2,2,0,6,1,10,-2,31.4,0,0,27.0,1,115,115,115,10,84,113,54,130,98,130,47,61,1,9,82,34,85,36,8,9,1,225,105,94,117,54,22,1,66,,46,97.6,97.6,-0.2,98.8,143,84,0.105,135,113,65,70,4.0,-1.2,16.7,0.106,65,158,120,113,98.8,1.0,7.0,0.08,0.571,96,0.095,190,94.6,105.02,0.055,109.15,-1.2,178,180,24,180,87.52,7,0.635,24,36,105.02,184,158,108,70,94.4,84,0.061,16.8,171,16.7,83,113,0.072,0.0,3,1,3,0.074,0.111,6,19,27,2,0,0,1.0,0.5,2.0,2,2,1,0.0,0.0,4,1,0.0,1.0,0,1,38,0.333,1,2.0,1,23,2.08,0.263,1.0,0.0,10,1.3,6,0.412,0.0,8.0,3.0,0.333,0.5,5.6,0.0,3.0,0.0,2.7,0.75,0.429,9.0,0.0,0.412,0.333,4.0,4.0,1.0,0.5,0.0,17.0,3.0,1.0,HOU,0.125,1.0,1.0,1610612745.0,1.0,0.0,1.0,1.0,0.0,,1.0,0.125,1.0,0.0,0.0,0.125,1.0,0.0,0.0,0.0,1.0,0.0,0.125,,0.0,0.0,0.0,1.0,2.0,0.0,2.0,1.0,0.0,2.0,0.25,0.0,,1.0,2.0,0.25,0.5,0.25,0.375,1.0,1.0,0.0,0.25,1.0,0.0,3.0,0.125,1.0,4.0,,,,0.0,0,0,0,0.0,0,0.5,1.0,2,0,2,0.571,0.0,0.0,0.0,0.0,0.0,0.0,0.0,2.0,0.0,0.0,0.0,0.0,0.0,0.0,2.0,0.0,4.0,0.0,0.0,0.0,4.0,0.0,1.0,0.0,1.0,0.0,0.374,F,0.644,114.0,0.032,177.0,0.612,0.0,0.0,0.0,4.0,0.0,0.0,0.0,1.0,1.0,0.0,0.0,0.0,2.0,0.0,0.0,0.0,0.0,0.0,0.0,4.0,0.0,0.0,0.0,0.0,0.0,0.0,0.0,HOU,0,0.0,3.0,0.0,3,0.0,2021,20210326,False,22000688,,,,Jae'Sean Tate,1610612745.0,HOU,F,25.0,1.0,1.0,1.0,7.0,20.0,0.35,0.485,-0.135,Jae'Sean Tate,1610612745.0,HOU,F,25.0,1.0,1.0,0.3,1.0,6.0,0.167,0.293,-0.126,Jae'Sean Tate,1610612745.0,HOU,F,25.0,1.0,1.0,0.7,6.0,14.0,0.429,0.544,-0.116,Jae'Sean Tate,1610612745.0,HOU,F,25.0,1.0,1.0,0.6,5.0,12.0,0.417,0.62,-0.203,Jae'Sean Tate,1610612745.0,HOU,F,25.0,1.0,1.0,0.65,6.0,13.0,0.462,0.577,-0.116,Jae'Sean Tate,1610612745.0,HOU,F,25.0,1.0,1.0,0.3,1.0,6.0,0.167,0.288,-0.121,Jae'Sean Tate,1610612745.0,HOU,25.0,1.0,38.6,11.0,7.0,4.0,3.0,0.0,2.0,4.0,0.0,1.0,1.0,0.0,1.0,5.0,4.0,9.0,5.0,3.0,0.556,0.444,0.714,0.429,Jae'Sean Tate,1610612745,HOU,1,0,1,38.6,38.0,1.0,0.0,0.0,0.0,0.0,0.0,0.0,0.0,0.0,0.0,0.0,0.0,0.0,1.0,1.0,0.0,0.0,Jae'Sean Tate,1610612745,HOU,1,0,1,38.62,38.62,14029.0,2.66,1.45,1.21,4.19,4.55,3.8,2020_21
1629020,Jarred Vanderbilt,Jarred,1610612750,MIN,22.0,1,1,0,1.0,15.243333333333334,2,5,0.4,0,2,0.0,1,2,0.5,0,3,3,0,1,0,0,0,0,1,5,-9,7.6,0,0,8.0,1,1,1,1,169,134,142,122,130,129,130,86,61,86,105,82,111,164,83,106,71,1,1,105,152,186,186,22,1,183,,175,100.0,100.0,-33.1,128.1,172,32,0.171,164,193,182,116,2.0,-28.1,14.3,0.178,182,146,94,193,128.1,0.0,5.0,0.0,0.4,164,0.0,170,125.2,100.77,0.214,106.31,-28.1,44,163,88,130,83.97,23,0.425,88,105,100.77,127,146,193,156,92.1,134,0.042,14.5,178,0.0,150,142,0.086,0.0,0,0,1,0.0,0.0,0,10,16,0,0,0,0.0,0.0,0.0,0,0,0,0.0,0.0,0,0,0.0,0.0,0,0,23,1.0,1,1.0,1,11,1.41,0.217,0.52,0.0,5,0.5,3,0.25,1.0,6.0,2.0,0.5,0.0,3.0,0.0,1.0,1.0,0.0,0.0,0.333,6.0,1.0,0.273,0.6,3.0,2.0,0.0,0.0,0.333,12.0,0.0,,,,,,,,,,,,,,,,,0.5,0.4,2.0,1.0,0.0,1.0,2.0,0.0,0.4,,0.0,0.5,0.5,1.0,2.0,1.0,1.0,0.5,0.0,1.0,0.4,0.2,0.0,0.5,1.0,0.2,0.2,0.0,0.2,0.0,0.0,0.0,0.0,,0.0,1.0,0.0,0.0,1.0,,,,0.0,0,0,0,0.0,0,0.5,0.0,1,0,3,0.4,0.0,0.0,0.0,0.0,0.0,0.0,0.0,2.0,1.0,0.0,0.0,0.0,0.0,0.0,1.0,0.0,2.0,0.0,0.0,0.0,3.0,0.0,0.0,0.0,0.667,0.0,0.479,F,0.591,117.0,-0.044,198.0,0.635,,0.0,0.0,3.0,0.0,0.0,0.0,0.0,0.667,0.0,0.0,0.0,2.0,0.0,0.0,0.0,0.0,0.0,0.0,2.0,,,0.0,0.0,0.0,0.0,0.0,MIN,0,0.0,2.0,0.0,2,0.0,2021,20210326,False,22000688,,,,Jarred Vanderbilt,1610612750.0,MIN,F,22.0,1.0,1.0,1.0,7.0,10.0,0.7,0.476,0.224,Jarred Vanderbilt,1610612750.0,MIN,F,22.0,1.0,1.0,0.2,0.0,2.0,0.0,0.366,-0.366,Jarred Vanderbilt,1610612750.0,MIN,F,22.0,1.0,1.0,0.8,7.0,8.0,0.875,0.542,0.333,Jarred Vanderbilt,1610612750.0,MIN,F,22.0,1.0,1.0,0.6,6.0,6.0,1.0,0.636,0.364,Jarred Vanderbilt,1610612750.0,MIN,F,22.0,1.0,1.0,0.7,6.0,7.0,0.857,0.597,0.261,Jarred Vanderbilt,1610612750.0,MIN,F,22.0,1.0,1.0,0.3,1.0,3.0,0.333,0.347,-0.013,Jarred Vanderbilt,1610612750.0,MIN,22.0,1.0,15.3,6.0,4.0,2.0,1.0,0.0,0.0,0.0,0.0,0.0,0.0,0.0,0.0,0.0,1.0,1.0,1.0,0.0,0.0,1.0,1.0,0.0,Jarred Vanderbilt,1610612750,MIN,1,1,0,15.3,23.0,1.0,0.0,0.0,0.0,0.0,0.0,0.0,0.0,0.0,1.0,1.0,0.0,0.0,0.0,0.0,0.0,0.0,Jarred Vanderbilt,1610612750,MIN,1,1,0,15.25,15.25,6600.0,1.25,0.7,0.55,4.83,5.05,4.59,2020_21
1629669,Jaylen Nowell,Jaylen,1610612750,MIN,21.0,1,1,0,1.0,30.401666666666667,4,14,0.286,0,6,0.0,0,1,0.0,2,3,5,5,0,3,0,2,2,3,8,15,30.5,0,0,24.0,1,1,1,1,70,84,37,171,130,35,130,114,106,114,33,82,60,28,138,4,71,207,107,32,112,18,58,22,1,78,,14,102.9,102.9,23.5,82.1,137,68,0.175,50,38,17,116,4.0,20.9,0.0,0.188,17,138,131,38,82.1,0.0,14.0,0.238,0.286,50,0.047,1,79.8,106.57,0.091,107.96,20.9,142,1,12,121,88.81,12,0.277,12,67,106.57,114,138,31,193,103.2,84,0.065,0.0,132,26.3,185,37,0.066,0.0,5,0,6,0.179,0.179,11,30,28,0,3,0,0.5,0.0,0.571,7,0,0,0.0,0.429,4,4,0.0,0.0,0,2,43,0.0,0,0.0,2,26,2.21,0.186,1.6,0.0,8,1.6,1,0.556,3.0,3.0,3.0,0.5,1.0,5.6,1.0,0.0,0.0,13.8,0.0,0.0,6.0,2.0,0.833,0.75,8.9,5.0,2.0,0.667,0.0,9.0,0.0,2.0,MIN,0.214,0.667,0.667,1610612750.0,3.0,0.0,1.0,2.0,0.0,,3.0,0.214,0.667,0.0,0.0,0.214,3.0,0.0,0.0,0.0,3.0,0.0,0.214,,0.0,0.0,0.0,1.0,5.0,3.0,2.0,0.4,0.0,2.0,0.357,0.214,0.0,0.4,2.0,0.143,0.214,0.0,0.214,0.0,0.0,0.0,0.0,,0.0,3.0,0.0,0.0,3.0,0.4,0.0,0.4,0.0,5,2,4,2.0,0,0.0,0.0,0,0,0,0.286,0.0,0.0,0.0,0.0,4.0,3.0,0.0,1.0,1.0,0.0,0.0,0.0,0.0,1.0,0.0,1.0,0.0,0.0,1.0,0.0,3.0,0.75,5.0,0.0,0.0,0.0,0.374,G,0.541,46.0,-0.077,85.0,0.618,0.0,0.0,3.0,3.0,0.0,0.0,1.0,3.0,0.0,0.0,3.0,1.0,2.0,1.0,0.0,0.0,0.0,0.0,0.0,0.0,1.0,0.0,1.0,0.0,0.0,0.0,1.0,MIN,0,0.0,4.0,0.0,4,0.0,2021,20210326,False,22000688,,,,Jaylen Nowell,1610612750.0,MIN,G,21.0,1.0,1.0,1.0,2.0,8.0,0.25,0.413,-0.163,Jaylen Nowell,1610612750.0,MIN,G,21.0,1.0,1.0,0.5,1.0,4.0,0.25,0.339,-0.089,Jaylen Nowell,1610612750.0,MIN,G,21.0,1.0,1.0,0.5,1.0,4.0,0.25,0.449,-0.199,Jaylen Nowell,1610612750.0,MIN,G,21.0,1.0,1.0,0.375,0.0,3.0,0.0,0.532,-0.532,Jaylen Nowell,1610612750.0,MIN,G,21.0,1.0,1.0,0.375,0.0,3.0,0.0,0.513,-0.513,Jaylen Nowell,1610612750.0,MIN,G,21.0,1.0,1.0,0.625,2.0,5.0,0.4,0.332,0.068,Jaylen Nowell,1610612750.0,MIN,21.0,1.0,30.4,8.0,4.0,4.0,4.0,0.0,1.0,2.0,0.0,1.0,1.0,0.0,1.0,0.0,1.0,1.0,1.0,0.0,0.0,1.0,1.0,0.0,Jaylen Nowell,1610612750,MIN,1,1,0,30.4,43.0,0.0,0.0,0.0,0.0,0.0,0.0,0.0,0.0,0.0,0.0,0.0,0.0,0.0,0.0,0.0,0.0,0.0,Jaylen Nowell,1610612750,MIN,1,1,0,30.4,30.4,11951.0,2.26,1.21,1.05,4.26,4.63,3.56,2020_21
202322,John Wall,John,1610612745,HOU,30.0,1,0,1,0.0,37.18333333333333,6,25,0.24,1,7,0.143,1,2,0.5,0,3,3,15,7,2,2,1,1,5,14,-6,45.1,1,0,41.0,1,115,115,115,15,44,6,189,79,22,129,86,61,86,105,82,111,1,1,8,9,146,51,15,63,157,20,1,1,19,,63,94.9,94.9,-6.9,103.8,163,79,0.363,1,137,90,40,6.0,-8.9,14.6,0.371,90,165,187,137,103.8,2.14,25.0,0.652,0.26,34,0.0,172,98.9,101.34,0.06,105.49,-8.9,171,171,74,7,84.45,29,0.27,74,105,101.34,6,165,132,194,92.0,44,0.049,14.6,179,31.3,188,6,0.032,0.0,17,2,26,0.227,0.258,37,89,66,2,5,2,0.333,0.067,0.333,15,1,1,0.133,0.333,5,6,0.0,0.5,0,2,106,0.0,1,0.0,0,35,5.88,0.132,5.11,1.0,14,10.4,0,0.5,0.0,0.0,2.0,0.5,0.0,7.5,0.0,1.0,1.0,0.0,0.0,0.333,6.0,0.0,0.5,0.5,7.5,2.0,0.0,0.0,0.333,6.0,0.0,0.0,HOU,0.12,0.0,0.0,1610612745.0,3.0,0.0,1.0,0.0,0.0,,3.0,0.12,0.0,0.0,0.5,0.16,4.0,2.0,0.0,2.0,4.0,0.0,0.16,,0.0,0.5,0.5,0.5,9.0,3.0,3.0,0.333,0.0,6.0,0.36,0.12,0.0,0.333,3.0,0.24,0.36,0.167,0.16,5.0,0.0,0.25,0.111,0.0,1.0,4.0,0.2,1.0,9.0,0.167,0.0,0.167,0.0,12,2,4,3.0,1,0.0,0.0,0,3,0,0.26,0.0,0.25,0.0,1.0,1.0,0.0,0.0,0.0,0.0,0.0,0.0,0.0,0.0,8.0,0.0,2.0,3.0,0.0,0.25,0.0,9.0,0.0,7.0,0.143,0.333,0.0,0.409,G,0.613,84.0,0.01,137.0,0.603,0.0,0.0,0.0,9.0,0.0,0.0,0.0,4.0,0.333,0.25,0.0,6.0,4.0,0.167,1.0,0.0,0.0,0.0,0.5,3.0,0.0,0.0,2.0,1.0,0.0,0.0,1.0,HOU,1,0.25,4.0,1.0,4,0.375,2021,20210326,False,22000688,,,,John Wall,1610612745.0,HOU,G,30.0,1.0,1.0,1.0,3.0,14.0,0.214,0.473,-0.259,John Wall,1610612745.0,HOU,G,30.0,1.0,1.0,0.071,0.0,1.0,0.0,0.308,-0.308,John Wall,1610612745.0,HOU,G,30.0,1.0,1.0,0.929,3.0,13.0,0.231,0.544,-0.313,John Wall,1610612745.0,HOU,G,30.0,1.0,1.0,0.714,2.0,10.0,0.2,0.635,-0.435,John Wall,1610612745.0,HOU,G,30.0,1.0,1.0,0.857,3.0,12.0,0.25,0.579,-0.329,John Wall,1610612745.0,HOU,G,30.0,1.0,1.0,0.143,0.0,2.0,0.0,0.326,-0.326,John Wall,1610612745.0,HOU,30.0,1.0,37.2,6.0,6.0,0.0,5.0,0.0,0.0,0.0,0.0,0.0,0.0,0.0,0.0,0.0,0.0,0.0,0.0,0.0,0.0,0.0,0.0,0.0,John Wall,1610612745,HOU,1,0,1,37.2,106.0,1.0,0.0,0.0,0.0,1.0,2.0,0.5,1.0,1.0,0.0,0.0,0.0,0.0,0.0,0.0,1.0,1.0,John Wall,1610612745,HOU,1,0,1,37.18,37.18,12745.0,2.41,1.32,1.09,3.65,3.94,3.36,2020_21
1629162,Jordan McLaughlin,Jordan,1610612750,MIN,25.0,1,1,0,1.0,20.73333333333333,1,5,0.2,0,2,0.0,0,0,0.0,0,2,2,4,1,2,0,1,1,1,2,1,15.4,0,0,12.0,1,1,1,1,133,165,142,191,130,129,130,114,124,114,105,122,144,45,83,8,71,146,51,105,184,97,135,22,1,148,,65,102.2,102.2,-2.5,95.7,160,45,0.109,52,83,52,17,1.0,6.5,10.0,0.109,52,141,177,83,95.7,4.0,5.0,0.235,0.2,14,0.0,139,99.8,106.5,0.111,106.91,6.5,125,138,14,178,88.75,21,0.2,14,105,106.5,182,141,117,200,97.3,165,0.051,10.0,156,40.0,194,142,0.039,2.0,6,0,12,0.091,0.136,10,44,44,0,1,0,0.0,0.0,0.0,2,0,0,0.0,0.5,0,1,0.5,0.0,1,0,52,0.0,0,0.0,0,18,3.67,0.038,2.94,0.0,2,3.2,0,0.333,1.0,2.0,2.0,0.5,0.0,11.7,1.0,0.0,0.0,0.0,0.0,0.0,4.0,0.0,0.4,0.5,11.7,2.0,0.0,0.0,0.0,6.0,0.0,,,,,,,,,,,,,,,,,0.333,0.6,3.0,1.0,0.0,1.0,3.0,0.0,0.6,,0.0,0.333,0.333,,2.0,2.0,0.0,0.0,0.0,0.0,0.4,0.4,0.0,0.0,0.0,0.0,,,,,,,,,,,,,,,,,0.0,0,0,0,0.0,0,0.0,0.0,0,0,0,0.2,0.0,0.0,0.0,0.0,0.0,0.0,0.0,1.0,0.0,0.0,0.0,0.0,0.0,0.0,1.0,0.0,1.0,0.0,0.0,0.0,3.0,0.0,1.0,0.0,0.333,0.0,0.385,G,0.507,35.0,-0.082,69.0,0.59,0.0,0.0,0.0,3.0,0.0,0.0,0.0,1.0,0.333,0.0,0.0,0.0,1.0,0.0,0.0,0.0,0.0,0.0,0.0,1.0,0.0,0.0,0.0,0.0,0.0,0.0,0.0,MIN,0,0.0,2.0,0.0,2,0.0,2021,20210326,False,22000688,,,,Jordan McLaughlin,1610612750.0,MIN,G,25.0,1.0,1.0,1.0,6.0,7.0,0.857,0.414,0.443,Jordan McLaughlin,1610612750.0,MIN,G,25.0,1.0,1.0,0.571,3.0,4.0,0.75,0.373,0.377,Jordan McLaughlin,1610612750.0,MIN,G,25.0,1.0,1.0,0.429,3.0,3.0,1.0,0.481,0.519,Jordan McLaughlin,1610612750.0,MIN,G,25.0,1.0,1.0,0.429,3.0,3.0,1.0,0.57,0.43,Jordan McLaughlin,1610612750.0,MIN,G,25.0,1.0,1.0,0.429,3.0,3.0,1.0,0.529,0.471,Jordan McLaughlin,1610612750.0,MIN,G,25.0,1.0,1.0,0.571,3.0,4.0,0.75,0.371,0.379,Jordan McLaughlin,1610612750.0,MIN,25.0,1.0,20.7,3.0,0.0,3.0,3.0,0.0,1.0,2.0,1.0,0.0,1.0,1.0,0.0,0.0,0.0,0.0,0.0,0.0,0.0,0.0,0.0,0.0,Jordan McLaughlin,1610612750,MIN,1,1,0,20.7,52.0,0.0,0.0,0.0,0.0,0.0,0.0,0.0,0.0,0.0,0.0,0.0,0.0,0.0,0.0,0.0,0.0,0.0,Jordan McLaughlin,1610612750,MIN,1,1,0,20.73,20.73,8632.0,1.63,0.89,0.75,4.38,5.02,3.77,2020_21
1627823,Juancho Hernangomez,Juancho,1610612750,MIN,25.0,1,1,0,1.0,28.28833333333333,7,10,0.7,2,5,0.4,3,4,0.75,4,5,9,1,0,2,0,0,2,2,19,19,37.3,0,0,35.0,1,1,1,1,87,28,79,27,41,58,66,33,32,68,9,38,19,123,138,8,71,1,107,59,32,8,38,22,1,43,,12,109.5,109.5,31.8,82.0,9,63,0.164,148,26,16,116,7.0,27.6,0.0,0.164,16,98,52,26,82.0,0.0,10.0,0.059,0.8,154,0.108,1,78.0,105.2,0.152,107.65,27.6,87,1,21,135,87.67,15,0.808,21,30,105.2,142,98,17,32,109.9,28,0.232,0.0,90,7.7,30,79,0.129,0.0,1,0,2,0.037,0.037,2,20,27,0,0,0,0.0,0.0,0.0,0,0,0,0.0,0.0,0,0,0.0,0.0,0,0,41,1.4,0,1.0,2,22,1.21,0.463,0.44,0.0,19,0.8,5,0.692,2.0,5.0,3.0,0.625,0.8,5.2,0.0,5.0,2.0,7.5,0.75,0.556,8.0,2.0,0.818,0.833,6.2,4.0,1.0,0.8,0.4,13.0,3.0,3.0,MIN,0.3,1.0,1.0,1610612750.0,3.0,0.0,1.0,3.0,0.0,,3.0,0.3,1.0,0.0,1.0,0.2,2.0,2.0,0.0,2.0,2.0,0.0,0.2,,0.0,1.0,1.0,,1.0,1.0,0.0,0.0,0.0,0.0,0.1,0.1,0.0,0.0,0.0,0.0,0.4,0.75,0.4,0.0,0.0,0.5,0.5,,2.0,4.0,0.0,2.0,4.0,,,,0.0,0,0,0,0.0,0,1.0,1.0,2,6,7,0.8,0.0,0.4,0.0,1.0,0.0,0.0,0.0,1.0,1.0,0.0,0.0,1.0,1.0,0.0,0.0,0.0,5.0,0.0,0.0,1.0,5.0,0.0,4.0,0.25,1.0,1.0,0.419,F,0.672,45.0,0.048,67.0,0.624,0.0,1.0,0.0,5.0,0.0,,0.0,3.0,1.0,0.333,0.0,0.0,2.0,0.0,0.0,0.0,0.0,0.5,0.0,5.0,0.0,0.0,0.0,1.0,,,0.0,MIN,2,0.4,5.0,2.0,5,0.6,2021,20210326,False,22000688,,,,Juancho Hernangomez,1610612750.0,MIN,F,25.0,1.0,1.0,1.0,4.0,9.0,0.444,0.428,0.016,Juancho Hernangomez,1610612750.0,MIN,F,25.0,1.0,1.0,0.222,1.0,2.0,0.5,0.332,0.169,Juancho Hernangomez,1610612750.0,MIN,F,25.0,1.0,1.0,0.778,3.0,7.0,0.429,0.495,-0.066,Juancho Hernangomez,1610612750.0,MIN,F,25.0,1.0,1.0,0.333,3.0,3.0,1.0,0.634,0.366,Juancho Hernangomez,1610612750.0,MIN,F,25.0,1.0,1.0,0.333,3.0,3.0,1.0,0.597,0.403,Juancho Hernangomez,1610612750.0,MIN,F,25.0,1.0,1.0,0.556,1.0,5.0,0.2,0.323,-0.123,Juancho Hernangomez,1610612750.0,MIN,25.0,1.0,28.3,4.0,3.0,1.0,2.0,0.0,1.0,3.0,2.0,0.0,2.0,1.0,0.0,1.0,0.0,1.0,1.0,1.0,1.0,0.0,1.0,1.0,Juancho Hernangomez,1610612750,MIN,1,1,0,28.3,41.0,0.0,0.0,0.0,0.0,0.0,0.0,0.0,0.0,0.0,0.0,0.0,0.0,0.0,0.0,0.0,0.0,0.0,Juancho Hernangomez,1610612750,MIN,1,1,0,28.28,28.28,11832.0,2.24,1.16,1.08,4.39,5.11,4.13,2020_21
1630231,KJ Martin,KJ,1610612745,HOU,20.0,1,0,1,0.0,24.06833333333333,1,3,0.333,0,2,0.0,0,0,0.0,0,7,7,0,0,0,1,0,0,2,2,-9,13.4,0,0,11.0,1,115,115,115,119,165,177,147,130,129,130,114,124,114,105,16,34,164,138,106,28,1,1,59,184,186,148,22,1,159,,113,92.3,92.3,-15.1,105.6,115,52,0.054,164,154,102,116,1.0,-13.2,0.0,0.055,102,176,57,154,105.6,0.0,3.0,0.0,0.333,164,0.0,1,107.2,105.7,0.2,104.94,-13.2,49,1,16,212,88.08,36,0.333,16,105,105.7,212,176,157,183,92.2,165,0.079,0.0,176,0.0,170,177,0.123,0.0,0,0,0,0.0,0.0,0,9,20,0,0,0,0.0,0.0,0.0,0,0,0,0.0,0.0,0,0,0.0,0.0,0,0,25,2.0,0,0.0,0,9,1.22,0.08,0.12,0.0,2,0.5,1,0.636,1.0,1.0,4.0,0.636,0.0,4.1,0.0,3.0,3.0,0.0,0.0,0.429,11.0,1.0,0.7,0.7,4.1,4.0,0.0,0.0,0.429,11.0,0.0,,,,,,,,,,,,,,,,,1.0,0.333,1.0,1.0,0.0,1.0,1.0,0.0,0.333,,0.0,1.0,1.0,,1.0,1.0,0.0,0.0,0.0,0.0,0.333,0.333,0.0,0.0,0.0,0.0,0.333,0.0,0.333,0.0,0.0,0.0,0.0,,0.0,1.0,0.0,0.0,1.0,,,,0.0,0,0,0,0.0,0,1.0,0.0,0,0,2,0.333,0.0,0.0,0.0,0.0,0.0,0.0,0.0,1.0,0.0,0.0,0.0,0.0,0.0,0.0,1.0,0.0,1.0,0.0,0.0,0.0,1.0,0.0,1.0,0.0,1.0,0.0,0.495,F,0.469,23.0,-0.157,49.0,0.626,0.0,0.0,0.0,1.0,0.0,,0.0,1.0,1.0,0.0,0.0,0.0,1.0,0.0,0.0,0.0,0.0,0.0,0.0,1.0,0.0,0.0,0.0,0.0,,,0.0,HOU,0,0.0,2.0,0.0,2,0.0,2021,20210326,False,22000688,,,,KJ Martin,1610612745.0,HOU,F,20.0,1.0,1.0,1.0,4.0,8.0,0.5,0.463,0.037,KJ Martin,1610612745.0,HOU,F,20.0,1.0,1.0,0.375,2.0,3.0,0.667,0.347,0.32,KJ Martin,1610612745.0,HOU,F,20.0,1.0,1.0,0.625,2.0,5.0,0.4,0.547,-0.147,KJ Martin,1610612745.0,HOU,F,20.0,1.0,1.0,0.5,1.0,4.0,0.25,0.628,-0.378,KJ Martin,1610612745.0,HOU,F,20.0,1.0,1.0,0.625,2.0,5.0,0.4,0.58,-0.18,KJ Martin,1610612745.0,HOU,F,20.0,1.0,1.0,0.375,2.0,3.0,0.667,0.347,0.32,KJ Martin,1610612745.0,HOU,20.0,1.0,24.1,4.0,3.0,1.0,2.0,0.0,1.0,3.0,0.0,0.0,0.0,0.0,0.0,0.0,2.0,2.0,2.0,1.0,0.0,1.0,1.0,0.5,KJ Martin,1610612745,HOU,1,0,1,24.1,25.0,0.0,0.0,0.0,0.0,0.0,0.0,0.0,0.0,0.0,0.0,0.0,0.0,0.0,0.0,0.0,0.0,0.0,KJ Martin,1610612745,HOU,1,0,1,24.07,24.07,10419.0,1.97,1.01,0.96,4.31,4.2,4.43,2020_21
1626157,Karl-Anthony Towns,Karl-Anthony,1610612750,MIN,25.0,1,1,0,1.0,35.06666666666667,9,26,0.346,4,9,0.444,7,8,0.875,5,11,16,8,5,1,1,3,3,6,29,9,61.2,1,0,61.0,1,1,1,1,35,15,4,146,12,10,63,7,9,57,7,3,3,10,5,41,28,218,162,8,10,47,4,1,1,2,,31,104.0,104.0,11.1,94.5,24,75,0.385,5,73,43,57,9.0,9.5,11.6,0.401,43,132,17,73,94.5,1.6,26.0,0.444,0.423,89,0.106,152,90.2,101.29,0.275,105.1,9.5,19,151,76,5,84.41,34,0.491,76,31,101.29,5,132,67,140,101.2,15,0.191,11.8,140,18.6,144,4,0.184,0.0,8,0,14,0.148,0.148,20,68,54,2,0,1,0.0,0.25,0.25,4,1,1,0.25,0.0,1,2,0.0,0.5,0,0,89,0.667,20,0.0,2,71,2.07,0.326,0.81,0.4,29,3.1,9,0.667,1.0,10.0,7.0,0.786,0.5,4.2,0.0,9.0,4.0,2.9,1.0,0.563,14.0,1.0,0.696,0.846,3.8,7.0,0.0,0.5,0.364,24.0,5.0,0.0,MIN,0.115,0.0,0.0,1610612750.0,3.0,0.0,1.0,0.0,0.0,,3.0,0.115,0.0,0.0,0.333,0.462,12.0,4.0,0.0,4.0,12.0,0.0,0.462,,0.0,0.333,0.333,1.0,5.0,4.0,1.0,0.5,1.0,1.0,0.192,0.154,0.25,0.4,2.0,0.038,0.231,0.75,0.192,1.0,0.0,0.6,0.5,0.0,3.0,5.0,0.038,3.0,6.0,,,,0.0,0,0,0,0.0,8,0.286,0.0,0,14,6,0.423,0.333,0.455,0.0,4.0,6.0,3.0,0.0,1.0,0.0,0.0,0.0,0.0,0.0,2.0,1.0,1.0,1.0,0.0,0.5,0.0,9.0,0.5,8.0,0.5,0.111,0.0,0.392,C-F,0.589,103.0,-0.049,175.0,0.638,0.0,1.0,1.0,12.0,0.0,,0.333,4.0,0.25,0.75,3.0,2.0,5.0,0.5,0.0,0.0,0.0,0.2,0.0,3.0,0.0,0.0,0.0,3.0,,,1.0,MIN,5,0.444,9.0,4.0,10,0.7,2021,20210326,False,22000688,,,,Karl-Anthony Towns,1610612750.0,MIN,C-F,25.0,1.0,1.0,1.0,6.0,16.0,0.375,0.469,-0.094,Karl-Anthony Towns,1610612750.0,MIN,C-F,25.0,1.0,1.0,0.25,2.0,4.0,0.5,0.386,0.114,Karl-Anthony Towns,1610612750.0,MIN,C-F,25.0,1.0,1.0,0.75,4.0,12.0,0.333,0.517,-0.184,Karl-Anthony Towns,1610612750.0,MIN,C-F,25.0,1.0,1.0,0.188,1.0,3.0,0.333,0.602,-0.269,Karl-Anthony Towns,1610612750.0,MIN,C-F,25.0,1.0,1.0,0.375,3.0,6.0,0.5,0.602,-0.102,Karl-Anthony Towns,1610612750.0,MIN,C-F,25.0,1.0,1.0,0.625,3.0,10.0,0.3,0.351,-0.051,Karl-Anthony Towns,1610612750.0,MIN,25.0,1.0,35.1,10.0,6.0,4.0,3.0,0.0,3.0,7.0,1.0,0.0,1.0,1.0,0.0,0.0,2.0,2.0,1.0,1.0,0.0,1.0,1.0,1.0,Karl-Anthony Towns,1610612750,MIN,1,1,0,35.1,89.0,20.0,3.0,9.0,0.333,2.0,2.0,1.0,8.0,0.4,8.0,0.4,2.0,0.1,2.0,0.1,1.0,0.05,Karl-Anthony Towns,1610612750,MIN,1,1,0,35.07,35.07,12612.0,2.39,1.24,1.15,3.88,3.83,3.59,2020_21
1629675,Naz Reid,Naz,1610612750,MIN,21.0,1,1,0,1.0,16.916666666666668,7,14,0.5,0,2,0.0,2,3,0.667,2,0,2,2,0,2,0,0,2,2,16,-7,27.4,0,0,24.0,1,1,1,1,161,28,37,76,130,129,130,47,52,76,33,200,144,85,138,8,71,1,107,59,49,167,63,22,1,78,,99,87.5,87.5,-18.4,105.0,55,40,0.326,45,170,96,116,7.0,-17.5,0.0,0.337,96,191,156,170,105.0,0.0,14.0,0.25,0.5,129,0.077,1,104.8,113.5,0.0,114.35,-17.5,200,1,3,14,94.58,2,0.522,3,47,113.5,13,191,166,116,86.4,28,0.153,0.0,195,11.8,100,37,0.05,0.0,2,0,3,0.087,0.087,4,27,23,0,0,0,1.0,0.0,2.0,1,0,0,0.0,0.0,2,1,0.0,0.0,0,1,38,1.0,6,0.5,2,28,1.92,0.421,0.76,0.333,16,1.2,5,0.5,1.0,2.0,0.0,0.0,1.0,0.0,0.0,2.0,0.0,4.3,1.0,1.0,2.0,1.0,0.667,0.0,4.3,0.0,0.0,1.0,0.0,4.0,2.0,6.0,MIN,0.714,0.6,0.6,1610612750.0,10.0,0.0,1.0,6.0,0.0,,10.0,0.714,0.6,0.0,1.0,0.071,1.0,1.0,0.0,1.0,1.0,0.0,0.071,,0.0,1.0,1.0,0.0,1.0,0.0,0.0,0.0,0.0,1.0,0.071,0.0,,0.0,0.0,0.071,0.143,0.0,0.143,0.0,0.0,0.0,0.0,,0.0,2.0,0.0,0.0,2.0,,,,0.0,0,0,0,0.0,2,0.5,0.0,1,0,5,0.5,0.5,0.0,0.0,0.0,1.0,0.0,0.0,1.0,1.0,0.0,0.0,0.0,0.0,0.0,0.0,0.0,7.0,0.0,0.0,0.0,11.0,0.0,1.0,0.0,0.636,0.0,0.425,C-F,0.53,115.0,-0.095,217.0,0.625,0.0,0.0,0.0,11.0,0.0,0.0,0.0,1.0,0.636,0.0,1.0,0.0,1.0,0.0,0.0,0.0,0.0,0.0,0.0,7.0,0.0,0.0,0.0,0.0,0.0,0.0,0.0,MIN,0,0.0,2.0,0.0,2,0.0,2021,20210326,False,22000688,,,,Naz Reid,1610612750.0,MIN,C-F,21.0,1.0,1.0,1.0,2.0,8.0,0.25,0.395,-0.145,Naz Reid,1610612750.0,MIN,C-F,21.0,1.0,1.0,0.625,2.0,5.0,0.4,0.345,0.055,Naz Reid,1610612750.0,MIN,C-F,21.0,1.0,1.0,0.375,0.0,3.0,0.0,0.462,-0.462,Naz Reid,1610612750.0,MIN,C-F,21.0,1.0,1.0,0.125,0.0,1.0,0.0,0.532,-0.532,Naz Reid,1610612750.0,MIN,C-F,21.0,1.0,1.0,0.125,0.0,1.0,0.0,0.513,-0.513,Naz Reid,1610612750.0,MIN,C-F,21.0,1.0,1.0,0.875,2.0,7.0,0.286,0.338,-0.052,Naz Reid,1610612750.0,MIN,21.0,1.0,16.9,5.0,3.0,2.0,2.0,0.0,1.0,2.0,1.0,0.0,1.0,1.0,0.0,0.0,1.0,1.0,0.0,0.0,0.0,1.0,0.0,0.0,Naz Reid,1610612750,MIN,1,1,0,16.9,38.0,6.0,1.0,2.0,0.5,0.0,0.0,0.0,2.0,0.333,4.0,0.667,0.0,0.0,0.0,0.0,0.0,0.0,Naz Reid,1610612750,MIN,1,1,0,16.92,16.92,6962.0,1.32,0.69,0.63,4.33,4.9,3.81,2020_21
201937,Ricky Rubio,Ricky,1610612750,MIN,30.0,1,1,0,1.0,27.266666666666666,0,7,0.0,0,3,0.0,2,2,1.0,0,3,3,8,1,1,0,0,2,1,2,5,19.6,0,0,15.0,1,1,1,1,101,202,113,202,130,98,130,47,61,1,105,82,111,10,83,41,71,1,107,105,184,63,113,22,1,131,,33,105.2,105.2,8.7,94.9,178,58,0.129,14,68,48,5,0.0,10.3,5.9,0.132,48,121,167,68,94.9,8.0,7.0,0.381,0.0,9,0.0,105,90.9,102.98,0.091,108.19,10.3,142,103,46,160,85.82,11,0.127,46,105,102.98,163,121,80,205,99.5,202,0.036,5.9,149,47.1,202,113,0.045,1.0,10,1,13,0.143,0.179,21,56,56,2,2,1,0.0,0.143,0.286,7,2,1,0.143,0.286,2,3,0.143,1.0,1,0,69,0.0,0,0.0,0,29,4.52,0.029,3.75,0.0,2,5.2,0,0.375,1.0,1.0,2.0,0.429,0.0,8.6,0.0,1.0,1.0,0.0,0.0,0.333,7.0,1.0,0.429,0.5,8.6,2.0,0.0,0.0,0.333,8.0,0.0,,,,,,,,,,,,,,,,,0.0,0.286,2.0,0.0,0.0,0.0,2.0,0.0,0.286,,0.0,0.0,0.0,,1.0,1.0,0.0,0.0,0.0,0.0,0.143,0.143,0.0,0.0,0.0,0.0,0.571,0.0,0.286,2.0,0.0,0.0,0.0,0.0,0.0,2.0,0.286,0.0,4.0,0.0,,0.0,0.0,1,0,0,0.0,0,0.0,0.0,0,0,0,0.0,0.0,0.0,0.0,0.0,0.0,0.0,0.0,0.0,0.0,0.0,0.0,0.0,0.0,2.0,0.0,0.0,0.0,0.0,0.0,0.0,2.0,0.0,3.0,0.0,0.0,0.0,0.354,G,0.629,90.0,0.015,143.0,0.615,0.0,0.0,0.0,2.0,0.0,,0.0,1.0,0.0,0.0,0.0,1.0,2.0,0.0,0.0,0.0,0.0,0.0,0.0,0.0,0.0,0.0,1.0,0.0,,,0.0,MIN,0,0.0,2.0,0.0,3,0.0,2021,20210326,False,22000688,,,,Ricky Rubio,1610612750.0,MIN,G,30.0,1.0,1.0,1.0,4.0,9.0,0.444,0.434,0.01,Ricky Rubio,1610612750.0,MIN,G,30.0,1.0,1.0,0.556,2.0,5.0,0.4,0.344,0.056,Ricky Rubio,1610612750.0,MIN,G,30.0,1.0,1.0,0.444,2.0,4.0,0.5,0.526,-0.026,Ricky Rubio,1610612750.0,MIN,G,30.0,1.0,1.0,0.333,2.0,3.0,0.667,0.643,0.023,Ricky Rubio,1610612750.0,MIN,G,30.0,1.0,1.0,0.333,2.0,3.0,0.667,0.598,0.068,Ricky Rubio,1610612750.0,MIN,G,30.0,1.0,1.0,0.556,2.0,5.0,0.4,0.342,0.058,Ricky Rubio,1610612750.0,MIN,30.0,1.0,27.3,5.0,2.0,3.0,2.0,0.0,0.0,0.0,0.0,0.0,0.0,0.0,0.0,0.0,1.0,1.0,1.0,0.0,0.0,1.0,1.0,0.0,Ricky Rubio,1610612750,MIN,1,1,0,27.3,69.0,0.0,0.0,0.0,0.0,0.0,0.0,0.0,0.0,0.0,0.0,0.0,0.0,0.0,0.0,0.0,0.0,0.0,Ricky Rubio,1610612750,MIN,1,1,0,27.27,27.27,10495.0,1.99,1.16,0.83,4.14,5.0,3.27,2020_21
1628425,Sterling Brown,Sterling,1610612745,HOU,26.0,1,0,1,0.0,36.28333333333333,4,10,0.4,3,5,0.6,0,0,0.0,1,10,11,1,1,0,2,1,4,0,11,-4,30.7,1,0,30.0,1,115,115,115,23,84,79,122,26,58,33,114,124,114,53,9,10,123,83,106,9,146,195,162,86,136,57,1,1,55,,71,101.3,101.3,-2.0,103.8,106,76,0.126,160,117,90,70,4.0,-2.5,8.3,0.129,90,144,53,117,103.8,1.0,10.0,0.038,0.55,150,0.025,129,100.1,101.86,0.208,105.46,-2.5,47,128,67,162,84.89,30,0.55,67,99,101.86,165,144,115,106,98.1,84,0.084,8.3,150,8.3,90,79,0.125,0.0,1,0,5,0.042,0.042,3,18,24,0,3,0,0.0,0.0,0.0,4,0,0,0.0,0.75,0,1,0.0,0.0,0,0,34,0.667,0,0.0,1,20,1.58,0.324,0.65,0.0,11,0.9,3,0.423,2.0,5.0,8.0,0.476,0.2,4.6,0.0,3.0,2.0,0.6,1.0,0.273,21.0,2.0,0.458,0.526,4.3,8.0,0.0,0.2,0.2,26.0,1.0,,,,,,,,,,,,,,,,,0.333,0.333,3.0,1.0,0.0,1.0,3.0,0.0,0.333,,0.0,0.333,0.333,0.0,2.0,1.0,0.0,0.0,0.0,1.0,0.222,0.111,0.0,0.0,0.0,0.111,0.444,1.125,0.444,0.0,0.0,0.75,0.75,,3.0,4.0,0.0,3.0,4.0,0.0,,0.0,0.0,1,0,0,0.0,0,0.333,0.0,0,9,2,0.55,0.0,0.6,0.0,2.0,2.0,0.0,0.0,2.0,2.0,0.0,0.0,0.5,0.5,0.0,0.0,0.0,1.0,0.0,0.0,1.0,3.0,0.0,3.0,0.667,0.333,1.0,0.399,G-F,0.681,128.0,0.08,188.0,0.601,0.0,1.0,0.0,3.0,0.0,,0.0,2.0,0.333,1.0,1.0,0.0,3.0,0.0,0.0,0.0,0.0,0.333,0.0,1.0,0.0,0.0,1.0,2.0,,,0.0,HOU,3,0.6,5.0,3.0,5,0.9,2021,20210326,False,22000688,,,,Sterling Brown,1610612745.0,HOU,G-F,26.0,1.0,1.0,1.0,7.0,20.0,0.35,0.444,-0.094,Sterling Brown,1610612745.0,HOU,G-F,26.0,1.0,1.0,0.3,2.0,6.0,0.333,0.336,-0.003,Sterling Brown,1610612745.0,HOU,G-F,26.0,1.0,1.0,0.7,5.0,14.0,0.357,0.515,-0.158,Sterling Brown,1610612745.0,HOU,G-F,26.0,1.0,1.0,0.6,5.0,12.0,0.417,0.598,-0.182,Sterling Brown,1610612745.0,HOU,G-F,26.0,1.0,1.0,0.6,5.0,12.0,0.417,0.557,-0.141,Sterling Brown,1610612745.0,HOU,G-F,26.0,1.0,1.0,0.35,2.0,7.0,0.286,0.334,-0.048,Sterling Brown,1610612745.0,HOU,26.0,1.0,36.3,7.0,4.0,3.0,1.0,0.0,1.0,3.0,2.0,0.0,2.0,1.0,0.0,0.0,4.0,4.0,3.0,0.0,0.0,1.0,1.0,0.0,Sterling Brown,1610612745,HOU,1,0,1,36.3,34.0,0.0,0.0,0.0,0.0,0.0,0.0,0.0,0.0,0.0,0.0,0.0,0.0,0.0,0.0,0.0,0.0,0.0,Sterling Brown,1610612745,HOU,1,0,1,36.28,36.28,14845.0,2.81,1.47,1.35,4.38,4.81,3.97,2020_21
