PLAYER_ID,PLAYER_NAME,NICKNAME,TEAM_ID,TEAM_ABBREVIATION,AGE,GP,W,L,W_PCT,MIN,FGM,FGA,FG_PCT,FG3M,FG3A,FG3_PCT,FTM,FTA,FT_PCT,OREB,DREB,REB,AST,TOV,STL,BLK,BLKA,PF,PFD,PTS,PLUS_MINUS,NBA_FANTASY_PTS,DD2,TD3,WNBA_FANTASY_PTS,GP_RANK,W_RANK,L_RANK,W_PCT_RANK,MIN_RANK,FGM_RANK,FGA_RANK,FG_PCT_RANK,FG3M_RANK,FG3A_RANK,FG3_PCT_RANK,FTM_RANK,FTA_RANK,FT_PCT_RANK,OREB_RANK,DREB_RANK,REB_RANK,AST_RANK,TOV_RANK,STL_RANK,BLK_RANK,BLKA_RANK,PF_RANK,PFD_RANK,PTS_RANK,PLUS_MINUS_RANK,NBA_FANTASY_PTS_RANK,DD2_RANK,TD3_RANK,WNBA_FANTASY_PTS_RANK,team_poss,E_DEF_RATING_RANK,sp_work_OFF_RATING,OFF_RATING,E_NET_RATING,sp_work_DEF_RATING,PIE_RANK,POSS,USG_PCT,AST_PCT_RANK,NET_RATING_RANK,DEF_RATING_RANK,AST_TO_RANK,FGM_PG,sp_work_NET_RATING,TM_TOV_PCT,E_USG_PCT,sp_work_DEF_RATING_RANK,sp_work_OFF_RATING_RANK,REB_PCT_RANK,sp_work_NET_RATING_RANK,DEF_RATING,AST_TO,FGA_PG,AST_PCT,EFG_PCT,AST_RATIO_RANK,OREB_PCT,E_TOV_PCT_RANK,E_DEF_RATING,PACE,DREB_PCT,E_PACE,NET_RATING,DREB_PCT_RANK,TM_TOV_PCT_RANK,sp_work_PACE_RANK,USG_PCT_RANK,PACE_PER40,E_PACE_RANK,TS_PCT,PACE_RANK,OREB_PCT_RANK,sp_work_PACE,E_USG_PCT_RANK,OFF_RATING_RANK,E_NET_RATING_RANK,TS_PCT_RANK,E_OFF_RATING,FGM_PG_RANK,PIE,E_TOV_PCT,E_OFF_RATING_RANK,AST_RATIO,EFG_PCT_RANK,FGA_PG_RANK,REB_PCT,FT_AST,AST_ADJ,SECONDARY_AST,POTENTIAL_AST,AST_TO_PASS_PCT,AST_TO_PASS_PCT_ADJ,AST_PTS_CREATED,PASSES_RECEIVED,PASSES_MADE,DRIVE_FTA,DRIVE_PASSES,DRIVE_TOV,DRIVE_FG_PCT,DRIVE_PF_PCT,DRIVE_PTS_PCT,DRIVES,DRIVE_FTM,DRIVE_PF,DRIVE_TOV_PCT,DRIVE_PASSES_PCT,DRIVE_PTS,DRIVE_FGA,DRIVE_AST_PCT,DRIVE_FT_PCT,DRIVE_AST,DRIVE_FGM,TOUCHES,PTS_PER_PAINT_TOUCH,POST_TOUCHES,PTS_PER_ELBOW_TOUCH,ELBOW_TOUCHES,FRONT_CT_TOUCHES,AVG_SEC_PER_TOUCH,PTS_PER_TOUCH,AVG_DRIB_PER_TOUCH,PTS_PER_POST_TOUCH,POINTS,TIME_OF_POSS,PAINT_TOUCHES,REB_CHANCE_PCT,REB_CHANCE_DEFER,OREB_CHANCES,DREB_UNCONTEST,DREB_CHANCE_PCT,OREB_CHANCE_PCT_ADJ,AVG_DREB_DIST,OREB_CHANCE_DEFER,REB_CONTEST,DREB_CONTEST,AVG_OREB_DIST,OREB_CONTEST_PCT,REB_CONTEST_PCT,DREB_CHANCES,DREB_CHANCE_DEFER,REB_CHANCE_PCT_ADJ,DREB_CHANCE_PCT_ADJ,AVG_REB_DIST,REB_UNCONTEST,OREB_UNCONTEST,OREB_CHANCE_PCT,DREB_CONTEST_PCT,REB_CHANCES,OREB_CONTEST,very_tight_FGM,PLAYER_LAST_TEAM_ABBREVIATION,very_tight_FGA_FREQUENCY,very_tight_FG_PCT,very_tight_EFG_PCT,PLAYER_LAST_TEAM_ID,very_tight_FGA,very_tight_FG3M,G,very_tight_FG2M,very_tight_FG3A_FREQUENCY,very_tight_FG3_PCT,very_tight_FG2A,very_tight_FG2A_FREQUENCY,very_tight_FG2_PCT,very_tight_FG3A,tight_FG_PCT,tight_FG2A_FREQUENCY,tight_FG2A,tight_FGM,tight_FG3M,tight_FG2M,tight_FGA,tight_FG3A_FREQUENCY,tight_FGA_FREQUENCY,tight_FG3_PCT,tight_FG3A,tight_FG2_PCT,tight_EFG_PCT,open_FG2_PCT,open_FGA,open_FG3A,open_FG2M,open_EFG_PCT,open_FG3M,open_FG2A,open_FGA_FREQUENCY,open_FG3A_FREQUENCY,open_FG3_PCT,open_FG_PCT,open_FGM,open_FG2A_FREQUENCY,wide_open_FGA_FREQUENCY,wide_open_EFG_PCT,wide_open_FG3A_FREQUENCY,wide_open_FG2A,wide_open_FG2M,wide_open_FG3_PCT,wide_open_FG_PCT,wide_open_FG2_PCT,wide_open_FG3M,wide_open_FG3A,wide_open_FG2A_FREQUENCY,wide_open_FGM,wide_open_FGA,PULL_UP_EFG_PCT,PULL_UP_FG3_PCT,PULL_UP_FG_PCT,PULL_UP_FG3M,PULL_UP_FGA,PULL_UP_FGM,PULL_UP_PTS,PULL_UP_FG3A,POST_TOUCH_PTS,PAINT_TOUCH_FG_PCT,ELBOW_TOUCH_FG_PCT,ELBOW_TOUCH_PTS,CATCH_SHOOT_PTS,PAINT_TOUCH_PTS,EFF_FG_PCT,POST_TOUCH_FG_PCT,CATCH_SHOOT_FG_PCT,RIGHT_CORNER_3_FG_PCT,ABOVE_BREAK_3_FGM,ITP_FGA,ITP_FGM,BACKCOURT_FG_PCT,CORNER_3_FGA,LEFT_CORNER_3_FGA,BACKCOURT_FGA,BACKCOURT_FGM,LEFT_CORNER_3_FG_PCT,CORNER_3_FG_PCT,MID_FGA,RIGHT_CORNER_3_FGA,MID_FGM,RA_FGM,RIGHT_CORNER_3_FGM,MID_FG_PCT,CORNER_3_FGM,RA_FGA,ITP_FG_PCT,ABOVE_BREAK_3_FGA,ABOVE_BREAK_3_FG_PCT,RA_FG_PCT,LEFT_CORNER_3_FGM,FREQ,PLAYER_POSITION,LT_06_PCT,FGM_LT_06,PLUSMINUS,FGA_LT_06,NS_LT_06_PCT,FGP_30_34,FGM_20_24,FGM_5_9,FGA_LT_5,FGM_40_PLUS,FGM_35_39,FGP_5_9,FGA_25_29,FGP_LT_5,FGP_25_29,FGA_5_9,FGA_15_19,FGA_20_24,FGP_15_19,FGM_10_14,FGA_40_PLUS,FGP_40_PLUS,FGP_20_24,FGP_10_14,FGM_LT_5,FGA_30_34,FGM_30_34,FGA_10_14,FGM_25_29,FGP_35_39,FGA_35_39,FGM_15_19,TEAM_ABBR,CATCH_SHOOT_FGM,CATCH_SHOOT_FG3_PCT,CATCH_SHOOT_FG3A,CATCH_SHOOT_FG3M,CATCH_SHOOT_FGA,CATCH_SHOOT_EFG_PCT,year,date,playoffs,GAME_ID,index,HTM,VTM,overall_def_FREQ,overall_def_D_FGM,overall_def_D_FGA,overall_def_D_FG_PCT,overall_def_NORMAL_FG_PCT,overall_def_PCT_PLUSMINUS,three_pt_def_FREQ,three_pt_def_FG3M,three_pt_def_FG3A,three_pt_def_FG3_PCT,three_pt_def_NS_FG3_PCT,three_pt_def_PLUSMINUS,two_pt_def_FREQ,two_pt_def_FG2M,two_pt_def_FG2A,two_pt_def_FG2_PCT,two_pt_def_NS_FG2_PCT,two_pt_def_PLUSMINUS,less_6ft_def_FREQ,less_6ft_def_FGM_LT_06,less_6ft_def_FGA_LT_06,less_6ft_def_LT_06_PCT,less_6ft_def_NS_LT_06_PCT,less_6ft_def_PLUSMINUS,less_10ft_def_FREQ,less_10ft_def_FGM_LT_10,less_10ft_def_FGA_LT_10,less_10ft_def_LT_10_PCT,less_10ft_def_NS_LT_10_PCT,less_10ft_def_PLUSMINUS,more_15ft_def_FREQ,more_15ft_def_FGM_GT_15,more_15ft_def_FGA_GT_15,more_15ft_def_GT_15_PCT,more_15ft_def_NS_GT_15_PCT,more_15ft_def_PLUSMINUS,hustle_TEAM_ID,hustle_TEAM_ABBREVIATION,hustle_CONTESTED_SHOTS,hustle_CONTESTED_SHOTS_2PT,hustle_CONTESTED_SHOTS_3PT,hustle_DEFLECTIONS,hustle_CHARGES_DRAWN,hustle_SCREEN_ASSISTS,hustle_SCREEN_AST_PTS,hustle_OFF_LOOSE_BALLS_RECOVERED,hustle_DEF_LOOSE_BALLS_RECOVERED,hustle_LOOSE_BALLS_RECOVERED,hustle_PCT_LOOSE_BALLS_RECOVERED_OFF,hustle_PCT_LOOSE_BALLS_RECOVERED_DEF,hustle_OFF_BOXOUTS,hustle_DEF_BOXOUTS,hustle_BOX_OUTS,hustle_BOX_OUT_PLAYER_TEAM_REBS,hustle_BOX_OUT_PLAYER_REBS,hustle_PCT_BOX_OUTS_OFF,hustle_PCT_BOX_OUTS_DEF,hustle_PCT_BOX_OUTS_TEAM_REB,hustle_PCT_BOX_OUTS_REB,post_touch_TEAM_ID,post_touch_TEAM_ABBREVIATION,post_touch_TOUCHES,post_touch_POST_TOUCHES,post_touch_POST_TOUCH_FGM,post_touch_POST_TOUCH_FGA,post_touch_POST_TOUCH_FG_PCT,post_touch_POST_TOUCH_FTM,post_touch_POST_TOUCH_FTA,post_touch_POST_TOUCH_FT_PCT,post_touch_POST_TOUCH_PTS,post_touch_POST_TOUCH_PTS_PCT,post_touch_POST_TOUCH_PASSES,post_touch_POST_TOUCH_PASSES_PCT,post_touch_POST_TOUCH_AST,post_touch_POST_TOUCH_AST_PCT,post_touch_POST_TOUCH_TOV,post_touch_POST_TOUCH_TOV_PCT,post_touch_POST_TOUCH_FOULS,post_touch_POST_TOUCH_FOULS_PCT,speed_distance_TEAM_ID,speed_distance_TEAM_ABBREVIATION,speed_distance_MIN1,speed_distance_DIST_FEET,speed_distance_DIST_MILES,speed_distance_DIST_MILES_OFF,speed_distance_DIST_MILES_DEF,speed_distance_AVG_SPEED,speed_distance_AVG_SPEED_OFF,speed_distance_AVG_SPEED_DEF,season
203382,Aron Baynes,Aron,1610612761,TOR,34.0,1,0,1,0.0,23.421666666666667,2,6,0.333,1,3,0.333,1,2,0.5,3,7,10,0,3,1,0,0,3,1,6,-7,18.0,0,0,19.0,1,111,111,111,110,124,121,149,69,86,80,87,65,92,9,15,10,163,17,33,63,1,161,97,122,167,103,13,2,92,,174,111.8,111.8,-17.2,125.5,159,51,0.164,163,157,173,120,2.0,-13.7,30.0,0.167,173,111,12,157,125.5,0.0,6.0,0.0,0.417,163,0.125,211,126.2,104.52,0.318,105.54,-13.7,14,210,75,123,87.1,58,0.436,75,26,104.52,130,111,171,146,109.0,124,0.045,30.4,121,0.0,141,121,0.217,0.0,0,0,1,0.0,0.0,0,24,33,0,0,0,0.0,0.0,0.0,0,0,0,0.0,0.0,0,0,0.0,0.0,0,0,43,0.5,1,0.0,4,27,1.27,0.14,0.28,0.0,6,0.9,6,0.625,1.0,8.0,5.0,0.7,0.375,12.0,0.0,3.0,2.0,9.5,0.333,0.3,10.0,1.0,0.667,0.778,11.2,7.0,2.0,0.375,0.286,16.0,1.0,,,,,,,,,,,,,,,,,0.333,0.5,3.0,1.0,0.0,1.0,3.0,0.0,0.5,,0.0,0.333,0.333,,,,,,,,,,,,,,0.5,0.5,0.5,0.0,0.0,0.333,0.333,,1.0,3.0,0.0,1.0,3.0,,,,0.0,0,0,0,0.0,0,0.5,0.0,0,3,3,0.417,0.0,0.333,0.0,1.0,0.0,0.0,0.0,0.0,0.0,0.0,0.0,0.0,0.0,0.0,0.0,0.0,1.0,0.0,0.0,0.0,3.0,0.0,3.0,0.333,0.333,0.0,0.377,C-F,0.5,26.0,-0.143,52.0,0.643,0.0,0.0,0.0,3.0,0.0,,0.0,3.0,0.333,0.333,0.0,0.0,0.0,0.0,0.0,0.0,0.0,0.0,0.0,1.0,0.0,0.0,0.0,1.0,,,0.0,TOR,1,0.333,3.0,1.0,3,0.5,2021,20210129,False,22000292,,,,1.0,5.0,11.0,0.455,0.538,-0.083,0.182,1.0,2.0,0.5,0.332,0.169,0.818,4.0,9.0,0.444,0.58,-0.136,0.364,2.0,4.0,0.5,0.663,-0.163,0.636,4.0,7.0,0.571,0.611,-0.039,0.364,1.0,4.0,0.25,0.336,-0.086,1610612761.0,TOR,8.0,8.0,0.0,3.0,0.0,7.0,18.0,2.0,1.0,3.0,0.667,0.333,0.0,2.0,2.0,2.0,2.0,0.0,1.0,1.0,1.0,1610612761,TOR,43.0,1.0,0.0,0.0,0.0,0.0,0.0,0.0,0.0,0.0,0.0,0.0,0.0,0.0,0.0,0.0,0.0,0.0,1610612761,TOR,23.42,8842.0,1.67,0.86,0.82,4.0,4.37,3.65,2020_21
1627741,Buddy Hield,Buddy,1610612758,SAC,28.0,1,1,0,1.0,39.61666666666667,7,12,0.583,5,8,0.625,3,3,1.0,1,2,3,2,2,1,1,0,1,0,22,7,32.6,0,0,36.0,1,1,1,1,2,33,51,50,5,15,25,40,56,1,50,118,108,77,36,33,19,1,54,149,28,48,47,13,2,32,,149,130.6,130.6,8.1,125.3,79,85,0.143,144,95,172,72,7.0,5.3,12.5,0.157,172,31,163,95,125.3,1.0,12.0,0.067,0.792,126,0.03,153,119.9,101.78,0.05,105.12,5.3,163,154,122,145,84.81,63,0.826,122,97,101.78,136,31,84,22,127.9,33,0.117,11.5,42,12.5,24,51,0.041,0.0,4,2,2,0.044,0.089,5,47,45,0,1,1,0.0,0.0,0.0,4,0,0,0.25,0.25,0,2,0.0,0.0,0,0,61,0.0,0,0.0,0,40,2.6,0.361,1.72,0.0,22,2.6,0,0.333,1.0,3.0,1.0,0.333,0.333,3.3,0.0,0.0,0.0,35.0,0.0,0.0,6.0,1.0,0.375,0.4,19.2,2.0,1.0,0.333,0.0,9.0,0.0,,,,,,,,,,,,,,,,,0.25,0.167,2.0,1.0,1.0,0.0,4.0,0.167,0.333,0.5,2.0,0.0,0.375,1.0,4.0,3.0,1.0,1.0,2.0,1.0,0.333,0.25,0.667,0.75,3.0,0.083,0.333,1.0,0.25,1.0,1.0,0.667,0.75,1.0,2.0,3.0,0.083,3.0,4.0,0.7,0.5,0.6,1.0,5,3,7,2.0,0,0.0,0.0,0,12,0,0.792,0.0,0.667,0.0,5.0,1.0,0.0,0.0,0.0,0.0,0.0,0.0,0.0,0.0,2.0,0.0,2.0,0.0,0.0,1.0,0.0,1.0,0.0,8.0,0.625,0.0,0.0,0.398,G,0.615,59.0,0.007,96.0,0.608,1.0,2.0,0.0,1.0,0.0,0.0,0.0,6.0,0.0,0.5,0.0,1.0,2.0,1.0,0.0,0.0,0.0,1.0,0.0,0.0,1.0,1.0,1.0,3.0,0.0,0.0,1.0,SAC,4,0.667,6.0,4.0,6,1.0,2021,20210129,False,22000292,,,,1.0,7.0,16.0,0.438,0.442,-0.004,0.313,3.0,5.0,0.6,0.344,0.256,0.688,4.0,11.0,0.364,0.507,-0.143,0.625,4.0,10.0,0.4,0.581,-0.181,0.688,4.0,11.0,0.364,0.539,-0.176,0.313,3.0,5.0,0.6,0.35,0.25,1610612758.0,SAC,6.0,4.0,2.0,2.0,0.0,0.0,0.0,1.0,0.0,1.0,1.0,0.0,0.0,2.0,2.0,2.0,1.0,0.0,1.0,1.0,0.5,1610612758,SAC,61.0,0.0,0.0,0.0,0.0,0.0,0.0,0.0,0.0,0.0,0.0,0.0,0.0,0.0,0.0,0.0,0.0,0.0,1610612758,SAC,39.62,15275.0,2.89,1.56,1.33,3.99,4.19,3.76,2020_21
1628449,Chris Boucher,Chris,1610612761,TOR,28.0,1,0,1,0.0,13.716666666666669,2,5,0.4,0,0,0.0,0,0,0.0,1,2,3,0,0,0,0,1,4,0,4,-8,7.6,0,0,7.0,1,111,111,111,171,124,130,125,122,163,122,107,115,107,50,118,108,163,147,103,63,163,196,149,152,174,178,13,2,174,,197,114.3,114.3,-19.3,137.9,205,28,0.172,163,176,208,120,2.0,-23.6,0.0,0.171,208,99,55,176,137.9,0.0,5.0,0.0,0.4,163,0.077,1,132.5,99.73,0.2,102.32,-23.6,58,1,146,109,83.11,104,0.4,146,45,99.73,123,99,173,155,113.2,124,-0.008,0.0,104,0.0,144,130,0.13,0.0,0,0,1,0.0,0.0,0,11,17,0,0,0,0.0,0.0,0.0,0,0,0,0.0,0.0,0,0,0.0,0.0,0,0,22,1.0,0,0.0,0,11,1.62,0.182,0.45,0.0,4,0.6,2,0.6,1.0,1.0,2.0,0.5,1.0,4.3,0.0,1.0,0.0,4.7,1.0,0.333,4.0,1.0,0.75,0.667,4.4,2.0,0.0,1.0,0.0,5.0,1.0,1.0,TOR,0.6,0.333,0.333,1610612761.0,3.0,0.0,1.0,1.0,0.0,,3.0,0.6,0.333,0.0,0.5,0.4,2.0,1.0,0.0,1.0,2.0,0.0,0.4,,0.0,0.5,0.5,,,,,,,,,,,,,,,,,,,,,,,,,,,,,,,0,0,0,,0,0.5,0.0,0,0,2,0.4,0.0,0.0,0.0,0.0,1.0,0.0,0.0,0.0,0.0,0.0,0.0,0.0,0.0,0.0,0.0,0.0,2.0,0.0,0.0,0.0,4.0,0.0,0.0,0.0,0.5,0.0,0.46,F-C,0.587,64.0,-0.025,109.0,0.612,,0.0,0.0,5.0,0.0,0.0,0.0,0.0,0.4,0.0,0.0,0.0,0.0,0.0,0.0,0.0,0.0,0.0,0.0,2.0,,,0.0,0.0,0.0,0.0,0.0,TOR,0,,,,0,,2021,20210129,False,22000292,,,,1.0,3.0,5.0,0.6,0.482,0.118,0.6,1.0,3.0,0.333,0.358,-0.024,0.4,2.0,2.0,1.0,0.558,0.443,0.4,2.0,2.0,1.0,0.641,0.359,0.4,2.0,2.0,1.0,0.578,0.423,0.6,1.0,3.0,0.333,0.372,-0.039,1610612761.0,TOR,6.0,4.0,2.0,1.0,0.0,1.0,3.0,0.0,0.0,0.0,0.0,0.0,0.0,0.0,0.0,0.0,0.0,0.0,0.0,0.0,0.0,1610612761,TOR,22.0,0.0,0.0,0.0,0.0,0.0,0.0,0.0,0.0,0.0,0.0,0.0,0.0,0.0,0.0,0.0,0.0,0.0,1610612761,TOR,13.72,5438.0,1.03,0.53,0.5,4.03,4.29,3.79,2020_21
1628368,De'Aaron Fox,De'Aaron,1610612758,SAC,23.0,1,1,0,1.0,34.428333333333335,8,14,0.571,3,5,0.6,5,7,0.714,1,1,2,4,7,1,0,1,4,6,24,-2,28.4,0,0,35.0,1,1,1,1,26,22,32,53,19,45,28,23,15,77,50,150,141,32,1,33,63,163,196,10,21,134,62,13,2,38,,153,116.2,116.2,1.5,123.9,124,74,0.293,67,141,165,107,8.0,-7.7,25.0,0.31,165,92,172,141,123.9,0.57,14.0,0.19,0.679,112,0.037,197,120.2,101.08,0.028,100.33,-7.7,179,197,130,28,84.23,126,0.703,130,86,101.08,25,92,107,60,121.7,22,0.079,24.9,70,14.3,59,32,0.032,0.0,6,2,7,0.075,0.113,10,74,53,4,9,4,0.6,0.095,0.429,21,3,2,0.19,0.429,9,5,0.048,0.75,1,3,80,0.0,0,0.0,0,28,5.49,0.3,5.3,0.0,24,7.3,0,0.4,0.0,2.0,1.0,0.333,0.5,3.9,0.0,0.0,0.0,11.9,0.0,0.0,3.0,0.0,0.4,0.333,7.9,2.0,1.0,0.5,0.0,5.0,0.0,1.0,SAC,0.071,1.0,1.0,1610612758.0,1.0,0.0,1.0,1.0,0.0,,1.0,0.071,1.0,0.0,0.6,0.286,4.0,3.0,1.0,2.0,5.0,0.071,0.357,1.0,1.0,0.5,0.7,0.667,5.0,2.0,2.0,0.7,1.0,3.0,0.357,0.143,0.5,0.6,3.0,0.214,0.214,0.5,0.143,1.0,0.0,0.5,0.333,0.0,1.0,2.0,0.071,1.0,3.0,0.6,0.667,0.4,2.0,5,2,6,3.0,0,0.0,0.0,0,3,0,0.679,0.0,0.5,1.0,2.0,2.0,1.0,0.0,1.0,0.0,0.0,0.0,0.0,1.0,1.0,1.0,0.0,4.0,1.0,0.0,1.0,6.0,0.5,4.0,0.5,0.667,0.0,0.361,G,0.646,51.0,0.034,79.0,0.612,0.0,1.0,1.0,6.0,0.0,0.0,1.0,4.0,0.667,0.5,1.0,0.0,2.0,0.0,0.0,0.0,0.0,0.5,0.0,4.0,0.0,0.0,1.0,2.0,0.0,0.0,0.0,SAC,1,0.5,2.0,1.0,2,0.75,2021,20210129,False,22000292,,,,1.0,4.0,10.0,0.4,0.433,-0.033,0.6,3.0,6.0,0.5,0.383,0.118,0.4,1.0,4.0,0.25,0.515,-0.265,0.1,0.0,1.0,0.0,0.567,-0.567,0.4,1.0,4.0,0.25,0.548,-0.298,0.6,3.0,6.0,0.5,0.382,0.118,1610612758.0,SAC,2.0,0.0,2.0,5.0,0.0,0.0,0.0,0.0,0.0,0.0,0.0,0.0,0.0,0.0,0.0,0.0,0.0,0.0,0.0,0.0,0.0,1610612758,SAC,80.0,0.0,0.0,0.0,0.0,0.0,0.0,0.0,0.0,0.0,0.0,0.0,0.0,0.0,0.0,0.0,0.0,0.0,1610612758,SAC,34.43,13843.0,2.62,1.39,1.23,4.16,4.4,3.9,2020_21
1627761,DeAndre' Bembry,DeAndre',1610612761,TOR,26.0,1,0,1,0.0,17.676666666666666,3,5,0.6,1,1,1.0,0,0,0.0,0,0,0,3,0,2,1,0,3,0,7,10,20.5,0,0,17.0,1,111,111,111,154,100,130,41,69,130,1,107,115,107,114,180,189,45,147,9,19,1,161,149,116,34,91,13,2,104,,76,126.3,126.3,19.0,100.0,83,38,0.109,58,36,62,120,3.0,26.3,0.0,0.109,62,51,189,36,100.0,0.0,5.0,0.2,0.7,13,0.0,1,104.2,103.19,0.0,102.43,26.3,180,1,100,184,85.99,102,0.7,100,114,103.19,184,51,49,61,123.2,100,0.115,0.0,64,37.5,53,130,0.0,0.0,4,1,3,0.214,0.286,7,15,14,0,4,0,1.0,0.0,0.4,5,0,0,0.0,0.8,2,1,0.4,0.0,2,1,19,0.0,0,0.0,1,14,2.26,0.368,1.32,0.0,7,0.7,1,,,,,,,,,,,,,,,,,,,,,,,,,,,,,,,,,,,,,,,,,0.333,0.6,3.0,1.0,0.0,1.0,3.0,0.0,0.6,,0.0,0.333,0.333,1.0,1.0,0.0,1.0,1.0,0.0,1.0,0.2,0.0,,1.0,1.0,0.2,0.2,1.5,0.2,0.0,0.0,1.0,1.0,,1.0,1.0,0.0,1.0,1.0,,,,0.0,0,0,0,0.0,0,0.0,0.0,0,3,0,0.7,0.0,1.0,0.0,1.0,0.0,0.0,0.0,0.0,0.0,0.0,0.0,0.0,0.0,0.0,0.0,0.0,2.0,0.0,0.0,0.0,4.0,0.0,1.0,1.0,0.5,0.0,0.444,G-F,0.375,3.0,-0.202,8.0,0.577,0.0,0.0,0.0,4.0,0.0,0.0,0.0,1.0,0.5,1.0,0.0,0.0,0.0,0.0,0.0,0.0,0.0,0.0,0.0,2.0,0.0,0.0,0.0,1.0,0.0,0.0,0.0,TOR,1,1.0,1.0,1.0,1,1.5,2021,20210129,False,22000292,,,,1.0,2.0,3.0,0.667,0.46,0.207,0.333,1.0,1.0,1.0,0.391,0.609,0.667,1.0,2.0,0.5,0.553,-0.053,0.667,1.0,2.0,0.5,0.644,-0.144,0.667,1.0,2.0,0.5,0.59,-0.09,0.333,1.0,1.0,1.0,0.392,0.608,1610612761.0,TOR,2.0,2.0,0.0,4.0,0.0,1.0,2.0,0.0,1.0,1.0,0.0,1.0,0.0,1.0,1.0,1.0,0.0,0.0,1.0,1.0,0.0,1610612761,TOR,19.0,0.0,0.0,0.0,0.0,0.0,0.0,0.0,0.0,0.0,0.0,0.0,0.0,0.0,0.0,0.0,0.0,0.0,1610612761,TOR,17.68,7027.0,1.33,0.7,0.63,3.92,4.32,3.54,2020_21
1627832,Fred VanVleet,Fred,1610612761,TOR,27.0,1,0,1,0.0,36.23333333333333,7,16,0.438,3,7,0.429,9,10,0.9,1,4,5,6,1,4,0,3,3,6,26,9,52.0,0,0,48.0,1,111,111,111,16,33,24,117,19,25,70,6,6,51,50,54,61,15,73,1,63,225,161,10,10,39,5,13,2,6,,136,132.0,132.0,8.8,118.4,37,75,0.253,47,66,143,7,7.0,13.6,3.6,0.247,143,25,111,66,118.4,6.0,16.0,0.231,0.531,67,0.029,86,116.9,100.02,0.143,103.17,13.6,92,84,145,48,83.35,91,0.637,145,99,100.02,53,25,81,85,125.7,33,0.174,3.6,53,21.4,105,24,0.081,1.0,7,0,12,0.098,0.115,17,66,61,6,12,0,0.0,0.15,0.3,20,6,3,0.0,0.6,6,4,0.1,1.0,2,0,85,0.0,0,1.0,2,38,4.33,0.306,3.94,0.0,26,6.1,1,0.417,0.0,5.0,3.0,0.571,0.2,4.7,0.0,1.0,1.0,5.6,0.0,0.2,7.0,0.0,0.417,0.571,4.8,4.0,1.0,0.2,0.25,12.0,0.0,1.0,TOR,0.188,0.333,0.333,1610612761.0,3.0,0.0,1.0,1.0,0.0,,3.0,0.188,0.333,0.0,0.2,0.25,4.0,1.0,0.0,1.0,5.0,0.063,0.313,0.0,1.0,0.25,0.2,1.0,3.0,1.0,2.0,1.167,1.0,2.0,0.188,0.063,1.0,1.0,3.0,0.125,0.313,0.6,0.313,0.0,0.0,0.4,0.4,,2.0,5.0,0.0,2.0,5.0,0.571,0.4,0.429,2.0,7,3,8,5.0,0,0.0,0.5,2,3,0,0.531,0.0,0.5,0.0,2.0,4.0,3.0,0.0,2.0,1.0,0.0,0.0,1.0,0.5,0.0,1.0,0.0,1.0,0.0,0.0,1.0,5.0,0.75,5.0,0.4,0.2,1.0,0.365,G,0.56,51.0,-0.047,91.0,0.608,0.0,1.0,1.0,6.0,0.0,0.0,1.0,5.0,0.333,0.4,1.0,0.0,2.0,0.0,1.0,0.0,0.0,0.5,0.5,2.0,0.0,0.0,2.0,2.0,0.0,0.0,0.0,TOR,1,0.5,2.0,1.0,2,0.75,2021,20210129,False,22000292,,,,1.0,5.0,11.0,0.455,0.475,-0.02,0.455,2.0,5.0,0.4,0.357,0.043,0.545,3.0,6.0,0.5,0.525,-0.025,0.182,2.0,2.0,1.0,0.654,0.347,0.273,2.0,3.0,0.667,0.595,0.072,0.455,2.0,5.0,0.4,0.364,0.036,1610612761.0,TOR,4.0,1.0,3.0,7.0,0.0,0.0,0.0,0.0,2.0,2.0,0.0,1.0,0.0,2.0,2.0,1.0,1.0,0.0,1.0,1.0,1.0,1610612761,TOR,85.0,0.0,0.0,0.0,0.0,0.0,0.0,0.0,0.0,0.0,0.0,0.0,0.0,0.0,0.0,0.0,0.0,0.0,1610612761,TOR,36.23,14441.0,2.74,1.53,1.21,4.08,4.76,3.46,2020_21
203922,Glenn Robinson III,Glenn,1610612758,SAC,27.0,1,1,0,1.0,5.301666666666667,0,1,0.0,0,1,0.0,0,0,0.0,0,0,0,1,0,0,0,0,0,0,0,0,1.5,0,0,1.0,1,1,1,1,194,191,197,191,122,130,122,107,115,107,114,180,189,111,147,103,63,1,1,149,195,108,207,13,2,207,,220,130.8,130.8,-16.8,154.5,188,13,0.071,87,177,220,120,0.0,-23.8,0.0,0.074,220,29,189,177,154.5,0.0,1.0,0.143,0.0,3,0.0,1,153.4,108.65,0.0,106.47,-23.8,180,1,46,204,90.54,48,0.0,46,114,108.65,202,29,169,195,136.7,191,0.0,0.0,15,50.0,191,197,0.0,0.0,1,0,1,0.143,0.143,3,5,7,0,0,0,0.0,0.0,0.0,0,0,0,0.0,0.0,0,0,0.0,0.0,0,0,8,0.0,0,0.0,0,4,1.19,0.0,0.25,0.0,0,0.2,0,,,,,,,,,,,,,,,,,,,,,,,,,,,,,,,,,,,,,,,,,,,,,,,,,,,,,,,,,,,,,,,,,,,1.0,0.0,1.0,0.0,0.0,0.0,0.0,,0.0,1.0,0.0,0.0,1.0,,,,0.0,0,0,0,0.0,0,0.0,0.0,0,0,0,0.0,0.0,0.0,0.0,0.0,0.0,0.0,0.0,1.0,1.0,0.0,0.0,0.0,0.0,0.0,0.0,0.0,0.0,0.0,0.0,0.0,0.0,0.0,0.0,0.0,0.0,0.0,0.378,F,0.645,20.0,0.039,31.0,0.606,,0.0,0.0,0.0,0.0,,0.0,0.0,0.0,0.0,0.0,0.0,1.0,0.0,0.0,0.0,0.0,0.0,0.0,0.0,,,0.0,0.0,,,0.0,SAC,0,0.0,1.0,0.0,1,0.0,2021,20210129,False,22000292,,,,,,,,,,,,,,,,,,,,,,,,,,,,,,,,,,,,,,,,,,,,,,,,,,,,,,,,,,,,,,,1610612758,SAC,8.0,0.0,0.0,0.0,0.0,0.0,0.0,0.0,0.0,0.0,0.0,0.0,0.0,0.0,0.0,0.0,0.0,0.0,1610612758,SAC,5.3,2393.0,0.45,0.27,0.18,4.95,4.62,5.56,2020_21
203084,Harrison Barnes,Harrison,1610612758,SAC,29.0,1,1,0,1.0,37.31,8,13,0.615,4,7,0.571,6,6,1.0,3,4,7,5,3,0,0,1,1,3,26,6,38.9,0,0,42.0,1,1,1,1,11,22,42,40,11,25,31,16,23,1,9,54,33,22,17,103,63,163,54,40,10,54,28,13,2,11,,147,125.0,125.0,10.4,122.1,43,80,0.211,58,102,156,54,8.0,2.9,12.5,0.217,156,53,79,102,122.1,1.67,13.0,0.2,0.769,71,0.107,160,119.5,100.99,0.103,100.14,2.9,130,154,132,81,84.16,131,0.831,132,33,100.99,78,53,74,19,129.9,22,0.162,12.7,34,20.8,28,42,0.104,1.0,9,3,7,0.114,0.205,15,39,44,2,4,1,0.75,0.1,0.8,10,2,1,0.1,0.4,8,4,0.0,1.0,0,3,64,1.333,3,2.0,1,40,1.91,0.406,0.89,0.0,26,2.0,3,0.7,1.0,3.0,3.0,0.571,1.0,6.3,0.0,3.0,1.0,6.8,0.667,0.429,7.0,1.0,0.778,0.667,6.5,4.0,1.0,1.0,0.25,10.0,2.0,1.0,SAC,0.154,0.5,0.5,1610612758.0,2.0,0.0,1.0,1.0,0.0,,2.0,0.154,0.5,0.0,0.5,0.231,3.0,2.0,0.0,2.0,4.0,0.077,0.308,0.0,1.0,0.667,0.5,1.0,3.0,2.0,1.0,0.833,1.0,1.0,0.231,0.154,0.5,0.667,2.0,0.077,0.308,1.125,0.308,0.0,0.0,0.75,0.75,,3.0,4.0,0.0,3.0,4.0,0.0,0.0,0.0,0.0,3,0,0,3.0,0,1.0,1.0,2,12,4,0.769,0.0,1.0,1.0,3.0,3.0,2.0,0.0,1.0,0.0,0.0,0.0,0.0,1.0,0.0,1.0,0.0,2.0,1.0,0.0,1.0,3.0,0.667,6.0,0.5,0.667,0.0,0.414,F,0.5,42.0,-0.12,84.0,0.62,0.0,2.0,2.0,3.0,0.0,0.0,0.667,5.0,0.667,0.4,3.0,0.0,2.0,0.0,0.0,0.0,0.0,1.0,0.0,2.0,0.0,0.0,0.0,2.0,0.0,0.0,0.0,SAC,4,1.0,4.0,4.0,4,1.5,2021,20210129,False,22000292,,,,1.0,4.0,9.0,0.444,0.437,0.007,0.222,0.0,2.0,0.0,0.348,-0.348,0.778,4.0,7.0,0.571,0.504,0.067,0.556,4.0,5.0,0.8,0.582,0.218,0.556,4.0,5.0,0.8,0.551,0.249,0.333,0.0,3.0,0.0,0.336,-0.336,1610612758.0,SAC,9.0,6.0,3.0,2.0,0.0,1.0,2.0,2.0,2.0,4.0,0.5,0.5,1.0,1.0,2.0,2.0,2.0,0.5,0.5,1.0,1.0,1610612758,SAC,64.0,3.0,0.0,1.0,0.0,0.0,0.0,0.0,0.0,0.0,1.0,0.333,0.0,0.0,1.0,0.333,0.0,0.0,1610612758,SAC,37.32,15390.0,2.91,1.57,1.35,4.3,4.71,3.89,2020_21
202355,Hassan Whiteside,Hassan,1610612758,SAC,32.0,1,1,0,1.0,19.53333333333333,6,7,0.857,0,0,0.0,4,6,0.667,2,7,9,1,1,1,1,0,3,7,16,0,33.3,0,0,30.0,1,1,1,1,142,45,100,13,122,163,122,31,23,82,28,15,15,111,73,33,19,1,161,5,50,108,44,13,2,50,,155,124.4,124.4,9.6,124.4,15,41,0.244,132,107,168,72,6.0,0.0,8.3,0.254,168,58,4,107,124.4,1.0,7.0,0.077,0.857,146,0.133,123,121.3,100.75,0.389,99.52,0.0,5,119,139,52,83.96,134,0.83,139,24,100.75,49,58,76,21,130.9,45,0.229,8.6,29,8.3,16,100,0.273,0.0,1,0,3,0.042,0.042,3,16,24,2,0,0,0.0,0.5,1.0,2,2,1,0.0,0.0,2,1,0.0,1.0,0,0,36,1.556,6,2.0,1,18,1.58,0.444,0.31,0.667,16,0.9,9,0.6,0.0,7.0,4.0,0.7,0.286,3.4,0.0,5.0,3.0,2.6,1.0,0.556,10.0,0.0,0.6,0.7,3.2,4.0,0.0,0.286,0.429,15.0,2.0,2.0,SAC,0.286,1.0,1.0,1610612758.0,2.0,0.0,1.0,2.0,0.0,,2.0,0.286,1.0,0.0,1.0,0.571,4.0,4.0,0.0,4.0,4.0,0.0,0.571,,0.0,1.0,1.0,0.0,1.0,0.0,0.0,0.0,0.0,1.0,0.143,0.0,,0.0,0.0,0.143,,,,,,,,,,,,,,,,,,0,0,0,,4,1.0,0.0,2,0,14,0.857,1.0,0.0,0.0,0.0,0.0,0.0,0.0,0.0,0.0,0.0,0.0,0.0,0.0,0.0,0.0,0.0,6.0,0.0,0.0,0.0,7.0,0.0,0.0,0.0,0.857,0.0,0.412,C,0.514,18.0,-0.096,35.0,0.61,,0.0,0.0,7.0,0.0,0.0,0.0,0.0,0.857,0.0,0.0,0.0,0.0,0.0,0.0,0.0,0.0,0.0,0.0,6.0,,,0.0,0.0,0.0,0.0,0.0,SAC,0,,,,0,,2021,20210129,False,22000292,,,,1.0,7.0,11.0,0.636,0.445,0.192,0.364,2.0,4.0,0.5,0.348,0.153,0.636,5.0,7.0,0.714,0.524,0.19,0.545,4.0,6.0,0.667,0.582,0.085,0.636,5.0,7.0,0.714,0.554,0.16,0.364,2.0,4.0,0.5,0.353,0.147,1610612758.0,SAC,6.0,4.0,2.0,1.0,0.0,0.0,0.0,0.0,0.0,0.0,0.0,0.0,1.0,1.0,2.0,1.0,1.0,0.5,0.5,1.0,1.0,1610612758,SAC,36.0,6.0,2.0,2.0,1.0,0.0,0.0,0.0,4.0,0.667,4.0,0.667,0.0,0.0,0.0,0.0,0.0,0.0,1610612758,SAC,19.53,7368.0,1.4,0.75,0.65,3.96,3.74,3.62,2020_21
203920,Khem Birch,Khem,1610612761,TOR,28.0,1,0,1,0.0,23.8,2,4,0.5,0,0,0.0,3,4,0.75,1,2,3,2,0,0,2,0,0,3,7,1,19.6,0,0,16.0,1,111,111,111,105,124,149,77,122,163,122,40,35,66,50,118,108,77,147,103,4,1,1,40,116,96,95,13,2,112,,67,112.5,112.5,9.3,106.0,105,48,0.113,109,89,88,120,2.0,6.5,0.0,0.109,88,108,135,89,106.0,0.0,4.0,0.118,0.5,52,0.05,1,101.3,98.82,0.077,102.01,6.5,144,1,158,179,82.35,110,0.608,158,70,98.82,183,108,79,97,110.6,124,0.093,0.0,111,25.0,109,149,0.065,0.0,2,0,2,0.074,0.074,5,18,27,0,0,0,0.0,0.0,0.0,0,0,0,0.0,0.0,0,0,0.0,0.0,0,0,33,0.556,0,0.6,5,18,1.39,0.212,0.42,0.0,7,0.8,9,0.273,2.0,5.0,1.0,0.333,0.2,4.1,0.0,2.0,1.0,2.5,1.0,0.667,6.0,2.0,0.333,0.5,3.6,1.0,0.0,0.2,0.5,11.0,1.0,,,,,,,,,,,,,,,,,0.333,0.75,3.0,1.0,0.0,1.0,3.0,0.0,0.75,,0.0,0.333,0.333,1.0,1.0,0.0,1.0,1.0,0.0,1.0,0.25,0.0,,1.0,1.0,0.25,,,,,,,,,,,,,,,,,,0,0,0,,0,0.333,0.5,3,2,5,0.5,0.0,1.0,0.0,0.0,1.0,0.0,0.0,0.0,0.0,0.0,0.0,0.0,0.0,1.0,0.0,1.0,1.0,0.0,1.0,0.0,2.0,0.0,0.0,0.0,0.5,0.0,0.412,C,0.591,55.0,-0.016,93.0,0.607,,1.0,0.0,2.0,0.0,,0.0,0.0,0.5,0.0,0.0,0.0,1.0,0.0,0.0,0.0,0.0,1.0,0.0,1.0,,,1.0,0.0,,,0.0,TOR,1,,,,1,1.0,2021,20210129,False,22000292,,,,1.0,3.0,8.0,0.375,0.481,-0.106,0.375,1.0,3.0,0.333,0.396,-0.063,0.625,2.0,5.0,0.4,0.503,-0.103,0.5,2.0,4.0,0.5,0.6,-0.1,0.5,2.0,4.0,0.5,0.571,-0.071,0.5,1.0,4.0,0.25,0.405,-0.155,1610612761.0,TOR,9.0,6.0,3.0,3.0,0.0,7.0,14.0,0.0,0.0,0.0,0.0,0.0,0.0,2.0,2.0,2.0,1.0,0.0,1.0,1.0,0.5,1610612761,TOR,33.0,0.0,0.0,0.0,0.0,0.0,0.0,0.0,0.0,0.0,0.0,0.0,0.0,0.0,0.0,0.0,0.0,0.0,1610612761,TOR,23.8,9567.0,1.81,0.95,0.86,4.27,5.18,3.95,2020_21
200768,Kyle Lowry,Kyle,1610612761,TOR,35.0,1,0,1,0.0,37.181666666666665,7,17,0.412,2,8,0.25,1,1,1.0,2,1,3,6,4,0,0,1,3,5,17,-6,25.6,0,0,28.0,1,111,111,111,12,33,16,123,33,15,104,87,100,1,28,150,108,15,4,103,63,163,161,17,44,163,72,13,2,59,,158,115.6,115.6,-10.0,125.0,147,77,0.236,45,146,170,56,7.0,-9.4,14.8,0.241,170,96,160,146,125.0,1.5,17.0,0.24,0.471,65,0.05,171,122.5,98.76,0.033,101.13,-9.4,172,171,159,57,82.3,116,0.487,159,70,98.76,58,96,142,135,112.5,33,0.054,14.6,106,22.2,132,16,0.043,1.0,7,0,13,0.115,0.135,18,62,52,0,9,0,0.5,0.0,0.353,17,0,0,0.0,0.529,6,6,0.176,0.0,3,3,79,0.667,0,0.0,0,32,4.72,0.215,4.29,0.0,17,6.2,3,0.273,1.0,6.0,1.0,0.2,0.4,18.8,1.0,1.0,0.0,3.9,0.5,0.333,5.0,0.0,0.3,0.2,8.9,2.0,1.0,0.333,0.0,11.0,1.0,1.0,TOR,0.059,1.0,1.0,1610612761.0,1.0,0.0,1.0,1.0,0.0,,1.0,0.059,1.0,0.0,1.0,0.118,2.0,2.0,0.0,2.0,2.0,0.0,0.118,,0.0,1.0,1.0,0.333,10.0,4.0,2.0,0.5,2.0,6.0,0.588,0.235,0.5,0.4,4.0,0.353,0.235,0.0,0.235,0.0,0.0,0.0,0.0,,0.0,4.0,0.0,0.0,4.0,0.571,0.4,0.429,2.0,7,3,8,5.0,0,0.5,0.0,0,0,2,0.471,0.0,0.0,0.0,2.0,2.0,1.0,0.0,0.0,0.0,0.0,0.0,0.0,0.0,1.0,0.0,1.0,3.0,0.0,1.0,0.0,6.0,0.5,8.0,0.25,0.5,0.0,0.351,G,0.577,41.0,-0.032,71.0,0.609,0.0,0.0,0.0,7.0,0.0,0.0,0.0,7.0,0.571,0.286,0.0,0.0,1.0,0.0,1.0,0.0,0.0,0.0,0.5,4.0,0.0,0.0,2.0,2.0,0.0,0.0,0.0,TOR,0,0.0,3.0,0.0,3,0.0,2021,20210129,False,22000292,,,,1.0,8.0,12.0,0.667,0.468,0.198,0.667,5.0,8.0,0.625,0.373,0.252,0.333,3.0,4.0,0.75,0.516,0.235,0.167,2.0,2.0,1.0,0.645,0.355,0.167,2.0,2.0,1.0,0.579,0.421,0.833,6.0,10.0,0.6,0.375,0.226,1610612761.0,TOR,4.0,0.0,4.0,1.0,1.0,0.0,0.0,0.0,0.0,0.0,0.0,0.0,0.0,1.0,1.0,1.0,0.0,0.0,1.0,1.0,0.0,1610612761,TOR,79.0,0.0,0.0,0.0,0.0,0.0,0.0,0.0,0.0,0.0,0.0,0.0,0.0,0.0,0.0,0.0,0.0,0.0,1610612761,TOR,37.18,13514.0,2.56,1.41,1.15,3.86,4.19,3.25,2020_21
1628963,Marvin Bagley III,Marvin,1610612758,SAC,22.0,1,1,0,1.0,19.8,3,8,0.375,1,4,0.25,0,2,0.0,1,4,5,1,3,1,0,0,4,3,7,4,14.5,0,0,16.0,1,1,1,1,139,100,87,141,69,61,104,107,65,107,50,54,61,111,17,33,63,1,196,40,116,67,131,13,2,112,,91,116.3,116.3,3.8,109.5,204,43,0.231,132,87,108,115,3.0,6.8,23.1,0.223,108,90,56,87,109.5,0.33,8.0,0.077,0.438,152,0.05,195,106.9,103.03,0.211,106.91,6.8,53,195,102,62,85.86,45,0.394,102,70,103.03,69,90,95,160,110.7,100,-0.007,23.3,110,7.7,136,87,0.128,0.0,1,0,2,0.042,0.042,3,19,24,0,1,0,0.0,0.0,0.0,1,0,0,0.0,1.0,0,0,0.0,0.0,0,0,34,0.0,1,0.0,0,18,1.53,0.206,0.79,2.0,7,0.9,2,1.0,0.0,2.0,4.0,1.0,0.5,5.4,0.0,1.0,0.0,3.5,1.0,0.2,4.0,0.0,1.0,1.0,5.0,4.0,0.0,0.5,0.0,5.0,1.0,1.0,SAC,0.125,1.0,1.0,1610612758.0,1.0,0.0,1.0,1.0,0.0,,1.0,0.125,1.0,0.0,0.333,0.375,3.0,1.0,0.0,1.0,3.0,0.0,0.375,,0.0,0.333,0.333,,3.0,3.0,0.0,0.5,1.0,0.0,0.375,0.375,0.333,0.333,1.0,0.0,0.125,0.0,0.125,0.0,0.0,0.0,0.0,,0.0,1.0,0.0,0.0,1.0,,,,0.0,0,0,0,0.0,2,0.0,0.0,0,3,0,0.438,1.0,0.25,0.5,0.0,1.0,0.0,0.0,3.0,1.0,0.0,0.0,0.0,0.333,0.0,2.0,0.0,2.0,1.0,0.0,1.0,3.0,0.0,1.0,0.0,0.667,0.0,0.439,F,0.72,67.0,0.094,93.0,0.627,0.0,1.0,0.0,3.0,0.0,,0.0,1.0,0.667,0.0,1.0,0.0,3.0,0.0,0.0,0.0,0.0,0.333,0.0,2.0,0.0,0.0,0.0,0.0,,,0.0,SAC,1,0.25,4.0,1.0,4,0.375,2021,20210129,False,22000292,,,,1.0,1.0,5.0,0.2,0.45,-0.25,0.2,0.0,1.0,0.0,0.367,-0.367,0.8,1.0,4.0,0.25,0.509,-0.259,0.4,1.0,2.0,0.5,0.592,-0.092,0.6,1.0,3.0,0.333,0.551,-0.218,0.4,0.0,2.0,0.0,0.342,-0.342,1610612758.0,SAC,2.0,2.0,0.0,2.0,0.0,0.0,0.0,0.0,0.0,0.0,0.0,0.0,0.0,1.0,1.0,1.0,1.0,0.0,1.0,1.0,1.0,1610612758,SAC,34.0,1.0,1.0,1.0,1.0,0.0,0.0,0.0,2.0,2.0,0.0,0.0,0.0,0.0,0.0,0.0,0.0,0.0,1610612758,SAC,19.8,8428.0,1.6,0.88,0.72,4.48,4.76,4.16,2020_21
1627783,Pascal Siakam,Pascal,1610612761,TOR,27.0,1,0,1,0.0,37.833333333333336,11,20,0.55,0,1,0.0,10,14,0.714,0,4,4,2,3,1,0,0,2,9,32,-11,39.8,0,0,40.0,1,111,111,111,8,3,5,64,122,130,122,4,3,77,114,54,80,77,17,33,63,1,106,2,5,193,23,13,2,19,,178,117.1,117.1,-13.7,130.5,68,82,0.309,120,155,192,102,11.0,-13.4,9.7,0.316,192,89,141,155,130.5,0.67,20.0,0.095,0.55,158,0.0,132,127.6,104.04,0.125,106.7,-13.4,107,132,82,23,86.7,47,0.612,82,114,104.04,24,89,155,95,113.9,3,0.131,9.6,101,6.5,99,5,0.056,0.0,2,0,3,0.045,0.045,4,49,44,4,4,1,0.857,0.143,1.071,14,3,2,0.071,0.286,15,7,0.143,0.75,2,6,73,1.25,4,1.5,2,32,2.97,0.438,2.19,1.75,32,3.6,4,0.5,0.0,4.0,3.0,0.667,0.0,3.9,0.0,1.0,1.0,0.0,0.0,0.25,6.0,0.0,0.5,0.667,3.9,3.0,0.0,0.0,0.25,8.0,0.0,3.0,TOR,0.2,0.75,0.75,1610612761.0,4.0,0.0,1.0,3.0,0.0,,4.0,0.2,0.75,0.0,0.5,0.4,8.0,4.0,0.0,4.0,8.0,0.0,0.4,,0.0,0.5,0.5,0.5,6.0,0.0,3.0,0.5,0.0,6.0,0.3,0.0,,0.5,3.0,0.3,0.1,0.5,0.05,1.0,1.0,0.0,0.5,1.0,0.0,1.0,0.05,1.0,2.0,0.2,,0.2,0.0,5,1,2,0.0,7,1.0,1.0,3,0,5,0.55,1.0,0.0,0.0,0.0,5.0,3.0,0.0,0.0,0.0,0.0,0.0,0.0,0.0,2.0,0.0,0.0,8.0,0.0,0.0,0.0,12.0,0.6,1.0,0.0,0.667,0.0,0.364,F,0.64,55.0,0.001,86.0,0.639,0.0,0.0,2.0,13.0,0.0,,0.5,1.0,0.692,0.0,4.0,2.0,0.0,0.0,0.0,0.0,0.0,0.0,0.0,9.0,0.0,0.0,0.0,0.0,,,0.0,TOR,0,0.0,1.0,0.0,1,0.0,2021,20210129,False,22000292,,,,1.0,11.0,17.0,0.647,0.481,0.166,0.471,4.0,8.0,0.5,0.371,0.129,0.529,7.0,9.0,0.778,0.554,0.224,0.294,5.0,5.0,1.0,0.648,0.352,0.529,7.0,9.0,0.778,0.588,0.19,0.471,4.0,8.0,0.5,0.374,0.126,1610612761.0,TOR,5.0,2.0,3.0,2.0,0.0,1.0,3.0,0.0,0.0,0.0,0.0,0.0,0.0,2.0,2.0,2.0,1.0,0.0,1.0,1.0,0.5,1610612761,TOR,73.0,4.0,2.0,2.0,1.0,2.0,2.0,1.0,7.0,1.75,0.0,0.0,0.0,0.0,1.0,0.25,1.0,0.25,1610612761,TOR,37.83,14937.0,2.83,1.58,1.25,4.05,4.83,3.61,2020_21
1628778,Paul Watson,Paul,1610612761,TOR,26.0,1,0,1,0.0,0.1683333333333333,0,0,0.0,0,0,0.0,0,0,0.0,0,0,0,0,0,0,0,0,0,0,0,-3,0.0,0,0,0.0,1,111,111,111,227,191,207,191,122,163,122,107,115,107,114,180,189,163,147,103,63,1,1,149,195,146,212,13,2,212,,227,0.0,0.0,-300.0,300.0,188,0,0.0,163,227,227,120,0.0,-300.0,0.0,0.0,227,222,189,227,300.0,0.0,0.0,0.0,0.0,163,0.0,1,300.0,142.57,0.0,142.57,-300.0,180,1,1,212,118.81,1,0.0,1,114,142.57,212,222,227,195,0.0,191,0.0,0.0,222,0.0,191,207,0.0,,0,0,0,0.0,0.0,0,0,0,0,0,0,0.0,0.0,0.0,0,0,0,0.0,0.0,0,0,0.0,0.0,0,0,0,0.0,0,0.0,0,0,0.0,0.0,0.0,0.0,0,0.0,0,,,,,,,,,,,,,,,,,,,,,,,,,,,,,,,,,,,,,,,,,,,,,,,,,,,,,,,,,,,,,,,,,,,,,,,,,,,,,,,,,,,,0,0,0,,0,0.0,0.0,0,0,0,0.0,0.0,0.0,,0.0,,,,,,,,,,,,,,,,,,,0.0,0.0,,,0.615,G,0.75,6.0,0.182,8.0,0.568,,0.0,,,,,,,,,,,0.0,,,,,0.0,,,,,,,,,,TOR,0,,,,0,,2021,20210129,False,22000292,,,,,,,,,,,,,,,,,,,,,,,,,,,,,,,,,,,,,,,,,,,,,,,,,,,,,,,,,,,,,,,1610612761,TOR,0.0,0.0,0.0,0.0,0.0,0.0,0.0,0.0,0.0,0.0,0.0,0.0,0.0,0.0,0.0,0.0,0.0,0.0,1610612761,TOR,0.17,81.0,0.02,0.0,0.02,0.0,0.0,0.0,2020_21
1626158,Richaun Holmes,Richaun,1610612758,SAC,27.0,1,1,0,1.0,26.183333333333334,1,4,0.25,0,0,0.0,3,4,0.75,2,3,5,2,4,1,2,0,6,4,5,3,19.0,0,0,18.0,1,1,1,1,78,156,149,172,122,163,122,40,35,66,28,82,61,77,4,33,4,1,226,29,143,76,97,13,2,99,,114,118.2,118.2,3.3,112.7,206,55,0.159,123,94,119,108,1.0,5.5,33.3,0.153,119,84,93,94,112.7,0.5,4.0,0.091,0.25,98,0.087,217,111.5,100.83,0.103,102.84,5.5,128,212,137,130,84.02,94,0.434,137,39,100.83,143,84,99,147,114.8,156,-0.01,34.0,94,16.7,176,149,0.096,0.0,2,0,2,0.091,0.091,5,19,22,0,0,0,0.5,0.0,1.0,2,0,0,0.0,0.0,2,2,0.0,0.0,0,1,33,0.5,1,0.25,4,21,2.12,0.152,0.7,0.0,5,1.2,6,0.294,2.0,4.0,3.0,0.231,0.5,4.8,0.0,2.0,0.0,7.6,1.0,0.4,13.0,2.0,0.333,0.273,5.9,4.0,1.0,0.5,0.0,17.0,2.0,0.0,SAC,0.25,0.0,0.0,1610612758.0,1.0,0.0,1.0,0.0,0.0,,1.0,0.25,0.0,0.0,0.5,0.5,2.0,1.0,0.0,1.0,2.0,0.0,0.5,,0.0,0.5,0.5,,,,,,,,,,,,,,0.25,0.0,0.0,1.0,0.0,,0.0,0.0,0.0,0.0,0.25,0.0,1.0,,,,,0,0,0,,0,0.0,0.0,1,0,3,0.25,0.0,0.0,0.0,0.0,3.0,1.0,0.0,0.0,0.0,0.0,0.0,0.0,0.0,0.0,0.0,0.0,0.0,0.0,0.0,0.0,1.0,0.333,0.0,0.0,0.0,0.0,0.434,F,0.562,59.0,-0.052,105.0,0.614,0.0,0.0,0.0,2.0,0.0,0.0,0.0,0.0,0.5,0.0,1.0,0.0,0.0,0.0,0.0,0.0,0.0,0.0,0.0,1.0,0.0,0.0,1.0,0.0,0.0,0.0,0.0,SAC,0,,,,1,0.0,2021,20210129,False,22000292,,,,1.0,10.0,18.0,0.556,0.436,0.119,0.222,0.0,4.0,0.0,0.338,-0.338,0.778,10.0,14.0,0.714,0.492,0.222,0.5,6.0,9.0,0.667,0.556,0.111,0.611,7.0,11.0,0.636,0.532,0.105,0.278,1.0,5.0,0.2,0.352,-0.152,1610612758.0,SAC,10.0,10.0,0.0,2.0,0.0,4.0,10.0,0.0,0.0,0.0,0.0,0.0,0.0,0.0,0.0,0.0,0.0,0.0,0.0,0.0,0.0,1610612758,SAC,33.0,1.0,0.0,0.0,0.0,0.0,0.0,0.0,0.0,0.0,1.0,1.0,0.0,0.0,0.0,0.0,0.0,0.0,1610612758,SAC,26.18,9674.0,1.83,0.95,0.88,3.8,4.13,3.9,2020_21
1626169,Stanley Johnson,Stanley,1610612761,TOR,25.0,1,0,1,0.0,19.245,1,3,0.333,1,3,0.333,0,0,0.0,1,0,1,1,1,3,0,0,2,0,3,5,13.7,0,0,12.0,1,111,111,111,144,156,165,149,69,86,80,107,115,107,50,180,163,111,73,2,63,1,106,149,166,59,136,13,2,142,,118,131.6,131.6,16.9,109.8,169,38,0.095,144,46,110,72,1.0,21.8,20.0,0.094,110,28,173,46,109.8,1.0,3.0,0.067,0.5,72,0.056,188,112.6,98.52,0.0,97.97,21.8,180,187,162,192,82.1,154,0.5,162,62,98.52,192,28,54,126,129.5,156,0.03,20.0,35,20.0,109,165,0.03,0.0,1,0,1,0.048,0.048,2,15,21,0,0,0,0.0,0.0,0.0,0,0,0,0.0,0.0,0,0,0.0,0.0,0,0,27,0.0,0,0.0,1,14,1.58,0.111,0.52,0.0,3,0.7,1,0.167,0.0,1.0,0.0,0.0,1.0,0.0,0.0,0.0,0.0,36.7,0.0,0.0,5.0,0.0,0.167,0.0,36.7,1.0,1.0,1.0,0.0,6.0,0.0,,,,,,,,,,,,,,,,,0.0,0.0,0.0,0.0,0.0,0.0,1.0,0.333,0.333,0.0,1.0,,0.0,,,,,,,,,,,,,,0.667,0.75,0.667,0.0,0.0,0.5,0.5,,1.0,2.0,0.0,1.0,2.0,,,,0.0,0,0,0,0.0,0,0.0,0.0,0,3,0,0.5,0.0,0.333,1.0,0.0,0.0,0.0,0.0,1.0,0.0,0.0,0.0,0.0,1.0,0.0,1.0,0.0,0.0,1.0,0.0,1.0,0.0,0.0,2.0,0.0,0.0,0.0,0.361,F-G,0.5,24.0,-0.127,48.0,0.627,0.0,1.0,0.0,0.0,0.0,0.0,0.0,1.0,0.0,0.0,0.0,0.0,1.0,0.0,0.0,0.0,0.0,1.0,0.0,0.0,0.0,0.0,0.0,0.0,0.0,1.0,0.0,TOR,1,0.333,3.0,1.0,3,0.5,2021,20210129,False,22000292,,,,1.0,2.0,4.0,0.5,0.491,0.009,0.75,1.0,3.0,0.333,0.391,-0.058,0.25,1.0,1.0,1.0,0.565,0.435,0.25,1.0,1.0,1.0,0.648,0.352,0.25,1.0,1.0,1.0,0.589,0.411,0.75,1.0,3.0,0.333,0.388,-0.055,1610612761.0,TOR,1.0,0.0,1.0,3.0,0.0,0.0,0.0,0.0,0.0,0.0,0.0,0.0,0.0,0.0,0.0,0.0,0.0,0.0,0.0,0.0,0.0,1610612761,TOR,27.0,0.0,0.0,0.0,0.0,0.0,0.0,0.0,0.0,0.0,0.0,0.0,0.0,0.0,0.0,0.0,0.0,0.0,1610612761,TOR,19.25,7735.0,1.46,0.79,0.68,4.31,4.86,3.82,2020_21
1629056,Terence Davis,Terence,1610612758,SAC,24.0,1,0,1,0.0,18.95,4,7,0.571,2,4,0.5,2,2,1.0,1,1,2,0,1,1,1,0,3,1,12,-5,19.4,0,0,20.0,1,111,111,111,145,69,100,53,33,61,35,53,65,1,50,150,141,163,73,33,19,1,161,97,70,156,96,13,2,90,,199,122.0,122.0,-15.0,127.9,114,41,0.191,163,135,184,120,4.0,-6.0,11.1,0.196,184,71,143,135,127.9,0.0,7.0,0.0,0.714,163,0.053,150,133.2,106.39,0.056,105.83,-6.0,160,144,56,95,88.65,54,0.761,56,67,106.39,93,71,163,37,118.3,69,0.088,11.3,86,0.0,43,100,0.054,0.0,0,0,1,0.0,0.0,0,17,13,0,1,0,0.0,0.0,0.0,1,0,0,0.0,1.0,0,0,0.0,0.0,0,0,22,1.0,0,1.0,2,13,2.23,0.545,2.09,0.0,12,0.8,4,0.333,0.0,4.0,1.0,0.5,0.25,4.2,0.0,0.0,0.0,0.0,0.0,0.0,2.0,0.0,0.333,0.5,4.2,1.0,0.0,0.25,0.0,6.0,0.0,,,,,,,,,,,,,,,,,0.6,0.429,3.0,3.0,1.0,2.0,5.0,0.286,0.714,0.5,2.0,0.667,0.7,,2.0,2.0,0.0,0.75,1.0,0.0,0.286,0.286,0.5,0.5,1.0,0.0,,,,,,,,,,,,,,0.75,0.5,0.5,1.0,2,1,3,2.0,0,0.667,1.0,2,3,4,0.714,0.0,0.5,1.0,1.0,1.0,1.0,0.0,1.0,0.0,0.0,0.0,0.0,1.0,0.0,1.0,0.0,1.0,1.0,0.0,1.0,2.0,1.0,3.0,0.333,0.5,0.0,0.391,G,0.56,14.0,-0.067,25.0,0.627,0.0,1.0,1.0,2.0,0.0,0.0,1.0,3.0,0.5,0.333,1.0,0.0,1.0,0.0,0.0,0.0,0.0,1.0,0.0,1.0,0.0,0.0,0.0,1.0,0.0,0.0,0.0,SAC,1,0.5,2.0,1.0,2,0.75,2021,20210129,False,22000292,,,,1.0,3.0,6.0,0.5,0.476,0.025,0.333,1.0,2.0,0.5,0.4,0.1,0.667,2.0,4.0,0.5,0.556,-0.056,0.5,1.0,3.0,0.333,0.64,-0.307,0.667,2.0,4.0,0.5,0.583,-0.083,0.333,1.0,2.0,0.5,0.403,0.098,1610612758.0,SAC,2.0,1.0,1.0,0.0,0.0,0.0,0.0,0.0,1.0,1.0,0.0,1.0,0.0,0.0,0.0,0.0,0.0,0.0,0.0,0.0,0.0,1610612758,SAC,22.0,0.0,0.0,0.0,0.0,0.0,0.0,0.0,0.0,0.0,0.0,0.0,0.0,0.0,0.0,0.0,0.0,0.0,1610612758,SAC,18.95,8201.0,1.55,0.83,0.72,4.69,4.84,3.97,2020_21
1630169,Tyrese Haliburton,Tyrese,1610612758,SAC,21.0,1,1,0,1.0,33.36666666666667,4,10,0.4,1,7,0.143,1,1,1.0,1,5,6,11,2,1,1,0,3,1,10,2,37.7,1,0,32.0,1,1,1,1,33,69,61,125,69,25,119,87,100,1,50,37,42,1,36,33,19,1,161,97,86,84,32,1,2,45,,144,121.9,121.9,2.0,120.8,80,73,0.148,10,105,152,9,4.0,1.1,8.7,0.156,152,72,85,105,120.8,5.5,10.0,0.407,0.45,9,0.038,122,119.0,104.3,0.147,105.5,1.1,91,123,77,141,86.91,59,0.479,77,80,104.3,138,72,106,136,121.0,69,0.117,8.5,76,47.8,133,61,0.1,2.0,13,0,14,0.155,0.183,29,64,71,0,5,1,1.0,0.0,0.7,10,0,0,0.1,0.5,7,3,0.1,0.0,1,3,87,0.0,0,0.0,0,47,3.95,0.115,3.0,0.0,10,5.7,1,0.857,0.0,2.0,4.0,1.0,0.5,10.7,0.0,1.0,1.0,9.6,0.0,0.167,5.0,0.0,0.857,1.0,10.5,5.0,1.0,0.5,0.2,7.0,0.0,1.0,SAC,0.1,1.0,1.0,1610612758.0,1.0,0.0,1.0,1.0,0.0,,1.0,0.1,1.0,0.0,0.5,0.1,1.0,1.0,0.0,1.0,2.0,0.1,0.2,0.0,1.0,1.0,0.5,1.0,2.0,1.0,1.0,0.5,0.0,1.0,0.2,0.1,0.0,0.5,1.0,0.1,0.5,0.3,0.5,0.0,0.0,0.2,0.2,,1.0,5.0,0.0,1.0,5.0,0.333,0.0,0.333,0.0,3,1,2,2.0,0,0.0,0.0,0,3,0,0.45,0.0,0.2,0.0,1.0,1.0,1.0,0.0,3.0,2.0,0.0,0.0,0.0,0.0,1.0,1.0,1.0,1.0,0.0,1.0,0.0,1.0,1.0,4.0,0.25,1.0,0.0,0.383,G,0.694,43.0,0.092,62.0,0.602,,0.0,0.0,1.0,0.0,0.0,0.0,3.0,1.0,0.333,0.0,1.0,4.0,1.0,1.0,0.0,0.0,0.0,1.0,1.0,,,1.0,1.0,0.0,0.0,1.0,SAC,1,0.2,5.0,1.0,5,0.3,2021,20210129,False,22000292,,,,1.0,5.0,13.0,0.385,0.446,-0.061,0.385,2.0,5.0,0.4,0.384,0.016,0.615,3.0,8.0,0.375,0.527,-0.152,0.385,2.0,5.0,0.4,0.586,-0.186,0.538,3.0,7.0,0.429,0.559,-0.131,0.385,2.0,5.0,0.4,0.387,0.013,1610612758.0,SAC,4.0,3.0,1.0,3.0,0.0,0.0,0.0,0.0,0.0,0.0,0.0,0.0,0.0,0.0,0.0,0.0,0.0,0.0,0.0,0.0,0.0,1610612758,SAC,87.0,0.0,0.0,0.0,0.0,0.0,0.0,0.0,0.0,0.0,0.0,0.0,0.0,0.0,0.0,0.0,0.0,0.0,1610612758,SAC,33.37,13804.0,2.61,1.5,1.12,4.21,4.6,3.77,2020_21
1629139,Yuta Watanabe,Yuta,1610612761,TOR,26.0,1,0,1,0.0,24.45,4,5,0.8,2,3,0.667,2,2,1.0,2,4,6,2,1,2,0,0,2,2,12,10,27.2,0,0,26.0,1,111,111,111,96,69,130,15,33,86,15,53,65,1,28,54,42,77,73,9,63,1,106,65,70,34,66,13,2,64,,126,138.8,138.8,17.2,111.5,42,49,0.117,114,35,117,39,4.0,27.2,11.1,0.116,117,17,30,35,111.5,2.0,5.0,0.105,1.0,65,0.095,151,114.9,99.14,0.25,100.08,27.2,30,144,156,175,82.62,133,1.02,156,38,99.14,178,17,53,5,132.1,69,0.167,11.3,25,22.2,6,130,0.162,0.0,2,0,1,0.105,0.105,4,14,19,0,1,0,1.0,0.0,1.0,2,0,0,0.0,0.5,2,1,0.5,0.0,1,1,25,0.0,0,0.0,1,14,1.36,0.48,0.8,0.0,12,0.6,3,0.6,2.0,3.0,3.0,0.571,1.0,4.3,1.0,2.0,1.0,8.7,0.5,0.333,7.0,1.0,0.75,0.667,5.8,4.0,1.0,0.667,0.25,10.0,1.0,,,,,,,,,,,,,,,,,1.0,0.4,2.0,2.0,0.0,2.0,2.0,0.0,0.4,,0.0,1.0,1.0,,,,,,,,,,,,,,0.6,1.0,0.6,0.0,0.0,0.667,0.667,,2.0,3.0,0.0,2.0,3.0,,,,0.0,0,0,0,0.0,0,0.0,0.0,0,6,0,1.0,0.0,0.667,1.0,0.0,1.0,1.0,0.0,3.0,2.0,0.0,0.0,0.5,0.667,0.0,1.0,0.0,1.0,1.0,0.0,2.0,1.0,1.0,0.0,0.0,1.0,1.0,0.513,G-F,0.525,21.0,-0.073,40.0,0.598,,2.0,0.0,2.0,0.0,0.0,0.0,0.0,1.0,0.0,0.0,0.0,3.0,0.0,0.0,0.0,0.0,0.667,0.0,2.0,,,0.0,0.0,0.0,0.0,0.0,TOR,2,0.667,3.0,2.0,3,1.0,2021,20210129,False,22000292,,,,1.0,5.0,10.0,0.5,0.491,0.009,0.2,0.0,2.0,0.0,0.4,-0.4,0.8,5.0,8.0,0.625,0.528,0.098,0.7,4.0,7.0,0.571,0.634,-0.063,0.7,4.0,7.0,0.571,0.578,-0.007,0.3,1.0,3.0,0.333,0.397,-0.064,1610612761.0,TOR,5.0,3.0,2.0,3.0,0.0,0.0,0.0,0.0,1.0,1.0,0.0,1.0,0.0,2.0,2.0,1.0,1.0,0.0,1.0,1.0,1.0,1610612761,TOR,25.0,0.0,0.0,0.0,0.0,0.0,0.0,0.0,0.0,0.0,0.0,0.0,0.0,0.0,0.0,0.0,0.0,0.0,1610612761,TOR,24.45,10881.0,2.06,1.07,0.99,4.6,5.28,4.03,2020_21
202709,Cory Joseph,Cory,1610612758,SAC,29.0,1,1,0,1.0,24.46,6,9,0.667,2,4,0.5,2,2,1.0,0,1,1,4,0,1,0,0,3,3,16,-10,26.2,0,0,25.0,1,1,1,1,95,45,74,23,33,61,35,53,65,1,114,150,163,32,147,33,63,1,161,40,50,185,69,13,2,68,,195,113.0,113.0,-14.2,136.5,61,54,0.155,30,175,206,120,6.0,-23.6,0.0,0.18,206,105,176,175,136.5,0.0,9.0,0.286,0.778,32,0.0,1,131.4,104.01,0.056,104.09,-23.6,160,1,83,135,86.67,76,0.81,83,114,104.01,114,105,159,24,117.2,45,0.14,0.0,90,30.8,27,74,0.028,0.0,4,0,6,0.138,0.138,9,36,29,0,2,0,1.0,0.0,1.6,5,0,0,0.0,0.4,8,3,0.4,0.0,2,3,39,0.0,0,0.0,0,25,2.69,0.41,2.38,0.0,16,1.7,0,0.5,1.0,0.0,0.0,0.5,0.0,5.3,0.0,1.0,1.0,0.0,0.0,1.0,2.0,1.0,1.0,1.0,5.3,0.0,0.0,0.0,1.0,2.0,0.0,1.0,DET,0.111,1.0,1.0,1610612765.0,1.0,0.0,1.0,1.0,0.0,,1.0,0.111,1.0,0.0,0.667,0.333,3.0,2.0,0.0,2.0,3.0,0.0,0.333,,0.0,0.667,0.667,1.0,1.0,0.0,1.0,1.0,0.0,1.0,0.111,0.0,,1.0,1.0,0.111,0.444,0.75,0.444,0.0,0.0,0.5,0.5,,2.0,4.0,0.0,2.0,4.0,0.5,,0.5,0.0,2,1,2,0.0,0,0.0,0.0,0,6,0,0.778,0.0,0.5,1.0,0.0,1.0,1.0,0.0,2.0,0.0,0.0,0.0,0.0,1.0,1.0,2.0,0.0,3.0,2.0,0.0,2.0,3.0,1.0,2.0,0.0,1.0,0.0,0.435,G,0.596,28.0,0.0,47.0,0.596,,2.0,1.0,3.0,0.0,0.0,1.0,2.0,1.0,0.0,1.0,0.0,2.0,0.0,0.0,0.0,0.0,1.0,0.0,3.0,,,1.0,0.0,0.0,0.0,0.0,DET,2,0.5,4.0,2.0,4,0.75,2021,20210129,False,22000292,1707.0,TOR,SAC,1.0,3.0,7.0,0.429,0.43,-0.001,0.429,2.0,3.0,0.667,0.357,0.31,0.571,1.0,4.0,0.25,0.523,-0.273,0.429,1.0,3.0,0.333,0.598,-0.264,0.429,1.0,3.0,0.333,0.58,-0.246,0.429,2.0,3.0,0.667,0.374,0.293,1610612765.0,DET,3.0,2.0,1.0,3.0,0.0,0.0,0.0,0.0,0.0,0.0,0.0,0.0,0.0,0.0,0.0,0.0,0.0,0.0,0.0,0.0,0.0,1610612765,DET,39.0,0.0,0.0,0.0,0.0,0.0,0.0,0.0,0.0,0.0,0.0,0.0,0.0,0.0,0.0,0.0,0.0,0.0,1610612765,DET,24.47,10272.0,1.95,1.02,0.92,4.18,4.14,4.24,2020_21
