PLAYER_ID,PLAYER_NAME,NICKNAME,TEAM_ID,TEAM_ABBREVIATION,AGE,GP,W,L,W_PCT,MIN,FGM,FGA,FG_PCT,FG3M,FG3A,FG3_PCT,FTM,FTA,FT_PCT,OREB,DREB,REB,AST,TOV,STL,BLK,BLKA,PF,PFD,PTS,PLUS_MINUS,NBA_FANTASY_PTS,DD2,TD3,WNBA_FANTASY_PTS,GP_RANK,W_RANK,L_RANK,W_PCT_RANK,MIN_RANK,FGM_RANK,FGA_RANK,FG_PCT_RANK,FG3M_RANK,FG3A_RANK,FG3_PCT_RANK,FTM_RANK,FTA_RANK,FT_PCT_RANK,OREB_RANK,DREB_RANK,REB_RANK,AST_RANK,TOV_RANK,STL_RANK,BLK_RANK,BLKA_RANK,PF_RANK,PFD_RANK,PTS_RANK,PLUS_MINUS_RANK,NBA_FANTASY_PTS_RANK,DD2_RANK,TD3_RANK,WNBA_FANTASY_PTS_RANK,team_poss,E_DEF_RATING_RANK,sp_work_OFF_RATING,OFF_RATING,E_NET_RATING,sp_work_DEF_RATING,PIE_RANK,POSS,USG_PCT,AST_PCT_RANK,NET_RATING_RANK,DEF_RATING_RANK,AST_TO_RANK,FGM_PG,sp_work_NET_RATING,TM_TOV_PCT,E_USG_PCT,sp_work_DEF_RATING_RANK,sp_work_OFF_RATING_RANK,REB_PCT_RANK,sp_work_NET_RATING_RANK,DEF_RATING,AST_TO,FGA_PG,AST_PCT,EFG_PCT,AST_RATIO_RANK,OREB_PCT,E_TOV_PCT_RANK,E_DEF_RATING,PACE,DREB_PCT,E_PACE,NET_RATING,DREB_PCT_RANK,TM_TOV_PCT_RANK,sp_work_PACE_RANK,USG_PCT_RANK,PACE_PER40,E_PACE_RANK,TS_PCT,PACE_RANK,OREB_PCT_RANK,sp_work_PACE,E_USG_PCT_RANK,OFF_RATING_RANK,E_NET_RATING_RANK,TS_PCT_RANK,E_OFF_RATING,FGM_PG_RANK,PIE,E_TOV_PCT,E_OFF_RATING_RANK,AST_RATIO,EFG_PCT_RANK,FGA_PG_RANK,REB_PCT,FT_AST,AST_ADJ,SECONDARY_AST,POTENTIAL_AST,AST_TO_PASS_PCT,AST_TO_PASS_PCT_ADJ,AST_PTS_CREATED,PASSES_RECEIVED,PASSES_MADE,DRIVE_FTA,DRIVE_PASSES,DRIVE_TOV,DRIVE_FG_PCT,DRIVE_PF_PCT,DRIVE_PTS_PCT,DRIVES,DRIVE_FTM,DRIVE_PF,DRIVE_TOV_PCT,DRIVE_PASSES_PCT,DRIVE_PTS,DRIVE_FGA,DRIVE_AST_PCT,DRIVE_FT_PCT,DRIVE_AST,DRIVE_FGM,TOUCHES,PTS_PER_PAINT_TOUCH,POST_TOUCHES,PTS_PER_ELBOW_TOUCH,ELBOW_TOUCHES,FRONT_CT_TOUCHES,AVG_SEC_PER_TOUCH,PTS_PER_TOUCH,AVG_DRIB_PER_TOUCH,PTS_PER_POST_TOUCH,POINTS,TIME_OF_POSS,PAINT_TOUCHES,REB_CHANCE_PCT,REB_CHANCE_DEFER,OREB_CHANCES,DREB_UNCONTEST,DREB_CHANCE_PCT,OREB_CHANCE_PCT_ADJ,AVG_DREB_DIST,OREB_CHANCE_DEFER,REB_CONTEST,DREB_CONTEST,AVG_OREB_DIST,OREB_CONTEST_PCT,REB_CONTEST_PCT,DREB_CHANCES,DREB_CHANCE_DEFER,REB_CHANCE_PCT_ADJ,DREB_CHANCE_PCT_ADJ,AVG_REB_DIST,REB_UNCONTEST,OREB_UNCONTEST,OREB_CHANCE_PCT,DREB_CONTEST_PCT,REB_CHANCES,OREB_CONTEST,very_tight_FGM,PLAYER_LAST_TEAM_ABBREVIATION,very_tight_FGA_FREQUENCY,very_tight_FG_PCT,very_tight_EFG_PCT,PLAYER_LAST_TEAM_ID,very_tight_FGA,very_tight_FG3M,G,very_tight_FG2M,very_tight_FG3A_FREQUENCY,very_tight_FG3_PCT,very_tight_FG2A,very_tight_FG2A_FREQUENCY,very_tight_FG2_PCT,very_tight_FG3A,tight_FG_PCT,tight_FG2A_FREQUENCY,tight_FG2A,tight_FGM,tight_FG3M,tight_FG2M,tight_FGA,tight_FG3A_FREQUENCY,tight_FGA_FREQUENCY,tight_FG3_PCT,tight_FG3A,tight_FG2_PCT,tight_EFG_PCT,open_FG2_PCT,open_FGA,open_FG3A,open_FG2M,open_EFG_PCT,open_FG3M,open_FG2A,open_FGA_FREQUENCY,open_FG3A_FREQUENCY,open_FG3_PCT,open_FG_PCT,open_FGM,open_FG2A_FREQUENCY,wide_open_FGA_FREQUENCY,wide_open_EFG_PCT,wide_open_FG3A_FREQUENCY,wide_open_FG2A,wide_open_FG2M,wide_open_FG3_PCT,wide_open_FG_PCT,wide_open_FG2_PCT,wide_open_FG3M,wide_open_FG3A,wide_open_FG2A_FREQUENCY,wide_open_FGM,wide_open_FGA,PULL_UP_EFG_PCT,PULL_UP_FG3_PCT,PULL_UP_FG_PCT,PULL_UP_FG3M,PULL_UP_FGA,PULL_UP_FGM,PULL_UP_PTS,PULL_UP_FG3A,POST_TOUCH_PTS,PAINT_TOUCH_FG_PCT,ELBOW_TOUCH_FG_PCT,ELBOW_TOUCH_PTS,CATCH_SHOOT_PTS,PAINT_TOUCH_PTS,EFF_FG_PCT,POST_TOUCH_FG_PCT,CATCH_SHOOT_FG_PCT,RIGHT_CORNER_3_FG_PCT,ABOVE_BREAK_3_FGM,ITP_FGA,ITP_FGM,BACKCOURT_FG_PCT,CORNER_3_FGA,LEFT_CORNER_3_FGA,BACKCOURT_FGA,BACKCOURT_FGM,LEFT_CORNER_3_FG_PCT,CORNER_3_FG_PCT,MID_FGA,RIGHT_CORNER_3_FGA,MID_FGM,RA_FGM,RIGHT_CORNER_3_FGM,MID_FG_PCT,CORNER_3_FGM,RA_FGA,ITP_FG_PCT,ABOVE_BREAK_3_FGA,ABOVE_BREAK_3_FG_PCT,RA_FG_PCT,LEFT_CORNER_3_FGM,FREQ,PLAYER_POSITION,LT_06_PCT,FGM_LT_06,PLUSMINUS,FGA_LT_06,NS_LT_06_PCT,FGP_30_34,FGM_20_24,FGM_5_9,FGA_LT_5,FGM_40_PLUS,FGM_35_39,FGP_5_9,FGA_25_29,FGP_LT_5,FGP_25_29,FGA_5_9,FGA_15_19,FGA_20_24,FGP_15_19,FGM_10_14,FGA_40_PLUS,FGP_40_PLUS,FGP_20_24,FGP_10_14,FGM_LT_5,FGA_30_34,FGM_30_34,FGA_10_14,FGM_25_29,FGP_35_39,FGA_35_39,FGM_15_19,TEAM_ABBR,CATCH_SHOOT_FGM,CATCH_SHOOT_FG3_PCT,CATCH_SHOOT_FG3A,CATCH_SHOOT_FG3M,CATCH_SHOOT_FGA,CATCH_SHOOT_EFG_PCT,year,date,playoffs,GAME_ID,index,HTM,VTM,overall_def_PLAYER_NAME,overall_def_PLAYER_LAST_TEAM_ID,overall_def_PLAYER_LAST_TEAM_ABBREVIATION,overall_def_PLAYER_POSITION,overall_def_AGE,overall_def_GP,overall_def_G,overall_def_FREQ,overall_def_D_FGM,overall_def_D_FGA,overall_def_D_FG_PCT,overall_def_NORMAL_FG_PCT,overall_def_PCT_PLUSMINUS,three_pt_def_PLAYER_NAME,three_pt_def_PLAYER_LAST_TEAM_ID,three_pt_def_PLAYER_LAST_TEAM_ABBREVIATION,three_pt_def_PLAYER_POSITION,three_pt_def_AGE,three_pt_def_GP,three_pt_def_G,three_pt_def_FREQ,three_pt_def_FG3M,three_pt_def_FG3A,three_pt_def_FG3_PCT,three_pt_def_NS_FG3_PCT,three_pt_def_PLUSMINUS,two_pt_def_PLAYER_NAME,two_pt_def_PLAYER_LAST_TEAM_ID,two_pt_def_PLAYER_LAST_TEAM_ABBREVIATION,two_pt_def_PLAYER_POSITION,two_pt_def_AGE,two_pt_def_GP,two_pt_def_G,two_pt_def_FREQ,two_pt_def_FG2M,two_pt_def_FG2A,two_pt_def_FG2_PCT,two_pt_def_NS_FG2_PCT,two_pt_def_PLUSMINUS,less_6ft_def_PLAYER_NAME,less_6ft_def_PLAYER_LAST_TEAM_ID,less_6ft_def_PLAYER_LAST_TEAM_ABBREVIATION,less_6ft_def_PLAYER_POSITION,less_6ft_def_AGE,less_6ft_def_GP,less_6ft_def_G,less_6ft_def_FREQ,less_6ft_def_FGM_LT_06,less_6ft_def_FGA_LT_06,less_6ft_def_LT_06_PCT,less_6ft_def_NS_LT_06_PCT,less_6ft_def_PLUSMINUS,less_10ft_def_PLAYER_NAME,less_10ft_def_PLAYER_LAST_TEAM_ID,less_10ft_def_PLAYER_LAST_TEAM_ABBREVIATION,less_10ft_def_PLAYER_POSITION,less_10ft_def_AGE,less_10ft_def_GP,less_10ft_def_G,less_10ft_def_FREQ,less_10ft_def_FGM_LT_10,less_10ft_def_FGA_LT_10,less_10ft_def_LT_10_PCT,less_10ft_def_NS_LT_10_PCT,less_10ft_def_PLUSMINUS,more_15ft_def_PLAYER_NAME,more_15ft_def_PLAYER_LAST_TEAM_ID,more_15ft_def_PLAYER_LAST_TEAM_ABBREVIATION,more_15ft_def_PLAYER_POSITION,more_15ft_def_AGE,more_15ft_def_GP,more_15ft_def_G,more_15ft_def_FREQ,more_15ft_def_FGM_GT_15,more_15ft_def_FGA_GT_15,more_15ft_def_GT_15_PCT,more_15ft_def_NS_GT_15_PCT,more_15ft_def_PLUSMINUS,hustle_PLAYER_NAME,hustle_TEAM_ID,hustle_TEAM_ABBREVIATION,hustle_AGE,hustle_G,hustle_MIN,hustle_CONTESTED_SHOTS,hustle_CONTESTED_SHOTS_2PT,hustle_CONTESTED_SHOTS_3PT,hustle_DEFLECTIONS,hustle_CHARGES_DRAWN,hustle_SCREEN_ASSISTS,hustle_SCREEN_AST_PTS,hustle_OFF_LOOSE_BALLS_RECOVERED,hustle_DEF_LOOSE_BALLS_RECOVERED,hustle_LOOSE_BALLS_RECOVERED,hustle_PCT_LOOSE_BALLS_RECOVERED_OFF,hustle_PCT_LOOSE_BALLS_RECOVERED_DEF,hustle_OFF_BOXOUTS,hustle_DEF_BOXOUTS,hustle_BOX_OUTS,hustle_BOX_OUT_PLAYER_TEAM_REBS,hustle_BOX_OUT_PLAYER_REBS,hustle_PCT_BOX_OUTS_OFF,hustle_PCT_BOX_OUTS_DEF,hustle_PCT_BOX_OUTS_TEAM_REB,hustle_PCT_BOX_OUTS_REB,post_touch_PLAYER_NAME,post_touch_TEAM_ID,post_touch_TEAM_ABBREVIATION,post_touch_GP,post_touch_W,post_touch_L,post_touch_MIN,post_touch_TOUCHES,post_touch_POST_TOUCHES,post_touch_POST_TOUCH_FGM,post_touch_POST_TOUCH_FGA,post_touch_POST_TOUCH_FG_PCT,post_touch_POST_TOUCH_FTM,post_touch_POST_TOUCH_FTA,post_touch_POST_TOUCH_FT_PCT,post_touch_POST_TOUCH_PTS,post_touch_POST_TOUCH_PTS_PCT,post_touch_POST_TOUCH_PASSES,post_touch_POST_TOUCH_PASSES_PCT,post_touch_POST_TOUCH_AST,post_touch_POST_TOUCH_AST_PCT,post_touch_POST_TOUCH_TOV,post_touch_POST_TOUCH_TOV_PCT,post_touch_POST_TOUCH_FOULS,post_touch_POST_TOUCH_FOULS_PCT,speed_distance_PLAYER_NAME,speed_distance_TEAM_ID,speed_distance_TEAM_ABBREVIATION,speed_distance_GP,speed_distance_W,speed_distance_L,speed_distance_MIN,speed_distance_MIN1,speed_distance_DIST_FEET,speed_distance_DIST_MILES,speed_distance_DIST_MILES_OFF,speed_distance_DIST_MILES_DEF,speed_distance_AVG_SPEED,speed_distance_AVG_SPEED_OFF,speed_distance_AVG_SPEED_DEF,season
1626246,Boban Marjanović,Boban,1610612742,DAL,32.0,1,0,1,0.0,8.533333333333333,4,4,1.0,0,0,0.0,2,2,1.0,1,0,1,0,1,0,0,0,1,2,10,4,10.2,0,0,11.0,1,124,124,124,212,83,167,1,122,183,122,49,59,1,52,206,176,170,79,119,72,1,57,58,95,80,184,17,2,171,,167,153.3,153.3,34.0,118.8,21,15,0.3,170,16,163,120,4.0,34.6,16.7,0.296,163,1,144,16,118.8,0.0,4.0,0.0,1.0,170,0.125,191,120.6,87.19,0.0,86.17,34.6,206,187,239,22,72.66,237,1.025,239,17,87.19,24,1,17,5,154.6,83,0.193,17.0,2,0.0,4,167,0.063,0.0,0,0,2,0.0,0.0,0,11,10,0,0,0,0.0,0.0,0.0,0,0,0,0.0,0.0,0,0,0.0,0.0,0,0,16,1.333,5,0.0,0,12,1.1,0.625,0.25,0.4,10,0.3,6,0.25,1.0,2.0,0.0,0.0,0.5,0.0,0.0,1.0,0.0,2.3,1.0,1.0,2.0,1.0,0.333,0.0,2.3,0.0,0.0,0.5,0.0,4.0,1.0,1.0,DAL,0.25,1.0,1.0,1610612742.0,1.0,0.0,1.0,1.0,0.0,,1.0,0.25,1.0,0.0,1.0,0.5,2.0,2.0,0.0,2.0,2.0,0.0,0.5,,0.0,1.0,1.0,,,,,,,,,,,,,,0.25,1.0,0.0,1.0,1.0,,1.0,1.0,0.0,0.0,0.25,1.0,1.0,,,,,0,0,0,,2,1.0,0.0,0,0,8,1.0,0.0,0.0,0.0,0.0,0.0,0.0,,0.0,0.0,,,0.0,0.0,0.0,0.0,0.0,4.0,0.0,0.0,0.0,4.0,0.0,0.0,0.0,1.0,0.0,0.329,C,0.673,33.0,0.041,49.0,0.633,0.0,0.0,0.0,4.0,,,0.0,0.0,1.0,0.0,0.0,0.0,0.0,0.0,0.0,,,0.0,0.0,4.0,0.0,0.0,0.0,0.0,,,0.0,DAL,0,,,,0,,2021,20210426,False,22000926,,,,Boban Marjanović,1610612742.0,DAL,C,32.0,1.0,1.0,1.0,3.0,5.0,0.6,0.576,0.024,Boban Marjanović,1610612742.0,DAL,C,32.0,1.0,1.0,0.2,0.0,1.0,0.0,0.409,-0.409,Boban Marjanović,1610612742.0,DAL,C,32.0,1.0,1.0,0.8,3.0,4.0,0.75,0.626,0.125,Boban Marjanović,1610612742.0,DAL,C,32.0,1.0,1.0,0.4,2.0,2.0,1.0,0.715,0.285,Boban Marjanović,1610612742.0,DAL,C,32.0,1.0,1.0,0.6,3.0,3.0,1.0,0.64,0.36,Boban Marjanović,1610612742.0,DAL,C,32.0,1.0,1.0,0.2,0.0,1.0,0.0,0.413,-0.413,Boban Marjanović,1610612742.0,DAL,32.0,1.0,8.5,4.0,4.0,0.0,0.0,0.0,0.0,0.0,0.0,0.0,0.0,0.0,0.0,0.0,1.0,1.0,1.0,0.0,0.0,1.0,1.0,0.0,Boban Marjanović,1610612742,DAL,1,0,1,8.5,16.0,5.0,0.0,0.0,0.0,2.0,2.0,1.0,2.0,0.4,4.0,0.8,0.0,0.0,0.0,0.0,1.0,0.2,Boban Marjanović,1610612742,DAL,1,0,1,8.53,8.53,3154.0,0.6,0.31,0.29,4.01,3.95,4.06,2020_21
1627741,Buddy Hield,Buddy,1610612758,SAC,28.0,1,1,0,1.0,30.616666666666667,5,12,0.417,4,7,0.571,2,2,1.0,0,5,5,5,2,1,0,1,2,1,16,10,30.5,0,0,32.0,1,1,1,1,57,66,43,141,2,20,38,49,59,1,112,37,62,24,38,47,72,165,121,112,52,37,58,17,2,35,,112,120.3,120.3,12.1,103.1,100,64,0.214,54,47,92,27,5.0,17.2,10.0,0.215,92,67,122,47,103.1,2.5,12.0,0.227,0.583,56,0.0,137,107.9,101.12,0.132,98.96,17.2,119,131,91,77,84.27,112,0.621,91,112,101.12,83,67,72,96,120.0,66,0.112,10.1,66,25.0,91,43,0.081,0.0,5,0,6,0.185,0.185,10,35,27,0,1,1,0.2,0.0,0.25,8,0,0,0.125,0.125,2,5,0.0,0.0,0,1,44,0.0,0,0.0,0,24,3.28,0.364,2.77,0.0,16,2.4,0,0.5,2.0,1.0,4.0,0.556,0.0,8.5,0.0,1.0,1.0,0.0,0.0,0.2,9.0,2.0,0.625,0.714,8.5,4.0,0.0,0.0,0.2,10.0,0.0,,,,,,,,,,,,,,,,,0.333,0.25,3.0,1.0,0.0,1.0,3.0,0.0,0.25,,0.0,0.333,0.333,0.0,5.0,4.0,0.0,0.9,3.0,1.0,0.417,0.333,0.75,0.6,3.0,0.083,0.333,0.375,0.25,1.0,0.0,0.333,0.25,0.0,1.0,3.0,0.083,1.0,4.0,0.375,0.5,0.25,1.0,4,1,3,2.0,0,0.0,0.0,0,9,0,0.583,0.0,0.6,0.0,4.0,2.0,0.0,0.0,0.0,0.0,0.0,0.0,0.0,0.0,1.0,0.0,0.0,1.0,0.0,0.0,0.0,2.0,0.0,7.0,0.571,0.5,0.0,0.429,G,0.646,221.0,0.029,342.0,0.617,0.0,2.0,0.0,3.0,0.0,,0.0,4.0,0.333,0.5,0.0,1.0,3.0,0.0,0.0,0.0,0.0,0.667,0.0,1.0,0.0,0.0,1.0,2.0,,,0.0,SAC,3,0.6,5.0,3.0,5,0.9,2021,20210426,False,22000926,,,,Buddy Hield,1610612758.0,SAC,G,28.0,1.0,1.0,1.0,4.0,11.0,0.364,0.486,-0.122,Buddy Hield,1610612758.0,SAC,G,28.0,1.0,1.0,0.545,1.0,6.0,0.167,0.38,-0.214,Buddy Hield,1610612758.0,SAC,G,28.0,1.0,1.0,0.455,3.0,5.0,0.6,0.604,-0.004,Buddy Hield,1610612758.0,SAC,G,28.0,1.0,1.0,0.455,3.0,5.0,0.6,0.667,-0.067,Buddy Hield,1610612758.0,SAC,G,28.0,1.0,1.0,0.455,3.0,5.0,0.6,0.64,-0.04,Buddy Hield,1610612758.0,SAC,G,28.0,1.0,1.0,0.545,1.0,6.0,0.167,0.387,-0.22,Buddy Hield,1610612758.0,SAC,28.0,1.0,30.6,5.0,2.0,3.0,1.0,0.0,1.0,3.0,0.0,0.0,0.0,0.0,0.0,0.0,0.0,0.0,0.0,0.0,0.0,0.0,0.0,0.0,Buddy Hield,1610612758,SAC,1,1,0,30.6,44.0,0.0,0.0,0.0,0.0,0.0,0.0,0.0,0.0,0.0,0.0,0.0,0.0,0.0,0.0,0.0,0.0,0.0,Buddy Hield,1610612758,SAC,1,1,0,30.62,30.62,12487.0,2.36,1.28,1.09,4.41,4.85,3.99,2020_21
1629002,Chimezie Metu,Chimezie,1610612758,SAC,24.0,1,1,0,1.0,14.27,4,6,0.667,1,3,0.333,0,0,0.0,0,3,3,0,0,0,0,0,3,0,9,2,12.6,0,0,13.0,1,1,1,1,183,83,129,36,68,86,71,129,139,129,112,92,117,170,152,119,72,1,169,171,111,98,166,17,2,158,,72,107.4,107.4,12.9,100.0,35,27,0.194,170,93,63,120,4.0,7.4,0.0,0.202,63,130,83,93,100.0,0.0,6.0,0.0,0.75,170,0.0,1,99.7,90.82,0.167,88.87,7.4,82,1,233,113,75.68,232,0.75,233,112,90.82,109,130,70,51,112.6,83,0.165,0.0,110,0.0,40,129,0.103,0.0,0,0,0,0.0,0.0,0,13,14,0,0,0,1.0,0.0,2.0,1,0,0,0.0,0.0,2,1,0.0,0.0,0,1,21,0.0,1,0.0,0,12,2.47,0.429,0.86,0.0,9,0.9,0,1.0,0.0,1.0,3.0,1.0,0.0,5.4,0.0,0.0,0.0,0.0,0.0,0.0,3.0,0.0,1.0,1.0,5.4,3.0,0.0,0.0,0.0,3.0,0.0,,,,,,,,,,,,,,,,,0.667,0.333,2.0,2.0,0.0,2.0,3.0,0.167,0.5,0.0,1.0,1.0,0.667,,1.0,1.0,0.0,0.0,0.0,0.0,0.167,0.167,0.0,0.0,0.0,0.0,0.333,1.25,0.167,1.0,1.0,1.0,1.0,1.0,1.0,1.0,0.167,2.0,2.0,1.0,,1.0,0.0,1,1,2,0.0,0,0.0,0.0,0,3,0,0.75,0.0,0.333,0.0,1.0,2.0,2.0,0.0,0.0,0.0,0.0,0.0,0.0,0.0,1.0,0.0,1.0,0.0,0.0,1.0,0.0,0.0,1.0,3.0,0.333,0.0,0.0,0.439,F-C,0.64,48.0,0.012,75.0,0.628,0.0,1.0,2.0,0.0,0.0,,1.0,3.0,0.0,0.333,2.0,0.0,1.0,0.0,0.0,0.0,0.0,1.0,0.0,0.0,0.0,0.0,0.0,1.0,,,0.0,SAC,1,0.333,3.0,1.0,3,0.5,2021,20210426,False,22000926,,,,Chimezie Metu,1610612758.0,SAC,F-C,24.0,1.0,1.0,1.0,1.0,5.0,0.2,0.394,-0.194,Chimezie Metu,1610612758.0,SAC,F-C,24.0,1.0,1.0,0.6,0.0,3.0,0.0,0.336,-0.336,Chimezie Metu,1610612758.0,SAC,F-C,24.0,1.0,1.0,0.4,1.0,2.0,0.5,0.478,0.022,Chimezie Metu,1610612758.0,SAC,F-C,24.0,1.0,1.0,0.2,1.0,1.0,1.0,0.63,0.37,Chimezie Metu,1610612758.0,SAC,F-C,24.0,1.0,1.0,0.2,1.0,1.0,1.0,0.593,0.407,Chimezie Metu,1610612758.0,SAC,F-C,24.0,1.0,1.0,0.6,0.0,3.0,0.0,0.348,-0.348,Chimezie Metu,1610612758.0,SAC,24.0,1.0,14.3,5.0,2.0,3.0,1.0,0.0,0.0,0.0,0.0,0.0,0.0,0.0,0.0,0.0,4.0,4.0,2.0,0.0,0.0,1.0,0.5,0.0,Chimezie Metu,1610612758,SAC,1,1,0,14.3,21.0,1.0,0.0,0.0,0.0,0.0,0.0,0.0,0.0,0.0,1.0,1.0,0.0,0.0,0.0,0.0,0.0,0.0,Chimezie Metu,1610612758,SAC,1,1,0,14.27,14.27,5102.0,0.97,0.52,0.45,3.93,3.78,3.29,2020_21
1627745,Damian Jones,Damian,1610612758,SAC,26.0,1,1,0,1.0,22.53333333333333,3,5,0.6,0,0,0.0,2,3,0.667,4,3,7,1,2,0,0,0,2,3,8,-3,15.9,0,0,16.0,1,1,1,1,125,109,146,59,122,183,122,49,47,92,5,92,31,121,38,119,72,1,121,31,125,145,140,17,2,131,,215,125.0,125.0,-7.4,126.2,144,40,0.167,149,128,198,102,3.0,-1.2,22.2,0.171,198,43,31,128,126.2,0.5,5.0,0.059,0.6,137,0.19,209,130.0,87.34,0.13,86.83,-1.2,120,209,238,140,72.78,236,0.633,238,7,87.34,140,43,149,92,122.7,109,0.073,21.5,54,11.1,84,146,0.159,0.0,3,2,1,0.056,0.167,3,15,18,0,0,0,1.0,0.0,2.0,1,0,0,0.0,0.0,2,1,0.0,0.0,0,1,25,1.0,0,0.0,2,18,1.31,0.32,0.2,0.0,8,0.5,4,0.5,3.0,5.0,3.0,0.333,0.8,8.9,0.0,2.0,0.0,7.5,0.5,0.286,9.0,3.0,0.636,0.5,8.1,5.0,2.0,0.8,0.0,14.0,2.0,,,,,,,,,,,,,,,,,0.6,1.0,5.0,3.0,0.0,3.0,5.0,0.0,1.0,,0.0,0.6,0.6,,,,,,,,,,,,,,,,,,,,,,,,,,,,,,,0,0,0,,0,1.0,0.0,0,0,4,0.6,0.0,0.0,0.0,0.0,1.0,1.0,0.0,0.0,0.0,0.0,0.0,0.0,0.0,0.0,0.0,0.0,2.0,0.0,0.0,0.0,4.0,1.0,0.0,0.0,0.5,0.0,0.426,C,0.567,34.0,-0.07,60.0,0.637,0.0,0.0,1.0,4.0,0.0,,1.0,0.0,0.5,0.0,1.0,0.0,0.0,0.0,0.0,0.0,0.0,0.0,0.0,2.0,0.0,0.0,0.0,0.0,,,0.0,SAC,0,,,,0,,2021,20210426,False,22000926,,,,Damian Jones,1610612758.0,SAC,C,26.0,1.0,1.0,1.0,8.0,10.0,0.8,0.55,0.251,Damian Jones,1610612758.0,SAC,C,26.0,1.0,1.0,0.4,3.0,4.0,0.75,0.365,0.385,Damian Jones,1610612758.0,SAC,C,26.0,1.0,1.0,0.6,5.0,6.0,0.833,0.65,0.183,Damian Jones,1610612758.0,SAC,C,26.0,1.0,1.0,0.5,4.0,5.0,0.8,0.669,0.131,Damian Jones,1610612758.0,SAC,C,26.0,1.0,1.0,0.5,4.0,5.0,0.8,0.675,0.125,Damian Jones,1610612758.0,SAC,C,26.0,1.0,1.0,0.5,4.0,5.0,0.8,0.382,0.418,Damian Jones,1610612758.0,SAC,26.0,1.0,22.5,3.0,1.0,2.0,1.0,0.0,4.0,8.0,0.0,0.0,0.0,0.0,0.0,0.0,0.0,0.0,0.0,0.0,0.0,0.0,0.0,0.0,Damian Jones,1610612758,SAC,1,1,0,22.5,25.0,0.0,0.0,0.0,0.0,0.0,0.0,0.0,0.0,0.0,0.0,0.0,0.0,0.0,0.0,0.0,0.0,0.0,Damian Jones,1610612758,SAC,1,1,0,22.53,22.53,8198.0,1.55,0.82,0.73,4.05,4.13,3.49,2020_21
1626153,Delon Wright,Delon,1610612758,SAC,29.0,1,1,0,1.0,21.831666666666667,3,9,0.333,1,1,1.0,0,1,0.0,3,3,6,1,2,0,0,0,0,2,7,-5,13.7,0,0,15.0,1,1,1,1,132,109,77,164,68,146,1,129,119,129,14,92,46,121,38,119,72,1,1,58,138,166,158,17,2,141,,140,97.7,97.7,-18.2,106.8,176,43,0.216,133,157,107,102,3.0,-9.1,16.7,0.226,107,177,48,157,106.8,0.5,9.0,0.077,0.389,157,0.125,187,114.4,95.64,0.158,93.13,-9.1,95,187,176,75,79.7,217,0.371,176,17,95.64,75,177,182,187,96.2,109,0.05,16.1,181,8.3,166,77,0.14,0.0,1,0,5,0.032,0.032,3,29,31,0,5,1,0.286,0.0,0.308,13,0,0,0.077,0.385,4,7,0.0,0.0,0,2,45,0.0,0,0.0,0,17,5.37,0.156,4.71,0.0,7,4.0,2,0.857,0.0,4.0,2.0,1.0,0.75,7.1,0.0,2.0,1.0,8.9,0.333,0.333,3.0,0.0,0.857,1.0,8.0,4.0,2.0,0.75,0.333,7.0,1.0,0.0,SAC,0.333,0.0,0.0,1610612758.0,3.0,0.0,1.0,0.0,0.0,,3.0,0.333,0.0,0.0,0.4,0.556,5.0,2.0,0.0,2.0,5.0,0.0,0.556,,0.0,0.4,0.4,,,,,,,,,,,,,,0.111,1.5,0.111,0.0,0.0,1.0,1.0,,1.0,1.0,0.0,1.0,1.0,,,,0.0,0,0,0,0.0,0,0.0,0.0,0,3,0,0.389,0.0,1.0,1.0,0.0,2.0,0.0,0.0,1.0,0.0,0.0,0.0,0.0,1.0,1.0,1.0,0.0,2.0,1.0,0.0,1.0,5.0,0.0,0.0,0.0,0.4,0.0,0.445,G,0.634,137.0,0.016,216.0,0.618,0.0,1.0,0.0,6.0,0.0,,0.0,0.0,0.333,0.0,2.0,0.0,1.0,0.0,0.0,0.0,0.0,1.0,0.0,2.0,0.0,0.0,0.0,0.0,,,0.0,SAC,1,1.0,1.0,1.0,1,1.5,2021,20210426,False,22000926,,,,Delon Wright,1610612758.0,SAC,G,29.0,1.0,1.0,1.0,5.0,10.0,0.5,0.471,0.029,Delon Wright,1610612758.0,SAC,G,29.0,1.0,1.0,0.5,0.0,5.0,0.0,0.373,-0.373,Delon Wright,1610612758.0,SAC,G,29.0,1.0,1.0,0.5,5.0,5.0,1.0,0.544,0.456,Delon Wright,1610612758.0,SAC,G,29.0,1.0,1.0,0.1,1.0,1.0,1.0,0.656,0.344,Delon Wright,1610612758.0,SAC,G,29.0,1.0,1.0,0.3,3.0,3.0,1.0,0.612,0.388,Delon Wright,1610612758.0,SAC,G,29.0,1.0,1.0,0.6,1.0,6.0,0.167,0.39,-0.224,Delon Wright,1610612758.0,SAC,29.0,1.0,21.8,4.0,0.0,4.0,1.0,0.0,0.0,0.0,0.0,2.0,2.0,0.0,1.0,0.0,0.0,0.0,0.0,0.0,0.0,0.0,0.0,0.0,Delon Wright,1610612758,SAC,1,1,0,21.8,45.0,0.0,0.0,0.0,0.0,0.0,0.0,0.0,0.0,0.0,0.0,0.0,0.0,0.0,0.0,0.0,0.0,0.0,Delon Wright,1610612758,SAC,1,1,0,21.83,21.83,8702.0,1.65,0.92,0.73,4.14,4.4,3.82,2020_21
1627827,Dorian Finney-Smith,Dorian,1610612742,DAL,28.0,1,0,1,0.0,33.0,4,9,0.444,2,7,0.286,0,0,0.0,4,3,7,4,1,2,1,0,3,0,10,-14,32.4,0,0,29.0,1,124,124,124,40,83,77,127,32,20,92,129,139,129,5,92,31,38,79,15,20,1,169,171,95,213,44,17,2,51,,141,92.4,92.4,-21.0,113.6,112,66,0.132,66,188,140,10,4.0,-21.2,7.1,0.135,140,195,82,188,113.6,4.0,9.0,0.19,0.556,44,0.098,111,114.9,96.0,0.115,94.72,-21.2,129,108,167,180,80.0,192,0.556,167,35,96.0,183,195,189,126,93.9,83,0.102,7.1,190,28.6,105,77,0.104,0.0,4,0,5,0.095,0.095,10,27,42,0,2,0,1.0,0.0,0.667,3,0,0,0.0,0.667,2,1,0.333,0.0,1,1,53,0.0,0,0.0,2,27,1.63,0.189,0.62,0.0,10,1.4,6,0.778,1.0,4.0,3.0,0.5,1.0,5.7,0.0,2.0,0.0,9.3,0.5,0.286,6.0,1.0,0.875,0.6,7.8,5.0,2.0,1.0,0.0,9.0,2.0,1.0,DAL,0.111,1.0,1.0,1610612742.0,1.0,0.0,1.0,1.0,0.0,,1.0,0.111,1.0,0.0,1.0,0.111,1.0,1.0,0.0,1.0,1.0,0.0,0.111,,0.0,1.0,1.0,,1.0,1.0,0.0,0.0,0.0,0.0,0.111,0.111,0.0,0.0,0.0,0.0,0.667,0.5,0.667,0.0,0.0,0.333,0.333,,2.0,6.0,0.0,2.0,6.0,,,,0.0,0,0,0,0.0,0,0.0,0.0,0,6,0,0.556,0.0,0.286,0.5,1.0,0.0,0.0,0.0,2.0,0.0,0.0,0.0,0.0,0.5,0.0,2.0,0.0,2.0,1.0,0.0,1.0,2.0,0.0,5.0,0.2,1.0,0.0,0.312,F,0.52,92.0,-0.1,177.0,0.62,0.0,2.0,0.0,2.0,0.0,,0.0,4.0,1.0,0.0,0.0,0.0,3.0,0.0,0.0,0.0,0.0,0.667,0.0,2.0,0.0,0.0,0.0,0.0,,,0.0,DAL,2,0.286,7.0,2.0,7,0.429,2021,20210426,False,22000926,,,,Dorian Finney-Smith,1610612742.0,DAL,F,28.0,1.0,1.0,1.0,4.0,9.0,0.444,0.426,0.019,Dorian Finney-Smith,1610612742.0,DAL,F,28.0,1.0,1.0,0.444,2.0,4.0,0.5,0.391,0.109,Dorian Finney-Smith,1610612742.0,DAL,F,28.0,1.0,1.0,0.556,2.0,5.0,0.4,0.5,-0.1,Dorian Finney-Smith,1610612742.0,DAL,F,28.0,1.0,1.0,0.333,1.0,3.0,0.333,0.588,-0.255,Dorian Finney-Smith,1610612742.0,DAL,F,28.0,1.0,1.0,0.444,1.0,4.0,0.25,0.527,-0.277,Dorian Finney-Smith,1610612742.0,DAL,F,28.0,1.0,1.0,0.556,3.0,5.0,0.6,0.396,0.204,Dorian Finney-Smith,1610612742.0,DAL,28.0,1.0,33.0,4.0,1.0,3.0,4.0,0.0,0.0,0.0,0.0,0.0,0.0,0.0,0.0,0.0,3.0,3.0,1.0,0.0,0.0,1.0,0.333,0.0,Dorian Finney-Smith,1610612742,DAL,1,0,1,33.0,53.0,0.0,0.0,0.0,0.0,0.0,0.0,0.0,0.0,0.0,0.0,0.0,0.0,0.0,0.0,0.0,0.0,0.0,Dorian Finney-Smith,1610612742,DAL,1,0,1,33.0,33.0,13064.0,2.47,1.31,1.17,4.26,4.45,4.08,2020_21
203939,Dwight Powell,Dwight,1610612742,DAL,29.0,1,0,1,0.0,12.683333333333334,2,4,0.5,0,0,0.0,1,2,0.5,1,3,4,0,1,0,0,1,2,2,5,-17,8.8,0,0,9.0,1,124,124,124,194,146,167,96,122,183,122,91,59,102,52,92,86,170,79,119,72,165,121,58,171,225,194,17,2,188,,214,65.5,65.5,-58.7,128.6,180,29,0.2,170,235,204,120,2.0,-63.1,16.7,0.212,204,233,36,235,128.6,0.0,4.0,0.0,0.5,170,0.063,191,129.7,107.86,0.3,103.17,-63.1,21,187,21,98,89.88,74,0.512,21,54,107.86,89,233,234,139,71.0,146,0.043,17.0,233,0.0,121,167,0.154,0.0,0,0,1,0.0,0.0,0,15,19,0,0,0,0.0,0.0,0.0,0,0,0,0.0,0.0,0,0,0.0,0.0,0,0,26,0.833,0,0.0,2,13,1.38,0.192,0.35,0.0,5,0.6,6,0.444,1.0,3.0,3.0,0.5,0.333,4.4,0.0,1.0,1.0,4.4,0.0,0.25,6.0,1.0,0.5,0.6,4.4,4.0,1.0,0.333,0.333,9.0,0.0,0.0,DAL,0.25,0.0,0.0,1610612742.0,1.0,0.0,1.0,0.0,0.0,,1.0,0.25,0.0,0.0,0.667,0.75,3.0,2.0,0.0,2.0,3.0,0.0,0.75,,0.0,0.667,0.667,,,,,,,,,,,,,,,,,,,,,,,,,,,,,,,0,0,0,,0,0.5,0.0,0,0,5,0.5,0.0,0.0,0.0,0.0,0.0,0.0,0.0,0.0,0.0,0.0,0.0,0.0,0.0,0.0,0.0,0.0,2.0,0.0,0.0,0.0,4.0,0.0,0.0,0.0,0.5,0.0,0.351,F-C,0.626,77.0,-0.001,123.0,0.627,,0.0,0.0,4.0,0.0,,0.0,0.0,0.5,0.0,0.0,0.0,0.0,0.0,0.0,0.0,0.0,0.0,0.0,2.0,,,0.0,0.0,,,0.0,DAL,0,,,,0,,2021,20210426,False,22000926,,,,Dwight Powell,1610612742.0,DAL,F-C,29.0,1.0,1.0,1.0,4.0,9.0,0.444,0.565,-0.121,Dwight Powell,1610612742.0,DAL,F-C,29.0,1.0,1.0,0.222,0.0,2.0,0.0,0.4,-0.4,Dwight Powell,1610612742.0,DAL,F-C,29.0,1.0,1.0,0.778,4.0,7.0,0.571,0.609,-0.038,Dwight Powell,1610612742.0,DAL,F-C,29.0,1.0,1.0,0.333,2.0,3.0,0.667,0.694,-0.027,Dwight Powell,1610612742.0,DAL,F-C,29.0,1.0,1.0,0.778,4.0,7.0,0.571,0.639,-0.068,Dwight Powell,1610612742.0,DAL,F-C,29.0,1.0,1.0,0.222,0.0,2.0,0.0,0.4,-0.4,Dwight Powell,1610612742.0,DAL,29.0,1.0,12.7,5.0,4.0,1.0,0.0,0.0,3.0,8.0,0.0,0.0,0.0,0.0,0.0,0.0,0.0,0.0,0.0,0.0,0.0,0.0,0.0,0.0,Dwight Powell,1610612742,DAL,1,0,1,12.7,26.0,0.0,0.0,0.0,0.0,0.0,0.0,0.0,0.0,0.0,0.0,0.0,0.0,0.0,0.0,0.0,0.0,0.0,Dwight Powell,1610612742,DAL,1,0,1,12.68,12.68,5483.0,1.04,0.55,0.48,4.49,5.1,4.74,2020_21
203084,Harrison Barnes,Harrison,1610612758,SAC,29.0,1,1,0,1.0,23.73333333333333,7,10,0.7,3,4,0.75,2,2,1.0,1,5,6,2,1,0,0,0,0,1,19,6,28.2,0,0,30.0,1,1,1,1,114,31,69,34,10,63,15,49,59,1,52,37,46,76,79,119,72,1,1,112,29,59,65,17,2,44,,126,118.4,118.4,13.5,110.6,22,49,0.226,92,87,127,32,7.0,7.7,7.1,0.235,127,79,44,87,110.6,2.0,10.0,0.133,0.85,113,0.053,112,111.2,97.08,0.217,94.33,7.7,52,108,148,71,80.9,199,0.873,148,64,97.08,67,79,68,23,124.7,31,0.191,7.2,43,14.3,21,69,0.143,1.0,3,0,3,0.077,0.115,7,20,26,2,2,0,0.333,0.167,0.667,6,2,1,0.0,0.333,4,3,0.0,1.0,0,1,38,0.0,1,0.0,0,18,2.53,0.5,2.05,0.0,19,1.6,1,0.667,1.0,1.0,4.0,0.625,1.0,8.5,0.0,1.0,1.0,28.3,0.0,0.167,8.0,1.0,0.75,0.714,11.8,5.0,1.0,1.0,0.2,9.0,0.0,,,,,,,,,,,,,,,,,0.667,0.3,3.0,2.0,0.0,2.0,3.0,0.0,0.3,,0.0,0.667,0.667,0.667,6.0,3.0,2.0,0.833,2.0,3.0,0.6,0.3,0.667,0.667,4.0,0.3,0.1,1.5,0.1,0.0,0.0,1.0,1.0,,1.0,1.0,0.0,1.0,1.0,0.7,0.5,0.6,1.0,5,3,7,2.0,0,0.0,0.0,0,6,0,0.85,0.0,1.0,1.0,2.0,4.0,3.0,0.0,1.0,0.0,0.0,0.0,0.0,1.0,0.0,1.0,0.0,1.0,1.0,0.0,1.0,2.0,0.75,3.0,0.667,0.5,0.0,0.38,F,0.584,143.0,-0.046,245.0,0.63,0.0,1.0,1.0,2.0,0.0,,1.0,3.0,0.5,0.667,1.0,0.0,1.0,0.0,2.0,0.0,0.0,1.0,0.667,1.0,0.0,0.0,3.0,2.0,,,0.0,SAC,2,1.0,2.0,2.0,2,1.5,2021,20210426,False,22000926,,,,Harrison Barnes,1610612758.0,SAC,F,29.0,1.0,1.0,1.0,4.0,8.0,0.5,0.484,0.016,Harrison Barnes,1610612758.0,SAC,F,29.0,1.0,1.0,0.25,2.0,2.0,1.0,0.358,0.642,Harrison Barnes,1610612758.0,SAC,F,29.0,1.0,1.0,0.75,2.0,6.0,0.333,0.543,-0.21,Harrison Barnes,1610612758.0,SAC,F,29.0,1.0,1.0,0.25,1.0,2.0,0.5,0.68,-0.18,Harrison Barnes,1610612758.0,SAC,F,29.0,1.0,1.0,0.375,1.0,3.0,0.333,0.631,-0.298,Harrison Barnes,1610612758.0,SAC,F,29.0,1.0,1.0,0.5,3.0,4.0,0.75,0.39,0.36,Harrison Barnes,1610612758.0,SAC,29.0,1.0,23.7,3.0,2.0,1.0,1.0,0.0,1.0,2.0,0.0,0.0,0.0,0.0,0.0,0.0,1.0,1.0,0.0,0.0,0.0,1.0,0.0,0.0,Harrison Barnes,1610612758,SAC,1,1,0,23.7,38.0,1.0,0.0,0.0,0.0,0.0,0.0,0.0,0.0,0.0,1.0,1.0,0.0,0.0,0.0,0.0,0.0,0.0,Harrison Barnes,1610612758,SAC,1,1,0,23.73,23.73,9467.0,1.79,1.01,0.78,4.36,4.99,3.76,2020_21
1628973,Jalen Brunson,Jalen,1610612742,DAL,24.0,1,0,1,0.0,17.716666666666665,3,9,0.333,0,2,0.0,1,1,1.0,1,0,1,3,0,0,0,0,0,3,7,5,12.7,0,0,11.0,1,124,124,124,164,109,77,164,122,116,122,91,119,1,52,206,176,58,152,119,72,1,1,31,138,71,165,17,2,171,,145,122.9,122.9,7.7,115.2,164,35,0.214,68,88,146,120,3.0,7.7,0.0,0.231,146,52,186,88,115.2,0.0,9.0,0.188,0.333,56,0.059,1,115.6,92.12,0.0,91.79,7.7,206,1,224,77,76.76,225,0.371,224,57,92.12,71,52,96,187,123.3,109,0.06,0.0,51,25.0,178,77,0.031,0.0,4,1,4,0.115,0.154,7,31,26,0,3,0,0.6,0.0,0.875,8,0,0,0.0,0.375,7,5,0.125,0.0,1,3,35,0.0,0,0.0,0,16,4.84,0.2,4.0,0.0,7,2.8,0,1.0,0.0,1.0,0.0,0.0,1.0,0.0,0.0,0.0,0.0,14.0,0.0,0.0,0.0,0.0,1.0,0.0,14.0,1.0,1.0,1.0,0.0,1.0,0.0,,,,,,,,,,,,,,,,,0.75,0.444,4.0,3.0,0.0,3.0,4.0,0.0,0.444,,0.0,0.75,0.75,0.0,5.0,2.0,0.0,0.0,0.0,3.0,0.556,0.222,0.0,0.0,0.0,0.333,,,,,,,,,,,,,,0.0,,0.0,0.0,3,0,0,0.0,0,0.0,0.0,0,0,0,0.333,0.0,0.0,0.0,0.0,5.0,3.0,0.0,1.0,0.0,0.0,0.0,0.0,0.0,2.0,1.0,0.0,0.0,0.0,0.0,0.0,0.0,0.6,1.0,0.0,0.0,0.0,0.296,G,0.609,81.0,0.006,133.0,0.603,0.0,0.0,3.0,0.0,0.0,,0.75,1.0,0.0,0.0,4.0,2.0,1.0,0.0,0.0,0.0,0.0,0.0,0.0,0.0,0.0,0.0,1.0,0.0,,,0.0,DAL,0,0.0,2.0,0.0,2,0.0,2021,20210426,False,22000926,,,,Jalen Brunson,1610612742.0,DAL,G,24.0,1.0,1.0,1.0,4.0,8.0,0.5,0.477,0.023,Jalen Brunson,1610612742.0,DAL,G,24.0,1.0,1.0,0.375,0.0,3.0,0.0,0.361,-0.361,Jalen Brunson,1610612742.0,DAL,G,24.0,1.0,1.0,0.625,4.0,5.0,0.8,0.575,0.225,Jalen Brunson,1610612742.0,DAL,G,24.0,1.0,1.0,0.375,2.0,3.0,0.667,0.66,0.007,Jalen Brunson,1610612742.0,DAL,G,24.0,1.0,1.0,0.375,2.0,3.0,0.667,0.626,0.04,Jalen Brunson,1610612742.0,DAL,G,24.0,1.0,1.0,0.375,0.0,3.0,0.0,0.373,-0.373,Jalen Brunson,1610612742.0,DAL,24.0,1.0,17.7,3.0,1.0,2.0,0.0,0.0,0.0,0.0,0.0,0.0,0.0,0.0,0.0,0.0,0.0,0.0,0.0,0.0,0.0,0.0,0.0,0.0,Jalen Brunson,1610612742,DAL,1,0,1,17.7,35.0,0.0,0.0,0.0,0.0,0.0,0.0,0.0,0.0,0.0,0.0,0.0,0.0,0.0,0.0,0.0,0.0,0.0,Jalen Brunson,1610612742,DAL,1,0,1,17.72,17.72,6945.0,1.32,0.74,0.57,4.17,4.35,3.98,2020_21
1630182,Josh Green,Josh,1610612742,DAL,20.0,1,0,1,0.0,16.158333333333335,1,2,0.5,0,0,0.0,0,0,0.0,1,2,3,1,0,1,0,1,1,0,2,15,10.1,0,0,8.0,1,124,124,124,173,174,205,96,122,183,122,129,139,129,52,119,117,121,152,47,72,165,57,171,198,12,187,17,2,192,,123,151.5,151.5,49.6,112.9,169,33,0.051,156,12,136,120,1.0,38.6,0.0,0.055,136,2,86,12,112.9,0.0,2.0,0.053,0.5,25,0.083,1,110.6,95.06,0.111,93.34,38.6,132,1,186,231,79.22,214,0.5,186,40,95.06,231,2,4,145,160.3,174,0.054,0.0,1,33.3,121,205,0.1,0.0,1,0,1,0.143,0.143,3,3,7,0,0,0,0.0,0.0,0.0,0,0,0,0.0,0.0,0,0,0.0,0.0,0,0,9,0.0,0,0.0,0,6,2.25,0.222,1.0,0.0,2,0.3,2,0.6,0.0,2.0,2.0,0.667,0.5,9.9,0.0,1.0,0.0,1.8,1.0,0.333,3.0,0.0,0.6,0.667,7.2,2.0,0.0,0.5,0.0,5.0,1.0,0.0,DAL,0.5,0.0,0.0,1610612742.0,1.0,0.0,1.0,0.0,0.0,,1.0,0.5,0.0,0.0,1.0,0.5,1.0,1.0,0.0,1.0,1.0,0.0,0.5,,0.0,1.0,1.0,,,,,,,,,,,,,,,,,,,,,,,,,,,,,,,0,0,0,,0,0.0,0.0,0,0,0,0.5,0.0,0.0,0.0,0.0,0.0,0.0,0.0,0.0,0.0,0.0,0.0,0.0,0.0,0.0,0.0,0.0,1.0,0.0,0.0,0.0,2.0,0.0,0.0,0.0,0.5,0.0,0.282,G,0.625,15.0,0.032,24.0,0.593,0.0,0.0,0.0,2.0,0.0,,0.0,0.0,0.5,0.0,0.0,0.0,0.0,0.0,0.0,0.0,0.0,0.0,0.0,1.0,0.0,0.0,0.0,0.0,,,0.0,DAL,0,,,,0,,2021,20210426,False,22000926,,,,Josh Green,1610612742.0,DAL,G,20.0,1.0,1.0,1.0,2.0,3.0,0.667,0.435,0.231,Josh Green,1610612742.0,DAL,G,20.0,1.0,1.0,0.333,0.0,1.0,0.0,0.391,-0.391,Josh Green,1610612742.0,DAL,G,20.0,1.0,1.0,0.667,2.0,2.0,1.0,0.521,0.479,,,,,,,,,,,,,,,,,,,,,,,,,,,Josh Green,1610612742.0,DAL,G,20.0,1.0,1.0,0.667,1.0,2.0,0.5,0.381,0.12,Josh Green,1610612742.0,DAL,20.0,1.0,16.2,0.0,0.0,0.0,1.0,0.0,0.0,0.0,1.0,0.0,1.0,1.0,0.0,0.0,0.0,0.0,0.0,0.0,0.0,0.0,0.0,0.0,Josh Green,1610612742,DAL,1,0,1,16.2,9.0,0.0,0.0,0.0,0.0,0.0,0.0,0.0,0.0,0.0,0.0,0.0,0.0,0.0,0.0,0.0,0.0,0.0,Josh Green,1610612742,DAL,1,0,1,16.17,16.17,6806.0,1.29,0.67,0.62,4.61,5.02,4.21,2020_21
1629657,Kyle Guy,Kyle,1610612758,SAC,23.0,1,1,0,1.0,11.066666666666666,1,5,0.2,0,2,0.0,0,0,0.0,1,1,2,2,1,0,0,1,1,1,2,-6,6.4,0,0,6.0,1,1,1,1,202,174,146,205,122,116,122,129,139,129,52,160,142,76,79,119,72,165,57,112,198,178,204,17,2,200,,232,114.3,114.3,-25.8,136.4,216,21,0.24,55,190,223,32,1.0,-22.1,12.5,0.241,223,95,97,190,136.4,2.0,5.0,0.222,0.2,56,0.083,160,140.7,93.25,0.111,91.52,-22.1,132,155,211,55,77.71,226,0.2,211,40,93.25,58,95,206,213,114.9,174,-0.01,12.5,93,25.0,208,146,0.095,0.0,2,0,2,0.222,0.222,6,11,9,0,1,0,0.333,0.0,0.5,4,0,0,0.0,0.25,2,3,0.25,0.0,1,1,16,0.0,0,0.0,0,9,3.47,0.125,3.38,0.0,2,0.9,0,0.4,1.0,3.0,1.0,0.5,0.333,4.3,0.0,0.0,0.0,26.3,0.0,0.0,2.0,1.0,0.5,1.0,15.3,2.0,1.0,0.333,0.0,5.0,0.0,0.0,SAC,0.2,0.0,0.0,1610612758.0,1.0,0.0,1.0,0.0,0.0,,1.0,0.2,0.0,0.0,0.333,0.4,2.0,1.0,0.0,1.0,3.0,0.2,0.6,0.0,1.0,0.5,0.333,,1.0,1.0,0.0,0.0,0.0,0.0,0.2,0.2,0.0,0.0,0.0,0.0,,,,,,,,,,,,,,0.0,0.0,0.0,0.0,1,0,0,1.0,0,0.0,0.0,0,0,0,0.2,0.0,0.0,0.0,0.0,0.0,0.0,0.0,1.0,1.0,0.0,0.0,0.0,0.0,0.0,0.0,0.0,1.0,0.0,0.0,0.0,3.0,0.0,1.0,0.0,0.333,0.0,0.355,G,0.682,15.0,0.078,22.0,0.604,0.0,0.0,0.0,3.0,0.0,,0.0,0.0,0.333,0.0,0.0,0.0,2.0,0.0,0.0,0.0,0.0,0.0,0.0,1.0,0.0,0.0,0.0,0.0,,,0.0,SAC,0,0.0,1.0,0.0,1,0.0,2021,20210426,False,22000926,,,,Kyle Guy,1610612758.0,SAC,G,23.0,1.0,1.0,1.0,4.0,4.0,1.0,0.481,0.519,Kyle Guy,1610612758.0,SAC,G,23.0,1.0,1.0,0.25,1.0,1.0,1.0,0.347,0.653,Kyle Guy,1610612758.0,SAC,G,23.0,1.0,1.0,0.75,3.0,3.0,1.0,0.569,0.431,Kyle Guy,1610612758.0,SAC,G,23.0,1.0,1.0,0.5,2.0,2.0,1.0,0.65,0.351,Kyle Guy,1610612758.0,SAC,G,23.0,1.0,1.0,0.75,3.0,3.0,1.0,0.582,0.418,Kyle Guy,1610612758.0,SAC,G,23.0,1.0,1.0,0.25,1.0,1.0,1.0,0.374,0.626,Kyle Guy,1610612758.0,SAC,23.0,1.0,11.1,1.0,0.0,1.0,0.0,0.0,0.0,0.0,0.0,0.0,0.0,0.0,0.0,0.0,0.0,0.0,0.0,0.0,0.0,0.0,0.0,0.0,Kyle Guy,1610612758,SAC,1,1,0,11.1,16.0,0.0,0.0,0.0,0.0,0.0,0.0,0.0,0.0,0.0,0.0,0.0,0.0,0.0,0.0,0.0,0.0,0.0,Kyle Guy,1610612758,SAC,1,1,0,11.07,11.07,4544.0,0.86,0.45,0.41,4.65,4.18,4.09,2020_21
1629029,Luka Dončić,Luka,1610612742,DAL,22.0,1,0,1,0.0,37.9,8,20,0.4,4,12,0.333,4,6,0.667,0,8,8,8,4,0,0,1,2,3,24,-19,41.6,0,0,44.0,1,124,124,124,11,20,7,142,2,2,71,19,14,92,112,11,22,8,9,119,72,165,121,31,11,231,13,17,2,11,,205,105.3,105.3,-18.5,128.6,88,76,0.303,23,194,204,32,8.0,-23.3,11.4,0.307,204,135,79,194,128.6,2.0,20.0,0.348,0.5,75,0.0,148,127.1,96.89,0.267,96.03,-23.3,36,145,151,21,80.74,168,0.53,151,112,96.89,19,135,185,137,108.5,20,0.12,11.5,126,22.9,121,7,0.105,3.0,11,0,22,0.114,0.157,21,85,70,2,8,0,0.5,0.071,0.357,14,1,1,0.0,0.571,5,4,0.071,0.5,1,2,104,0.0,4,0.0,0,28,5.8,0.231,5.19,1.0,24,10.1,2,0.667,1.0,0.0,5.0,0.667,0.0,4.3,0.0,2.0,2.0,0.0,0.0,0.25,12.0,1.0,0.727,0.727,4.3,5.0,0.0,0.0,0.25,12.0,0.0,1.0,DAL,0.05,1.0,1.0,1610612742.0,1.0,0.0,1.0,1.0,0.0,,1.0,0.05,1.0,0.0,0.5,0.15,3.0,2.0,1.0,1.0,4.0,0.05,0.2,1.0,1.0,0.333,0.625,0.5,13.0,9.0,2.0,0.5,3.0,4.0,0.65,0.45,0.333,0.385,5.0,0.2,0.1,0.0,0.1,0.0,0.0,0.0,0.0,,0.0,2.0,0.0,0.0,2.0,0.458,0.333,0.333,3.0,12,4,11,9.0,4,0.0,0.0,0,3,0,0.5,0.5,0.333,0.0,3.0,4.0,2.0,0.0,2.0,1.0,0.0,0.0,1.0,0.5,2.0,1.0,1.0,1.0,0.0,0.5,1.0,2.0,0.5,10.0,0.3,0.5,1.0,0.371,F-G,0.567,149.0,-0.048,263.0,0.615,0.0,1.0,0.0,3.0,0.0,,0.0,10.0,0.667,0.3,1.0,1.0,2.0,1.0,1.0,0.0,0.0,0.5,0.333,2.0,0.0,0.0,3.0,3.0,,,1.0,DAL,1,1.0,1.0,1.0,1,1.5,2021,20210426,False,22000926,,,,Luka Dončić,1610612742.0,DAL,F-G,22.0,1.0,1.0,1.0,1.0,6.0,0.167,0.478,-0.311,Luka Dončić,1610612742.0,DAL,F-G,22.0,1.0,1.0,0.5,0.0,3.0,0.0,0.348,-0.348,Luka Dončić,1610612742.0,DAL,F-G,22.0,1.0,1.0,0.5,1.0,3.0,0.333,0.56,-0.226,Luka Dončić,1610612742.0,DAL,F-G,22.0,1.0,1.0,0.333,1.0,2.0,0.5,0.704,-0.204,Luka Dončić,1610612742.0,DAL,F-G,22.0,1.0,1.0,0.333,1.0,2.0,0.5,0.682,-0.182,Luka Dončić,1610612742.0,DAL,F-G,22.0,1.0,1.0,0.5,0.0,3.0,0.0,0.377,-0.377,Luka Dončić,1610612742.0,DAL,22.0,1.0,37.9,1.0,1.0,0.0,1.0,0.0,0.0,0.0,3.0,0.0,3.0,1.0,0.0,0.0,0.0,0.0,0.0,0.0,0.0,0.0,0.0,0.0,Luka Dončić,1610612742,DAL,1,0,1,37.9,104.0,4.0,1.0,2.0,0.5,2.0,2.0,1.0,4.0,1.0,1.0,0.25,1.0,0.25,0.0,0.0,1.0,0.25,Luka Dončić,1610612742,DAL,1,0,1,37.9,37.9,12901.0,2.44,1.42,1.03,3.58,4.16,2.98,2020_21
203090,Maurice Harkless,Maurice,1610612758,SAC,28.0,1,1,0,1.0,35.06666666666667,1,2,0.5,0,1,0.0,4,4,1.0,0,4,4,1,1,2,0,0,3,2,6,14,17.3,0,0,15.0,1,1,1,1,24,174,205,96,122,146,122,19,30,1,112,61,86,121,79,15,72,1,169,58,148,18,128,17,2,141,,118,124.7,124.7,15.9,105.5,173,73,0.062,168,45,99,72,1.0,19.2,16.7,0.06,99,46,153,45,105.5,1.0,2.0,0.031,0.5,98,0.0,194,108.9,99.92,0.1,98.31,19.2,143,187,104,228,83.27,122,0.798,104,112,99.92,230,46,56,34,124.8,174,0.052,17.4,42,16.7,121,205,0.06,0.0,1,0,2,0.048,0.048,3,14,21,0,1,0,0.0,0.0,0.0,1,0,0,0.0,1.0,0,0,0.0,0.0,0,0,27,0.0,0,0.0,0,14,2.43,0.222,1.07,0.0,6,1.1,2,0.364,2.0,3.0,4.0,0.444,0.0,4.8,1.0,0.0,0.0,0.0,0.0,0.0,9.0,1.0,0.444,0.5,4.8,4.0,0.0,0.0,0.0,11.0,0.0,,,,,,,,,,,,,,,,,,,,,,,,,,,,,,1.0,1.0,0.0,1.0,1.0,0.0,1.0,0.5,0.0,,1.0,1.0,0.5,0.5,0.0,0.5,0.0,0.0,0.0,0.0,,0.0,1.0,0.0,0.0,1.0,,,,0.0,0,0,0,0.0,0,0.0,0.0,0,0,0,0.5,0.0,0.0,0.0,0.0,0.0,0.0,0.0,1.0,1.0,0.0,0.0,0.0,0.0,0.0,0.0,0.0,1.0,0.0,0.0,0.0,1.0,0.0,0.0,0.0,1.0,0.0,0.247,F-G,0.604,32.0,-0.016,53.0,0.62,0.0,0.0,0.0,1.0,0.0,,0.0,0.0,1.0,0.0,0.0,0.0,1.0,0.0,0.0,0.0,0.0,0.0,0.0,1.0,0.0,0.0,0.0,0.0,,,0.0,SAC,0,0.0,1.0,0.0,1,0.0,2021,20210426,False,22000926,,,,Maurice Harkless,1610612758.0,SAC,F-G,28.0,1.0,1.0,1.0,9.0,18.0,0.5,0.476,0.024,Maurice Harkless,1610612758.0,SAC,F-G,28.0,1.0,1.0,0.5,3.0,9.0,0.333,0.377,-0.044,Maurice Harkless,1610612758.0,SAC,F-G,28.0,1.0,1.0,0.5,6.0,9.0,0.667,0.554,0.113,Maurice Harkless,1610612758.0,SAC,F-G,28.0,1.0,1.0,0.222,3.0,4.0,0.75,0.636,0.114,Maurice Harkless,1610612758.0,SAC,F-G,28.0,1.0,1.0,0.278,4.0,5.0,0.8,0.599,0.201,Maurice Harkless,1610612758.0,SAC,F-G,28.0,1.0,1.0,0.5,3.0,9.0,0.333,0.386,-0.053,Maurice Harkless,1610612758.0,SAC,28.0,1.0,35.1,11.0,4.0,7.0,6.0,0.0,0.0,0.0,1.0,0.0,1.0,1.0,0.0,0.0,1.0,1.0,1.0,0.0,0.0,1.0,1.0,0.0,Maurice Harkless,1610612758,SAC,1,1,0,35.1,27.0,0.0,0.0,0.0,0.0,0.0,0.0,0.0,0.0,0.0,0.0,0.0,0.0,0.0,0.0,0.0,0.0,0.0,Maurice Harkless,1610612758,SAC,1,1,0,35.07,35.07,12997.0,2.46,1.25,1.21,4.02,3.82,3.9,2020_21
1628467,Maxi Kleber,Maxi,1610612742,DAL,29.0,1,0,1,0.0,9.7,1,1,1.0,0,0,0.0,0,0,0.0,0,0,0,0,1,0,0,0,0,1,2,-12,1.0,0,0,2.0,1,124,124,124,210,174,221,1,122,183,122,129,139,129,112,206,215,170,79,119,72,1,1,112,198,207,231,17,2,226,,193,65.0,65.0,-59.6,119.0,198,20,0.1,170,232,164,120,1.0,-54.0,50.0,0.101,164,234,215,232,119.0,0.0,1.0,0.0,1.0,170,0.0,234,125.0,101.44,0.0,98.67,-54.0,206,234,89,212,84.54,117,1.0,89,112,101.44,216,234,235,6,65.4,174,0.027,50.0,235,0.0,4,221,0.0,0.0,0,0,2,0.0,0.0,0,7,6,0,0,0,0.0,0.0,0.0,0,0,0,0.0,0.0,0,0,0.0,0.0,0,0,8,0.0,0,0.0,0,6,1.1,0.25,0.38,0.0,2,0.1,0,,,,,,,,,,,,,,,,,,,,,,,,,,,,,,,,,,,,,,,,,,,,,,,,,,,,,,,,,,,,,,,,,,,1.0,1.0,0.0,1.0,1.0,,1.0,1.0,0.0,0.0,1.0,1.0,1.0,1.0,,1.0,,1,1,2,,0,0.0,0.0,0,0,0,1.0,0.0,0.0,0.0,0.0,0.0,0.0,0.0,0.0,,0.0,0.0,,0.0,1.0,0.0,1.0,0.0,0.0,1.0,0.0,0.0,0.0,0.0,0.0,0.0,,0.352,F,0.583,126.0,-0.037,216.0,0.62,0.0,0.0,0.0,0.0,0.0,,0.0,0.0,0.0,0.0,0.0,1.0,0.0,1.0,0.0,0.0,0.0,0.0,0.0,0.0,0.0,0.0,0.0,0.0,,,1.0,DAL,0,,,,0,,2021,20210426,False,22000926,,,,Maxi Kleber,1610612742.0,DAL,F,29.0,1.0,1.0,1.0,3.0,4.0,0.75,0.491,0.259,Maxi Kleber,1610612742.0,DAL,F,29.0,1.0,1.0,0.5,2.0,2.0,1.0,0.391,0.609,Maxi Kleber,1610612742.0,DAL,F,29.0,1.0,1.0,0.5,1.0,2.0,0.5,0.548,-0.048,Maxi Kleber,1610612742.0,DAL,F,29.0,1.0,1.0,0.5,1.0,2.0,0.5,0.641,-0.141,Maxi Kleber,1610612742.0,DAL,F,29.0,1.0,1.0,0.5,1.0,2.0,0.5,0.596,-0.096,Maxi Kleber,1610612742.0,DAL,F,29.0,1.0,1.0,0.5,2.0,2.0,1.0,0.386,0.614,Maxi Kleber,1610612742.0,DAL,29.0,1.0,9.7,1.0,1.0,0.0,2.0,0.0,0.0,0.0,0.0,0.0,0.0,0.0,0.0,0.0,0.0,0.0,0.0,0.0,0.0,0.0,0.0,0.0,Maxi Kleber,1610612742,DAL,1,0,1,9.7,8.0,0.0,0.0,0.0,0.0,0.0,0.0,0.0,0.0,0.0,0.0,0.0,0.0,0.0,0.0,0.0,0.0,0.0,Maxi Kleber,1610612742,DAL,1,0,1,9.7,9.7,3469.0,0.66,0.36,0.29,4.18,4.54,3.79,2020_21
1629740,Nicolo Melli,Nicolo,1610612742,DAL,30.0,1,0,1,0.0,20.433333333333334,0,3,0.0,0,2,0.0,0,0,0.0,2,4,6,1,1,1,0,0,1,0,0,4,10.7,0,0,9.0,1,124,124,124,143,218,185,218,122,116,122,129,139,129,26,61,46,121,79,47,72,1,57,171,221,80,180,17,2,188,,175,134.2,134.2,15.9,123.7,202,38,0.087,159,72,181,72,0.0,10.5,20.0,0.089,181,16,39,72,123.7,1.0,3.0,0.05,0.0,83,0.111,199,121.6,89.27,0.182,88.94,10.5,73,197,235,220,74.39,231,0.0,235,22,89.27,221,16,57,221,137.5,218,0.022,20.0,12,20.0,218,185,0.15,0.0,2,1,2,0.037,0.074,2,14,27,0,0,0,0.0,0.0,0.0,0,0,0,0.0,0.0,0,0,0.0,0.0,0,0,31,0.0,1,0.0,0,14,1.95,0.0,1.1,0.0,0,1.0,1,0.667,1.0,5.0,4.0,0.8,0.4,6.3,0.0,2.0,0.0,8.3,1.0,0.333,5.0,1.0,0.75,1.0,6.9,4.0,0.0,0.4,0.0,9.0,2.0,,,,,,,,,,,,,,,,,,,,,,,,,,,,,,0.0,3.0,2.0,0.0,0.0,0.0,1.0,1.0,0.667,0.0,0.0,0.0,0.333,,,,,,,,,,,,,,0.0,,0.0,0.0,1,0,0,0.0,0,0.0,0.0,0,0,0,0.0,0.0,0.0,0.0,0.0,1.0,0.0,0.0,0.0,0.0,0.0,0.0,0.0,0.0,0.0,0.0,0.0,0.0,0.0,0.0,0.0,0.0,0.0,2.0,0.0,0.0,0.0,0.401,F,0.569,37.0,-0.05,65.0,0.619,0.0,0.0,0.0,0.0,0.0,,0.0,2.0,0.0,0.0,0.0,0.0,0.0,0.0,0.0,0.0,0.0,0.0,0.0,0.0,0.0,0.0,1.0,0.0,,,0.0,DAL,0,0.0,2.0,0.0,2,0.0,2021,20210426,False,22000926,,,,Nicolo Melli,1610612742.0,DAL,F,30.0,1.0,1.0,1.0,6.0,11.0,0.545,0.47,0.075,Nicolo Melli,1610612742.0,DAL,F,30.0,1.0,1.0,0.273,2.0,3.0,0.667,0.356,0.31,Nicolo Melli,1610612742.0,DAL,F,30.0,1.0,1.0,0.727,4.0,8.0,0.5,0.518,-0.018,Nicolo Melli,1610612742.0,DAL,F,30.0,1.0,1.0,0.364,1.0,4.0,0.25,0.532,-0.282,Nicolo Melli,1610612742.0,DAL,F,30.0,1.0,1.0,0.636,4.0,7.0,0.571,0.536,0.035,Nicolo Melli,1610612742.0,DAL,F,30.0,1.0,1.0,0.273,2.0,3.0,0.667,0.392,0.275,Nicolo Melli,1610612742.0,DAL,30.0,1.0,20.4,9.0,6.0,3.0,2.0,0.0,1.0,2.0,0.0,1.0,1.0,0.0,1.0,2.0,1.0,3.0,3.0,2.0,0.667,0.333,1.0,0.667,Nicolo Melli,1610612742,DAL,1,0,1,20.4,31.0,1.0,0.0,1.0,0.0,0.0,0.0,0.0,0.0,0.0,0.0,0.0,0.0,0.0,0.0,0.0,0.0,0.0,Nicolo Melli,1610612742,DAL,1,0,1,20.43,20.43,8452.0,1.6,0.86,0.74,4.47,5.21,3.77,2020_21
1626158,Richaun Holmes,Richaun,1610612758,SAC,27.0,1,1,0,1.0,25.466666666666665,9,12,0.75,0,0,0.0,6,6,1.0,2,4,6,0,2,0,3,0,3,3,24,10,38.2,0,0,36.0,1,1,1,1,96,15,43,20,122,183,122,10,14,1,26,61,46,170,38,119,2,1,169,31,11,37,20,17,2,22,,70,112.5,112.5,15.0,93.0,14,56,0.283,170,44,40,120,9.0,19.5,11.8,0.286,40,102,66,44,93.0,0.0,12.0,0.0,0.75,170,0.1,154,99.3,106.49,0.138,102.31,19.5,109,150,33,29,88.74,81,0.82,33,33,106.49,30,102,59,29,114.2,15,0.208,12.0,97,0.0,40,43,0.122,0.0,0,0,1,0.0,0.0,0,25,23,0,0,0,0.75,0.0,1.5,4,0,0,0.0,0.0,6,4,0.0,0.0,0,3,39,1.25,2,1.0,6,23,2.14,0.615,0.62,2.0,24,1.4,8,0.4,2.0,4.0,1.0,0.364,0.5,4.8,0.0,4.0,3.0,6.9,0.5,0.667,11.0,2.0,0.462,0.444,5.5,2.0,1.0,0.5,0.75,15.0,1.0,0.0,SAC,0.083,0.0,0.0,1610612758.0,1.0,0.0,1.0,0.0,0.0,,1.0,0.083,0.0,0.0,0.9,0.833,10.0,9.0,0.0,9.0,10.0,0.0,0.833,,0.0,0.9,0.9,,,,,,,,,,,,,,0.083,0.0,0.0,1.0,0.0,,0.0,0.0,0.0,0.0,0.083,0.0,1.0,0.0,,0.0,,1,0,0,,4,1.0,0.667,6,2,10,0.75,1.0,0.5,0.0,0.0,5.0,3.0,0.0,0.0,0.0,0.0,0.0,0.0,0.0,1.0,0.0,0.0,6.0,0.0,0.0,0.0,6.0,0.6,0.0,0.0,1.0,0.0,0.458,F,0.564,207.0,-0.068,367.0,0.632,0.0,0.0,3.0,6.0,0.0,,0.75,0.0,1.0,0.0,4.0,1.0,0.0,0.0,0.0,0.0,0.0,0.0,0.0,6.0,0.0,0.0,1.0,0.0,,,0.0,SAC,1,,,,2,0.5,2021,20210426,False,22000926,,,,Richaun Holmes,1610612758.0,SAC,F,27.0,1.0,1.0,1.0,4.0,13.0,0.308,0.495,-0.187,Richaun Holmes,1610612758.0,SAC,F,27.0,1.0,1.0,0.231,0.0,3.0,0.0,0.369,-0.369,Richaun Holmes,1610612758.0,SAC,F,27.0,1.0,1.0,0.769,4.0,10.0,0.4,0.566,-0.166,Richaun Holmes,1610612758.0,SAC,F,27.0,1.0,1.0,0.538,3.0,7.0,0.429,0.624,-0.195,Richaun Holmes,1610612758.0,SAC,F,27.0,1.0,1.0,0.538,3.0,7.0,0.429,0.598,-0.17,Richaun Holmes,1610612758.0,SAC,F,27.0,1.0,1.0,0.385,1.0,5.0,0.2,0.393,-0.193,Richaun Holmes,1610612758.0,SAC,27.0,1.0,25.5,7.0,5.0,2.0,0.0,0.0,1.0,2.0,0.0,0.0,0.0,0.0,0.0,1.0,2.0,3.0,3.0,1.0,0.333,0.667,1.0,0.333,Richaun Holmes,1610612758,SAC,1,1,0,25.5,39.0,2.0,2.0,2.0,1.0,0.0,0.0,0.0,4.0,2.0,0.0,0.0,0.0,0.0,0.0,0.0,0.0,0.0,Richaun Holmes,1610612758,SAC,1,1,0,25.47,25.47,9747.0,1.85,1.0,0.85,3.97,4.3,3.62,2020_21
1629056,Terence Davis,Terence,1610612758,SAC,24.0,1,1,0,1.0,19.2,3,4,0.75,2,2,1.0,0,0,0.0,0,2,2,1,1,0,1,0,1,1,8,-5,13.9,0,0,15.0,1,1,1,1,150,109,167,20,32,116,1,129,139,129,112,119,142,121,79,119,20,1,57,112,125,166,156,17,2,141,,223,118.9,118.9,-17.8,132.4,113,37,0.119,142,171,217,72,3.0,-13.5,16.7,0.12,217,74,159,171,132.4,1.0,4.0,0.067,1.0,98,0.0,188,137.5,92.5,0.105,90.5,-13.5,140,187,220,192,77.08,230,1.0,220,112,92.5,193,74,180,6,119.7,109,0.102,16.7,70,16.7,4,167,0.053,0.0,1,0,2,0.063,0.063,2,16,16,0,1,1,0.0,0.0,0.0,3,0,0,0.333,0.333,0,1,0.333,0.0,1,0,22,0.0,0,0.0,0,6,3.28,0.364,3.14,0.0,8,1.2,0,0.4,0.0,1.0,2.0,0.5,0.0,12.2,0.0,0.0,0.0,0.0,0.0,0.0,4.0,0.0,0.4,0.5,12.2,2.0,0.0,0.0,0.0,5.0,0.0,,,,,,,,,,,,,,,,,0.0,0.25,1.0,0.0,0.0,0.0,1.0,0.0,0.25,,0.0,0.0,0.0,1.0,1.0,0.0,1.0,1.0,0.0,1.0,0.25,0.0,,1.0,1.0,0.25,0.5,1.5,0.5,0.0,0.0,1.0,1.0,,2.0,2.0,0.0,2.0,2.0,1.0,,1.0,0.0,1,1,2,0.0,0,0.0,0.0,0,6,0,1.0,0.0,1.0,0.0,1.0,0.0,0.0,0.0,1.0,1.0,0.0,0.0,1.0,1.0,1.0,0.0,1.0,0.0,0.0,1.0,1.0,1.0,0.0,1.0,1.0,0.0,1.0,0.385,G,0.66,62.0,0.041,94.0,0.619,0.0,1.0,0.0,1.0,0.0,,0.0,1.0,0.0,1.0,0.0,1.0,1.0,1.0,0.0,0.0,0.0,1.0,0.0,0.0,0.0,0.0,0.0,1.0,,,1.0,SAC,2,1.0,2.0,2.0,2,1.5,2021,20210426,False,22000926,,,,Terence Davis,1610612758.0,SAC,G,24.0,1.0,1.0,1.0,5.0,10.0,0.5,0.515,-0.015,Terence Davis,1610612758.0,SAC,G,24.0,1.0,1.0,0.3,1.0,3.0,0.333,0.381,-0.047,Terence Davis,1610612758.0,SAC,G,24.0,1.0,1.0,0.7,4.0,7.0,0.571,0.592,-0.02,Terence Davis,1610612758.0,SAC,G,24.0,1.0,1.0,0.3,2.0,3.0,0.667,0.684,-0.017,Terence Davis,1610612758.0,SAC,G,24.0,1.0,1.0,0.5,4.0,5.0,0.8,0.637,0.163,Terence Davis,1610612758.0,SAC,G,24.0,1.0,1.0,0.4,1.0,4.0,0.25,0.401,-0.151,Terence Davis,1610612758.0,SAC,24.0,1.0,19.2,4.0,2.0,2.0,0.0,0.0,0.0,0.0,0.0,0.0,0.0,0.0,0.0,0.0,0.0,0.0,0.0,0.0,0.0,0.0,0.0,0.0,Terence Davis,1610612758,SAC,1,1,0,19.2,22.0,0.0,0.0,0.0,0.0,0.0,0.0,0.0,0.0,0.0,0.0,0.0,0.0,0.0,0.0,0.0,0.0,0.0,Terence Davis,1610612758,SAC,1,1,0,19.2,19.2,7373.0,1.4,0.72,0.67,4.14,4.19,4.1,2020_21
203501,Tim Hardaway Jr.,Tim,1610612742,DAL,29.0,1,0,1,0.0,28.875,8,20,0.4,3,12,0.25,0,0,0.0,0,1,1,2,0,0,0,0,3,1,19,-20,23.2,0,0,25.0,1,124,124,124,73,20,7,142,10,2,96,129,139,129,112,160,176,76,152,119,72,1,169,112,29,233,90,17,2,74,,171,88.3,88.3,-31.2,121.7,159,60,0.299,83,218,174,120,8.0,-33.3,0.0,0.303,174,207,206,219,121.7,0.0,20.0,0.143,0.475,154,0.0,1,121.1,99.74,0.05,99.11,-33.3,184,1,108,23,83.12,110,0.475,108,112,99.74,22,207,216,161,89.9,20,0.063,0.0,203,9.1,149,7,0.018,0.0,2,0,3,0.111,0.111,5,33,18,0,2,0,0.8,0.0,1.143,7,0,0,0.0,0.286,8,5,0.143,0.0,1,4,39,0.0,0,0.0,1,33,2.15,0.487,1.23,0.0,19,1.4,0,0.5,0.0,1.0,1.0,1.0,0.0,15.1,0.0,0.0,0.0,0.0,0.0,0.0,1.0,0.0,0.5,1.0,15.1,1.0,0.0,0.0,0.0,2.0,0.0,,,,,,,,,,,,,,,,,0.417,0.3,6.0,5.0,1.0,4.0,12.0,0.3,0.6,0.167,6.0,0.667,0.458,1.0,6.0,5.0,1.0,0.417,1.0,1.0,0.3,0.25,0.2,0.333,2.0,0.05,0.1,0.75,0.05,1.0,0.0,1.0,0.5,0.0,1.0,1.0,0.05,1.0,2.0,0.5,0.4,0.4,2.0,10,4,10,5.0,0,0.0,0.0,0,3,0,0.475,0.0,0.143,0.0,3.0,1.0,1.0,0.0,0.0,0.0,0.0,0.0,0.0,0.0,3.0,0.0,0.0,4.0,0.0,0.0,0.0,4.0,1.0,12.0,0.25,1.0,0.0,0.278,G-F,0.651,110.0,0.038,169.0,0.613,0.0,0.0,1.0,4.0,0.0,,1.0,10.0,1.0,0.3,1.0,2.0,2.0,0.0,0.0,0.0,0.0,0.0,0.0,4.0,0.0,0.0,1.0,3.0,,,0.0,DAL,1,0.143,7.0,1.0,7,0.214,2021,20210426,False,22000926,,,,Tim Hardaway Jr.,1610612742.0,DAL,G-F,29.0,1.0,1.0,1.0,7.0,12.0,0.583,0.479,0.104,Tim Hardaway Jr.,1610612742.0,DAL,G-F,29.0,1.0,1.0,0.417,3.0,5.0,0.6,0.394,0.206,Tim Hardaway Jr.,1610612742.0,DAL,G-F,29.0,1.0,1.0,0.583,4.0,7.0,0.571,0.541,0.03,Tim Hardaway Jr.,1610612742.0,DAL,G-F,29.0,1.0,1.0,0.25,2.0,3.0,0.667,0.581,0.086,Tim Hardaway Jr.,1610612742.0,DAL,G-F,29.0,1.0,1.0,0.333,3.0,4.0,0.75,0.569,0.181,Tim Hardaway Jr.,1610612742.0,DAL,G-F,29.0,1.0,1.0,0.583,4.0,7.0,0.571,0.382,0.19,Tim Hardaway Jr.,1610612742.0,DAL,29.0,1.0,28.9,5.0,1.0,4.0,2.0,0.0,0.0,0.0,0.0,0.0,0.0,0.0,0.0,0.0,0.0,0.0,0.0,0.0,0.0,0.0,0.0,0.0,Tim Hardaway Jr.,1610612742,DAL,1,0,1,28.9,39.0,0.0,0.0,0.0,0.0,0.0,0.0,0.0,0.0,0.0,0.0,0.0,0.0,0.0,0.0,0.0,0.0,0.0,Tim Hardaway Jr.,1610612742,DAL,1,0,1,28.88,28.88,11175.0,2.12,1.07,1.05,4.09,4.32,4.24,2020_21
203504,Trey Burke,Trey,1610612742,DAL,28.0,1,0,1,0.0,28.216666666666665,8,14,0.571,3,7,0.429,0,0,0.0,1,1,2,5,0,2,0,1,1,1,19,13,34.9,0,0,33.0,1,124,124,124,77,20,29,74,10,20,63,129,139,129,52,160,142,24,152,15,72,165,57,112,29,24,32,17,2,31,,99,128.1,128.1,25.3,107.1,36,57,0.212,49,42,108,120,8.0,20.9,0.0,0.219,108,31,180,42,107.1,0.0,14.0,0.238,0.679,54,0.034,1,105.2,96.11,0.038,96.11,20.9,194,1,165,80,80.09,162,0.679,165,98,96.11,79,31,35,81,130.5,20,0.165,0.0,26,26.3,70,29,0.036,1.0,6,0,6,0.25,0.3,14,32,20,0,2,0,0.5,0.0,0.571,7,0,0,0.0,0.286,4,4,0.143,0.0,1,2,36,0.0,0,2.0,1,27,2.73,0.528,2.08,0.0,19,1.6,0,0.5,1.0,2.0,0.0,0.5,1.0,7.9,1.0,1.0,1.0,16.6,0.0,0.5,2.0,0.0,0.667,0.5,12.3,1.0,1.0,0.5,1.0,4.0,0.0,0.0,DAL,0.071,0.0,0.0,1610612742.0,1.0,0.0,1.0,0.0,0.0,,1.0,0.071,0.0,0.0,1.0,0.214,3.0,4.0,1.0,3.0,4.0,0.071,0.286,1.0,1.0,1.0,1.125,0.667,6.0,3.0,2.0,0.333,0.0,3.0,0.429,0.214,0.0,0.333,2.0,0.214,0.214,1.0,0.214,0.0,0.0,0.667,0.667,,2.0,3.0,0.0,2.0,3.0,0.7,0.5,0.6,1.0,5,3,7,2.0,0,0.0,1.0,2,8,0,0.679,0.0,0.5,0.0,2.0,0.0,0.0,0.0,1.0,1.0,0.0,0.0,1.0,1.0,4.0,0.0,3.0,2.0,0.0,0.75,1.0,3.0,0.0,6.0,0.333,0.667,1.0,0.299,G,0.534,31.0,-0.024,58.0,0.559,0.0,2.0,1.0,3.0,0.0,,1.0,3.0,0.667,0.333,1.0,2.0,3.0,1.0,0.0,0.0,0.0,0.667,0.0,2.0,1.0,0.0,1.0,1.0,,,2.0,DAL,3,0.4,5.0,2.0,6,0.667,2021,20210426,False,22000926,,,,Trey Burke,1610612742.0,DAL,G,28.0,1.0,1.0,1.0,2.0,6.0,0.333,0.439,-0.105,Trey Burke,1610612742.0,DAL,G,28.0,1.0,1.0,0.167,1.0,1.0,1.0,0.391,0.609,Trey Burke,1610612742.0,DAL,G,28.0,1.0,1.0,0.833,1.0,5.0,0.2,0.499,-0.299,Trey Burke,1610612742.0,DAL,G,28.0,1.0,1.0,0.167,0.0,1.0,0.0,0.348,-0.348,Trey Burke,1610612742.0,DAL,G,28.0,1.0,1.0,0.5,0.0,3.0,0.0,0.47,-0.47,Trey Burke,1610612742.0,DAL,G,28.0,1.0,1.0,0.333,1.0,2.0,0.5,0.403,0.098,Trey Burke,1610612742.0,DAL,28.0,1.0,28.2,2.0,2.0,0.0,2.0,0.0,0.0,0.0,0.0,0.0,0.0,0.0,0.0,0.0,0.0,0.0,0.0,0.0,0.0,0.0,0.0,0.0,Trey Burke,1610612742,DAL,1,0,1,28.2,36.0,0.0,0.0,0.0,0.0,0.0,0.0,0.0,0.0,0.0,0.0,0.0,0.0,0.0,0.0,0.0,0.0,0.0,Trey Burke,1610612742,DAL,1,0,1,28.22,28.22,11572.0,2.19,1.09,1.1,4.39,4.52,4.26,2020_21
1630169,Tyrese Haliburton,Tyrese,1610612758,SAC,21.0,1,1,0,1.0,36.215,6,16,0.375,2,9,0.222,0,0,0.0,0,5,5,10,4,3,0,0,0,1,14,12,40.0,1,0,37.0,1,1,1,1,18,41,20,151,32,11,105,129,139,129,112,37,62,3,9,3,72,1,1,112,60,29,16,1,2,19,,94,117.6,117.6,14.9,102.7,89,74,0.241,15,58,91,27,6.0,14.8,13.3,0.247,91,85,135,58,102.7,2.5,16.0,0.4,0.438,25,0.0,171,104.2,97.42,0.119,96.09,14.8,126,169,139,53,81.18,164,0.438,139,112,97.42,54,85,60,169,119.1,41,0.119,13.3,75,33.3,154,20,0.071,1.0,12,1,13,0.164,0.197,26,68,61,0,8,1,0.75,0.0,0.462,13,0,0,0.077,0.615,6,4,0.308,0.0,4,3,86,0.0,0,0.0,0,34,4.9,0.163,4.71,0.0,14,7.0,0,0.714,0.0,0.0,4.0,0.714,0.0,11.3,0.0,1.0,1.0,0.0,0.0,0.2,7.0,0.0,0.714,0.714,11.3,4.0,0.0,0.0,0.2,7.0,0.0,,,,,,,,,,,,,,,,,0.667,0.375,6.0,4.0,0.0,4.0,6.0,0.0,0.375,,0.0,0.667,0.667,0.0,3.0,2.0,0.0,0.0,0.0,1.0,0.188,0.125,0.0,0.0,0.0,0.063,0.438,0.429,0.438,0.0,0.0,0.286,0.286,,2.0,7.0,0.0,2.0,7.0,0.563,0.25,0.5,1.0,8,4,9,4.0,0,0.0,0.0,0,3,0,0.438,0.0,0.167,0.0,2.0,3.0,2.0,0.0,2.0,0.0,0.0,0.0,0.0,0.0,3.0,2.0,2.0,0.0,0.0,0.667,0.0,1.0,0.667,7.0,0.286,0.0,0.0,0.407,G,0.692,157.0,0.079,227.0,0.612,0.0,0.0,3.0,1.0,0.0,,1.0,6.0,0.0,0.333,3.0,2.0,3.0,0.5,0.0,0.0,0.0,0.0,0.0,0.0,0.0,0.0,1.0,2.0,,,1.0,SAC,1,0.25,4.0,1.0,5,0.3,2021,20210426,False,22000926,,,,Tyrese Haliburton,1610612758.0,SAC,G,21.0,1.0,1.0,1.0,6.0,16.0,0.375,0.444,-0.069,Tyrese Haliburton,1610612758.0,SAC,G,21.0,1.0,1.0,0.438,1.0,7.0,0.143,0.376,-0.233,Tyrese Haliburton,1610612758.0,SAC,G,21.0,1.0,1.0,0.563,5.0,9.0,0.556,0.507,0.048,Tyrese Haliburton,1610612758.0,SAC,G,21.0,1.0,1.0,0.375,5.0,6.0,0.833,0.567,0.267,Tyrese Haliburton,1610612758.0,SAC,G,21.0,1.0,1.0,0.375,5.0,6.0,0.833,0.546,0.288,Tyrese Haliburton,1610612758.0,SAC,G,21.0,1.0,1.0,0.5,1.0,8.0,0.125,0.385,-0.26,Tyrese Haliburton,1610612758.0,SAC,21.0,1.0,36.2,1.0,0.0,1.0,5.0,0.0,1.0,3.0,1.0,1.0,2.0,0.5,0.5,0.0,0.0,0.0,0.0,0.0,0.0,0.0,0.0,0.0,Tyrese Haliburton,1610612758,SAC,1,1,0,36.2,86.0,0.0,0.0,0.0,0.0,0.0,0.0,0.0,0.0,0.0,0.0,0.0,0.0,0.0,0.0,0.0,0.0,0.0,Tyrese Haliburton,1610612758,SAC,1,1,0,36.22,36.22,14738.0,2.79,1.59,1.2,4.36,4.93,3.78,2020_21
1626161,Willie Cauley-Stein,Willie,1610612742,DAL,27.0,1,0,1,0.0,26.78333333333333,4,6,0.667,0,0,0.0,0,3,0.0,3,4,7,0,1,3,1,0,1,2,8,6,27.4,0,0,23.0,1,124,124,124,86,83,129,36,122,183,122,129,47,129,14,61,31,170,79,3,20,1,57,58,125,59,68,17,2,87,,125,116.4,116.4,11.2,111.5,120,55,0.125,170,105,132,120,4.0,4.8,12.5,0.137,132,88,51,105,111.5,0.0,6.0,0.0,0.667,170,0.107,154,110.7,95.88,0.174,94.02,4.8,80,155,170,186,79.9,206,0.546,170,27,95.88,178,88,75,130,121.9,83,0.098,12.0,58,0.0,71,129,0.137,0.0,0,0,2,0.0,0.0,0,13,26,0,0,0,0.0,0.0,0.0,0,0,0,0.0,0.0,0,0,0.0,0.0,0,0,33,0.889,1,0.667,3,16,1.12,0.242,0.3,0.0,8,0.6,9,0.467,1.0,7.0,3.0,0.444,0.429,4.1,0.0,3.0,1.0,6.5,0.667,0.429,9.0,1.0,0.5,0.5,5.1,4.0,1.0,0.429,0.25,15.0,2.0,0.0,DAL,0.167,0.0,0.0,1610612742.0,1.0,0.0,1.0,0.0,0.0,,1.0,0.167,0.0,0.0,0.75,0.667,4.0,3.0,0.0,3.0,4.0,0.0,0.667,,0.0,0.75,0.75,1.0,1.0,0.0,1.0,1.0,0.0,1.0,0.167,0.0,,1.0,1.0,0.167,,,,,,,,,,,,,,,,,,0,0,0,,0,0.667,1.0,2,0,8,0.667,0.0,0.0,0.0,0.0,0.0,0.0,0.0,0.0,0.0,0.0,0.0,0.0,0.0,0.0,0.0,0.0,4.0,0.0,0.0,0.0,6.0,0.0,0.0,0.0,0.667,0.0,0.352,C,0.595,88.0,-0.02,148.0,0.614,0.0,0.0,0.0,6.0,0.0,,0.0,0.0,0.667,0.0,0.0,0.0,0.0,0.0,0.0,0.0,0.0,0.0,0.0,4.0,0.0,0.0,0.0,0.0,,,0.0,DAL,0,,,,0,,2021,20210426,False,22000926,,,,Willie Cauley-Stein,1610612742.0,DAL,C,27.0,1.0,1.0,1.0,10.0,18.0,0.556,0.522,0.034,Willie Cauley-Stein,1610612742.0,DAL,C,27.0,1.0,1.0,0.278,3.0,5.0,0.6,0.37,0.23,Willie Cauley-Stein,1610612742.0,DAL,C,27.0,1.0,1.0,0.722,7.0,13.0,0.538,0.585,-0.047,Willie Cauley-Stein,1610612742.0,DAL,C,27.0,1.0,1.0,0.333,2.0,6.0,0.333,0.654,-0.321,Willie Cauley-Stein,1610612742.0,DAL,C,27.0,1.0,1.0,0.5,5.0,9.0,0.556,0.607,-0.051,Willie Cauley-Stein,1610612742.0,DAL,C,27.0,1.0,1.0,0.389,5.0,7.0,0.714,0.371,0.344,Willie Cauley-Stein,1610612742.0,DAL,27.0,1.0,26.8,10.0,8.0,2.0,4.0,0.0,7.0,15.0,1.0,1.0,2.0,0.5,0.5,0.0,0.0,0.0,0.0,0.0,0.0,0.0,0.0,0.0,Willie Cauley-Stein,1610612742,DAL,1,0,1,26.8,33.0,1.0,0.0,0.0,0.0,0.0,0.0,0.0,0.0,0.0,1.0,1.0,0.0,0.0,0.0,0.0,0.0,0.0,Willie Cauley-Stein,1610612742,DAL,1,0,1,26.78,26.78,10130.0,1.92,0.96,0.96,3.99,4.37,4.04,2020_21
