PLAYER_ID,PLAYER_NAME,NICKNAME,TEAM_ID,TEAM_ABBREVIATION,AGE,GP,W,L,W_PCT,MIN,FGM,FGA,FG_PCT,FG3M,FG3A,FG3_PCT,FTM,FTA,FT_PCT,OREB,DREB,REB,AST,TOV,STL,BLK,BLKA,PF,PFD,PTS,PLUS_MINUS,NBA_FANTASY_PTS,DD2,TD3,WNBA_FANTASY_PTS,GP_RANK,W_RANK,L_RANK,W_PCT_RANK,MIN_RANK,FGM_RANK,FGA_RANK,FG_PCT_RANK,FG3M_RANK,FG3A_RANK,FG3_PCT_RANK,FTM_RANK,FTA_RANK,FT_PCT_RANK,OREB_RANK,DREB_RANK,REB_RANK,AST_RANK,TOV_RANK,STL_RANK,BLK_RANK,BLKA_RANK,PF_RANK,PFD_RANK,PTS_RANK,PLUS_MINUS_RANK,NBA_FANTASY_PTS_RANK,DD2_RANK,TD3_RANK,WNBA_FANTASY_PTS_RANK,team_poss,E_TOV_PCT_RANK,REB_PCT,FGA_PG,E_OFF_RATING,sp_work_OFF_RATING,E_DEF_RATING,PIE,DREB_PCT,OFF_RATING_RANK,TM_TOV_PCT,POSS,OREB_PCT,sp_work_PACE_RANK,DREB_PCT_RANK,REB_PCT_RANK,TS_PCT,AST_TO_RANK,PACE_PER40,FGM_PG_RANK,OFF_RATING,sp_work_NET_RATING_RANK,E_PACE,PIE_RANK,E_NET_RATING_RANK,AST_TO,E_USG_PCT_RANK,AST_PCT,E_DEF_RATING_RANK,PACE,DEF_RATING,sp_work_DEF_RATING,OREB_PCT_RANK,TS_PCT_RANK,FGM_PG,E_PACE_RANK,sp_work_PACE,EFG_PCT_RANK,AST_RATIO,TM_TOV_PCT_RANK,NET_RATING,E_NET_RATING,E_USG_PCT,EFG_PCT,E_OFF_RATING_RANK,DEF_RATING_RANK,NET_RATING_RANK,AST_PCT_RANK,sp_work_DEF_RATING_RANK,USG_PCT_RANK,FGA_PG_RANK,AST_RATIO_RANK,sp_work_OFF_RATING_RANK,sp_work_NET_RATING,USG_PCT,PACE_RANK,E_TOV_PCT,POTENTIAL_AST,FT_AST,AST_TO_PASS_PCT_ADJ,AST_PTS_CREATED,PASSES_MADE,AST_TO_PASS_PCT,SECONDARY_AST,PASSES_RECEIVED,AST_ADJ,DRIVE_TOV,DRIVE_FGA,DRIVE_PTS_PCT,DRIVE_FGM,DRIVE_PF_PCT,DRIVE_TOV_PCT,DRIVE_AST_PCT,DRIVE_FTA,DRIVE_FTM,DRIVE_AST,DRIVE_PASSES_PCT,DRIVES,DRIVE_FT_PCT,DRIVE_PF,DRIVE_FG_PCT,DRIVE_PASSES,DRIVE_PTS,ELBOW_TOUCHES,PAINT_TOUCHES,TOUCHES,POINTS,TIME_OF_POSS,PTS_PER_ELBOW_TOUCH,PTS_PER_PAINT_TOUCH,AVG_SEC_PER_TOUCH,PTS_PER_POST_TOUCH,POST_TOUCHES,FRONT_CT_TOUCHES,PTS_PER_TOUCH,AVG_DRIB_PER_TOUCH,REB_CONTEST,AVG_REB_DIST,DREB_CHANCES,AVG_DREB_DIST,DREB_UNCONTEST,DREB_CHANCE_DEFER,REB_CHANCE_PCT,REB_CHANCE_DEFER,OREB_CONTEST_PCT,OREB_CHANCE_PCT,DREB_CHANCE_PCT_ADJ,REB_CHANCES,OREB_CONTEST,OREB_UNCONTEST,REB_UNCONTEST,OREB_CHANCE_DEFER,DREB_CONTEST,OREB_CHANCE_PCT_ADJ,DREB_CONTEST_PCT,REB_CHANCE_PCT_ADJ,OREB_CHANCES,DREB_CHANCE_PCT,REB_CONTEST_PCT,AVG_OREB_DIST,very_tight_FG2_PCT,very_tight_FG3M,G,very_tight_FG2A_FREQUENCY,very_tight_FG3A_FREQUENCY,very_tight_FG3A,very_tight_FG2M,very_tight_FGM,very_tight_FGA,PLAYER_LAST_TEAM_ABBREVIATION,very_tight_FG_PCT,very_tight_FGA_FREQUENCY,very_tight_EFG_PCT,very_tight_FG2A,PLAYER_LAST_TEAM_ID,very_tight_FG3_PCT,tight_FG2A,tight_FG2A_FREQUENCY,tight_FG3A,tight_FG2_PCT,tight_FG3A_FREQUENCY,tight_FGM,tight_FGA_FREQUENCY,tight_FGA,tight_EFG_PCT,tight_FG3_PCT,tight_FG2M,tight_FG_PCT,tight_FG3M,open_FGA,open_FG3A,open_EFG_PCT,open_FG3M,open_FGA_FREQUENCY,open_FGM,open_FG2M,open_FG2_PCT,open_FG3A_FREQUENCY,open_FG2A_FREQUENCY,open_FG2A,open_FG_PCT,open_FG3_PCT,wide_open_FGA_FREQUENCY,wide_open_FG3M,wide_open_FG2M,wide_open_FG2A_FREQUENCY,wide_open_FG3A,wide_open_FG3A_FREQUENCY,wide_open_FG2_PCT,wide_open_FG3_PCT,wide_open_EFG_PCT,wide_open_FG2A,wide_open_FGA,wide_open_FG_PCT,wide_open_FGM,PULL_UP_FGM,PULL_UP_FG3A,PULL_UP_PTS,PULL_UP_EFG_PCT,PULL_UP_FG_PCT,PULL_UP_FG3_PCT,PULL_UP_FG3M,PULL_UP_FGA,POST_TOUCH_PTS,ELBOW_TOUCH_FG_PCT,ELBOW_TOUCH_PTS,POST_TOUCH_FG_PCT,EFF_FG_PCT,CATCH_SHOOT_FG_PCT,PAINT_TOUCH_FG_PCT,CATCH_SHOOT_PTS,PAINT_TOUCH_PTS,CORNER_3_FG_PCT,BACKCOURT_FGA,MID_FG_PCT,RIGHT_CORNER_3_FG_PCT,ITP_FG_PCT,ITP_FGA,ABOVE_BREAK_3_FGA,ABOVE_BREAK_3_FG_PCT,LEFT_CORNER_3_FGA,CORNER_3_FGM,LEFT_CORNER_3_FGM,LEFT_CORNER_3_FG_PCT,ITP_FGM,RA_FGM,RIGHT_CORNER_3_FGM,RIGHT_CORNER_3_FGA,ABOVE_BREAK_3_FGM,BACKCOURT_FG_PCT,CORNER_3_FGA,BACKCOURT_FGM,MID_FGA,MID_FGM,RA_FGA,RA_FG_PCT,PLAYER_POSITION,FGA_LT_06,FGM_LT_06,FREQ,LT_06_PCT,NS_LT_06_PCT,PLUSMINUS,FGA_15_19,FGP_25_29,FGA_35_39,FGP_LT_5,FGA_30_34,FGP_35_39,FGP_40_PLUS,FGA_25_29,FGP_10_14,FGM_LT_5,FGA_40_PLUS,FGP_5_9,FGM_35_39,FGM_40_PLUS,FGP_15_19,FGM_25_29,FGM_5_9,FGA_20_24,FGA_LT_5,FGA_5_9,FGP_20_24,FGP_30_34,FGM_30_34,FGM_20_24,FGM_15_19,TEAM_ABBR,FGM_10_14,FGA_10_14,CATCH_SHOOT_FGA,CATCH_SHOOT_FG3_PCT,CATCH_SHOOT_FG3A,CATCH_SHOOT_FG3M,CATCH_SHOOT_EFG_PCT,CATCH_SHOOT_FGM,year,date,playoffs,GAME_ID,overall_def_FREQ,overall_def_D_FGM,overall_def_D_FGA,overall_def_D_FG_PCT,overall_def_NORMAL_FG_PCT,overall_def_PCT_PLUSMINUS,three_pt_def_FREQ,three_pt_def_FG3M,three_pt_def_FG3A,three_pt_def_FG3_PCT,three_pt_def_NS_FG3_PCT,three_pt_def_PLUSMINUS,two_pt_def_FREQ,two_pt_def_FG2M,two_pt_def_FG2A,two_pt_def_FG2_PCT,two_pt_def_NS_FG2_PCT,two_pt_def_PLUSMINUS,less_6ft_def_FREQ,less_6ft_def_FGM_LT_06,less_6ft_def_FGA_LT_06,less_6ft_def_LT_06_PCT,less_6ft_def_NS_LT_06_PCT,less_6ft_def_PLUSMINUS,less_10ft_def_FREQ,less_10ft_def_FGM_LT_10,less_10ft_def_FGA_LT_10,less_10ft_def_LT_10_PCT,less_10ft_def_NS_LT_10_PCT,less_10ft_def_PLUSMINUS,more_15ft_def_FREQ,more_15ft_def_FGM_GT_15,more_15ft_def_FGA_GT_15,more_15ft_def_GT_15_PCT,more_15ft_def_NS_GT_15_PCT,more_15ft_def_PLUSMINUS,post_touch_TEAM_ID,post_touch_TEAM_ABBREVIATION,post_touch_TOUCHES,post_touch_POST_TOUCHES,post_touch_POST_TOUCH_FGM,post_touch_POST_TOUCH_FGA,post_touch_POST_TOUCH_FG_PCT,post_touch_POST_TOUCH_FTM,post_touch_POST_TOUCH_FTA,post_touch_POST_TOUCH_FT_PCT,post_touch_POST_TOUCH_PTS,post_touch_POST_TOUCH_PTS_PCT,post_touch_POST_TOUCH_PASSES,post_touch_POST_TOUCH_PASSES_PCT,post_touch_POST_TOUCH_AST,post_touch_POST_TOUCH_AST_PCT,post_touch_POST_TOUCH_TOV,post_touch_POST_TOUCH_TOV_PCT,post_touch_POST_TOUCH_FOULS,post_touch_POST_TOUCH_FOULS_PCT,speed_distance_TEAM_ID,speed_distance_TEAM_ABBREVIATION,speed_distance_MIN1,speed_distance_DIST_FEET,speed_distance_DIST_MILES,speed_distance_DIST_MILES_OFF,speed_distance_DIST_MILES_DEF,speed_distance_AVG_SPEED,speed_distance_AVG_SPEED_OFF,speed_distance_AVG_SPEED_DEF,season
203519,Adonis Thomas,Adonis,1610612755,PHI,21.0,1,0,1,0.0,4.933333333333334,1,2,0.5,0,1,0.0,0,0,0.0,0,0,0,0,0,0,0,0,0,0,2,5,2.0,0,0,2.0,1,96,96,96,175,131,156,56,69,89,69,114,119,114,102,161,167,132,127,79,67,1,1,138,147,51,176,18,1,174,,1,0.0,2.0,106.6,112.5,50.0,0.091,0.0,62,0.0,8,0.0,183,161,167,0.5,102,68.92,131,112.5,2,79.98,88,3,0.0,96,0.0,2,82.7,44.4,44.4,102,98,1.0,182,82.7,71,0.0,1,68.1,56.6,0.192,0.5,85,2,2,132,2,78,156,132,62,68.1,0.2,183,0.0,0.0,0.0,0.0,0.0,2.0,0.0,0.0,4.0,0.0,0.0,0.0,0.0,0.0,0.0,0.0,0.0,0.0,0.0,0.0,0.0,0.0,0.0,0.0,0.0,0.0,0.0,0.0,0.0,5.0,2.0,0.2,0.0,0.0,2.7,0.0,0.0,4.0,0.4,1.2,,,,,,,,,,,,,,,,,,,,,,,,,,,,,,,,,,,,,,,,,1.0,0.5,0.0,1.0,0.0,1.0,0.5,1.0,1.0,,1.0,1.0,0.0,1.0,1.0,0.0,0.0,0.5,0.0,0.0,,0.5,0.0,0.0,0.0,0.0,,,,,,,,,,,,,,0,0.0,0,,,,0.0,0,0.0,0.0,0.0,0.0,0.5,0.0,0.0,0.0,0.0,,,0.0,,1.0,1.0,1.0,0.0,,,,,1.0,0.0,,,0.0,,,,0.0,0.0,0.0,0.0,G-F,1.0,1.0,1.0,1.0,0.62,0.38,0.0,0.0,,0.0,,,,1.0,0.0,0.0,,1.0,,,0.0,0.0,1.0,0.0,0.0,1.0,0.0,,,0.0,0.0,PHI,0.0,0.0,0,,0.0,0.0,,0,2014,20140301,False,21300875,1.0,1.0,1.0,1.0,0.497,0.503,,,,,,,1.0,1.0,1.0,1.0,0.497,0.503,1.0,1.0,1.0,1.0,0.62,0.38,1.0,1.0,1.0,1.0,0.617,0.383,,,,,,,1610612755,PHI,5.0,0.0,0.0,0.0,0.0,0.0,0.0,0.0,0.0,0.0,0.0,0.0,0.0,0.0,0.0,0.0,0.0,0.0,1610612755,PHI,4.93,1876.0,0.36,0.19,0.17,4.87,5.27,4.53,2013_14
1733,Al Harrington,Al,1610612764,WAS,34.0,1,1,0,1.0,6.933333333333334,1,3,0.333,0,1,0.0,1,2,0.5,0,2,2,0,3,0,0,1,3,2,3,0,2.4,0,0,5.0,1,1,1,1,170,131,142,121,69,89,69,88,66,92,102,84,113,132,12,79,67,123,112,66,140,88,174,18,1,158,,183,0.118,3.0,104.8,105.3,99.6,-0.138,0.25,88,42.9,19,0.0,1,29,57,0.387,102,103.85,131,105.3,121,135.55,182,81,0.0,7,0.0,59,124.62,117.6,117.6,102,139,1.0,1,124.62,134,0.0,182,-12.4,5.2,0.312,0.333,97,146,121,132,146,5,142,132,88,-12.4,0.318,1,43.6,1.0,0.0,0.0,0.0,12.0,0.0,0.0,11.0,0.0,0.0,1.0,2.0,1.0,0.0,0.0,0.0,0.0,0.0,0.0,0.0,1.0,0.0,0.0,1.0,0.0,2.0,2.0,0.0,18.0,3.0,0.5,0.5,0.0,1.59,0.0,0.0,9.0,0.167,0.78,1.0,7.8,2.0,7.8,1.0,0.0,0.667,0.0,0.0,0.0,1.0,3.0,0.0,0.0,1.0,0.0,1.0,0.0,0.5,0.667,1.0,1.0,0.5,0.0,1.0,0.0,1.0,0.5,0.0,0.0,1.0,1.0,1.0,WAS,1.0,0.5,1.0,1.0,1610612764.0,,,,,,,,,,,,,,,,,,,,,,,,,,,,0.5,0.0,0.0,0.0,1.0,0.5,,0.0,0.0,0.0,1.0,0.0,0.0,0,0.0,0,,,,0.0,0,0.0,0.0,1.0,0.0,0.333,0.0,0.0,0.0,0.0,0.0,0.0,0.0,,0.0,0.0,1.0,0.0,0.0,0.0,0.0,0.0,0.0,1.0,,,0.0,0.0,0.0,0.0,0.0,0.0,2.0,0.5,F,17.0,13.0,0.327,0.765,0.568,0.196,0.0,0.0,,0.5,,,0.0,0.0,,1.0,0.0,,,0.0,0.0,0.0,,1.0,2.0,,0.0,,,0.0,0.0,WAS,,,1,0.0,1.0,0.0,0.0,0,2014,20140301,False,21300875,1.0,4.0,4.0,1.0,0.44,0.56,,,,,,,1.0,4.0,4.0,1.0,0.476,0.524,0.75,3.0,3.0,1.0,0.524,0.476,1.0,4.0,4.0,1.0,0.504,0.497,,,,,,,1610612764,WAS,18.0,0.0,0.0,0.0,0.0,0.0,0.0,0.0,0.0,0.0,0.0,0.0,0.0,0.0,0.0,0.0,0.0,0.0,1610612764,WAS,6.93,2674.0,0.51,0.3,0.21,4.32,4.45,4.16,2013_14
1889,Andre Miller,Andre,1610612764,WAS,38.0,1,1,0,1.0,14.916666666666666,0,2,0.0,0,0,0.0,2,2,1.0,0,0,0,3,2,0,0,2,3,1,2,-7,4.5,0,0,5.0,1,1,1,1,137,162,156,162,69,120,69,56,66,1,102,161,167,36,35,79,67,169,112,88,147,136,164,18,1,158,,163,0.0,2.0,76.6,78.8,99.5,-0.056,0.0,169,25.0,33,0.0,10,161,167,0.347,46,91.17,162,78.8,132,107.99,174,151,1.5,156,0.3,58,109.41,94.3,94.3,102,147,0.0,22,109.41,162,37.5,162,-15.5,-23.0,0.122,0.0,173,39,132,24,39,151,156,12,169,-15.5,0.125,10,25.4,10.0,1.0,0.111,8.0,36.0,0.083,0.0,39.0,4.0,0.0,2.0,0.0,0.0,0.0,0.0,0.25,0.0,0.0,1.0,0.25,4.0,0.0,0.0,0.0,1.0,0.0,1.0,0.0,42.0,2.0,4.6,0.0,0.0,6.5,0.0,1.0,17.0,0.048,6.55,,,,,,,,,,,,,,,,,,,,,,,,,,,,,,,,,,,,,,,,,,,,,,,,,,,,,,,,,,,,,,,,,,,,,,,,,,,,,,,,0,,0,,,,,0,0.0,0.0,0.0,0.0,0.0,0.0,0.0,0.0,0.0,0.0,0.0,0.0,,0.0,0.0,0.0,0.0,0.0,0.0,0.0,0.0,0.0,0.0,,,0.0,0.0,0.0,0.0,0.0,0.0,2.0,0.0,G,36.0,24.0,0.189,0.667,0.582,0.085,0.0,0.0,,0.0,0.0,,0.0,0.0,0.0,0.0,0.0,0.0,,0.0,0.0,0.0,0.0,0.0,2.0,0.0,0.0,0.0,0.0,0.0,0.0,WAS,0.0,0.0,0,,,,,0,2014,20140301,False,21300875,1.0,1.0,4.0,0.25,0.377,-0.127,0.5,0.0,2.0,0.0,0.326,-0.326,0.5,1.0,2.0,0.5,0.42,0.081,0.25,1.0,1.0,1.0,0.676,0.324,0.25,1.0,1.0,1.0,0.592,0.408,0.5,0.0,2.0,0.0,0.327,-0.327,1610612764,WAS,42.0,1.0,0.0,0.0,0.0,0.0,0.0,0.0,0.0,0.0,0.0,0.0,1.0,1.0,0.0,0.0,0.0,0.0,1610612764,WAS,14.92,5282.0,1.0,0.63,0.37,4.02,4.06,3.96,2013_14
203102,Arnett Moultrie,Arnett,1610612755,PHI,23.0,1,0,1,0.0,17.733333333333334,1,2,0.5,0,0,0.0,0,0,0.0,0,3,3,0,1,1,0,0,3,0,2,6,7.6,0,0,7.0,1,96,96,96,123,131,156,56,69,120,69,114,119,114,102,59,82,132,75,37,67,1,112,138,147,47,146,18,1,146,,172,0.068,2.0,97.9,95.0,84.6,0.023,0.12,144,33.3,40,0.0,20,81,98,0.5,102,87.97,131,95.0,59,103.72,144,59,0.0,178,0.0,17,105.56,84.2,84.2,102,98,1.0,39,105.56,71,0.0,171,10.8,13.4,0.07,0.5,130,12,59,132,12,178,156,132,144,10.8,0.065,20,33.3,0.0,0.0,0.0,0.0,17.0,0.0,0.0,11.0,0.0,0.0,0.0,0.0,0.0,0.0,0.0,0.0,0.0,0.0,0.0,0.0,0.0,0.0,0.0,0.0,0.0,0.0,3.0,2.0,22.0,2.0,0.5,0.0,0.0,1.28,0.0,0.0,11.0,0.091,0.14,1.0,4.3,8.0,4.3,2.0,2.0,0.333,2.0,0.0,0.0,0.5,9.0,0.0,0.0,2.0,0.0,1.0,0.0,0.333,0.429,1.0,0.375,0.333,0.0,1.0,0.0,1.0,0.5,0.0,0.0,1.0,1.0,1.0,PHI,1.0,0.5,1.0,1.0,1610612755.0,,,,,,,,,,,,,,,,,,,,,,,,,,,,0.5,0.0,0.0,0.5,0.0,0.0,0.0,,0.0,1.0,1.0,0.0,0.0,0,,0,,,,,0,0.0,0.0,0.0,0.0,0.5,0.0,0.0,0.0,0.0,0.0,0.0,0.0,0.0,0.0,0.0,0.0,0.0,0.0,0.0,0.0,0.0,0.0,1.0,0.0,0.0,0.0,0.0,0.0,0.0,1.0,0.0,1.0,1.0,F,28.0,14.0,0.431,0.5,0.592,-0.092,0.0,0.0,,1.0,0.0,,0.0,0.0,0.0,1.0,0.0,0.0,,0.0,0.0,0.0,0.0,0.0,1.0,0.0,0.0,0.0,0.0,0.0,0.0,PHI,0.0,1.0,1,,,,0.0,0,2014,20140301,False,21300875,1.0,2.0,7.0,0.286,0.431,-0.145,0.143,1.0,1.0,1.0,0.383,0.617,0.857,1.0,6.0,0.167,0.446,-0.279,0.286,1.0,2.0,0.5,0.561,-0.061,0.571,1.0,4.0,0.25,0.531,-0.281,0.429,1.0,3.0,0.333,0.374,-0.041,1610612755,PHI,22.0,0.0,0.0,0.0,0.0,0.0,0.0,0.0,0.0,0.0,0.0,0.0,0.0,0.0,0.0,0.0,0.0,0.0,1610612755,PHI,17.73,6921.0,1.31,0.67,0.65,4.41,5.47,3.6,2013_14
203078,Bradley Beal,Bradley,1610612764,WAS,21.0,1,1,0,1.0,29.4,5,12,0.417,1,4,0.25,0,0,0.0,2,1,3,5,2,2,1,0,3,1,11,11,29.1,0,0,26.0,1,1,1,1,65,49,37,100,28,32,54,114,119,114,28,120,82,16,35,14,16,1,112,88,75,28,51,18,1,56,,108,0.052,12.0,108.0,110.9,87.8,0.081,0.034,66,10.5,64,0.069,30,150,125,0.458,26,87.07,49,110.9,45,109.45,96,40,2.5,92,0.238,22,104.49,93.8,93.8,42,122,5.0,16,104.49,106,26.3,109,17.2,20.3,0.193,0.458,77,35,45,35,35,88,37,37,66,17.2,0.192,30,10.5,10.0,1.0,0.179,16.0,39.0,0.128,0.0,43.0,7.0,0.0,2.0,0.667,1.0,0.0,0.0,0.0,0.0,0.0,0.0,0.333,3.0,0.0,0.0,0.5,1.0,2.0,1.0,0.0,54.0,11.0,2.1,0.0,0.0,2.38,0.0,2.0,40.0,0.204,1.89,0.0,18.0,3.0,15.4,1.0,1.0,0.5,1.0,0.0,0.667,0.5,6.0,0.0,2.0,3.0,0.0,0.0,0.667,0.0,0.6,3.0,0.333,0.0,19.2,1.0,0.0,1.0,0.083,0.0,0.0,1.0,1.0,1.0,WAS,1.0,0.083,1.0,1.0,1610612764.0,,2.0,0.167,0.0,0.5,0.0,1.0,0.167,2.0,0.5,,1.0,0.5,0.0,3.0,0.0,0.667,0.0,0.25,2.0,2.0,0.667,0.0,0.25,3.0,0.667,,0.5,1.0,0.0,0.167,4.0,0.333,0.0,0.25,0.25,2.0,6.0,0.167,1.0,2,0.0,4,0.4,0.4,,0.0,5,0.0,0.0,0.0,0.0,0.458,0.2,0.0,3.0,0.0,0.0,0.0,0.4,0.0,0.0,1.0,4.0,0.25,0.0,0.0,0.0,0.0,0.0,2.0,0.0,0.0,1.0,0.0,0.0,0.0,5.0,2.0,2.0,1.0,G,117.0,78.0,0.231,0.667,0.589,0.078,3.0,0.25,,1.0,0.0,,0.0,4.0,0.0,2.0,0.0,0.0,,0.0,0.667,1.0,0.0,2.0,2.0,0.0,0.0,0.0,0.0,0.0,2.0,WAS,0.0,1.0,5,0.25,4.0,1.0,0.3,1,2014,20140301,False,21300875,1.0,5.0,7.0,0.714,0.441,0.273,0.143,0.0,1.0,0.0,0.328,-0.328,0.857,5.0,6.0,0.833,0.49,0.344,0.714,5.0,5.0,1.0,0.56,0.44,0.857,5.0,6.0,0.833,0.529,0.304,0.143,0.0,1.0,0.0,0.325,-0.325,1610612764,WAS,54.0,2.0,0.0,0.0,0.0,0.0,0.0,0.0,0.0,0.0,0.0,0.0,1.0,0.5,1.0,0.5,0.0,0.0,1610612764,WAS,29.4,11417.0,2.16,1.18,0.99,4.5,4.58,4.4,2013_14
201957,Byron Mullens,Byron,1610612755,PHI,25.0,1,0,1,0.0,12.066666666666666,2,5,0.4,0,0,0.0,2,2,1.0,2,5,7,0,3,1,1,1,1,2,6,3,17.4,0,0,17.0,1,96,96,96,154,112,120,105,69,120,69,56,66,1,28,33,29,132,12,37,16,123,36,66,116,67,98,18,1,95,,177,0.269,5.0,94.2,96.6,90.8,0.186,0.333,139,33.3,29,0.182,6,12,7,0.51,102,94.48,112,96.6,73,113.85,33,84,0.0,20,0.0,28,113.37,89.3,89.3,11,92,2.0,3,113.37,117,0.0,171,7.3,3.4,0.271,0.4,144,24,73,132,24,21,120,132,139,7.3,0.265,6,33.8,1.0,0.0,0.0,0.0,10.0,0.0,0.0,11.0,0.0,0.0,0.0,0.0,0.0,0.0,0.0,0.0,0.0,0.0,0.0,0.0,0.0,0.0,0.0,0.0,0.0,0.0,1.0,7.0,21.0,6.0,0.4,0.0,0.857,1.17,0.0,1.0,12.0,0.286,0.14,1.0,4.8,4.0,5.3,5.0,0.0,0.875,0.0,0.5,0.5,1.25,8.0,1.0,1.0,6.0,0.0,0.0,0.5,0.0,0.875,4.0,1.25,0.143,3.6,,,,,,,,,,,,,,,,,4.0,1.0,0.0,0.5,0.0,2.0,1.0,4.0,0.5,,2.0,0.5,0.0,,,,,,,,,,,,,,,,,,,,,,,,,,,0,,0,,,,,0,0.0,0.0,0.0,0.0,0.4,0.0,0.667,0.0,6.0,0.0,0.0,0.0,,0.0,0.0,0.0,0.0,0.0,0.0,0.0,0.0,0.0,2.0,,,0.0,0.0,0.0,0.0,1.0,0.0,4.0,0.5,C,43.0,32.0,0.462,0.744,0.594,0.15,0.0,0.0,,0.5,,,0.0,0.0,0.0,2.0,0.0,0.0,,0.0,0.0,0.0,0.0,0.0,4.0,0.0,0.0,,,0.0,0.0,PHI,0.0,1.0,0,,,,,0,2014,20140301,False,21300875,1.0,2.0,5.0,0.4,0.471,-0.071,0.2,0.0,1.0,0.0,0.383,-0.383,0.8,2.0,4.0,0.5,0.494,0.006,0.2,1.0,1.0,1.0,0.633,0.367,0.2,1.0,1.0,1.0,0.591,0.409,0.8,1.0,4.0,0.25,0.372,-0.122,1610612755,PHI,21.0,1.0,0.0,1.0,0.0,0.0,0.0,0.0,0.0,0.0,0.0,0.0,0.0,0.0,0.0,0.0,0.0,0.0,1610612755,PHI,12.07,4750.0,0.9,0.49,0.41,4.48,5.01,3.97,2013_14
202698,Chris Singleton,Chris,1610612764,WAS,24.0,1,1,0,1.0,16.8,1,5,0.2,0,2,0.0,1,4,0.25,1,2,3,0,1,1,0,1,1,2,3,-11,8.6,0,0,8.0,1,1,1,1,128,131,120,150,69,63,69,88,42,110,47,84,82,132,75,37,67,123,36,66,140,158,140,18,1,140,,120,0.07,5.0,82.4,83.3,107.2,-0.056,0.111,165,12.5,36,0.04,19,89,95,0.222,102,88.1,131,83.3,152,106.63,173,153,0.0,114,0.0,96,105.71,107.9,107.9,73,157,1.0,27,105.71,150,0.0,116,-24.6,-24.8,0.175,0.2,167,105,152,132,105,109,120,132,165,-24.6,0.178,19,12.9,0.0,0.0,0.0,0.0,16.0,0.0,0.0,15.0,0.0,0.0,0.0,0.0,0.0,0.0,0.0,0.0,0.0,0.0,0.0,0.0,0.0,0.0,0.0,0.0,0.0,0.0,0.0,4.0,25.0,3.0,0.6,0.0,0.75,1.5,0.0,1.0,16.0,0.12,0.4,2.0,5.9,2.0,8.3,1.0,0.0,0.375,0.0,1.0,0.167,1.0,8.0,1.0,0.0,1.0,0.0,1.0,0.167,0.5,0.375,6.0,1.0,0.667,1.3,,,,,,,,,,,,,,,,,1.0,0.25,0.0,1.0,0.0,1.0,0.25,1.0,1.0,,1.0,1.0,0.0,,,,,,,,,,,,,,0.75,0.0,0.0,0.25,2.0,0.5,0.0,0.0,0.0,1.0,3.0,0.0,0.0,0,0.0,0,,,,0.0,0,0.0,0.0,0.0,0.0,0.2,0.0,0.5,0.0,3.0,0.0,0.0,0.0,0.0,0.0,0.0,2.0,0.0,0.0,0.0,0.0,0.0,0.0,1.0,0.0,0.0,0.0,0.0,0.0,0.0,1.0,0.0,2.0,0.5,F,25.0,18.0,0.379,0.72,0.567,0.153,0.0,0.0,,0.5,0.0,,0.0,0.0,0.0,1.0,0.0,0.0,,0.0,0.0,0.0,0.0,3.0,2.0,0.0,0.0,0.0,0.0,0.0,0.0,WAS,0.0,0.0,2,0.0,1.0,0.0,0.0,0,2014,20140301,False,21300875,1.0,3.0,8.0,0.375,0.432,-0.057,0.125,0.0,1.0,0.0,0.296,-0.296,0.875,3.0,7.0,0.429,0.485,-0.057,0.375,2.0,3.0,0.667,0.645,0.022,0.625,3.0,5.0,0.6,0.537,0.063,0.375,0.0,3.0,0.0,0.344,-0.344,1610612764,WAS,25.0,1.0,0.0,0.0,0.0,0.0,0.0,0.0,0.0,0.0,0.0,0.0,0.0,0.0,1.0,1.0,0.0,0.0,1610612764,WAS,16.8,6918.0,1.31,0.69,0.62,4.45,4.4,4.49,2013_14
2400,Drew Gooden,Drew,1610612764,WAS,32.0,1,1,0,1.0,8.133333333333333,0,2,0.0,0,0,0.0,0,0,0.0,3,3,6,0,1,0,0,0,4,0,0,-9,6.2,0,0,6.0,1,1,1,1,167,162,156,162,69,120,69,114,119,114,13,59,37,132,75,79,67,1,148,138,165,146,154,18,1,153,,172,0.286,2.0,76.9,73.7,118.6,-0.091,0.375,173,33.3,19,0.231,3,8,4,0.0,102,95.9,162,73.7,172,110.95,179,170,0.0,140,0.0,146,115.08,115.0,115.0,6,165,0.0,11,115.08,162,0.0,171,-41.3,-41.6,0.142,0.0,171,137,172,132,137,141,156,132,173,-41.3,0.136,3,33.3,2.0,0.0,0.0,0.0,13.0,0.0,0.0,5.0,0.0,0.0,0.0,0.0,0.0,0.0,0.0,0.0,0.0,0.0,0.0,0.0,0.0,0.0,0.0,0.0,0.0,0.0,5.0,2.0,16.0,0.0,0.6,0.0,0.0,2.28,0.0,1.0,8.0,0.0,0.56,1.0,6.7,4.0,3.9,3.0,0.0,0.6,0.0,0.333,0.5,0.75,10.0,1.0,2.0,5.0,0.0,0.0,0.5,0.0,0.6,6.0,0.75,0.167,9.5,,,,,,,,,,,,,,,,,2.0,1.0,0.0,0.0,0.0,0.0,1.0,2.0,0.0,,0.0,0.0,0.0,,,,,,,,,,,,,,,,,,,,,,,,,,,0,,0,,,,,0,0.0,0.0,0.0,0.0,0.0,0.0,0.0,0.0,0.0,0.0,0.0,0.0,0.0,0.0,0.0,0.0,0.0,0.0,0.0,0.0,0.0,0.0,0.0,0.0,0.0,0.0,0.0,0.0,0.0,1.0,0.0,1.0,0.0,F,3.0,3.0,0.6,1.0,0.551,0.449,1.0,0.0,,0.0,,,0.0,0.0,0.0,0.0,0.0,0.0,,0.0,0.0,0.0,0.0,0.0,1.0,0.0,0.0,,,0.0,0.0,WAS,0.0,0.0,1,,,,0.0,0,2014,20140301,False,21300875,1.0,3.0,5.0,0.6,0.432,0.168,0.2,0.0,1.0,0.0,0.306,-0.306,0.8,3.0,4.0,0.75,0.481,0.269,0.6,3.0,3.0,1.0,0.551,0.449,0.6,3.0,3.0,1.0,0.502,0.498,0.4,0.0,2.0,0.0,0.352,-0.352,1610612764,WAS,16.0,1.0,0.0,0.0,0.0,0.0,0.0,0.0,0.0,0.0,1.0,1.0,0.0,0.0,0.0,0.0,0.0,0.0,1610612764,WAS,8.13,3055.0,0.58,0.31,0.27,4.42,4.07,4.85,2013_14
202343,Elliot Williams,Elliot,1610612755,PHI,25.0,1,0,1,0.0,17.676666666666666,2,5,0.4,0,3,0.0,0,0,0.0,0,4,4,4,2,1,0,0,2,0,4,2,15.8,0,0,14.0,1,96,96,96,124,112,120,105,69,41,69,114,119,114,102,39,62,26,35,37,67,1,76,138,132,76,103,18,1,105,,149,0.091,5.0,100.2,97.5,92.6,0.104,0.154,134,18.2,40,0.0,18,64,78,0.4,29,88.25,112,97.5,91,107.1,83,74,2.0,113,0.364,35,105.9,97.4,97.4,102,133,2.0,26,105.9,117,36.4,148,0.1,7.6,0.175,0.4,124,49,91,14,49,124,120,13,134,0.1,0.163,18,18.2,7.0,1.0,0.263,10.0,19.0,0.211,0.0,19.0,5.0,0.0,1.0,0.667,1.0,0.0,0.0,0.0,0.0,0.0,0.0,0.667,3.0,0.0,0.0,1.0,2.0,2.0,0.0,0.0,25.0,4.0,1.0,0.0,0.0,2.29,0.0,0.0,17.0,0.16,1.56,1.0,4.2,7.0,4.2,3.0,1.0,0.571,1.0,0.0,0.0,0.667,7.0,0.0,0.0,3.0,0.0,1.0,0.0,0.25,0.667,0.0,0.571,0.25,0.0,,,,,,,,,,,,,,,,,1.0,0.2,0.0,1.0,0.0,1.0,0.2,1.0,1.0,,1.0,1.0,0.0,2.0,2.0,0.0,0.0,0.4,0.0,0.0,,0.4,0.0,0.0,0.0,0.0,0.4,0.0,1.0,0.2,1.0,0.2,1.0,0.0,0.5,1.0,2.0,0.5,1.0,0,0.0,0,,,,0.0,0,0.0,0.0,0.0,0.0,0.4,0.25,0.0,2.0,0.0,0.0,0.0,1.0,0.0,0.0,0.0,3.0,0.0,0.0,0.0,0.0,0.0,0.0,1.0,0.0,0.0,0.0,0.0,0.0,0.0,1.0,1.0,1.0,1.0,G,29.0,24.0,0.191,0.828,0.597,0.23,0.0,0.0,,1.0,0.0,,0.0,2.0,0.0,1.0,0.0,0.0,,0.0,0.0,0.0,0.0,2.0,1.0,0.0,0.5,0.0,0.0,1.0,0.0,PHI,0.0,0.0,4,0.0,3.0,0.0,0.25,1,2014,20140301,False,21300875,1.0,3.0,4.0,0.75,0.483,0.267,,,,,,,1.0,3.0,4.0,0.75,0.522,0.228,0.75,2.0,3.0,0.667,0.63,0.037,1.0,3.0,4.0,0.75,0.587,0.164,,,,,,,1610612755,PHI,25.0,0.0,0.0,0.0,0.0,0.0,0.0,0.0,0.0,0.0,0.0,0.0,0.0,0.0,0.0,0.0,0.0,0.0,1610612755,PHI,17.68,7345.0,1.39,0.66,0.73,4.75,5.5,4.19,2013_14
201953,Eric Maynor,Eric,1610612755,PHI,27.0,1,0,1,0.0,17.576666666666668,5,7,0.714,2,3,0.667,1,4,0.25,1,4,5,1,0,0,1,0,1,2,13,5,23.5,0,0,23.0,1,96,96,96,125,49,93,12,14,41,9,88,42,110,47,39,45,89,127,79,16,1,36,66,63,51,65,18,1,69,,1,0.116,7.0,102.8,97.5,89.3,0.257,0.174,134,0.0,40,0.05,24,57,60,0.742,102,87.62,49,97.5,79,103.77,8,58,0.0,73,0.125,25,105.14,91.9,91.9,56,22,5.0,38,105.14,9,10.0,1,5.6,13.6,0.214,0.857,113,31,79,77,31,78,93,104,134,5.6,0.2,24,0.0,7.0,2.0,0.12,4.0,25.0,0.04,0.0,29.0,3.0,0.0,1.0,0.25,0.0,0.5,0.0,0.0,4.0,1.0,0.0,0.25,4.0,0.25,2.0,0.0,1.0,1.0,0.0,0.0,36.0,13.0,2.4,0.0,0.0,4.06,0.0,0.0,9.0,0.361,3.61,0.0,15.2,4.0,12.8,4.0,0.0,0.714,0.0,0.0,0.333,1.0,7.0,0.0,1.0,5.0,0.0,0.0,0.333,0.0,0.714,3.0,1.0,0.0,24.7,0.5,0.0,1.0,0.286,0.0,0.0,1.0,1.0,2.0,PHI,0.5,0.286,0.5,2.0,1610612755.0,,,,,,,,,,,,,,,4.0,2.0,0.875,1.0,0.571,3.0,2.0,1.0,0.286,0.286,2.0,0.75,0.5,0.143,1.0,0.0,0.0,1.0,0.143,,1.0,1.5,0.0,1.0,1.0,1.0,1,0.0,2,0.5,0.5,,0.0,2,0.0,0.0,0.0,0.0,0.857,0.667,0.0,6.0,0.0,0.0,0.0,1.0,0.0,0.0,0.0,3.0,0.667,0.0,0.0,0.0,0.0,0.0,2.0,0.0,0.0,2.0,0.0,0.0,0.0,1.0,1.0,3.0,0.667,G,24.0,20.0,0.348,0.833,0.593,0.241,1.0,1.0,,0.667,0.0,,0.0,1.0,0.0,2.0,0.0,0.0,,0.0,1.0,1.0,0.0,2.0,3.0,0.0,0.5,0.0,0.0,1.0,1.0,PHI,0.0,0.0,3,0.667,3.0,2.0,1.0,2,2014,20140301,False,21300875,1.0,5.0,10.0,0.5,0.433,0.067,0.3,0.0,3.0,0.0,0.401,-0.401,0.7,5.0,7.0,0.714,0.474,0.24,0.5,4.0,5.0,0.8,0.617,0.183,0.5,4.0,5.0,0.8,0.57,0.23,0.5,1.0,5.0,0.2,0.354,-0.154,1610612755,PHI,36.0,0.0,0.0,0.0,0.0,0.0,0.0,0.0,0.0,0.0,0.0,0.0,0.0,0.0,0.0,0.0,0.0,0.0,1610612755,PHI,17.58,6700.0,1.27,0.58,0.69,4.47,5.04,4.06,2013_14
202066,Garrett Temple,Garrett,1610612764,WAS,28.0,1,1,0,1.0,6.333333333333333,0,1,0.0,0,0,0.0,0,0,0.0,0,0,0,3,0,0,0,0,0,1,0,0,4.5,0,0,3.0,1,1,1,1,172,162,171,162,69,120,69,114,119,114,102,161,167,36,127,79,67,1,1,88,165,88,164,18,1,170,,1,0.0,1.0,136.4,128.6,121.0,0.063,0.0,19,0.0,14,0.0,8,161,167,0.0,102,91.58,162,128.6,68,106.41,117,52,0.0,180,0.5,154,109.89,120.0,120.0,102,165,0.0,28,109.89,162,75.0,1,8.6,15.4,0.066,0.0,9,151,68,4,151,179,171,2,19,8.6,0.063,8,0.0,4.0,0.0,0.273,8.0,11.0,0.273,0.0,12.0,3.0,0.0,0.0,0.0,0.0,0.0,0.0,0.0,0.0,0.0,0.0,0.0,0.0,0.0,0.0,0.0,0.0,0.0,0.0,0.0,13.0,0.0,1.1,0.0,0.0,5.19,0.0,0.0,3.0,0.0,4.54,,,,,,,,,,,,,,,,,,,,,,,,,,,,,,,,,,,,,,,,,,,,,,,,,,,,,,1.0,0.0,0.0,0.0,1.0,0.0,0.0,0.0,0.0,1.0,1.0,0.0,,,,,,,,,,,,,,,0,,0,0.0,0.0,,,1,0.0,0.0,0.0,0.0,0.0,0.0,0.0,0.0,0.0,0.0,0.0,0.0,0.0,,,0.0,0.0,0.0,0.0,0.0,0.0,,0.0,0.0,0.0,0.0,0.0,0.0,0.0,1.0,0.0,0.0,0.0,G,53.0,28.0,0.231,0.528,0.57,-0.042,1.0,0.0,,0.0,,,0.0,0.0,,0.0,0.0,,,0.0,0.0,0.0,,0.0,0.0,,0.0,,,0.0,0.0,WAS,,,0,,,,,0,2014,20140301,False,21300875,1.0,3.0,5.0,0.6,0.406,0.194,0.2,0.0,1.0,0.0,0.214,-0.214,0.8,3.0,4.0,0.75,0.435,0.315,0.6,2.0,3.0,0.667,0.542,0.124,0.6,2.0,3.0,0.667,0.5,0.167,0.4,1.0,2.0,0.5,0.275,0.226,1610612764,WAS,13.0,0.0,0.0,0.0,0.0,0.0,0.0,0.0,0.0,0.0,0.0,0.0,0.0,0.0,0.0,0.0,0.0,0.0,1610612764,WAS,6.33,2362.0,0.45,0.27,0.18,3.78,4.71,4.77,2013_14
203156,Henry Sims,Henry,1610612755,PHI,24.0,1,0,1,0.0,24.366666666666667,3,6,0.5,0,0,0.0,1,2,0.5,3,1,4,1,1,1,1,0,5,1,7,-15,18.3,0,0,16.0,1,96,96,96,97,84,107,56,69,120,69,88,66,92,13,120,62,89,75,37,16,1,175,88,102,172,97,18,1,97,,113,0.08,6.0,97.2,105.7,124.0,0.018,0.043,85,11.1,53,0.111,22,142,87,0.509,62,87.82,84,105.7,157,113.15,147,156,1.0,148,0.056,161,105.39,131.5,131.5,26,95,3.0,4,105.39,71,11.1,111,-25.8,-26.7,0.13,0.5,134,176,157,115,176,147,107,94,85,-25.8,0.129,22,11.3,2.0,0.0,0.033,2.0,30.0,0.033,0.0,21.0,1.0,0.0,1.0,0.0,0.0,0.0,0.0,0.0,0.0,0.0,0.0,0.0,1.0,0.0,0.0,0.0,0.0,0.0,7.0,7.0,38.0,7.0,0.8,0.0,0.714,1.28,2.0,1.0,23.0,0.184,0.32,0.0,7.4,8.0,3.5,1.0,2.0,0.235,2.0,0.0,0.333,0.167,17.0,0.0,3.0,4.0,0.0,0.0,0.333,0.0,0.267,9.0,0.125,0.0,8.8,,,,,,,,,,,,,,,,,5.0,0.833,0.0,0.6,0.0,3.0,0.833,5.0,0.6,,3.0,0.6,0.0,1.0,0.0,0.0,0.0,0.167,0.0,0.0,0.0,0.0,0.167,1.0,0.0,,,,,,,,,,,,,,,0,,0,,,,,0,2.0,0.0,0.0,1.0,0.5,0.0,0.667,0.0,5.0,0.0,0.0,0.0,0.0,0.0,2.0,0.0,0.0,0.0,0.0,0.0,0.0,0.0,3.0,0.0,0.0,0.0,0.0,0.0,0.0,1.0,0.0,3.0,1.0,C,51.0,25.0,0.531,0.49,0.59,-0.1,0.0,0.0,,0.75,,,0.0,0.0,0.0,3.0,0.0,0.0,,0.0,0.0,0.0,0.0,0.0,4.0,0.0,0.0,,,0.0,0.0,PHI,0.0,2.0,1,,,,0.0,0,2014,20140301,False,21300875,1.0,6.0,15.0,0.4,0.443,-0.043,0.2,1.0,3.0,0.333,0.38,-0.047,0.8,5.0,12.0,0.417,0.482,-0.065,0.333,3.0,5.0,0.6,0.633,-0.033,0.467,3.0,7.0,0.429,0.566,-0.137,0.467,2.0,7.0,0.286,0.36,-0.074,1610612755,PHI,38.0,1.0,1.0,1.0,1.0,0.0,0.0,0.0,2.0,2.0,0.0,0.0,0.0,0.0,0.0,0.0,0.0,0.0,1610612755,PHI,24.37,9588.0,1.82,0.9,0.91,4.44,4.66,4.23,2013_14
203138,Hollis Thompson,Hollis,1610612755,PHI,23.0,1,0,1,0.0,27.1,3,8,0.375,0,3,0.0,1,1,1.0,1,1,2,0,3,0,0,1,2,1,7,-21,6.4,0,0,9.0,1,96,96,96,83,84,81,113,69,41,69,88,110,1,47,120,113,132,12,79,67,123,76,88,102,179,152,18,1,137,,168,0.04,8.0,84.5,93.3,129.5,-0.013,0.053,151,27.3,60,0.032,23,132,142,0.415,102,87.82,84,93.3,168,111.37,157,172,0.0,128,0.0,173,105.39,130.5,130.5,89,130,3.0,6,105.39,126,0.0,168,-37.2,-45.0,0.16,0.375,164,175,168,132,175,129,81,132,151,-37.2,0.155,23,26.2,2.0,0.0,0.0,0.0,19.0,0.0,0.0,21.0,0.0,1.0,1.0,1.0,1.0,0.0,0.5,0.0,0.0,0.0,0.0,0.0,2.0,0.0,0.0,1.0,0.0,2.0,2.0,3.0,32.0,7.0,1.2,0.0,0.667,2.33,0.0,0.0,28.0,0.219,1.19,0.0,16.7,3.0,12.3,1.0,1.0,0.333,1.0,0.0,0.333,0.5,6.0,0.0,1.0,2.0,0.0,0.0,0.333,0.0,0.4,3.0,0.333,0.0,21.0,1.0,0.0,1.0,0.143,0.0,0.0,1.0,1.0,1.0,PHI,1.0,0.143,1.0,1.0,1610612755.0,,3.0,0.429,1.0,0.667,0.143,2.0,0.571,4.0,0.5,0.0,2.0,0.5,0.0,1.0,1.0,0.0,0.0,0.143,0.0,0.0,,0.143,0.0,0.0,0.0,0.0,0.143,0.0,0.0,0.0,1.0,0.143,,0.0,0.0,0.0,1.0,0.0,0.0,1,0.0,2,1.0,1.0,,0.0,1,0.0,0.0,0.0,0.0,0.375,0.0,0.5,0.0,2.0,0.0,0.0,0.5,0.0,0.0,0.0,3.0,0.0,0.0,0.0,0.0,0.0,0.0,2.0,0.0,0.0,0.0,0.0,0.0,0.0,2.0,1.0,3.0,0.667,G-F,97.0,63.0,0.254,0.649,0.608,0.042,0.0,0.0,,0.667,,,0.0,2.0,0.0,2.0,0.0,1.0,,0.0,0.0,0.0,1.0,1.0,3.0,1.0,0.0,,,0.0,0.0,PHI,0.0,1.0,4,0.0,3.0,0.0,0.0,0,2014,20140301,False,21300875,1.0,6.0,8.0,0.75,0.47,0.28,0.875,5.0,7.0,0.714,0.415,0.299,0.125,1.0,1.0,1.0,0.537,0.463,0.125,1.0,1.0,1.0,0.698,0.302,0.125,1.0,1.0,1.0,0.592,0.408,0.875,5.0,7.0,0.714,0.41,0.304,1610612755,PHI,32.0,0.0,0.0,0.0,0.0,0.0,0.0,0.0,0.0,0.0,0.0,0.0,0.0,0.0,0.0,0.0,0.0,0.0,1610612755,PHI,27.1,10434.0,1.98,1.05,0.93,4.44,4.56,3.9,2013_14
202341,James Anderson,James,1610612755,PHI,25.0,1,0,1,0.0,26.973333333333333,5,11,0.455,2,7,0.286,1,1,1.0,0,2,2,1,2,3,1,0,2,1,13,-16,26.9,0,0,26.0,1,96,96,96,84,49,50,87,14,8,52,88,110,1,102,84,113,89,35,4,16,1,76,88,63,174,58,18,1,56,,125,0.038,11.0,89.1,95.0,119.8,0.083,0.095,144,14.3,60,0.0,17,100,145,0.568,83,88.98,49,95.0,159,111.11,93,162,0.5,93,0.056,150,106.77,121.7,121.7,102,73,5.0,9,106.77,63,7.1,125,-26.7,-30.7,0.192,0.545,155,157,159,115,157,101,50,120,144,-26.7,0.183,17,13.9,5.0,1.0,0.176,3.0,17.0,0.059,1.0,25.0,3.0,0.0,2.0,0.667,1.0,0.0,0.0,0.0,0.0,0.0,0.0,0.333,3.0,0.0,0.0,0.5,1.0,2.0,0.0,1.0,31.0,13.0,1.0,0.0,2.0,1.96,0.0,0.0,23.0,0.419,1.58,1.0,5.5,5.0,5.5,1.0,0.0,0.4,0.0,0.0,0.0,0.4,5.0,0.0,0.0,1.0,0.0,1.0,0.0,0.5,0.4,0.0,0.4,0.5,0.0,1.0,0.0,1.0,0.091,0.0,0.0,1.0,1.0,1.0,PHI,1.0,0.091,1.0,1.0,1610612755.0,,2.0,0.182,1.0,0.5,0.091,1.0,0.273,3.0,0.333,0.0,1.0,0.333,0.0,4.0,3.0,0.625,1.0,0.364,2.0,1.0,1.0,0.273,0.091,1.0,0.5,0.333,0.273,1.0,0.0,0.0,3.0,0.273,,0.333,0.5,0.0,3.0,0.333,1.0,0,0.0,0,,,,0.0,0,0.0,0.0,0.0,0.0,0.545,0.286,1.0,6.0,2.0,0.5,0.0,0.0,0.0,0.0,0.0,5.0,0.2,2.0,1.0,1.0,0.5,0.0,3.0,0.0,0.0,1.0,0.0,2.0,0.0,0.0,0.0,4.0,0.75,G-F,139.0,94.0,0.271,0.676,0.603,0.074,0.0,0.0,,0.75,,,0.0,4.0,0.0,3.0,0.0,0.0,,0.0,0.0,0.0,0.0,3.0,4.0,0.0,0.667,,,2.0,0.0,PHI,0.0,0.0,7,0.286,7.0,2.0,0.429,2,2014,20140301,False,21300875,1.0,7.0,12.0,0.583,0.462,0.121,0.25,1.0,3.0,0.333,0.385,-0.051,0.75,6.0,9.0,0.667,0.494,0.173,0.417,4.0,5.0,0.8,0.654,0.146,0.417,4.0,5.0,0.8,0.592,0.208,0.5,2.0,6.0,0.333,0.387,-0.054,1610612755,PHI,31.0,0.0,0.0,0.0,0.0,0.0,0.0,0.0,0.0,0.0,0.0,0.0,0.0,0.0,0.0,0.0,0.0,0.0,1610612755,PHI,26.97,10836.0,2.05,1.04,1.01,4.68,4.7,4.22,2013_14
202363,Jarvis Varnado,Jarvis,1610612755,PHI,26.0,1,0,1,0.0,2.9166666666666665,0,0,0.0,0,0,0.0,0,0,0.0,0,1,1,0,0,0,0,0,0,0,0,3,1.2,0,0,1.0,1,96,96,96,184,162,182,162,69,120,69,114,119,114,102,120,143,132,127,79,67,1,1,138,165,67,179,18,1,178,,1,0.167,0.0,170.1,166.7,140.0,0.054,0.25,2,0.0,6,0.0,78,29,21,0.0,102,82.29,162,166.7,9,89.53,124,24,0.0,182,0.0,183,98.74,116.7,116.7,102,165,0.0,161,98.74,162,0.0,1,50.0,30.1,0.0,0.0,2,143,10,132,143,182,182,132,2,50.0,0.0,78,0.0,0.0,0.0,0.0,0.0,1.0,0.0,0.0,0.0,0.0,0.0,0.0,0.0,0.0,0.0,0.0,0.0,0.0,0.0,0.0,0.0,0.0,0.0,0.0,0.0,0.0,0.0,0.0,0.0,1.0,0.0,0.0,0.0,0.0,1.48,0.0,0.0,0.0,0.0,0.0,0.0,9.8,2.0,9.8,1.0,0.0,0.333,0.0,0.0,0.0,0.5,3.0,0.0,0.0,1.0,0.0,0.0,0.0,0.0,0.333,1.0,0.5,0.0,0.0,,,,,,,,,,,,,,,,,,,,,,,,,,,,,,,,,,,,,,,,,,,,,,,,,,,,,,,,0,,0,,,,,0,0.0,0.0,0.0,0.0,0.0,0.0,0.0,0.0,0.0,0.0,,0.0,0.0,,,0.0,0.0,,0.0,,,,0.0,0.0,0.0,0.0,,0.0,,0.0,0.0,0.0,0.0,F-C,2.0,1.0,0.667,0.5,0.619,-0.119,0.0,0.0,,0.0,,,,0.0,,0.0,,,,,0.0,0.0,,0.0,0.0,,0.0,,,0.0,0.0,PHI,,,0,,,,,0,2014,20140301,False,21300875,1.0,0.0,1.0,0.0,0.429,-0.429,,,,,,,1.0,0.0,1.0,0.0,0.509,-0.509,1.0,0.0,1.0,0.0,0.644,-0.644,1.0,0.0,1.0,0.0,0.612,-0.612,,,,,,,1610612755,PHI,1.0,0.0,0.0,0.0,0.0,0.0,0.0,0.0,0.0,0.0,0.0,0.0,0.0,0.0,0.0,0.0,0.0,0.0,1610612755,PHI,2.92,1065.0,0.2,0.11,0.1,4.11,4.73,3.63,2013_14
202322,John Wall,John,1610612764,WAS,23.0,1,1,0,1.0,29.266666666666666,6,10,0.6,1,1,1.0,4,4,1.0,1,2,3,16,3,2,0,0,4,3,17,30,47.6,1,0,41.0,1,1,1,1,68,37,62,35,28,89,1,26,42,1,47,84,82,1,12,14,67,1,148,46,34,1,9,1,1,9,,104,0.055,10.0,134.4,139.7,82.8,0.204,0.061,7,10.0,63,0.045,25,128,123,0.723,3,87.47,37,139.7,8,111.13,23,5,5.33,74,0.615,14,104.97,89.2,89.2,62,24,6.0,8,104.97,34,53.3,104,50.5,51.6,0.212,0.65,15,22,8,2,22,76,62,4,7,50.5,0.203,25,9.8,24.0,2.0,0.302,41.0,63.0,0.254,1.0,68.0,19.0,0.0,3.0,0.846,3.0,0.154,0.0,0.385,4.0,4.0,5.0,0.231,13.0,1.0,2.0,1.0,3.0,11.0,1.0,2.0,80.0,17.0,7.0,2.0,1.0,5.25,0.0,0.0,22.0,0.213,5.03,1.0,7.4,4.0,8.1,2.0,0.0,0.5,0.0,1.0,0.5,0.5,6.0,1.0,0.0,2.0,0.0,0.0,0.5,0.0,0.5,2.0,0.5,0.333,5.8,1.0,0.0,1.0,0.1,0.0,0.0,1.0,1.0,1.0,WAS,1.0,0.1,1.0,1.0,1610612764.0,,3.0,0.3,0.0,1.0,0.0,3.0,0.3,3.0,1.0,,3.0,1.0,0.0,4.0,1.0,0.625,1.0,0.4,2.0,1.0,0.333,0.1,0.3,3.0,0.5,1.0,0.2,0.0,0.0,0.2,0.0,0.0,0.0,,0.0,2.0,2.0,0.0,0.0,1,0.0,2,0.2,0.2,,0.0,5,0.0,1.0,2.0,0.0,0.65,1.0,1.0,3.0,2.0,0.0,0.0,0.0,0.0,0.0,1.0,1.0,1.0,0.0,0.0,0.0,0.0,0.0,5.0,0.0,0.0,1.0,0.0,0.0,0.0,3.0,0.0,5.0,1.0,G,113.0,77.0,0.208,0.681,0.583,0.098,2.0,0.0,,0.833,,,0.0,0.0,0.0,5.0,0.0,0.0,,0.0,0.0,0.0,0.0,2.0,6.0,0.0,0.5,,,1.0,0.0,WAS,0.0,0.0,1,1.0,1.0,1.0,1.5,1,2014,20140301,False,21300875,1.0,2.0,6.0,0.333,0.422,-0.089,0.667,1.0,4.0,0.25,0.329,-0.079,0.333,1.0,2.0,0.5,0.507,-0.007,,,,,,,,,,,,,0.833,1.0,5.0,0.2,0.352,-0.152,1610612764,WAS,80.0,0.0,0.0,0.0,0.0,0.0,0.0,0.0,0.0,0.0,0.0,0.0,0.0,0.0,0.0,0.0,0.0,0.0,1610612764,WAS,29.27,10891.0,2.06,1.08,0.98,4.33,4.58,4.08,2013_14
203485,Lorenzo Brown,Lorenzo,1610612755,PHI,23.0,1,0,1,0.0,0.9066666666666666,0,0,0.0,0,0,0.0,0,0,0.0,0,0,0,1,0,0,0,0,0,0,0,0,1.5,0,0,1.0,1,96,96,96,186,162,182,162,69,120,69,114,119,114,102,161,167,89,127,79,67,1,1,138,165,88,178,18,1,178,,1,0.0,0.0,200.0,200.0,200.0,0.222,0.0,1,0.0,1,0.0,186,161,167,0.0,102,66.18,162,200.0,1,52.94,16,89,0.0,182,1.0,186,79.41,100.0,100.0,102,165,0.0,186,79.41,162,100.0,1,100.0,0.0,0.0,0.0,1,56,1,1,56,182,182,1,1,100.0,0.0,186,0.0,2.0,0.0,0.333,2.0,3.0,0.333,0.0,2.0,1.0,0.0,0.0,0.0,0.0,0.0,0.0,1.0,0.0,0.0,1.0,0.0,1.0,0.0,0.0,0.0,0.0,0.0,0.0,0.0,3.0,0.0,0.1,0.0,0.0,1.71,0.0,0.0,2.0,0.0,1.0,,,,,,,,,,,,,,,,,,,,,,,,,,,,,,,,,,,,,,,,,,,,,,,,,,,,,,,,,,,,,,,,,,,,,,,,,,,,,,,,0,,0,,,,,0,0.0,0.0,0.0,0.0,0.0,0.0,0.0,0.0,0.0,,,0.0,,,,0.0,0.0,,,,,,0.0,,,0.0,,,,0.0,0.0,0.0,0.0,G,14.0,6.0,0.226,0.429,0.57,-0.142,0.0,0.0,,0.0,,,,0.0,,0.0,,,,,0.0,0.0,,,0.0,,,,,,0.0,PHI,,,0,,,,,0,2014,20140301,False,21300875,,,,,,,,,,,,,,,,,,,,,,,,,,,,,,,,,,,,,1610612755,PHI,3.0,0.0,0.0,0.0,0.0,0.0,0.0,0.0,0.0,0.0,0.0,0.0,0.0,0.0,0.0,0.0,0.0,0.0,1610612755,PHI,0.9,349.0,0.07,0.04,0.02,6.64,0.0,0.0,2013_14
101162,Marcin Gortat,Marcin,1610612764,WAS,30.0,1,1,0,1.0,31.416666666666668,6,9,0.667,0,0,0.0,1,2,0.5,3,11,14,0,2,1,2,0,3,4,13,28,36.8,1,0,33.0,1,1,1,1,53,37,71,17,69,120,69,88,66,92,13,4,5,132,35,37,5,1,112,28,63,4,24,1,1,29,,145,0.241,9.0,127.0,129.2,82.8,0.15,0.333,17,16.7,65,0.12,70,12,12,0.658,102,82.76,37,129.2,13,102.18,49,11,0.0,126,0.0,15,99.31,86.2,86.2,23,45,6.0,46,99.31,25,0.0,142,43.1,44.1,0.165,0.667,23,16,13,132,16,123,71,132,17,43.1,0.164,70,16.8,2.0,1.0,0.045,2.0,44.0,0.0,1.0,28.0,2.0,0.0,0.0,0.0,0.0,0.0,0.0,0.0,0.0,0.0,0.0,0.0,1.0,0.0,0.0,0.0,0.0,0.0,7.0,5.0,57.0,13.0,1.4,0.286,0.8,1.46,0.5,4.0,31.0,0.228,0.26,8.0,4.5,18.0,4.4,6.0,1.0,0.583,1.0,1.0,0.5,0.647,24.0,3.0,0.0,6.0,0.0,5.0,0.5,0.455,0.609,6.0,0.611,0.571,5.0,1.0,0.0,1.0,0.222,0.0,0.0,2.0,2.0,2.0,WAS,1.0,0.222,1.0,2.0,1610612764.0,,3.0,0.333,0.0,0.333,0.0,1.0,0.333,3.0,0.333,,1.0,0.333,0.0,4.0,0.0,0.75,0.0,0.444,3.0,3.0,0.75,0.0,0.444,4.0,0.75,,,,,,,,,,,,,,,0,,0,,,,,0,2.0,0.5,2.0,0.5,0.667,0.667,0.667,4.0,4.0,0.0,0.0,0.5,0.0,0.0,1.0,0.0,0.0,0.0,0.0,0.0,0.0,0.0,4.0,0.0,0.0,0.0,0.0,0.0,0.0,4.0,2.0,4.0,1.0,C,452.0,248.0,0.49,0.549,0.599,-0.05,3.0,0.0,,1.0,0.0,,0.0,0.0,0.0,4.0,0.0,0.0,,0.0,0.667,0.0,0.0,0.0,4.0,1.0,0.0,0.0,0.0,0.0,2.0,WAS,0.0,1.0,3,,,,0.667,2,2014,20140301,False,21300875,1.0,6.0,11.0,0.545,0.433,0.113,,,,,,,1.0,6.0,11.0,0.545,0.464,0.081,0.818,5.0,9.0,0.556,0.532,0.024,1.0,6.0,11.0,0.545,0.497,0.049,,,,,,,1610612764,WAS,57.0,4.0,1.0,2.0,0.5,0.0,0.0,0.0,2.0,0.5,2.0,0.5,0.0,0.0,0.0,0.0,0.0,0.0,1610612764,WAS,31.42,11859.0,2.25,1.25,1.0,4.22,4.46,3.97,2013_14
101110,Martell Webster,Martell,1610612764,WAS,27.0,1,1,0,1.0,27.966666666666665,5,13,0.385,2,5,0.4,5,7,0.714,1,2,3,1,0,2,0,0,2,4,17,4,28.1,0,0,27.0,1,1,1,1,75,49,29,112,14,20,38,14,13,76,47,84,82,89,127,14,67,1,76,28,34,60,53,18,1,51,,1,0.046,13.0,104.3,106.7,96.8,0.112,0.061,81,0.0,60,0.031,27,128,133,0.529,102,87.25,49,106.7,61,105.86,76,75,0.0,58,0.053,46,104.7,96.8,96.8,90,87,5.0,29,104.7,105,5.9,1,9.9,7.5,0.229,0.462,100,46,61,118,46,58,29,124,81,9.9,0.225,27,0.0,1.0,0.0,0.043,2.0,23.0,0.043,0.0,29.0,1.0,0.0,3.0,0.167,0.0,0.167,0.0,0.0,2.0,1.0,0.0,0.333,6.0,0.5,1.0,0.0,2.0,1.0,0.0,3.0,40.0,17.0,1.4,0.0,1.0,2.15,0.0,1.0,29.0,0.425,1.18,2.0,7.8,4.0,9.8,0.0,0.0,0.375,0.0,0.0,0.25,0.5,8.0,0.0,1.0,1.0,0.0,2.0,0.25,1.0,0.375,4.0,0.5,0.667,3.9,0.5,0.0,1.0,0.154,0.0,0.0,1.0,1.0,2.0,WAS,0.5,0.154,0.5,2.0,1610612764.0,,3.0,0.231,1.0,0.333,0.077,1.0,0.308,4.0,0.25,0.0,1.0,0.25,0.0,3.0,2.0,0.5,1.0,0.231,1.0,0.0,0.0,0.154,0.077,1.0,0.333,0.5,0.308,1.0,1.0,0.154,2.0,0.154,0.5,0.5,0.625,2.0,4.0,0.5,2.0,0,0.0,0,,,,0.0,0,0.0,0.0,0.0,0.0,0.462,0.333,0.0,6.0,3.0,0.0,0.0,0.0,0.0,0.0,1.0,3.0,0.667,2.0,0.0,0.0,0.0,0.0,3.0,0.0,0.0,2.0,0.0,2.0,0.0,1.0,0.0,6.0,0.5,F-G,88.0,56.0,0.197,0.636,0.601,0.035,1.0,0.5,,0.429,0.0,,0.0,2.0,0.0,3.0,0.0,0.0,,0.0,0.0,1.0,0.0,3.0,7.0,0.0,0.333,0.0,0.0,1.0,0.0,WAS,0.0,0.0,6,0.4,5.0,2.0,0.5,2,2014,20140301,False,21300875,1.0,2.0,7.0,0.286,0.416,-0.13,0.429,0.0,3.0,0.0,0.307,-0.307,0.571,2.0,4.0,0.5,0.469,0.031,0.429,2.0,3.0,0.667,0.565,0.102,0.571,2.0,4.0,0.5,0.527,-0.027,0.429,0.0,3.0,0.0,0.319,-0.319,1610612764,WAS,40.0,1.0,0.0,0.0,0.0,0.0,0.0,0.0,0.0,0.0,0.0,0.0,0.0,0.0,1.0,1.0,0.0,0.0,1610612764,WAS,27.97,10780.0,2.04,1.12,0.92,4.31,4.26,4.38,2013_14
203487,Michael Carter-Williams,Michael,1610612755,PHI,22.0,1,0,1,0.0,30.216666666666665,5,14,0.357,1,2,0.5,4,6,0.667,0,6,6,7,4,0,0,2,3,5,15,-26,28.7,0,0,29.0,1,96,96,96,58,49,20,119,28,63,18,26,20,78,102,23,37,9,3,79,67,169,112,14,51,182,52,18,1,43,,132,0.109,14.0,85.9,93.9,131.7,0.075,0.261,149,14.3,66,0.0,26,28,63,0.451,44,87.37,49,93.9,170,110.37,101,174,1.75,26,0.368,178,104.84,133.3,133.3,102,124,5.0,12,104.84,122,25.0,125,-39.4,-45.8,0.264,0.393,158,180,170,13,180,20,20,38,149,-39.4,0.269,26,14.5,13.0,0.0,0.167,16.0,54.0,0.13,2.0,61.0,9.0,2.0,11.0,0.435,4.0,0.087,0.087,0.0,4.0,2.0,0.0,0.261,23.0,0.5,2.0,0.364,6.0,10.0,2.0,1.0,77.0,15.0,7.1,0.0,0.0,5.56,0.0,0.0,28.0,0.195,5.62,3.0,5.3,10.0,5.3,3.0,0.0,0.353,0.0,0.0,0.0,0.6,17.0,0.0,0.0,3.0,0.0,3.0,0.0,0.5,0.353,7.0,0.6,0.5,0.0,0.167,0.0,1.0,0.5,0.0,0.0,1.0,1.0,6.0,PHI,0.167,0.5,0.167,6.0,1610612755.0,,3.0,0.25,1.0,0.667,0.083,2.0,0.333,4.0,0.5,0.0,2.0,0.5,0.0,2.0,1.0,1.25,1.0,0.167,2.0,1.0,1.0,0.083,0.083,1.0,1.0,1.0,,,,,,,,,,,,,,0,0.0,0,0.0,0.0,,0.0,1,0.0,0.0,0.0,0.0,0.393,0.5,0.0,3.0,0.0,0.0,0.0,0.0,0.0,0.4,5.0,2.0,0.5,0.0,0.0,0.0,0.0,2.0,2.0,0.0,0.0,1.0,0.0,0.0,0.0,2.0,0.0,5.0,0.4,G,116.0,73.0,0.246,0.629,0.593,0.036,1.0,1.0,,0.4,,,0.0,1.0,0.0,2.0,0.0,0.333,,0.0,0.0,1.0,2.0,1.0,5.0,6.0,0.0,,,0.0,0.0,PHI,0.0,0.0,2,0.5,2.0,1.0,0.75,1,2014,20140301,False,21300875,1.0,6.0,8.0,0.75,0.462,0.288,0.25,2.0,2.0,1.0,0.415,0.585,0.75,4.0,6.0,0.667,0.497,0.17,0.5,4.0,4.0,1.0,0.624,0.376,0.5,4.0,4.0,1.0,0.582,0.419,0.5,2.0,4.0,0.5,0.393,0.107,1610612755,PHI,77.0,0.0,0.0,0.0,0.0,0.0,0.0,0.0,0.0,0.0,0.0,0.0,0.0,0.0,0.0,0.0,0.0,0.0,1610612755,PHI,30.22,12629.0,2.39,1.35,1.04,4.78,5.57,3.97,2013_14
203490,Otto Porter Jr.,Otto,1610612764,WAS,21.0,1,1,0,1.0,3.816666666666667,1,2,0.5,0,1,0.0,0,0,0.0,0,1,1,0,0,0,0,0,0,0,2,-4,3.2,0,0,3.0,1,1,1,1,178,131,156,56,69,89,69,114,119,114,102,120,143,132,127,79,67,1,1,138,147,111,170,18,1,170,,1,0.125,2.0,116.3,100.0,152.3,0.098,0.333,113,0.0,8,0.0,58,12,50,0.5,102,83.84,131,100.0,178,92.81,85,168,0.0,63,0.0,184,100.61,150.0,150.0,102,98,1.0,128,100.61,71,0.0,1,-50.0,-36.0,0.225,0.5,48,186,178,132,186,78,156,132,113,-50.0,0.2,58,0.0,0.0,0.0,0.0,0.0,4.0,0.0,0.0,5.0,0.0,0.0,0.0,0.0,0.0,0.0,0.0,0.0,0.0,0.0,0.0,0.0,0.0,0.0,0.0,0.0,0.0,0.0,0.0,0.0,6.0,2.0,0.2,0.0,0.0,2.09,0.0,0.0,4.0,0.333,1.0,0.0,6.3,1.0,6.3,1.0,0.0,1.0,0.0,0.0,0.0,1.0,1.0,0.0,0.0,1.0,0.0,0.0,0.0,0.0,1.0,0.0,1.0,0.0,0.0,,,,,,,,,,,,,,,,,1.0,0.5,0.0,1.0,0.0,1.0,0.5,1.0,1.0,,1.0,1.0,0.0,,,,,,,,,,,,,,0.5,0.0,0.0,0.0,1.0,0.5,,0.0,0.0,0.0,1.0,0.0,0.0,1,0.0,2,1.0,1.0,,0.0,1,0.0,0.0,0.0,0.0,0.5,0.0,0.0,0.0,0.0,0.0,,1.0,0.0,,,0.0,0.0,,0.0,,,,0.0,0.0,1.0,0.0,,1.0,,1.0,1.0,0.0,0.0,F,11.0,6.0,0.262,0.545,0.593,-0.048,1.0,0.0,,0.0,,,,0.0,,0.0,,,,,1.0,0.0,,1.0,0.0,,0.0,,,0.0,1.0,WAS,,,1,0.0,1.0,0.0,0.0,0,2014,20140301,False,21300875,,,,,,,,,,,,,,,,,,,,,,,,,,,,,,,,,,,,,1610612764,WAS,6.0,0.0,0.0,0.0,0.0,0.0,0.0,0.0,0.0,0.0,0.0,0.0,0.0,0.0,0.0,0.0,0.0,0.0,1610612764,WAS,3.82,1461.0,0.28,0.16,0.11,4.72,5.23,3.95,2013_14
201152,Thaddeus Young,Thaddeus,1610612755,PHI,26.0,1,0,1,0.0,35.0,7,14,0.5,0,2,0.0,3,4,0.75,1,2,3,5,4,3,0,1,3,5,17,-31,33.1,0,0,31.0,1,96,96,96,23,25,20,56,69,63,69,43,42,69,47,84,82,16,3,4,67,123,112,14,34,184,39,18,1,36,,142,0.048,14.0,84.8,90.7,129.9,0.084,0.083,157,16.0,75,0.026,41,113,131,0.539,59,85.71,25,90.7,173,107.25,92,173,1.25,57,0.25,174,102.86,132.0,132.0,100,83,7.0,25,102.86,71,20.0,141,-41.3,-45.0,0.229,0.5,161,178,173,30,178,52,20,52,157,-41.3,0.23,41,16.2,7.0,0.0,0.098,13.0,51.0,0.098,0.0,38.0,5.0,0.0,1.0,0.0,0.0,0.0,0.0,0.0,0.0,0.0,0.0,0.0,1.0,0.0,0.0,0.0,0.0,0.0,10.0,8.0,71.0,17.0,2.1,0.5,0.875,1.79,0.4,5.0,35.0,0.239,0.65,2.0,6.7,4.0,9.4,1.0,1.0,0.333,2.0,1.0,0.2,0.667,9.0,1.0,0.0,1.0,1.0,1.0,0.25,0.5,0.429,5.0,0.5,0.667,1.4,0.667,0.0,1.0,0.231,0.0,0.0,2.0,2.0,3.0,PHI,0.667,0.231,0.667,3.0,1610612755.0,,5.0,0.385,0.0,0.8,0.0,4.0,0.385,5.0,0.8,,4.0,0.8,0.0,4.0,2.0,0.0,0.0,0.308,0.0,0.0,0.0,0.154,0.154,2.0,0.0,0.0,0.077,0.0,1.0,0.077,0.0,0.0,1.0,,1.0,1.0,1.0,1.0,1.0,0,0.0,0,0.0,0.0,,0.0,2,2.0,0.4,5.0,0.5,0.5,0.0,0.6,0.0,7.0,0.0,0.0,0.0,0.0,0.0,0.0,2.0,0.0,0.0,0.0,0.0,0.0,0.0,7.0,0.0,0.0,0.0,0.0,0.0,0.0,3.0,0.0,9.0,0.778,F,238.0,156.0,0.333,0.655,0.596,0.059,2.0,0.0,,0.778,0.0,,0.0,2.0,0.0,7.0,0.0,0.0,,0.0,0.0,0.0,0.0,1.0,9.0,0.0,0.0,0.0,0.0,0.0,0.0,PHI,0.0,0.0,2,0.0,2.0,0.0,0.0,0,2014,20140301,False,21300875,1.0,6.0,12.0,0.5,0.456,0.045,0.25,1.0,3.0,0.333,0.377,-0.043,0.75,5.0,9.0,0.556,0.488,0.067,0.417,4.0,5.0,0.8,0.595,0.205,0.583,4.0,7.0,0.571,0.562,0.009,0.333,2.0,4.0,0.5,0.385,0.115,1610612755,PHI,71.0,5.0,1.0,2.0,0.5,0.0,0.0,0.0,2.0,0.4,2.0,0.4,0.0,0.0,1.0,0.2,0.0,0.0,1610612755,PHI,35.0,13897.0,2.63,1.38,1.25,4.47,5.06,3.93,2013_14
203100,Tony Wroten,Tony,1610612755,PHI,21.0,1,0,1,0.0,27.466666666666665,5,12,0.417,0,2,0.0,9,12,0.75,1,2,3,2,2,1,1,1,2,8,19,-5,29.6,0,0,28.0,1,96,96,96,81,49,37,100,69,63,69,3,2,69,47,84,82,61,35,37,16,123,76,3,25,121,49,18,1,46,,100,0.049,12.0,95.2,93.8,105.7,0.119,0.063,150,9.1,64,0.034,12,127,130,0.55,62,90.29,49,93.8,129,108.77,70,117,1.0,17,0.125,93,108.35,108.3,108.3,83,77,5.0,19,108.35,111,9.1,98,-14.6,-10.5,0.279,0.417,141,107,129,77,107,17,37,110,150,-14.6,0.274,12,9.4,5.0,1.0,0.125,7.0,24.0,0.083,0.0,32.0,3.0,1.0,3.0,0.455,0.0,0.273,0.091,0.0,6.0,5.0,0.0,0.364,11.0,0.833,3.0,0.0,4.0,5.0,2.0,2.0,45.0,19.0,2.5,0.0,2.0,3.29,0.0,0.0,28.0,0.422,2.73,0.0,6.6,3.0,2.7,2.0,0.0,0.6,0.0,0.0,0.5,0.667,5.0,0.0,1.0,3.0,0.0,0.0,0.5,0.0,0.6,2.0,0.667,0.0,14.2,0.5,0.0,1.0,0.364,0.0,0.0,2.0,2.0,4.0,PHI,0.5,0.364,0.5,4.0,1610612755.0,,4.0,0.364,0.0,0.5,0.0,2.0,0.364,4.0,0.5,,2.0,0.5,0.0,1.0,0.0,1.0,0.0,0.091,1.0,1.0,1.0,0.0,0.091,1.0,1.0,,0.182,0.0,0.0,0.0,2.0,0.182,,0.0,0.0,0.0,2.0,0.0,0.0,0,1.0,0,0.0,0.0,0.0,0.0,1,0.0,0.0,0.0,0.0,0.417,0.0,1.0,0.0,4.0,0.0,1.0,0.0,0.0,0.0,3.0,1.0,0.0,0.0,0.0,0.0,0.0,0.0,5.0,0.0,0.0,0.0,0.0,0.0,0.0,0.0,0.0,7.0,0.714,G,66.0,44.0,0.212,0.667,0.588,0.078,0.0,0.0,,0.556,0.0,,0.0,1.0,0.0,5.0,1.0,0.0,,0.0,0.0,0.0,0.0,0.0,9.0,0.0,0.0,0.0,0.0,0.0,0.0,PHI,0.0,1.0,1,0.0,1.0,0.0,0.0,0,2014,20140301,False,21300875,1.0,2.0,7.0,0.286,0.428,-0.142,0.429,1.0,3.0,0.333,0.316,0.017,0.571,1.0,4.0,0.25,0.491,-0.241,0.286,1.0,2.0,0.5,0.622,-0.122,0.286,1.0,2.0,0.5,0.585,-0.085,0.714,1.0,5.0,0.2,0.386,-0.186,1610612755,PHI,45.0,0.0,0.0,0.0,0.0,0.0,0.0,0.0,0.0,0.0,0.0,0.0,0.0,0.0,0.0,0.0,0.0,0.0,1610612755,PHI,27.47,10128.0,1.92,0.97,0.95,4.17,4.94,3.95,2013_14
2772,Trevor Ariza,Trevor,1610612764,WAS,28.0,1,1,0,1.0,35.666666666666664,14,23,0.609,8,12,0.667,4,5,0.8,1,1,2,3,2,4,1,1,1,4,40,25,59.9,0,0,63.0,1,1,1,1,19,1,2,34,1,1,9,26,31,61,47,120,113,36,35,1,16,123,36,28,1,8,1,18,1,1,,79,0.029,23.0,126.1,129.5,89.5,0.23,0.025,15,6.7,78,0.034,15,160,152,0.794,46,89.16,1,129.5,18,111.05,12,15,1.5,6,0.13,26,106.99,93.8,93.8,83,16,14.0,10,106.99,14,10.0,79,35.7,36.6,0.316,0.783,25,36,18,76,36,6,2,104,15,35.7,0.314,15,6.6,6.0,2.0,0.207,10.0,29.0,0.103,1.0,48.0,6.0,2.0,1.0,0.286,0.0,0.143,0.286,0.143,2.0,2.0,1.0,0.286,7.0,1.0,1.0,0.0,2.0,2.0,0.0,2.0,58.0,40.0,1.7,0.0,2.0,1.78,0.0,2.0,47.0,0.69,1.03,1.0,2.6,10.0,0.5,0.0,2.0,0.143,2.0,0.0,0.25,0.125,14.0,0.0,1.0,1.0,0.0,1.0,0.25,1.0,0.167,4.0,0.1,0.5,4.7,1.0,0.0,1.0,0.045,0.0,0.0,1.0,1.0,1.0,WAS,1.0,0.045,1.0,1.0,1610612764.0,,7.0,0.318,2.0,0.571,0.091,5.0,0.409,9.0,0.611,0.5,4.0,0.556,1.0,2.0,2.0,0.75,1.0,0.091,1.0,0.0,,0.091,0.0,0.0,0.5,0.5,0.455,6.0,1.0,0.091,8.0,0.364,0.5,0.75,1.0,2.0,10.0,0.7,7.0,1,2.0,3,0.375,0.25,0.5,1.0,4,0.0,0.0,0.0,0.0,0.783,0.7,1.0,21.0,4.0,0.833,0.0,0.333,1.0,0.0,0.0,6.0,0.5,2.0,5.0,1.0,0.5,0.0,5.0,4.0,4.0,3.0,0.0,6.0,0.0,3.0,1.0,8.0,0.625,F,103.0,75.0,0.214,0.728,0.606,0.122,2.0,0.333,,0.625,,,0.0,3.0,0.0,5.0,0.0,1.0,,0.0,0.0,1.0,1.0,9.0,8.0,1.0,0.778,,,7.0,0.0,WAS,0.0,0.0,10,0.7,10.0,7.0,1.05,7,2014,20140301,False,21300875,1.0,5.0,13.0,0.385,0.426,-0.042,0.462,3.0,6.0,0.5,0.322,0.178,0.538,2.0,7.0,0.286,0.488,-0.202,0.385,2.0,5.0,0.4,0.561,-0.161,0.462,2.0,6.0,0.333,0.512,-0.178,0.462,3.0,6.0,0.5,0.33,0.17,1610612764,WAS,58.0,2.0,0.0,1.0,0.0,0.0,0.0,0.0,0.0,0.0,1.0,0.5,0.0,0.0,0.0,0.0,0.0,0.0,1610612764,WAS,35.67,13066.0,2.47,1.28,1.19,4.3,4.36,4.25,2013_14
202344,Trevor Booker,Trevor,1610612764,WAS,26.0,1,1,0,1.0,29.35,6,7,0.857,0,0,0.0,2,2,1.0,0,7,7,2,0,0,2,0,1,2,14,28,31.4,0,0,27.0,1,1,1,1,66,37,93,7,69,120,69,56,66,1,102,15,29,61,127,79,5,1,36,66,56,4,43,18,1,51,,1,0.132,7.0,132.2,136.5,84.3,0.167,0.219,10,0.0,63,0.0,28,46,46,0.888,102,87.22,37,136.5,12,109.48,40,9,0.0,162,0.08,16,104.67,89.2,89.2,102,9,6.0,15,104.67,9,20.0,1,47.3,48.0,0.114,0.857,17,22,12,108,22,160,93,52,10,47.3,0.116,28,0.0,1.0,0.0,0.033,2.0,30.0,0.067,0.0,17.0,1.0,0.0,1.0,2.0,1.0,0.0,0.0,0.0,0.0,0.0,0.0,0.0,1.0,0.0,0.0,1.0,0.0,2.0,2.0,6.0,37.0,14.0,1.1,1.0,1.0,1.73,0.5,4.0,17.0,0.378,0.38,3.0,3.6,13.0,3.6,4.0,2.0,0.368,2.0,0.0,0.0,0.636,19.0,0.0,0.0,4.0,0.0,3.0,0.0,0.429,0.412,6.0,0.538,0.429,0.0,1.0,0.0,1.0,0.143,0.0,0.0,1.0,1.0,1.0,WAS,1.0,0.143,1.0,1.0,1610612764.0,,3.0,0.429,0.0,0.667,0.0,2.0,0.429,3.0,0.667,,2.0,0.667,0.0,2.0,0.0,1.0,0.0,0.286,2.0,2.0,1.0,0.0,0.286,2.0,1.0,,0.143,0.0,1.0,0.143,0.0,0.0,1.0,,1.0,1.0,1.0,1.0,1.0,0,,0,,,,,0,2.0,1.0,2.0,0.5,0.857,1.0,1.0,2.0,6.0,0.0,0.0,1.0,0.0,0.0,0.0,0.0,0.0,0.0,0.0,0.0,0.0,0.0,5.0,0.0,0.0,0.0,0.0,0.0,0.0,1.0,1.0,6.0,0.833,F,117.0,75.0,0.31,0.641,0.6,0.041,1.0,0.0,,0.833,,,0.0,0.0,0.0,5.0,0.0,0.0,,0.0,1.0,0.0,0.0,0.0,6.0,0.0,0.0,,,0.0,1.0,WAS,0.0,0.0,1,,,,1.0,1,2014,20140301,False,21300875,1.0,4.0,14.0,0.286,0.428,-0.143,0.214,1.0,3.0,0.333,0.321,0.013,0.786,3.0,11.0,0.273,0.473,-0.2,0.286,2.0,4.0,0.5,0.549,-0.049,0.5,2.0,7.0,0.286,0.503,-0.217,0.5,2.0,7.0,0.286,0.319,-0.033,1610612764,WAS,37.0,4.0,1.0,2.0,0.5,0.0,0.0,0.0,2.0,0.5,2.0,0.5,0.0,0.0,0.0,0.0,0.0,0.0,1610612764,WAS,29.35,11756.0,2.23,1.19,1.04,4.52,4.73,4.28,2013_14
