PLAYER_ID,PLAYER_NAME,NICKNAME,TEAM_ID,TEAM_ABBREVIATION,AGE,GP,W,L,W_PCT,MIN,FGM,FGA,FG_PCT,FG3M,FG3A,FG3_PCT,FTM,FTA,FT_PCT,OREB,DREB,REB,AST,TOV,STL,BLK,BLKA,PF,PFD,PTS,PLUS_MINUS,NBA_FANTASY_PTS,DD2,TD3,WNBA_FANTASY_PTS,GP_RANK,W_RANK,L_RANK,W_PCT_RANK,MIN_RANK,FGM_RANK,FGA_RANK,FG_PCT_RANK,FG3M_RANK,FG3A_RANK,FG3_PCT_RANK,FTM_RANK,FTA_RANK,FT_PCT_RANK,OREB_RANK,DREB_RANK,REB_RANK,AST_RANK,TOV_RANK,STL_RANK,BLK_RANK,BLKA_RANK,PF_RANK,PFD_RANK,PTS_RANK,PLUS_MINUS_RANK,NBA_FANTASY_PTS_RANK,DD2_RANK,TD3_RANK,WNBA_FANTASY_PTS_RANK,team_poss,E_PACE,PACE_RANK,sp_work_OFF_RATING,TS_PCT,REB_PCT,E_DEF_RATING,PACE,sp_work_DEF_RATING_RANK,E_NET_RATING,sp_work_NET_RATING_RANK,EFG_PCT,sp_work_DEF_RATING,sp_work_OFF_RATING_RANK,DEF_RATING,FGM_PG_RANK,AST_RATIO_RANK,USG_PCT_RANK,TM_TOV_PCT_RANK,FGA_PG_RANK,EFG_PCT_RANK,OFF_RATING,AST_RATIO,TM_TOV_PCT,E_OFF_RATING,OREB_PCT_RANK,DEF_RATING_RANK,NET_RATING_RANK,E_DEF_RATING_RANK,USG_PCT,OFF_RATING_RANK,sp_work_PACE_RANK,FGM_PG,E_TOV_PCT_RANK,NET_RATING,AST_TO,DREB_PCT,E_NET_RATING_RANK,AST_PCT,PIE_RANK,REB_PCT_RANK,E_PACE_RANK,AST_TO_RANK,E_USG_PCT_RANK,POSS,DREB_PCT_RANK,FGA_PG,E_TOV_PCT,sp_work_NET_RATING,sp_work_PACE,OREB_PCT,E_USG_PCT,PIE,AST_PCT_RANK,PACE_PER40,TS_PCT_RANK,E_OFF_RATING_RANK,PASSES_MADE,AST_PTS_CREATED,PASSES_RECEIVED,FT_AST,AST_ADJ,POTENTIAL_AST,AST_TO_PASS_PCT_ADJ,SECONDARY_AST,AST_TO_PASS_PCT,DRIVE_AST,DRIVE_PF_PCT,DRIVES,DRIVE_FGA,DRIVE_PASSES,DRIVE_PTS,DRIVE_TOV_PCT,DRIVE_FTM,DRIVE_FT_PCT,DRIVE_PF,DRIVE_AST_PCT,DRIVE_TOV,DRIVE_PASSES_PCT,DRIVE_FGM,DRIVE_FG_PCT,DRIVE_PTS_PCT,DRIVE_FTA,PTS_PER_POST_TOUCH,PTS_PER_ELBOW_TOUCH,AVG_SEC_PER_TOUCH,TOUCHES,POINTS,PTS_PER_PAINT_TOUCH,POST_TOUCHES,TIME_OF_POSS,AVG_DRIB_PER_TOUCH,PAINT_TOUCHES,ELBOW_TOUCHES,PTS_PER_TOUCH,FRONT_CT_TOUCHES,REB_CHANCES,DREB_CONTEST_PCT,OREB_CONTEST,OREB_CHANCE_PCT,OREB_CHANCES,OREB_CHANCE_PCT_ADJ,AVG_REB_DIST,OREB_CONTEST_PCT,DREB_CHANCE_DEFER,REB_CHANCE_PCT,OREB_UNCONTEST,REB_CHANCE_DEFER,REB_CONTEST,OREB_CHANCE_DEFER,DREB_CHANCE_PCT,DREB_CHANCE_PCT_ADJ,REB_UNCONTEST,DREB_CHANCES,AVG_OREB_DIST,AVG_DREB_DIST,DREB_CONTEST,REB_CHANCE_PCT_ADJ,REB_CONTEST_PCT,DREB_UNCONTEST,very_tight_FGA_FREQUENCY,very_tight_FG3M,very_tight_FG_PCT,very_tight_FGM,G,PLAYER_LAST_TEAM_ID,very_tight_FG2_PCT,very_tight_FG2M,very_tight_FG3A,PLAYER_LAST_TEAM_ABBREVIATION,very_tight_FG3_PCT,very_tight_EFG_PCT,very_tight_FG3A_FREQUENCY,very_tight_FG2A,very_tight_FGA,very_tight_FG2A_FREQUENCY,tight_EFG_PCT,tight_FG2_PCT,tight_FGM,tight_FG2A,tight_FG_PCT,tight_FGA_FREQUENCY,tight_FG3A,tight_FG3A_FREQUENCY,tight_FG2M,tight_FG2A_FREQUENCY,tight_FG3M,tight_FGA,tight_FG3_PCT,open_FG2A,open_FG_PCT,open_FG2M,open_FG3_PCT,open_FGA,open_EFG_PCT,open_FG2A_FREQUENCY,open_FGA_FREQUENCY,open_FG3A,open_FG3M,open_FG2_PCT,open_FG3A_FREQUENCY,open_FGM,wide_open_FG3A_FREQUENCY,wide_open_FGM,wide_open_FG2M,wide_open_FG2_PCT,wide_open_FG2A,wide_open_FG3M,wide_open_FG2A_FREQUENCY,wide_open_FG3A,wide_open_FGA_FREQUENCY,wide_open_FG3_PCT,wide_open_FGA,wide_open_FG_PCT,wide_open_EFG_PCT,PULL_UP_PTS,PULL_UP_FG3M,PULL_UP_EFG_PCT,PULL_UP_FGM,PULL_UP_FG_PCT,PULL_UP_FG3A,PULL_UP_FG3_PCT,PULL_UP_FGA,CATCH_SHOOT_PTS,CATCH_SHOOT_FG_PCT,EFF_FG_PCT,ELBOW_TOUCH_FG_PCT,PAINT_TOUCH_FG_PCT,POST_TOUCH_FG_PCT,POST_TOUCH_PTS,ELBOW_TOUCH_PTS,PAINT_TOUCH_PTS,CORNER_3_FG_PCT,MID_FGA,BACKCOURT_FGM,LEFT_CORNER_3_FG_PCT,MID_FG_PCT,ITP_FG_PCT,ITP_FGM,RIGHT_CORNER_3_FGA,BACKCOURT_FGA,CORNER_3_FGA,LEFT_CORNER_3_FGA,MID_FGM,ITP_FGA,RIGHT_CORNER_3_FG_PCT,LEFT_CORNER_3_FGM,RA_FGA,RA_FGM,ABOVE_BREAK_3_FGM,CORNER_3_FGM,BACKCOURT_FG_PCT,RIGHT_CORNER_3_FGM,ABOVE_BREAK_3_FGA,ABOVE_BREAK_3_FG_PCT,RA_FG_PCT,PLAYER_POSITION,FREQ,NS_LT_06_PCT,LT_06_PCT,FGA_LT_06,FGM_LT_06,PLUSMINUS,FGP_25_29,FGA_20_24,FGA_10_14,FGP_5_9,FGP_20_24,FGP_30_34,FGA_40_PLUS,FGM_25_29,FGA_25_29,FGM_LT_5,FGA_15_19,TEAM_ABBR,FGM_10_14,FGA_5_9,FGA_35_39,FGM_20_24,FGP_40_PLUS,FGM_40_PLUS,FGM_5_9,FGM_30_34,FGP_10_14,FGP_35_39,FGP_15_19,FGA_LT_5,FGA_30_34,FGM_35_39,FGM_15_19,FGP_LT_5,CATCH_SHOOT_FGM,CATCH_SHOOT_FG3M,CATCH_SHOOT_FGA,CATCH_SHOOT_FG3_PCT,CATCH_SHOOT_EFG_PCT,CATCH_SHOOT_FG3A,year,date,playoffs,GAME_ID,index,HTM,VTM,overall_def_PLAYER_NAME,overall_def_PLAYER_LAST_TEAM_ID,overall_def_PLAYER_LAST_TEAM_ABBREVIATION,overall_def_PLAYER_POSITION,overall_def_AGE,overall_def_GP,overall_def_G,overall_def_FREQ,overall_def_D_FGM,overall_def_D_FGA,overall_def_D_FG_PCT,overall_def_NORMAL_FG_PCT,overall_def_PCT_PLUSMINUS,three_pt_def_PLAYER_NAME,three_pt_def_PLAYER_LAST_TEAM_ID,three_pt_def_PLAYER_LAST_TEAM_ABBREVIATION,three_pt_def_PLAYER_POSITION,three_pt_def_AGE,three_pt_def_GP,three_pt_def_G,three_pt_def_FREQ,three_pt_def_FG3M,three_pt_def_FG3A,three_pt_def_FG3_PCT,three_pt_def_NS_FG3_PCT,three_pt_def_PLUSMINUS,two_pt_def_PLAYER_NAME,two_pt_def_PLAYER_LAST_TEAM_ID,two_pt_def_PLAYER_LAST_TEAM_ABBREVIATION,two_pt_def_PLAYER_POSITION,two_pt_def_AGE,two_pt_def_GP,two_pt_def_G,two_pt_def_FREQ,two_pt_def_FG2M,two_pt_def_FG2A,two_pt_def_FG2_PCT,two_pt_def_NS_FG2_PCT,two_pt_def_PLUSMINUS,less_6ft_def_PLAYER_NAME,less_6ft_def_PLAYER_LAST_TEAM_ID,less_6ft_def_PLAYER_LAST_TEAM_ABBREVIATION,less_6ft_def_PLAYER_POSITION,less_6ft_def_AGE,less_6ft_def_GP,less_6ft_def_G,less_6ft_def_FREQ,less_6ft_def_FGM_LT_06,less_6ft_def_FGA_LT_06,less_6ft_def_LT_06_PCT,less_6ft_def_NS_LT_06_PCT,less_6ft_def_PLUSMINUS,less_10ft_def_PLAYER_NAME,less_10ft_def_PLAYER_LAST_TEAM_ID,less_10ft_def_PLAYER_LAST_TEAM_ABBREVIATION,less_10ft_def_PLAYER_POSITION,less_10ft_def_AGE,less_10ft_def_GP,less_10ft_def_G,less_10ft_def_FREQ,less_10ft_def_FGM_LT_10,less_10ft_def_FGA_LT_10,less_10ft_def_LT_10_PCT,less_10ft_def_NS_LT_10_PCT,less_10ft_def_PLUSMINUS,more_15ft_def_PLAYER_NAME,more_15ft_def_PLAYER_LAST_TEAM_ID,more_15ft_def_PLAYER_LAST_TEAM_ABBREVIATION,more_15ft_def_PLAYER_POSITION,more_15ft_def_AGE,more_15ft_def_GP,more_15ft_def_G,more_15ft_def_FREQ,more_15ft_def_FGM_GT_15,more_15ft_def_FGA_GT_15,more_15ft_def_GT_15_PCT,more_15ft_def_NS_GT_15_PCT,more_15ft_def_PLUSMINUS,hustle_PLAYER_NAME,hustle_TEAM_ID,hustle_TEAM_ABBREVIATION,hustle_AGE,hustle_G,hustle_MIN,hustle_CONTESTED_SHOTS,hustle_CONTESTED_SHOTS_2PT,hustle_CONTESTED_SHOTS_3PT,hustle_DEFLECTIONS,hustle_CHARGES_DRAWN,hustle_SCREEN_ASSISTS,hustle_SCREEN_AST_PTS,hustle_OFF_LOOSE_BALLS_RECOVERED,hustle_DEF_LOOSE_BALLS_RECOVERED,hustle_LOOSE_BALLS_RECOVERED,hustle_PCT_LOOSE_BALLS_RECOVERED_OFF,hustle_PCT_LOOSE_BALLS_RECOVERED_DEF,hustle_OFF_BOXOUTS,hustle_DEF_BOXOUTS,hustle_BOX_OUTS,hustle_BOX_OUT_PLAYER_TEAM_REBS,hustle_BOX_OUT_PLAYER_REBS,hustle_PCT_BOX_OUTS_OFF,hustle_PCT_BOX_OUTS_DEF,hustle_PCT_BOX_OUTS_TEAM_REB,hustle_PCT_BOX_OUTS_REB,post_touch_PLAYER_NAME,post_touch_TEAM_ID,post_touch_TEAM_ABBREVIATION,post_touch_GP,post_touch_W,post_touch_L,post_touch_MIN,post_touch_TOUCHES,post_touch_POST_TOUCHES,post_touch_POST_TOUCH_FGM,post_touch_POST_TOUCH_FGA,post_touch_POST_TOUCH_FG_PCT,post_touch_POST_TOUCH_FTM,post_touch_POST_TOUCH_FTA,post_touch_POST_TOUCH_FT_PCT,post_touch_POST_TOUCH_PTS,post_touch_POST_TOUCH_PTS_PCT,post_touch_POST_TOUCH_PASSES,post_touch_POST_TOUCH_PASSES_PCT,post_touch_POST_TOUCH_AST,post_touch_POST_TOUCH_AST_PCT,post_touch_POST_TOUCH_TOV,post_touch_POST_TOUCH_TOV_PCT,post_touch_POST_TOUCH_FOULS,post_touch_POST_TOUCH_FOULS_PCT,speed_distance_PLAYER_NAME,speed_distance_TEAM_ID,speed_distance_TEAM_ABBREVIATION,speed_distance_GP,speed_distance_W,speed_distance_L,speed_distance_MIN,speed_distance_MIN1,speed_distance_DIST_FEET,speed_distance_DIST_MILES,speed_distance_DIST_MILES_OFF,speed_distance_DIST_MILES_DEF,speed_distance_AVG_SPEED,speed_distance_AVG_SPEED_OFF,speed_distance_AVG_SPEED_DEF,season
202329,Al-Farouq Aminu,Al-Farouq,1610612757,POR,27.0,1,1,0,1.0,31.83333333333333,4,10,0.4,1,5,0.2,0,0,0.0,0,1,1,1,0,2,0,1,2,1,9,-8,17.7,0,0,16.0,1,1,1,1,23,39,30,62,26,15,50,55,62,55,45,68,74,53,59,4,38,71,50,50,49,87,57,11,2,58,,96.5,81,108.1,0.45,0.015,114.5,93.49,82,-7.4,79,0.45,121.0,56,121.0,39,67,69,1,30,65,108.1,9.1,0.0,107.2,45,82,79,65,0.149,56,81,4.0,1,-12.9,0.0,0.029,70,0.038,81,94,63,50,70,62,94,10.0,0.0,-12.9,93.49,0.0,0.15,0.041,79,77.91,73,58,22.0,4.0,19.0,1.0,2.0,2.0,0.091,0.0,0.045,1.0,0.0,6.0,4.0,1.0,6.0,0.0,0.0,0.0,0.0,0.167,0.0,0.167,3.0,0.75,1.0,0.0,0.0,0.0,2.12,32.0,9.0,0.0,0.0,1.1,0.94,1.0,1.0,0.281,18.0,14.0,1.0,0.0,0.0,4.0,0.0,3.2,0.0,1.0,0.071,0.0,1.0,1.0,0.0,0.1,0.111,0.0,10.0,0.0,3.2,1.0,0.077,1.0,0.0,,,,,,,,,,,,,,,,,0.75,0.75,3.0,4.0,0.75,0.444,0.0,0.0,3.0,0.444,0.0,4.0,,,,,,,,,,,,,,,0.556,1.0,0.0,,0.0,1.0,0.0,5.0,0.556,0.2,5.0,0.2,0.3,0,0.0,0.0,0,0.0,1.0,0.0,2,3.0,0.25,0.45,0.0,0.0,0.0,0.0,0.0,0.0,0.0,1.0,,0.0,1.0,0.667,2.0,0.0,,1.0,1.0,1.0,3.0,0.0,0.0,1.0,0.0,1.0,0.0,,0.0,4.0,0.25,0.0,F,0.44,0.629,0.526,135.0,71.0,-0.103,0.333,2.0,1.0,0.667,0.0,,,1.0,3.0,0.0,0.0,POR,1.0,3.0,,0.0,,,2.0,,1.0,,0.0,1.0,,,0.0,0.0,1,1.0,4,0.25,0.375,4.0,2018,20180107,False,21700589,,,,Al-Farouq Aminu,1610612757.0,POR,F,27.0,1.0,1.0,1.0,9.0,13.0,0.692,0.496,0.196,,,,,,,,,,,,,,Al-Farouq Aminu,1610612757.0,POR,F,27.0,1.0,1.0,1.0,9.0,13.0,0.692,0.515,0.177,Al-Farouq Aminu,1610612757.0,POR,F,27.0,1.0,1.0,0.462,5.0,6.0,0.833,0.633,0.2,Al-Farouq Aminu,1610612757.0,POR,F,27.0,1.0,1.0,0.615,7.0,8.0,0.875,0.6,0.275,Al-Farouq Aminu,1610612757.0,POR,F,27.0,1.0,1.0,0.077,1.0,1.0,1.0,0.401,0.599,Al-Farouq Aminu,1610612757.0,POR,27.0,1.0,31.8,7.0,7.0,0.0,4.0,0.0,4.0,8.0,1.0,0.0,1.0,1.0,0.0,1.0,6.0,7.0,6.0,0.0,0.143,0.857,0.857,0.0,Al-Farouq Aminu,1610612757,POR,1,1,0,31.8,32.0,0.0,0.0,0.0,0.0,0.0,0.0,0.0,0.0,0.0,0.0,0.0,0.0,0.0,0.0,0.0,0.0,0.0,Al-Farouq Aminu,1610612757,POR,1,1,0,31.83,31.83,11473.0,2.17,1.15,1.02,4.16,4.72,3.64,2017_18
203464,Brandon Paul,Brandon,1610612759,SAS,27.0,1,0,1,0.0,5.906666666666666,0,0,0.0,0,0,0.0,0,2,0.0,1,0,1,0,0,0,0,0,0,2,0,-6,1.2,0,0,1.0,1,52,52,52,95,92,100,92,56,80,56,55,35,55,23,95,74,80,59,48,38,1,1,35,96,74,101,11,2,101,,109.06,25,125.0,0.0,0.077,146.6,105.64,103,-26.8,92,0.0,150.0,16,150.0,92,80,93,1,100,92,125.0,0.0,0.0,119.8,10,103,92,103,0.067,16,25,0.0,1,-25.0,0.0,0.0,91,0.0,104,54,15,50,94,12,95,0.0,0.0,-25.0,105.64,0.125,0.061,-0.05,80,88.04,96,24,2.0,0.0,0.0,0.0,0.0,0.0,0.0,0.0,0.0,0.0,0.0,0.0,0.0,0.0,0.0,0.0,0.0,0.0,0.0,0.0,0.0,0.0,0.0,0.0,0.0,0.0,0.0,0.0,1.04,2.0,0.0,0.0,0.0,0.0,0.0,0.0,1.0,0.0,1.0,2.0,0.0,1.0,0.5,2.0,0.5,16.1,1.0,0.0,0.5,0.0,0.0,1.0,0.0,0.0,0.0,0.0,0.0,16.1,0.0,0.0,0.5,1.0,0.0,,,,,,,,,,,,,,,,,,,,,,,,,,,,,,,,,,,,,,,,,,,,,,,,,,,,,,,,0,,,0,,,,0,0.0,0.0,0.0,0.0,0.0,0.0,0.0,0.0,0.0,0.0,0.0,0.0,0.0,0.0,0.0,0.0,0.0,0.0,0.0,0.0,0.0,0.0,0.0,0.0,0.0,0.0,0.0,0.0,0.0,0.0,0.0,0.0,0.0,G,0.319,0.587,0.622,45.0,28.0,0.035,0.0,0.0,0.0,0.0,0.0,,0.0,0.0,0.0,0.0,0.0,SAS,0.0,0.0,,0.0,0.0,0.0,0.0,,0.0,,0.0,0.0,,,0.0,0.0,0,,0,,,,2018,20180107,False,21700589,,,,Brandon Paul,1610612759.0,SAS,G,27.0,1.0,1.0,1.0,1.0,1.0,1.0,0.447,0.553,,,,,,,,,,,,,,Brandon Paul,1610612759.0,SAS,G,27.0,1.0,1.0,1.0,1.0,1.0,1.0,0.469,0.531,Brandon Paul,1610612759.0,SAS,G,27.0,1.0,1.0,1.0,1.0,1.0,1.0,0.517,0.483,Brandon Paul,1610612759.0,SAS,G,27.0,1.0,1.0,1.0,1.0,1.0,1.0,0.499,0.501,,,,,,,,,,,,,,Brandon Paul,1610612759.0,SAS,27.0,1.0,5.9,0.0,0.0,0.0,2.0,1.0,1.0,2.0,0.0,0.0,0.0,0.0,0.0,0.0,1.0,1.0,1.0,0.0,0.0,1.0,1.0,0.0,Brandon Paul,1610612759,SAS,1,0,1,5.9,2.0,0.0,0.0,0.0,0.0,0.0,0.0,0.0,0.0,0.0,0.0,0.0,0.0,0.0,0.0,0.0,0.0,0.0,Brandon Paul,1610612759,SAS,1,0,1,5.9,5.9,2456.0,0.47,0.24,0.23,5.07,4.09,4.04,2017_18
1627854,Bryn Forbes,Bryn,1610612759,SAS,24.0,1,0,1,0.0,27.21,5,10,0.5,0,3,0.0,0,0,0.0,0,1,1,2,1,0,0,0,5,1,10,1,13.2,0,0,13.0,1,52,52,52,40,31,30,36,56,33,56,55,62,55,45,68,74,33,33,48,38,1,100,50,48,39,67,11,2,65,,94.41,61,110.9,0.5,0.022,116.2,96.14,52,-6.1,46,0.5,111.1,42,111.1,31,48,52,56,30,50,110.9,15.4,7.7,110.1,45,52,46,71,0.175,42,61,5.0,56,-0.2,2.0,0.045,67,0.1,92,88,80,16,52,55,85,10.0,7.7,-0.2,96.14,0.0,0.179,0.018,47,80.12,62,45,24.0,5.0,31.0,0.0,2.0,5.0,0.083,0.0,0.083,0.0,0.0,1.0,0.0,1.0,0.0,0.0,0.0,0.0,0.0,0.0,0.0,1.0,0.0,0.0,0.0,0.0,0.0,1.0,1.91,34.0,10.0,0.0,0.0,1.1,1.21,0.0,2.0,0.294,28.0,3.0,0.0,0.0,0.0,1.0,0.0,6.2,0.0,0.0,0.333,0.0,0.0,0.0,0.0,0.5,0.5,1.0,2.0,0.0,6.2,0.0,0.333,0.0,1.0,,,,,,,,,,,,,,,,,0.4,0.5,2.0,4.0,0.4,0.5,1.0,0.1,2.0,0.4,0.0,5.0,0.0,2.0,0.667,2.0,0.0,3.0,0.667,0.2,0.3,1.0,0.0,1.0,0.1,2.0,0.1,1.0,1.0,1.0,1.0,0.0,0.1,1.0,0.2,0.0,2.0,0.5,0.5,6,0.0,0.6,3,0.6,1.0,0.0,5,2.0,0.25,0.5,1.0,0.0,0.0,0.0,2.0,0.0,0.0,6.0,0.0,0.0,0.667,0.0,0.0,0.0,0.0,1.0,1.0,4.0,0.0,0.0,0.0,1.0,1.0,0.0,0.0,0.0,0.0,2.0,0.0,1.0,G,0.272,0.588,0.712,73.0,52.0,0.124,0.0,4.0,1.0,0.0,0.5,,0.0,0.0,1.0,1.0,3.0,SAS,1.0,0.0,,2.0,0.0,0.0,0.0,,1.0,,0.333,1.0,,,1.0,1.0,1,0.0,4,0.0,0.25,2.0,2018,20180107,False,21700589,,,,Bryn Forbes,1610612759.0,SAS,G,24.0,1.0,1.0,1.0,6.0,9.0,0.667,0.439,0.227,,,,,,,,,,,,,,Bryn Forbes,1610612759.0,SAS,G,24.0,1.0,1.0,1.0,6.0,9.0,0.667,0.483,0.183,Bryn Forbes,1610612759.0,SAS,G,24.0,1.0,1.0,0.889,6.0,8.0,0.75,0.565,0.185,Bryn Forbes,1610612759.0,SAS,G,24.0,1.0,1.0,0.889,6.0,8.0,0.75,0.53,0.22,,,,,,,,,,,,,,Bryn Forbes,1610612759.0,SAS,24.0,1.0,27.2,3.0,3.0,0.0,0.0,0.0,1.0,2.0,0.0,0.0,0.0,0.0,0.0,0.0,0.0,0.0,0.0,0.0,0.0,0.0,0.0,0.0,Bryn Forbes,1610612759,SAS,1,0,1,27.2,34.0,0.0,0.0,0.0,0.0,0.0,0.0,0.0,0.0,0.0,0.0,0.0,0.0,0.0,0.0,0.0,0.0,0.0,Bryn Forbes,1610612759,SAS,1,0,1,27.22,27.22,11322.0,2.14,1.15,1.0,4.64,4.76,4.52,2017_18
203468,CJ McCollum,CJ,1610612757,POR,26.0,1,1,0,1.0,38.28333333333333,11,24,0.458,1,3,0.333,2,3,0.667,3,2,5,7,0,2,0,1,2,4,25,-7,47.5,0,0,42.0,1,1,1,1,3,3,3,51,26,33,32,28,25,43,7,53,29,3,59,4,38,71,50,9,8,77,3,11,2,6,,95.21,89,111.0,0.494,0.063,115.2,91.53,80,-8.0,73,0.479,120.5,41,120.5,3,30,10,1,3,59,111.0,21.9,0.0,107.3,20,80,73,68,0.301,41,89,11.0,1,-9.6,0.0,0.054,72,0.28,26,62,73,50,10,73,82,24.0,0.0,-9.6,91.53,0.071,0.303,0.146,12,76.27,67,57,47.0,18.0,66.0,0.0,7.0,15.0,0.149,0.0,0.149,2.0,0.05,20.0,13.0,4.0,18.0,0.0,2.0,1.0,1.0,0.1,0.0,0.2,8.0,0.615,0.9,2.0,0.0,0.0,5.89,77.0,25.0,0.0,0.0,7.6,5.56,0.0,0.0,0.325,28.0,8.0,0.5,0.0,0.6,5.0,0.6,15.9,0.0,0.0,0.625,3.0,0.0,1.0,0.0,0.667,0.667,4.0,3.0,19.1,11.2,1.0,0.625,0.2,1.0,0.087,0.0,0.5,1.0,1.0,1610612757.0,0.5,1.0,0.0,POR,,0.5,0.0,2.0,2.0,0.087,0.778,0.778,7.0,9.0,0.778,0.391,0.0,0.0,7.0,0.391,0.0,9.0,,7.0,0.222,2.0,0.0,9.0,0.222,0.304,0.391,2.0,0.0,0.286,0.087,2.0,0.043,1.0,0.0,0.0,2.0,1.0,0.087,1.0,0.13,1.0,3.0,0.333,0.5,6,0.0,0.25,3,0.25,2.0,0.0,12,3.0,1.0,0.479,0.0,0.0,0.0,0.0,0.0,0.0,0.0,7.0,,0.0,0.286,0.5,3.0,0.0,,0.0,0.0,2.0,6.0,0.0,0.0,8.0,5.0,1.0,0.0,,0.0,3.0,0.333,0.625,G,0.316,0.593,0.568,139.0,79.0,-0.024,0.0,5.0,4.0,0.667,0.4,,,0.0,1.0,5.0,2.0,POR,1.0,3.0,,2.0,,,2.0,,0.25,,0.5,9.0,,,1.0,0.556,1,1.0,1,1.0,1.5,1.0,2018,20180107,False,21700589,,,,CJ McCollum,1610612757.0,POR,G,26.0,1.0,1.0,1.0,8.0,17.0,0.471,0.434,0.036,CJ McCollum,1610612757.0,POR,G,26.0,1.0,1.0,0.353,2.0,6.0,0.333,0.345,-0.011,CJ McCollum,1610612757.0,POR,G,26.0,1.0,1.0,0.647,6.0,11.0,0.545,0.461,0.085,CJ McCollum,1610612757.0,POR,G,26.0,1.0,1.0,0.176,2.0,3.0,0.667,0.566,0.1,CJ McCollum,1610612757.0,POR,G,26.0,1.0,1.0,0.176,2.0,3.0,0.667,0.545,0.122,CJ McCollum,1610612757.0,POR,G,26.0,1.0,1.0,0.706,6.0,12.0,0.5,0.379,0.121,CJ McCollum,1610612757.0,POR,26.0,1.0,38.3,13.0,9.0,4.0,3.0,0.0,0.0,0.0,2.0,1.0,3.0,0.667,0.333,0.0,3.0,3.0,1.0,1.0,0.0,1.0,0.333,0.333,CJ McCollum,1610612757,POR,1,1,0,38.3,77.0,0.0,0.0,0.0,0.0,0.0,0.0,0.0,0.0,0.0,0.0,0.0,0.0,0.0,0.0,0.0,0.0,0.0,CJ McCollum,1610612757,POR,1,1,0,38.28,38.28,15808.0,2.99,1.63,1.36,4.72,5.04,4.39,2017_18
202722,Davis Bertans,Davis,1610612759,SAS,25.0,1,0,1,0.0,27.741666666666667,3,6,0.5,2,3,0.667,0,0,0.0,0,4,4,4,0,1,0,0,3,0,8,-7,21.8,0,0,20.0,1,52,52,52,37,55,65,36,16,33,13,55,62,55,45,32,40,19,59,15,38,1,74,78,60,77,49,11,2,50,,93.85,77,110.9,0.667,0.08,119.8,94.3,87,-1.9,83,0.667,125.9,42,125.9,55,5,89,1,65,28,110.9,40.0,0.0,117.9,45,87,83,82,0.102,42,77,3.0,1,-15.0,0.0,0.143,53,0.211,53,51,84,50,88,55,47,6.0,0.0,-15.0,94.3,0.0,0.112,0.092,24,78.58,32,28,39.0,11.0,25.0,0.0,5.0,6.0,0.128,1.0,0.103,0.0,0.0,0.0,0.0,0.0,0.0,0.0,0.0,0.0,0.0,0.0,0.0,0.0,0.0,0.0,0.0,0.0,0.0,0.0,1.21,45.0,8.0,0.5,0.0,0.9,0.18,4.0,1.0,0.178,23.0,9.0,0.75,0.0,0.0,2.0,0.0,3.6,0.0,0.0,0.444,0.0,0.0,3.0,0.0,0.571,0.571,1.0,7.0,0.0,3.6,3.0,0.444,0.75,1.0,0.167,0.0,0.0,0.0,1.0,1610612759.0,0.0,0.0,0.0,SAS,,0.0,0.0,1.0,1.0,0.167,0.5,0.5,1.0,2.0,0.5,0.333,0.0,0.0,1.0,0.333,0.0,2.0,,0.0,1.0,0.0,1.0,1.0,1.5,0.0,0.167,1.0,1.0,,0.167,1.0,0.333,1.0,0.0,,0.0,1.0,0.0,2.0,0.333,0.5,2.0,0.5,0.75,3,1.0,1.5,1,1.0,1.0,1.0,1,3.0,0.333,0.667,0.0,0.333,0.0,0.0,0.0,2.0,0.0,0.0,0.0,0.0,0.0,0.0,0.0,0.0,0.0,0.0,0.0,0.0,2.0,0.0,0.0,1.0,1.0,2.0,0.0,0.0,0.0,3.0,0.667,1.0,C-F,0.414,0.587,0.468,77.0,36.0,-0.12,1.0,2.0,0.0,0.0,0.5,,0.0,1.0,1.0,1.0,0.0,SAS,0.0,2.0,,1.0,0.0,0.0,0.0,,0.0,,0.0,1.0,,,0.0,1.0,1,1.0,3,0.5,0.5,2.0,2018,20180107,False,21700589,,,,Dāvis Bertāns,1610612759.0,SAS,C-F,25.0,1.0,1.0,1.0,9.0,18.0,0.5,0.432,0.068,Dāvis Bertāns,1610612759.0,SAS,C-F,25.0,1.0,1.0,0.333,1.0,6.0,0.167,0.359,-0.193,Dāvis Bertāns,1610612759.0,SAS,C-F,25.0,1.0,1.0,0.667,8.0,12.0,0.667,0.483,0.184,Dāvis Bertāns,1610612759.0,SAS,C-F,25.0,1.0,1.0,0.556,8.0,10.0,0.8,0.564,0.236,Dāvis Bertāns,1610612759.0,SAS,C-F,25.0,1.0,1.0,0.556,8.0,10.0,0.8,0.529,0.271,Dāvis Bertāns,1610612759.0,SAS,C-F,25.0,1.0,1.0,0.389,1.0,7.0,0.143,0.361,-0.218,Dāvis Bertāns,1610612759.0,SAS,25.0,1.0,27.8,14.0,9.0,5.0,2.0,0.0,0.0,0.0,0.0,0.0,0.0,0.0,0.0,0.0,2.0,2.0,1.0,1.0,0.0,1.0,0.5,0.5,Dāvis Bertāns,1610612759,SAS,1,0,1,27.8,45.0,0.0,0.0,0.0,0.0,0.0,0.0,0.0,0.0,0.0,0.0,0.0,0.0,0.0,0.0,0.0,0.0,0.0,Dāvis Bertāns,1610612759,SAS,1,0,1,27.75,27.75,11191.0,2.12,1.13,0.99,4.55,5.05,4.11,2017_18
1627749,Dejounte Murray,Dejounte,1610612759,SAS,21.0,1,0,1,0.0,20.591666666666665,1,6,0.167,0,1,0.0,1,1,1.0,0,1,1,4,3,0,0,1,1,2,3,2,7.2,0,0,8.0,1,52,52,52,70,77,65,89,56,64,56,45,53,1,45,68,74,19,7,48,38,71,27,35,81,33,89,11,2,82,,97.44,64,109.8,0.233,0.025,108.5,95.57,37,-6.1,37,0.167,104.9,50,104.9,77,19,46,98,65,90,109.8,30.8,23.1,102.4,45,37,37,48,0.184,50,64,1.0,97,4.9,1.33,0.053,68,0.235,99,86,55,28,49,41,84,6.0,22.3,4.9,95.57,0.0,0.189,-0.014,23,79.64,92,76,45.0,9.0,52.0,0.0,4.0,5.0,0.089,0.0,0.089,1.0,0.0,10.0,3.0,4.0,0.0,0.1,0.0,0.0,0.0,0.1,1.0,0.4,0.0,0.0,0.0,0.0,0.0,0.0,4.97,57.0,3.0,0.0,0.0,4.7,4.63,0.0,0.0,0.053,17.0,4.0,0.0,0.0,0.0,3.0,0.0,10.0,0.0,0.0,0.25,0.0,1.0,0.0,1.0,1.0,1.0,1.0,1.0,0.0,10.0,0.0,0.333,0.0,1.0,0.2,0.0,0.0,0.0,1.0,1610612759.0,0.0,0.0,0.0,SAS,,0.0,0.0,1.0,1.0,0.2,0.333,0.333,1.0,3.0,0.333,0.6,0.0,0.0,1.0,0.6,0.0,3.0,,,,,,,,,,,,,,,0.2,0.0,0.0,,0.0,0.0,0.0,1.0,0.2,0.0,1.0,0.0,0.0,0,0.0,0.0,0,0.0,0.0,,1,0.0,0.0,0.167,0.0,0.0,0.0,0.0,0.0,0.0,0.0,0.0,0.0,0.0,0.0,0.0,0.0,0.0,0.0,0.0,0.0,0.0,1.0,0.0,0.0,4.0,1.0,0.0,0.0,0.0,0.0,1.0,0.0,0.25,G,0.379,0.59,0.673,110.0,74.0,0.083,0.0,1.0,1.0,0.0,0.0,,0.0,0.0,0.0,1.0,0.0,SAS,0.0,0.0,,0.0,0.0,0.0,0.0,,0.0,,0.0,4.0,,,0.0,0.25,0,0.0,1,0.0,0.0,1.0,2018,20180107,False,21700589,,,,Dejounte Murray,1610612759.0,SAS,G,21.0,1.0,1.0,1.0,2.0,4.0,0.5,0.46,0.04,,,,,,,,,,,,,,Dejounte Murray,1610612759.0,SAS,G,21.0,1.0,1.0,1.0,2.0,4.0,0.5,0.482,0.019,Dejounte Murray,1610612759.0,SAS,G,21.0,1.0,1.0,0.5,1.0,2.0,0.5,0.607,-0.107,Dejounte Murray,1610612759.0,SAS,G,21.0,1.0,1.0,0.5,1.0,2.0,0.5,0.557,-0.057,Dejounte Murray,1610612759.0,SAS,G,21.0,1.0,1.0,0.25,1.0,1.0,1.0,0.415,0.585,Dejounte Murray,1610612759.0,SAS,21.0,1.0,20.6,3.0,3.0,0.0,1.0,0.0,0.0,0.0,0.0,1.0,1.0,0.0,1.0,0.0,0.0,0.0,0.0,0.0,0.0,0.0,0.0,0.0,Dejounte Murray,1610612759,SAS,1,0,1,20.6,57.0,0.0,0.0,0.0,0.0,0.0,0.0,0.0,0.0,0.0,0.0,0.0,0.0,0.0,0.0,0.0,0.0,0.0,Dejounte Murray,1610612759,SAS,1,0,1,20.6,20.6,9087.0,1.72,0.94,0.78,4.98,5.01,4.95,2017_18
202334,Ed Davis,Ed,1610612757,POR,29.0,1,1,0,1.0,16.983333333333334,0,1,0.0,0,0,0.0,0,0,0.0,2,3,5,0,1,0,0,0,5,1,0,8,5.0,0,0,5.0,1,1,1,1,79,92,89,92,56,80,56,55,62,55,12,41,29,80,33,48,38,1,100,50,96,18,93,11,2,92,,97.11,53,129.4,0.0,0.179,106.4,97.51,32,19.8,15,0.0,102.9,14,102.9,92,80,95,104,89,92,129.4,0.0,50.0,126.1,8,32,15,41,0.05,14,53,0.0,104,26.6,0.0,0.214,18,0.0,103,13,59,50,97,34,22,1.0,50.0,26.6,97.51,0.143,0.05,-0.044,80,81.26,96,16,21.0,0.0,10.0,0.0,0.0,3.0,0.0,0.0,0.0,0.0,0.0,0.0,0.0,0.0,0.0,0.0,0.0,0.0,0.0,0.0,0.0,0.0,0.0,0.0,0.0,0.0,0.0,0.0,1.48,23.0,0.0,0.0,1.0,0.6,0.26,3.0,1.0,0.0,9.0,7.0,0.333,2.0,0.667,3.0,0.667,5.8,1.0,0.0,0.714,0.0,0.0,3.0,0.0,0.75,0.75,2.0,4.0,9.5,3.4,1.0,0.714,0.6,2.0,,,,,,,,,,,,,,,,,0.0,0.0,0.0,1.0,0.0,1.0,0.0,0.0,0.0,1.0,0.0,1.0,,,,,,,,,,,,,,,,,,,,,,,,,,,,0,,,0,,,,0,0.0,0.0,0.0,0.0,0.0,0.0,0.0,0.0,0.0,0.0,0.0,0.0,0.0,0.0,0.0,0.0,0.0,0.0,0.0,0.0,0.0,0.0,0.0,0.0,1.0,0.0,0.0,0.0,0.0,0.0,0.0,0.0,0.0,F-C,0.399,0.607,0.529,136.0,72.0,-0.078,0.0,0.0,0.0,0.0,0.0,,0.0,0.0,0.0,0.0,0.0,POR,0.0,0.0,,0.0,0.0,0.0,0.0,,0.0,,0.0,1.0,,,0.0,0.0,0,,0,,,,2018,20180107,False,21700589,,,,Ed Davis,1610612757.0,POR,F-C,29.0,1.0,1.0,1.0,5.0,11.0,0.455,0.455,0.0,Ed Davis,1610612757.0,POR,F-C,29.0,1.0,1.0,0.182,1.0,2.0,0.5,0.333,0.167,Ed Davis,1610612757.0,POR,F-C,29.0,1.0,1.0,0.818,4.0,9.0,0.444,0.505,-0.061,Ed Davis,1610612757.0,POR,F-C,29.0,1.0,1.0,0.455,2.0,5.0,0.4,0.626,-0.226,Ed Davis,1610612757.0,POR,F-C,29.0,1.0,1.0,0.636,4.0,7.0,0.571,0.581,-0.01,Ed Davis,1610612757.0,POR,F-C,29.0,1.0,1.0,0.364,1.0,4.0,0.25,0.355,-0.105,Ed Davis,1610612757.0,POR,29.0,1.0,17.0,9.0,7.0,2.0,0.0,0.0,5.0,11.0,0.0,0.0,0.0,0.0,0.0,2.0,3.0,5.0,5.0,1.0,0.4,0.6,1.0,0.2,Ed Davis,1610612757,POR,1,1,0,17.0,23.0,1.0,0.0,0.0,0.0,0.0,0.0,0.0,0.0,0.0,1.0,1.0,0.0,0.0,0.0,0.0,0.0,0.0,Ed Davis,1610612757,POR,1,1,0,16.98,16.98,6514.0,1.23,0.66,0.58,4.25,4.76,4.44,2017_18
202323,Evan Turner,Evan,1610612757,POR,29.0,1,1,0,1.0,23.933333333333334,4,9,0.444,0,2,0.0,0,0,0.0,0,1,1,1,2,0,1,0,0,1,8,-8,11.7,0,0,12.0,1,1,1,1,57,39,39,54,56,49,56,55,62,55,45,68,74,53,17,48,13,1,1,50,60,87,74,11,2,72,,94.1,93,97.8,0.444,0.02,114.7,91.25,74,-20.3,88,0.444,117.8,91,117.8,39,69,34,87,39,67,97.8,8.3,16.7,94.5,45,74,88,66,0.208,91,93,4.0,87,-20.0,0.5,0.045,88,0.063,82,90,83,45,36,46,85,9.0,16.7,-20.0,91.25,0.0,0.209,0.04,63,76.04,74,94,23.0,2.0,26.0,0.0,1.0,4.0,0.043,0.0,0.043,0.0,0.0,3.0,3.0,0.0,4.0,0.0,0.0,0.0,0.0,0.0,0.0,0.0,2.0,0.667,1.333,0.0,0.0,0.0,4.27,37.0,8.0,1.5,1.0,2.6,3.35,2.0,0.0,0.216,21.0,5.0,0.0,0.0,0.0,3.0,0.0,8.9,0.0,0.0,0.2,0.0,1.0,0.0,1.0,0.5,0.5,1.0,2.0,0.0,8.9,0.0,0.25,0.0,1.0,,,,,,,,,,,,,,,,,0.667,0.667,2.0,3.0,0.667,0.333,0.0,0.0,2.0,0.333,0.0,3.0,,4.0,0.5,2.0,,4.0,0.5,0.444,0.444,0.0,0.0,0.5,0.0,2.0,0.222,0.0,0.0,,0.0,0.0,0.0,2.0,0.222,0.0,2.0,0.0,0.0,4,0.0,0.4,2,0.4,0.0,,5,0.0,0.0,0.444,0.0,1.0,0.0,0.0,0.0,3.0,0.0,2.0,,0.0,0.5,0.333,1.0,1.0,,2.0,1.0,1.0,3.0,0.0,0.0,2.0,2.0,0.0,0.0,,0.0,0.0,0.0,1.0,F-G,0.323,0.6,0.533,120.0,64.0,-0.067,0.0,2.0,2.0,0.667,0.0,,,0.0,0.0,2.0,0.0,POR,0.0,3.0,,0.0,,,2.0,,0.0,,0.0,2.0,,,0.0,1.0,0,0.0,2,0.0,0.0,2.0,2018,20180107,False,21700589,,,,Evan Turner,1610612757.0,POR,F-G,29.0,1.0,1.0,1.0,2.0,6.0,0.333,0.484,-0.151,Evan Turner,1610612757.0,POR,F-G,29.0,1.0,1.0,0.5,1.0,3.0,0.333,0.356,-0.022,Evan Turner,1610612757.0,POR,F-G,29.0,1.0,1.0,0.5,1.0,3.0,0.333,0.536,-0.203,Evan Turner,1610612757.0,POR,F-G,29.0,1.0,1.0,0.5,1.0,3.0,0.333,0.662,-0.329,Evan Turner,1610612757.0,POR,F-G,29.0,1.0,1.0,0.5,1.0,3.0,0.333,0.614,-0.28,Evan Turner,1610612757.0,POR,F-G,29.0,1.0,1.0,0.5,1.0,3.0,0.333,0.391,-0.058,Evan Turner,1610612757.0,POR,29.0,1.0,23.9,5.0,2.0,3.0,1.0,0.0,0.0,0.0,0.0,0.0,0.0,0.0,0.0,0.0,0.0,0.0,0.0,0.0,0.0,0.0,0.0,0.0,Evan Turner,1610612757,POR,1,1,0,23.9,37.0,1.0,0.0,0.0,0.0,0.0,0.0,0.0,0.0,0.0,0.0,0.0,1.0,1.0,0.0,0.0,0.0,0.0,Evan Turner,1610612757,POR,1,1,0,23.93,23.93,8764.0,1.66,0.89,0.77,4.28,4.33,4.23,2017_18
203530,Joffrey Lauvergne,Joffrey,1610612759,SAS,26.0,1,0,1,0.0,5.078333333333333,0,1,0.0,0,0,0.0,2,2,1.0,0,1,1,1,0,0,0,0,0,1,2,-7,4.7,0,0,4.0,1,52,52,52,98,92,89,92,56,80,56,28,35,1,45,68,74,53,59,48,38,1,1,50,84,77,94,11,2,94,,107.94,16,108.3,0.532,0.143,183.8,108.7,105,-75.1,105,0.0,181.8,55,181.8,92,12,65,1,89,92,108.3,33.3,0.0,108.7,45,105,105,105,0.154,55,16,0.0,1,-73.5,0.0,1.0,105,0.333,48,23,19,50,64,12,1,1.0,0.0,-73.5,108.7,0.0,0.157,0.102,7,90.58,54,52,6.0,2.0,5.0,0.0,1.0,1.0,0.167,0.0,0.167,0.0,0.0,0.0,0.0,0.0,0.0,0.0,0.0,0.0,0.0,0.0,0.0,0.0,0.0,0.0,0.0,0.0,0.0,0.0,1.48,8.0,2.0,1.0,0.0,0.2,0.38,2.0,3.0,0.25,5.0,2.0,1.0,0.0,0.0,1.0,0.0,7.6,0.0,0.0,0.5,0.0,0.0,1.0,0.0,1.0,1.0,0.0,1.0,0.0,7.6,1.0,0.5,1.0,0.0,,,,,,,,,,,,,,,,,0.0,0.0,0.0,1.0,0.0,1.0,0.0,0.0,0.0,1.0,0.0,1.0,,,,,,,,,,,,,,,,,,,,,,,,,,,,0,,,0,,,,0,0.0,0.0,0.0,0.0,0.0,0.0,0.0,0.0,2.0,0.0,0.0,0.0,,0.0,0.0,0.0,0.0,0.0,0.0,,0.0,1.0,0.0,,0.0,0.0,0.0,0.0,0.0,0.0,0.0,0.0,0.0,C,0.488,0.627,0.698,63.0,44.0,0.072,0.0,0.0,0.0,0.0,0.0,,0.0,0.0,0.0,0.0,0.0,SAS,0.0,1.0,,0.0,0.0,0.0,0.0,,0.0,,0.0,0.0,,,0.0,0.0,0,,0,,,,2018,20180107,False,21700589,,,,Joffrey Lauvergne,1610612759.0,SAS,C,26.0,1.0,1.0,1.0,4.0,4.0,1.0,0.433,0.567,,,,,,,,,,,,,,Joffrey Lauvergne,1610612759.0,SAS,C,26.0,1.0,1.0,1.0,4.0,4.0,1.0,0.481,0.52,Joffrey Lauvergne,1610612759.0,SAS,C,26.0,1.0,1.0,1.0,4.0,4.0,1.0,0.552,0.448,Joffrey Lauvergne,1610612759.0,SAS,C,26.0,1.0,1.0,1.0,4.0,4.0,1.0,0.511,0.49,,,,,,,,,,,,,,Joffrey Lauvergne,1610612759.0,SAS,26.0,1.0,5.1,4.0,4.0,0.0,0.0,0.0,1.0,2.0,0.0,0.0,0.0,0.0,0.0,0.0,1.0,1.0,1.0,1.0,0.0,1.0,1.0,1.0,Joffrey Lauvergne,1610612759,SAS,1,0,1,5.1,8.0,0.0,0.0,0.0,0.0,0.0,0.0,0.0,0.0,0.0,0.0,0.0,0.0,0.0,0.0,0.0,0.0,0.0,Joffrey Lauvergne,1610612759,SAS,1,0,1,5.08,5.08,2125.0,0.4,0.24,0.16,4.71,4.24,5.31,2017_18
203994,Jusuf Nurkić,Jusuf,1610612757,POR,23.0,1,1,0,1.0,30.94833333333333,7,15,0.467,0,0,0.0,3,5,0.6,2,11,13,1,1,0,1,3,4,6,17,-7,36.1,1,0,33.0,1,1,1,1,26,11,13,50,56,80,56,18,10,48,12,1,3,53,33,48,13,102,86,2,17,77,13,1,2,17,,95.48,74,109.8,0.494,0.21,118.2,94.61,83,-7.5,76,0.467,121.3,48,121.3,11,75,18,50,13,61,109.8,5.6,5.6,110.7,23,83,76,78,0.258,48,74,7.0,50,-11.5,1.0,0.355,71,0.043,39,7,71,29,16,61,6,15.0,5.2,-11.5,94.61,0.065,0.282,0.122,76,78.84,66,44,40.0,2.0,29.0,0.0,1.0,3.0,0.025,0.0,0.025,0.0,0.0,1.0,1.0,0.0,0.0,0.0,0.0,0.0,0.0,0.0,0.0,0.0,0.0,0.0,0.0,0.0,0.667,0.0,2.03,59.0,17.0,1.125,9.0,2.0,0.56,8.0,4.0,0.288,28.0,19.0,0.182,2.0,0.222,9.0,0.222,2.8,1.0,0.0,0.684,0.0,0.0,4.0,0.0,0.846,0.846,9.0,13.0,2.7,2.8,2.0,0.684,0.308,9.0,0.167,0.0,1.0,2.0,1.0,1610612757.0,1.0,2.0,0.0,POR,,1.0,0.0,2.0,2.0,0.167,0.6,0.6,3.0,5.0,0.6,0.417,0.0,0.0,3.0,0.417,0.0,5.0,,4.0,0.5,2.0,,4.0,0.5,0.333,0.333,0.0,0.0,0.5,0.0,2.0,0.0,0.0,0.0,0.0,1.0,0.0,0.083,0.0,0.083,,1.0,0.0,0.0,0,,0.0,0,0.0,,,1,2.0,0.333,0.467,0.0,0.667,0.75,6.0,0.0,9.0,0.0,4.0,,0.0,0.25,1.0,1.0,0.0,,0.0,0.0,1.0,1.0,0.0,0.0,10.0,5.0,0.0,0.0,,0.0,0.0,0.0,0.5,C,0.376,0.613,0.553,226.0,125.0,-0.06,0.0,2.0,2.0,1.0,0.0,,,0.0,0.0,5.0,0.0,POR,1.0,1.0,,0.0,,,1.0,,0.5,,0.0,10.0,,,0.0,0.5,0,,2,,0.0,,2018,20180107,False,21700589,,,,Jusuf Nurkić,1610612757.0,POR,C,23.0,1.0,1.0,1.0,8.0,17.0,0.471,0.475,-0.005,Jusuf Nurkić,1610612757.0,POR,C,23.0,1.0,1.0,0.176,2.0,3.0,0.667,0.333,0.333,Jusuf Nurkić,1610612757.0,POR,C,23.0,1.0,1.0,0.824,6.0,14.0,0.429,0.508,-0.079,Jusuf Nurkić,1610612757.0,POR,C,23.0,1.0,1.0,0.412,5.0,7.0,0.714,0.63,0.084,Jusuf Nurkić,1610612757.0,POR,C,23.0,1.0,1.0,0.529,6.0,9.0,0.667,0.582,0.085,Jusuf Nurkić,1610612757.0,POR,C,23.0,1.0,1.0,0.353,2.0,6.0,0.333,0.383,-0.049,Jusuf Nurkić,1610612757.0,POR,23.0,1.0,31.0,11.0,8.0,3.0,0.0,0.0,5.0,10.0,1.0,0.0,1.0,1.0,0.0,2.0,3.0,5.0,4.0,2.0,0.4,0.6,0.8,0.4,Jusuf Nurkić,1610612757,POR,1,1,0,31.0,59.0,9.0,3.0,4.0,0.75,0.0,0.0,0.0,6.0,0.667,3.0,0.333,1.0,0.111,0.0,0.0,0.0,0.0,Jusuf Nurkić,1610612757,POR,1,1,0,30.95,30.95,11375.0,2.15,1.14,1.01,4.28,4.4,3.78,2017_18
203937,Kyle Anderson,Kyle,1610612759,SAS,24.0,1,0,1,0.0,35.68333333333333,2,4,0.5,0,1,0.0,4,4,1.0,0,6,6,5,3,1,0,0,2,4,8,6,22.7,0,0,21.0,1,52,52,52,7,68,75,36,56,64,56,11,15,1,45,16,24,11,7,15,38,1,50,9,60,23,47,11,2,49,,94.62,90,111.6,0.694,0.083,102.8,91.47,40,4.8,36,0.5,106.0,38,106.0,68,10,86,96,75,50,111.6,35.7,21.4,107.5,45,40,36,34,0.111,38,90,2.0,96,5.6,1.67,0.158,37,0.185,46,49,78,26,89,69,43,4.0,21.8,5.6,91.47,0.0,0.11,0.106,31,76.23,29,54,40.0,12.0,35.0,0.0,5.0,8.0,0.125,0.0,0.125,3.0,0.125,8.0,1.0,3.0,2.0,0.0,2.0,1.0,1.0,0.375,0.0,0.375,0.0,0.0,0.25,2.0,0.0,0.0,3.07,50.0,8.0,2.0,0.0,2.6,1.96,1.0,0.0,0.16,34.0,8.0,0.333,0.0,0.0,2.0,0.0,10.4,0.0,0.0,0.75,0.0,0.0,2.0,0.0,0.857,0.857,4.0,7.0,0.0,10.4,2.0,0.75,0.333,4.0,,,,,,,,,,,,,,,,,0.667,0.667,2.0,3.0,0.667,0.75,0.0,0.0,2.0,0.75,0.0,3.0,,,,,,,,,,,,,,,0.25,0.0,0.0,,0.0,0.0,0.0,1.0,0.25,0.0,1.0,0.0,0.0,0,0.0,,0,,0.0,,0,2.0,0.5,0.5,0.0,0.0,0.0,0.0,0.0,2.0,0.0,1.0,0.0,0.0,1.0,0.0,0.0,0.0,0.0,1.0,1.0,1.0,0.0,0.0,0.0,2.0,1.0,0.0,0.0,0.0,0.0,0.0,0.0,0.5,F,0.382,0.602,0.547,95.0,52.0,-0.055,0.0,1.0,0.0,0.0,0.0,,0.0,0.0,0.0,1.0,1.0,SAS,0.0,0.0,,0.0,0.0,0.0,0.0,,0.0,,1.0,2.0,,,1.0,0.5,1,0.0,2,0.0,0.5,1.0,2018,20180107,False,21700589,,,,Kyle Anderson,1610612759.0,SAS,F,24.0,1.0,1.0,1.0,7.0,13.0,0.538,0.438,0.101,Kyle Anderson,1610612759.0,SAS,F,24.0,1.0,1.0,0.462,1.0,6.0,0.167,0.344,-0.177,Kyle Anderson,1610612759.0,SAS,F,24.0,1.0,1.0,0.538,6.0,7.0,0.857,0.485,0.373,Kyle Anderson,1610612759.0,SAS,F,24.0,1.0,1.0,0.154,2.0,2.0,1.0,0.614,0.386,Kyle Anderson,1610612759.0,SAS,F,24.0,1.0,1.0,0.154,2.0,2.0,1.0,0.57,0.43,Kyle Anderson,1610612759.0,SAS,F,24.0,1.0,1.0,0.615,2.0,8.0,0.25,0.366,-0.116,Kyle Anderson,1610612759.0,SAS,24.0,1.0,35.7,12.0,8.0,4.0,2.0,1.0,0.0,0.0,1.0,1.0,2.0,0.5,0.5,0.0,0.0,0.0,0.0,0.0,0.0,0.0,0.0,0.0,Kyle Anderson,1610612759,SAS,1,0,1,35.7,50.0,0.0,0.0,0.0,0.0,0.0,0.0,0.0,0.0,0.0,0.0,0.0,0.0,0.0,0.0,0.0,0.0,0.0,Kyle Anderson,1610612759,SAS,1,0,1,35.68,35.68,13941.0,2.64,1.44,1.2,4.39,4.69,4.09,2017_18
200746,LaMarcus Aldridge,LaMarcus,1610612759,SAS,32.0,1,0,1,0.0,34.98166666666667,12,21,0.571,1,2,0.5,5,7,0.714,7,7,14,1,0,1,1,3,3,5,30,10,54.3,1,0,50.0,1,52,52,52,8,1,6,28,26,49,19,8,6,42,1,10,2,53,59,15,13,102,74,6,1,12,2,1,2,2,,95.36,83,120.6,0.623,0.194,105.1,92.62,42,11.3,27,0.595,107.5,21,107.5,1,78,12,1,6,35,120.6,4.0,0.0,116.3,3,42,27,38,0.293,21,83,12.0,1,13.1,0.0,0.189,30,0.056,5,9,72,50,11,68,31,21.0,0.0,13.1,92.62,0.2,0.299,0.219,69,77.18,34,32,34.0,3.0,33.0,0.0,1.0,1.0,0.029,0.0,0.029,0.0,0.0,0.0,0.0,0.0,0.0,0.0,0.0,0.0,0.0,0.0,0.0,0.0,0.0,0.0,0.0,0.0,1.308,0.4,2.02,59.0,30.0,0.75,13.0,2.0,0.83,16.0,5.0,0.508,41.0,25.0,0.571,6.0,0.636,11.0,0.636,6.2,0.857,2.0,0.56,1.0,2.0,10.0,0.0,0.467,0.538,4.0,15.0,6.4,6.1,4.0,0.609,0.714,3.0,0.222,0.0,0.75,3.0,1.0,1610612759.0,0.75,3.0,0.0,SAS,,0.75,0.0,4.0,4.0,0.222,0.75,0.75,6.0,8.0,0.75,0.444,0.0,0.0,6.0,0.444,0.0,8.0,,2.0,0.5,1.0,,2.0,0.5,0.111,0.111,0.0,0.0,0.5,0.0,1.0,0.111,2.0,1.0,0.5,2.0,1.0,0.111,2.0,0.222,0.5,4.0,0.5,0.625,0,0.0,0.0,0,0.0,0.0,,2,7.0,0.5,0.595,0.0,0.5,0.7,17.0,2.0,12.0,0.0,5.0,,0.0,0.4,0.5,2.0,0.0,,0.0,0.0,2.0,4.0,0.0,0.0,10.0,7.0,1.0,0.0,,0.0,2.0,0.5,0.7,F,0.315,0.594,0.521,192.0,100.0,-0.073,0.0,2.0,1.0,0.75,0.5,,,0.0,0.0,7.0,3.0,SAS,0.0,4.0,,1.0,,,3.0,,0.0,,0.333,11.0,,,1.0,0.636,3,1.0,6,0.5,0.583,2.0,2018,20180107,False,21700589,,,,LaMarcus Aldridge,1610612759.0,SAS,F,32.0,1.0,1.0,1.0,12.0,23.0,0.522,0.453,0.069,LaMarcus Aldridge,1610612759.0,SAS,F,32.0,1.0,1.0,0.174,1.0,4.0,0.25,0.353,-0.103,LaMarcus Aldridge,1610612759.0,SAS,F,32.0,1.0,1.0,0.826,11.0,19.0,0.579,0.48,0.099,LaMarcus Aldridge,1610612759.0,SAS,F,32.0,1.0,1.0,0.391,6.0,9.0,0.667,0.558,0.109,LaMarcus Aldridge,1610612759.0,SAS,F,32.0,1.0,1.0,0.522,9.0,12.0,0.75,0.526,0.224,LaMarcus Aldridge,1610612759.0,SAS,F,32.0,1.0,1.0,0.304,2.0,7.0,0.286,0.37,-0.084,LaMarcus Aldridge,1610612759.0,SAS,32.0,1.0,35.0,20.0,16.0,4.0,2.0,0.0,2.0,5.0,1.0,1.0,2.0,0.5,0.5,3.0,4.0,7.0,7.0,6.0,0.429,0.571,1.0,0.857,LaMarcus Aldridge,1610612759,SAS,1,0,1,35.0,59.0,13.0,7.0,10.0,0.7,2.0,2.0,1.0,17.0,1.308,2.0,0.154,0.0,0.0,0.0,0.0,1.0,0.077,LaMarcus Aldridge,1610612759,SAS,1,0,1,34.98,34.98,12756.0,2.42,1.28,1.14,4.13,4.45,3.82,2017_18
1938,Manu Ginobili,Manu,1610612759,SAS,40.0,1,0,1,0.0,27.23333333333333,9,16,0.563,6,9,0.667,2,3,0.667,1,3,4,2,2,1,2,1,1,3,26,-3,40.8,0,0,44.0,1,52,52,52,39,7,11,31,1,3,13,28,25,43,23,41,40,33,17,15,4,71,27,19,5,65,6,11,2,3,,97.93,57,121.8,0.751,0.078,121.2,96.94,88,4.4,62,0.75,127.3,20,127.3,7,66,8,62,11,25,121.8,9.5,9.5,125.6,32,88,62,84,0.306,20,57,9.0,62,-5.5,1.0,0.111,38,0.154,13,52,50,29,5,55,58,16.0,9.4,-5.5,96.94,0.042,0.337,0.179,39,80.78,27,17,26.0,5.0,40.0,0.0,3.0,7.0,0.115,1.0,0.077,0.0,0.1,10.0,5.0,3.0,6.0,0.1,1.0,0.5,1.0,0.0,1.0,0.3,2.0,0.4,0.6,2.0,0.0,0.0,4.78,47.0,26.0,0.0,0.0,3.7,4.36,1.0,0.0,0.553,28.0,11.0,0.0,0.0,0.25,4.0,0.25,7.6,0.0,0.0,0.364,1.0,0.0,0.0,0.0,0.429,0.429,4.0,7.0,3.5,9.0,0.0,0.364,0.0,3.0,0.267,0.0,0.5,2.0,1.0,1610612759.0,0.667,2.0,1.0,SAS,0.0,0.5,0.067,3.0,4.0,0.2,0.0,0.0,0.0,2.0,0.0,0.133,0.0,0.0,0.0,0.133,0.0,2.0,,1.0,0.75,1.0,0.667,4.0,1.0,0.067,0.267,3.0,2.0,1.0,0.2,3.0,0.333,4.0,0.0,,0.0,4.0,0.0,5.0,0.333,0.8,5.0,0.8,1.2,9,3.0,0.75,3,0.5,5.0,0.6,6,9.0,0.75,0.75,0.0,0.0,0.0,0.0,0.0,0.0,0.667,0.0,0.0,1.0,0.0,0.0,0.0,2.0,0.0,3.0,1.0,0.0,2.0,0.5,1.0,5.0,3.0,4.0,2.0,0.0,1.0,6.0,0.667,0.6,G,0.371,0.591,0.462,65.0,30.0,-0.13,0.75,5.0,0.0,0.0,0.6,,0.0,3.0,4.0,3.0,0.0,SAS,0.0,2.0,,3.0,0.0,0.0,0.0,,0.0,,0.0,5.0,,,0.0,0.6,3,3.0,4,0.75,1.125,4.0,2018,20180107,False,21700589,,,,Manu Ginobili,1610612759.0,SAS,G,40.0,1.0,1.0,1.0,7.0,11.0,0.636,0.456,0.181,Manu Ginobili,1610612759.0,SAS,G,40.0,1.0,1.0,0.455,4.0,5.0,0.8,0.393,0.407,Manu Ginobili,1610612759.0,SAS,G,40.0,1.0,1.0,0.545,3.0,6.0,0.5,0.484,0.016,Manu Ginobili,1610612759.0,SAS,G,40.0,1.0,1.0,0.455,2.0,5.0,0.4,0.558,-0.158,Manu Ginobili,1610612759.0,SAS,G,40.0,1.0,1.0,0.545,3.0,6.0,0.5,0.526,-0.026,Manu Ginobili,1610612759.0,SAS,G,40.0,1.0,1.0,0.455,4.0,5.0,0.8,0.4,0.4,Manu Ginobili,1610612759.0,SAS,40.0,1.0,27.2,5.0,3.0,2.0,3.0,0.0,0.0,0.0,1.0,1.0,2.0,0.5,0.5,1.0,4.0,5.0,5.0,0.0,0.2,0.8,1.0,0.0,Manu Ginobili,1610612759,SAS,1,0,1,27.2,47.0,0.0,0.0,0.0,0.0,0.0,0.0,0.0,0.0,0.0,0.0,0.0,0.0,0.0,0.0,0.0,0.0,0.0,Manu Ginobili,1610612759,SAS,1,0,1,27.23,27.23,10197.0,1.93,1.01,0.92,4.19,4.54,3.87,2017_18
203090,Maurice Harkless,Maurice,1610612757,POR,25.0,1,1,0,1.0,24.066666666666663,7,10,0.7,3,4,0.75,2,2,1.0,1,4,5,0,1,1,2,0,3,1,19,9,33.0,0,0,33.0,1,1,1,1,55,11,30,21,4,24,10,28,35,1,23,32,29,80,33,15,4,1,74,50,13,15,22,11,2,17,,98.73,51,137.5,0.873,0.122,113.5,97.73,62,21.9,17,0.85,114.0,6,114.0,11,80,28,60,30,18,137.5,0.0,8.3,135.4,27,62,17,61,0.231,6,51,7.0,60,23.5,0.0,0.174,17,0.0,15,31,47,50,32,48,37,10.0,8.4,23.5,97.73,0.056,0.225,0.175,80,81.44,15,7,25.0,0.0,18.0,0.0,1.0,2.0,0.04,1.0,0.0,0.0,0.0,2.0,2.0,0.0,2.0,0.0,0.0,0.0,0.0,0.0,0.0,0.0,1.0,0.5,1.0,0.0,0.0,0.0,2.0,35.0,19.0,1.0,3.0,1.2,0.66,2.0,0.0,0.543,22.0,9.0,0.25,1.0,0.333,3.0,0.333,8.9,1.0,0.0,0.556,0.0,0.0,2.0,0.0,0.571,0.571,3.0,7.0,4.7,9.9,1.0,0.556,0.4,3.0,,,,,,,,,,,,,,,,,0.6,0.6,3.0,5.0,0.6,0.5,0.0,0.0,3.0,0.5,0.0,5.0,,0.0,1.0,0.0,1.0,1.0,1.5,0.0,0.1,1.0,1.0,,0.1,1.0,0.3,3.0,1.0,1.0,1.0,2.0,0.1,3.0,0.4,0.667,4.0,0.75,1.0,2,0.0,1.0,1,1.0,0.0,,1,9.0,0.75,0.85,0.0,0.5,0.0,0.0,0.0,2.0,1.0,1.0,0.0,0.0,1.0,0.0,0.0,1.0,0.0,1.0,0.0,1.0,0.0,1.0,0.0,5.0,3.0,2.0,1.0,0.0,1.0,3.0,0.667,0.6,F,0.366,0.615,0.489,90.0,44.0,-0.126,1.0,3.0,0.0,0.0,0.667,,0.0,2.0,2.0,3.0,0.0,POR,0.0,0.0,,2.0,0.0,0.0,0.0,,0.0,,0.0,5.0,,,0.0,0.6,3,3.0,4,0.75,1.125,4.0,2018,20180107,False,21700589,,,,Maurice Harkless,1610612757.0,POR,F,25.0,1.0,1.0,1.0,6.0,8.0,0.75,0.444,0.306,Maurice Harkless,1610612757.0,POR,F,25.0,1.0,1.0,0.5,3.0,4.0,0.75,0.34,0.41,Maurice Harkless,1610612757.0,POR,F,25.0,1.0,1.0,0.5,3.0,4.0,0.75,0.518,0.232,Maurice Harkless,1610612757.0,POR,F,25.0,1.0,1.0,0.25,2.0,2.0,1.0,0.615,0.385,Maurice Harkless,1610612757.0,POR,F,25.0,1.0,1.0,0.25,2.0,2.0,1.0,0.573,0.427,Maurice Harkless,1610612757.0,POR,F,25.0,1.0,1.0,0.625,4.0,5.0,0.8,0.345,0.455,Maurice Harkless,1610612757.0,POR,25.0,1.0,24.1,8.0,6.0,2.0,0.0,0.0,0.0,0.0,0.0,2.0,2.0,0.0,1.0,1.0,2.0,3.0,2.0,0.0,0.333,0.667,0.667,0.0,Maurice Harkless,1610612757,POR,1,1,0,24.1,35.0,3.0,0.0,0.0,0.0,0.0,0.0,0.0,0.0,0.0,3.0,1.0,0.0,0.0,0.0,0.0,0.0,0.0,Maurice Harkless,1610612757,POR,1,1,0,24.07,24.07,9515.0,1.8,0.96,0.84,4.49,5.24,3.82,2017_18
1626192,Pat Connaughton,Pat,1610612757,POR,25.0,1,1,0,1.0,24.501666666666665,4,6,0.667,1,2,0.5,0,0,0.0,0,0,0,2,1,0,0,0,4,0,9,7,11.0,0,0,12.0,1,1,1,1,53,39,65,23,26,49,19,55,62,55,45,95,96,33,33,48,38,1,86,78,49,22,76,11,2,72,,98.74,56,130.0,0.75,0.0,117.2,96.97,75,9.4,28,0.75,118.4,13,118.4,39,29,80,72,65,25,130.0,22.2,11.1,126.7,45,75,28,75,0.123,13,56,4.0,74,11.6,2.0,0.0,31,0.087,84,96,46,16,82,50,95,6.0,11.1,11.6,96.97,0.0,0.124,0.037,55,80.81,28,15,15.0,6.0,20.0,0.0,2.0,4.0,0.133,0.0,0.133,0.0,0.0,5.0,3.0,2.0,4.0,0.0,0.0,0.0,0.0,0.0,0.0,0.4,2.0,0.667,0.8,0.0,0.0,0.0,1.73,22.0,9.0,2.0,0.0,0.6,1.09,1.0,0.0,0.409,21.0,,,,,,,,,,,,,,,,,,,,,,,,,,,,,,,,,,,,,,,,,0.75,0.75,3.0,4.0,0.75,0.667,0.0,0.0,3.0,0.667,0.0,4.0,,0.0,1.0,0.0,1.0,1.0,1.5,0.0,0.167,1.0,1.0,,0.167,1.0,0.167,0.0,0.0,,0.0,0.0,0.0,1.0,0.167,0.0,1.0,0.0,0.0,0,0.0,,0,,0.0,,0,3.0,0.5,0.75,0.0,1.0,0.0,0.0,0.0,2.0,0.0,0.0,0.0,0.0,0.0,1.0,1.0,0.0,0.0,0.0,0.0,0.0,1.0,0.0,0.0,3.0,2.0,1.0,0.0,0.0,0.0,2.0,0.5,0.667,G-F,0.289,0.602,0.545,77.0,42.0,-0.056,0.0,2.0,0.0,1.0,0.5,,0.0,0.0,0.0,2.0,0.0,POR,0.0,1.0,,1.0,0.0,0.0,1.0,,0.0,,0.0,3.0,,,0.0,0.667,1,1.0,2,0.5,0.75,2.0,2018,20180107,False,21700589,,,,Pat Connaughton,1610612757.0,POR,G-F,25.0,1.0,1.0,1.0,4.0,4.0,1.0,0.427,0.573,Pat Connaughton,1610612757.0,POR,G-F,25.0,1.0,1.0,0.75,3.0,3.0,1.0,0.343,0.657,Pat Connaughton,1610612757.0,POR,G-F,25.0,1.0,1.0,0.25,1.0,1.0,1.0,0.444,0.556,,,,,,,,,,,,,,,,,,,,,,,,,,,Pat Connaughton,1610612757.0,POR,G-F,25.0,1.0,1.0,1.0,4.0,4.0,1.0,0.352,0.648,Pat Connaughton,1610612757.0,POR,25.0,1.0,24.5,4.0,1.0,3.0,0.0,0.0,0.0,0.0,0.0,0.0,0.0,0.0,0.0,0.0,1.0,1.0,1.0,0.0,0.0,1.0,1.0,0.0,Pat Connaughton,1610612757,POR,1,1,0,24.5,22.0,0.0,0.0,0.0,0.0,0.0,0.0,0.0,0.0,0.0,0.0,0.0,0.0,0.0,0.0,0.0,0.0,0.0,Pat Connaughton,1610612757,POR,1,1,0,24.5,24.5,9605.0,1.82,1.01,0.81,4.42,4.76,4.07,2017_18
201988,Patty Mills,Patty,1610612759,SAS,29.0,1,0,1,0.0,27.5,2,6,0.333,1,2,0.5,2,2,1.0,0,1,1,2,3,0,0,0,1,3,7,-5,8.2,0,0,11.0,1,52,52,52,38,68,65,78,26,49,19,28,35,1,45,68,74,33,7,48,38,1,27,19,67,71,88,11,2,75,,96.21,68,120.4,0.509,0.02,121.2,95.13,88,2.7,66,0.417,127.3,22,127.3,68,41,56,99,65,73,120.4,16.7,25.0,123.9,45,88,66,84,0.164,22,68,2.0,101,-6.9,0.67,0.037,43,0.1,93,91,66,44,56,54,89,6.0,25.3,-6.9,95.13,0.0,0.175,0.016,47,79.27,60,20,40.0,5.0,47.0,0.0,3.0,2.0,0.075,1.0,0.05,1.0,0.0,3.0,0.0,0.0,0.0,0.667,0.0,0.0,0.0,0.333,2.0,0.0,0.0,0.0,0.0,0.0,0.0,0.0,4.24,53.0,7.0,0.0,0.0,3.7,4.15,0.0,0.0,0.132,18.0,8.0,0.0,0.0,0.0,3.0,0.0,17.9,0.0,0.0,0.125,0.0,0.0,0.0,0.0,0.2,0.2,1.0,5.0,0.0,17.9,0.0,0.125,0.0,1.0,,,,,,,,,,,,,,,,,0.333,0.5,1.0,2.0,0.333,0.5,1.0,0.167,1.0,0.333,0.0,3.0,0.0,1.0,0.5,0.0,1.0,2.0,0.75,0.167,0.333,1.0,1.0,0.0,0.167,1.0,0.0,0.0,0.0,0.0,1.0,0.0,0.167,0.0,0.167,,1.0,0.0,0.0,2,0.0,0.2,1,0.2,1.0,0.0,5,3.0,1.0,0.417,0.0,0.0,0.0,0.0,0.0,0.0,1.0,4.0,0.0,1.0,0.25,0.0,0.0,0.0,0.0,1.0,1.0,1.0,0.0,0.0,1.0,0.0,0.0,0.0,1.0,0.0,0.0,1.0,0.0,0.0,G,0.334,0.595,0.564,110.0,62.0,-0.031,0.0,5.0,0.0,0.0,0.4,,0.0,0.0,1.0,0.0,0.0,SAS,0.0,0.0,,2.0,0.0,0.0,0.0,,0.0,,0.0,0.0,,,0.0,0.0,1,1.0,1,1.0,1.5,1.0,2018,20180107,False,21700589,,,,Patty Mills,1610612759.0,SAS,G,29.0,1.0,1.0,1.0,2.0,3.0,0.667,0.429,0.238,Patty Mills,1610612759.0,SAS,G,29.0,1.0,1.0,0.333,1.0,1.0,1.0,0.368,0.632,Patty Mills,1610612759.0,SAS,G,29.0,1.0,1.0,0.667,1.0,2.0,0.5,0.463,0.038,Patty Mills,1610612759.0,SAS,G,29.0,1.0,1.0,0.333,1.0,1.0,1.0,0.525,0.475,Patty Mills,1610612759.0,SAS,G,29.0,1.0,1.0,0.333,1.0,1.0,1.0,0.476,0.524,Patty Mills,1610612759.0,SAS,G,29.0,1.0,1.0,0.667,1.0,2.0,0.5,0.409,0.092,Patty Mills,1610612759.0,SAS,29.0,1.0,27.5,1.0,0.0,1.0,0.0,0.0,0.0,0.0,1.0,0.0,1.0,1.0,0.0,0.0,0.0,0.0,0.0,0.0,0.0,0.0,0.0,0.0,Patty Mills,1610612759,SAS,1,0,1,27.5,53.0,0.0,0.0,0.0,0.0,0.0,0.0,0.0,0.0,0.0,0.0,0.0,0.0,0.0,0.0,0.0,0.0,0.0,Patty Mills,1610612759,SAS,1,0,1,27.5,27.5,10724.0,2.03,1.05,0.98,4.37,4.54,4.21,2017_18
2200,Pau Gasol,Pau,1610612759,SAS,37.0,1,0,1,0.0,28.07333333333333,6,11,0.545,1,2,0.5,3,5,0.6,1,8,9,5,2,0,2,0,0,3,16,4,38.3,0,0,35.0,1,52,52,52,36,19,25,32,26,49,19,18,10,48,23,5,12,11,17,48,4,1,1,19,20,29,10,11,2,12,,97.77,59,114.3,0.606,0.17,107.8,96.6,39,1.2,31,0.591,105.3,29,105.3,19,25,30,65,25,36,114.3,25.0,10.0,109.0,34,39,31,46,0.224,29,59,6.0,67,9.0,2.5,0.308,45,0.263,7,16,53,12,31,56,10,11.0,9.9,9.0,96.6,0.037,0.228,0.204,15,80.5,37,50,54.0,13.0,42.0,1.0,6.0,12.0,0.111,0.0,0.093,0.0,0.333,3.0,1.0,1.0,2.0,0.0,2.0,1.0,1.0,0.0,0.0,0.333,0.0,0.0,0.667,2.0,0.5,0.5,1.38,69.0,16.0,1.5,4.0,1.6,0.35,4.0,4.0,0.232,42.0,16.0,0.375,1.0,0.2,5.0,0.2,4.5,1.0,1.0,0.563,0.0,1.0,4.0,0.0,0.727,0.8,5.0,11.0,2.9,4.7,3.0,0.6,0.444,5.0,,,,,,,,,,,,,,,,,0.6,0.6,3.0,5.0,0.6,0.455,0.0,0.0,3.0,0.455,0.0,5.0,,4.0,0.5,2.0,,4.0,0.5,0.364,0.364,0.0,0.0,0.5,0.0,2.0,0.182,1.0,0.0,,0.0,1.0,0.0,2.0,0.182,0.5,2.0,0.5,0.75,0,0.0,,0,,0.0,,0,3.0,0.25,0.591,0.5,0.75,1.0,2.0,2.0,6.0,0.5,2.0,0.0,0.0,0.0,1.0,1.0,2.0,0.0,2.0,0.0,0.0,1.0,0.5,0.0,6.0,4.0,0.0,1.0,0.0,1.0,0.0,0.0,0.667,C,0.428,0.597,0.512,213.0,109.0,-0.085,0.0,3.0,0.0,1.0,0.333,,0.0,0.0,0.0,4.0,1.0,SAS,0.0,1.0,,1.0,0.0,0.0,1.0,,0.0,,0.0,6.0,,,0.0,0.667,1,1.0,4,0.5,0.375,2.0,2018,20180107,False,21700589,,,,Pau Gasol,1610612759.0,SAS,C,37.0,1.0,1.0,1.0,8.0,19.0,0.421,0.471,-0.05,,,,,,,,,,,,,,Pau Gasol,1610612759.0,SAS,C,37.0,1.0,1.0,1.0,8.0,19.0,0.421,0.5,-0.079,Pau Gasol,1610612759.0,SAS,C,37.0,1.0,1.0,0.579,4.0,11.0,0.364,0.56,-0.196,Pau Gasol,1610612759.0,SAS,C,37.0,1.0,1.0,0.579,4.0,11.0,0.364,0.533,-0.169,Pau Gasol,1610612759.0,SAS,C,37.0,1.0,1.0,0.368,3.0,7.0,0.429,0.39,0.038,Pau Gasol,1610612759.0,SAS,37.0,1.0,28.1,19.0,18.0,1.0,0.0,0.0,2.0,5.0,1.0,0.0,1.0,1.0,0.0,0.0,3.0,3.0,3.0,2.0,0.0,1.0,1.0,0.667,Pau Gasol,1610612759,SAS,1,0,1,28.1,69.0,4.0,1.0,1.0,1.0,0.0,0.0,0.0,2.0,0.5,2.0,0.5,1.0,0.25,0.0,0.0,0.0,0.0,Pau Gasol,1610612759,SAS,1,0,1,28.07,28.07,10034.0,1.9,1.03,0.87,4.08,4.16,3.99,2017_18
203894,Shabazz Napier,Shabazz,1610612757,POR,26.0,1,1,0,1.0,33.28333333333333,7,9,0.778,1,3,0.333,0,0,0.0,1,4,5,7,3,2,1,0,4,2,15,2,37.5,0,0,34.0,1,1,1,1,15,11,39,18,26,33,32,55,62,55,23,32,29,3,7,4,13,1,86,35,23,33,12,11,2,14,,96.62,49,110.1,0.833,0.077,110.4,98.07,51,3.1,47,0.833,110.4,47,110.4,11,9,58,84,39,20,110.1,36.8,15.8,113.5,38,51,47,54,0.162,47,49,7.0,86,-0.3,2.33,0.114,40,0.269,23,54,60,15,59,69,56,9.0,15.8,-0.3,98.07,0.033,0.167,0.15,13,81.72,21,38,42.0,16.0,47.0,0.0,7.0,9.0,0.167,0.0,0.167,4.0,0.0,13.0,3.0,5.0,6.0,0.077,0.0,0.0,0.0,0.308,1.0,0.385,3.0,1.0,0.462,0.0,0.0,0.0,5.75,56.0,15.0,0.0,0.0,5.4,5.61,2.0,1.0,0.268,17.0,9.0,0.25,1.0,0.5,2.0,0.5,3.7,1.0,0.0,0.556,0.0,0.0,2.0,0.0,0.571,0.571,3.0,7.0,4.8,3.4,1.0,0.556,0.4,3.0,0.111,0.0,1.0,1.0,1.0,1610612757.0,1.0,1.0,0.0,POR,,1.0,0.0,1.0,1.0,0.111,1.125,1.0,4.0,3.0,1.0,0.444,1.0,0.111,3.0,0.333,1.0,4.0,1.0,1.0,0.5,1.0,0.0,2.0,0.5,0.111,0.222,1.0,0.0,1.0,0.111,1.0,0.111,1.0,1.0,1.0,1.0,0.0,0.111,1.0,0.222,0.0,2.0,0.5,0.5,5,1.0,0.833,2,0.667,2.0,0.5,3,0.0,0.0,0.833,0.0,0.0,0.0,0.0,0.0,0.0,0.0,1.0,0.0,0.0,1.0,0.0,0.0,0.0,0.0,1.0,1.0,1.0,0.0,0.0,0.0,5.0,5.0,1.0,0.0,0.0,0.0,2.0,0.5,1.0,G,0.319,0.574,0.62,79.0,49.0,0.047,1.0,2.0,0.0,0.0,0.0,,0.0,1.0,1.0,5.0,1.0,POR,0.0,0.0,,0.0,0.0,0.0,0.0,,0.0,,1.0,5.0,,,1.0,1.0,0,0.0,1,0.0,0.0,1.0,2018,20180107,False,21700589,,,,Shabazz Napier,1610612757.0,POR,G,26.0,1.0,1.0,1.0,1.0,8.0,0.125,0.445,-0.32,Shabazz Napier,1610612757.0,POR,G,26.0,1.0,1.0,0.125,0.0,1.0,0.0,0.372,-0.372,Shabazz Napier,1610612757.0,POR,G,26.0,1.0,1.0,0.875,1.0,7.0,0.143,0.477,-0.335,Shabazz Napier,1610612757.0,POR,G,26.0,1.0,1.0,0.375,1.0,3.0,0.333,0.564,-0.23,Shabazz Napier,1610612757.0,POR,G,26.0,1.0,1.0,0.5,1.0,4.0,0.25,0.533,-0.283,Shabazz Napier,1610612757.0,POR,G,26.0,1.0,1.0,0.375,0.0,3.0,0.0,0.386,-0.386,Shabazz Napier,1610612757.0,POR,26.0,1.0,33.3,7.0,6.0,1.0,4.0,0.0,0.0,0.0,1.0,0.0,1.0,1.0,0.0,1.0,2.0,3.0,3.0,3.0,0.333,0.667,1.0,1.0,Shabazz Napier,1610612757,POR,1,1,0,33.3,56.0,0.0,0.0,0.0,0.0,0.0,0.0,0.0,0.0,0.0,0.0,0.0,0.0,0.0,0.0,0.0,0.0,0.0,Shabazz Napier,1610612757,POR,1,1,0,33.28,33.28,12471.0,2.36,1.29,1.07,4.33,4.81,3.87,2017_18
1628380,Zach Collins,Zach,1610612757,POR,20.0,1,1,0,1.0,16.166666666666668,4,8,0.5,1,4,0.25,0,0,0.0,0,3,3,0,0,0,0,0,0,0,9,9,12.6,0,0,13.0,1,1,1,1,82,39,44,36,26,24,46,55,62,55,45,41,49,80,59,48,38,1,1,78,49,15,70,11,2,65,,96.26,42,133.3,0.563,0.12,113.0,99.46,33,16.8,13,0.563,102.9,11,102.9,39,80,36,1,44,38,133.3,0.0,0.0,129.9,45,33,13,59,0.205,11,42,4.0,1,30.4,0.0,0.273,26,0.0,44,33,65,50,39,33,15,8.0,0.0,30.4,99.46,0.0,0.206,0.108,80,82.89,42,12,16.0,0.0,16.0,0.0,0.0,1.0,0.0,0.0,0.0,0.0,0.0,1.0,1.0,0.0,2.0,0.0,0.0,0.0,0.0,0.0,0.0,0.0,1.0,1.0,2.0,0.0,1.0,0.0,1.81,24.0,9.0,0.0,2.0,0.7,0.79,1.0,0.0,0.375,15.0,4.0,0.333,0.0,0.0,1.0,0.0,3.1,0.0,0.0,0.75,0.0,0.0,1.0,0.0,1.0,1.0,2.0,3.0,0.0,3.1,1.0,0.75,0.333,2.0,0.125,0.0,1.0,1.0,1.0,1610612757.0,1.0,1.0,0.0,POR,,1.0,0.0,1.0,1.0,0.125,0.5,0.5,1.0,2.0,0.5,0.25,0.0,0.0,1.0,0.25,0.0,2.0,,1.0,1.0,1.0,,1.0,1.0,0.125,0.125,0.0,0.0,1.0,0.0,1.0,0.5,1.0,0.0,,0.0,1.0,0.0,4.0,0.5,0.25,4.0,0.25,0.375,0,0.0,,0,,0.0,,0,5.0,0.4,0.563,0.0,0.0,1.0,2.0,0.0,0.0,0.5,1.0,0.0,0.0,1.0,0.0,0.0,2.0,0.0,2.0,0.0,1.0,0.0,0.5,0.0,3.0,2.0,0.0,1.0,0.0,1.0,2.0,0.0,0.667,C-F,0.374,0.607,0.655,55.0,36.0,0.047,0.0,3.0,1.0,0.0,0.333,,0.0,0.0,1.0,2.0,0.0,POR,1.0,0.0,,1.0,0.0,0.0,0.0,,1.0,,0.0,3.0,,,0.0,0.667,2,1.0,5,0.25,0.5,4.0,2018,20180107,False,21700589,,,,Zach Collins,1610612757.0,POR,C-F,20.0,1.0,1.0,1.0,1.0,3.0,0.333,0.438,-0.105,Zach Collins,1610612757.0,POR,C-F,20.0,1.0,1.0,0.333,0.0,1.0,0.0,0.362,-0.362,Zach Collins,1610612757.0,POR,C-F,20.0,1.0,1.0,0.667,1.0,2.0,0.5,0.531,-0.031,,,,,,,,,,,,,,Zach Collins,1610612757.0,POR,C-F,20.0,1.0,1.0,0.667,1.0,2.0,0.5,0.623,-0.123,Zach Collins,1610612757.0,POR,C-F,20.0,1.0,1.0,0.333,0.0,1.0,0.0,0.358,-0.358,Zach Collins,1610612757.0,POR,20.0,1.0,16.2,5.0,4.0,1.0,0.0,0.0,1.0,3.0,0.0,0.0,0.0,0.0,0.0,0.0,2.0,2.0,2.0,0.0,0.0,1.0,1.0,0.0,Zach Collins,1610612757,POR,1,1,0,16.2,24.0,2.0,1.0,1.0,1.0,0.0,0.0,0.0,2.0,1.0,1.0,0.5,0.0,0.0,0.0,0.0,0.0,0.0,Zach Collins,1610612757,POR,1,1,0,16.17,16.17,6265.0,1.19,0.67,0.52,4.46,4.86,4.0,2017_18
