PLAYER_ID,PLAYER_NAME,NICKNAME,TEAM_ID,TEAM_ABBREVIATION,AGE,GP,W,L,W_PCT,MIN,FGM,FGA,FG_PCT,FG3M,FG3A,FG3_PCT,FTM,FTA,FT_PCT,OREB,DREB,REB,AST,TOV,STL,BLK,BLKA,PF,PFD,PTS,PLUS_MINUS,NBA_FANTASY_PTS,DD2,TD3,WNBA_FANTASY_PTS,GP_RANK,W_RANK,L_RANK,W_PCT_RANK,MIN_RANK,FGM_RANK,FGA_RANK,FG_PCT_RANK,FG3M_RANK,FG3A_RANK,FG3_PCT_RANK,FTM_RANK,FTA_RANK,FT_PCT_RANK,OREB_RANK,DREB_RANK,REB_RANK,AST_RANK,TOV_RANK,STL_RANK,BLK_RANK,BLKA_RANK,PF_RANK,PFD_RANK,PTS_RANK,PLUS_MINUS_RANK,NBA_FANTASY_PTS_RANK,DD2_RANK,TD3_RANK,WNBA_FANTASY_PTS_RANK,team_poss,E_PACE,PACE_RANK,sp_work_OFF_RATING,TS_PCT,REB_PCT,E_DEF_RATING,PACE,sp_work_DEF_RATING_RANK,E_NET_RATING,sp_work_NET_RATING_RANK,EFG_PCT,sp_work_DEF_RATING,sp_work_OFF_RATING_RANK,DEF_RATING,FGM_PG_RANK,AST_RATIO_RANK,USG_PCT_RANK,TM_TOV_PCT_RANK,FGA_PG_RANK,EFG_PCT_RANK,OFF_RATING,AST_RATIO,TM_TOV_PCT,E_OFF_RATING,OREB_PCT_RANK,DEF_RATING_RANK,NET_RATING_RANK,E_DEF_RATING_RANK,USG_PCT,OFF_RATING_RANK,sp_work_PACE_RANK,FGM_PG,E_TOV_PCT_RANK,NET_RATING,AST_TO,DREB_PCT,E_NET_RATING_RANK,AST_PCT,PIE_RANK,REB_PCT_RANK,E_PACE_RANK,AST_TO_RANK,E_USG_PCT_RANK,POSS,DREB_PCT_RANK,FGA_PG,E_TOV_PCT,sp_work_NET_RATING,sp_work_PACE,OREB_PCT,E_USG_PCT,PIE,AST_PCT_RANK,PACE_PER40,TS_PCT_RANK,E_OFF_RATING_RANK,PASSES_MADE,AST_PTS_CREATED,PASSES_RECEIVED,FT_AST,AST_ADJ,POTENTIAL_AST,AST_TO_PASS_PCT_ADJ,SECONDARY_AST,AST_TO_PASS_PCT,DRIVE_AST,DRIVE_PF_PCT,DRIVES,DRIVE_FGA,DRIVE_PASSES,DRIVE_PTS,DRIVE_TOV_PCT,DRIVE_FTM,DRIVE_FT_PCT,DRIVE_PF,DRIVE_AST_PCT,DRIVE_TOV,DRIVE_PASSES_PCT,DRIVE_FGM,DRIVE_FG_PCT,DRIVE_PTS_PCT,DRIVE_FTA,PTS_PER_POST_TOUCH,PTS_PER_ELBOW_TOUCH,AVG_SEC_PER_TOUCH,TOUCHES,POINTS,PTS_PER_PAINT_TOUCH,POST_TOUCHES,TIME_OF_POSS,AVG_DRIB_PER_TOUCH,PAINT_TOUCHES,ELBOW_TOUCHES,PTS_PER_TOUCH,FRONT_CT_TOUCHES,REB_CHANCES,DREB_CONTEST_PCT,OREB_CONTEST,OREB_CHANCE_PCT,OREB_CHANCES,OREB_CHANCE_PCT_ADJ,AVG_REB_DIST,OREB_CONTEST_PCT,DREB_CHANCE_DEFER,REB_CHANCE_PCT,OREB_UNCONTEST,REB_CHANCE_DEFER,REB_CONTEST,OREB_CHANCE_DEFER,DREB_CHANCE_PCT,DREB_CHANCE_PCT_ADJ,REB_UNCONTEST,DREB_CHANCES,AVG_OREB_DIST,AVG_DREB_DIST,DREB_CONTEST,REB_CHANCE_PCT_ADJ,REB_CONTEST_PCT,DREB_UNCONTEST,very_tight_FGA_FREQUENCY,very_tight_FG3M,very_tight_FG_PCT,very_tight_FGM,G,PLAYER_LAST_TEAM_ID,very_tight_FG2_PCT,very_tight_FG2M,very_tight_FG3A,PLAYER_LAST_TEAM_ABBREVIATION,very_tight_FG3_PCT,very_tight_EFG_PCT,very_tight_FG3A_FREQUENCY,very_tight_FG2A,very_tight_FGA,very_tight_FG2A_FREQUENCY,tight_EFG_PCT,tight_FG2_PCT,tight_FGM,tight_FG2A,tight_FG_PCT,tight_FGA_FREQUENCY,tight_FG3A,tight_FG3A_FREQUENCY,tight_FG2M,tight_FG2A_FREQUENCY,tight_FG3M,tight_FGA,tight_FG3_PCT,open_FG2A,open_FG_PCT,open_FG2M,open_FG3_PCT,open_FGA,open_EFG_PCT,open_FG2A_FREQUENCY,open_FGA_FREQUENCY,open_FG3A,open_FG3M,open_FG2_PCT,open_FG3A_FREQUENCY,open_FGM,wide_open_FG3A_FREQUENCY,wide_open_FGM,wide_open_FG2M,wide_open_FG2_PCT,wide_open_FG2A,wide_open_FG3M,wide_open_FG2A_FREQUENCY,wide_open_FG3A,wide_open_FGA_FREQUENCY,wide_open_FG3_PCT,wide_open_FGA,wide_open_FG_PCT,wide_open_EFG_PCT,PULL_UP_PTS,PULL_UP_FG3M,PULL_UP_EFG_PCT,PULL_UP_FGM,PULL_UP_FG_PCT,PULL_UP_FG3A,PULL_UP_FG3_PCT,PULL_UP_FGA,CATCH_SHOOT_PTS,CATCH_SHOOT_FG_PCT,EFF_FG_PCT,ELBOW_TOUCH_FG_PCT,PAINT_TOUCH_FG_PCT,POST_TOUCH_FG_PCT,POST_TOUCH_PTS,ELBOW_TOUCH_PTS,PAINT_TOUCH_PTS,CORNER_3_FG_PCT,MID_FGA,BACKCOURT_FGM,LEFT_CORNER_3_FG_PCT,MID_FG_PCT,ITP_FG_PCT,ITP_FGM,RIGHT_CORNER_3_FGA,BACKCOURT_FGA,CORNER_3_FGA,LEFT_CORNER_3_FGA,MID_FGM,ITP_FGA,RIGHT_CORNER_3_FG_PCT,LEFT_CORNER_3_FGM,RA_FGA,RA_FGM,ABOVE_BREAK_3_FGM,CORNER_3_FGM,BACKCOURT_FG_PCT,RIGHT_CORNER_3_FGM,ABOVE_BREAK_3_FGA,ABOVE_BREAK_3_FG_PCT,RA_FG_PCT,PLAYER_POSITION,FREQ,NS_LT_06_PCT,LT_06_PCT,FGA_LT_06,FGM_LT_06,PLUSMINUS,FGP_25_29,FGA_20_24,FGA_10_14,FGP_5_9,FGP_20_24,FGP_30_34,FGA_40_PLUS,FGM_25_29,FGA_25_29,FGM_LT_5,FGA_15_19,TEAM_ABBR,FGM_10_14,FGA_5_9,FGA_35_39,FGM_20_24,FGP_40_PLUS,FGM_40_PLUS,FGM_5_9,FGM_30_34,FGP_10_14,FGP_35_39,FGP_15_19,FGA_LT_5,FGA_30_34,FGM_35_39,FGM_15_19,FGP_LT_5,CATCH_SHOOT_FGM,CATCH_SHOOT_FG3M,CATCH_SHOOT_FGA,CATCH_SHOOT_FG3_PCT,CATCH_SHOOT_EFG_PCT,CATCH_SHOOT_FG3A,year,date,playoffs,GAME_ID,index,HTM,VTM,overall_def_PLAYER_NAME,overall_def_PLAYER_LAST_TEAM_ID,overall_def_PLAYER_LAST_TEAM_ABBREVIATION,overall_def_PLAYER_POSITION,overall_def_AGE,overall_def_GP,overall_def_G,overall_def_FREQ,overall_def_D_FGM,overall_def_D_FGA,overall_def_D_FG_PCT,overall_def_NORMAL_FG_PCT,overall_def_PCT_PLUSMINUS,three_pt_def_PLAYER_NAME,three_pt_def_PLAYER_LAST_TEAM_ID,three_pt_def_PLAYER_LAST_TEAM_ABBREVIATION,three_pt_def_PLAYER_POSITION,three_pt_def_AGE,three_pt_def_GP,three_pt_def_G,three_pt_def_FREQ,three_pt_def_FG3M,three_pt_def_FG3A,three_pt_def_FG3_PCT,three_pt_def_NS_FG3_PCT,three_pt_def_PLUSMINUS,two_pt_def_PLAYER_NAME,two_pt_def_PLAYER_LAST_TEAM_ID,two_pt_def_PLAYER_LAST_TEAM_ABBREVIATION,two_pt_def_PLAYER_POSITION,two_pt_def_AGE,two_pt_def_GP,two_pt_def_G,two_pt_def_FREQ,two_pt_def_FG2M,two_pt_def_FG2A,two_pt_def_FG2_PCT,two_pt_def_NS_FG2_PCT,two_pt_def_PLUSMINUS,less_6ft_def_PLAYER_NAME,less_6ft_def_PLAYER_LAST_TEAM_ID,less_6ft_def_PLAYER_LAST_TEAM_ABBREVIATION,less_6ft_def_PLAYER_POSITION,less_6ft_def_AGE,less_6ft_def_GP,less_6ft_def_G,less_6ft_def_FREQ,less_6ft_def_FGM_LT_06,less_6ft_def_FGA_LT_06,less_6ft_def_LT_06_PCT,less_6ft_def_NS_LT_06_PCT,less_6ft_def_PLUSMINUS,less_10ft_def_PLAYER_NAME,less_10ft_def_PLAYER_LAST_TEAM_ID,less_10ft_def_PLAYER_LAST_TEAM_ABBREVIATION,less_10ft_def_PLAYER_POSITION,less_10ft_def_AGE,less_10ft_def_GP,less_10ft_def_G,less_10ft_def_FREQ,less_10ft_def_FGM_LT_10,less_10ft_def_FGA_LT_10,less_10ft_def_LT_10_PCT,less_10ft_def_NS_LT_10_PCT,less_10ft_def_PLUSMINUS,more_15ft_def_PLAYER_NAME,more_15ft_def_PLAYER_LAST_TEAM_ID,more_15ft_def_PLAYER_LAST_TEAM_ABBREVIATION,more_15ft_def_PLAYER_POSITION,more_15ft_def_AGE,more_15ft_def_GP,more_15ft_def_G,more_15ft_def_FREQ,more_15ft_def_FGM_GT_15,more_15ft_def_FGA_GT_15,more_15ft_def_GT_15_PCT,more_15ft_def_NS_GT_15_PCT,more_15ft_def_PLUSMINUS,hustle_PLAYER_NAME,hustle_TEAM_ID,hustle_TEAM_ABBREVIATION,hustle_AGE,hustle_G,hustle_MIN,hustle_CONTESTED_SHOTS,hustle_CONTESTED_SHOTS_2PT,hustle_CONTESTED_SHOTS_3PT,hustle_DEFLECTIONS,hustle_CHARGES_DRAWN,hustle_SCREEN_ASSISTS,hustle_SCREEN_AST_PTS,hustle_OFF_LOOSE_BALLS_RECOVERED,hustle_DEF_LOOSE_BALLS_RECOVERED,hustle_LOOSE_BALLS_RECOVERED,hustle_PCT_LOOSE_BALLS_RECOVERED_OFF,hustle_PCT_LOOSE_BALLS_RECOVERED_DEF,hustle_OFF_BOXOUTS,hustle_DEF_BOXOUTS,hustle_BOX_OUTS,hustle_BOX_OUT_PLAYER_TEAM_REBS,hustle_BOX_OUT_PLAYER_REBS,hustle_PCT_BOX_OUTS_OFF,hustle_PCT_BOX_OUTS_DEF,hustle_PCT_BOX_OUTS_TEAM_REB,hustle_PCT_BOX_OUTS_REB,post_touch_PLAYER_NAME,post_touch_TEAM_ID,post_touch_TEAM_ABBREVIATION,post_touch_GP,post_touch_W,post_touch_L,post_touch_MIN,post_touch_TOUCHES,post_touch_POST_TOUCHES,post_touch_POST_TOUCH_FGM,post_touch_POST_TOUCH_FGA,post_touch_POST_TOUCH_FG_PCT,post_touch_POST_TOUCH_FTM,post_touch_POST_TOUCH_FTA,post_touch_POST_TOUCH_FT_PCT,post_touch_POST_TOUCH_PTS,post_touch_POST_TOUCH_PTS_PCT,post_touch_POST_TOUCH_PASSES,post_touch_POST_TOUCH_PASSES_PCT,post_touch_POST_TOUCH_AST,post_touch_POST_TOUCH_AST_PCT,post_touch_POST_TOUCH_TOV,post_touch_POST_TOUCH_TOV_PCT,post_touch_POST_TOUCH_FOULS,post_touch_POST_TOUCH_FOULS_PCT,speed_distance_PLAYER_NAME,speed_distance_TEAM_ID,speed_distance_TEAM_ABBREVIATION,speed_distance_GP,speed_distance_W,speed_distance_L,speed_distance_MIN,speed_distance_MIN1,speed_distance_DIST_FEET,speed_distance_DIST_MILES,speed_distance_DIST_MILES_OFF,speed_distance_DIST_MILES_DEF,speed_distance_AVG_SPEED,speed_distance_AVG_SPEED_OFF,speed_distance_AVG_SPEED_DEF,season
203992,Bogdan Bogdanović,Bogdan,1610612758,SAC,25.0,1,0,1,0.0,32.75,1,7,0.143,1,4,0.25,0,0,0.0,0,2,2,2,2,1,1,0,1,1,3,-14,12.4,0,0,12.0,1,78,78,78,22,107,73,124,43,43,59,82,85,82,72,77,86,52,24,27,8,1,31,69,110,138,103,20,1,104,,90.49,138,106.5,0.214,0.033,130.3,91.6,133,-24.0,121,0.214,127.0,83,127.0,107,55,105,130,73,123,106.5,18.2,18.2,106.3,72,133,121,135,0.134,83,138,1.0,130,-20.5,1.0,0.069,127,0.087,137,120,128,41,105,62,104,7.0,18.2,-20.5,91.6,0.0,0.136,-0.003,81,76.34,130,86,39.0,3.0,34.0,0.0,2.0,5.0,0.051,1.0,0.051,1.0,0.0,5.0,1.0,3.0,0.0,0.0,0.0,0.0,0.0,0.2,0.0,0.6,0.0,0.0,0.0,0.0,0.0,0.0,2.59,49.0,3.0,0.0,1.0,2.1,1.67,1.0,1.0,0.061,37.0,5.0,0.5,0.0,0.0,1.0,0.0,3.7,0.0,0.0,0.4,0.0,1.0,1.0,1.0,0.5,0.5,1.0,4.0,0.0,3.7,1.0,0.5,0.5,1.0,0.143,0.0,0.0,0.0,1.0,1610612758.0,0.0,0.0,0.0,SAC,,0.0,0.0,1.0,1.0,0.143,0.0,0.0,0.0,1.0,0.0,0.143,0.0,0.0,0.0,0.143,0.0,1.0,,1.0,0.0,0.0,0.0,2.0,0.0,0.143,0.286,1.0,0.0,0.0,0.143,0.0,0.429,1.0,0.0,,0.0,1.0,0.0,3.0,0.429,0.333,3.0,0.333,0.5,0,0.0,0.0,0,0.0,1.0,0.0,3,3.0,0.333,0.214,0.0,0.0,0.0,0.0,0.0,0.0,0.0,2.0,0.0,0.0,0.0,0.0,0.0,0.0,0.0,0.0,0.0,0.0,1.0,0.0,0.0,0.0,0.0,1.0,0.0,0.0,0.0,4.0,0.25,0.0,G,0.325,0.607,0.558,113.0,63.0,-0.05,0.25,0.0,1.0,0.0,0.0,,0.0,1.0,4.0,0.0,1.0,SAC,0.0,1.0,,0.0,0.0,0.0,0.0,,0.0,,0.0,0.0,,,0.0,0.0,1,1.0,3,0.333,0.5,3.0,2018,20180128,False,21700737,,,,Bogdan Bogdanović,1610612758.0,SAC,G,25.0,1.0,1.0,1.0,8.0,15.0,0.533,0.438,0.095,Bogdan Bogdanović,1610612758.0,SAC,G,25.0,1.0,1.0,0.333,3.0,5.0,0.6,0.365,0.235,Bogdan Bogdanović,1610612758.0,SAC,G,25.0,1.0,1.0,0.667,5.0,10.0,0.5,0.476,0.024,Bogdan Bogdanović,1610612758.0,SAC,G,25.0,1.0,1.0,0.267,3.0,4.0,0.75,0.575,0.175,Bogdan Bogdanović,1610612758.0,SAC,G,25.0,1.0,1.0,0.4,3.0,6.0,0.5,0.556,-0.056,Bogdan Bogdanović,1610612758.0,SAC,G,25.0,1.0,1.0,0.6,5.0,9.0,0.556,0.374,0.182,Bogdan Bogdanović,1610612758.0,SAC,25.0,1.0,32.8,8.0,7.0,1.0,2.0,0.0,0.0,0.0,1.0,0.0,1.0,1.0,0.0,0.0,2.0,2.0,2.0,1.0,0.0,1.0,1.0,0.5,Bogdan Bogdanović,1610612758,SAC,1,0,1,32.8,49.0,1.0,0.0,1.0,0.0,0.0,0.0,0.0,0.0,0.0,0.0,0.0,0.0,0.0,0.0,0.0,0.0,0.0,Bogdan Bogdanović,1610612758,SAC,1,0,1,32.75,32.75,12547.0,2.38,1.29,1.08,4.4,4.8,4.01,2017_18
203464,Brandon Paul,Brandon,1610612759,SAS,27.0,1,1,0,1.0,0.8116666666666666,0,0,0.0,0,0,0.0,0,0,0.0,0,0,0,0,0,0,0,0,0,0,0,2,0.0,0,0,0.0,1,1,1,1,150,127,141,127,77,108,77,82,85,82,72,126,133,100,83,62,41,1,1,108,134,65,148,20,1,148,,88.71,3,100.0,0.0,0.0,0.0,118.28,1,200.0,2,0.0,0.0,101,0.0,127,100,143,1,141,127,100.0,0.0,0.0,200.0,72,1,2,1,0.0,101,3,0.0,1,100.0,0.0,0.0,2,0.0,128,133,135,65,143,2,126,0.0,0.0,100.0,118.28,0.0,0.0,0.0,100,98.56,134,4,0.0,0.0,1.0,,0.0,0.0,0.0,0.0,0.0,0.0,0.0,0.0,0.0,0.0,0.0,0.0,0.0,0.0,0.0,0.0,0.0,0.0,0.0,0.0,0.0,0.0,0.0,0.0,8.68,1.0,0.0,0.0,0.0,0.1,3.0,0.0,0.0,0.0,0.0,,,,,,,,,,,,,,,,,,,,,,,,,,,,,,,,,,,,,,,,,,,,,,,,,,,,,,,,,,,,,,,,,,,,,,,,,,,,,,,,0,,,0,,,,0,0.0,0.0,0.0,0.0,0.0,0.0,0.0,0.0,0.0,,0.0,,,0.0,,,,,,,0.0,,,,,,0.0,,,,0.0,0.0,,G,0.32,0.587,0.625,48.0,30.0,0.038,0.0,0.0,,,0.0,,,0.0,0.0,,0.0,SAS,,,,0.0,,,,,,,0.0,,,,0.0,,0,,0,,,,2018,20180128,False,21700737,,,,,,,,,,,,,,,,,,,,,,,,,,,,,,,,,,,,,,,,,,,,,,,,,,,,,,,,,,,,,,,,,,,,,,,,,,,,,,,,,,,,,,,,,,,,,,,,,,,,,,,,,,,,,Brandon Paul,1610612759,SAS,1,1,0,0.8,1.0,0.0,0.0,0.0,0.0,0.0,0.0,0.0,0.0,0.0,0.0,0.0,0.0,0.0,0.0,0.0,0.0,0.0,Brandon Paul,1610612759,SAS,1,1,0,0.82,0.82,268.0,0.05,0.03,0.02,7.41,0.0,0.0,2017_18
1627854,Bryn Forbes,Bryn,1610612759,SAS,24.0,1,1,0,1.0,27.58333333333333,9,15,0.6,5,8,0.625,0,0,0.0,0,3,3,2,0,0,0,0,2,0,23,16,29.6,0,0,33.0,1,1,1,1,50,8,14,37,2,9,20,82,85,82,72,57,72,52,83,62,41,1,67,108,13,5,36,20,1,21,,87.81,144,134.6,0.767,0.055,108.1,88.75,71,29.3,13,0.767,108.0,13,108.0,8,77,31,1,14,24,134.6,11.8,0.0,137.4,72,71,13,67,0.25,13,144,9.0,1,26.6,0.0,0.1,13,0.105,29,92,136,65,25,52,82,15.0,0.0,26.6,88.75,0.0,0.259,0.171,75,73.96,30,11,19.0,5.0,31.0,0.0,2.0,4.0,0.105,0.0,0.105,0.0,0.0,7.0,6.0,1.0,8.0,0.0,0.0,0.0,0.0,0.0,0.0,0.143,4.0,0.667,1.143,0.0,0.0,0.0,1.76,35.0,23.0,0.0,0.0,1.0,1.4,0.0,0.0,0.657,27.0,5.0,0.333,0.0,0.0,0.0,0.0,7.7,0.0,0.0,0.6,0.0,0.0,1.0,0.0,0.6,0.6,2.0,5.0,0.0,7.7,1.0,0.6,0.333,2.0,0.067,0.0,1.0,1.0,1.0,1610612759.0,1.0,1.0,0.0,SAS,,1.0,0.0,1.0,1.0,0.067,0.333,0.333,1.0,3.0,0.333,0.2,0.0,0.0,1.0,0.2,0.0,3.0,,3.0,0.5,2.0,0.0,4.0,0.5,0.2,0.267,1.0,0.0,0.667,0.067,2.0,0.467,5.0,0.0,,0.0,5.0,0.0,7.0,0.467,0.714,7.0,0.714,1.071,7,1.0,0.7,3,0.6,1.0,1.0,5,12.0,0.571,0.767,0.0,0.0,0.0,0.0,0.0,0.0,0.0,3.0,0.0,0.0,0.333,0.667,2.0,1.0,0.0,1.0,0.0,1.0,3.0,0.0,0.0,1.0,1.0,5.0,0.0,0.0,0.0,7.0,0.714,1.0,G,0.304,0.589,0.731,104.0,76.0,0.141,0.667,2.0,1.0,1.0,0.5,0.0,0.0,4.0,6.0,1.0,3.0,SAS,1.0,1.0,,1.0,0.0,0.0,1.0,0.0,1.0,,0.333,2.0,0.0,,1.0,0.5,4,4.0,7,0.571,0.857,7.0,2018,20180128,False,21700737,,,,Bryn Forbes,1610612759.0,SAS,G,24.0,1.0,1.0,1.0,1.0,6.0,0.167,0.443,-0.276,Bryn Forbes,1610612759.0,SAS,G,24.0,1.0,1.0,0.833,1.0,5.0,0.2,0.391,-0.191,Bryn Forbes,1610612759.0,SAS,G,24.0,1.0,1.0,0.167,0.0,1.0,0.0,0.457,-0.457,,,,,,,,,,,,,,,,,,,,,,,,,,,Bryn Forbes,1610612759.0,SAS,G,24.0,1.0,1.0,0.833,1.0,5.0,0.2,0.399,-0.199,Bryn Forbes,1610612759.0,SAS,24.0,1.0,27.6,2.0,0.0,2.0,0.0,0.0,0.0,0.0,0.0,0.0,0.0,0.0,0.0,0.0,1.0,1.0,1.0,1.0,0.0,1.0,1.0,1.0,Bryn Forbes,1610612759,SAS,1,1,0,27.6,35.0,0.0,0.0,0.0,0.0,0.0,0.0,0.0,0.0,0.0,0.0,0.0,0.0,0.0,0.0,0.0,0.0,0.0,Bryn Forbes,1610612759,SAS,1,1,0,27.58,27.58,10708.0,2.03,1.09,0.93,4.37,4.85,3.9,2017_18
1627741,Buddy Hield,Buddy,1610612758,SAC,25.0,1,0,1,0.0,19.916666666666668,0,5,0.0,0,3,0.0,0,0,0.0,0,0,0,2,0,0,0,0,3,1,0,-8,3.0,0,0,2.0,1,78,78,78,98,127,98,127,77,60,77,82,85,82,72,126,133,52,83,62,41,1,97,69,134,116,133,20,1,133,,91.39,139,100.0,0.0,0.0,117.7,91.58,119,-14.3,123,0.0,121.1,101,121.1,127,21,114,1,98,127,100.0,28.6,0.0,103.4,72,119,123,101,0.122,101,139,0.0,1,-21.1,0.0,0.0,110,0.154,145,133,125,65,110,38,126,5.0,0.0,-21.1,91.58,0.0,0.129,-0.077,54,76.32,134,97,14.0,6.0,15.0,0.0,2.0,2.0,0.143,0.0,0.143,0.0,0.0,2.0,1.0,1.0,0.0,0.0,0.0,0.0,0.0,0.0,0.0,0.5,0.0,0.0,0.0,0.0,0.0,0.0,2.61,19.0,0.0,0.0,0.0,0.8,1.74,0.0,0.0,0.0,13.0,,,,,,,,,,,,,,,,,,,,,,,,,0.2,0.0,0.0,0.0,1.0,1610612758.0,,0.0,1.0,SAC,0.0,0.0,0.2,0.0,1.0,0.0,,,,,,,,,,,,,,1.0,0.0,0.0,0.0,2.0,0.0,0.2,0.4,1.0,0.0,0.0,0.2,0.0,0.2,0.0,0.0,0.0,1.0,0.0,0.2,1.0,0.4,0.0,2.0,0.0,0.0,0,0.0,0.0,0,0.0,3.0,0.0,5,0.0,0.0,0.0,0.0,0.0,0.0,0.0,0.0,0.0,0.0,1.0,0.0,0.0,0.0,0.0,0.0,0.0,0.0,1.0,1.0,0.0,1.0,0.0,0.0,0.0,0.0,0.0,0.0,0.0,0.0,2.0,0.0,0.0,G,0.365,0.598,0.665,167.0,111.0,0.067,0.0,1.0,1.0,0.0,0.0,0.0,0.0,0.0,2.0,0.0,0.0,SAC,0.0,1.0,,0.0,0.0,0.0,0.0,0.0,0.0,,0.0,0.0,0.0,,0.0,0.0,0,0.0,0,,,0.0,2018,20180128,False,21700737,,,,Buddy Hield,1610612758.0,SAC,G,25.0,1.0,1.0,1.0,8.0,11.0,0.727,0.433,0.295,Buddy Hield,1610612758.0,SAC,G,25.0,1.0,1.0,0.364,3.0,4.0,0.75,0.378,0.372,Buddy Hield,1610612758.0,SAC,G,25.0,1.0,1.0,0.636,5.0,7.0,0.714,0.472,0.242,Buddy Hield,1610612758.0,SAC,G,25.0,1.0,1.0,0.364,3.0,4.0,0.75,0.551,0.199,Buddy Hield,1610612758.0,SAC,G,25.0,1.0,1.0,0.545,4.0,6.0,0.667,0.529,0.138,Buddy Hield,1610612758.0,SAC,G,25.0,1.0,1.0,0.364,3.0,4.0,0.75,0.394,0.356,Buddy Hield,1610612758.0,SAC,25.0,1.0,19.9,5.0,3.0,2.0,0.0,0.0,1.0,3.0,0.0,1.0,1.0,0.0,1.0,0.0,0.0,0.0,0.0,0.0,0.0,0.0,0.0,0.0,Buddy Hield,1610612758,SAC,1,0,1,19.9,19.0,0.0,0.0,0.0,0.0,0.0,0.0,0.0,0.0,0.0,0.0,0.0,0.0,0.0,0.0,0.0,0.0,0.0,Buddy Hield,1610612758,SAC,1,0,1,19.92,19.92,8034.0,1.52,0.8,0.72,4.54,4.87,4.22,2017_18
201980,Danny Green,Danny,1610612759,SAS,31.0,1,1,0,1.0,9.083333333333334,0,2,0.0,0,2,0.0,0,0,0.0,0,0,0,1,0,1,0,0,0,0,0,-1,4.5,0,0,3.0,1,1,1,1,128,127,120,127,77,71,77,82,85,82,72,126,133,74,83,27,41,1,1,108,134,75,128,20,1,131,,84.55,150,106.3,0.0,0.0,112.5,84.55,88,-6.3,86,0.0,112.5,84,112.5,127,13,125,1,120,127,106.3,33.3,0.0,106.3,72,88,86,83,0.105,84,150,0.0,1,-6.3,0.0,0.0,86,0.125,128,133,146,65,125,16,126,2.0,0.0,-6.3,84.55,0.0,0.111,0.0,66,70.46,134,87,11.0,2.0,12.0,0.0,1.0,1.0,0.091,0.0,0.091,1.0,0.0,2.0,0.0,1.0,0.0,0.0,0.0,0.0,0.0,0.5,0.0,0.5,0.0,0.0,0.0,0.0,0.0,0.0,2.01,14.0,0.0,0.0,0.0,0.5,1.21,0.0,0.0,0.0,13.0,,,,,,,,,,,,,,,,,,,,,,,,,,,,,,,,,,,,,,,,,,,,,,,,,,,,,,0.0,0.0,0.0,0.0,1.0,0.0,0.0,0.5,1.0,0.0,,0.5,0.0,0.5,0.0,0.0,,0.0,0.0,0.0,1.0,0.5,0.0,1.0,0.0,0.0,0,0.0,0.0,0,0.0,1.0,0.0,1,0.0,0.0,0.0,0.0,0.0,0.0,0.0,0.0,0.0,0.0,0.0,,0.0,0.0,0.0,0.0,0.0,,0.0,0.0,0.0,0.0,0.0,0.0,0.0,0.0,0.0,0.0,,0.0,2.0,0.0,0.0,G-F,0.377,0.597,0.596,171.0,102.0,0.0,0.0,0.0,0.0,0.0,0.0,,,0.0,2.0,0.0,0.0,SAS,0.0,0.0,,0.0,,,0.0,,0.0,,0.0,0.0,,,0.0,0.0,0,0.0,1,0.0,0.0,1.0,2018,20180128,False,21700737,,,,Danny Green,1610612759.0,SAS,G-F,31.0,1.0,1.0,1.0,3.0,7.0,0.429,0.415,0.013,Danny Green,1610612759.0,SAS,G-F,31.0,1.0,1.0,0.429,1.0,3.0,0.333,0.345,-0.012,Danny Green,1610612759.0,SAS,G-F,31.0,1.0,1.0,0.571,2.0,4.0,0.5,0.487,0.013,Danny Green,1610612759.0,SAS,G-F,31.0,1.0,1.0,0.429,2.0,3.0,0.667,0.602,0.065,Danny Green,1610612759.0,SAS,G-F,31.0,1.0,1.0,0.571,2.0,4.0,0.5,0.539,-0.039,Danny Green,1610612759.0,SAS,G-F,31.0,1.0,1.0,0.429,1.0,3.0,0.333,0.374,-0.041,Danny Green,1610612759.0,SAS,31.0,1.0,9.1,3.0,2.0,1.0,2.0,0.0,0.0,0.0,0.0,0.0,0.0,0.0,0.0,0.0,0.0,0.0,0.0,0.0,0.0,0.0,0.0,0.0,Danny Green,1610612759,SAS,1,1,0,9.1,14.0,0.0,0.0,0.0,0.0,0.0,0.0,0.0,0.0,0.0,0.0,0.0,0.0,0.0,0.0,0.0,0.0,0.0,Danny Green,1610612759,SAS,1,1,0,9.08,9.08,3686.0,0.7,0.38,0.32,4.68,5.23,4.12,2017_18
1626199,Darrun Hilliard,Darrun,1610612759,SAS,25.0,1,1,0,1.0,6.678333333333334,1,1,1.0,0,0,0.0,0,0,0.0,0,0,0,0,0,0,0,0,0,0,2,5,2.0,0,0,2.0,1,1,1,1,134,107,127,1,77,108,77,82,85,82,72,126,133,100,83,62,41,1,1,108,118,46,135,20,1,133,,82.66,143,141.7,1.0,0.0,100.0,89.84,23,54.5,7,1.0,92.3,8,92.3,107,100,130,1,127,2,141.7,0.0,0.0,154.5,72,23,7,41,0.083,8,143,1.0,1,49.4,0.0,0.0,6,0.0,101,133,147,65,129,12,126,1.0,0.0,49.4,89.84,0.0,0.091,0.058,100,74.87,8,8,7.0,0.0,8.0,0.0,0.0,1.0,0.0,0.0,0.0,0.0,0.0,0.0,0.0,0.0,0.0,0.0,0.0,0.0,0.0,0.0,0.0,0.0,0.0,0.0,0.0,0.0,0.0,0.0,3.69,8.0,2.0,0.0,0.0,0.5,2.88,0.0,0.0,0.25,7.0,,,,,,,,,,,,,,,,,,,,,,,,,,,,,,,,,,,,,,,,,,,,,,,,,,,,,,1.0,1.0,1.0,,1.0,1.0,1.0,1.0,0.0,0.0,1.0,0.0,1.0,,,,,,,,,,,,,,2,,1.0,1,1.0,,,1,0.0,0.0,1.0,0.0,0.0,0.0,0.0,0.0,0.0,0.0,1.0,,,1.0,0.0,0.0,0.0,,0.0,,1.0,0.0,0.0,,0.0,0.0,0.0,0.0,,0.0,0.0,0.0,0.0,G,0.333,0.593,0.875,8.0,7.0,0.282,0.0,1.0,0.0,0.0,1.0,,,0.0,0.0,0.0,0.0,SAS,0.0,0.0,,1.0,,,0.0,,0.0,,0.0,0.0,,,0.0,0.0,0,,0,,,,2018,20180128,False,21700737,,,,Darrun Hilliard,1610612759.0,SAS,G,25.0,1.0,1.0,1.0,1.0,1.0,1.0,0.444,0.556,,,,,,,,,,,,,,Darrun Hilliard,1610612759.0,SAS,G,25.0,1.0,1.0,1.0,1.0,1.0,1.0,0.549,0.451,Darrun Hilliard,1610612759.0,SAS,G,25.0,1.0,1.0,1.0,1.0,1.0,1.0,0.688,0.312,Darrun Hilliard,1610612759.0,SAS,G,25.0,1.0,1.0,1.0,1.0,1.0,1.0,0.637,0.363,,,,,,,,,,,,,,,,,,,,,,,,,,,,,,,,,,,,,,,,,Darrun Hilliard,1610612759,SAS,1,1,0,6.7,8.0,0.0,0.0,0.0,0.0,0.0,0.0,0.0,0.0,0.0,0.0,0.0,0.0,0.0,0.0,0.0,0.0,0.0,Darrun Hilliard,1610612759,SAS,1,1,0,6.68,6.68,2425.0,0.46,0.25,0.21,4.54,3.86,3.43,2017_18
202722,Davis Bertans,Davis,1610612759,SAS,25.0,1,1,0,1.0,20.966666666666665,3,7,0.429,2,6,0.333,0,0,0.0,0,4,4,4,0,0,0,0,0,1,8,7,18.8,0,0,18.0,1,1,1,1,89,73,73,75,25,19,45,82,85,82,72,41,53,28,83,62,41,1,1,69,78,36,73,20,1,75,,94.05,94,122.7,0.571,0.093,112.5,99.59,76,21.1,45,0.571,109.3,32,109.3,73,12,100,1,73,60,122.7,36.4,0.0,133.7,72,76,45,84,0.14,32,94,3.0,1,13.4,0.0,0.2,24,0.25,59,59,115,65,98,44,34,7.0,0.0,13.4,99.59,0.0,0.151,0.118,31,82.99,72,15,28.0,10.0,20.0,0.0,4.0,3.0,0.143,0.0,0.143,1.0,0.0,3.0,1.0,1.0,2.0,0.0,0.0,0.0,0.0,0.333,0.0,0.333,1.0,1.0,0.667,0.0,0.0,0.0,1.54,35.0,8.0,0.0,0.0,0.9,0.63,0.0,0.0,0.229,20.0,6.0,0.75,0.0,0.0,0.0,0.0,4.9,0.0,0.0,0.667,0.0,0.0,3.0,0.0,0.667,0.667,1.0,6.0,0.0,4.9,3.0,0.667,0.75,1.0,,,,,,,,,,,,,,,,,,,,,,,,,,,,,,1.0,0.4,1.0,0.25,5.0,0.5,0.143,0.714,4.0,1.0,1.0,0.571,2.0,0.286,1.0,0.0,,0.0,1.0,0.0,2.0,0.286,0.5,2.0,0.5,0.75,0,0.0,0.0,0,0.0,1.0,0.0,1,6.0,0.4,0.571,0.0,0.0,0.0,0.0,0.0,0.0,0.333,0.0,0.0,0.0,0.0,0.0,0.0,3.0,0.0,3.0,0.0,0.0,0.0,0.333,0.0,1.0,1.0,1.0,1.0,0.0,1.0,3.0,0.333,1.0,C-F,0.391,0.599,0.513,117.0,60.0,-0.086,0.333,3.0,0.0,0.0,0.333,,0.0,1.0,3.0,1.0,0.0,SAS,0.0,0.0,,1.0,0.0,0.0,0.0,,0.0,,0.0,1.0,,,0.0,1.0,2,2.0,5,0.4,0.6,5.0,2018,20180128,False,21700737,,,,Dāvis Bertāns,1610612759.0,SAS,C-F,25.0,1.0,1.0,1.0,3.0,4.0,0.75,0.479,0.271,,,,,,,,,,,,,,Dāvis Bertāns,1610612759.0,SAS,C-F,25.0,1.0,1.0,1.0,3.0,4.0,0.75,0.503,0.247,Dāvis Bertāns,1610612759.0,SAS,C-F,25.0,1.0,1.0,0.75,3.0,3.0,1.0,0.622,0.378,Dāvis Bertāns,1610612759.0,SAS,C-F,25.0,1.0,1.0,0.75,3.0,3.0,1.0,0.575,0.425,Dāvis Bertāns,1610612759.0,SAS,C-F,25.0,1.0,1.0,0.25,0.0,1.0,0.0,0.344,-0.344,Dāvis Bertāns,1610612759.0,SAS,25.0,1.0,21.0,3.0,3.0,0.0,0.0,0.0,3.0,8.0,0.0,0.0,0.0,0.0,0.0,0.0,3.0,3.0,3.0,2.0,0.0,1.0,1.0,0.667,Dāvis Bertāns,1610612759,SAS,1,1,0,21.0,35.0,0.0,0.0,0.0,0.0,0.0,0.0,0.0,0.0,0.0,0.0,0.0,0.0,0.0,0.0,0.0,0.0,0.0,Dāvis Bertāns,1610612759,SAS,1,1,0,20.97,20.97,8615.0,1.63,0.95,0.68,4.6,5.29,3.93,2017_18
1628368,De'Aaron Fox,De'Aaron,1610612758,SAC,20.0,1,0,1,0.0,33.43333333333333,8,15,0.533,6,6,1.0,4,4,1.0,0,0,0,3,0,0,1,0,2,4,26,-8,33.5,0,0,37.0,1,78,78,78,21,13,14,52,1,19,1,19,28,1,72,126,133,40,83,62,8,1,67,17,8,116,27,20,1,12,,90.13,141,107.9,0.776,0.0,121.4,90.45,117,-13.4,113,0.733,120.6,76,120.6,13,68,28,1,14,33,107.9,15.0,0.0,108.0,72,117,113,118,0.254,76,141,8.0,1,-12.7,0.0,0.0,108,0.188,41,133,130,65,32,63,126,15.0,0.0,-12.7,90.45,0.0,0.25,0.151,43,75.37,28,81,58.0,7.0,73.0,0.0,4.0,7.0,0.069,1.0,0.052,2.0,0.1,10.0,3.0,4.0,2.0,0.0,2.0,1.0,1.0,0.2,0.0,0.4,0.0,0.0,0.2,2.0,0.0,0.0,4.69,78.0,26.0,0.0,0.0,6.1,4.38,0.0,0.0,0.333,26.0,,,,,,,,,,,,,,,,,,,,,,,,,,,,,,,,,,,,,,,,,0.667,0.667,2.0,3.0,0.667,0.2,0.0,0.0,2.0,0.2,0.0,3.0,,4.0,0.333,0.0,1.0,6.0,0.5,0.267,0.4,2.0,2.0,0.0,0.133,2.0,0.267,4.0,0.0,0.0,2.0,4.0,0.133,4.0,0.4,1.0,6.0,0.667,1.0,12,4.0,0.6,4,0.4,4.0,1.0,10,6.0,1.0,0.733,0.0,0.0,0.0,0.0,0.0,0.0,1.0,5.0,0.0,0.0,0.0,0.0,0.0,1.0,0.0,1.0,0.0,0.0,1.0,1.0,0.0,3.0,2.0,5.0,1.0,0.0,1.0,5.0,1.0,0.667,G,0.351,0.583,0.629,143.0,90.0,0.047,1.0,4.0,2.0,0.0,0.75,0.0,0.0,3.0,3.0,2.0,3.0,SAC,0.0,0.0,,3.0,0.0,0.0,0.0,0.0,0.0,,0.0,3.0,0.0,,0.0,0.667,2,2.0,2,1.0,1.5,2.0,2018,20180128,False,21700737,,,,De'Aaron Fox,1610612758.0,SAC,G,20.0,1.0,1.0,1.0,7.0,11.0,0.636,0.435,0.202,De'Aaron Fox,1610612758.0,SAC,G,20.0,1.0,1.0,0.455,2.0,5.0,0.4,0.374,0.026,De'Aaron Fox,1610612758.0,SAC,G,20.0,1.0,1.0,0.545,5.0,6.0,0.833,0.472,0.361,De'Aaron Fox,1610612758.0,SAC,G,20.0,1.0,1.0,0.455,4.0,5.0,0.8,0.587,0.213,De'Aaron Fox,1610612758.0,SAC,G,20.0,1.0,1.0,0.455,4.0,5.0,0.8,0.555,0.245,De'Aaron Fox,1610612758.0,SAC,G,20.0,1.0,1.0,0.545,3.0,6.0,0.5,0.378,0.122,De'Aaron Fox,1610612758.0,SAC,20.0,1.0,33.4,6.0,2.0,4.0,1.0,0.0,0.0,0.0,0.0,0.0,0.0,0.0,0.0,0.0,2.0,2.0,2.0,0.0,0.0,1.0,1.0,0.0,De'Aaron Fox,1610612758,SAC,1,0,1,33.4,78.0,0.0,0.0,0.0,0.0,0.0,0.0,0.0,0.0,0.0,0.0,0.0,0.0,0.0,0.0,0.0,0.0,0.0,De'Aaron Fox,1610612758,SAC,1,0,1,33.43,33.43,12770.0,2.42,1.3,1.12,4.32,4.79,3.86,2017_18
1627749,Dejounte Murray,Dejounte,1610612759,SAS,21.0,1,1,0,1.0,26.45,6,6,1.0,0,0,0.0,2,2,1.0,2,8,10,6,0,0,0,0,2,3,14,7,35.0,1,0,30.0,1,1,1,1,60,27,85,1,77,108,77,46,53,1,18,11,12,11,83,62,41,1,67,33,41,36,23,1,1,30,,85.04,149,129.2,1.017,0.208,119.4,85.29,112,10.8,53,1.0,119.6,20,119.6,27,7,111,1,85,2,129.2,46.2,0.0,130.1,23,112,53,111,0.127,20,149,6.0,1,9.6,0.0,0.333,59,0.3,6,14,139,65,109,48,10,6.0,0.0,9.6,85.29,0.083,0.131,0.235,21,71.08,5,20,51.0,14.0,46.0,0.0,8.0,9.0,0.157,2.0,0.118,1.0,0.1,10.0,3.0,5.0,8.0,0.0,2.0,1.0,1.0,0.1,0.0,0.5,3.0,1.0,0.8,2.0,0.0,0.0,4.97,60.0,14.0,2.0,0.0,5.0,4.57,2.0,0.0,0.233,22.0,13.0,0.125,2.0,0.5,4.0,0.5,5.5,1.0,0.0,0.769,0.0,0.0,3.0,0.0,0.889,0.889,7.0,9.0,3.6,6.0,1.0,0.769,0.3,7.0,,,,,,,,,,,,,,,,,1.0,1.0,5.0,5.0,1.0,0.833,0.0,0.0,5.0,0.833,0.0,5.0,,,,,,,,,,,,,,,0.0,1.0,1.0,1.0,1.0,0.0,0.167,0.0,0.167,,1.0,1.0,1.0,2,,1.0,1,1.0,,,1,0.0,0.0,1.0,0.0,1.0,0.0,0.0,0.0,4.0,0.0,1.0,0.0,0.0,1.0,0.0,0.0,0.0,0.0,0.0,0.0,1.0,0.0,0.0,0.0,5.0,5.0,0.0,0.0,0.0,0.0,0.0,0.0,1.0,G,0.357,0.59,0.654,136.0,89.0,0.064,0.0,0.0,0.0,0.0,0.0,0.0,0.0,0.0,0.0,5.0,1.0,SAS,0.0,0.0,,0.0,0.0,0.0,0.0,0.0,0.0,,1.0,5.0,0.0,,1.0,1.0,0,,0,,,,2018,20180128,False,21700737,,,,Dejounte Murray,1610612759.0,SAS,G,21.0,1.0,1.0,1.0,7.0,10.0,0.7,0.442,0.258,Dejounte Murray,1610612759.0,SAS,G,21.0,1.0,1.0,0.8,6.0,8.0,0.75,0.345,0.405,Dejounte Murray,1610612759.0,SAS,G,21.0,1.0,1.0,0.2,1.0,2.0,0.5,0.526,-0.026,Dejounte Murray,1610612759.0,SAS,G,21.0,1.0,1.0,0.1,1.0,1.0,1.0,0.688,0.312,Dejounte Murray,1610612759.0,SAS,G,21.0,1.0,1.0,0.1,1.0,1.0,1.0,0.637,0.363,Dejounte Murray,1610612759.0,SAS,G,21.0,1.0,1.0,0.9,6.0,9.0,0.667,0.369,0.298,Dejounte Murray,1610612759.0,SAS,21.0,1.0,26.5,9.0,2.0,7.0,0.0,0.0,0.0,0.0,0.0,0.0,0.0,0.0,0.0,0.0,2.0,2.0,2.0,2.0,0.0,1.0,1.0,1.0,Dejounte Murray,1610612759,SAS,1,1,0,26.5,60.0,0.0,0.0,0.0,0.0,0.0,0.0,0.0,0.0,0.0,0.0,0.0,0.0,0.0,0.0,0.0,0.0,0.0,Dejounte Murray,1610612759,SAS,1,1,0,26.45,26.45,11089.0,2.1,1.16,0.94,4.8,5.51,4.1,2017_18
203960,JaKarr Sampson,JaKarr,1610612758,SAC,25.0,1,0,1,0.0,8.245,0,1,0.0,0,0,0.0,0,0,0.0,0,1,1,0,0,0,0,1,3,0,0,-5,1.2,0,0,1.0,1,78,78,78,132,127,127,127,77,108,77,82,85,82,72,100,114,100,83,62,41,113,97,108,134,105,142,20,1,142,,89.54,133,87.5,0.0,0.053,127.7,93.15,110,-39.5,138,0.0,118.8,131,118.8,127,100,135,1,127,127,87.5,0.0,0.0,88.2,72,110,138,130,0.056,131,133,0.0,1,-31.3,0.0,0.125,142,0.0,146,96,132,65,135,16,71,1.0,0.0,-31.3,93.15,0.0,0.056,-0.094,100,77.62,134,139,12.0,0.0,8.0,0.0,0.0,1.0,0.0,0.0,0.0,0.0,0.0,0.0,0.0,0.0,0.0,0.0,0.0,0.0,0.0,0.0,0.0,0.0,0.0,0.0,0.0,0.0,0.0,0.0,1.86,13.0,0.0,0.0,2.0,0.4,0.15,0.0,1.0,0.0,7.0,2.0,0.0,0.0,0.0,1.0,0.0,2.6,0.0,0.0,0.5,0.0,0.0,0.0,0.0,1.0,1.0,1.0,1.0,0.0,2.6,0.0,0.5,0.0,1.0,,,,,,,,,,,,,,,,,,,,,,,,,,,,,,,,,,,,,,,,,,,,,,,,,,,,,,,,0,,,0,,,,0,0.0,0.0,0.0,0.0,0.0,0.0,0.0,0.0,0.0,0.0,0.0,0.0,0.0,0.0,0.0,0.0,,0.0,0.0,0.0,0.0,1.0,,0.0,0.0,0.0,0.0,0.0,0.0,,0.0,0.0,0.0,F,0.438,0.641,0.476,21.0,10.0,-0.165,0.0,0.0,1.0,0.0,0.0,,0.0,0.0,0.0,0.0,0.0,SAC,0.0,0.0,,0.0,0.0,0.0,0.0,,0.0,,0.0,0.0,,,0.0,0.0,0,,0,,,,2018,20180128,False,21700737,,,,JaKarr Sampson,1610612758.0,SAC,F,25.0,1.0,1.0,1.0,3.0,5.0,0.6,0.412,0.188,JaKarr Sampson,1610612758.0,SAC,F,25.0,1.0,1.0,0.2,0.0,1.0,0.0,0.356,-0.356,JaKarr Sampson,1610612758.0,SAC,F,25.0,1.0,1.0,0.8,3.0,4.0,0.75,0.482,0.268,JaKarr Sampson,1610612758.0,SAC,F,25.0,1.0,1.0,0.4,1.0,2.0,0.5,0.608,-0.108,JaKarr Sampson,1610612758.0,SAC,F,25.0,1.0,1.0,0.4,1.0,2.0,0.5,0.566,-0.066,JaKarr Sampson,1610612758.0,SAC,F,25.0,1.0,1.0,0.6,2.0,3.0,0.667,0.346,0.321,JaKarr Sampson,1610612758.0,SAC,25.0,1.0,8.3,7.0,6.0,1.0,0.0,0.0,0.0,0.0,0.0,0.0,0.0,0.0,0.0,0.0,1.0,1.0,1.0,0.0,0.0,1.0,1.0,0.0,JaKarr Sampson,1610612758,SAC,1,0,1,8.3,13.0,2.0,0.0,1.0,0.0,0.0,0.0,0.0,0.0,0.0,1.0,0.5,0.0,0.0,0.0,0.0,0.0,0.0,JaKarr Sampson,1610612758,SAC,1,0,1,8.25,8.25,3386.0,0.64,0.37,0.28,4.38,5.24,4.94,2017_18
203530,Joffrey Lauvergne,Joffrey,1610612759,SAS,26.0,1,1,0,1.0,4.445,0,2,0.0,0,0,0.0,0,0,0.0,2,3,5,0,0,0,0,1,0,0,0,-1,6.0,0,0,5.0,1,1,1,1,138,127,120,127,77,108,77,82,85,82,18,57,38,100,83,62,41,113,1,108,134,75,121,20,1,125,,97.19,16,90.0,0.0,0.417,100.0,107.99,43,12.5,100,0.0,100.0,126,100.0,127,100,85,1,120,127,90.0,0.0,0.0,112.5,3,43,100,41,0.167,126,16,0.0,1,-10.0,0.0,0.5,51,0.0,75,2,101,65,62,10,2,2.0,0.0,-10.0,107.99,0.333,0.2,0.095,100,89.99,134,64,8.0,0.0,2.0,0.0,0.0,1.0,0.0,0.0,0.0,0.0,0.0,0.0,0.0,0.0,0.0,0.0,0.0,0.0,0.0,0.0,0.0,0.0,0.0,0.0,0.0,0.0,0.0,0.0,1.86,10.0,0.0,0.0,0.0,0.3,0.7,2.0,0.0,0.0,4.0,5.0,0.0,1.0,1.0,2.0,1.0,5.1,0.5,0.0,1.0,1.0,0.0,1.0,0.0,1.0,1.0,4.0,3.0,5.3,5.0,0.0,1.0,0.2,3.0,,,,,,,,,,,,,,,,,0.0,0.0,0.0,1.0,0.0,1.0,0.0,0.0,0.0,1.0,0.0,1.0,,,,,,,,,,,,,,,,,,,,,,,,,,,,0,,,0,,,,0,0.0,0.0,0.0,0.0,0.0,0.0,0.0,0.0,0.0,0.0,0.0,,0.0,0.0,0.0,0.0,0.0,,0.0,0.0,0.0,0.0,0.0,0.0,2.0,0.0,0.0,0.0,,0.0,0.0,0.0,0.0,C,0.451,0.623,0.689,74.0,51.0,0.066,0.0,0.0,0.0,0.0,0.0,,,0.0,0.0,0.0,0.0,SAS,0.0,0.0,,0.0,,,0.0,,0.0,,0.0,2.0,,,0.0,0.0,0,,0,,,,2018,20180128,False,21700737,,,,Joffrey Lauvergne,1610612759.0,SAS,C,26.0,1.0,1.0,1.0,2.0,3.0,0.667,0.424,0.242,,,,,,,,,,,,,,Joffrey Lauvergne,1610612759.0,SAS,C,26.0,1.0,1.0,1.0,2.0,3.0,0.667,0.472,0.195,,,,,,,,,,,,,,Joffrey Lauvergne,1610612759.0,SAS,C,26.0,1.0,1.0,0.333,1.0,1.0,1.0,0.5,0.5,Joffrey Lauvergne,1610612759.0,SAS,C,26.0,1.0,1.0,0.667,1.0,2.0,0.5,0.368,0.133,Joffrey Lauvergne,1610612759.0,SAS,26.0,1.0,4.5,1.0,1.0,0.0,0.0,0.0,2.0,4.0,0.0,0.0,0.0,0.0,0.0,2.0,0.0,2.0,2.0,2.0,1.0,0.0,1.0,1.0,Joffrey Lauvergne,1610612759,SAS,1,1,0,4.5,10.0,0.0,0.0,0.0,0.0,0.0,0.0,0.0,0.0,0.0,0.0,0.0,0.0,0.0,0.0,0.0,0.0,0.0,Joffrey Lauvergne,1610612759,SAS,1,1,0,4.45,4.45,1661.0,0.31,0.17,0.14,4.1,5.74,2.6,2017_18
1628382,Justin Jackson,Justin,1610612758,SAC,23.0,1,0,1,0.0,29.961666666666662,6,10,0.6,2,4,0.5,0,0,0.0,1,4,5,2,1,0,0,0,1,0,14,-12,22.0,0,0,23.0,1,78,78,78,40,27,50,37,25,43,26,82,85,82,27,41,38,52,49,62,41,1,31,108,41,132,60,20,1,58,,92.6,136,108.6,0.7,0.096,130.4,92.92,137,-21.9,122,0.7,129.3,74,129.3,27,66,70,83,50,41,108.6,15.4,7.7,108.5,53,137,122,136,0.183,74,136,6.0,84,-20.7,2.0,0.154,122,0.118,70,55,119,21,77,58,56,10.0,7.7,-20.7,92.92,0.038,0.183,0.101,71,77.43,48,77,24.0,5.0,26.0,0.0,2.0,2.0,0.083,0.0,0.083,1.0,0.0,3.0,2.0,0.0,4.0,0.0,0.0,0.0,0.0,0.333,0.0,0.0,2.0,1.0,1.333,0.0,0.0,0.0,1.6,36.0,14.0,2.0,0.0,1.0,0.67,1.0,0.0,0.389,25.0,7.0,0.25,0.0,0.5,2.0,0.5,7.0,0.0,0.0,0.714,1.0,0.0,1.0,0.0,0.8,0.8,4.0,5.0,16.8,4.6,1.0,0.714,0.2,3.0,,,,,,,,,,,,,,,,,1.0,1.0,2.0,2.0,1.0,0.2,0.0,0.0,2.0,0.2,0.0,2.0,,2.0,1.0,2.0,,2.0,1.0,0.2,0.2,0.0,0.0,1.0,0.0,2.0,0.4,2.0,0.0,0.0,2.0,2.0,0.2,4.0,0.6,0.5,6.0,0.333,0.5,2,0.0,0.333,1,0.333,1.0,0.0,3,6.0,0.5,0.7,0.0,1.0,0.0,0.0,0.0,2.0,0.5,4.0,0.0,1.0,0.5,0.0,0.0,1.0,0.0,2.0,1.0,2.0,0.0,0.0,1.0,2.0,2.0,1.0,1.0,0.0,0.0,2.0,0.5,1.0,F,0.393,0.604,0.639,72.0,46.0,0.035,0.5,3.0,0.0,1.0,0.333,,0.0,1.0,2.0,2.0,2.0,SAC,0.0,1.0,,1.0,0.0,0.0,1.0,,0.0,,0.5,2.0,,,1.0,1.0,2,2.0,4,0.667,0.75,3.0,2018,20180128,False,21700737,,,,Justin Jackson,1610612758.0,SAC,F,23.0,1.0,1.0,1.0,3.0,5.0,0.6,0.44,0.16,Justin Jackson,1610612758.0,SAC,F,23.0,1.0,1.0,0.4,2.0,2.0,1.0,0.384,0.616,Justin Jackson,1610612758.0,SAC,F,23.0,1.0,1.0,0.6,1.0,3.0,0.333,0.534,-0.201,Justin Jackson,1610612758.0,SAC,F,23.0,1.0,1.0,0.2,1.0,1.0,1.0,0.733,0.267,Justin Jackson,1610612758.0,SAC,F,23.0,1.0,1.0,0.2,1.0,1.0,1.0,0.699,0.301,Justin Jackson,1610612758.0,SAC,F,23.0,1.0,1.0,0.4,2.0,2.0,1.0,0.395,0.605,Justin Jackson,1610612758.0,SAC,23.0,1.0,30.0,6.0,4.0,2.0,0.0,0.0,1.0,2.0,0.0,1.0,1.0,0.0,1.0,0.0,0.0,0.0,0.0,0.0,0.0,0.0,0.0,0.0,Justin Jackson,1610612758,SAC,1,0,1,30.0,36.0,0.0,0.0,0.0,0.0,0.0,0.0,0.0,0.0,0.0,0.0,0.0,0.0,0.0,0.0,0.0,0.0,0.0,Justin Jackson,1610612758,SAC,1,0,1,29.97,29.97,11458.0,2.17,1.15,1.02,4.41,4.43,4.0,2017_18
201585,Kosta Koufos,Kosta,1610612758,SAC,29.0,1,0,1,0.0,30.83333333333333,3,6,0.5,0,0,0.0,0,0,0.0,3,9,12,1,1,0,0,0,4,1,6,-18,20.9,0,0,19.0,1,78,78,78,36,73,85,56,77,108,77,82,85,82,9,8,5,74,49,62,41,1,129,69,95,147,64,20,1,69,,87.74,146,91.1,0.5,0.19,119.0,87.18,124,-25.9,139,0.5,123.2,125,123.2,73,74,120,109,85,65,91.1,12.5,12.5,93.1,19,124,139,109,0.115,125,146,3.0,111,-32.1,1.0,0.29,129,0.063,90,16,137,41,120,56,15,6.0,12.5,-32.1,87.18,0.094,0.119,0.082,87,72.65,87,131,40.0,6.0,22.0,0.0,2.0,4.0,0.05,0.0,0.025,0.0,0.0,2.0,1.0,0.0,2.0,0.5,0.0,0.0,0.0,0.0,1.0,0.0,1.0,1.0,1.0,0.0,0.667,0.667,1.72,47.0,6.0,0.5,3.0,1.3,0.49,4.0,3.0,0.128,24.0,17.0,0.111,1.0,0.5,6.0,0.5,5.9,0.333,0.0,0.706,2.0,0.0,2.0,0.0,0.75,0.75,10.0,12.0,10.6,4.3,1.0,0.706,0.167,8.0,,,,,,,,,,,,,,,,,0.6,0.6,3.0,5.0,0.6,0.833,0.0,0.0,3.0,0.833,0.0,5.0,,1.0,0.0,0.0,,1.0,0.0,0.167,0.167,0.0,0.0,0.0,0.0,0.0,,,,,,,,,,,,,,0,,,0,,,,0,0.0,0.0,0.5,0.5,0.5,1.0,2.0,2.0,2.0,0.0,2.0,0.0,0.0,0.5,0.333,1.0,0.0,0.0,0.0,0.0,1.0,3.0,0.0,0.0,1.0,1.0,0.0,0.0,0.0,0.0,0.0,0.0,1.0,C,0.418,0.616,0.549,162.0,89.0,-0.067,0.0,0.0,0.0,0.4,0.0,0.0,0.0,0.0,0.0,1.0,0.0,SAC,0.0,5.0,,0.0,0.0,0.0,2.0,0.0,0.0,,0.0,1.0,0.0,,0.0,1.0,0,,1,,0.0,,2018,20180128,False,21700737,,,,Kosta Koufos,1610612758.0,SAC,C,29.0,1.0,1.0,1.0,6.0,16.0,0.375,0.455,-0.08,Kosta Koufos,1610612758.0,SAC,C,29.0,1.0,1.0,0.188,1.0,3.0,0.333,0.361,-0.027,Kosta Koufos,1610612758.0,SAC,C,29.0,1.0,1.0,0.813,5.0,13.0,0.385,0.488,-0.104,Kosta Koufos,1610612758.0,SAC,C,29.0,1.0,1.0,0.313,2.0,5.0,0.4,0.63,-0.23,Kosta Koufos,1610612758.0,SAC,C,29.0,1.0,1.0,0.313,2.0,5.0,0.4,0.583,-0.183,Kosta Koufos,1610612758.0,SAC,C,29.0,1.0,1.0,0.438,3.0,7.0,0.429,0.355,0.074,Kosta Koufos,1610612758.0,SAC,29.0,1.0,30.8,12.0,9.0,3.0,2.0,0.0,2.0,4.0,1.0,0.0,1.0,1.0,0.0,1.0,4.0,5.0,2.0,2.0,0.2,0.8,1.0,1.0,Kosta Koufos,1610612758,SAC,1,0,1,30.8,47.0,3.0,1.0,1.0,1.0,0.0,0.0,0.0,2.0,0.667,2.0,0.667,0.0,0.0,0.0,0.0,0.0,0.0,Kosta Koufos,1610612758,SAC,1,0,1,30.83,30.83,11579.0,2.19,1.13,1.06,4.29,4.31,4.27,2017_18
203937,Kyle Anderson,Kyle,1610612759,SAS,24.0,1,1,0,1.0,21.245,1,1,1.0,0,0,0.0,0,0,0.0,0,3,3,4,0,0,0,0,1,0,2,4,11.6,0,0,9.0,1,1,1,1,86,107,127,1,77,108,77,82,85,82,72,57,72,28,83,62,41,1,31,108,118,54,110,20,1,112,,93.94,130,97.6,1.0,0.071,87.7,94.89,18,12.4,55,1.0,88.1,112,88.1,107,1,141,1,127,2,97.6,80.0,0.0,100.1,72,18,55,12,0.021,112,130,1.0,1,9.5,0.0,0.13,52,0.25,61,78,116,65,141,42,67,1.0,0.0,9.5,94.89,0.0,0.022,0.111,31,79.08,8,108,21.0,8.0,14.0,0.0,4.0,3.0,0.19,0.0,0.19,0.0,0.0,0.0,0.0,0.0,0.0,0.0,0.0,0.0,0.0,0.0,0.0,0.0,0.0,0.0,0.0,0.0,0.0,0.0,1.82,23.0,2.0,0.0,0.0,0.7,0.78,0.0,0.0,0.087,18.0,4.0,0.333,0.0,0.0,1.0,0.0,5.0,0.0,0.0,0.75,0.0,0.0,1.0,0.0,1.0,1.0,2.0,3.0,0.0,5.0,1.0,0.75,0.333,2.0,,,,,,,,,,,,,,,,,,,,,,,,,,,,,,,,,,,,,,,,,,,0.0,1.0,1.0,1.0,1.0,0.0,1.0,0.0,1.0,,1.0,1.0,1.0,0,,,0,,,,0,2.0,1.0,1.0,0.0,0.0,0.0,0.0,0.0,0.0,0.0,1.0,0.0,0.0,1.0,0.0,0.0,0.0,0.0,0.0,0.0,1.0,0.0,0.0,0.0,0.0,0.0,0.0,0.0,0.0,0.0,0.0,0.0,0.0,F,0.374,0.608,0.573,131.0,75.0,-0.035,0.0,1.0,0.0,0.0,1.0,0.0,0.0,0.0,0.0,0.0,0.0,SAS,0.0,0.0,,1.0,0.0,0.0,0.0,0.0,0.0,,0.0,0.0,0.0,,0.0,0.0,1,,1,,1.0,,2018,20180128,False,21700737,,,,Kyle Anderson,1610612759.0,SAS,F,24.0,1.0,1.0,1.0,4.0,9.0,0.444,0.447,-0.002,Kyle Anderson,1610612759.0,SAS,F,24.0,1.0,1.0,0.333,2.0,3.0,0.667,0.378,0.289,Kyle Anderson,1610612759.0,SAS,F,24.0,1.0,1.0,0.667,2.0,6.0,0.333,0.496,-0.162,Kyle Anderson,1610612759.0,SAS,F,24.0,1.0,1.0,0.111,1.0,1.0,1.0,0.553,0.447,Kyle Anderson,1610612759.0,SAS,F,24.0,1.0,1.0,0.222,2.0,2.0,1.0,0.538,0.462,Kyle Anderson,1610612759.0,SAS,F,24.0,1.0,1.0,0.778,2.0,7.0,0.286,0.369,-0.084,Kyle Anderson,1610612759.0,SAS,24.0,1.0,21.3,7.0,4.0,3.0,0.0,0.0,0.0,0.0,0.0,1.0,1.0,0.0,1.0,0.0,0.0,0.0,0.0,0.0,0.0,0.0,0.0,0.0,Kyle Anderson,1610612759,SAS,1,1,0,21.3,23.0,0.0,0.0,0.0,0.0,0.0,0.0,0.0,0.0,0.0,0.0,0.0,0.0,0.0,0.0,0.0,0.0,0.0,Kyle Anderson,1610612759,SAS,1,1,0,21.25,21.25,7780.0,1.47,0.77,0.71,4.27,4.47,4.06,2017_18
200746,LaMarcus Aldridge,LaMarcus,1610612759,SAS,32.0,1,1,0,1.0,31.205,6,17,0.353,0,1,0.0,3,4,0.75,5,2,7,4,0,0,2,0,1,5,15,14,35.4,0,0,30.0,1,1,1,1,34,27,9,95,77,88,77,31,28,45,2,77,27,28,83,62,4,1,31,10,36,11,20,20,1,30,,85.06,148,135.7,0.4,0.123,114.6,85.37,91,19.8,17,0.353,112.7,12,112.7,27,59,16,1,9,104,135.7,17.4,0.0,134.5,6,91,17,91,0.284,12,148,6.0,1,23.0,0.0,0.074,27,0.16,85,37,138,65,17,56,100,17.0,0.0,23.0,85.37,0.167,0.286,0.083,52,71.14,109,14,37.0,10.0,40.0,0.0,4.0,3.0,0.108,0.0,0.108,0.0,0.0,1.0,1.0,0.0,2.0,0.0,0.0,0.0,0.0,0.0,0.0,0.0,1.0,1.0,2.0,0.0,0.2,0.0,2.18,57.0,15.0,0.833,10.0,2.1,0.95,12.0,3.0,0.263,45.0,13.0,0.0,5.0,0.556,9.0,0.556,4.7,1.0,0.0,0.538,0.0,0.0,5.0,0.0,0.5,0.5,2.0,4.0,3.1,8.8,0.0,0.538,0.714,2.0,0.176,0.0,0.667,2.0,1.0,1610612759.0,0.667,2.0,0.0,SAS,,0.667,0.0,3.0,3.0,0.176,0.364,0.364,4.0,11.0,0.364,0.647,0.0,0.0,4.0,0.647,0.0,11.0,,2.0,0.0,0.0,0.0,3.0,0.0,0.118,0.176,1.0,0.0,0.0,0.059,0.0,,,,,,,,,,,,,,2,0.0,0.2,1,0.2,0.0,,5,0.0,0.0,0.353,0.0,0.571,0.5,2.0,0.0,10.0,0.0,8.0,0.0,0.0,0.125,0.0,0.0,0.0,0.0,0.0,0.0,1.0,0.0,0.0,0.0,8.0,5.0,0.0,0.0,0.0,0.0,1.0,0.0,0.625,F,0.311,0.598,0.51,247.0,126.0,-0.088,0.0,0.0,1.0,0.0,0.0,0.0,0.0,0.0,1.0,5.0,6.0,SAS,0.0,1.0,,0.0,0.0,0.0,0.0,0.0,0.0,,0.167,8.0,0.0,,1.0,0.625,0,0.0,3,0.0,0.0,1.0,2018,20180128,False,21700737,,,,LaMarcus Aldridge,1610612759.0,SAS,F,32.0,1.0,1.0,1.0,6.0,19.0,0.316,0.479,-0.163,LaMarcus Aldridge,1610612759.0,SAS,F,32.0,1.0,1.0,0.368,2.0,7.0,0.286,0.342,-0.057,LaMarcus Aldridge,1610612759.0,SAS,F,32.0,1.0,1.0,0.632,4.0,12.0,0.333,0.517,-0.183,LaMarcus Aldridge,1610612759.0,SAS,F,32.0,1.0,1.0,0.211,3.0,4.0,0.75,0.622,0.129,LaMarcus Aldridge,1610612759.0,SAS,F,32.0,1.0,1.0,0.421,4.0,8.0,0.5,0.574,-0.074,LaMarcus Aldridge,1610612759.0,SAS,F,32.0,1.0,1.0,0.526,2.0,10.0,0.2,0.376,-0.176,LaMarcus Aldridge,1610612759.0,SAS,32.0,1.0,31.2,16.0,12.0,4.0,1.0,0.0,7.0,16.0,1.0,0.0,1.0,1.0,0.0,4.0,7.0,11.0,7.0,4.0,0.364,0.636,1.0,0.571,LaMarcus Aldridge,1610612759,SAS,1,1,0,31.2,57.0,10.0,1.0,2.0,0.5,0.0,0.0,0.0,2.0,0.2,4.0,0.4,2.0,0.2,0.0,0.0,0.0,0.0,LaMarcus Aldridge,1610612759,SAS,1,1,0,31.2,31.2,10984.0,2.08,1.09,0.99,4.05,4.22,3.87,2017_18
1938,Manu Ginobili,Manu,1610612759,SAS,40.0,1,1,0,1.0,25.371666666666663,6,13,0.462,1,1,1.0,2,2,1.0,2,2,4,3,2,1,0,1,3,2,15,7,25.3,0,0,25.0,1,1,1,1,67,27,26,69,43,88,1,46,53,1,18,77,53,40,24,27,41,113,97,48,36,36,52,20,1,48,,91.98,131,129.4,0.54,0.089,125.6,94.59,116,5.6,57,0.5,120.4,18,120.4,27,64,24,97,26,65,129.4,15.8,10.5,131.3,23,116,57,127,0.262,18,131,6.0,98,9.0,1.5,0.095,67,0.15,84,64,123,33,24,51,85,13.0,10.6,9.0,94.59,0.083,0.268,0.085,58,78.83,78,18,19.0,7.0,33.0,0.0,3.0,4.0,0.158,0.0,0.158,1.0,0.0,16.0,10.0,4.0,10.0,0.063,0.0,0.0,0.0,0.063,1.0,0.25,5.0,0.5,0.625,0.0,0.0,0.0,3.21,40.0,15.0,0.0,0.0,2.1,2.5,1.0,1.0,0.375,32.0,7.0,0.0,1.0,0.5,4.0,0.5,8.2,0.5,0.0,0.571,1.0,0.0,1.0,0.0,0.667,0.667,3.0,3.0,9.8,6.6,0.0,0.571,0.25,2.0,0.167,0.0,0.5,1.0,1.0,1610612759.0,0.5,1.0,0.0,SAS,,0.5,0.0,2.0,2.0,0.167,0.5,0.5,3.0,6.0,0.5,0.5,0.0,0.0,3.0,0.5,0.0,6.0,,2.0,0.5,1.0,,2.0,0.5,0.167,0.167,0.0,0.0,0.5,0.0,1.0,0.083,1.0,0.0,0.0,1.0,1.0,0.083,1.0,0.167,1.0,2.0,0.5,0.75,0,0.0,0.0,0,0.0,0.0,,3,3.0,0.5,0.5,0.0,0.0,0.0,0.0,0.0,0.0,0.0,7.0,0.0,0.0,0.143,0.0,0.0,0.0,0.0,0.0,0.0,1.0,0.0,0.0,0.0,5.0,4.0,1.0,0.0,0.0,0.0,1.0,1.0,0.8,G,0.376,0.592,0.493,71.0,35.0,-0.099,0.0,2.0,0.0,0.333,0.5,,0.0,0.0,0.0,4.0,3.0,SAS,0.0,3.0,,1.0,0.0,0.0,1.0,,0.0,,0.0,5.0,,,0.0,0.8,1,1.0,1,1.0,1.5,1.0,2018,20180128,False,21700737,,,,Manu Ginobili,1610612759.0,SAS,G,40.0,1.0,1.0,1.0,3.0,5.0,0.6,0.419,0.181,Manu Ginobili,1610612759.0,SAS,G,40.0,1.0,1.0,0.6,2.0,3.0,0.667,0.349,0.318,Manu Ginobili,1610612759.0,SAS,G,40.0,1.0,1.0,0.4,1.0,2.0,0.5,0.479,0.021,,,,,,,,,,,,,,Manu Ginobili,1610612759.0,SAS,G,40.0,1.0,1.0,0.2,0.0,1.0,0.0,0.5,-0.5,Manu Ginobili,1610612759.0,SAS,G,40.0,1.0,1.0,0.8,3.0,4.0,0.75,0.366,0.384,Manu Ginobili,1610612759.0,SAS,40.0,1.0,25.4,2.0,0.0,2.0,1.0,0.0,1.0,3.0,1.0,0.0,1.0,1.0,0.0,0.0,1.0,1.0,1.0,0.0,0.0,1.0,1.0,0.0,Manu Ginobili,1610612759,SAS,1,1,0,25.4,40.0,0.0,0.0,0.0,0.0,0.0,0.0,0.0,0.0,0.0,0.0,0.0,0.0,0.0,0.0,0.0,0.0,0.0,Manu Ginobili,1610612759,SAS,1,1,0,25.37,25.37,9097.0,1.72,0.93,0.8,4.03,4.16,3.89,2017_18
1628502,Nigel Hayes,Nigel,1610612758,SAC,23.0,1,0,1,0.0,9.683333333333334,1,3,0.333,0,2,0.0,1,1,1.0,0,0,0,2,0,0,0,0,0,1,3,7,6.0,0,0,5.0,1,78,78,78,127,107,112,96,77,71,77,62,77,1,72,126,133,52,83,62,41,1,1,69,110,36,121,20,1,125,,100.73,41,152.4,0.436,0.0,126.5,104.1,111,26.7,8,0.333,119.0,6,119.0,107,8,112,1,112,105,152.4,40.0,0.0,153.3,72,111,8,128,0.125,6,41,1.0,1,33.3,0.0,0.0,15,0.154,106,133,65,65,102,21,126,3.0,0.0,33.3,104.1,0.0,0.144,0.05,54,86.75,103,9,5.0,5.0,6.0,0.0,2.0,3.0,0.4,0.0,0.4,0.0,0.0,0.0,0.0,0.0,0.0,0.0,0.0,0.0,0.0,0.0,0.0,0.0,0.0,0.0,0.0,0.0,0.0,0.0,1.13,8.0,3.0,0.0,1.0,0.2,0.38,0.0,0.0,0.375,6.0,,,,,,,,,,,,,,,,,,,,,,,,,,,,,,,,,,,,,,,,,0.5,1.0,1.0,1.0,0.5,0.667,1.0,0.333,1.0,0.333,0.0,2.0,0.0,,,,,,,,,,,,,,0.333,0.0,0.0,,0.0,0.0,0.0,1.0,0.333,0.0,1.0,0.0,0.0,0,0.0,,0,,0.0,,0,0.0,0.0,0.333,0.0,0.0,0.0,0.0,0.0,0.0,0.0,0.0,0.0,0.0,0.0,0.0,0.0,,0.0,2.0,2.0,0.0,0.0,,0.0,1.0,1.0,0.0,0.0,0.0,,0.0,0.0,1.0,F,1.0,0.636,0.5,2.0,1.0,-0.136,0.0,2.0,0.0,0.0,0.0,0.0,0.0,0.0,0.0,1.0,0.0,SAC,0.0,0.0,,0.0,0.0,0.0,0.0,0.0,0.0,,0.0,1.0,0.0,,0.0,1.0,0,0.0,2,0.0,0.0,2.0,2018,20180128,False,21700737,,,,Nigel Hayes,1610612758.0,SAC,F,23.0,1.0,1.0,1.0,1.0,2.0,0.5,0.452,0.049,,,,,,,,,,,,,,Nigel Hayes,1610612758.0,SAC,F,23.0,1.0,1.0,1.0,1.0,2.0,0.5,0.529,-0.029,Nigel Hayes,1610612758.0,SAC,F,23.0,1.0,1.0,1.0,1.0,2.0,0.5,0.636,-0.136,Nigel Hayes,1610612758.0,SAC,F,23.0,1.0,1.0,1.0,1.0,2.0,0.5,0.571,-0.071,,,,,,,,,,,,,,Nigel Hayes,1610612758.0,SAC,23.0,1.0,9.7,0.0,0.0,0.0,0.0,0.0,1.0,3.0,0.0,0.0,0.0,0.0,0.0,0.0,1.0,1.0,1.0,0.0,0.0,1.0,1.0,0.0,Nigel Hayes,1610612758,SAC,1,0,1,9.7,8.0,1.0,0.0,0.0,0.0,0.0,0.0,0.0,0.0,0.0,0.0,0.0,1.0,1.0,0.0,0.0,0.0,0.0,Nigel Hayes,1610612758,SAC,1,0,1,9.68,9.68,3777.0,0.72,0.35,0.37,4.36,4.62,4.19,2017_18
201988,Patty Mills,Patty,1610612759,SAS,29.0,1,1,0,1.0,20.58833333333333,4,6,0.667,3,5,0.6,0,0,0.0,0,1,1,0,3,2,0,0,1,1,11,-1,15.2,0,0,19.0,1,1,1,1,94,52,85,20,14,35,22,82,85,82,72,100,114,100,9,6,41,1,31,69,63,75,89,20,1,69,,96.43,83,109.1,0.917,0.024,120.2,100.25,102,-5.8,89,0.917,116.7,71,116.7,52,100,81,146,85,14,109.1,0.0,33.3,114.4,72,102,89,114,0.173,71,83,4.0,146,-7.6,0.0,0.056,83,0.0,89,127,106,65,79,44,113,6.0,33.3,-7.6,100.25,0.0,0.18,0.082,100,83.54,16,54,18.0,0.0,22.0,0.0,0.0,2.0,0.0,0.0,0.0,0.0,0.0,2.0,0.0,1.0,0.0,0.5,0.0,0.0,0.0,0.0,1.0,0.5,0.0,0.0,0.0,0.0,0.0,0.0,2.1,26.0,11.0,2.0,0.0,0.9,1.77,1.0,0.0,0.423,19.0,3.0,0.0,0.0,0.0,0.0,0.0,11.6,0.0,0.0,0.333,0.0,0.0,0.0,0.0,0.333,0.333,1.0,3.0,0.0,11.6,0.0,0.333,0.0,1.0,,,,,,,,,,,,,,,,,,,,,,,,,,,,,,1.0,0.5,1.0,0.0,2.0,0.5,0.167,0.333,1.0,0.0,1.0,0.167,1.0,0.667,3.0,0.0,,0.0,3.0,0.0,4.0,0.667,0.75,4.0,0.75,1.125,3,1.0,1.5,1,1.0,1.0,1.0,1,6.0,0.5,0.917,0.0,1.0,0.0,0.0,0.0,2.0,1.0,0.0,0.0,1.0,0.0,0.0,0.0,0.0,0.0,1.0,1.0,0.0,0.0,0.0,1.0,1.0,1.0,2.0,1.0,0.0,0.0,4.0,0.5,1.0,G,0.319,0.594,0.577,130.0,75.0,-0.017,0.5,1.0,0.0,0.0,1.0,,0.0,2.0,4.0,1.0,0.0,SAS,0.0,0.0,,1.0,0.0,0.0,0.0,,0.0,,0.0,1.0,,,0.0,1.0,2,2.0,4,0.5,0.75,4.0,2018,20180128,False,21700737,,,,Patty Mills,1610612759.0,SAS,G,29.0,1.0,1.0,1.0,6.0,9.0,0.667,0.436,0.231,Patty Mills,1610612759.0,SAS,G,29.0,1.0,1.0,0.556,4.0,5.0,0.8,0.365,0.435,Patty Mills,1610612759.0,SAS,G,29.0,1.0,1.0,0.444,2.0,4.0,0.5,0.509,-0.009,Patty Mills,1610612759.0,SAS,G,29.0,1.0,1.0,0.111,1.0,1.0,1.0,0.629,0.371,Patty Mills,1610612759.0,SAS,G,29.0,1.0,1.0,0.222,2.0,2.0,1.0,0.6,0.401,Patty Mills,1610612759.0,SAS,G,29.0,1.0,1.0,0.778,4.0,7.0,0.571,0.363,0.208,Patty Mills,1610612759.0,SAS,29.0,1.0,20.6,4.0,3.0,1.0,2.0,0.0,1.0,3.0,0.0,1.0,1.0,0.0,1.0,0.0,3.0,3.0,3.0,0.0,0.0,1.0,1.0,0.0,Patty Mills,1610612759,SAS,1,1,0,20.6,26.0,0.0,0.0,0.0,0.0,0.0,0.0,0.0,0.0,0.0,0.0,0.0,0.0,0.0,0.0,0.0,0.0,0.0,Patty Mills,1610612759,SAS,1,1,0,20.58,20.58,7804.0,1.48,0.77,0.7,4.4,4.68,4.13,2017_18
2200,Pau Gasol,Pau,1610612759,SAS,37.0,1,1,0,1.0,24.83333333333333,5,8,0.625,0,1,0.0,4,7,0.571,2,9,11,3,1,0,0,0,1,6,14,10,30.7,1,0,28.0,1,1,1,1,69,41,64,32,77,88,77,19,11,62,18,8,7,40,49,62,41,1,31,6,41,19,32,1,1,36,,92.28,140,112.5,0.632,0.22,96.4,90.85,34,11.9,35,0.625,95.7,59,95.7,41,47,47,79,64,53,112.5,20.0,6.7,108.3,23,34,35,27,0.218,59,140,5.0,79,16.8,3.0,0.346,54,0.176,9,11,122,12,48,48,9,8.0,6.6,16.8,90.85,0.083,0.22,0.217,47,75.7,61,78,59.0,6.0,40.0,0.0,3.0,7.0,0.051,0.0,0.051,0.0,0.0,0.0,0.0,0.0,0.0,0.0,0.0,0.0,0.0,0.0,0.0,0.0,0.0,0.0,0.0,0.0,1.333,0.222,1.5,72.0,14.0,0.75,3.0,1.8,0.29,8.0,9.0,0.194,41.0,15.0,0.111,2.0,1.0,2.0,1.0,3.5,1.0,1.0,0.733,0.0,1.0,3.0,0.0,0.692,0.75,8.0,13.0,2.5,3.7,1.0,0.786,0.273,8.0,,,,,,,,,,,,,,,,,0.667,0.667,2.0,3.0,0.667,0.375,0.0,0.0,2.0,0.375,0.0,3.0,,2.0,0.5,1.0,,2.0,0.5,0.25,0.25,0.0,0.0,0.5,0.0,1.0,0.125,2.0,2.0,1.0,2.0,0.0,0.25,1.0,0.375,0.0,3.0,0.667,0.667,0,0.0,0.0,0,0.0,0.0,,1,6.0,0.6,0.625,1.0,1.0,1.0,4.0,2.0,6.0,0.0,4.0,0.0,0.0,0.75,0.0,0.0,0.0,0.0,0.0,0.0,3.0,1.0,0.0,0.0,2.0,2.0,0.0,0.0,0.0,0.0,1.0,0.0,1.0,C,0.401,0.598,0.496,256.0,127.0,-0.102,0.0,2.0,1.0,0.0,0.0,0.0,0.0,0.0,0.0,2.0,3.0,SAS,0.0,0.0,,0.0,0.0,0.0,0.0,0.0,0.0,,1.0,2.0,0.0,,3.0,1.0,3,0.0,5,0.0,0.6,1.0,2018,20180128,False,21700737,,,,Pau Gasol,1610612759.0,SAS,C,37.0,1.0,1.0,1.0,1.0,10.0,0.1,0.461,-0.361,Pau Gasol,1610612759.0,SAS,C,37.0,1.0,1.0,0.1,0.0,1.0,0.0,0.31,-0.31,Pau Gasol,1610612759.0,SAS,C,37.0,1.0,1.0,0.9,1.0,9.0,0.111,0.483,-0.372,Pau Gasol,1610612759.0,SAS,C,37.0,1.0,1.0,0.2,0.0,2.0,0.0,0.595,-0.595,Pau Gasol,1610612759.0,SAS,C,37.0,1.0,1.0,0.2,0.0,2.0,0.0,0.538,-0.538,Pau Gasol,1610612759.0,SAS,C,37.0,1.0,1.0,0.4,1.0,4.0,0.25,0.359,-0.109,Pau Gasol,1610612759.0,SAS,37.0,1.0,24.8,9.0,8.0,1.0,0.0,0.0,0.0,0.0,0.0,0.0,0.0,0.0,0.0,1.0,4.0,5.0,4.0,2.0,0.2,0.8,1.0,0.5,Pau Gasol,1610612759,SAS,1,1,0,24.8,72.0,3.0,1.0,1.0,1.0,2.0,2.0,1.0,4.0,1.333,0.0,0.0,1.0,0.333,0.0,0.0,1.0,0.333,Pau Gasol,1610612759,SAS,1,1,0,24.83,24.83,8974.0,1.7,0.95,0.75,4.12,4.71,3.51,2017_18
2225,Tony Parker,Tony,1610612759,SAS,36.0,1,1,0,1.0,20.738333333333333,4,12,0.333,0,1,0.0,1,2,0.5,0,4,4,6,1,0,0,1,2,2,9,6,21.8,0,0,19.0,1,1,1,1,91,52,33,96,77,88,77,62,53,65,72,41,53,11,49,62,41,113,67,48,73,45,62,20,1,69,,97.91,66,108.9,0.349,0.091,103.0,101.84,43,11.4,58,0.333,100.0,73,100.0,52,18,21,76,33,105,108.9,30.0,5.0,114.4,72,43,58,52,0.264,73,66,4.0,76,8.9,6.0,0.19,57,0.429,93,61,94,4,22,45,37,12.0,5.0,8.9,101.84,0.0,0.273,0.08,5,84.87,117,55,40.0,15.0,49.0,0.0,9.0,8.0,0.225,3.0,0.15,2.0,0.0,13.0,7.0,4.0,6.0,0.0,0.0,0.0,0.0,0.154,0.0,0.308,3.0,0.429,0.462,0.0,0.0,0.0,5.43,55.0,9.0,0.0,0.0,5.0,5.55,0.0,1.0,0.164,21.0,8.0,0.0,0.0,0.0,2.0,0.0,8.1,0.0,1.0,0.5,0.0,1.0,0.0,0.0,0.667,0.8,4.0,6.0,0.0,8.1,0.0,0.571,0.0,4.0,0.273,0.0,0.333,1.0,1.0,1610612759.0,0.333,1.0,0.0,SAS,,0.333,0.0,3.0,3.0,0.273,0.5,0.5,2.0,4.0,0.5,0.364,0.0,0.0,2.0,0.364,0.0,4.0,,3.0,0.25,1.0,0.0,4.0,0.25,0.273,0.364,1.0,0.0,0.333,0.091,1.0,,,,,,,,,,,,,,0,0.0,0.0,0,0.0,0.0,,2,0.0,0.0,0.333,0.0,0.0,0.0,0.0,0.0,0.0,0.0,2.0,0.0,0.0,0.0,0.5,1.0,1.0,0.0,1.0,0.0,0.0,2.0,0.0,0.0,7.0,3.0,0.0,0.0,0.0,0.0,0.0,0.0,0.429,G,0.323,0.593,0.619,42.0,26.0,0.026,0.0,1.0,1.0,0.5,0.0,,0.0,0.0,0.0,3.0,1.0,SAS,0.0,2.0,,0.0,0.0,0.0,1.0,,0.0,,0.0,7.0,,,0.0,0.429,0,0.0,1,0.0,0.0,1.0,2018,20180128,False,21700737,,,,Tony Parker,1610612759.0,SAS,G,36.0,1.0,1.0,1.0,1.0,4.0,0.25,0.453,-0.203,,,,,,,,,,,,,,Tony Parker,1610612759.0,SAS,G,36.0,1.0,1.0,1.0,1.0,4.0,0.25,0.509,-0.259,Tony Parker,1610612759.0,SAS,G,36.0,1.0,1.0,0.25,0.0,1.0,0.0,0.599,-0.599,Tony Parker,1610612759.0,SAS,G,36.0,1.0,1.0,0.25,0.0,1.0,0.0,0.589,-0.589,,,,,,,,,,,,,,Tony Parker,1610612759.0,SAS,36.0,1.0,20.7,3.0,3.0,0.0,0.0,0.0,0.0,0.0,1.0,2.0,3.0,0.333,0.667,0.0,0.0,0.0,0.0,0.0,0.0,0.0,0.0,0.0,Tony Parker,1610612759,SAS,1,1,0,20.7,55.0,0.0,0.0,0.0,0.0,0.0,0.0,0.0,0.0,0.0,0.0,0.0,0.0,0.0,0.0,0.0,0.0,0.0,Tony Parker,1610612759,SAS,1,1,0,20.73,20.73,8503.0,1.61,0.9,0.71,4.65,5.22,4.07,2017_18
1713,Vince Carter,Vince,1610612758,SAC,41.0,1,0,1,0.0,26.83833333333333,7,12,0.583,5,7,0.714,2,3,0.667,1,5,6,1,0,1,1,0,3,2,21,5,35.7,0,0,37.0,1,78,78,78,57,21,33,44,2,14,12,46,44,55,27,30,33,74,83,27,8,1,97,48,16,46,18,20,1,12,,92.82,128,122.6,0.788,0.113,113.6,95.68,81,14.0,49,0.792,111.1,33,111.1,21,93,40,1,33,23,122.6,7.1,0.0,127.6,51,81,49,87,0.224,33,128,7.0,1,11.5,0.0,0.179,46,0.067,24,45,118,65,36,53,45,12.0,0.0,11.5,95.68,0.04,0.242,0.173,85,79.74,26,24,22.0,2.0,25.0,0.0,1.0,4.0,0.045,0.0,0.045,1.0,0.0,3.0,2.0,0.0,2.0,0.0,0.0,0.0,0.0,0.333,0.0,0.0,1.0,0.5,0.667,0.0,0.4,0.0,2.03,36.0,21.0,0.0,5.0,1.2,0.75,2.0,0.0,0.583,26.0,12.0,0.4,1.0,0.25,4.0,0.25,2.6,1.0,0.0,0.5,0.0,0.0,3.0,0.0,0.556,0.556,3.0,9.0,3.5,2.5,2.0,0.5,0.5,3.0,,,,,,,,,,,,,,,,,0.75,0.0,3.0,3.0,0.5,0.5,3.0,0.25,0.0,0.25,3.0,6.0,1.0,2.0,1.0,2.0,1.0,3.0,1.167,0.167,0.25,1.0,1.0,1.0,0.083,3.0,0.25,1.0,0.0,,0.0,1.0,0.0,3.0,0.25,0.333,3.0,0.333,0.5,2,0.0,1.0,1,1.0,0.0,,1,15.0,0.625,0.792,0.0,0.0,0.5,2.0,0.0,0.0,0.0,3.0,0.0,0.0,0.667,0.0,0.0,0.0,0.0,0.0,0.0,2.0,1.0,0.0,0.0,1.0,0.0,5.0,0.0,0.0,0.0,7.0,0.714,0.0,G-F,0.314,0.637,0.56,50.0,28.0,-0.077,0.667,2.0,0.0,0.5,0.5,,0.0,4.0,6.0,0.0,1.0,SAC,0.0,2.0,,1.0,0.0,0.0,1.0,,0.0,,1.0,1.0,,,1.0,0.0,4,4.0,7,0.667,0.857,6.0,2018,20180128,False,21700737,,,,Vince Carter,1610612758.0,SAC,G-F,41.0,1.0,1.0,1.0,3.0,11.0,0.273,0.444,-0.171,Vince Carter,1610612758.0,SAC,G-F,41.0,1.0,1.0,0.273,0.0,3.0,0.0,0.36,-0.36,Vince Carter,1610612758.0,SAC,G-F,41.0,1.0,1.0,0.727,3.0,8.0,0.375,0.507,-0.132,Vince Carter,1610612758.0,SAC,G-F,41.0,1.0,1.0,0.364,2.0,4.0,0.5,0.611,-0.111,Vince Carter,1610612758.0,SAC,G-F,41.0,1.0,1.0,0.455,3.0,5.0,0.6,0.575,0.025,Vince Carter,1610612758.0,SAC,G-F,41.0,1.0,1.0,0.545,0.0,6.0,0.0,0.349,-0.349,Vince Carter,1610612758.0,SAC,41.0,1.0,26.8,5.0,3.0,2.0,5.0,0.0,1.0,2.0,0.0,1.0,1.0,0.0,1.0,1.0,2.0,3.0,3.0,2.0,0.333,0.667,1.0,0.667,Vince Carter,1610612758,SAC,1,0,1,26.8,36.0,5.0,1.0,2.0,0.5,0.0,0.0,0.0,2.0,0.4,3.0,0.6,0.0,0.0,0.0,0.0,0.0,0.0,Vince Carter,1610612758,SAC,1,0,1,26.83,26.83,9294.0,1.76,0.9,0.86,4.04,4.08,3.99,2017_18
2216,Zach Randolph,Zach,1610612758,SAC,36.0,1,0,1,0.0,31.965,4,15,0.267,1,4,0.25,0,0,0.0,1,6,7,6,3,3,0,1,2,1,9,-6,32.4,0,0,29.0,1,78,78,78,29,52,14,116,43,43,59,82,85,82,27,22,27,11,9,2,41,113,67,69,73,108,29,20,1,32,,88.96,142,116.7,0.3,0.121,127.9,90.1,132,-9.5,100,0.3,126.7,42,126.7,52,31,17,109,14,117,116.7,25.0,12.5,118.5,57,132,100,131,0.281,42,142,4.0,111,-10.0,2.0,0.194,97,0.273,102,39,134,21,18,60,36,15.0,12.5,-10.0,90.1,0.037,0.285,0.057,26,75.08,124,40,50.0,15.0,42.0,0.0,6.0,6.0,0.12,0.0,0.12,0.0,0.0,2.0,2.0,0.0,2.0,0.0,0.0,0.0,0.0,0.0,0.0,0.0,1.0,0.5,1.0,0.0,0.0,0.0,1.62,69.0,9.0,2.0,7.0,1.9,0.54,2.0,1.0,0.13,42.0,12.0,0.0,1.0,0.25,4.0,0.25,4.7,1.0,1.0,0.583,0.0,1.0,1.0,0.0,0.667,0.75,6.0,9.0,4.5,4.7,0.0,0.636,0.143,6.0,0.143,0.0,0.5,1.0,1.0,1610612758.0,0.5,1.0,0.0,SAC,,0.5,0.0,2.0,2.0,0.143,0.667,1.0,2.0,2.0,0.667,0.214,1.0,0.071,2.0,0.143,0.0,3.0,0.0,3.0,0.0,0.0,,3.0,0.0,0.214,0.214,0.0,0.0,0.0,0.0,0.0,0.214,1.0,0.0,0.0,3.0,1.0,0.214,3.0,0.429,0.333,6.0,0.167,0.25,0,0.0,0.0,0,0.0,0.0,,2,3.0,0.125,0.3,0.0,1.0,0.0,0.0,0.0,4.0,0.0,6.0,0.0,0.0,0.0,0.333,1.0,0.0,0.0,1.0,1.0,0.0,3.0,0.0,0.0,2.0,2.0,1.0,0.0,0.0,0.0,3.0,0.333,1.0,F,0.376,0.619,0.674,184.0,124.0,0.055,0.333,3.0,2.0,0.0,0.0,0.0,0.0,1.0,3.0,3.0,2.0,SAC,0.0,2.0,,0.0,0.0,0.0,0.0,0.0,0.0,,0.0,3.0,0.0,,0.0,1.0,1,1.0,8,0.25,0.188,4.0,2018,20180128,False,21700737,,,,Zach Randolph,1610612758.0,SAC,F,36.0,1.0,1.0,1.0,7.0,14.0,0.5,0.486,0.014,Zach Randolph,1610612758.0,SAC,F,36.0,1.0,1.0,0.071,0.0,1.0,0.0,0.309,-0.309,Zach Randolph,1610612758.0,SAC,F,36.0,1.0,1.0,0.929,7.0,13.0,0.538,0.505,0.033,Zach Randolph,1610612758.0,SAC,F,36.0,1.0,1.0,0.429,4.0,6.0,0.667,0.63,0.036,Zach Randolph,1610612758.0,SAC,F,36.0,1.0,1.0,0.5,5.0,7.0,0.714,0.589,0.125,Zach Randolph,1610612758.0,SAC,F,36.0,1.0,1.0,0.357,2.0,5.0,0.4,0.379,0.021,Zach Randolph,1610612758.0,SAC,36.0,1.0,32.0,8.0,6.0,2.0,1.0,0.0,6.0,14.0,0.0,0.0,0.0,0.0,0.0,1.0,2.0,3.0,3.0,2.0,0.333,0.667,1.0,0.667,Zach Randolph,1610612758,SAC,1,0,1,32.0,69.0,7.0,0.0,3.0,0.0,0.0,0.0,0.0,0.0,0.0,1.0,0.143,2.0,0.286,1.0,0.143,0.0,0.0,Zach Randolph,1610612758,SAC,1,0,1,31.97,31.97,10907.0,2.07,1.07,1.0,3.95,4.22,3.69,2017_18
