PLAYER_ID,PLAYER_NAME,NICKNAME,TEAM_ID,TEAM_ABBREVIATION,AGE,GP,W,L,W_PCT,MIN,FGM,FGA,FG_PCT,FG3M,FG3A,FG3_PCT,FTM,FTA,FT_PCT,OREB,DREB,REB,AST,TOV,STL,BLK,BLKA,PF,PFD,PTS,PLUS_MINUS,NBA_FANTASY_PTS,DD2,TD3,WNBA_FANTASY_PTS,GP_RANK,W_RANK,L_RANK,W_PCT_RANK,MIN_RANK,FGM_RANK,FGA_RANK,FG_PCT_RANK,FG3M_RANK,FG3A_RANK,FG3_PCT_RANK,FTM_RANK,FTA_RANK,FT_PCT_RANK,OREB_RANK,DREB_RANK,REB_RANK,AST_RANK,TOV_RANK,STL_RANK,BLK_RANK,BLKA_RANK,PF_RANK,PFD_RANK,PTS_RANK,PLUS_MINUS_RANK,NBA_FANTASY_PTS_RANK,DD2_RANK,TD3_RANK,WNBA_FANTASY_PTS_RANK,team_poss,E_PACE,PACE_RANK,sp_work_OFF_RATING,TS_PCT,REB_PCT,E_DEF_RATING,PACE,sp_work_DEF_RATING_RANK,E_NET_RATING,sp_work_NET_RATING_RANK,EFG_PCT,sp_work_DEF_RATING,sp_work_OFF_RATING_RANK,DEF_RATING,FGM_PG_RANK,AST_RATIO_RANK,USG_PCT_RANK,TM_TOV_PCT_RANK,FGA_PG_RANK,EFG_PCT_RANK,OFF_RATING,AST_RATIO,TM_TOV_PCT,E_OFF_RATING,OREB_PCT_RANK,DEF_RATING_RANK,NET_RATING_RANK,E_DEF_RATING_RANK,USG_PCT,OFF_RATING_RANK,sp_work_PACE_RANK,FGM_PG,E_TOV_PCT_RANK,NET_RATING,AST_TO,DREB_PCT,E_NET_RATING_RANK,AST_PCT,PIE_RANK,REB_PCT_RANK,E_PACE_RANK,AST_TO_RANK,E_USG_PCT_RANK,POSS,DREB_PCT_RANK,FGA_PG,E_TOV_PCT,sp_work_NET_RATING,sp_work_PACE,OREB_PCT,E_USG_PCT,PIE,AST_PCT_RANK,PACE_PER40,TS_PCT_RANK,E_OFF_RATING_RANK,PASSES_MADE,AST_PTS_CREATED,PASSES_RECEIVED,FT_AST,AST_ADJ,POTENTIAL_AST,AST_TO_PASS_PCT_ADJ,SECONDARY_AST,AST_TO_PASS_PCT,DRIVE_AST,DRIVE_PF_PCT,DRIVES,DRIVE_FGA,DRIVE_PASSES,DRIVE_PTS,DRIVE_TOV_PCT,DRIVE_FTM,DRIVE_FT_PCT,DRIVE_PF,DRIVE_AST_PCT,DRIVE_TOV,DRIVE_PASSES_PCT,DRIVE_FGM,DRIVE_FG_PCT,DRIVE_PTS_PCT,DRIVE_FTA,PTS_PER_POST_TOUCH,PTS_PER_ELBOW_TOUCH,AVG_SEC_PER_TOUCH,TOUCHES,POINTS,PTS_PER_PAINT_TOUCH,POST_TOUCHES,TIME_OF_POSS,AVG_DRIB_PER_TOUCH,PAINT_TOUCHES,ELBOW_TOUCHES,PTS_PER_TOUCH,FRONT_CT_TOUCHES,REB_CHANCES,DREB_CONTEST_PCT,OREB_CONTEST,OREB_CHANCE_PCT,OREB_CHANCES,OREB_CHANCE_PCT_ADJ,AVG_REB_DIST,OREB_CONTEST_PCT,DREB_CHANCE_DEFER,REB_CHANCE_PCT,OREB_UNCONTEST,REB_CHANCE_DEFER,REB_CONTEST,OREB_CHANCE_DEFER,DREB_CHANCE_PCT,DREB_CHANCE_PCT_ADJ,REB_UNCONTEST,DREB_CHANCES,AVG_OREB_DIST,AVG_DREB_DIST,DREB_CONTEST,REB_CHANCE_PCT_ADJ,REB_CONTEST_PCT,DREB_UNCONTEST,very_tight_FGA_FREQUENCY,very_tight_FG3M,very_tight_FG_PCT,very_tight_FGM,G,PLAYER_LAST_TEAM_ID,very_tight_FG2_PCT,very_tight_FG2M,very_tight_FG3A,PLAYER_LAST_TEAM_ABBREVIATION,very_tight_FG3_PCT,very_tight_EFG_PCT,very_tight_FG3A_FREQUENCY,very_tight_FG2A,very_tight_FGA,very_tight_FG2A_FREQUENCY,tight_EFG_PCT,tight_FG2_PCT,tight_FGM,tight_FG2A,tight_FG_PCT,tight_FGA_FREQUENCY,tight_FG3A,tight_FG3A_FREQUENCY,tight_FG2M,tight_FG2A_FREQUENCY,tight_FG3M,tight_FGA,tight_FG3_PCT,open_FG2A,open_FG_PCT,open_FG2M,open_FG3_PCT,open_FGA,open_EFG_PCT,open_FG2A_FREQUENCY,open_FGA_FREQUENCY,open_FG3A,open_FG3M,open_FG2_PCT,open_FG3A_FREQUENCY,open_FGM,wide_open_FG3A_FREQUENCY,wide_open_FGM,wide_open_FG2M,wide_open_FG2_PCT,wide_open_FG2A,wide_open_FG3M,wide_open_FG2A_FREQUENCY,wide_open_FG3A,wide_open_FGA_FREQUENCY,wide_open_FG3_PCT,wide_open_FGA,wide_open_FG_PCT,wide_open_EFG_PCT,PULL_UP_PTS,PULL_UP_FG3M,PULL_UP_EFG_PCT,PULL_UP_FGM,PULL_UP_FG_PCT,PULL_UP_FG3A,PULL_UP_FG3_PCT,PULL_UP_FGA,CATCH_SHOOT_PTS,CATCH_SHOOT_FG_PCT,EFF_FG_PCT,ELBOW_TOUCH_FG_PCT,PAINT_TOUCH_FG_PCT,POST_TOUCH_FG_PCT,POST_TOUCH_PTS,ELBOW_TOUCH_PTS,PAINT_TOUCH_PTS,CORNER_3_FG_PCT,MID_FGA,BACKCOURT_FGM,LEFT_CORNER_3_FG_PCT,MID_FG_PCT,ITP_FG_PCT,ITP_FGM,RIGHT_CORNER_3_FGA,BACKCOURT_FGA,CORNER_3_FGA,LEFT_CORNER_3_FGA,MID_FGM,ITP_FGA,RIGHT_CORNER_3_FG_PCT,LEFT_CORNER_3_FGM,RA_FGA,RA_FGM,ABOVE_BREAK_3_FGM,CORNER_3_FGM,BACKCOURT_FG_PCT,RIGHT_CORNER_3_FGM,ABOVE_BREAK_3_FGA,ABOVE_BREAK_3_FG_PCT,RA_FG_PCT,PLAYER_POSITION,FREQ,NS_LT_06_PCT,LT_06_PCT,FGA_LT_06,FGM_LT_06,PLUSMINUS,FGP_25_29,FGA_20_24,FGA_10_14,FGP_5_9,FGP_20_24,FGP_30_34,FGA_40_PLUS,FGM_25_29,FGA_25_29,FGM_LT_5,FGA_15_19,TEAM_ABBR,FGM_10_14,FGA_5_9,FGA_35_39,FGM_20_24,FGP_40_PLUS,FGM_40_PLUS,FGM_5_9,FGM_30_34,FGP_10_14,FGP_35_39,FGP_15_19,FGA_LT_5,FGA_30_34,FGM_35_39,FGM_15_19,FGP_LT_5,CATCH_SHOOT_FGM,CATCH_SHOOT_FG3M,CATCH_SHOOT_FGA,CATCH_SHOOT_FG3_PCT,CATCH_SHOOT_EFG_PCT,CATCH_SHOOT_FG3A,year,date,playoffs,GAME_ID,index,HTM,VTM,overall_def_PLAYER_NAME,overall_def_PLAYER_LAST_TEAM_ID,overall_def_PLAYER_LAST_TEAM_ABBREVIATION,overall_def_PLAYER_POSITION,overall_def_AGE,overall_def_GP,overall_def_G,overall_def_FREQ,overall_def_D_FGM,overall_def_D_FGA,overall_def_D_FG_PCT,overall_def_NORMAL_FG_PCT,overall_def_PCT_PLUSMINUS,three_pt_def_PLAYER_NAME,three_pt_def_PLAYER_LAST_TEAM_ID,three_pt_def_PLAYER_LAST_TEAM_ABBREVIATION,three_pt_def_PLAYER_POSITION,three_pt_def_AGE,three_pt_def_GP,three_pt_def_G,three_pt_def_FREQ,three_pt_def_FG3M,three_pt_def_FG3A,three_pt_def_FG3_PCT,three_pt_def_NS_FG3_PCT,three_pt_def_PLUSMINUS,two_pt_def_PLAYER_NAME,two_pt_def_PLAYER_LAST_TEAM_ID,two_pt_def_PLAYER_LAST_TEAM_ABBREVIATION,two_pt_def_PLAYER_POSITION,two_pt_def_AGE,two_pt_def_GP,two_pt_def_G,two_pt_def_FREQ,two_pt_def_FG2M,two_pt_def_FG2A,two_pt_def_FG2_PCT,two_pt_def_NS_FG2_PCT,two_pt_def_PLUSMINUS,less_6ft_def_PLAYER_NAME,less_6ft_def_PLAYER_LAST_TEAM_ID,less_6ft_def_PLAYER_LAST_TEAM_ABBREVIATION,less_6ft_def_PLAYER_POSITION,less_6ft_def_AGE,less_6ft_def_GP,less_6ft_def_G,less_6ft_def_FREQ,less_6ft_def_FGM_LT_06,less_6ft_def_FGA_LT_06,less_6ft_def_LT_06_PCT,less_6ft_def_NS_LT_06_PCT,less_6ft_def_PLUSMINUS,less_10ft_def_PLAYER_NAME,less_10ft_def_PLAYER_LAST_TEAM_ID,less_10ft_def_PLAYER_LAST_TEAM_ABBREVIATION,less_10ft_def_PLAYER_POSITION,less_10ft_def_AGE,less_10ft_def_GP,less_10ft_def_G,less_10ft_def_FREQ,less_10ft_def_FGM_LT_10,less_10ft_def_FGA_LT_10,less_10ft_def_LT_10_PCT,less_10ft_def_NS_LT_10_PCT,less_10ft_def_PLUSMINUS,more_15ft_def_PLAYER_NAME,more_15ft_def_PLAYER_LAST_TEAM_ID,more_15ft_def_PLAYER_LAST_TEAM_ABBREVIATION,more_15ft_def_PLAYER_POSITION,more_15ft_def_AGE,more_15ft_def_GP,more_15ft_def_G,more_15ft_def_FREQ,more_15ft_def_FGM_GT_15,more_15ft_def_FGA_GT_15,more_15ft_def_GT_15_PCT,more_15ft_def_NS_GT_15_PCT,more_15ft_def_PLUSMINUS,hustle_PLAYER_NAME,hustle_TEAM_ID,hustle_TEAM_ABBREVIATION,hustle_AGE,hustle_G,hustle_MIN,hustle_CONTESTED_SHOTS,hustle_CONTESTED_SHOTS_2PT,hustle_CONTESTED_SHOTS_3PT,hustle_DEFLECTIONS,hustle_CHARGES_DRAWN,hustle_SCREEN_ASSISTS,hustle_SCREEN_AST_PTS,hustle_OFF_LOOSE_BALLS_RECOVERED,hustle_DEF_LOOSE_BALLS_RECOVERED,hustle_LOOSE_BALLS_RECOVERED,hustle_PCT_LOOSE_BALLS_RECOVERED_OFF,hustle_PCT_LOOSE_BALLS_RECOVERED_DEF,hustle_OFF_BOXOUTS,hustle_DEF_BOXOUTS,hustle_BOX_OUTS,hustle_BOX_OUT_PLAYER_TEAM_REBS,hustle_BOX_OUT_PLAYER_REBS,hustle_PCT_BOX_OUTS_OFF,hustle_PCT_BOX_OUTS_DEF,hustle_PCT_BOX_OUTS_TEAM_REB,hustle_PCT_BOX_OUTS_REB,post_touch_PLAYER_NAME,post_touch_TEAM_ID,post_touch_TEAM_ABBREVIATION,post_touch_GP,post_touch_W,post_touch_L,post_touch_MIN,post_touch_TOUCHES,post_touch_POST_TOUCHES,post_touch_POST_TOUCH_FGM,post_touch_POST_TOUCH_FGA,post_touch_POST_TOUCH_FG_PCT,post_touch_POST_TOUCH_FTM,post_touch_POST_TOUCH_FTA,post_touch_POST_TOUCH_FT_PCT,post_touch_POST_TOUCH_PTS,post_touch_POST_TOUCH_PTS_PCT,post_touch_POST_TOUCH_PASSES,post_touch_POST_TOUCH_PASSES_PCT,post_touch_POST_TOUCH_AST,post_touch_POST_TOUCH_AST_PCT,post_touch_POST_TOUCH_TOV,post_touch_POST_TOUCH_TOV_PCT,post_touch_POST_TOUCH_FOULS,post_touch_POST_TOUCH_FOULS_PCT,speed_distance_PLAYER_NAME,speed_distance_TEAM_ID,speed_distance_TEAM_ABBREVIATION,speed_distance_GP,speed_distance_W,speed_distance_L,speed_distance_MIN,speed_distance_MIN1,speed_distance_DIST_FEET,speed_distance_DIST_MILES,speed_distance_DIST_MILES_OFF,speed_distance_DIST_MILES_DEF,speed_distance_AVG_SPEED,speed_distance_AVG_SPEED_OFF,speed_distance_AVG_SPEED_DEF,season
202340,Avery Bradley,Avery,1610612746,LAC,27.0,1,0,1,0.0,37.98333333333333,10,19,0.526,6,10,0.6,0,0,0.0,0,3,3,1,4,2,1,1,3,1,26,-4,36.1,0,0,42.0,1,76,76,76,13,3,6,58,1,1,21,86,89,86,68,56,71,72,6,8,9,107,106,67,2,99,20,14,1,10,,100.69,90,103.9,0.684,0.038,103.6,97.31,83,-1.4,87,0.684,109.1,86,109.1,3,112,26,118,6,37,103.9,4.2,16.7,102.2,68,83,87,73,0.258,86,90,10.0,118,-5.2,0.25,0.083,77,0.048,73,120,57,73,29,77,107,19.0,16.7,-5.2,97.31,0.0,0.261,0.099,107,81.09,43,94,30.0,2.0,49.0,0.0,3.0,6.0,0.1,2.0,0.033,0.0,0.0,6.0,3.0,2.0,2.0,0.167,0.0,0.0,0.0,0.0,1.0,0.333,1.0,0.333,0.333,0.0,0.0,0.0,2.0,55.0,26.0,0.0,0.0,1.8,1.04,1.0,2.0,0.473,47.0,7.0,0.0,0.0,0.0,3.0,0.0,9.5,0.0,0.0,0.429,0.0,0.0,0.0,0.0,0.75,0.75,3.0,4.0,0.0,9.5,0.0,0.429,0.0,3.0,0.111,0.0,0.5,1.0,1.0,1610612746.0,0.5,1.0,0.0,LAC,,0.5,0.0,2.0,2.0,0.111,0.333,0.4,2.0,5.0,0.333,0.333,1.0,0.056,2.0,0.278,0.0,6.0,0.0,1.0,0.333,1.0,0.0,3.0,0.333,0.056,0.167,2.0,0.0,1.0,0.111,1.0,0.389,6.0,0.0,,0.0,6.0,0.0,7.0,0.389,0.857,7.0,0.857,1.286,6,0.0,0.6,3,0.6,0.0,,5,18.0,0.545,0.684,0.0,0.0,0.0,0.0,0.0,0.0,0.8,4.0,0.0,0.75,0.5,0.667,2.0,1.0,0.0,5.0,4.0,2.0,3.0,1.0,3.0,2.0,0.0,2.0,4.0,0.0,1.0,5.0,0.4,0.0,G,0.313,0.609,0.63,100.0,63.0,0.021,0.5,10.0,3.0,1.0,0.7,0.0,0.0,1.0,2.0,0.0,1.0,LAC,1.0,1.0,,7.0,0.0,0.0,1.0,0.0,0.333,,0.0,2.0,0.0,,0.0,0.0,6,6.0,10,0.6,0.9,10.0,2018,20180113,False,21700628,,,,Avery Bradley,1610612746.0,LAC,G,27.0,1.0,1.0,1.0,4.0,9.0,0.444,0.417,0.027,Avery Bradley,1610612746.0,LAC,G,27.0,1.0,1.0,0.444,3.0,4.0,0.75,0.351,0.399,Avery Bradley,1610612746.0,LAC,G,27.0,1.0,1.0,0.556,1.0,5.0,0.2,0.446,-0.246,Avery Bradley,1610612746.0,LAC,G,27.0,1.0,1.0,0.333,1.0,3.0,0.333,0.588,-0.255,Avery Bradley,1610612746.0,LAC,G,27.0,1.0,1.0,0.333,1.0,3.0,0.333,0.53,-0.197,Avery Bradley,1610612746.0,LAC,G,27.0,1.0,1.0,0.556,3.0,5.0,0.6,0.36,0.24,Avery Bradley,1610612746.0,LAC,27.0,1.0,38.0,4.0,2.0,2.0,1.0,0.0,1.0,2.0,0.0,2.0,2.0,0.0,1.0,0.0,0.0,0.0,0.0,0.0,0.0,0.0,0.0,0.0,Avery Bradley,1610612746,LAC,1,0,1,38.0,55.0,0.0,0.0,0.0,0.0,0.0,0.0,0.0,0.0,0.0,0.0,0.0,0.0,0.0,0.0,0.0,0.0,0.0,Avery Bradley,1610612746,LAC,1,0,1,37.98,37.98,14858.0,2.81,1.48,1.33,4.43,4.48,4.37,2017_18
203992,Bogdan Bogdanović,Bogdan,1610612758,SAC,25.0,1,0,1,0.0,25.466666666666665,5,9,0.556,1,2,0.5,2,3,0.667,0,2,2,5,1,1,0,0,3,3,13,-8,24.9,0,0,23.0,1,76,76,76,61,39,51,51,40,65,27,33,35,61,68,86,101,17,48,23,46,1,106,29,44,118,46,14,1,51,,100.65,64,105.6,0.63,0.042,122.7,99.9,123,-16.9,116,0.611,125.0,82,125.0,39,26,71,64,51,54,105.6,31.3,6.3,105.9,68,123,116,120,0.18,82,64,5.0,65,-19.4,5.0,0.087,112,0.278,72,114,58,3,64,54,103,9.0,6.1,-19.4,99.9,0.0,0.192,0.1,24,83.25,58,79,33.0,12.0,38.0,0.0,5.0,9.0,0.152,0.0,0.152,0.0,0.2,5.0,2.0,1.0,4.0,0.2,1.0,0.5,1.0,0.0,1.0,0.2,1.0,0.5,0.8,2.0,0.0,0.0,3.55,45.0,13.0,2.0,1.0,2.7,2.62,1.0,0.0,0.289,33.0,4.0,0.0,0.0,0.0,0.0,0.0,17.2,0.0,0.0,0.5,0.0,0.0,0.0,0.0,0.5,0.5,2.0,4.0,0.0,17.2,0.0,0.5,0.0,2.0,0.222,0.0,1.0,2.0,1.0,1610612758.0,1.0,2.0,0.0,SAC,,1.0,0.0,2.0,2.0,0.222,0.667,0.667,2.0,3.0,0.667,0.333,0.0,0.0,2.0,0.333,0.0,3.0,,2.0,0.333,0.0,1.0,3.0,0.5,0.222,0.333,1.0,1.0,0.0,0.111,1.0,0.111,0.0,0.0,,0.0,0.0,0.0,1.0,0.111,0.0,1.0,0.0,0.0,6,0.0,0.6,3,0.6,0.0,,5,3.0,0.5,0.611,0.0,1.0,0.0,0.0,0.0,2.0,0.0,5.0,0.0,0.0,0.6,0.0,0.0,0.0,0.0,0.0,0.0,3.0,0.0,0.0,0.0,2.0,1.0,1.0,0.0,0.0,0.0,2.0,0.5,0.5,G,0.33,0.618,0.567,90.0,51.0,-0.051,0.0,4.0,1.0,0.0,0.75,0.0,0.0,0.0,1.0,1.0,1.0,SAC,1.0,0.0,,3.0,0.0,0.0,0.0,0.0,1.0,,0.0,2.0,0.0,,0.0,0.5,1,1.0,2,0.5,0.75,2.0,2018,20180113,False,21700628,,,,Bogdan Bogdanović,1610612758.0,SAC,G,25.0,1.0,1.0,1.0,5.0,9.0,0.556,0.45,0.105,Bogdan Bogdanović,1610612758.0,SAC,G,25.0,1.0,1.0,0.333,1.0,3.0,0.333,0.352,-0.019,Bogdan Bogdanović,1610612758.0,SAC,G,25.0,1.0,1.0,0.667,4.0,6.0,0.667,0.507,0.159,Bogdan Bogdanović,1610612758.0,SAC,G,25.0,1.0,1.0,0.333,3.0,3.0,1.0,0.662,0.338,Bogdan Bogdanović,1610612758.0,SAC,G,25.0,1.0,1.0,0.556,4.0,5.0,0.8,0.55,0.25,Bogdan Bogdanović,1610612758.0,SAC,G,25.0,1.0,1.0,0.444,1.0,4.0,0.25,0.371,-0.121,Bogdan Bogdanović,1610612758.0,SAC,25.0,1.0,25.5,9.0,6.0,3.0,2.0,0.0,0.0,0.0,0.0,0.0,0.0,0.0,0.0,0.0,3.0,3.0,2.0,0.0,0.0,1.0,1.0,0.0,Bogdan Bogdanović,1610612758,SAC,1,0,1,25.5,45.0,1.0,0.0,0.0,0.0,0.0,0.0,0.0,0.0,0.0,1.0,1.0,0.0,0.0,0.0,0.0,0.0,0.0,Bogdan Bogdanović,1610612758,SAC,1,0,1,25.47,25.47,10187.0,1.93,1.08,0.85,4.49,5.12,3.84,2017_18
1627741,Buddy Hield,Buddy,1610612758,SAC,25.0,1,0,1,0.0,21.466666666666665,5,8,0.625,0,2,0.0,0,0,0.0,0,4,4,0,1,1,0,1,1,0,10,-13,16.8,0,0,16.0,1,76,76,76,78,39,64,31,75,65,75,86,89,86,68,35,54,113,48,23,46,107,31,110,67,137,85,14,1,82,,102.23,17,100.0,0.625,0.114,128.4,105.09,128,-23.3,126,0.625,127.7,97,127.7,39,113,72,93,64,48,100.0,0.0,11.1,105.1,68,128,126,129,0.18,97,17,5.0,95,-27.7,0.0,0.267,126,0.0,76,44,38,74,69,47,14,8.0,11.1,-27.7,105.09,0.0,0.189,0.097,113,87.58,59,84,18.0,0.0,19.0,0.0,0.0,2.0,0.0,0.0,0.0,0.0,0.0,1.0,0.0,1.0,0.0,0.0,0.0,0.0,0.0,0.0,0.0,1.0,0.0,0.0,0.0,0.0,0.0,0.0,2.49,29.0,10.0,0.0,0.0,1.2,1.55,0.0,0.0,0.345,20.0,6.0,0.0,0.0,0.0,1.0,0.0,8.4,0.0,0.0,0.667,0.0,0.0,0.0,0.0,0.8,0.8,4.0,5.0,0.0,8.4,0.0,0.667,0.0,4.0,,,,,,,,,,,,,,,,,1.0,1.0,4.0,4.0,1.0,0.571,0.0,0.0,4.0,0.571,0.0,4.0,,1.0,0.5,1.0,0.0,2.0,0.5,0.143,0.286,1.0,0.0,1.0,0.143,1.0,0.143,0.0,0.0,,0.0,0.0,0.0,1.0,0.143,0.0,1.0,0.0,0.0,6,0.0,0.75,3,0.75,1.0,0.0,4,2.0,0.5,0.625,0.0,0.0,0.0,0.0,0.0,0.0,0.0,5.0,0.0,,0.8,0.0,0.0,0.0,0.0,0.0,,4.0,0.0,0.0,,1.0,1.0,0.0,0.0,0.0,0.0,2.0,0.0,1.0,G,0.346,0.604,0.712,132.0,94.0,0.108,0.0,3.0,2.0,0.0,0.333,0.0,0.0,0.0,0.0,1.0,2.0,SAC,1.0,0.0,0.0,1.0,0.0,0.0,0.0,0.0,0.5,0.0,1.0,1.0,0.0,0.0,2.0,1.0,1,0.0,2,0.0,0.5,1.0,2018,20180113,False,21700628,,,,Buddy Hield,1610612758.0,SAC,G,25.0,1.0,1.0,1.0,12.0,14.0,0.857,0.46,0.397,Buddy Hield,1610612758.0,SAC,G,25.0,1.0,1.0,0.357,4.0,5.0,0.8,0.359,0.441,Buddy Hield,1610612758.0,SAC,G,25.0,1.0,1.0,0.643,8.0,9.0,0.889,0.525,0.364,Buddy Hield,1610612758.0,SAC,G,25.0,1.0,1.0,0.643,8.0,9.0,0.889,0.602,0.286,Buddy Hield,1610612758.0,SAC,G,25.0,1.0,1.0,0.643,8.0,9.0,0.889,0.56,0.329,Buddy Hield,1610612758.0,SAC,G,25.0,1.0,1.0,0.357,4.0,5.0,0.8,0.38,0.42,Buddy Hield,1610612758.0,SAC,25.0,1.0,21.5,10.0,4.0,6.0,2.0,0.0,0.0,0.0,0.0,0.0,0.0,0.0,0.0,0.0,0.0,0.0,0.0,0.0,0.0,0.0,0.0,0.0,Buddy Hield,1610612758,SAC,1,0,1,21.5,29.0,0.0,0.0,0.0,0.0,0.0,0.0,0.0,0.0,0.0,0.0,0.0,0.0,0.0,0.0,0.0,0.0,0.0,Buddy Hield,1610612758,SAC,1,0,1,21.47,21.47,8825.0,1.67,0.87,0.8,4.76,5.03,4.49,2017_18
1628368,De'Aaron Fox,De'Aaron,1610612758,SAC,20.0,1,0,1,0.0,35.35,6,17,0.353,1,4,0.25,4,5,0.8,0,1,1,10,4,2,0,2,3,4,17,-15,35.2,1,0,33.0,1,76,76,76,23,23,10,104,40,40,60,14,16,48,68,111,117,2,6,8,46,136,106,17,24,143,23,1,1,22,,107.98,14,102.5,0.443,0.015,117.9,107.95,117,-11.2,117,0.382,122.8,89,122.8,23,28,24,98,10,107,102.5,30.3,12.1,106.8,68,117,117,112,0.261,89,14,6.0,99,-20.3,2.5,0.032,103,0.37,95,138,11,15,22,80,132,17.0,12.0,-20.3,107.95,0.0,0.274,0.069,11,89.96,105,73,60.0,23.0,81.0,1.0,11.0,12.0,0.183,1.0,0.167,2.0,0.1,10.0,4.0,2.0,2.0,0.1,2.0,1.0,1.0,0.2,1.0,0.2,0.0,0.0,0.2,2.0,0.0,0.0,4.35,88.0,17.0,0.0,0.0,6.4,4.07,1.0,1.0,0.193,28.0,8.0,0.0,0.0,0.0,5.0,0.0,20.7,0.0,0.0,0.125,0.0,1.0,0.0,1.0,0.25,0.25,1.0,4.0,0.0,20.7,0.0,0.143,0.0,1.0,,,,,,,,,,,,,,,,,0.75,0.75,3.0,4.0,0.75,0.267,0.0,0.0,3.0,0.267,0.0,4.0,,2.0,0.5,1.0,,2.0,0.5,0.133,0.133,0.0,0.0,0.5,0.0,1.0,0.267,2.0,1.0,0.2,5.0,1.0,0.333,4.0,0.6,0.25,9.0,0.222,0.278,7,1.0,0.389,3,0.333,2.0,0.5,9,0.0,0.0,0.382,0.0,0.0,0.0,0.0,0.0,0.0,0.0,7.0,0.0,0.0,0.286,0.0,0.0,0.0,0.0,0.0,0.0,2.0,1.0,0.0,0.0,5.0,3.0,1.0,0.0,0.0,0.0,4.0,0.25,0.6,G,0.367,0.583,0.615,122.0,75.0,0.032,0.25,1.0,1.0,0.0,0.0,0.0,0.0,1.0,4.0,3.0,6.0,SAC,0.0,0.0,0.0,0.0,0.0,0.0,0.0,0.0,0.0,0.0,0.333,5.0,0.0,0.0,2.0,0.6,0,0.0,2,0.0,0.0,2.0,2018,20180113,False,21700628,,,,De'Aaron Fox,1610612758.0,SAC,G,20.0,1.0,1.0,1.0,8.0,11.0,0.727,0.439,0.288,De'Aaron Fox,1610612758.0,SAC,G,20.0,1.0,1.0,0.636,4.0,7.0,0.571,0.355,0.217,De'Aaron Fox,1610612758.0,SAC,G,20.0,1.0,1.0,0.364,4.0,4.0,1.0,0.528,0.473,De'Aaron Fox,1610612758.0,SAC,G,20.0,1.0,1.0,0.364,4.0,4.0,1.0,0.601,0.399,De'Aaron Fox,1610612758.0,SAC,G,20.0,1.0,1.0,0.364,4.0,4.0,1.0,0.576,0.424,De'Aaron Fox,1610612758.0,SAC,G,20.0,1.0,1.0,0.636,4.0,7.0,0.571,0.366,0.205,De'Aaron Fox,1610612758.0,SAC,20.0,1.0,35.4,5.0,1.0,4.0,6.0,0.0,0.0,0.0,0.0,1.0,1.0,0.0,1.0,0.0,0.0,0.0,0.0,0.0,0.0,0.0,0.0,0.0,De'Aaron Fox,1610612758,SAC,1,0,1,35.4,88.0,0.0,0.0,0.0,0.0,0.0,0.0,0.0,0.0,0.0,0.0,0.0,0.0,0.0,0.0,0.0,0.0,0.0,De'Aaron Fox,1610612758,SAC,1,0,1,35.35,35.35,14660.0,2.78,1.44,1.34,4.76,5.04,4.2,2017_18
202066,Garrett Temple,Garrett,1610612758,SAC,32.0,1,0,1,0.0,26.183333333333334,2,5,0.4,0,2,0.0,0,0,0.0,0,3,3,1,3,3,1,0,3,1,4,-12,18.1,0,0,16.0,1,76,76,76,58,96,99,92,75,65,75,86,89,86,68,56,71,72,10,3,9,1,106,67,112,132,78,14,1,82,,98.48,79,100.0,0.4,0.063,117.2,98.08,111,-15.2,118,0.4,120.4,97,120.4,96,84,102,142,99,101,100.0,11.1,33.3,102.0,68,111,118,110,0.138,97,79,2.0,142,-20.4,0.33,0.13,108,0.05,127,95,86,69,107,53,70,5.0,33.3,-20.4,98.08,0.0,0.14,0.024,105,81.73,113,95,27.0,2.0,27.0,0.0,1.0,3.0,0.037,0.0,0.037,0.0,0.0,3.0,2.0,0.0,2.0,0.333,0.0,0.0,0.0,0.0,1.0,0.0,1.0,0.5,0.667,0.0,0.0,0.0,3.01,37.0,4.0,0.0,0.0,1.9,2.41,0.0,0.0,0.108,20.0,6.0,0.0,0.0,0.0,1.0,0.0,8.2,0.0,0.0,0.5,0.0,0.0,0.0,0.0,0.5,0.5,3.0,6.0,0.0,8.2,0.0,0.5,0.0,3.0,,,,,,,,,,,,,,,,,0.667,0.667,2.0,3.0,0.667,0.6,0.0,0.0,2.0,0.6,0.0,3.0,,0.0,0.0,0.0,0.0,1.0,0.0,0.0,0.2,1.0,0.0,,0.2,0.0,0.2,0.0,0.0,,0.0,0.0,0.0,1.0,0.2,0.0,1.0,0.0,0.0,0,0.0,0.0,0,0.0,1.0,0.0,1,0.0,0.0,0.4,0.0,0.0,0.0,0.0,0.0,0.0,0.0,0.0,0.0,0.0,0.0,1.0,1.0,1.0,0.0,1.0,0.0,0.0,1.0,0.0,0.0,2.0,1.0,0.0,0.0,0.0,0.0,1.0,0.0,0.5,F-G,0.326,0.598,0.577,111.0,64.0,-0.022,0.0,1.0,0.0,1.0,0.0,0.0,0.0,0.0,1.0,1.0,0.0,SAC,0.0,1.0,0.0,0.0,0.0,0.0,1.0,0.0,0.0,0.0,0.0,2.0,0.0,0.0,0.0,0.5,0,0.0,0,,,0.0,2018,20180113,False,21700628,,,,Garrett Temple,1610612758.0,SAC,F-G,32.0,1.0,1.0,1.0,2.0,8.0,0.25,0.415,-0.165,Garrett Temple,1610612758.0,SAC,F-G,32.0,1.0,1.0,0.375,1.0,3.0,0.333,0.359,-0.026,Garrett Temple,1610612758.0,SAC,F-G,32.0,1.0,1.0,0.625,1.0,5.0,0.2,0.439,-0.239,Garrett Temple,1610612758.0,SAC,F-G,32.0,1.0,1.0,0.125,0.0,1.0,0.0,0.573,-0.573,Garrett Temple,1610612758.0,SAC,F-G,32.0,1.0,1.0,0.25,0.0,2.0,0.0,0.52,-0.52,Garrett Temple,1610612758.0,SAC,F-G,32.0,1.0,1.0,0.625,2.0,5.0,0.4,0.365,0.035,Garrett Temple,1610612758.0,SAC,32.0,1.0,26.2,8.0,5.0,3.0,5.0,0.0,0.0,0.0,0.0,1.0,1.0,0.0,1.0,0.0,0.0,0.0,0.0,0.0,0.0,0.0,0.0,0.0,Garrett Temple,1610612758,SAC,1,0,1,26.2,37.0,0.0,0.0,0.0,0.0,0.0,0.0,0.0,0.0,0.0,0.0,0.0,0.0,0.0,0.0,0.0,0.0,0.0,Garrett Temple,1610612758,SAC,1,0,1,26.18,26.18,10515.0,1.99,1.03,0.96,4.6,4.75,4.44,2017_18
1628393,Jawun Evans,Jawun,1610612746,LAC,21.0,1,1,0,1.0,24.755,3,6,0.5,1,2,0.5,0,0,0.0,0,3,3,7,3,1,0,1,2,0,7,15,21.1,0,0,20.0,1,1,1,1,64,70,87,59,40,65,27,86,89,86,68,56,71,8,10,23,46,107,68,110,86,12,61,14,1,65,,102.81,34,122.6,0.583,0.073,94.2,102.77,33,28.5,19,0.583,94.3,28,94.3,70,11,91,125,87,65,122.6,43.8,18.8,122.7,68,33,19,37,0.155,28,34,3.0,125,28.3,2.33,0.125,15,0.304,86,78,34,17,88,53,72,6.0,18.8,28.3,102.77,0.0,0.164,0.09,22,85.64,74,27,52.0,18.0,55.0,0.0,7.0,6.0,0.135,0.0,0.135,2.0,0.0,7.0,2.0,3.0,2.0,0.0,0.0,0.0,0.0,0.286,0.0,0.429,1.0,0.5,0.286,0.0,0.0,0.0,4.63,62.0,7.0,0.0,0.0,4.8,4.52,1.0,1.0,0.113,29.0,7.0,0.0,0.0,0.0,2.0,0.0,5.5,0.0,0.0,0.429,1.0,0.0,0.0,0.0,0.5,0.5,4.0,6.0,0.0,5.5,0.0,0.429,0.0,3.0,0.2,0.0,1.0,1.0,1.0,1610612746.0,1.0,1.0,0.0,LAC,,1.0,0.0,1.0,1.0,0.2,1.0,1.0,1.0,1.0,1.0,0.2,0.0,0.0,1.0,0.2,0.0,1.0,,1.0,0.0,0.0,,1.0,0.0,0.2,0.2,0.0,0.0,0.0,0.0,0.0,0.4,1.0,0.0,,0.0,1.0,0.0,2.0,0.4,0.5,2.0,0.5,0.75,3,1.0,0.75,1,0.5,1.0,1.0,2,0.0,0.0,0.583,0.0,0.0,0.0,0.0,0.0,0.0,0.0,1.0,0.0,0.0,0.0,0.5,1.0,0.0,0.0,0.0,0.0,0.0,2.0,0.0,0.0,1.0,1.0,1.0,0.0,0.0,0.0,2.0,0.5,1.0,G,0.305,0.57,0.677,62.0,42.0,0.107,1.0,2.0,1.0,0.0,0.0,0.0,0.0,1.0,1.0,2.0,0.0,LAC,0.0,0.0,0.0,0.0,0.0,0.0,0.0,0.0,0.0,0.0,0.0,2.0,0.0,0.0,0.0,1.0,0,0.0,1,0.0,0.0,1.0,2018,20180113,False,21700628,,,,Jawun Evans,1610612746.0,LAC,G,21.0,1.0,1.0,1.0,3.0,7.0,0.429,0.447,-0.018,Jawun Evans,1610612746.0,LAC,G,21.0,1.0,1.0,0.143,0.0,1.0,0.0,0.396,-0.396,Jawun Evans,1610612746.0,LAC,G,21.0,1.0,1.0,0.857,3.0,6.0,0.5,0.477,0.024,Jawun Evans,1610612746.0,LAC,G,21.0,1.0,1.0,0.286,1.0,2.0,0.5,0.553,-0.053,Jawun Evans,1610612746.0,LAC,G,21.0,1.0,1.0,0.429,2.0,3.0,0.667,0.526,0.141,Jawun Evans,1610612746.0,LAC,G,21.0,1.0,1.0,0.571,1.0,4.0,0.25,0.375,-0.125,Jawun Evans,1610612746.0,LAC,21.0,1.0,24.8,4.0,3.0,1.0,2.0,0.0,0.0,0.0,0.0,1.0,1.0,0.0,1.0,0.0,5.0,5.0,2.0,1.0,0.0,1.0,1.0,0.5,Jawun Evans,1610612746,LAC,1,1,0,24.8,62.0,0.0,0.0,0.0,0.0,0.0,0.0,0.0,0.0,0.0,0.0,0.0,0.0,0.0,0.0,0.0,0.0,0.0,Jawun Evans,1610612746,LAC,1,1,0,24.75,24.75,9809.0,1.86,0.98,0.88,4.63,4.9,4.37,2017_18
1628382,Justin Jackson,Justin,1610612758,SAC,23.0,1,0,1,0.0,6.433333333333334,1,1,1.0,0,0,0.0,0,0,0.0,0,1,1,0,1,0,0,0,0,0,2,2,2.2,0,0,3.0,1,76,76,76,140,112,137,1,75,109,75,86,89,86,68,111,117,113,48,72,46,1,1,110,128,56,144,14,1,141,,119.98,1,135.3,1.0,0.125,129.6,123.11,133,14.5,66,1.0,131.3,10,131.3,112,113,120,147,137,6,135.3,0.0,50.0,144.1,68,133,66,131,0.118,10,1,1.0,147,4.0,0.0,0.25,29,0.0,110,34,1,74,117,17,16,1.0,50.0,4.0,123.11,0.0,0.125,0.047,113,102.59,9,4,5.0,0.0,3.0,0.0,0.0,0.0,0.0,0.0,0.0,0.0,0.0,0.0,0.0,0.0,0.0,0.0,0.0,0.0,0.0,0.0,0.0,0.0,0.0,0.0,0.0,0.0,0.0,0.0,2.57,7.0,2.0,0.0,0.0,0.3,1.57,0.0,0.0,0.286,2.0,1.0,0.0,0.0,0.0,0.0,0.0,1.2,0.0,0.0,1.0,0.0,0.0,0.0,0.0,1.0,1.0,1.0,1.0,0.0,1.2,0.0,1.0,0.0,1.0,,,,,,,,,,,,,,,,,1.0,1.0,1.0,1.0,1.0,1.0,0.0,0.0,1.0,1.0,0.0,1.0,,,,,,,,,,,,,,,,,,,,,,,,,,,,2,,1.0,1,1.0,,,1,0.0,0.0,1.0,0.0,0.0,0.0,0.0,0.0,0.0,,1.0,,,1.0,0.0,0.0,,,,,1.0,0.0,,,0.0,0.0,0.0,,,,0.0,0.0,0.0,F,0.393,0.609,0.632,57.0,36.0,0.022,0.0,0.0,0.0,0.0,0.0,,,0.0,0.0,0.0,1.0,SAC,0.0,0.0,,0.0,,,0.0,,0.0,,1.0,0.0,,,1.0,0.0,0,,0,,,,2018,20180113,False,21700628,,,,Justin Jackson,1610612758.0,SAC,F,23.0,1.0,1.0,1.0,1.0,2.0,0.5,0.535,-0.035,,,,,,,,,,,,,,Justin Jackson,1610612758.0,SAC,F,23.0,1.0,1.0,1.0,1.0,2.0,0.5,0.562,-0.062,Justin Jackson,1610612758.0,SAC,F,23.0,1.0,1.0,1.0,1.0,2.0,0.5,0.637,-0.137,Justin Jackson,1610612758.0,SAC,F,23.0,1.0,1.0,1.0,1.0,2.0,0.5,0.59,-0.09,,,,,,,,,,,,,,Justin Jackson,1610612758.0,SAC,23.0,1.0,6.4,0.0,0.0,0.0,0.0,0.0,0.0,0.0,0.0,0.0,0.0,0.0,0.0,0.0,1.0,1.0,1.0,0.0,0.0,1.0,1.0,0.0,Justin Jackson,1610612758,SAC,1,0,1,6.4,7.0,0.0,0.0,0.0,0.0,0.0,0.0,0.0,0.0,0.0,0.0,0.0,0.0,0.0,0.0,0.0,0.0,0.0,Justin Jackson,1610612758,SAC,1,0,1,6.43,6.43,2554.0,0.48,0.23,0.25,4.67,4.48,4.8,2017_18
201585,Kosta Koufos,Kosta,1610612758,SAC,29.0,1,0,1,0.0,17.766666666666666,3,4,0.75,0,0,0.0,0,2,0.0,0,2,2,0,1,1,0,0,2,2,6,-17,10.4,0,0,10.0,1,76,76,76,106,70,106,15,75,109,75,86,41,86,68,86,101,113,48,23,46,1,68,41,92,145,118,14,1,112,,97.21,91,83.8,0.615,0.065,133.8,97.26,142,-47.9,148,0.75,137.1,132,137.1,70,113,99,118,106,23,83.8,0.0,16.7,85.9,68,142,148,135,0.143,132,91,3.0,121,-53.4,0.0,0.167,148,0.0,113,90,101,74,97,37,49,4.0,17.0,-53.4,97.26,0.0,0.15,0.038,113,81.05,65,128,22.0,0.0,14.0,0.0,0.0,1.0,0.0,0.0,0.0,0.0,0.0,1.0,0.0,0.0,0.0,0.0,0.0,0.0,0.0,0.0,0.0,0.0,0.0,0.0,0.0,0.0,2.0,0.0,1.52,29.0,6.0,2.0,1.0,0.7,0.45,2.0,1.0,0.207,14.0,6.0,0.0,0.0,0.0,2.0,0.0,5.3,0.0,0.0,0.333,0.0,0.0,0.0,0.0,0.5,0.5,2.0,4.0,0.0,5.3,0.0,0.333,0.0,2.0,,,,,,,,,,,,,,,,,1.0,1.0,3.0,3.0,1.0,0.75,0.0,0.0,3.0,0.75,0.0,3.0,,1.0,0.0,0.0,,1.0,0.0,0.25,0.25,0.0,0.0,0.0,0.0,0.0,,,,,,,,,,,,,,0,,,0,,,,0,0.0,0.0,0.75,0.0,1.0,1.0,2.0,0.0,4.0,0.0,0.0,0.0,0.0,0.0,0.667,2.0,0.0,0.0,0.0,0.0,0.0,3.0,0.0,0.0,1.0,1.0,0.0,0.0,0.0,0.0,0.0,0.0,1.0,C,0.424,0.615,0.561,139.0,78.0,-0.054,0.0,0.0,0.0,0.667,0.0,0.0,0.0,0.0,0.0,1.0,0.0,SAC,0.0,3.0,,0.0,0.0,0.0,2.0,0.0,0.0,,0.0,1.0,0.0,,0.0,1.0,0,,0,,,,2018,20180113,False,21700628,,,,Kosta Koufos,1610612758.0,SAC,C,29.0,1.0,1.0,1.0,8.0,10.0,0.8,0.542,0.258,Kosta Koufos,1610612758.0,SAC,C,29.0,1.0,1.0,0.2,1.0,2.0,0.5,0.339,0.161,Kosta Koufos,1610612758.0,SAC,C,29.0,1.0,1.0,0.8,7.0,8.0,0.875,0.599,0.276,Kosta Koufos,1610612758.0,SAC,C,29.0,1.0,1.0,0.8,7.0,8.0,0.875,0.656,0.219,Kosta Koufos,1610612758.0,SAC,C,29.0,1.0,1.0,0.8,7.0,8.0,0.875,0.622,0.253,Kosta Koufos,1610612758.0,SAC,C,29.0,1.0,1.0,0.2,1.0,2.0,0.5,0.362,0.138,Kosta Koufos,1610612758.0,SAC,29.0,1.0,17.8,8.0,7.0,1.0,3.0,0.0,3.0,7.0,0.0,0.0,0.0,0.0,0.0,2.0,4.0,6.0,2.0,0.0,0.333,0.667,0.667,0.0,Kosta Koufos,1610612758,SAC,1,0,1,17.8,29.0,1.0,1.0,1.0,1.0,0.0,0.0,0.0,2.0,2.0,0.0,0.0,0.0,0.0,0.0,0.0,0.0,0.0,Kosta Koufos,1610612758,SAC,1,0,1,17.77,17.77,6929.0,1.31,0.74,0.58,4.41,4.49,4.31,2017_18
101150,Lou Williams,Lou,1610612746,LAC,31.0,1,1,0,1.0,35.38333333333333,7,17,0.412,4,9,0.444,8,9,0.889,0,1,1,2,2,4,0,1,0,9,26,16,40.2,0,0,41.0,1,1,1,1,21,16,10,91,3,6,37,3,4,41,68,111,117,49,21,1,46,107,1,1,2,8,15,14,1,11,,104.78,36,123.7,0.62,0.015,103.9,102.42,68,14.4,23,0.529,104.0,25,104.0,16,100,18,75,10,75,123.7,8.0,8.0,118.3,68,68,23,75,0.271,25,36,7.0,76,19.7,1.0,0.029,30,0.083,40,139,17,39,23,76,135,17.0,8.0,19.7,102.42,0.0,0.272,0.132,89,85.35,61,35,41.0,4.0,56.0,0.0,4.0,6.0,0.098,2.0,0.049,0.0,0.143,7.0,4.0,2.0,4.0,0.0,2.0,1.0,1.0,0.0,0.0,0.286,1.0,0.25,0.571,2.0,0.0,0.0,3.75,71.0,26.0,0.0,0.0,4.4,2.79,1.0,0.0,0.366,44.0,6.0,1.0,0.0,0.0,4.0,0.0,7.1,0.0,1.0,0.167,0.0,1.0,1.0,0.0,0.5,1.0,0.0,2.0,0.0,7.1,1.0,0.2,1.0,0.0,0.063,0.0,0.0,0.0,1.0,1610612746.0,0.0,0.0,0.0,LAC,,0.0,0.0,1.0,1.0,0.063,0.625,0.5,4.0,4.0,0.5,0.5,4.0,0.25,2.0,0.25,2.0,8.0,0.5,2.0,0.333,1.0,0.25,6.0,0.417,0.125,0.375,4.0,1.0,0.5,0.25,2.0,0.063,1.0,0.0,,0.0,1.0,0.0,1.0,0.063,1.0,1.0,1.0,1.5,4,0.0,0.4,2,0.4,2.0,0.0,5,12.0,0.571,0.529,0.0,0.0,0.0,0.0,0.0,0.0,0.75,2.0,0.0,1.0,1.0,0.0,0.0,3.0,0.0,4.0,1.0,2.0,2.0,0.667,1.0,4.0,1.0,1.0,3.0,0.0,2.0,5.0,0.2,0.25,G,0.306,0.603,0.65,117.0,76.0,0.047,0.0,7.0,0.0,0.0,0.714,0.0,0.0,0.0,3.0,1.0,1.0,LAC,0.0,2.0,0.0,5.0,0.0,0.0,0.0,0.0,0.0,0.0,1.0,4.0,0.0,0.0,1.0,0.25,4,4.0,6,0.667,1.0,6.0,2018,20180113,False,21700628,,,,Lou Williams,1610612746.0,LAC,G,31.0,1.0,1.0,1.0,7.0,11.0,0.636,0.437,0.199,Lou Williams,1610612746.0,LAC,G,31.0,1.0,1.0,0.182,1.0,2.0,0.5,0.35,0.151,Lou Williams,1610612746.0,LAC,G,31.0,1.0,1.0,0.818,6.0,9.0,0.667,0.472,0.195,Lou Williams,1610612746.0,LAC,G,31.0,1.0,1.0,0.364,3.0,4.0,0.75,0.566,0.184,Lou Williams,1610612746.0,LAC,G,31.0,1.0,1.0,0.455,4.0,5.0,0.8,0.519,0.281,Lou Williams,1610612746.0,LAC,G,31.0,1.0,1.0,0.545,3.0,6.0,0.5,0.36,0.14,Lou Williams,1610612746.0,LAC,31.0,1.0,35.4,6.0,4.0,2.0,4.0,0.0,0.0,0.0,0.0,2.0,2.0,0.0,1.0,0.0,2.0,2.0,1.0,1.0,0.0,1.0,0.5,0.5,Lou Williams,1610612746,LAC,1,1,0,35.4,71.0,0.0,0.0,0.0,0.0,0.0,0.0,0.0,0.0,0.0,0.0,0.0,0.0,0.0,0.0,0.0,0.0,0.0,Lou Williams,1610612746,LAC,1,1,0,35.38,35.38,13283.0,2.52,1.42,1.1,4.25,4.63,3.86,2017_18
1628462,Milos Teodosic,Milos,1610612746,LAC,31.0,1,1,0,1.0,23.245,4,6,0.667,3,5,0.6,0,0,0.0,0,1,1,5,1,0,0,0,4,0,11,6,18.7,0,0,20.0,1,1,1,1,71,57,87,23,7,27,21,86,89,86,68,111,117,17,48,72,46,1,130,110,60,29,72,14,1,65,,102.3,38,124.5,0.917,0.022,115.5,102.22,89,2.9,29,0.917,110.0,23,110.0,57,13,112,77,87,15,124.5,41.7,8.3,118.5,68,89,29,104,0.13,23,38,4.0,78,14.5,5.0,0.043,62,0.313,75,137,37,3,114,49,129,6.0,8.3,14.5,102.22,0.0,0.128,0.098,20,85.18,14,33,47.0,12.0,46.0,0.0,6.0,11.0,0.128,1.0,0.106,2.0,0.0,4.0,0.0,2.0,0.0,0.0,0.0,0.0,0.0,0.5,0.0,0.5,0.0,0.0,0.0,0.0,0.0,0.0,3.98,54.0,11.0,0.0,0.0,3.6,3.48,0.0,0.0,0.204,21.0,5.0,0.0,0.0,0.0,1.0,0.0,8.3,0.0,0.0,0.2,0.0,0.0,0.0,0.0,0.25,0.25,1.0,4.0,0.0,8.3,0.0,0.2,0.0,1.0,,,,,,,,,,,,,,,,,,,,,,,,,,,,,,1.0,0.667,1.0,0.5,3.0,0.833,0.167,0.5,2.0,1.0,1.0,0.333,2.0,0.5,2.0,0.0,,0.0,2.0,0.0,3.0,0.5,0.667,3.0,0.667,1.0,3,1.0,0.5,1,0.333,3.0,0.333,3,8.0,1.0,0.917,0.0,0.0,0.0,0.0,0.0,0.0,0.0,1.0,0.0,0.0,1.0,0.0,0.0,0.0,0.0,0.0,0.0,1.0,0.0,0.0,0.0,0.0,0.0,3.0,0.0,0.0,0.0,5.0,0.6,0.0,G,0.417,0.595,0.564,55.0,31.0,-0.032,0.5,3.0,0.0,0.0,1.0,0.0,0.0,1.0,2.0,0.0,0.0,LAC,0.0,0.0,,3.0,0.0,0.0,0.0,0.0,0.0,,0.0,0.0,1.0,,0.0,0.0,3,2.0,3,1.0,1.333,2.0,2018,20180113,False,21700628,,,,Milos Teodosic,1610612746.0,LAC,G,31.0,1.0,1.0,1.0,8.0,12.0,0.667,0.458,0.209,Milos Teodosic,1610612746.0,LAC,G,31.0,1.0,1.0,0.333,1.0,4.0,0.25,0.328,-0.078,Milos Teodosic,1610612746.0,LAC,G,31.0,1.0,1.0,0.667,7.0,8.0,0.875,0.491,0.385,Milos Teodosic,1610612746.0,LAC,G,31.0,1.0,1.0,0.417,5.0,5.0,1.0,0.609,0.391,Milos Teodosic,1610612746.0,LAC,G,31.0,1.0,1.0,0.417,5.0,5.0,1.0,0.552,0.448,Milos Teodosic,1610612746.0,LAC,G,31.0,1.0,1.0,0.5,2.0,6.0,0.333,0.353,-0.02,Milos Teodosic,1610612746.0,LAC,31.0,1.0,23.3,2.0,1.0,1.0,0.0,0.0,0.0,0.0,0.0,0.0,0.0,0.0,0.0,0.0,1.0,1.0,1.0,0.0,0.0,1.0,1.0,0.0,Milos Teodosic,1610612746,LAC,1,1,0,23.3,54.0,0.0,0.0,0.0,0.0,0.0,0.0,0.0,0.0,0.0,0.0,0.0,0.0,0.0,0.0,0.0,0.0,0.0,Milos Teodosic,1610612746,LAC,1,1,0,23.25,23.25,8852.0,1.68,0.94,0.74,4.4,4.4,3.84,2017_18
1626149,Montrezl Harrell,Montrezl,1610612746,LAC,24.0,1,1,0,1.0,21.95,7,12,0.583,0,1,0.0,3,4,0.75,2,4,6,1,1,2,1,1,3,5,17,6,33.7,0,0,30.0,1,1,1,1,74,16,36,48,75,81,75,24,20,53,17,35,26,72,48,8,9,107,106,8,24,29,25,14,1,30,,107.9,11,120.0,0.618,0.154,111.1,109.34,81,8.7,34,0.583,108.0,33,108.0,16,106,25,67,36,65,120.0,6.7,6.7,119.8,17,81,34,94,0.259,33,11,7.0,66,12.0,1.0,0.2,47,0.059,37,16,12,39,15,50,38,12.0,6.3,12.0,109.34,0.105,0.283,0.137,99,91.12,62,31,18.0,2.0,21.0,0.0,1.0,2.0,0.056,0.0,0.056,0.0,0.0,0.0,0.0,0.0,0.0,0.0,0.0,0.0,0.0,0.0,0.0,0.0,0.0,0.0,0.0,0.0,0.667,0.5,2.04,35.0,17.0,0.75,6.0,1.2,1.06,8.0,4.0,0.486,22.0,10.0,0.5,1.0,0.5,4.0,0.5,7.3,0.5,1.0,0.6,1.0,1.0,3.0,0.0,0.571,0.667,3.0,7.0,9.9,6.0,2.0,0.667,0.5,2.0,0.364,0.0,0.5,2.0,1.0,1610612746.0,0.5,2.0,0.0,LAC,,0.5,0.0,4.0,4.0,0.364,1.0,1.0,3.0,3.0,1.0,0.273,0.0,0.0,3.0,0.273,0.0,3.0,,1.0,0.0,0.0,,1.0,0.0,0.091,0.091,0.0,0.0,0.0,0.0,0.0,0.091,2.0,2.0,1.0,2.0,0.0,0.182,1.0,0.273,0.0,3.0,0.667,0.667,0,0.0,0.0,0,0.0,1.0,0.0,2,0.0,0.0,0.583,0.5,0.6,0.5,4.0,2.0,6.0,0.0,1.0,0.0,0.0,0.0,0.0,0.0,0.0,1.0,0.0,0.0,0.0,2.0,0.0,0.0,8.0,7.0,0.0,0.0,0.0,0.0,0.0,0.0,0.875,F-C,0.332,0.612,0.525,80.0,42.0,-0.087,0.0,0.0,1.0,0.0,0.0,0.0,1.0,0.0,0.0,7.0,0.0,LAC,0.0,2.0,,0.0,0.0,0.0,0.0,0.0,0.0,,0.0,8.0,0.0,,0.0,0.875,0,0.0,0,,,0.0,2018,20180113,False,21700628,,,,Montrezl Harrell,1610612746.0,LAC,F-C,24.0,1.0,1.0,1.0,4.0,6.0,0.667,0.478,0.188,,,,,,,,,,,,,,Montrezl Harrell,1610612746.0,LAC,F-C,24.0,1.0,1.0,1.0,4.0,6.0,0.667,0.487,0.18,Montrezl Harrell,1610612746.0,LAC,F-C,24.0,1.0,1.0,0.5,3.0,3.0,1.0,0.614,0.386,Montrezl Harrell,1610612746.0,LAC,F-C,24.0,1.0,1.0,0.5,3.0,3.0,1.0,0.541,0.459,Montrezl Harrell,1610612746.0,LAC,F-C,24.0,1.0,1.0,0.5,1.0,3.0,0.333,0.387,-0.054,Montrezl Harrell,1610612746.0,LAC,24.0,1.0,22.0,8.0,7.0,1.0,3.0,0.0,2.0,6.0,2.0,0.0,2.0,1.0,0.0,2.0,12.0,14.0,6.0,2.0,0.143,0.857,0.75,0.25,Montrezl Harrell,1610612746,LAC,1,1,0,22.0,35.0,6.0,2.0,4.0,0.5,0.0,0.0,0.0,4.0,0.667,0.0,0.0,0.0,0.0,0.0,0.0,0.0,0.0,Montrezl Harrell,1610612746,LAC,1,1,0,21.95,21.95,8054.0,1.53,0.83,0.69,4.12,4.35,3.87,2017_18
1626155,Sam Dekker,Sam,1610612746,LAC,24.0,1,1,0,1.0,19.35,6,9,0.667,0,2,0.0,1,1,1.0,0,5,5,1,1,1,0,0,2,1,13,-1,22.5,0,0,21.0,1,1,1,1,93,23,51,23,75,65,75,62,78,1,68,25,38,72,48,23,46,1,68,67,44,75,58,14,1,60,,110.14,6,113.3,0.689,0.143,118.9,111.63,102,-5.8,79,0.667,115.6,52,115.6,23,94,52,86,51,38,113.3,9.1,9.1,113.1,68,102,79,113,0.204,52,6,6.0,86,-2.2,1.0,0.294,91,0.071,38,23,6,39,47,45,9,9.0,8.7,-2.2,111.63,0.0,0.222,0.137,93,93.02,41,53,27.0,2.0,19.0,0.0,3.0,3.0,0.111,2.0,0.037,0.0,0.0,3.0,2.0,1.0,3.0,0.0,0.0,0.0,0.0,0.0,0.0,0.333,1.0,0.5,1.0,0.0,0.0,2.0,1.66,37.0,13.0,1.333,0.0,1.0,0.78,3.0,1.0,0.351,15.0,6.0,0.6,0.0,0.0,3.0,0.0,3.7,0.0,0.0,0.833,0.0,0.0,3.0,0.0,1.0,1.0,2.0,5.0,0.0,3.7,3.0,0.833,0.6,2.0,0.444,0.0,1.0,4.0,1.0,1610612746.0,1.0,4.0,0.0,LAC,,1.0,0.0,4.0,4.0,0.444,0.0,0.0,0.0,1.0,0.0,0.111,0.0,0.0,0.0,0.111,0.0,1.0,,2.0,1.0,2.0,,2.0,1.0,0.222,0.222,0.0,0.0,1.0,0.0,2.0,0.222,0.0,0.0,,0.0,0.0,0.0,2.0,0.222,0.0,2.0,0.0,0.0,0,0.0,,0,,0.0,,0,0.0,0.0,0.667,1.0,1.0,0.0,0.0,2.0,4.0,0.0,0.0,0.0,0.0,0.0,0.0,0.0,0.0,0.0,0.0,0.0,0.0,0.0,0.0,0.0,7.0,6.0,0.0,0.0,0.0,0.0,2.0,0.0,0.857,F,0.338,0.605,0.478,69.0,33.0,-0.127,0.0,0.0,0.0,0.0,0.0,0.0,0.0,0.0,2.0,6.0,0.0,LAC,0.0,0.0,,0.0,0.0,0.0,0.0,0.0,0.0,,0.0,7.0,0.0,,0.0,0.857,0,0.0,2,0.0,0.0,2.0,2018,20180113,False,21700628,,,,Sam Dekker,1610612746.0,LAC,F,24.0,1.0,1.0,1.0,2.0,6.0,0.333,0.475,-0.141,,,,,,,,,,,,,,Sam Dekker,1610612746.0,LAC,F,24.0,1.0,1.0,1.0,2.0,6.0,0.333,0.491,-0.158,Sam Dekker,1610612746.0,LAC,F,24.0,1.0,1.0,0.5,0.0,3.0,0.0,0.589,-0.589,Sam Dekker,1610612746.0,LAC,F,24.0,1.0,1.0,0.667,1.0,4.0,0.25,0.535,-0.285,Sam Dekker,1610612746.0,LAC,F,24.0,1.0,1.0,0.167,0.0,1.0,0.0,0.4,-0.4,Sam Dekker,1610612746.0,LAC,24.0,1.0,19.4,5.0,4.0,1.0,2.0,0.0,0.0,0.0,0.0,1.0,1.0,0.0,1.0,0.0,7.0,7.0,3.0,1.0,0.0,1.0,1.0,0.333,Sam Dekker,1610612746,LAC,1,1,0,19.4,37.0,0.0,0.0,0.0,0.0,0.0,0.0,0.0,0.0,0.0,0.0,0.0,0.0,0.0,0.0,0.0,0.0,0.0,Sam Dekker,1610612746,LAC,1,1,0,19.35,19.35,8257.0,1.56,0.91,0.66,4.98,5.33,4.6,2017_18
1628414,Sindarius Thornwell,Sindarius,1610612746,LAC,23.0,1,1,0,1.0,5.0,1,1,1.0,0,0,0.0,0,0,0.0,0,0,0,1,0,0,0,0,0,0,2,-2,3.5,0,0,3.0,1,1,1,1,146,112,137,1,75,109,75,86,89,86,68,136,141,72,93,72,46,1,1,110,128,83,141,14,1,141,,100.22,7,108.3,1.0,0.0,151.8,110.4,140,-33.6,127,1.0,136.4,72,136.4,112,6,140,1,137,6,108.3,50.0,0.0,118.2,68,140,127,148,0.077,72,7,1.0,1,-28.0,0.0,0.0,139,0.2,81,141,63,74,135,12,136,1.0,0.0,-28.0,110.4,0.0,0.091,0.094,33,92.0,9,37,9.0,2.0,9.0,0.0,1.0,1.0,0.111,0.0,0.111,0.0,0.0,2.0,1.0,1.0,2.0,0.0,0.0,0.0,0.0,0.0,0.0,0.5,1.0,1.0,1.0,0.0,0.0,0.0,1.8,10.0,2.0,0.0,0.0,0.3,0.9,0.0,0.0,0.2,9.0,,,,,,,,,,,,,,,,,,,,,,,,,,,,,,,,,,,,,,,,,1.0,1.0,1.0,1.0,1.0,1.0,0.0,0.0,1.0,1.0,0.0,1.0,,,,,,,,,,,,,,,,,,,,,,,,,,,,0,,,0,,,,0,0.0,0.0,1.0,0.0,0.0,0.0,0.0,0.0,0.0,,0.0,0.0,,0.0,1.0,1.0,,0.0,,,0.0,1.0,,,0.0,0.0,0.0,,0.0,,0.0,0.0,0.0,G,0.339,0.596,0.613,80.0,49.0,0.017,0.0,0.0,0.0,1.0,0.0,,0.0,0.0,0.0,0.0,0.0,LAC,0.0,1.0,,0.0,0.0,0.0,1.0,,0.0,,0.0,0.0,,,0.0,0.0,0,,0,,,,2018,20180113,False,21700628,,,,Sindarius Thornwell,1610612746.0,LAC,G,23.0,1.0,1.0,1.0,1.0,1.0,1.0,0.446,0.554,,,,,,,,,,,,,,Sindarius Thornwell,1610612746.0,LAC,G,23.0,1.0,1.0,1.0,1.0,1.0,1.0,0.457,0.543,,,,,,,,,,,,,,,,,,,,,,,,,,,Sindarius Thornwell,1610612746.0,LAC,G,23.0,1.0,1.0,1.0,1.0,1.0,1.0,0.429,0.571,Sindarius Thornwell,1610612746.0,LAC,23.0,1.0,5.0,1.0,1.0,0.0,0.0,0.0,0.0,0.0,1.0,0.0,1.0,1.0,0.0,0.0,0.0,0.0,0.0,0.0,0.0,0.0,0.0,0.0,Sindarius Thornwell,1610612746,LAC,1,1,0,5.0,10.0,0.0,0.0,0.0,0.0,0.0,0.0,0.0,0.0,0.0,0.0,0.0,0.0,0.0,0.0,0.0,0.0,0.0,Sindarius Thornwell,1610612746,LAC,1,1,0,5.0,5.0,1876.0,0.36,0.24,0.12,4.81,3.91,3.12,2017_18
1627746,Skal Labissiere,Skal,1610612758,SAC,22.0,1,0,1,0.0,21.666666666666668,5,8,0.625,2,2,1.0,2,4,0.5,3,4,7,1,0,1,1,0,3,2,14,-3,29.9,0,0,28.0,1,76,76,76,76,39,64,31,21,65,1,33,20,66,8,35,23,72,93,23,9,1,106,41,38,93,34,14,1,34,,108.33,9,116.0,0.717,0.184,124.3,109.66,122,-5.2,94,0.75,124.5,44,124.5,39,94,67,1,64,23,116.0,9.1,0.0,119.0,4,122,94,124,0.182,44,9,5.0,1,-8.5,0.0,0.222,88,0.053,50,10,10,74,72,50,34,8.0,0.0,-8.5,109.66,0.15,0.185,0.118,104,91.38,36,32,27.0,2.0,16.0,0.0,1.0,2.0,0.037,0.0,0.037,0.0,0.0,0.0,0.0,0.0,0.0,0.0,0.0,0.0,0.0,0.0,0.0,0.0,0.0,0.0,0.0,0.0,0.0,0.6,1.55,39.0,14.0,1.0,2.0,1.0,0.38,6.0,5.0,0.359,19.0,10.0,0.25,3.0,0.6,5.0,0.6,3.8,1.0,0.0,0.7,0.0,0.0,4.0,0.0,0.8,0.8,3.0,5.0,4.1,3.5,1.0,0.7,0.571,3.0,0.125,0.0,1.0,1.0,1.0,1610612758.0,1.0,1.0,0.0,SAC,,1.0,0.0,1.0,1.0,0.125,0.5,0.5,2.0,4.0,0.5,0.5,0.0,0.0,2.0,0.5,0.0,4.0,,0.0,1.0,0.0,1.0,1.0,1.5,0.0,0.125,1.0,1.0,,0.125,1.0,0.125,1.0,0.0,0.0,1.0,1.0,0.125,1.0,0.25,1.0,2.0,0.5,0.75,0,0.0,,0,,0.0,,0,6.0,0.667,0.75,0.5,0.75,0.0,0.0,3.0,6.0,0.0,1.0,0.0,0.0,0.0,0.0,0.0,0.0,0.0,0.0,0.0,0.0,1.0,0.0,0.0,4.0,3.0,2.0,0.0,0.0,0.0,2.0,1.0,0.75,F-C,0.404,0.603,0.575,120.0,69.0,-0.028,1.0,2.0,0.0,0.0,0.5,0.0,0.0,1.0,1.0,3.0,0.0,SAC,0.0,1.0,,1.0,0.0,0.0,0.0,0.0,0.0,,0.0,4.0,0.0,,0.0,0.75,2,2.0,3,1.0,1.0,2.0,2018,20180113,False,21700628,,,,Skal Labissiere,1610612758.0,SAC,F-C,22.0,1.0,1.0,1.0,4.0,12.0,0.333,0.501,-0.168,Skal Labissiere,1610612758.0,SAC,F-C,22.0,1.0,1.0,0.25,0.0,3.0,0.0,0.224,-0.224,Skal Labissiere,1610612758.0,SAC,F-C,22.0,1.0,1.0,0.75,4.0,9.0,0.444,0.56,-0.116,Skal Labissiere,1610612758.0,SAC,F-C,22.0,1.0,1.0,0.5,3.0,6.0,0.5,0.636,-0.136,Skal Labissiere,1610612758.0,SAC,F-C,22.0,1.0,1.0,0.5,3.0,6.0,0.5,0.599,-0.099,Skal Labissiere,1610612758.0,SAC,F-C,22.0,1.0,1.0,0.333,1.0,4.0,0.25,0.26,-0.01,Skal Labissiere,1610612758.0,SAC,22.0,1.0,21.7,11.0,8.0,3.0,1.0,0.0,2.0,4.0,0.0,1.0,1.0,0.0,1.0,6.0,3.0,9.0,1.0,1.0,0.667,0.333,0.333,0.333,Skal Labissiere,1610612758,SAC,1,0,1,21.7,39.0,2.0,0.0,0.0,0.0,0.0,0.0,0.0,0.0,0.0,1.0,0.5,0.0,0.0,0.0,0.0,0.0,0.0,Skal Labissiere,1610612758,SAC,1,0,1,21.67,21.67,9176.0,1.74,0.87,0.86,4.72,5.21,4.81,2017_18
202699,Tobias Harris,Tobias,1610612746,LAC,25.0,1,0,1,0.0,30.15,3,14,0.214,0,6,0.0,1,2,0.5,0,4,4,4,2,2,1,1,0,1,7,-3,24.8,0,0,21.0,1,76,76,76,43,70,22,128,75,19,75,62,41,66,68,35,54,24,21,8,9,107,1,67,86,93,47,14,1,60,,103.96,48,100.0,0.235,0.063,101.2,101.09,77,-1.8,90,0.214,106.3,97,106.3,70,58,38,87,22,131,100.0,19.0,9.5,99.4,68,77,90,59,0.23,97,48,3.0,87,-6.3,2.0,0.138,79,0.182,126,94,22,20,40,64,63,14.0,9.6,-6.3,101.09,0.0,0.233,0.025,45,84.25,136,100,64.0,9.0,46.0,0.0,5.0,8.0,0.078,1.0,0.063,1.0,0.091,11.0,3.0,5.0,3.0,0.091,1.0,0.5,1.0,0.091,1.0,0.455,1.0,0.333,0.273,2.0,0.0,0.0,1.78,81.0,7.0,2.0,1.0,2.4,0.93,1.0,0.0,0.086,39.0,7.0,0.0,0.0,0.0,1.0,0.0,10.7,0.0,0.0,0.571,0.0,0.0,0.0,0.0,0.667,0.667,4.0,6.0,0.0,10.7,0.0,0.571,0.0,4.0,,,,,,,,,,,,,,,,,0.429,0.429,3.0,7.0,0.429,0.538,0.0,0.0,3.0,0.538,0.0,7.0,,0.0,0.0,0.0,0.0,3.0,0.0,0.0,0.231,3.0,0.0,,0.231,0.0,0.231,0.0,0.0,,0.0,0.0,0.0,3.0,0.231,0.0,3.0,0.0,0.0,0,0.0,0.0,0,0.0,1.0,0.0,3,0.0,0.0,0.214,0.0,1.0,0.0,0.0,0.0,2.0,0.0,2.0,0.0,0.0,0.0,1.0,1.0,0.0,0.0,1.0,1.0,0.0,1.0,0.0,0.0,5.0,2.0,0.0,0.0,0.0,0.0,5.0,0.0,0.4,F,0.347,0.608,0.546,185.0,101.0,-0.062,0.0,2.0,1.0,0.0,0.0,0.0,0.0,0.0,3.0,3.0,1.0,LAC,0.0,0.0,,0.0,0.0,0.0,0.0,0.0,0.0,,0.0,6.0,1.0,,0.0,0.5,0,0.0,5,0.0,0.0,5.0,2018,20180113,False,21700628,,,,Tobias Harris,1610612746.0,LAC,F,25.0,1.0,1.0,1.0,7.0,15.0,0.467,0.441,0.026,Tobias Harris,1610612746.0,LAC,F,25.0,1.0,1.0,0.4,3.0,6.0,0.5,0.366,0.134,Tobias Harris,1610612746.0,LAC,F,25.0,1.0,1.0,0.6,4.0,9.0,0.444,0.482,-0.038,Tobias Harris,1610612746.0,LAC,F,25.0,1.0,1.0,0.2,1.0,3.0,0.333,0.561,-0.227,Tobias Harris,1610612746.0,LAC,F,25.0,1.0,1.0,0.267,2.0,4.0,0.5,0.543,-0.043,Tobias Harris,1610612746.0,LAC,F,25.0,1.0,1.0,0.667,4.0,10.0,0.4,0.36,0.04,Tobias Harris,1610612746.0,LAC,25.0,1.0,30.2,14.0,7.0,7.0,3.0,0.0,0.0,0.0,0.0,3.0,3.0,0.0,1.0,0.0,2.0,2.0,2.0,0.0,0.0,1.0,1.0,0.0,Tobias Harris,1610612746,LAC,1,0,1,30.2,81.0,1.0,0.0,1.0,0.0,0.0,0.0,0.0,0.0,0.0,0.0,0.0,0.0,0.0,0.0,0.0,0.0,0.0,Tobias Harris,1610612746,LAC,1,0,1,30.15,30.15,12227.0,2.32,1.34,0.97,4.58,4.87,4.25,2017_18
1627820,Tyrone Wallace,Tyrone,1610612746,LAC,24.0,1,1,0,1.0,32.045,5,8,0.625,0,1,0.0,2,2,1.0,0,3,3,1,2,0,1,1,4,1,12,23,18.1,0,0,18.0,1,1,1,1,35,39,64,31,75,81,75,33,41,1,68,56,71,72,21,72,9,107,130,67,52,3,78,14,1,73,,99.67,73,135.4,0.676,0.055,98.9,98.86,44,31.7,9,0.625,97.0,9,97.0,39,96,88,118,64,48,135.4,8.3,16.7,130.6,68,44,9,52,0.157,9,73,5.0,120,38.4,0.5,0.088,12,0.037,104,102,71,62,93,65,102,8.0,16.8,38.4,98.86,0.0,0.155,0.054,110,82.38,45,13,19.0,2.0,26.0,0.0,1.0,1.0,0.053,0.0,0.053,0.0,0.333,3.0,0.0,0.0,2.0,0.667,2.0,1.0,1.0,0.0,2.0,0.0,0.0,0.0,0.667,2.0,0.0,0.667,2.08,32.0,12.0,2.0,0.0,1.1,1.28,2.0,3.0,0.375,27.0,6.0,0.0,0.0,0.0,3.0,0.0,11.6,0.0,0.0,0.5,0.0,0.0,0.0,0.0,1.0,1.0,3.0,3.0,0.0,11.6,0.0,0.5,0.0,3.0,,,,,,,,,,,,,,,,,0.833,0.833,5.0,6.0,0.833,0.857,0.0,0.0,5.0,0.857,0.0,6.0,,,,,,,,,,,,,,,0.143,0.0,0.0,,0.0,0.0,0.0,1.0,0.143,0.0,1.0,0.0,0.0,0,0.0,,0,,0.0,,0,0.0,0.0,0.625,0.5,1.0,0.0,0.0,2.0,4.0,0.0,0.0,0.0,0.0,0.0,0.5,1.0,1.0,0.0,1.0,0.0,0.0,2.0,0.0,0.0,5.0,4.0,0.0,0.0,0.0,0.0,0.0,0.0,0.8,G,0.255,0.611,0.769,13.0,10.0,0.158,0.0,1.0,1.0,0.0,0.0,0.0,0.0,0.0,0.0,5.0,0.0,LAC,0.0,0.0,,0.0,0.0,0.0,0.0,0.0,0.0,,0.0,6.0,0.0,,0.0,0.833,0,0.0,2,0.0,0.0,1.0,2018,20180113,False,21700628,,,,Tyrone Wallace,1610612746.0,LAC,G,24.0,1.0,1.0,1.0,3.0,6.0,0.5,0.437,0.063,Tyrone Wallace,1610612746.0,LAC,G,24.0,1.0,1.0,0.167,0.0,1.0,0.0,0.392,-0.392,Tyrone Wallace,1610612746.0,LAC,G,24.0,1.0,1.0,0.833,3.0,5.0,0.6,0.46,0.14,Tyrone Wallace,1610612746.0,LAC,G,24.0,1.0,1.0,0.167,1.0,1.0,1.0,0.56,0.44,Tyrone Wallace,1610612746.0,LAC,G,24.0,1.0,1.0,0.333,1.0,2.0,0.5,0.517,-0.017,Tyrone Wallace,1610612746.0,LAC,G,24.0,1.0,1.0,0.5,2.0,3.0,0.667,0.408,0.259,Tyrone Wallace,1610612746.0,LAC,24.0,1.0,32.1,5.0,3.0,2.0,2.0,0.0,0.0,0.0,0.0,1.0,1.0,0.0,1.0,0.0,0.0,0.0,0.0,0.0,0.0,0.0,0.0,0.0,Tyrone Wallace,1610612746,LAC,1,1,0,32.1,32.0,0.0,0.0,0.0,0.0,0.0,0.0,0.0,0.0,0.0,0.0,0.0,0.0,0.0,0.0,0.0,0.0,0.0,Tyrone Wallace,1610612746,LAC,1,1,0,32.05,32.05,12732.0,2.41,1.29,1.12,4.5,4.78,4.21,2017_18
1713,Vince Carter,Vince,1610612758,SAC,41.0,1,0,1,0.0,14.45,2,3,0.667,1,1,1.0,1,2,0.5,1,0,1,1,0,2,0,0,1,2,6,-8,14.7,0,0,13.0,1,76,76,76,120,96,116,23,40,81,1,62,41,66,32,136,117,72,93,8,46,1,31,41,92,118,89,14,1,92,,109.69,10,100.0,0.773,0.031,122.8,109.62,120,-21.7,123,0.833,124.2,97,124.2,96,50,126,1,116,19,100.0,20.0,0.0,101.1,35,120,123,121,0.1,97,10,2.0,1,-24.2,0.0,0.0,123,0.091,70,127,7,74,126,33,136,3.0,0.0,-24.2,109.62,0.056,0.1,0.102,81,91.35,24,96,14.0,3.0,11.0,0.0,1.0,1.0,0.071,0.0,0.071,0.0,0.0,1.0,0.0,1.0,0.0,0.0,0.0,0.0,0.0,0.0,0.0,1.0,0.0,0.0,0.0,0.0,0.333,0.0,2.11,19.0,6.0,2.0,3.0,0.7,0.95,1.0,2.0,0.316,14.0,3.0,0.0,1.0,1.0,1.0,1.0,4.7,1.0,0.0,0.333,0.0,0.0,1.0,0.0,0.0,0.0,0.0,2.0,4.7,0.0,0.0,0.333,1.0,0.0,,,,,,,,,,,,,,,,,1.0,1.0,1.0,1.0,1.0,0.333,0.0,0.0,1.0,0.333,0.0,1.0,,1.0,0.5,0.0,1.0,2.0,0.75,0.333,0.667,1.0,1.0,0.0,0.333,1.0,,,,,,,,,,,,,,0,0.0,,0,,0.0,,0,3.0,0.5,0.833,0.0,1.0,0.0,1.0,0.0,2.0,0.0,1.0,0.0,0.0,0.0,1.0,1.0,,0.0,0.0,0.0,0.0,1.0,,0.0,0.0,0.0,1.0,0.0,0.0,,1.0,1.0,0.0,G-F,0.313,0.642,0.548,42.0,23.0,-0.094,1.0,0.0,0.0,1.0,0.0,0.0,0.0,1.0,1.0,0.0,1.0,SAC,0.0,1.0,0.0,0.0,0.0,0.0,1.0,0.0,0.0,0.0,0.0,0.0,0.0,0.0,0.0,0.0,1,1.0,2,1.0,0.75,1.0,2018,20180113,False,21700628,,,,Vince Carter,1610612758.0,SAC,G-F,41.0,1.0,1.0,1.0,2.0,2.0,1.0,0.451,0.549,Vince Carter,1610612758.0,SAC,G-F,41.0,1.0,1.0,0.5,1.0,1.0,1.0,0.339,0.661,Vince Carter,1610612758.0,SAC,G-F,41.0,1.0,1.0,0.5,1.0,1.0,1.0,0.593,0.407,Vince Carter,1610612758.0,SAC,G-F,41.0,1.0,1.0,0.5,1.0,1.0,1.0,0.677,0.323,Vince Carter,1610612758.0,SAC,G-F,41.0,1.0,1.0,0.5,1.0,1.0,1.0,0.632,0.368,Vince Carter,1610612758.0,SAC,G-F,41.0,1.0,1.0,0.5,1.0,1.0,1.0,0.362,0.638,Vince Carter,1610612758.0,SAC,41.0,1.0,14.5,2.0,1.0,1.0,2.0,0.0,1.0,3.0,0.0,0.0,0.0,0.0,0.0,1.0,0.0,1.0,1.0,1.0,1.0,0.0,1.0,1.0,Vince Carter,1610612758,SAC,1,0,1,14.5,19.0,3.0,0.0,0.0,0.0,1.0,2.0,0.5,1.0,0.333,2.0,0.667,0.0,0.0,0.0,0.0,1.0,0.333,Vince Carter,1610612758,SAC,1,0,1,14.45,14.45,5575.0,1.06,0.58,0.48,4.57,4.63,4.52,2017_18
202325,Wesley Johnson,Wesley,1610612746,LAC,30.0,1,1,0,1.0,23.571666666666665,4,9,0.444,3,7,0.429,2,2,1.0,0,3,3,0,0,1,1,0,4,1,13,5,22.6,0,0,23.0,1,1,1,1,69,57,51,82,7,10,39,33,41,1,68,56,71,113,93,23,9,1,130,67,44,37,57,14,1,51,,103.65,32,114.0,0.658,0.065,102.5,102.84,59,9.1,33,0.611,102.0,50,102.0,57,113,67,1,51,54,114.0,0.0,0.0,111.6,68,59,33,64,0.182,50,32,4.0,1,12.0,0.0,0.125,44,0.0,90,88,24,74,71,50,72,9.0,0.0,12.0,102.84,0.0,0.186,0.081,113,85.7,48,58,14.0,0.0,18.0,0.0,0.0,0.0,0.0,0.0,0.0,0.0,1.0,1.0,0.0,0.0,2.0,0.0,2.0,1.0,1.0,0.0,0.0,0.0,0.0,0.0,2.0,2.0,0.0,2.0,1.31,24.0,13.0,0.0,0.0,0.5,0.33,0.0,1.0,0.542,16.0,3.0,0.0,0.0,0.0,0.0,0.0,8.7,0.0,0.0,1.0,0.0,0.0,0.0,0.0,1.0,1.0,3.0,3.0,0.0,8.7,0.0,1.0,0.0,3.0,,,,,,,,,,,,,,,,,0.833,0.5,2.0,2.0,0.667,0.333,1.0,0.111,1.0,0.222,1.0,3.0,1.0,0.0,1.0,0.0,1.0,1.0,1.5,0.0,0.111,1.0,1.0,,0.111,1.0,0.556,1.0,0.0,,0.0,1.0,0.0,5.0,0.556,0.2,5.0,0.2,0.3,0,0.0,0.0,0,0.0,0.0,,1,9.0,0.429,0.611,1.0,0.0,0.0,0.0,2.0,0.0,0.5,1.0,0.0,1.0,0.0,0.0,0.0,1.0,0.0,2.0,1.0,0.0,0.0,0.0,1.0,1.0,1.0,2.0,1.0,0.0,0.0,5.0,0.4,1.0,F-G,0.351,0.61,0.613,119.0,73.0,0.004,0.5,3.0,0.0,0.0,0.333,0.0,0.0,2.0,4.0,1.0,1.0,LAC,0.0,0.0,0.0,1.0,0.0,0.0,0.0,0.0,0.0,0.0,0.0,1.0,0.0,0.0,0.0,1.0,3,3.0,7,0.429,0.643,7.0,2018,20180113,False,21700628,,,,Wesley Johnson,1610612746.0,LAC,F-G,30.0,1.0,1.0,1.0,6.0,9.0,0.667,0.464,0.203,Wesley Johnson,1610612746.0,LAC,F-G,30.0,1.0,1.0,0.111,1.0,1.0,1.0,0.345,0.655,Wesley Johnson,1610612746.0,LAC,F-G,30.0,1.0,1.0,0.889,5.0,8.0,0.625,0.485,0.14,Wesley Johnson,1610612746.0,LAC,F-G,30.0,1.0,1.0,0.444,2.0,4.0,0.5,0.595,-0.095,Wesley Johnson,1610612746.0,LAC,F-G,30.0,1.0,1.0,0.556,3.0,5.0,0.6,0.542,0.058,Wesley Johnson,1610612746.0,LAC,F-G,30.0,1.0,1.0,0.222,2.0,2.0,1.0,0.402,0.599,Wesley Johnson,1610612746.0,LAC,30.0,1.0,23.6,6.0,5.0,1.0,1.0,0.0,0.0,0.0,0.0,0.0,0.0,0.0,0.0,0.0,2.0,2.0,1.0,0.0,0.0,1.0,0.5,0.0,Wesley Johnson,1610612746,LAC,1,1,0,23.6,24.0,0.0,0.0,0.0,0.0,0.0,0.0,0.0,0.0,0.0,0.0,0.0,0.0,0.0,0.0,0.0,0.0,0.0,Wesley Johnson,1610612746,LAC,1,1,0,23.57,23.57,8789.0,1.66,0.82,0.85,4.34,4.12,4.04,2017_18
1626161,Willie Cauley-Stein,Willie,1610612758,SAC,24.0,1,0,1,0.0,32.516666666666666,10,16,0.625,1,1,1.0,2,4,0.5,4,9,13,4,2,1,1,1,5,5,23,-6,48.6,1,0,45.0,1,76,76,76,34,3,13,31,40,81,1,33,20,66,5,4,4,24,21,23,9,107,145,8,9,104,5,1,1,7,,104.93,24,107.0,0.648,0.213,113.0,104.07,105,-3.8,99,0.656,117.1,77,117.1,3,64,29,77,13,42,107.0,16.7,8.3,109.2,9,105,99,98,0.256,77,24,10.0,81,-10.1,2.0,0.3,84,0.19,18,5,16,20,31,71,8,16.0,8.4,-10.1,104.07,0.129,0.258,0.174,41,86.72,52,65,42.0,10.0,32.0,0.0,5.0,6.0,0.119,0.0,0.095,1.0,0.2,5.0,3.0,0.0,4.0,0.0,0.0,0.0,1.0,0.2,0.0,0.0,2.0,0.667,0.8,2.0,0.5,0.615,1.93,64.0,23.0,0.667,4.0,2.1,0.78,6.0,13.0,0.359,35.0,18.0,0.444,2.0,0.444,9.0,0.444,5.8,0.5,0.0,0.722,2.0,0.0,6.0,0.0,0.818,0.818,7.0,11.0,11.4,3.3,4.0,0.722,0.462,5.0,0.2,0.0,0.667,2.0,1.0,1610612758.0,0.667,2.0,0.0,SAC,,0.667,0.0,3.0,3.0,0.2,0.714,0.714,5.0,7.0,0.714,0.467,0.0,0.0,5.0,0.467,0.0,7.0,,2.0,0.0,0.0,,2.0,0.0,0.133,0.133,0.0,0.0,0.0,0.0,0.0,0.067,3.0,2.0,1.0,2.0,1.0,0.133,1.0,0.2,1.0,3.0,1.0,1.167,0,0.0,0.0,0,0.0,0.0,,1,7.0,1.0,0.656,0.5,0.4,0.5,2.0,8.0,4.0,1.0,3.0,0.0,1.0,0.667,0.5,1.0,0.0,0.0,1.0,1.0,2.0,2.0,0.0,1.0,10.0,6.0,0.0,1.0,0.0,0.0,0.0,0.0,0.6,C,0.365,0.623,0.639,166.0,106.0,0.016,0.0,1.0,0.0,0.5,1.0,0.0,0.0,0.0,0.0,6.0,3.0,SAC,0.0,2.0,0.0,1.0,0.0,0.0,1.0,0.0,0.0,0.0,0.667,10.0,0.0,0.0,2.0,0.6,3,1.0,3,1.0,1.167,1.0,2018,20180113,False,21700628,,,,Willie Cauley-Stein,1610612758.0,SAC,C,24.0,1.0,1.0,1.0,2.0,9.0,0.222,0.5,-0.277,Willie Cauley-Stein,1610612758.0,SAC,C,24.0,1.0,1.0,0.444,0.0,4.0,0.0,0.361,-0.361,Willie Cauley-Stein,1610612758.0,SAC,C,24.0,1.0,1.0,0.556,2.0,5.0,0.4,0.584,-0.184,Willie Cauley-Stein,1610612758.0,SAC,C,24.0,1.0,1.0,0.444,2.0,4.0,0.5,0.673,-0.173,Willie Cauley-Stein,1610612758.0,SAC,C,24.0,1.0,1.0,0.444,2.0,4.0,0.5,0.636,-0.136,Willie Cauley-Stein,1610612758.0,SAC,C,24.0,1.0,1.0,0.556,0.0,5.0,0.0,0.364,-0.364,Willie Cauley-Stein,1610612758.0,SAC,24.0,1.0,32.5,5.0,3.0,2.0,4.0,1.0,3.0,7.0,0.0,1.0,1.0,0.0,1.0,0.0,5.0,5.0,2.0,1.0,0.0,1.0,1.0,0.5,Willie Cauley-Stein,1610612758,SAC,1,0,1,32.5,64.0,4.0,1.0,2.0,0.5,0.0,0.0,0.0,2.0,0.5,1.0,0.25,1.0,0.25,0.0,0.0,0.0,0.0,Willie Cauley-Stein,1610612758,SAC,1,0,1,32.52,32.52,12594.0,2.39,1.2,1.18,4.44,4.74,4.17,2017_18
2216,Zach Randolph,Zach,1610612758,SAC,36.0,1,0,1,0.0,19.266666666666666,3,10,0.3,0,1,0.0,2,2,1.0,1,1,2,0,3,0,0,1,1,2,8,-13,7.4,0,0,10.0,1,76,76,76,95,70,42,121,75,81,75,33,41,1,32,111,101,113,10,72,46,107,31,41,77,137,125,14,1,112,,94.72,138,91.7,0.368,0.061,115.5,90.93,121,-24.3,132,0.3,124.3,120,124.3,70,113,5,131,42,124,91.7,0.0,21.4,91.2,35,121,132,102,0.35,120,138,3.0,132,-32.7,0.0,0.067,127,0.0,138,99,115,74,6,36,112,10.0,21.6,-32.7,90.93,0.056,0.345,-0.022,113,75.78,121,123,13.0,0.0,19.0,0.0,0.0,0.0,0.0,0.0,0.0,0.0,1.0,1.0,0.0,0.0,2.0,0.0,2.0,1.0,1.0,0.0,0.0,0.0,0.0,0.0,2.0,2.0,0.444,0.0,1.92,26.0,8.0,0.4,9.0,0.8,0.73,5.0,2.0,0.308,20.0,2.0,0.0,0.0,0.0,0.0,0.0,3.6,0.0,0.0,1.0,0.0,0.0,0.0,0.0,0.5,0.5,1.0,2.0,0.0,3.6,0.0,1.0,0.0,1.0,0.222,0.0,0.0,0.0,1.0,1610612758.0,0.0,0.0,0.0,SAC,,0.0,0.0,2.0,2.0,0.222,1.0,1.0,2.0,2.0,1.0,0.222,0.0,0.0,2.0,0.222,0.0,2.0,,4.0,0.25,1.0,,4.0,0.25,0.444,0.444,0.0,0.0,0.25,0.0,1.0,0.111,0.0,0.0,,0.0,0.0,0.0,1.0,0.111,0.0,1.0,0.0,0.0,0,0.0,0.0,0,0.0,0.0,,1,0.0,0.0,0.3,0.0,0.25,0.333,4.0,0.0,2.0,0.0,3.0,0.0,0.0,0.0,0.0,0.0,0.0,0.0,0.0,0.0,0.0,2.0,0.0,0.0,4.0,3.0,0.0,0.0,0.0,0.0,1.0,0.0,0.75,F,0.381,0.621,0.673,171.0,115.0,0.052,0.0,2.0,0.0,0.0,0.0,0.0,0.0,0.0,0.0,3.0,2.0,SAC,0.0,1.0,,0.0,0.0,0.0,0.0,0.0,0.0,,0.0,5.0,0.0,,0.0,0.6,0,0.0,3,0.0,0.0,1.0,2018,20180113,False,21700628,,,,Zach Randolph,1610612758.0,SAC,F,36.0,1.0,1.0,1.0,2.0,6.0,0.333,0.51,-0.176,Zach Randolph,1610612758.0,SAC,F,36.0,1.0,1.0,0.333,0.0,2.0,0.0,0.244,-0.244,Zach Randolph,1610612758.0,SAC,F,36.0,1.0,1.0,0.667,2.0,4.0,0.5,0.53,-0.03,,,,,,,,,,,,,,Zach Randolph,1610612758.0,SAC,F,36.0,1.0,1.0,0.167,0.0,1.0,0.0,0.529,-0.529,Zach Randolph,1610612758.0,SAC,F,36.0,1.0,1.0,0.5,1.0,3.0,0.333,0.309,0.024,Zach Randolph,1610612758.0,SAC,36.0,1.0,19.3,3.0,1.0,2.0,1.0,0.0,0.0,0.0,1.0,0.0,1.0,1.0,0.0,1.0,6.0,7.0,2.0,1.0,0.143,0.857,0.4,0.2,Zach Randolph,1610612758,SAC,1,0,1,19.3,26.0,9.0,2.0,6.0,0.333,0.0,0.0,0.0,4.0,0.444,1.0,0.111,0.0,0.0,2.0,0.222,0.0,0.0,Zach Randolph,1610612758,SAC,1,0,1,19.27,19.27,6440.0,1.22,0.62,0.6,3.75,4.02,3.51,2017_18
201588,George Hill,George,1610612758,SAC,32.0,1,0,1,0.0,19.433333333333334,1,4,0.25,0,2,0.0,0,0,0.0,1,0,1,4,0,0,1,0,2,1,2,-12,12.2,0,0,9.0,1,76,76,76,92,112,106,124,75,65,75,86,89,86,32,136,117,24,93,72,9,1,68,67,128,132,106,14,1,118,,92.28,148,88.9,0.25,0.029,116.3,88.92,115,-29.5,134,0.25,122.2,126,122.2,112,6,129,1,106,126,88.9,50.0,0.0,86.8,43,115,135,107,0.093,126,148,1.0,1,-33.3,0.0,0.0,135,0.308,123,130,136,74,129,36,136,4.0,0.0,-33.3,88.92,0.05,0.096,0.03,21,74.1,133,127,36.0,8.0,37.0,0.0,4.0,8.0,0.111,0.0,0.111,0.0,0.0,3.0,0.0,3.0,0.0,0.0,0.0,0.0,0.0,0.0,0.0,1.0,0.0,0.0,0.0,0.0,0.0,0.0,3.83,42.0,2.0,2.0,0.0,2.7,3.33,1.0,0.0,0.048,25.0,3.0,0.0,1.0,0.5,2.0,0.5,3.0,1.0,0.0,0.333,0.0,0.0,1.0,0.0,0.0,0.0,0.0,1.0,3.0,0.0,0.0,0.333,1.0,0.0,,,,,,,,,,,,,,,,,0.25,0.5,1.0,2.0,0.25,1.0,2.0,0.5,1.0,0.5,0.0,4.0,0.0,,,,,,,,,,,,,,,,,,,,,,,,,,,0,0.0,0.0,0,0.0,0.0,,1,0.0,0.0,0.25,0.0,1.0,0.0,0.0,0.0,2.0,0.0,1.0,,0.0,0.0,0.0,0.0,0.0,,1.0,1.0,0.0,0.0,0.0,0.0,1.0,1.0,0.0,0.0,,0.0,1.0,0.0,1.0,G,0.338,0.612,0.579,95.0,55.0,-0.033,0.0,1.0,0.0,0.0,0.0,0.0,,0.0,1.0,1.0,1.0,CLE,0.0,0.0,,0.0,,,0.0,0.0,0.0,,0.0,1.0,0.0,,0.0,1.0,0,0.0,2,0.0,0.0,2.0,2018,20180113,False,21700628,3485.0,LAC,SAC,George Hill,1610612739.0,CLE,G,32.0,1.0,1.0,1.0,3.0,7.0,0.429,0.421,0.007,George Hill,1610612739.0,CLE,G,32.0,1.0,1.0,0.571,1.0,4.0,0.25,0.307,-0.057,George Hill,1610612739.0,CLE,G,32.0,1.0,1.0,0.429,2.0,3.0,0.667,0.486,0.181,George Hill,1610612739.0,CLE,G,32.0,1.0,1.0,0.286,1.0,2.0,0.5,0.579,-0.079,George Hill,1610612739.0,CLE,G,32.0,1.0,1.0,0.286,1.0,2.0,0.5,0.529,-0.029,George Hill,1610612739.0,CLE,G,32.0,1.0,1.0,0.714,2.0,5.0,0.4,0.335,0.065,George Hill,1610612739.0,CLE,32.0,1.0,19.4,6.0,2.0,4.0,0.0,0.0,0.0,0.0,0.0,0.0,0.0,0.0,0.0,1.0,0.0,1.0,1.0,1.0,1.0,0.0,1.0,1.0,George Hill,1610612739,CLE,1,0,1,19.4,42.0,0.0,0.0,0.0,0.0,0.0,0.0,0.0,0.0,0.0,0.0,0.0,0.0,0.0,0.0,0.0,0.0,0.0,George Hill,1610612739,CLE,1,0,1,19.43,19.43,7163.0,1.36,0.74,0.62,4.33,4.54,3.55,2017_18
