index,PLAYER_ID,PLAYER_NAME,W,GP,year,POSS,TEAM_ABBREVIATION,TEAM_ID,AGE,PLAYER_HEIGHT_INCHES,PLAYER_WEIGHT,COLLEGE,COUNTRY,DRAFT_YEAR,DRAFT_ROUND,DRAFT_NUMBER,MIN,FGM,FGA,FG3M,FG3A,FTM,FTA,OREB,DREB,REB,AST,TOV,STL,BLK,BLKA,PF,PFD,PTS,PLUS_MINUS,DD2,TD3,FGM_PG,sp_work_PACE,sp_work_DEF_RATING,DEF_RATING,sp_work_NET_RATING,E_DEF_RATING,OFF_RATING,PACE_PER40,AST_RATIO,sp_work_OFF_RATING,E_PACE,NET_RATING,E_NET_RATING,PACE,E_OFF_RATING,FGA_PG,AST_TO,ITP_FGM,ABOVE_BREAK_3_FGA,MID_FGM,RIGHT_CORNER_3_FGM,MID_FGA,RA_FGA,LEFT_CORNER_3_FGM,ITP_FGA,LEFT_CORNER_3_FGA,BACKCOURT_FGA,RA_FGM,CORNER_3_FGM,RIGHT_CORNER_3_FGA,BACKCOURT_FGM,CORNER_3_FGA,ABOVE_BREAK_3_FGM,FGM_10_14,FGP_5_9,FGP_35_39,FGP_LT_5,FGP_10_14,FGA_15_19,FGP_15_19,FGA_25_29,FGM_40_PLUS,FGM_LT_5,FGM_15_19,FGA_40_PLUS,FGM_20_24,FGA_30_34,FGM_5_9,FGM_30_34,FGA_10_14,FGP_30_34,FGA_5_9,FGP_25_29,FGP_40_PLUS,FGM_25_29,FGA_20_24,FGP_20_24,FGA_35_39,FGM_35_39,FGA_LT_5,POTENTIAL_AST,AST_ADJ,FT_AST,PASSES_RECEIVED,PASSES_MADE,SECONDARY_AST,AST_PTS_CREATED,DRIVE_FTM,DRIVE_TOV,DRIVE_FGM,DRIVE_PASSES,DRIVES,DRIVE_PTS,DRIVE_PF,DRIVE_AST,DRIVE_FTA,DRIVE_FGA,TOUCHES,AVG_SEC_PER_TOUCH,POINTS,TIME_OF_POSS,AVG_DRIB_PER_TOUCH,PAINT_TOUCHES,FRONT_CT_TOUCHES,ELBOW_TOUCHES,POST_TOUCHES,PTS_PER_ELBOW_TOUCH,PTS_PER_PAINT_TOUCH,PTS_PER_TOUCH,PTS_PER_POST_TOUCH,DREB_CHANCE_DEFER,AVG_DREB_DIST,REB_UNCONTEST,OREB_CHANCE_DEFER,OREB_CHANCES,AVG_OREB_DIST,DREB_CONTEST,OREB_UNCONTEST,AVG_REB_DIST,REB_CONTEST,REB_CHANCES,REB_CHANCE_DEFER,DREB_UNCONTEST,DREB_CHANCES,OREB_CONTEST,very_tight_FG3M,very_tight_FGA_FREQUENCY,very_tight_FG3A,very_tight_FG2M,very_tight_FGM,very_tight_FG2A_FREQUENCY,very_tight_FGA,very_tight_FG2A,very_tight_FG3A_FREQUENCY,tight_FGM,tight_FGA_FREQUENCY,tight_FG3A,tight_FGA,tight_FG2A_FREQUENCY,tight_FG2M,tight_FG2A,tight_FG3A_FREQUENCY,tight_FG3M,open_FG3A_FREQUENCY,open_FG3A,open_FG2A,open_FG3M,open_FG2A_FREQUENCY,open_FG2M,open_FGM,open_FGA_FREQUENCY,open_FGA,wide_open_FG2A,wide_open_FG2M,wide_open_FGM,wide_open_FG3M,wide_open_FGA_FREQUENCY,wide_open_FGA,wide_open_FG2A_FREQUENCY,wide_open_FG3A,wide_open_FG3A_FREQUENCY,PULL_UP_PTS,PULL_UP_FG3A,PULL_UP_FGA,PULL_UP_FGM,PULL_UP_FG3M,PAINT_TOUCH_PTS,ELBOW_TOUCH_PTS,POST_TOUCH_PTS,CATCH_SHOOT_PTS,FGM_LT_06,FGA_LT_06,PLUSMINUS,CATCH_SHOOT_FG3M,CATCH_SHOOT_FG3A,CATCH_SHOOT_FGA,CATCH_SHOOT_FGM,NBA_FANTASY_PTS,more_15ft_def_REB_CHANCE_DEFER,less_10ft_def_PLUSMINUS,two_pt_def_FG2A,hustle_LOOSE_BALLS_RECOVERED,DIST_FEET,less_6ft_def_PLUSMINUS,DIST_MILES_DEF,post_touch_POST_TOUCH_FOULS,two_pt_def_FG2M,three_pt_def_FG3M,post_touch_POST_TOUCH_FGM,hustle_BOX_OUTS,hustle_DEF_BOXOUTS,post_touch_POST_TOUCH_TOV,DIST_MILES,more_15ft_def_AVG_OREB_DIST,more_15ft_def_DREB_UNCONTEST,AVG_SPEED_DEF,more_15ft_def_AVG_DREB_DIST,more_15ft_def_AVG_REB_DIST,post_touch_POST_TOUCH_PASSES,hustle_OFF_BOXOUTS,hustle_SCREEN_ASSISTS,less_6ft_def_FGM_LT_06,more_15ft_def_OREB,hustle_CONTESTED_SHOTS_2PT,hustle_BOX_OUT_PLAYER_REBS,D_FGA,more_15ft_def_DREB,post_touch_POST_TOUCH_FGA,post_touch_TOUCHES,hustle_OFF_LOOSE_BALLS_RECOVERED,less_10ft_def_FGM_LT_10,more_15ft_def_DREB_CHANCES,more_15ft_def_OREB_CONTEST,AVG_SPEED,team_poss,D_FGM,post_touch_POST_TOUCH_FTM,three_pt_def_PLUSMINUS,more_15ft_def_OREB_UNCONTEST,AVG_SPEED_OFF,more_15ft_def_REB,more_15ft_def_DREB_CONTEST,hustle_CHARGES_DRAWN,less_6ft_def_FGA_LT_06,more_15ft_def_OREB_CHANCES,hustle_BOX_OUT_PLAYER_TEAM_REBS,hustle_CONTESTED_SHOTS_3PT,more_15ft_def_REB_CONTEST,post_touch_POST_TOUCHES,three_pt_def_FG3A,hustle_CONTESTED_SHOTS,hustle_DEFLECTIONS,more_15ft_def_DREB_CHANCE_DEFER,post_touch_POST_TOUCH_AST,hustle_SCREEN_AST_PTS,post_touch_POST_TOUCH_FTA,more_15ft_def_OREB_CHANCE_DEFER,less_10ft_def_FGA_LT_10,post_touch_POST_TOUCH_PTS,hustle_DEF_LOOSE_BALLS_RECOVERED,DIST_MILES_OFF,more_15ft_def_REB_UNCONTEST,more_15ft_def_REB_CHANCES,W_PCT,FG_PCT,FG3_PCT,FT_PCT,TM_TOV_PCT,REB_PCT,AST_PCT,DREB_PCT,E_TOV_PCT,TS_PCT,EFG_PCT,E_USG_PCT,OREB_PCT,USG_PCT,MID_FG_PCT,BACKCOURT_FG_PCT,ABOVE_BREAK_3_FG_PCT,CORNER_3_FG_PCT,RA_FG_PCT,LEFT_CORNER_3_FG_PCT,RIGHT_CORNER_3_FG_PCT,ITP_FG_PCT,AST_TO_PASS_PCT_ADJ,AST_TO_PASS_PCT,DRIVE_PTS_PCT,DRIVE_FT_PCT,DRIVE_PASSES_PCT,DRIVE_TOV_PCT,DRIVE_PF_PCT,DRIVE_FG_PCT,DRIVE_AST_PCT,REB_CHANCE_PCT,OREB_CONTEST_PCT,OREB_CHANCE_PCT,DREB_CHANCE_PCT,DREB_CONTEST_PCT,DREB_CHANCE_PCT_ADJ,REB_CHANCE_PCT_ADJ,OREB_CHANCE_PCT_ADJ,REB_CONTEST_PCT,very_tight_EFG_PCT,very_tight_FG2_PCT,very_tight_FG3_PCT,very_tight_FG_PCT,tight_FG_PCT,tight_EFG_PCT,tight_FG2_PCT,tight_FG3_PCT,open_FG2_PCT,open_EFG_PCT,open_FG3_PCT,open_FG_PCT,wide_open_FG2_PCT,wide_open_FG_PCT,wide_open_FG3_PCT,wide_open_EFG_PCT,PULL_UP_EFG_PCT,PULL_UP_FG3_PCT,PULL_UP_FG_PCT,ELBOW_TOUCH_FG_PCT,CATCH_SHOOT_FG_PCT,PAINT_TOUCH_FG_PCT,POST_TOUCH_FG_PCT,EFF_FG_PCT,LT_06_PCT,NS_LT_06_PCT,CATCH_SHOOT_FG3_PCT,CATCH_SHOOT_EFG_PCT,hustle_PCT_BOX_OUTS_TEAM_REB,post_touch_POST_TOUCH_AST_PCT,post_touch_POST_TOUCH_FG_PCT,D_FG_PCT,post_touch_POST_TOUCH_PTS_PCT,more_15ft_def_OREB_CHANCE_PCT_ADJ,PCT_PLUSMINUS,post_touch_POST_TOUCH_TOV_PCT,less_6ft_def_LT_06_PCT,more_15ft_def_REB_CHANCE_PCT_ADJ,hustle_PCT_LOOSE_BALLS_RECOVERED_OFF,post_touch_POST_TOUCH_FOULS_PCT,three_pt_def_FREQ,more_15ft_def_DREB_CHANCE_PCT_ADJ,less_6ft_def_NS_LT_06_PCT,three_pt_def_FG3_PCT,more_15ft_def_REB_CHANCE_PCT,post_touch_POST_TOUCH_PASSES_PCT,three_pt_def_NS_FG3_PCT,more_15ft_def_OREB_CONTEST_PCT,two_pt_def_FG2_PCT,less_10ft_def_FREQ,less_10ft_def_NS_LT_10_PCT,NORMAL_FG_PCT,less_6ft_def_FREQ,more_15ft_def_DREB_CONTEST_PCT,more_15ft_def_REB_CONTEST_PCT,two_pt_def_FREQ,hustle_PCT_LOOSE_BALLS_RECOVERED_DEF,post_touch_POST_TOUCH_FT_PCT,hustle_PCT_BOX_OUTS_REB,hustle_PCT_BOX_OUTS_DEF,more_15ft_def_OREB_CHANCE_PCT,hustle_PCT_BOX_OUTS_OFF,two_pt_def_NS_FG2_PCT,more_15ft_def_DREB_CHANCE_PCT,less_10ft_def_LT_10_PCT,MIN_rank,FGM_rank,FGA_rank,FG3M_rank,FG3A_rank,FTM_rank,FTA_rank,OREB_rank,DREB_rank,REB_rank,AST_rank,TOV_rank,STL_rank,BLK_rank,BLKA_rank,PF_rank,PFD_rank,PTS_rank,PLUS_MINUS_rank,DD2_rank,TD3_rank,FGM_PG_rank,sp_work_PACE_rank,sp_work_DEF_RATING_rank,DEF_RATING_rank,sp_work_NET_RATING_rank,E_DEF_RATING_rank,OFF_RATING_rank,PACE_PER40_rank,AST_RATIO_rank,sp_work_OFF_RATING_rank,E_PACE_rank,NET_RATING_rank,E_NET_RATING_rank,PACE_rank,E_OFF_RATING_rank,FGA_PG_rank,AST_TO_rank,ITP_FGM_rank,ABOVE_BREAK_3_FGA_rank,MID_FGM_rank,RIGHT_CORNER_3_FGM_rank,MID_FGA_rank,RA_FGA_rank,LEFT_CORNER_3_FGM_rank,ITP_FGA_rank,LEFT_CORNER_3_FGA_rank,BACKCOURT_FGA_rank,RA_FGM_rank,CORNER_3_FGM_rank,RIGHT_CORNER_3_FGA_rank,BACKCOURT_FGM_rank,CORNER_3_FGA_rank,ABOVE_BREAK_3_FGM_rank,FGM_10_14_rank,FGP_5_9_rank,FGP_35_39_rank,FGP_LT_5_rank,FGP_10_14_rank,FGA_15_19_rank,FGP_15_19_rank,FGA_25_29_rank,FGM_40_PLUS_rank,FGM_LT_5_rank,FGM_15_19_rank,FGA_40_PLUS_rank,FGM_20_24_rank,FGA_30_34_rank,FGM_5_9_rank,FGM_30_34_rank,FGA_10_14_rank,FGP_30_34_rank,FGA_5_9_rank,FGP_25_29_rank,FGP_40_PLUS_rank,FGM_25_29_rank,FGA_20_24_rank,FGP_20_24_rank,FGA_35_39_rank,FGM_35_39_rank,FGA_LT_5_rank,POTENTIAL_AST_rank,AST_ADJ_rank,FT_AST_rank,PASSES_RECEIVED_rank,PASSES_MADE_rank,SECONDARY_AST_rank,AST_PTS_CREATED_rank,DRIVE_FTM_rank,DRIVE_TOV_rank,DRIVE_FGM_rank,DRIVE_PASSES_rank,DRIVES_rank,DRIVE_PTS_rank,DRIVE_PF_rank,DRIVE_AST_rank,DRIVE_FTA_rank,DRIVE_FGA_rank,TOUCHES_rank,AVG_SEC_PER_TOUCH_rank,POINTS_rank,TIME_OF_POSS_rank,AVG_DRIB_PER_TOUCH_rank,PAINT_TOUCHES_rank,FRONT_CT_TOUCHES_rank,ELBOW_TOUCHES_rank,POST_TOUCHES_rank,PTS_PER_ELBOW_TOUCH_rank,PTS_PER_PAINT_TOUCH_rank,PTS_PER_TOUCH_rank,PTS_PER_POST_TOUCH_rank,DREB_CHANCE_DEFER_rank,AVG_DREB_DIST_rank,REB_UNCONTEST_rank,OREB_CHANCE_DEFER_rank,OREB_CHANCES_rank,AVG_OREB_DIST_rank,DREB_CONTEST_rank,OREB_UNCONTEST_rank,AVG_REB_DIST_rank,REB_CONTEST_rank,REB_CHANCES_rank,REB_CHANCE_DEFER_rank,DREB_UNCONTEST_rank,DREB_CHANCES_rank,OREB_CONTEST_rank,very_tight_FG3M_rank,very_tight_FGA_FREQUENCY_rank,very_tight_FG3A_rank,very_tight_FG2M_rank,very_tight_FGM_rank,very_tight_FG2A_FREQUENCY_rank,very_tight_FGA_rank,very_tight_FG2A_rank,very_tight_FG3A_FREQUENCY_rank,tight_FGM_rank,tight_FGA_FREQUENCY_rank,tight_FG3A_rank,tight_FGA_rank,tight_FG2A_FREQUENCY_rank,tight_FG2M_rank,tight_FG2A_rank,tight_FG3A_FREQUENCY_rank,tight_FG3M_rank,open_FG3A_FREQUENCY_rank,open_FG3A_rank,open_FG2A_rank,open_FG3M_rank,open_FG2A_FREQUENCY_rank,open_FG2M_rank,open_FGM_rank,open_FGA_FREQUENCY_rank,open_FGA_rank,wide_open_FG2A_rank,wide_open_FG2M_rank,wide_open_FGM_rank,wide_open_FG3M_rank,wide_open_FGA_FREQUENCY_rank,wide_open_FGA_rank,wide_open_FG2A_FREQUENCY_rank,wide_open_FG3A_rank,wide_open_FG3A_FREQUENCY_rank,PULL_UP_PTS_rank,PULL_UP_FG3A_rank,PULL_UP_FGA_rank,PULL_UP_FGM_rank,PULL_UP_FG3M_rank,PAINT_TOUCH_PTS_rank,ELBOW_TOUCH_PTS_rank,POST_TOUCH_PTS_rank,CATCH_SHOOT_PTS_rank,FGM_LT_06_rank,FGA_LT_06_rank,PLUSMINUS_rank,CATCH_SHOOT_FG3M_rank,CATCH_SHOOT_FG3A_rank,CATCH_SHOOT_FGA_rank,CATCH_SHOOT_FGM_rank,NBA_FANTASY_PTS_rank,more_15ft_def_REB_CHANCE_DEFER_rank,less_10ft_def_PLUSMINUS_rank,two_pt_def_FG2A_rank,hustle_LOOSE_BALLS_RECOVERED_rank,DIST_FEET_rank,less_6ft_def_PLUSMINUS_rank,DIST_MILES_DEF_rank,post_touch_POST_TOUCH_FOULS_rank,two_pt_def_FG2M_rank,three_pt_def_FG3M_rank,post_touch_POST_TOUCH_FGM_rank,hustle_BOX_OUTS_rank,hustle_DEF_BOXOUTS_rank,post_touch_POST_TOUCH_TOV_rank,DIST_MILES_rank,more_15ft_def_AVG_OREB_DIST_rank,more_15ft_def_DREB_UNCONTEST_rank,AVG_SPEED_DEF_rank,more_15ft_def_AVG_DREB_DIST_rank,more_15ft_def_AVG_REB_DIST_rank,post_touch_POST_TOUCH_PASSES_rank,hustle_OFF_BOXOUTS_rank,hustle_SCREEN_ASSISTS_rank,less_6ft_def_FGM_LT_06_rank,more_15ft_def_OREB_rank,hustle_CONTESTED_SHOTS_2PT_rank,hustle_BOX_OUT_PLAYER_REBS_rank,D_FGA_rank,more_15ft_def_DREB_rank,post_touch_POST_TOUCH_FGA_rank,post_touch_TOUCHES_rank,hustle_OFF_LOOSE_BALLS_RECOVERED_rank,less_10ft_def_FGM_LT_10_rank,more_15ft_def_DREB_CHANCES_rank,more_15ft_def_OREB_CONTEST_rank,AVG_SPEED_rank,team_poss_rank,D_FGM_rank,post_touch_POST_TOUCH_FTM_rank,three_pt_def_PLUSMINUS_rank,more_15ft_def_OREB_UNCONTEST_rank,AVG_SPEED_OFF_rank,more_15ft_def_REB_rank,more_15ft_def_DREB_CONTEST_rank,hustle_CHARGES_DRAWN_rank,less_6ft_def_FGA_LT_06_rank,more_15ft_def_OREB_CHANCES_rank,hustle_BOX_OUT_PLAYER_TEAM_REBS_rank,hustle_CONTESTED_SHOTS_3PT_rank,more_15ft_def_REB_CONTEST_rank,post_touch_POST_TOUCHES_rank,three_pt_def_FG3A_rank,hustle_CONTESTED_SHOTS_rank,hustle_DEFLECTIONS_rank,more_15ft_def_DREB_CHANCE_DEFER_rank,post_touch_POST_TOUCH_AST_rank,hustle_SCREEN_AST_PTS_rank,post_touch_POST_TOUCH_FTA_rank,more_15ft_def_OREB_CHANCE_DEFER_rank,less_10ft_def_FGA_LT_10_rank,post_touch_POST_TOUCH_PTS_rank,hustle_DEF_LOOSE_BALLS_RECOVERED_rank,DIST_MILES_OFF_rank,more_15ft_def_REB_UNCONTEST_rank,more_15ft_def_REB_CHANCES_rank,W_PCT_rank,FG_PCT_rank,FG3_PCT_rank,FT_PCT_rank,TM_TOV_PCT_rank,REB_PCT_rank,AST_PCT_rank,DREB_PCT_rank,E_TOV_PCT_rank,TS_PCT_rank,EFG_PCT_rank,E_USG_PCT_rank,OREB_PCT_rank,USG_PCT_rank,MID_FG_PCT_rank,BACKCOURT_FG_PCT_rank,ABOVE_BREAK_3_FG_PCT_rank,CORNER_3_FG_PCT_rank,RA_FG_PCT_rank,LEFT_CORNER_3_FG_PCT_rank,RIGHT_CORNER_3_FG_PCT_rank,ITP_FG_PCT_rank,AST_TO_PASS_PCT_ADJ_rank,AST_TO_PASS_PCT_rank,DRIVE_PTS_PCT_rank,DRIVE_FT_PCT_rank,DRIVE_PASSES_PCT_rank,DRIVE_TOV_PCT_rank,DRIVE_PF_PCT_rank,DRIVE_FG_PCT_rank,DRIVE_AST_PCT_rank,REB_CHANCE_PCT_rank,OREB_CONTEST_PCT_rank,OREB_CHANCE_PCT_rank,DREB_CHANCE_PCT_rank,DREB_CONTEST_PCT_rank,DREB_CHANCE_PCT_ADJ_rank,REB_CHANCE_PCT_ADJ_rank,OREB_CHANCE_PCT_ADJ_rank,REB_CONTEST_PCT_rank,very_tight_EFG_PCT_rank,very_tight_FG2_PCT_rank,very_tight_FG3_PCT_rank,very_tight_FG_PCT_rank,tight_FG_PCT_rank,tight_EFG_PCT_rank,tight_FG2_PCT_rank,tight_FG3_PCT_rank,open_FG2_PCT_rank,open_EFG_PCT_rank,open_FG3_PCT_rank,open_FG_PCT_rank,wide_open_FG2_PCT_rank,wide_open_FG_PCT_rank,wide_open_FG3_PCT_rank,wide_open_EFG_PCT_rank,PULL_UP_EFG_PCT_rank,PULL_UP_FG3_PCT_rank,PULL_UP_FG_PCT_rank,ELBOW_TOUCH_FG_PCT_rank,CATCH_SHOOT_FG_PCT_rank,PAINT_TOUCH_FG_PCT_rank,POST_TOUCH_FG_PCT_rank,EFF_FG_PCT_rank,LT_06_PCT_rank,NS_LT_06_PCT_rank,CATCH_SHOOT_FG3_PCT_rank,CATCH_SHOOT_EFG_PCT_rank,hustle_PCT_BOX_OUTS_TEAM_REB_rank,post_touch_POST_TOUCH_AST_PCT_rank,post_touch_POST_TOUCH_FG_PCT_rank,D_FG_PCT_rank,post_touch_POST_TOUCH_PTS_PCT_rank,more_15ft_def_OREB_CHANCE_PCT_ADJ_rank,PCT_PLUSMINUS_rank,post_touch_POST_TOUCH_TOV_PCT_rank,less_6ft_def_LT_06_PCT_rank,more_15ft_def_REB_CHANCE_PCT_ADJ_rank,hustle_PCT_LOOSE_BALLS_RECOVERED_OFF_rank,post_touch_POST_TOUCH_FOULS_PCT_rank,three_pt_def_FREQ_rank,more_15ft_def_DREB_CHANCE_PCT_ADJ_rank,less_6ft_def_NS_LT_06_PCT_rank,three_pt_def_FG3_PCT_rank,more_15ft_def_REB_CHANCE_PCT_rank,post_touch_POST_TOUCH_PASSES_PCT_rank,three_pt_def_NS_FG3_PCT_rank,more_15ft_def_OREB_CONTEST_PCT_rank,two_pt_def_FG2_PCT_rank,less_10ft_def_FREQ_rank,less_10ft_def_NS_LT_10_PCT_rank,NORMAL_FG_PCT_rank,less_6ft_def_FREQ_rank,more_15ft_def_DREB_CONTEST_PCT_rank,more_15ft_def_REB_CONTEST_PCT_rank,two_pt_def_FREQ_rank,hustle_PCT_LOOSE_BALLS_RECOVERED_DEF_rank,post_touch_POST_TOUCH_FT_PCT_rank,hustle_PCT_BOX_OUTS_REB_rank,hustle_PCT_BOX_OUTS_DEF_rank,more_15ft_def_OREB_CHANCE_PCT_rank,hustle_PCT_BOX_OUTS_OFF_rank,two_pt_def_NS_FG2_PCT_rank,more_15ft_def_DREB_CHANCE_PCT_rank,less_10ft_def_LT_10_PCT_rank
95,201147,Corey Brewer,21,79,2008,3524,MIN,1610612750,22.0,0.0,0.0,0,0,0,0,0,51.13507377979569,5.164585698070375,13.791146424517594,0.19863791146424517,1.0215664018161181,2.497162315550511,3.1214528944381383,2.3269012485811578,5.959137343927355,8.286038592508513,3.1498297389330308,2.525539160045403,2.1566401816118046,0.7094211123723042,0.9648127128263337,5.334846765039727,2.866061293984109,13.024971623155505,-9.108967082860387,0.0,0.0,0.056753688989784334,2.6674233825198637,3.064699205448354,3.064699205448354,-0.22701475595913734,3.064699205448354,2.8093076049943244,2.213393870601589,0.42565266742338254,2.8093076049943244,2.6674233825198637,-0.22701475595913734,-0.25539160045402953,2.6674233825198637,2.7809307604994324,0.170261066969353,0.028376844494892167,0.4540295119182747,0.6526674233825198,2.2701475595913734,0.028376844494892167,6.838819523269012,4.511918274687854,0.056753688989784334,1.362088535754824,0.22701475595913734,0.0851305334846765,2.2417707150964814,0.0851305334846765,0.11350737797956867,0.0,0.340522133938706,0.11350737797956867,0.42565266742338254,0.0,0.0,0.0,0.0,4.05788876276958,0.0,0.31214528944381387,0.0,2.2417707150964814,1.362088535754824,0.14188422247446084,0.7377979568671964,0.0,0.340522133938706,0.0,1.2202043132803633,0.0,0.9648127128263337,0.0,0.0,0.056753688989784334,2.383654937570942,0.0,0.0,0.0,4.7105561861520995,0.0,0.0,0.0,0.0,0.0,0.0,0.0,0.0,0.0,0.0,0.0,0.0,0.0,0.0,0.0,0.0,0.0,0.0,0.0,13.024971623155505,0.0,0.0,0.0,0.0,0.0,0.0,0.0,0.0,0.0,0.0,0.0,0.0,0.0,0.0,0.0,0.0,0.0,0.0,0.0,0.0,0.0,0.0,0.0,0.0,0.0,0.0,0.0,0.0,0.0,0.0,0.0,0.0,0.0,0.0,0.0,0.0,0.0,0.0,0.0,0.0,0.0,0.0,0.0,0.0,0.0,0.0,0.0,0.0,0.0,0.0,0.0,0.0,0.0,0.0,0.0,0.0,0.0,0.0,0.0,0.0,0.0,0.0,0.0,0.0,0.0,0.0,0.0,0.0,0.0,0.0,0.0,0.0,0.0,0.0,0.0,0.0,0.0,33.74006810442679,0.0,0.0,0.0,0.0,0.0,0.0,0.0,0.0,0.0,0.0,0.0,0.0,0.0,0.0,0.0,0.0,0.0,0.0,0.0,0.0,0.0,0.0,0.0,0.0,0.0,0.0,0.0,0.0,0.0,0.0,0.0,0.0,0.0,0.0,0.0,0.0,0.0,0.0,0.0,0.0,0.0,0.0,0.0,0.0,0.0,0.0,0.0,0.0,0.0,0.0,0.0,0.0,0.0,0.0,0.0,0.0,0.0,0.0,0.0,0.0,0.0,0.0,0.0,0.0,0.0,0.266,0.374,0.194,0.8,12.1,0.082,0.092,0.123,12.1,0.429,0.382,0.156,0.044,0.153,0.332,0.0,0.174,0.25,0.497,0.25,0.25,0.333,0.0,0.0,0.0,0.0,0.0,0.0,0.0,0.0,0.0,0.0,0.0,0.0,0.0,0.0,0.0,0.0,0.0,0.0,0.0,0.0,0.0,0.0,0.0,0.0,0.0,0.0,0.0,0.0,0.0,0.0,0.0,0.0,0.0,0.0,0.0,0.0,0.0,0.0,0.0,0.0,0.0,0.0,0.0,0.0,0.0,0.0,0.0,0.0,0.0,0.0,0.0,0.0,0.0,0.0,0.0,0.0,0.0,0.0,0.0,0.0,0.0,0.0,0.0,0.0,0.0,0.0,0.0,0.0,0.0,0.0,0.0,0.0,0.0,0.0,0.0,0.0,0.0,0.0,0.0,0.0,0.0,0.0,0.0,0.5964523281596452,0.2039911308203991,0.31929046563192903,0.401330376940133,0.4079822616407982,0.36585365853658536,0.29711751662971175,0.5476718403547672,0.49667405764966743,0.5055432372505543,0.5188470066518847,0.4279379157427938,0.8514412416851441,0.5365853658536586,0.4700665188470067,0.6252771618625277,0.2771618625277162,0.17738359201773837,0.15299334811529933,0.25609756097560976,0.48337028824833705,0.23503325942350334,0.3370288248337029,0.3614190687361419,0.3614190687361419,0.30376940133037694,0.35920177383592017,0.3215077605321508,0.3348115299334812,0.4124168514412417,0.3215077605321508,0.3370288248337029,0.30376940133037694,0.2771618625277162,0.3370288248337029,0.3170731707317073,0.18625277161862527,0.5365853658536586,0.37472283813747226,0.4279379157427938,0.623059866962306,0.4634146341463415,0.7272727272727273,0.4279379157427938,0.4745011086474501,0.37250554323725055,0.4634146341463415,0.8713968957871396,0.35920177383592017,0.43680709534368073,0.42350332594235035,0.49002217294900224,0.43902439024390244,0.4146341463414634,0.549889135254989,0.49889135254988914,0.4977827050997783,0.49223946784922396,0.4911308203991131,0.7405764966740577,0.4977827050997783,0.4079822616407982,0.48558758314855877,0.3370288248337029,0.6385809312638581,0.88470066518847,0.4057649667405765,0.3647450110864745,0.4124168514412417,0.4623059866962306,0.5476718403547672,0.49002217294900224,0.401330376940133,0.49889135254988914,0.5011086474501109,0.42350332594235035,0.4079822616407982,0.49445676274944567,0.369179600886918,0.4866962305986696,0.43015521064301554,0.5011086474501109,0.5011086474501109,0.5011086474501109,0.5011086474501109,0.5011086474501109,0.5011086474501109,0.5011086474501109,0.5011086474501109,0.5011086474501109,0.5011086474501109,0.5011086474501109,0.5011086474501109,0.5011086474501109,0.5011086474501109,0.5011086474501109,0.5011086474501109,0.5011086474501109,0.5011086474501109,0.5011086474501109,0.17738359201773837,0.5011086474501109,0.5011086474501109,0.5011086474501109,0.5011086474501109,0.5011086474501109,0.5011086474501109,0.5011086474501109,0.5011086474501109,0.5011086474501109,0.5011086474501109,0.5011086474501109,0.5011086474501109,0.5011086474501109,0.5011086474501109,0.5011086474501109,0.5011086474501109,0.5011086474501109,0.5011086474501109,0.5011086474501109,0.5011086474501109,0.5011086474501109,0.5011086474501109,0.5011086474501109,0.5011086474501109,0.5011086474501109,0.5011086474501109,0.5011086474501109,0.5011086474501109,0.5011086474501109,0.5011086474501109,0.5011086474501109,0.5011086474501109,0.5011086474501109,0.5011086474501109,0.5011086474501109,0.5011086474501109,0.5011086474501109,0.5011086474501109,0.5011086474501109,0.5011086474501109,0.5011086474501109,0.5011086474501109,0.5011086474501109,0.5011086474501109,0.5011086474501109,0.5011086474501109,0.5011086474501109,0.5011086474501109,0.5011086474501109,0.5011086474501109,0.5011086474501109,0.5011086474501109,0.5011086474501109,0.5011086474501109,0.5011086474501109,0.5011086474501109,0.5011086474501109,0.5011086474501109,0.5011086474501109,0.5011086474501109,0.5011086474501109,0.5011086474501109,0.5011086474501109,0.5011086474501109,0.5011086474501109,0.5011086474501109,0.5011086474501109,0.5011086474501109,0.5011086474501109,0.5011086474501109,0.5011086474501109,0.5011086474501109,0.5011086474501109,0.5011086474501109,0.5011086474501109,0.5011086474501109,0.5011086474501109,0.23503325942350334,0.5011086474501109,0.5011086474501109,0.5011086474501109,0.5011086474501109,0.5011086474501109,0.5011086474501109,0.5011086474501109,0.5011086474501109,0.5011086474501109,0.5011086474501109,0.5011086474501109,0.5011086474501109,0.5011086474501109,0.5011086474501109,0.5011086474501109,0.5011086474501109,0.5011086474501109,0.5011086474501109,0.5011086474501109,0.5011086474501109,0.5011086474501109,0.5011086474501109,0.5011086474501109,0.5011086474501109,0.5011086474501109,0.5011086474501109,0.5011086474501109,0.5011086474501109,0.5011086474501109,0.5011086474501109,0.5011086474501109,0.5011086474501109,0.5011086474501109,0.5011086474501109,0.5011086474501109,0.5011086474501109,0.5011086474501109,0.5011086474501109,0.5011086474501109,0.5011086474501109,0.5011086474501109,0.5011086474501109,0.5011086474501109,0.5011086474501109,0.5011086474501109,0.5011086474501109,0.5011086474501109,0.5011086474501109,0.5011086474501109,0.5011086474501109,0.5011086474501109,0.5011086474501109,0.5011086474501109,0.5011086474501109,0.5011086474501109,0.5011086474501109,0.5011086474501109,0.5011086474501109,0.5011086474501109,0.5011086474501109,0.5011086474501109,0.5011086474501109,0.5011086474501109,0.5011086474501109,0.5011086474501109,0.13747228381374724,0.1674057649667406,0.37250554323725055,0.697339246119734,0.6529933481152993,0.49445676274944567,0.4445676274944568,0.5299334811529933,0.6541019955654102,0.1197339246119734,0.09090909090909091,0.27161862527716185,0.516629711751663,0.26940133037694014,0.2838137472283814,0.49002217294900224,0.3902439024390244,0.4556541019955654,0.21618625277161863,0.4866962305986696,0.5221729490022173,0.36363636363636365,0.5011086474501109,0.5011086474501109,0.5011086474501109,0.5011086474501109,0.5011086474501109,0.5011086474501109,0.5011086474501109,0.5011086474501109,0.5011086474501109,0.5011086474501109,0.5011086474501109,0.5011086474501109,0.5011086474501109,0.5011086474501109,0.5011086474501109,0.5011086474501109,0.5011086474501109,0.5011086474501109,0.5011086474501109,0.5011086474501109,0.5011086474501109,0.5011086474501109,0.5011086474501109,0.5011086474501109,0.5011086474501109,0.5011086474501109,0.5011086474501109,0.5011086474501109,0.5011086474501109,0.5011086474501109,0.5011086474501109,0.5011086474501109,0.5011086474501109,0.5011086474501109,0.5011086474501109,0.5011086474501109,0.5011086474501109,0.5011086474501109,0.5011086474501109,0.5011086474501109,0.5011086474501109,0.5011086474501109,0.5011086474501109,0.5011086474501109,0.5011086474501109,0.5011086474501109,0.5011086474501109,0.5011086474501109,0.5011086474501109,0.5011086474501109,0.5011086474501109,0.5011086474501109,0.5011086474501109,0.5011086474501109,0.5011086474501109,0.5011086474501109,0.5011086474501109,0.5011086474501109,0.5011086474501109,0.5011086474501109,0.5011086474501109,0.5011086474501109,0.5011086474501109,0.5011086474501109,0.5011086474501109,0.5011086474501109,0.5011086474501109,0.5011086474501109,0.5011086474501109,0.5011086474501109,0.5011086474501109,0.5011086474501109,0.5011086474501109,0.5011086474501109,0.5011086474501109,0.5011086474501109,0.5011086474501109,0.5011086474501109,0.5011086474501109,0.5011086474501109,0.5011086474501109,0.5011086474501109,0.5011086474501109
87,201147,Corey Brewer,4,15,2009,604,MIN,1610612750,23.0,0.0,0.0,0,0,0,0,0,50.82781456953642,6.125827814569536,14.900662251655628,0.8278145695364238,1.9867549668874172,2.3178807947019866,3.1456953642384105,2.980132450331126,5.132450331125828,8.112582781456954,4.139072847682119,2.152317880794702,2.4834437086092715,0.4966887417218543,1.8211920529801324,6.125827814569536,3.1456953642384105,15.397350993377483,-0.9933774834437086,0.0,0.0,0.33112582781456956,15.728476821192054,16.887417218543046,16.887417218543046,0.0,16.721854304635762,17.05298013245033,13.079470198675496,2.980132450331126,17.05298013245033,15.728476821192054,0.0,0.0,15.728476821192054,16.887417218543046,0.9933774834437086,0.16556291390728478,0.33112582781456956,0.8278145695364238,1.9867549668874172,0.0,5.7947019867549665,5.7947019867549665,0.6622516556291391,1.3245033112582782,1.1589403973509933,0.0,2.980132450331126,0.6622516556291391,0.0,0.0,1.1589403973509933,0.16556291390728478,0.33112582781456956,0.0,0.0,0.0,0.0,3.4768211920529803,0.0,0.16556291390728478,0.0,2.980132450331126,1.1589403973509933,0.16556291390728478,1.490066225165563,0.0,0.16556291390728478,0.0,0.6622516556291391,0.0,0.6622516556291391,0.0,0.0,0.0,3.642384105960265,0.0,0.0,0.0,6.125827814569536,0.0,0.0,0.0,0.0,0.0,0.0,0.0,0.0,0.0,0.0,0.0,0.0,0.0,0.0,0.0,0.0,0.0,0.0,0.0,15.397350993377483,0.0,0.0,0.0,0.0,0.0,0.0,0.0,0.0,0.0,0.0,0.0,0.0,0.0,0.0,0.0,0.0,0.0,0.0,0.0,0.0,0.0,0.0,0.0,0.0,0.0,0.0,0.0,0.0,0.0,0.0,0.0,0.0,0.0,0.0,0.0,0.0,0.0,0.0,0.0,0.0,0.0,0.0,0.0,0.0,0.0,0.0,0.0,0.0,0.0,0.0,0.0,0.0,0.0,0.0,0.0,0.0,0.0,0.0,0.0,0.0,0.0,0.0,0.0,0.0,0.0,0.0,0.0,0.0,0.0,0.0,0.0,0.0,0.0,0.0,0.0,0.0,0.0,38.079470198675494,0.0,0.0,0.0,0.0,0.0,0.0,0.0,0.0,0.0,0.0,0.0,0.0,0.0,0.0,0.0,0.0,0.0,0.0,0.0,0.0,0.0,0.0,0.0,0.0,0.0,0.0,0.0,0.0,0.0,0.0,0.0,0.0,0.0,0.0,0.0,0.0,0.0,0.0,0.0,0.0,0.0,0.0,0.0,0.0,0.0,0.0,0.0,0.0,0.0,0.0,0.0,0.0,0.0,0.0,0.0,0.0,0.0,0.0,0.0,0.0,0.0,0.0,0.0,0.0,0.0,0.267,0.411,0.417,0.737,9.6,0.081,0.125,0.103,9.5,0.473,0.439,0.163,0.06,0.159,0.343,0.0,0.2,0.571,0.514,0.571,0.0,0.25,0.0,0.0,0.0,0.0,0.0,0.0,0.0,0.0,0.0,0.0,0.0,0.0,0.0,0.0,0.0,0.0,0.0,0.0,0.0,0.0,0.0,0.0,0.0,0.0,0.0,0.0,0.0,0.0,0.0,0.0,0.0,0.0,0.0,0.0,0.0,0.0,0.0,0.0,0.0,0.0,0.0,0.0,0.0,0.0,0.0,0.0,0.0,0.0,0.0,0.0,0.0,0.0,0.0,0.0,0.0,0.0,0.0,0.0,0.0,0.0,0.0,0.0,0.0,0.0,0.0,0.0,0.0,0.0,0.0,0.0,0.0,0.0,0.0,0.0,0.0,0.0,0.0,0.0,0.0,0.0,0.0,0.0,0.0,0.48314606741573035,0.3303370786516854,0.39101123595505616,0.503370786516854,0.4449438202247191,0.3415730337078652,0.31685393258426964,0.6359550561797753,0.40224719101123596,0.5101123595505618,0.6719101123595506,0.27191011235955054,0.9370786516853933,0.4044943820224719,0.9056179775280899,0.7348314606741573,0.3325842696629214,0.2943820224719101,0.5235955056179775,0.2449438202247191,0.4853932584269663,0.950561797752809,0.7955056179775281,0.7887640449438202,0.7887640449438202,0.5842696629213483,0.7865168539325843,0.8089887640449438,0.7932584269662921,0.8966292134831461,0.8089887640449438,0.797752808988764,0.5842696629213483,0.5921348314606741,0.7955056179775281,0.802247191011236,0.9213483146067416,0.898876404494382,0.27640449438202247,0.4157303370786517,0.5662921348314607,0.22247191011235956,0.6112359550561798,0.5573033707865168,0.9168539325842696,0.36179775280898874,0.8292134831460675,0.2910112359550562,0.5078651685393258,0.7595505617977528,0.18876404494382024,0.4898876404494382,0.6202247191011236,0.42921348314606744,0.43595505617977526,0.4887640449438202,0.4943820224719101,0.4943820224719101,0.4910112359550562,0.6561797752808989,0.49775280898876406,0.3752808988764045,0.47752808988764045,0.4898876404494382,0.6,0.9168539325842696,0.6539325842696629,0.36966292134831463,0.2292134831460674,0.4752808988764045,0.28314606741573034,0.49325842696629213,0.24382022471910111,0.49325842696629213,0.49775280898876406,0.19101123595505617,0.6089887640449438,0.48651685393258426,0.3808988764044944,0.49325842696629213,0.5662921348314607,0.501123595505618,0.501123595505618,0.501123595505618,0.501123595505618,0.501123595505618,0.501123595505618,0.501123595505618,0.501123595505618,0.501123595505618,0.501123595505618,0.501123595505618,0.501123595505618,0.501123595505618,0.501123595505618,0.501123595505618,0.501123595505618,0.501123595505618,0.501123595505618,0.501123595505618,0.2943820224719101,0.501123595505618,0.501123595505618,0.501123595505618,0.501123595505618,0.501123595505618,0.501123595505618,0.501123595505618,0.501123595505618,0.501123595505618,0.501123595505618,0.501123595505618,0.501123595505618,0.501123595505618,0.501123595505618,0.501123595505618,0.501123595505618,0.501123595505618,0.501123595505618,0.501123595505618,0.501123595505618,0.501123595505618,0.501123595505618,0.501123595505618,0.501123595505618,0.501123595505618,0.501123595505618,0.501123595505618,0.501123595505618,0.501123595505618,0.501123595505618,0.501123595505618,0.501123595505618,0.501123595505618,0.501123595505618,0.501123595505618,0.501123595505618,0.501123595505618,0.501123595505618,0.501123595505618,0.501123595505618,0.501123595505618,0.501123595505618,0.501123595505618,0.501123595505618,0.501123595505618,0.501123595505618,0.501123595505618,0.501123595505618,0.501123595505618,0.501123595505618,0.501123595505618,0.501123595505618,0.501123595505618,0.501123595505618,0.501123595505618,0.501123595505618,0.501123595505618,0.501123595505618,0.501123595505618,0.501123595505618,0.501123595505618,0.501123595505618,0.501123595505618,0.501123595505618,0.501123595505618,0.501123595505618,0.501123595505618,0.501123595505618,0.501123595505618,0.501123595505618,0.501123595505618,0.501123595505618,0.501123595505618,0.501123595505618,0.501123595505618,0.501123595505618,0.501123595505618,0.4247191011235955,0.501123595505618,0.501123595505618,0.501123595505618,0.501123595505618,0.501123595505618,0.501123595505618,0.501123595505618,0.501123595505618,0.501123595505618,0.501123595505618,0.501123595505618,0.501123595505618,0.501123595505618,0.501123595505618,0.501123595505618,0.501123595505618,0.501123595505618,0.501123595505618,0.501123595505618,0.501123595505618,0.501123595505618,0.501123595505618,0.501123595505618,0.501123595505618,0.501123595505618,0.501123595505618,0.501123595505618,0.501123595505618,0.501123595505618,0.501123595505618,0.501123595505618,0.501123595505618,0.501123595505618,0.501123595505618,0.501123595505618,0.501123595505618,0.501123595505618,0.501123595505618,0.501123595505618,0.501123595505618,0.501123595505618,0.501123595505618,0.501123595505618,0.501123595505618,0.501123595505618,0.501123595505618,0.501123595505618,0.501123595505618,0.501123595505618,0.501123595505618,0.501123595505618,0.501123595505618,0.501123595505618,0.501123595505618,0.501123595505618,0.501123595505618,0.501123595505618,0.501123595505618,0.501123595505618,0.501123595505618,0.501123595505618,0.501123595505618,0.501123595505618,0.501123595505618,0.501123595505618,0.13707865168539327,0.28314606741573034,0.9044943820224719,0.42359550561797754,0.3235955056179775,0.5,0.651685393258427,0.3853932584269663,0.30786516853932583,0.19325842696629214,0.21235955056179776,0.30337078651685395,0.6382022471910113,0.3044943820224719,0.3382022471910112,0.4898876404494382,0.39775280898876403,0.9707865168539326,0.251685393258427,0.9382022471910112,0.22247191011235956,0.21235955056179776,0.501123595505618,0.501123595505618,0.501123595505618,0.501123595505618,0.501123595505618,0.501123595505618,0.501123595505618,0.501123595505618,0.501123595505618,0.501123595505618,0.501123595505618,0.501123595505618,0.501123595505618,0.501123595505618,0.501123595505618,0.501123595505618,0.501123595505618,0.501123595505618,0.501123595505618,0.501123595505618,0.501123595505618,0.501123595505618,0.501123595505618,0.501123595505618,0.501123595505618,0.501123595505618,0.501123595505618,0.501123595505618,0.501123595505618,0.501123595505618,0.501123595505618,0.501123595505618,0.501123595505618,0.501123595505618,0.501123595505618,0.501123595505618,0.501123595505618,0.501123595505618,0.501123595505618,0.501123595505618,0.501123595505618,0.501123595505618,0.501123595505618,0.501123595505618,0.501123595505618,0.501123595505618,0.501123595505618,0.501123595505618,0.501123595505618,0.501123595505618,0.501123595505618,0.501123595505618,0.501123595505618,0.501123595505618,0.501123595505618,0.501123595505618,0.501123595505618,0.501123595505618,0.501123595505618,0.501123595505618,0.501123595505618,0.501123595505618,0.501123595505618,0.501123595505618,0.501123595505618,0.501123595505618,0.501123595505618,0.501123595505618,0.501123595505618,0.501123595505618,0.501123595505618,0.501123595505618,0.501123595505618,0.501123595505618,0.501123595505618,0.501123595505618,0.501123595505618,0.501123595505618,0.501123595505618,0.501123595505618,0.501123595505618,0.501123595505618,0.501123595505618
84,201147,Corey Brewer,15,82,2010,5064,MIN,1610612750,24.0,0.0,0.0,0,0,0,0,0,48.992890995260666,8.076619273301738,18.740126382306478,1.6192733017377567,4.680094786729858,3.278041074249605,5.055292259083728,1.382306477093207,4.127172195892575,5.509478672985782,3.811216429699842,3.2385466034755135,2.31042654028436,0.5726698262243286,1.165086887835703,4.423380726698262,4.166666666666667,21.05055292259084,-10.011848341232227,0.019747235387045814,0.0,0.09873617693522907,1.915481832543444,2.1721958925750395,2.1721958925750395,-0.19747235387045814,2.1524486571879935,1.9747235387045814,1.599526066350711,0.2567140600315956,1.9747235387045814,1.9352290679304898,-0.19747235387045814,-0.19747235387045814,1.915481832543444,1.9549763033175356,0.21721958925750395,0.019747235387045814,0.631911532385466,3.39652448657188,2.014218009478673,0.21721958925750395,5.983412322274882,6.417851500789889,0.1579778830963665,1.6587677725118484,0.5134281200631912,0.05924170616113744,3.811216429699842,0.37519747235387046,0.7109004739336493,0.019747235387045814,1.2243285939968405,1.2243285939968405,0.3949447077409163,0.0,0.0,0.0,0.0,3.3570300157977884,0.0,1.69826224328594,0.019747235387045814,3.8704581358609795,1.2243285939968405,0.11848341232227488,1.6192733017377567,0.05924170616113744,0.4344391785150079,0.019747235387045814,1.0268562401263823,0.0,1.2045813586097947,0.0,0.0,0.49368088467614535,4.6406003159557665,0.0,0.0,0.0,6.6350710900473935,0.0,0.0,0.0,0.0,0.0,0.0,0.0,0.0,0.0,0.0,0.0,0.0,0.0,0.0,0.0,0.0,0.0,0.0,0.0,21.05055292259084,0.0,0.0,0.0,0.0,0.0,0.0,0.0,0.0,0.0,0.0,0.0,0.0,0.0,0.0,0.0,0.0,0.0,0.0,0.0,0.0,0.0,0.0,0.0,0.0,0.0,0.0,0.0,0.0,0.0,0.0,0.0,0.0,0.0,0.0,0.0,0.0,0.0,0.0,0.0,0.0,0.0,0.0,0.0,0.0,0.0,0.0,0.0,0.0,0.0,0.0,0.0,0.0,0.0,0.0,0.0,0.0,0.0,0.0,0.0,0.0,0.0,0.0,0.0,0.0,0.0,0.0,0.0,0.0,0.0,0.0,0.0,0.0,0.0,0.0,0.0,0.0,0.0,38.783570300157976,0.0,0.0,0.0,0.0,0.0,0.0,0.0,0.0,0.0,0.0,0.0,0.0,0.0,0.0,0.0,0.0,0.0,0.0,0.0,0.0,0.0,0.0,0.0,0.0,0.0,0.0,0.0,0.0,0.0,0.0,0.0,0.0,0.0,0.0,0.0,0.0,0.0,0.0,0.0,0.0,0.0,0.0,0.0,0.0,0.0,0.0,0.0,0.0,0.0,0.0,0.0,0.0,0.0,0.0,0.0,0.0,0.0,0.0,0.0,0.0,0.0,0.0,0.0,0.0,0.0,0.183,0.431,0.346,0.648,11.6,0.057,0.122,0.088,11.6,0.502,0.474,0.215,0.028,0.212,0.337,0.333,0.36,0.306,0.594,0.308,0.306,0.381,0.0,0.0,0.0,0.0,0.0,0.0,0.0,0.0,0.0,0.0,0.0,0.0,0.0,0.0,0.0,0.0,0.0,0.0,0.0,0.0,0.0,0.0,0.0,0.0,0.0,0.0,0.0,0.0,0.0,0.0,0.0,0.0,0.0,0.0,0.0,0.0,0.0,0.0,0.0,0.0,0.0,0.0,0.0,0.0,0.0,0.0,0.0,0.0,0.0,0.0,0.0,0.0,0.0,0.0,0.0,0.0,0.0,0.0,0.0,0.0,0.0,0.0,0.0,0.0,0.0,0.0,0.0,0.0,0.0,0.0,0.0,0.0,0.0,0.0,0.0,0.0,0.0,0.0,0.0,0.0,0.0,0.0,0.0,0.21541950113378686,0.6893424036281179,0.7414965986394558,0.6281179138321995,0.6031746031746031,0.5487528344671202,0.6190476190476191,0.3854875283446712,0.2018140589569161,0.26303854875283444,0.6167800453514739,0.7006802721088435,0.9002267573696145,0.4376417233560091,0.6666666666666666,0.46258503401360546,0.5850340136054422,0.6575963718820862,0.11337868480725624,0.4852607709750567,0.48072562358276644,0.5260770975056689,0.12895927601809956,0.1360544217687075,0.1360544217687075,0.29024943310657597,0.1360544217687075,0.06802721088435375,0.13122171945701358,0.21315192743764172,0.06802721088435375,0.13151927437641722,0.29024943310657597,0.2947845804988662,0.12895927601809956,0.07029478458049887,0.3673469387755102,0.42857142857142855,0.4489795918367347,0.6485260770975056,0.5782312925170068,0.6757369614512472,0.6575963718820862,0.6780045351473923,0.5782312925170068,0.4421768707482993,0.5963718820861678,0.7528344671201814,0.6666666666666666,0.6077097505668935,0.7120181405895691,0.9705215419501134,0.63718820861678,0.6802721088435374,0.5011337868480725,0.4943310657596372,0.4977324263038549,0.4931972789115646,0.49206349206349204,0.6530612244897959,0.4954648526077097,0.5941043083900227,0.9659863945578231,0.6439909297052154,0.6235827664399093,0.8299319727891157,0.6961451247165533,0.9024943310657596,0.42857142857142855,0.9455782312925171,0.4603174603174603,0.48639455782312924,0.4489795918367347,0.4988662131519274,0.5,0.6031746031746031,0.7369614512471655,0.4977324263038549,0.3673469387755102,0.4909297052154195,0.6757369614512472,0.5011337868480725,0.5011337868480725,0.5011337868480725,0.5011337868480725,0.5011337868480725,0.5011337868480725,0.5011337868480725,0.5011337868480725,0.5011337868480725,0.5011337868480725,0.5011337868480725,0.5011337868480725,0.5011337868480725,0.5011337868480725,0.5011337868480725,0.5011337868480725,0.5011337868480725,0.5011337868480725,0.5011337868480725,0.6575963718820862,0.5011337868480725,0.5011337868480725,0.5011337868480725,0.5011337868480725,0.5011337868480725,0.5011337868480725,0.5011337868480725,0.5011337868480725,0.5011337868480725,0.5011337868480725,0.5011337868480725,0.5011337868480725,0.5011337868480725,0.5011337868480725,0.5011337868480725,0.5011337868480725,0.5011337868480725,0.5011337868480725,0.5011337868480725,0.5011337868480725,0.5011337868480725,0.5011337868480725,0.5011337868480725,0.5011337868480725,0.5011337868480725,0.5011337868480725,0.5011337868480725,0.5011337868480725,0.5011337868480725,0.5011337868480725,0.5011337868480725,0.5011337868480725,0.5011337868480725,0.5011337868480725,0.5011337868480725,0.5011337868480725,0.5011337868480725,0.5011337868480725,0.5011337868480725,0.5011337868480725,0.5011337868480725,0.5011337868480725,0.5011337868480725,0.5011337868480725,0.5011337868480725,0.5011337868480725,0.5011337868480725,0.5011337868480725,0.5011337868480725,0.5011337868480725,0.5011337868480725,0.5011337868480725,0.5011337868480725,0.5011337868480725,0.5011337868480725,0.5011337868480725,0.5011337868480725,0.5011337868480725,0.5011337868480725,0.5011337868480725,0.5011337868480725,0.5011337868480725,0.5011337868480725,0.5011337868480725,0.5011337868480725,0.5011337868480725,0.5011337868480725,0.5011337868480725,0.5011337868480725,0.5011337868480725,0.5011337868480725,0.5011337868480725,0.5011337868480725,0.5011337868480725,0.5011337868480725,0.5011337868480725,0.5011337868480725,0.45351473922902497,0.5011337868480725,0.5011337868480725,0.5011337868480725,0.5011337868480725,0.5011337868480725,0.5011337868480725,0.5011337868480725,0.5011337868480725,0.5011337868480725,0.5011337868480725,0.5011337868480725,0.5011337868480725,0.5011337868480725,0.5011337868480725,0.5011337868480725,0.5011337868480725,0.5011337868480725,0.5011337868480725,0.5011337868480725,0.5011337868480725,0.5011337868480725,0.5011337868480725,0.5011337868480725,0.5011337868480725,0.5011337868480725,0.5011337868480725,0.5011337868480725,0.5011337868480725,0.5011337868480725,0.5011337868480725,0.5011337868480725,0.5011337868480725,0.5011337868480725,0.5011337868480725,0.5011337868480725,0.5011337868480725,0.5011337868480725,0.5011337868480725,0.5011337868480725,0.5011337868480725,0.5011337868480725,0.5011337868480725,0.5011337868480725,0.5011337868480725,0.5011337868480725,0.5011337868480725,0.5011337868480725,0.5011337868480725,0.5011337868480725,0.5011337868480725,0.5011337868480725,0.5011337868480725,0.5011337868480725,0.5011337868480725,0.5011337868480725,0.5011337868480725,0.5011337868480725,0.5011337868480725,0.5011337868480725,0.5011337868480725,0.5011337868480725,0.5011337868480725,0.5011337868480725,0.5011337868480725,0.5011337868480725,0.06900452488687783,0.3733031674208145,0.6832579185520362,0.25678733031674206,0.582579185520362,0.2748868778280543,0.6323529411764706,0.25,0.584841628959276,0.29524886877828055,0.34502262443438914,0.7420814479638009,0.38800904977375567,0.75,0.3042986425339366,0.9886877828054299,0.7782805429864253,0.497737556561086,0.503393665158371,0.5588235294117647,0.5542986425339367,0.4253393665158371,0.501131221719457,0.501131221719457,0.501131221719457,0.501131221719457,0.501131221719457,0.501131221719457,0.501131221719457,0.501131221719457,0.501131221719457,0.501131221719457,0.501131221719457,0.501131221719457,0.501131221719457,0.501131221719457,0.501131221719457,0.501131221719457,0.501131221719457,0.501131221719457,0.501131221719457,0.501131221719457,0.501131221719457,0.501131221719457,0.501131221719457,0.501131221719457,0.501131221719457,0.501131221719457,0.501131221719457,0.501131221719457,0.501131221719457,0.501131221719457,0.501131221719457,0.501131221719457,0.501131221719457,0.501131221719457,0.501131221719457,0.501131221719457,0.501131221719457,0.501131221719457,0.501131221719457,0.501131221719457,0.501131221719457,0.501131221719457,0.501131221719457,0.501131221719457,0.501131221719457,0.501131221719457,0.501131221719457,0.501131221719457,0.501131221719457,0.501131221719457,0.501131221719457,0.501131221719457,0.501131221719457,0.501131221719457,0.501131221719457,0.501131221719457,0.501131221719457,0.501131221719457,0.501131221719457,0.501131221719457,0.501131221719457,0.501131221719457,0.501131221719457,0.501131221719457,0.501131221719457,0.501131221719457,0.501131221719457,0.501131221719457,0.501131221719457,0.501131221719457,0.501131221719457,0.501131221719457,0.501131221719457,0.501131221719457,0.501131221719457,0.501131221719457,0.501131221719457,0.501131221719457,0.501131221719457,0.501131221719457,0.501131221719457,0.501131221719457,0.501131221719457
84,201147,Corey Brewer,22,69,2011,3114,DAL,1610612742,25.0,0.0,0.0,0,0,0,0,0,48.490687219010915,6.19781631342325,15.67116249197174,0.9633911368015414,3.596660244059088,4.3673731535003215,6.165703275529865,1.8304431599229287,3.7893384714193963,5.619781631342325,2.8580603725112397,2.7938342967244703,3.2113037893384715,0.5138086062941555,0.9955041746949261,5.105973025048169,5.073859987154785,17.726396917148364,-4.174694926140013,0.0,0.0,0.06422607578676943,3.179190751445087,3.4039820166987798,3.4039820166987798,-0.09633911368015415,3.4039820166987798,3.275529865125241,2.6332691072575467,0.35324341682723187,3.275529865125241,3.179190751445087,-0.09633911368015415,-0.09633911368015415,3.179190751445087,3.275529865125241,0.224791265253693,0.03211303789338472,0.899165061014772,1.9910083493898523,1.348747591522158,0.32113037893384716,4.303147077713552,5.234425176621708,0.1926782273603083,2.5369299935773926,0.6101477199743096,0.25690430314707774,2.9865125240847785,0.5138086062941555,0.7385998715478485,0.0,1.348747591522158,0.449582530507386,0.35324341682723187,0.0,0.0,0.0,0.0,2.4405908798972384,0.0,0.9955041746949261,0.0,3.1149646756583174,0.7707129094412332,0.28901734104046245,0.9633911368015414,0.0,0.7385998715478485,0.0,0.899165061014772,0.0,2.151573538856776,0.0,0.0,0.25690430314707774,3.275529865125241,0.0,0.03211303789338472,0.0,5.5876685934489405,0.0,0.0,0.0,0.0,0.0,0.0,0.0,0.0,0.0,0.0,0.0,0.0,0.0,0.0,0.0,0.0,0.0,0.0,0.0,17.726396917148364,0.0,0.0,0.0,0.0,0.0,0.0,0.0,0.0,0.0,0.0,0.0,0.0,0.0,0.0,0.0,0.0,0.0,0.0,0.0,0.0,0.0,0.0,0.0,0.0,0.0,0.0,0.0,0.0,0.0,0.0,0.0,0.0,0.0,0.0,0.0,0.0,0.0,0.0,0.0,0.0,0.0,0.0,0.0,0.0,0.0,0.0,0.0,0.0,0.0,0.0,0.0,0.0,0.0,0.0,0.0,0.0,0.0,0.0,0.0,0.0,0.0,0.0,0.0,0.0,0.0,0.0,0.0,0.0,0.0,0.0,0.0,0.0,0.0,0.0,0.0,0.0,0.0,37.12267180475273,0.0,0.0,0.0,0.0,0.0,0.0,0.0,0.0,0.0,0.0,0.0,0.0,0.0,0.0,0.0,0.0,0.0,0.0,0.0,0.0,0.0,0.0,0.0,0.0,0.0,0.0,0.0,0.0,0.0,0.0,0.0,0.0,0.0,0.0,0.0,0.0,0.0,0.0,0.0,0.0,0.0,0.0,0.0,0.0,0.0,0.0,0.0,0.0,0.0,0.0,0.0,0.0,0.0,0.0,0.0,0.0,0.0,0.0,0.0,0.0,0.0,0.0,0.0,0.0,0.0,0.319,0.395,0.268,0.708,11.6,0.057,0.09,0.079,11.6,0.482,0.426,0.185,0.036,0.183,0.313,0.0,0.226,0.381,0.571,0.316,0.435,0.354,0.0,0.0,0.0,0.0,0.0,0.0,0.0,0.0,0.0,0.0,0.0,0.0,0.0,0.0,0.0,0.0,0.0,0.0,0.0,0.0,0.0,0.0,0.0,0.0,0.0,0.0,0.0,0.0,0.0,0.0,0.0,0.0,0.0,0.0,0.0,0.0,0.0,0.0,0.0,0.0,0.0,0.0,0.0,0.0,0.0,0.0,0.0,0.0,0.0,0.0,0.0,0.0,0.0,0.0,0.0,0.0,0.0,0.0,0.0,0.0,0.0,0.0,0.0,0.0,0.0,0.0,0.0,0.0,0.0,0.0,0.0,0.0,0.0,0.0,0.0,0.0,0.0,0.0,0.0,0.0,0.0,0.0,0.0,0.07964601769911504,0.37389380530973454,0.48451327433628316,0.5243362831858407,0.5464601769911505,0.7522123893805309,0.7809734513274337,0.49557522123893805,0.1592920353982301,0.2831858407079646,0.4668141592920354,0.5530973451327433,0.9889380530973452,0.37168141592920356,0.5376106194690266,0.5995575221238938,0.7654867256637168,0.4557522123893805,0.3827433628318584,0.25442477876106195,0.4723451327433628,0.26548672566371684,0.44026548672566373,0.413716814159292,0.413716814159292,0.4247787610619469,0.41814159292035397,0.3938053097345133,0.4336283185840708,0.3075221238938053,0.3938053097345133,0.4358407079646018,0.4247787610619469,0.4358407079646018,0.44026548672566373,0.39823008849557523,0.4269911504424779,0.5464601769911505,0.5951327433628318,0.5154867256637168,0.41814159292035397,0.754424778761062,0.4690265486725664,0.5376106194690266,0.6371681415929203,0.6039823008849557,0.6393805309734514,0.9823008849557522,0.5154867256637168,0.6858407079646017,0.7433628318584071,0.48783185840707965,0.6836283185840708,0.5110619469026548,0.5066371681415929,0.49004424778761063,0.49336283185840707,0.49336283185840707,0.49336283185840707,0.48672566371681414,0.49557522123893805,0.504424778761062,0.4811946902654867,0.5110619469026548,0.413716814159292,0.9690265486725663,0.5022123893805309,0.3672566371681416,0.661504424778761,0.4778761061946903,0.4491150442477876,0.4944690265486726,0.7079646017699115,0.49557522123893805,0.49668141592920356,0.5154867256637168,0.5597345132743363,0.49557522123893805,0.8429203539823009,0.4889380530973451,0.5331858407079646,0.5011061946902655,0.5011061946902655,0.5011061946902655,0.5011061946902655,0.5011061946902655,0.5011061946902655,0.5011061946902655,0.5011061946902655,0.5011061946902655,0.5011061946902655,0.5011061946902655,0.5011061946902655,0.5011061946902655,0.5011061946902655,0.5011061946902655,0.5011061946902655,0.5011061946902655,0.5011061946902655,0.5011061946902655,0.4557522123893805,0.5011061946902655,0.5011061946902655,0.5011061946902655,0.5011061946902655,0.5011061946902655,0.5011061946902655,0.5011061946902655,0.5011061946902655,0.5011061946902655,0.5011061946902655,0.5011061946902655,0.5011061946902655,0.5011061946902655,0.5011061946902655,0.5011061946902655,0.5011061946902655,0.5011061946902655,0.5011061946902655,0.5011061946902655,0.5011061946902655,0.5011061946902655,0.5011061946902655,0.5011061946902655,0.5011061946902655,0.5011061946902655,0.5011061946902655,0.5011061946902655,0.5011061946902655,0.5011061946902655,0.5011061946902655,0.5011061946902655,0.5011061946902655,0.5011061946902655,0.5011061946902655,0.5011061946902655,0.5011061946902655,0.5011061946902655,0.5011061946902655,0.5011061946902655,0.5011061946902655,0.5011061946902655,0.5011061946902655,0.5011061946902655,0.5011061946902655,0.5011061946902655,0.5011061946902655,0.5011061946902655,0.5011061946902655,0.5011061946902655,0.5011061946902655,0.5011061946902655,0.5011061946902655,0.5011061946902655,0.5011061946902655,0.5011061946902655,0.5011061946902655,0.5011061946902655,0.5011061946902655,0.5011061946902655,0.5011061946902655,0.5011061946902655,0.5011061946902655,0.5011061946902655,0.5011061946902655,0.5011061946902655,0.5011061946902655,0.5011061946902655,0.5011061946902655,0.5011061946902655,0.5011061946902655,0.5011061946902655,0.5011061946902655,0.5011061946902655,0.5011061946902655,0.5011061946902655,0.5011061946902655,0.5011061946902655,0.4026548672566372,0.5011061946902655,0.5011061946902655,0.5011061946902655,0.5011061946902655,0.5011061946902655,0.5011061946902655,0.5011061946902655,0.5011061946902655,0.5011061946902655,0.5011061946902655,0.5011061946902655,0.5011061946902655,0.5011061946902655,0.5011061946902655,0.5011061946902655,0.5011061946902655,0.5011061946902655,0.5011061946902655,0.5011061946902655,0.5011061946902655,0.5011061946902655,0.5011061946902655,0.5011061946902655,0.5011061946902655,0.5011061946902655,0.5011061946902655,0.5011061946902655,0.5011061946902655,0.5011061946902655,0.5011061946902655,0.5011061946902655,0.5011061946902655,0.5011061946902655,0.5011061946902655,0.5011061946902655,0.5011061946902655,0.5011061946902655,0.5011061946902655,0.5011061946902655,0.5011061946902655,0.5011061946902655,0.5011061946902655,0.5011061946902655,0.5011061946902655,0.5011061946902655,0.5011061946902655,0.5011061946902655,0.5011061946902655,0.5011061946902655,0.5011061946902655,0.5011061946902655,0.5011061946902655,0.5011061946902655,0.5011061946902655,0.5011061946902655,0.5011061946902655,0.5011061946902655,0.5011061946902655,0.5011061946902655,0.5011061946902655,0.5011061946902655,0.5011061946902655,0.5011061946902655,0.5011061946902655,0.5011061946902655,0.19469026548672566,0.17699115044247787,0.45132743362831856,0.3893805309734513,0.584070796460177,0.29314159292035397,0.4646017699115044,0.17699115044247787,0.5862831858407079,0.21460176991150443,0.15486725663716813,0.5298672566371682,0.48783185840707965,0.540929203539823,0.2488938053097345,0.48783185840707965,0.42920353982300885,0.6747787610619469,0.34623893805309736,0.5785398230088495,0.7831858407079646,0.4723451327433628,0.5011061946902655,0.5011061946902655,0.5011061946902655,0.5011061946902655,0.5011061946902655,0.5011061946902655,0.5011061946902655,0.5011061946902655,0.5011061946902655,0.5011061946902655,0.5011061946902655,0.5011061946902655,0.5011061946902655,0.5011061946902655,0.5011061946902655,0.5011061946902655,0.5011061946902655,0.5011061946902655,0.5011061946902655,0.5011061946902655,0.5011061946902655,0.5011061946902655,0.5011061946902655,0.5011061946902655,0.5011061946902655,0.5011061946902655,0.5011061946902655,0.5011061946902655,0.5011061946902655,0.5011061946902655,0.5011061946902655,0.5011061946902655,0.5011061946902655,0.5011061946902655,0.5011061946902655,0.5011061946902655,0.5011061946902655,0.5011061946902655,0.5011061946902655,0.5011061946902655,0.5011061946902655,0.5011061946902655,0.5011061946902655,0.5011061946902655,0.5011061946902655,0.5011061946902655,0.5011061946902655,0.5011061946902655,0.5011061946902655,0.5011061946902655,0.5011061946902655,0.5011061946902655,0.5011061946902655,0.5011061946902655,0.5011061946902655,0.5011061946902655,0.5011061946902655,0.5011061946902655,0.5011061946902655,0.5011061946902655,0.5011061946902655,0.5011061946902655,0.5011061946902655,0.5011061946902655,0.5011061946902655,0.5011061946902655,0.5011061946902655,0.5011061946902655,0.5011061946902655,0.5011061946902655,0.5011061946902655,0.5011061946902655,0.5011061946902655,0.5011061946902655,0.5011061946902655,0.5011061946902655,0.5011061946902655,0.5011061946902655,0.5011061946902655,0.5011061946902655,0.5011061946902655,0.5011061946902655,0.5011061946902655
82,201147,Corey Brewer,35,59,2012,2616,DEN,1610612743,26.0,0.0,0.0,0,0,0,0,0,49.19724770642202,7.68348623853211,17.698776758409785,1.261467889908257,4.8547400611620795,3.4403669724770642,4.969418960244648,1.643730886850153,4.090214067278287,5.73394495412844,3.363914373088685,2.140672782874618,2.7522935779816513,0.6498470948012233,1.4143730886850152,4.319571865443425,4.051987767584098,20.068807339449542,0.7262996941896025,0.0,0.0,0.11467889908256881,3.746177370030581,3.937308868501529,3.937308868501529,0.0764525993883792,3.937308868501529,4.013761467889908,3.096330275229358,0.4969418960244648,4.013761467889908,3.746177370030581,0.0764525993883792,0.0382262996941896,3.746177370030581,4.013761467889908,0.26758409785932724,0.0382262996941896,0.6116207951070336,1.3761467889908257,0.764525993883792,0.45871559633027525,2.3700305810397553,8.52446483180428,0.4969418960244648,1.9495412844036697,1.834862385321101,0.0764525993883792,5.045871559633028,0.9556574923547401,1.5672782874617737,0.0,3.4021406727828745,0.3058103975535168,0.26758409785932724,0.0,0.0,0.0,0.0,1.2996941896024465,0.0,0.8792048929663608,0.0,5.313455657492355,0.45871559633027525,0.0764525993883792,1.2232415902140672,0.0,0.26758409785932724,0.0,0.8027522935779816,0.0,1.337920489296636,0.0,0.0,0.1529051987767584,4.204892966360856,0.0,0.0764525993883792,0.0,9.021406727828746,0.0,0.0,0.0,0.0,0.0,0.0,0.0,0.0,0.0,0.0,0.0,0.0,0.0,0.0,0.0,0.0,0.0,0.0,0.0,20.068807339449542,0.0,0.0,0.0,0.0,0.0,0.0,0.0,0.0,0.0,0.0,0.0,0.0,0.0,0.0,0.0,0.0,0.0,0.0,0.0,0.0,0.0,0.0,0.0,0.0,0.0,0.0,0.0,0.0,0.0,0.0,0.0,0.0,0.0,0.0,0.0,0.0,0.0,0.0,0.0,0.0,0.0,0.0,0.0,0.0,0.0,0.0,0.0,0.0,0.0,0.0,0.0,0.0,0.0,0.0,0.0,0.0,0.0,0.0,0.0,0.0,0.0,0.0,0.0,0.0,0.0,0.0,0.0,0.0,0.0,0.0,0.0,0.0,0.0,0.0,0.0,0.0,0.0,40.0611620795107,0.0,0.0,0.0,0.0,0.0,0.0,0.0,0.0,0.0,0.0,0.0,0.0,0.0,0.0,0.0,0.0,0.0,0.0,0.0,0.0,0.0,0.0,0.0,0.0,0.0,0.0,0.0,0.0,0.0,0.0,0.0,0.0,0.0,0.0,0.0,0.0,0.0,0.0,0.0,0.0,0.0,0.0,0.0,0.0,0.0,0.0,0.0,0.0,0.0,0.0,0.0,0.0,0.0,0.0,0.0,0.0,0.0,0.0,0.0,0.0,0.0,0.0,0.0,0.0,0.0,0.593,0.434,0.26,0.692,8.4,0.059,0.103,0.083,8.4,0.505,0.47,0.196,0.034,0.191,0.323,0.0,0.222,0.281,0.592,0.271,0.293,0.314,0.0,0.0,0.0,0.0,0.0,0.0,0.0,0.0,0.0,0.0,0.0,0.0,0.0,0.0,0.0,0.0,0.0,0.0,0.0,0.0,0.0,0.0,0.0,0.0,0.0,0.0,0.0,0.0,0.0,0.0,0.0,0.0,0.0,0.0,0.0,0.0,0.0,0.0,0.0,0.0,0.0,0.0,0.0,0.0,0.0,0.0,0.0,0.0,0.0,0.0,0.0,0.0,0.0,0.0,0.0,0.0,0.0,0.0,0.0,0.0,0.0,0.0,0.0,0.0,0.0,0.0,0.0,0.0,0.0,0.0,0.0,0.0,0.0,0.0,0.0,0.0,0.0,0.0,0.0,0.0,0.0,0.0,0.0,0.07740585774058577,0.6464435146443515,0.6548117154811716,0.5648535564853556,0.6171548117154811,0.6464435146443515,0.6715481171548117,0.45188284518828453,0.20920502092050208,0.28870292887029286,0.5606694560669456,0.27405857740585776,0.9414225941422594,0.4560669456066946,0.7782426778242678,0.5062761506276151,0.6234309623430963,0.6464435146443515,0.5815899581589958,0.2897489539748954,0.4874476987447699,0.49267782426778245,0.3786610878661088,0.3619246861924686,0.3619246861924686,0.6736401673640168,0.3702928870292887,0.36610878661087864,0.37656903765690375,0.3619246861924686,0.36610878661087864,0.37656903765690375,0.6736401673640168,0.6192468619246861,0.3786610878661088,0.36610878661087864,0.33263598326359833,0.555439330543933,0.4435146443514644,0.42887029288702927,0.25313807531380755,0.8661087866108786,0.21548117154811716,0.8828451882845189,0.8765690376569037,0.4707112970711297,0.9623430962343096,0.8702928870292888,0.8598326359832636,0.8744769874476988,0.9330543933054394,0.4905857740585774,0.9581589958158996,0.42887029288702927,0.38493723849372385,0.49476987447698745,0.4989539748953975,0.49686192468619245,0.4884937238493724,0.25313807531380755,0.49686192468619245,0.4602510460251046,0.4874476987447699,0.8702928870292888,0.29497907949790797,0.8075313807531381,0.5857740585774058,0.37447698744769875,0.32426778242677823,0.4696652719665272,0.3807531380753138,0.4895397489539749,0.4769874476987448,0.49476987447698745,0.49581589958158995,0.4497907949790795,0.6569037656903766,0.49581589958158995,0.9393305439330544,0.49372384937238495,0.8797071129707112,0.5010460251046025,0.5010460251046025,0.5010460251046025,0.5010460251046025,0.5010460251046025,0.5010460251046025,0.5010460251046025,0.5010460251046025,0.5010460251046025,0.5010460251046025,0.5010460251046025,0.5010460251046025,0.5010460251046025,0.5010460251046025,0.5010460251046025,0.5010460251046025,0.5010460251046025,0.5010460251046025,0.5010460251046025,0.6464435146443515,0.5010460251046025,0.5010460251046025,0.5010460251046025,0.5010460251046025,0.5010460251046025,0.5010460251046025,0.5010460251046025,0.5010460251046025,0.5010460251046025,0.5010460251046025,0.5010460251046025,0.5010460251046025,0.5010460251046025,0.5010460251046025,0.5010460251046025,0.5010460251046025,0.5010460251046025,0.5010460251046025,0.5010460251046025,0.5010460251046025,0.5010460251046025,0.5010460251046025,0.5010460251046025,0.5010460251046025,0.5010460251046025,0.5010460251046025,0.5010460251046025,0.5010460251046025,0.5010460251046025,0.5010460251046025,0.5010460251046025,0.5010460251046025,0.5010460251046025,0.5010460251046025,0.5010460251046025,0.5010460251046025,0.5010460251046025,0.5010460251046025,0.5010460251046025,0.5010460251046025,0.5010460251046025,0.5010460251046025,0.5010460251046025,0.5010460251046025,0.5010460251046025,0.5010460251046025,0.5010460251046025,0.5010460251046025,0.5010460251046025,0.5010460251046025,0.5010460251046025,0.5010460251046025,0.5010460251046025,0.5010460251046025,0.5010460251046025,0.5010460251046025,0.5010460251046025,0.5010460251046025,0.5010460251046025,0.5010460251046025,0.5010460251046025,0.5010460251046025,0.5010460251046025,0.5010460251046025,0.5010460251046025,0.5010460251046025,0.5010460251046025,0.5010460251046025,0.5010460251046025,0.5010460251046025,0.5010460251046025,0.5010460251046025,0.5010460251046025,0.5010460251046025,0.5010460251046025,0.5010460251046025,0.5010460251046025,0.5230125523012552,0.5010460251046025,0.5010460251046025,0.5010460251046025,0.5010460251046025,0.5010460251046025,0.5010460251046025,0.5010460251046025,0.5010460251046025,0.5010460251046025,0.5010460251046025,0.5010460251046025,0.5010460251046025,0.5010460251046025,0.5010460251046025,0.5010460251046025,0.5010460251046025,0.5010460251046025,0.5010460251046025,0.5010460251046025,0.5010460251046025,0.5010460251046025,0.5010460251046025,0.5010460251046025,0.5010460251046025,0.5010460251046025,0.5010460251046025,0.5010460251046025,0.5010460251046025,0.5010460251046025,0.5010460251046025,0.5010460251046025,0.5010460251046025,0.5010460251046025,0.5010460251046025,0.5010460251046025,0.5010460251046025,0.5010460251046025,0.5010460251046025,0.5010460251046025,0.5010460251046025,0.5010460251046025,0.5010460251046025,0.5010460251046025,0.5010460251046025,0.5010460251046025,0.5010460251046025,0.5010460251046025,0.5010460251046025,0.5010460251046025,0.5010460251046025,0.5010460251046025,0.5010460251046025,0.5010460251046025,0.5010460251046025,0.5010460251046025,0.5010460251046025,0.5010460251046025,0.5010460251046025,0.5010460251046025,0.5010460251046025,0.5010460251046025,0.5010460251046025,0.5010460251046025,0.5010460251046025,0.5010460251046025,0.694560669456067,0.5271966527196653,0.4602510460251046,0.37447698744769875,0.16527196652719664,0.3064853556485356,0.5271966527196653,0.2384937238493724,0.1694560669456067,0.45188284518828453,0.47280334728033474,0.5993723849372385,0.4592050209205021,0.5951882845188284,0.30857740585774057,0.4905857740585774,0.42677824267782427,0.5083682008368201,0.5251046025104602,0.5606694560669456,0.602510460251046,0.4027196652719665,0.5010460251046025,0.5010460251046025,0.5010460251046025,0.5010460251046025,0.5010460251046025,0.5010460251046025,0.5010460251046025,0.5010460251046025,0.5010460251046025,0.5010460251046025,0.5010460251046025,0.5010460251046025,0.5010460251046025,0.5010460251046025,0.5010460251046025,0.5010460251046025,0.5010460251046025,0.5010460251046025,0.5010460251046025,0.5010460251046025,0.5010460251046025,0.5010460251046025,0.5010460251046025,0.5010460251046025,0.5010460251046025,0.5010460251046025,0.5010460251046025,0.5010460251046025,0.5010460251046025,0.5010460251046025,0.5010460251046025,0.5010460251046025,0.5010460251046025,0.5010460251046025,0.5010460251046025,0.5010460251046025,0.5010460251046025,0.5010460251046025,0.5010460251046025,0.5010460251046025,0.5010460251046025,0.5010460251046025,0.5010460251046025,0.5010460251046025,0.5010460251046025,0.5010460251046025,0.5010460251046025,0.5010460251046025,0.5010460251046025,0.5010460251046025,0.5010460251046025,0.5010460251046025,0.5010460251046025,0.5010460251046025,0.5010460251046025,0.5010460251046025,0.5010460251046025,0.5010460251046025,0.5010460251046025,0.5010460251046025,0.5010460251046025,0.5010460251046025,0.5010460251046025,0.5010460251046025,0.5010460251046025,0.5010460251046025,0.5010460251046025,0.5010460251046025,0.5010460251046025,0.5010460251046025,0.5010460251046025,0.5010460251046025,0.5010460251046025,0.5010460251046025,0.5010460251046025,0.5010460251046025,0.5010460251046025,0.5010460251046025,0.5010460251046025,0.5010460251046025,0.5010460251046025,0.5010460251046025,0.5010460251046025
81,201147,Corey Brewer,57,82,2013,4101,DEN,1610612743,27.0,0.0,0.0,0,0,0,0,0,48.817361619117285,9.1441111923921,21.531333821019263,2.2189709826871495,7.485979029504999,3.633260180443794,5.26700804681785,1.3411363082175078,4.389173372348208,5.730309680565716,3.023652767617654,2.487198244330651,2.8773469885393808,0.5608388198000488,1.4386734942696904,3.7551816630090222,3.999024628139478,24.140453547915143,3.633260180443794,0.0,0.0,0.0975371860521824,2.3896610582784685,2.487198244330651,2.487198244330651,0.07315288953913679,2.4628139478176054,2.5847354303828336,1.999512314069739,0.24384296513045597,2.5847354303828336,2.3896610582784685,0.07315288953913679,0.12192148256522799,2.3896610582784685,2.6091197268958792,0.24384296513045597,0.0243842965130456,0.7559131919044135,2.487198244330651,1.463057790782736,0.5364545232870032,3.9746403316264325,7.876127773713728,1.1948305291392343,2.194586686174104,2.9017312850524264,0.17069007559131918,4.7061692270178,1.7312850524262375,1.9019751280175567,0.0,4.803706413069983,0.48768593026091195,0.2682272616435016,0.0,0.0,0.0,0.0,2.633504023408925,0.0,1.584979273347964,0.0,4.9500121921482565,1.097293343087052,0.24384296513045597,1.999512314069739,0.0243842965130456,0.5364545232870032,0.0,0.9509875640087784,0.0,1.4874420872957814,0.0,0.0,0.29261155815654716,6.169227017800536,0.0,0.0487685930260912,0.0,8.36381370397464,0.0,0.0,0.0,0.0,0.0,0.0,0.0,0.0,0.0,0.0,0.0,0.0,0.0,0.0,0.0,0.0,0.0,0.0,0.0,24.140453547915143,0.0,0.0,0.0,0.0,0.0,0.0,0.0,0.0,0.0,0.0,0.0,0.0,0.0,0.0,0.0,0.0,0.0,0.0,0.0,0.0,0.0,0.0,0.0,0.0,0.0,0.0,0.0,0.0,0.0,0.0,0.0,0.0,0.0,0.0,0.0,0.0,0.0,0.0,0.0,0.0,0.0,0.0,0.0,0.0,0.0,0.0,0.0,0.0,0.0,0.0,0.0,0.0,0.0,0.0,0.0,0.0,0.0,0.0,0.0,0.0,0.0,0.0,0.0,0.0,0.0,0.0,0.0,0.0,0.0,0.0,0.0,0.0,0.0,0.0,0.0,0.0,0.0,43.37966349670812,0.0,0.0,0.0,0.0,0.0,0.0,0.0,0.0,0.0,0.0,0.0,0.0,0.0,0.0,0.0,0.0,0.0,0.0,0.0,0.0,0.0,0.0,0.0,0.0,0.0,0.0,0.0,0.0,0.0,0.0,0.0,0.0,0.0,0.0,0.0,0.0,0.0,0.0,0.0,0.0,0.0,0.0,0.0,0.0,0.0,0.0,0.0,0.0,0.0,0.0,0.0,0.0,0.0,0.0,0.0,0.0,0.0,0.0,0.0,0.0,0.0,0.0,0.0,0.0,0.0,0.695,0.425,0.296,0.69,8.5,0.056,0.097,0.084,8.5,0.506,0.476,0.233,0.027,0.228,0.368,0.0,0.196,0.36,0.598,0.412,0.282,0.344,0.0,0.0,0.0,0.0,0.0,0.0,0.0,0.0,0.0,0.0,0.0,0.0,0.0,0.0,0.0,0.0,0.0,0.0,0.0,0.0,0.0,0.0,0.0,0.0,0.0,0.0,0.0,0.0,0.0,0.0,0.0,0.0,0.0,0.0,0.0,0.0,0.0,0.0,0.0,0.0,0.0,0.0,0.0,0.0,0.0,0.0,0.0,0.0,0.0,0.0,0.0,0.0,0.0,0.0,0.0,0.0,0.0,0.0,0.0,0.0,0.0,0.0,0.0,0.0,0.0,0.0,0.0,0.0,0.0,0.0,0.0,0.0,0.0,0.0,0.0,0.0,0.0,0.0,0.0,0.0,0.0,0.0,0.0,0.11727078891257996,0.8294243070362474,0.8614072494669509,0.720682302771855,0.7910447761194029,0.6844349680170576,0.7164179104477612,0.4072494669509595,0.29850746268656714,0.32196162046908317,0.48187633262260127,0.39872068230277186,0.9616204690831557,0.4093816631130064,0.7697228144989339,0.3582089552238806,0.5884861407249466,0.8208955223880597,0.7931769722814499,0.26119402985074625,0.47334754797441364,0.5181236673773987,0.26865671641791045,0.21535181236673773,0.21535181236673773,0.7398720682302772,0.21535181236673773,0.24307036247334754,0.27078891257995735,0.1513859275053305,0.24307036247334754,0.2622601279317697,0.7398720682302772,0.7697228144989339,0.26865671641791045,0.2579957356076759,0.47974413646055436,0.43923240938166314,0.5287846481876333,0.5181236673773987,0.5159914712153518,0.8848614072494669,0.4946695095948827,0.8166311300639659,0.9893390191897654,0.5394456289978679,0.9914712153518124,0.9530916844349681,0.8166311300639659,0.9786780383795309,0.9594882729211087,0.4925373134328358,0.9850746268656716,0.47974413646055436,0.4349680170575693,0.4936034115138593,0.4968017057569296,0.4946695095948827,0.4946695095948827,0.5906183368869936,0.4989339019189765,0.5181236673773987,0.4840085287846482,0.814498933901919,0.6460554371002132,0.976545842217484,0.8208955223880597,0.7633262260127932,0.5522388059701493,0.46588486140724944,0.4861407249466951,0.48933901918976547,0.5394456289978679,0.4925373134328358,0.5,0.4904051172707889,0.8933901918976546,0.4957356076759062,0.9147121535181236,0.4936034115138593,0.8081023454157783,0.5010660980810234,0.5010660980810234,0.5010660980810234,0.5010660980810234,0.5010660980810234,0.5010660980810234,0.5010660980810234,0.5010660980810234,0.5010660980810234,0.5010660980810234,0.5010660980810234,0.5010660980810234,0.5010660980810234,0.5010660980810234,0.5010660980810234,0.5010660980810234,0.5010660980810234,0.5010660980810234,0.5010660980810234,0.8208955223880597,0.5010660980810234,0.5010660980810234,0.5010660980810234,0.5010660980810234,0.5010660980810234,0.5010660980810234,0.5010660980810234,0.5010660980810234,0.5010660980810234,0.5010660980810234,0.5010660980810234,0.5010660980810234,0.5010660980810234,0.5010660980810234,0.5010660980810234,0.5010660980810234,0.5010660980810234,0.5010660980810234,0.5010660980810234,0.5010660980810234,0.5010660980810234,0.5010660980810234,0.5010660980810234,0.5010660980810234,0.5010660980810234,0.5010660980810234,0.5010660980810234,0.5010660980810234,0.5010660980810234,0.5010660980810234,0.5010660980810234,0.5010660980810234,0.5010660980810234,0.5010660980810234,0.5010660980810234,0.5010660980810234,0.5010660980810234,0.5010660980810234,0.5010660980810234,0.5010660980810234,0.5010660980810234,0.5010660980810234,0.5010660980810234,0.5010660980810234,0.5010660980810234,0.5010660980810234,0.5010660980810234,0.5010660980810234,0.5010660980810234,0.5010660980810234,0.5010660980810234,0.5010660980810234,0.5010660980810234,0.5010660980810234,0.5010660980810234,0.5010660980810234,0.5010660980810234,0.5010660980810234,0.5010660980810234,0.5010660980810234,0.5010660980810234,0.5010660980810234,0.5010660980810234,0.5010660980810234,0.5010660980810234,0.5010660980810234,0.5010660980810234,0.5010660980810234,0.5010660980810234,0.5010660980810234,0.5010660980810234,0.5010660980810234,0.5010660980810234,0.5010660980810234,0.5010660980810234,0.5010660980810234,0.5010660980810234,0.67590618336887,0.5010660980810234,0.5010660980810234,0.5010660980810234,0.5010660980810234,0.5010660980810234,0.5010660980810234,0.5010660980810234,0.5010660980810234,0.5010660980810234,0.5010660980810234,0.5010660980810234,0.5010660980810234,0.5010660980810234,0.5010660980810234,0.5010660980810234,0.5010660980810234,0.5010660980810234,0.5010660980810234,0.5010660980810234,0.5010660980810234,0.5010660980810234,0.5010660980810234,0.5010660980810234,0.5010660980810234,0.5010660980810234,0.5010660980810234,0.5010660980810234,0.5010660980810234,0.5010660980810234,0.5010660980810234,0.5010660980810234,0.5010660980810234,0.5010660980810234,0.5010660980810234,0.5010660980810234,0.5010660980810234,0.5010660980810234,0.5010660980810234,0.5010660980810234,0.5010660980810234,0.5010660980810234,0.5010660980810234,0.5010660980810234,0.5010660980810234,0.5010660980810234,0.5010660980810234,0.5010660980810234,0.5010660980810234,0.5010660980810234,0.5010660980810234,0.5010660980810234,0.5010660980810234,0.5010660980810234,0.5010660980810234,0.5010660980810234,0.5010660980810234,0.5010660980810234,0.5010660980810234,0.5010660980810234,0.5010660980810234,0.5010660980810234,0.5010660980810234,0.5010660980810234,0.5010660980810234,0.5010660980810234,0.8560767590618337,0.4211087420042644,0.4722814498933902,0.3582089552238806,0.15671641791044777,0.31236673773987206,0.48294243070362475,0.25906183368869934,0.15671641791044777,0.40085287846481876,0.4189765458422175,0.8176972281449894,0.40405117270788915,0.8176972281449894,0.5149253731343284,0.4925373134328358,0.37100213219616207,0.6279317697228145,0.5319829424307037,0.7782515991471215,0.509594882729211,0.47121535181236673,0.5010660980810234,0.5010660980810234,0.5010660980810234,0.5010660980810234,0.5010660980810234,0.5010660980810234,0.5010660980810234,0.5010660980810234,0.5010660980810234,0.5010660980810234,0.5010660980810234,0.5010660980810234,0.5010660980810234,0.5010660980810234,0.5010660980810234,0.5010660980810234,0.5010660980810234,0.5010660980810234,0.5010660980810234,0.5010660980810234,0.5010660980810234,0.5010660980810234,0.5010660980810234,0.5010660980810234,0.5010660980810234,0.5010660980810234,0.5010660980810234,0.5010660980810234,0.5010660980810234,0.5010660980810234,0.5010660980810234,0.5010660980810234,0.5010660980810234,0.5010660980810234,0.5010660980810234,0.5010660980810234,0.5010660980810234,0.5010660980810234,0.5010660980810234,0.5010660980810234,0.5010660980810234,0.5010660980810234,0.5010660980810234,0.5010660980810234,0.5010660980810234,0.5010660980810234,0.5010660980810234,0.5010660980810234,0.5010660980810234,0.5010660980810234,0.5010660980810234,0.5010660980810234,0.5010660980810234,0.5010660980810234,0.5010660980810234,0.5010660980810234,0.5010660980810234,0.5010660980810234,0.5010660980810234,0.5010660980810234,0.5010660980810234,0.5010660980810234,0.5010660980810234,0.5010660980810234,0.5010660980810234,0.5010660980810234,0.5010660980810234,0.5010660980810234,0.5010660980810234,0.5010660980810234,0.5010660980810234,0.5010660980810234,0.5010660980810234,0.5010660980810234,0.5010660980810234,0.5010660980810234,0.5010660980810234,0.5010660980810234,0.5010660980810234,0.5010660980810234,0.5010660980810234,0.5010660980810234,0.5010660980810234
89,201147,Corey Brewer,40,81,2014,5487,MIN,1610612750,28.0,81.0,185.0,Florida,USA,2007,1,7,47.54875159467833,7.071259340258793,14.707490431930017,1.075268817204301,3.84545288864589,2.9706579187169675,4.137051211955531,1.1481683980317112,2.6243849097867686,3.77255330781848,2.4603608529250955,1.913613996719519,2.751959176234737,0.5467468562055768,0.7836704938946601,3.827227993439038,3.480954984508839,18.188445416438856,6.068890103881903,0.0,0.0,0.07289958082741024,1.822489520685256,1.8953891015126663,1.8953891015126663,0.0911244760342628,1.8953891015126663,2.0047384727537816,1.5308911973756152,0.20047384727537818,2.0047384727537816,1.8407144158921087,0.0911244760342628,0.07289958082741024,1.822489520685256,1.9682886823400765,0.1822489520685256,0.01822489520685256,0.5102970657918717,1.4033169309276472,0.5467468562055768,0.3644979041370512,1.913613996719519,7.599781301257518,0.3644979041370512,1.3486422453070894,1.1299435028248588,0.0911244760342628,4.938946601057044,0.7289958082741024,1.2210679788591217,0.01822489520685256,2.3510114816839804,0.3280481137233461,0.23692363768908328,0.0,0.0,0.0,0.0,0.9294696555494806,0.0,0.8201202843083653,0.01822489520685256,5.084745762711864,0.1822489520685256,0.14579916165482049,1.075268817204301,0.0,0.2733734281027884,0.0,0.6560962274466922,0.0,0.8930198651357755,0.0,0.0,0.20047384727537818,3.389830508474576,0.0,0.0,0.0,7.873154729360306,4.610898487333698,3.371605613267724,0.3827227993439038,44.34117003827228,38.21760524876982,0.5285219609987243,6.415163112812102,0.4191725897576089,0.3280481137233461,1.0205941315837435,0.8383451795152178,4.064151631128121,2.5514853289593584,0.29159832330964097,0.23692363768908328,0.5831966466192819,2.314561691270275,57.70001822489521,0.01822489520685256,18.188445416438856,1.7678148350646983,0.0,2.8795334426827046,43.30235101148168,1.9682886823400765,0.34627300893019863,0.0,0.0,0.0,0.0,0.3644979041370512,0.16402405686167304,2.8066338618552944,0.12757426644796793,4.137051211955531,0.21869874248223073,0.47384727537816657,0.6925460178603973,0.1822489520685256,0.8383451795152178,8.638600328048113,0.4920721705850191,2.114087843994897,4.5015491160925825,0.3644979041370512,0.0,0.0,0.01822489520685256,1.5673409877893203,1.5673409877893203,0.0,2.679059595407326,2.660834700200474,0.0,2.3692363768908327,0.0,0.21869874248223073,4.209950792782942,0.0,2.314561691270275,3.991252050300711,0.0,0.05467468562055768,0.0,1.1117186076180061,1.9682886823400765,0.4191725897576089,0.0,1.0934937124111537,1.5126663021687625,0.0,3.0800072899580826,1.4397667213413523,1.0023692363768908,1.5855658829961727,0.5831966466192819,0.0,3.9183524694733007,0.0,2.478585748131948,0.0,0.911244760342628,0.3827227993439038,1.8042646254784036,0.43739748496446146,0.03644979041370512,2.660834700200474,1.4579916165482047,0.21869874248223073,3.572079460543102,1.8589393110989612,2.5150355385456535,0.0,1.0205941315837435,3.444505194095134,4.155276107162384,1.2757426644796792,34.37215236012393,0.4920721705850191,0.0,9.276471660287953,0.0,17383.069072352835,0.0,1.6037907782030254,0.03644979041370512,4.574448696919993,2.20521232002916,0.07289958082741024,0.0,0.0,0.0,3.280481137233461,0.21869874248223073,2.114087843994897,0.07289958082741024,0.16402405686167304,0.1822489520685256,0.10934937124111536,0.0,0.0,1.8589393110989612,1.1481683980317112,0.0,0.0,15.108438126480772,2.6243849097867686,0.14579916165482049,57.70001822489521,0.0,2.314561691270275,4.5015491160925825,0.3644979041370512,0.07289958082741024,0.0,6.779661016949152,0.07289958082741024,0.0,0.6925460178603973,0.07289958082741024,3.77255330781848,0.47384727537816657,0.0,2.5150355385456535,4.137051211955531,0.0,0.0,0.8383451795152178,0.34627300893019863,5.831966466192819,0.0,0.0,0.3644979041370512,0.03644979041370512,0.0,0.07289958082741024,0.12757426644796793,3.444505194095134,0.21869874248223073,0.0,1.6766903590304356,2.8066338618552944,8.638600328048113,0.494,0.481,0.28,0.718,9.2,0.039,0.075,0.056,9.2,0.55,0.517,0.162,0.023,0.159,0.286,0.2,0.234,0.31,0.65,0.323,0.299,0.378,0.088,0.064,0.628,0.719,0.206,0.081,0.072,0.441,0.058,0.437,0.317,0.278,0.583,0.181,0.634,0.463,0.286,0.222,0.585,0.589,0.0,0.585,0.563,0.569,0.58,0.25,0.556,0.559,0.377,0.491,0.696,0.405,0.235,0.479,0.253,0.095,0.242,0.582,0.306,0.625,0.5,0.517,0.739,0.607,0.296,0.43,0.0,0.105,0.5,0.449,0.632,0.286,0.003,0.0,0.739,0.463,0.0,0.105,0.386,0.634,0.607,0.378,0.437,0.316,0.365,0.317,0.493,0.228,0.553,0.445,0.166,0.181,0.222,0.614,0.0,1.0,0.0,0.0,0.278,0.0,0.48,0.583,0.672,0.08807339449541285,0.5908256880733945,0.3779816513761468,0.4018348623853211,0.4091743119266055,0.6146788990825688,0.6238532110091743,0.3247706422018349,0.025688073394495414,0.044036697247706424,0.44036697247706424,0.1688073394495413,0.9376146788990826,0.4091743119266055,0.46788990825688076,0.4,0.5504587155963303,0.45137614678899085,0.8660550458715597,0.2871559633027523,0.47706422018348627,0.27889908256880735,0.062385321100917435,0.044036697247706424,0.044036697247706424,0.7596330275229358,0.047706422018348627,0.06605504587155964,0.06788990825688074,0.10458715596330276,0.06605504587155964,0.062385321100917435,0.7596330275229358,0.7302752293577982,0.062385321100917435,0.060550458715596334,0.20733944954128442,0.3302752293577982,0.3284403669724771,0.3302752293577982,0.1871559633027523,0.691743119266055,0.1963302752293578,0.8440366972477065,0.6770642201834862,0.26788990825688075,0.7137614678899082,0.9027522935779817,0.8733944954128441,0.673394495412844,0.7688073394495413,0.9761467889908257,0.7394495412844037,0.3376146788990826,0.3376146788990826,0.4917431192660551,0.4981651376146789,0.4908256880733945,0.4908256880733945,0.20733944954128442,0.4981651376146789,0.3431192660550459,0.9706422018348624,0.8669724770642202,0.181651376146789,0.9211009174311927,0.47339449541284406,0.3137614678899083,0.27889908256880735,0.4669724770642202,0.29357798165137616,0.48990825688073397,0.27522935779816515,0.4972477064220184,0.5,0.363302752293578,0.5064220183486239,0.4935779816513762,0.3477064220183486,0.4944954128440367,0.8110091743119267,0.22018348623853212,0.4972477064220184,0.5981651376146789,0.45871559633027525,0.09908256880733946,0.671559633027523,0.46788990825688076,0.45321100917431195,0.43119266055045874,0.5412844036697247,0.3669724770642202,0.41467889908256883,0.5247706422018349,0.45688073394495415,0.42752293577981654,0.46055045871559636,0.5229357798165137,0.11376146788990826,0.007339449541284404,0.45504587155963305,0.1688073394495413,0.21926605504587157,0.5302752293577981,0.5009174311926605,0.5577981651376147,0.3321100917431193,0.4935779816513762,0.4706422018348624,0.5,0.48440366972477067,0.11743119266055047,0.25688073394495414,0.03853211009174312,0.3100917431192661,0.3467889908256881,0.24954128440366974,0.13394495412844037,0.3798165137614679,0.25137614678899084,0.15229357798165138,0.06605504587155964,0.11926605504587157,0.04220183486238532,0.025688073394495414,0.27706422018348625,0.41192660550458715,0.4972477064220184,0.48256880733944957,0.6954128440366972,0.6935779816513762,0.4972477064220184,0.6495412844036698,0.6568807339449542,0.5009174311926605,0.6091743119266055,0.4990825688073395,0.44403669724770645,0.3926605504587156,0.5,0.6403669724770642,0.5522935779816514,0.5009174311926605,0.5192660550458715,0.5009174311926605,0.42568807339449544,0.4935779816513762,0.48990825688073397,0.5,0.563302752293578,0.41284403669724773,0.5,0.3229357798165138,0.7247706422018348,0.8587155963302753,0.5082568807339449,0.3963302752293578,0.4990825688073395,0.5211009174311927,0.5,0.4990825688073395,0.5009174311926605,0.30642201834862387,0.46788990825688076,0.3688073394495413,0.30825688073394497,0.41651376146788993,0.581651376146789,0.7174311926605504,0.5376146788990825,0.344954128440367,0.1926605504587156,0.14678899082568808,0.5009174311926605,0.44587155963302755,0.45504587155963305,0.3761467889908257,0.3431192660550459,0.25321100917431194,0.11926605504587157,0.5009174311926605,0.3394495412844037,0.5009174311926605,0.12844036697247707,0.5009174311926605,0.46605504587155966,0.5853211009174312,0.3486238532110092,0.8642201834862385,0.5339449541284403,0.5009174311926605,0.5009174311926605,0.2018348623853211,0.1963302752293578,0.24954128440366974,0.04220183486238532,0.1669724770642202,0.25688073394495414,0.25137614678899084,0.3229357798165138,0.5009174311926605,0.5009174311926605,0.1926605504587156,0.326605504587156,0.5009174311926605,0.5009174311926605,0.4,0.027522935779816515,0.47706422018348627,0.11376146788990826,0.5009174311926605,0.1798165137614679,0.025688073394495414,0.27706422018348625,0.07522935779816514,0.21100917431192662,0.4091743119266055,0.6238532110091743,0.5009174311926605,0.3798165137614679,0.05871559633027523,0.044036697247706424,0.13394495412844037,0.5009174311926605,0.14678899082568808,0.3467889908256881,0.5009174311926605,0.5009174311926605,0.15229357798165138,0.3321100917431193,0.8256880733944955,0.5009174311926605,0.5009174311926605,0.11743119266055047,0.5431192660550459,0.5009174311926605,0.5908256880733945,0.3100917431192661,0.12293577981651377,0.5376146788990825,0.5009174311926605,0.1724770642201835,0.03853211009174312,0.06605504587155964,0.42385321100917434,0.7880733944954128,0.3798165137614679,0.363302752293578,0.23577981651376148,0.04220183486238532,0.3036697247706422,0.027522935779816515,0.23577981651376148,0.718348623853211,0.7348623853211009,0.3055045871559633,0.3220183486238532,0.3128440366972477,0.19908256880733946,0.9798165137614679,0.3458715596330275,0.44036697247706424,0.791743119266055,0.4944954128440367,0.46972477064220186,0.4954128440366973,0.6449541284403669,0.6009174311926605,0.8055045871559633,0.5431192660550459,0.23394495412844038,0.6844036697247706,0.463302752293578,0.6587155963302752,0.3963302752293578,0.22385321100917432,0.19357798165137616,0.3,0.7403669724770642,0.2724770642201835,0.7403669724770642,0.1834862385321101,0.2908256880733945,0.26788990825688075,0.744954128440367,0.744954128440367,0.41192660550458715,0.7559633027522936,0.7541284403669725,0.7486238532110092,0.7532110091743119,0.5889908256880734,0.6541284403669725,0.6660550458715596,0.8201834862385321,0.7559633027522936,0.9110091743119266,0.4577981651376147,0.3137614678899083,0.27889908256880735,0.20917431192660552,0.3963302752293578,0.19908256880733946,0.7522935779816514,0.1981651376146789,0.7376146788990826,0.8568807339449541,0.7348623853211009,0.9201834862385321,0.8688073394495412,0.3889908256880734,0.318348623853211,0.5009174311926605,0.8440366972477065,0.8568807339449541,0.39908256880733944,0.8788990825688073,0.2908256880733945,0.43486238532110094,0.2018348623853211,0.9201834862385321,0.1834862385321101,0.5009174311926605,0.8926605504587156,0.8596330275229358,0.7403669724770642,0.8688073394495412,0.6467889908256881,0.22385321100917432,0.5137614678899083,0.818348623853211,0.19357798165137616,0.44311926605504587,0.04036697247706422,0.8064220183486238,0.41284403669724773,0.05871559633027523,0.2724770642201835,0.26788990825688075,0.14587155963302753,0.5009174311926605,0.9577981651376147,0.5009174311926605,0.5009174311926605,0.3,0.5009174311926605,0.4091743119266055,0.7403669724770642,0.9385321100917431
85,201147,Corey Brewer,42,80,2015,4408,HOU,1610612745,29.0,81.0,186.0,Florida,USA,2007,1,7,47.34573502722323,7.781306715063521,18.262250453720508,1.4292196007259528,5.331215970961887,3.8112522686025407,5.127041742286751,1.8148820326678765,4.922867513611616,6.737749546279492,3.9246823956442833,2.9718693284936477,2.586206896551724,0.43103448275862066,1.2704174228675136,3.9246823956442833,4.423774954627949,20.803085299455535,-0.7032667876588021,0.06805807622504537,0.0,0.09074410163339383,2.2912885662431943,2.336660617059891,2.336660617059891,0.0,2.336660617059891,2.336660617059891,1.9056261343012704,0.3176043557168784,2.336660617059891,2.2912885662431943,0.0,0.0,2.2912885662431943,2.313974591651543,0.22686025408348456,0.022686025408348458,0.7486388384754991,1.7695099818511797,0.8393829401088929,0.4764065335753176,2.6996370235934664,7.894736842105263,0.40834845735027225,2.336660617059891,1.7695099818511797,0.1588021778584392,4.764065335753176,0.8847549909255898,1.6107078039927405,0.0,3.38021778584392,0.5217785843920145,0.24954627949183303,0.0,0.0,0.0,0.0,1.4292196007259528,0.0,0.8847549909255898,0.0,4.945553539019964,0.4537205081669691,0.22686025408348456,1.4065335753176043,0.022686025408348458,0.4537205081669691,0.0,0.7486388384754991,0.0,1.588021778584392,0.0,0.0,0.24954627949183303,4.968239564428312,0.0,0.022686025408348458,0.0,8.348457350272232,7.94010889292196,5.058983666061706,0.5671506352087115,49.43284936479129,40.94827586206897,0.5671506352087115,9.823049001814882,0.8393829401088929,0.5898366606170599,1.0662431941923776,1.633393829401089,7.05535390199637,3.0172413793103448,0.6352087114337568,0.8620689655172413,1.2250453720508168,3.221415607985481,66.19782214156079,0.045372050816696916,20.394736842105264,2.472776769509982,0.022686025408348458,4.242286751361162,46.687840290381125,1.837568058076225,0.34029038112522686,0.0,0.0,0.0,0.0,0.6578947368421053,0.18148820326678766,4.605263157894737,0.22686025408348456,5.127041742286751,0.20417422867513613,1.1116152450090744,0.8620689655172413,0.20417422867513613,2.0190562613430125,13.861161524500908,0.8847549909255898,3.7431941923774956,8.734119782214156,0.9074410163339383,0.0,0.0,0.045372050816696916,1.4972776769509981,1.4972776769509981,0.0,2.835753176043557,2.7903811252268604,0.0,3.221415607985481,0.0,0.49909255898366606,6.011796733212341,0.0,3.107985480943739,5.512704174228675,0.0,0.11343012704174228,0.0,1.9736842105263157,2.336660617059891,0.5217785843920145,0.0,0.9754990925589837,1.4972776769509981,0.0,4.310344827586207,0.9754990925589837,0.6352087114337568,1.4065335753176043,0.7713248638838476,0.0,3.720508166969147,0.0,2.7450090744101634,0.0,1.9963702359346642,0.5671506352087115,2.8584392014519056,0.9301270417422868,0.13611615245009073,3.1987295825771325,1.293103448275862,0.1588021778584392,4.4464609800362975,2.1778584392014517,3.0399274047186933,0.0,1.2704174228675136,4.69600725952813,5.671506352087114,1.588021778584392,40.83484573502722,0.8847549909255898,0.0,8.461887477313974,0.0,17625.95281306715,0.0,1.588021778584392,0.022686025408348458,4.196914700544465,1.837568058076225,0.06805807622504537,0.0,0.0,0.0,3.334845735027223,0.20417422867513613,3.7431941923774956,0.09074410163339383,0.18148820326678766,0.20417422867513613,0.1588021778584392,0.0,0.0,2.1778584392014517,1.7921960072595282,0.0,0.0,13.997277676950999,4.8321234119782215,0.1588021778584392,66.19782214156079,0.0,2.5181488203266786,8.734119782214156,0.9074410163339383,0.09074410163339383,39.36025408348458,6.0344827586206895,0.022686025408348458,0.0,0.8620689655172413,0.09074410163339383,6.624319419237749,1.1116152450090744,0.0,3.0399274047186933,5.127041742286751,0.0,0.0,2.0190562613430125,0.34029038112522686,5.535390199637024,0.0,0.0,0.6578947368421053,0.0,0.0,0.045372050816696916,0.22686025408348456,3.8793103448275863,0.1588021778584392,0.0,1.7241379310344827,4.605263157894737,13.861161524500908,0.525,0.426,0.268,0.743,10.8,0.068,0.131,0.101,10.8,0.507,0.465,0.209,0.036,0.206,0.311,0.0,0.295,0.262,0.603,0.231,0.296,0.32,0.124,0.095,0.428,0.685,0.232,0.084,0.09,0.331,0.122,0.478,0.506,0.35,0.553,0.23,0.598,0.51,0.366,0.305,0.528,0.537,0.0,0.528,0.536,0.545,0.564,0.227,0.417,0.408,0.264,0.347,0.651,0.378,0.281,0.482,0.349,0.24,0.325,0.512,0.275,0.574,0.429,0.46,0.716,0.589,0.271,0.392,0.0,0.0,0.429,0.431,0.467,0.366,-0.003,0.0,0.716,0.51,0.0,0.067,0.395,0.598,0.589,0.332,0.478,0.467,0.35,0.506,0.496,0.277,0.544,0.434,0.217,0.23,0.305,0.605,0.0,0.5,0.0,0.0,0.35,0.0,0.477,0.553,0.649,0.05945945945945946,0.7009009009009008,0.7099099099099099,0.45585585585585586,0.4990990990990991,0.7261261261261261,0.7135135135135136,0.590990990990991,0.418018018018018,0.4846846846846847,0.6792792792792792,0.6720720720720721,0.9279279279279279,0.3207207207207207,0.7837837837837838,0.35315315315315315,0.7171171171171171,0.7045045045045045,0.4702702702702703,0.6738738738738739,0.4828828828828829,0.518918918918919,0.16756756756756758,0.13333333333333333,0.13333333333333333,0.5675675675675675,0.13693693693693693,0.11891891891891893,0.16756756756756758,0.1873873873873874,0.11891891891891893,0.15675675675675677,0.5675675675675675,0.5774774774774775,0.16756756756756758,0.11711711711711711,0.4666666666666667,0.34594594594594597,0.554954954954955,0.3279279279279279,0.436036036036036,0.7693693693693694,0.44684684684684683,0.8432432432432433,0.7135135135135136,0.6162162162162163,0.9585585585585585,0.9693693693693693,0.8558558558558559,0.7513513513513513,0.9495495495495495,0.4918918918918919,0.9693693693693693,0.34234234234234234,0.46126126126126127,0.4936936936936937,0.4981981981981982,0.4972972972972973,0.4900900900900901,0.46846846846846846,0.4981981981981982,0.3279279279279279,0.4891891891891892,0.8450450450450451,0.4486486486486487,0.9747747747747748,0.5783783783783784,0.6702702702702703,0.5297297297297298,0.4045045045045045,0.45585585585585586,0.4873873873873874,0.6054054054054054,0.5,0.5,0.34234234234234234,0.827027027027027,0.4990990990990991,0.7477477477477478,0.4954954954954955,0.8378378378378378,0.6576576576576577,0.6954954954954955,0.7423423423423423,0.5297297297297298,0.15495495495495495,0.6756756756756757,0.6792792792792792,0.745945945945946,0.7153153153153153,0.6648648648648648,0.6072072072072072,0.6810810810810811,0.6666666666666666,0.7657657657657657,0.7783783783783784,0.7621621621621621,0.7099099099099099,0.3225225225225225,0.24144144144144145,0.6774774774774774,0.5477477477477477,0.4666666666666667,0.618018018018018,0.590990990990991,0.5495495495495496,0.35315315315315315,0.4882882882882883,0.46306306306306305,0.5009009009009009,0.481981981981982,0.32432432432432434,0.2774774774774775,0.4306306306306306,0.6990990990990991,0.5837837837837838,0.20540540540540542,0.4846846846846847,0.6288288288288288,0.27927927927927926,0.5333333333333333,0.4900900900900901,0.4882882882882883,0.4126126126126126,0.4252252252252252,0.572972972972973,0.4009009009009009,0.5009009009009009,0.5657657657657658,0.6792792792792792,0.6720720720720721,0.5009009009009009,0.6702702702702703,0.6792792792792792,0.5009009009009009,0.7621621621621621,0.4981981981981982,0.5783783783783784,0.7225225225225225,0.4981981981981982,0.7621621621621621,0.7261261261261261,0.5009009009009009,0.5675675675675675,0.5009009009009009,0.5603603603603604,0.6,0.5315315315315315,0.5009009009009009,0.4972972972972973,0.518918918918919,0.5009009009009009,0.6270270270270271,0.5873873873873874,0.7009009009009008,0.44144144144144143,0.45765765765765765,0.5,0.4774774774774775,0.5,0.5459459459459459,0.5009009009009009,0.5837837837837838,0.4954954954954955,0.5837837837837838,0.5891891891891892,0.5153153153153153,0.6234234234234234,0.6756756756756757,0.409009009009009,0.4306306306306306,0.35855855855855856,0.31351351351351353,0.5009009009009009,0.5081081081081081,0.5981981981981982,0.5297297297297298,0.42342342342342343,0.6144144144144145,0.4882882882882883,0.5009009009009009,0.27387387387387385,0.5009009009009009,0.18198198198198198,0.5009009009009009,0.4594594594594595,0.46126126126126127,0.27927927927927926,0.6576576576576577,0.42342342342342343,0.5009009009009009,0.5009009009009009,0.20540540540540542,0.25585585585585585,0.20540540540540542,0.4126126126126126,0.25225225225225223,0.2774774774774775,0.27927927927927926,0.4936936936936937,0.5009009009009009,0.5009009009009009,0.35855855855855856,0.5891891891891892,0.5009009009009009,0.5009009009009009,0.27387387387387385,0.4036036036036036,0.5117117117117117,0.3225225225225225,0.5009009009009009,0.2918918918918919,0.4252252252252252,0.572972972972973,0.16036036036036036,0.7783783783783784,0.27207207207207207,0.47387387387387386,0.5009009009009009,0.6288288288288288,0.13873873873873874,0.4756756756756757,0.4846846846846847,0.5009009009009009,0.31351351351351353,0.5837837837837838,0.5009009009009009,0.5009009009009009,0.5333333333333333,0.35315315315315315,0.7153153153153153,0.5009009009009009,0.5009009009009009,0.32432432432432434,0.1990990990990991,0.5009009009009009,0.4720720720720721,0.6990990990990991,0.16756756756756758,0.409009009009009,0.5009009009009009,0.2153153153153153,0.4306306306306306,0.4900900900900901,0.5099099099099099,0.5342342342342342,0.3324324324324324,0.5369369369369369,0.5630630630630631,0.5036036036036036,0.6855855855855856,0.43783783783783786,0.5612612612612613,0.35585585585585583,0.3225225225225225,0.7225225225225225,0.5945945945945946,0.7333333333333333,0.24324324324324326,0.4918918918918919,0.43783783783783786,0.3567567567567568,0.6297297297297297,0.36936936936936937,0.44324324324324327,0.29009009009009007,0.8810810810810811,0.8495495495495495,0.33153153153153153,0.4927927927927928,0.3027027027027027,0.7018018018018019,0.5648648648648649,0.209009009009009,0.8513513513513513,0.436036036036036,0.4144144144144144,0.5468468468468468,0.45045045045045046,0.5306306306306307,0.32522522522522523,0.4315315315315315,0.5594594594594594,0.5567567567567567,0.6108108108108108,0.5108108108108108,0.4009009009009009,0.6216216216216216,0.6972972972972973,0.563963963963964,0.7225225225225225,0.527927927927928,0.2099099099099099,0.1837837837837838,0.42162162162162165,0.17207207207207206,0.8306306306306306,0.27297297297297296,0.32432432432432434,0.30180180180180183,0.3396396396396396,0.4972972972972973,0.4594594594594595,0.645045045045045,0.15855855855855855,0.4297297297297297,0.5837837837837838,0.2936936936936937,0.8855855855855855,0.5720720720720721,0.3279279279279279,0.23423423423423423,0.5009009009009009,0.1990990990990991,0.5837837837837838,0.33693693693693694,0.5585585585585585,0.5594594594594594,0.4081081081081081,0.20540540540540542,0.8855855855855855,0.4315315315315315,0.5009009009009009,0.6567567567567567,0.7837837837837838,0.32522522522522523,0.5720720720720721,0.36936936936936937,0.436036036036036,0.7954954954954955,0.6846846846846847,0.4144144144144144,0.5558558558558558,0.1009009009009009,0.754054054054054,0.36486486486486486,0.2801801801801802,0.5306306306306307,0.5567567567567567,0.22162162162162163,0.5009009009009009,0.5171171171171172,0.5009009009009009,0.5009009009009009,0.5468468468468468,0.5009009009009009,0.4144144144144144,0.45045045045045046,0.8918918918918919
86,201147,Corey Brewer,41,82,2016,3558,HOU,1610612745,30.0,81.0,186.0,Florida,USA,2007,1,7,46.880269814502526,5.958403597526701,15.51433389544688,1.7144463181562675,6.295671725688589,2.9510961214165263,3.934794828555368,1.1804384485666104,4.4125913434513775,5.593029792017988,3.0635188308038224,2.1922428330522767,2.360876897133221,0.5340078695896571,0.7588532883642496,4.721753794266442,3.87858347386172,16.582349634626194,-2.4451939291736933,0.0,0.0,0.056211354693648116,2.866779089376054,2.922990444069702,2.922990444069702,-0.056211354693648116,2.922990444069702,2.83867341202923,2.388982574480045,0.36537380550871273,2.83867341202923,2.866779089376054,-0.056211354693648116,-0.056211354693648116,2.866779089376054,2.866779089376054,0.16863406408094436,0.028105677346824058,0.6464305789769533,2.0236087689713322,0.36537380550871273,0.5340078695896571,1.405283867341203,5.705452501405284,0.6183249016301293,2.1079258010118043,2.1641371557054523,0.2810567734682406,3.232152894884767,1.1523327712197864,1.7706576728499157,0.0,3.934794828555368,0.5621135469364812,0.30916245081506466,0.0,0.0,0.0,0.0,0.7588532883642496,0.0,0.927487352445194,0.0,3.372681281618887,0.1405283867341203,0.30916245081506466,1.6301292861157954,0.056211354693648116,0.2810567734682406,0.028105677346824058,0.6745362563237775,0.0,1.1242270938729624,0.0,0.0,0.1967397414277684,5.255761663856099,0.0,0.056211354693648116,0.0,6.295671725688589,5.958403597526701,4.1315345699831365,0.5902192242833052,40.16301292861158,33.58628442945475,0.477796514896009,8.010118043844857,0.6464305789769533,0.477796514896009,1.0680157391793141,1.7706576728499157,6.042720629567173,2.782462057335582,0.3372681281618887,0.3372681281618887,0.6745362563237775,2.9510961214165263,54.83417650365374,0.028105677346824058,16.582349634626194,1.7144463181562675,0.028105677346824058,2.332771219786397,39.88195615514334,1.2928611579539067,0.056211354693648116,0.0,0.0,0.0,0.0,0.8431703204047217,0.22484541877459246,4.1877459246767845,0.08431703204047218,4.300168634064081,0.30916245081506466,1.0118043844856661,0.7869589657110736,0.25295109612141653,1.349072512647555,12.450815064643058,0.927487352445194,3.400786958965711,8.150646430578977,0.3372681281618887,0.0,0.0,0.08431703204047218,0.8150646430578977,0.8150646430578977,0.0,1.7706576728499157,1.6863406408094435,0.0,2.360876897133221,0.0,0.25295109612141653,5.002810567734683,0.0,2.304665542439573,4.749859471613266,0.0,0.056211354693648116,0.0,1.8268690275435637,1.405283867341203,0.477796514896009,0.0,0.8150646430578977,1.2928611579539067,0.0,3.232152894884767,0.6183249016301293,0.30916245081506466,1.4896008993816752,1.1804384485666104,0.0,4.749859471613266,0.0,4.1315345699831365,0.0,1.0399100618324901,0.7026419336706015,2.0236087689713322,0.477796514896009,0.08431703204047218,1.377178189994379,0.7307476110174255,0.0,5.283867341202923,2.894884766722878,4.1877459246767845,0.0,1.6301292861157954,5.564924114671164,6.127037661607645,1.8268690275435637,34.37324339516582,0.927487352445194,0.0,9.724564362001125,0.0,18103.17594154019,0.0,1.6863406408094435,0.028105677346824058,5.340078695896571,2.5576166385609893,0.0,0.0,0.0,0.0,3.428892636312535,0.30916245081506466,3.400786958965711,0.11242270938729623,0.22484541877459246,0.25295109612141653,0.028105677346824058,0.0,0.0,2.894884766722878,1.1804384485666104,0.11242270938729623,0.0,16.919617762788082,4.4125913434513775,0.0,54.83417650365374,0.0,3.5694210230466554,8.150646430578977,0.3372681281618887,0.11242270938729623,14.024732996065206,7.89769533445756,0.0,0.0,0.7869589657110736,0.11242270938729623,5.593029792017988,1.0118043844856661,0.0,4.1877459246767845,4.300168634064081,0.0,0.16863406408094436,1.349072512647555,0.056211354693648116,7.195053400786959,0.2810567734682406,0.028105677346824058,0.8431703204047217,0.0,0.0,0.0,0.08431703204047218,5.621135469364812,0.0,0.0,1.7144463181562675,4.1877459246767845,12.450815064643058,0.5,0.384,0.272,0.75,9.8,0.056,0.102,0.09,9.7,0.481,0.439,0.176,0.023,0.172,0.26,0.0,0.278,0.293,0.567,0.286,0.302,0.307,0.123,0.091,0.46,0.958,0.293,0.079,0.056,0.362,0.056,0.449,0.286,0.275,0.541,0.229,0.604,0.485,0.28,0.241,0.46,0.483,0.0,0.46,0.472,0.478,0.485,0.222,0.58,0.474,0.262,0.4,0.5,0.314,0.286,0.438,0.257,0.12,0.236,0.458,0.295,0.579,0.0,0.439,0.691,0.595,0.293,0.431,0.0,0.0,0.0,0.467,0.0,0.28,0.027,0.0,0.691,0.485,0.0,0.5,0.425,0.604,0.595,0.355,0.449,0.5,0.352,0.286,0.549,0.332,0.544,0.44,0.248,0.229,0.241,0.575,0.0,0.0,0.0,0.0,0.275,0.0,0.487,0.541,0.635,0.0861344537815126,0.3130252100840336,0.4957983193277311,0.5756302521008403,0.6869747899159664,0.523109243697479,0.5084033613445378,0.41386554621848737,0.21008403361344538,0.25210084033613445,0.4831932773109244,0.3550420168067227,0.8781512605042017,0.42016806722689076,0.38235294117647056,0.6113445378151261,0.6113445378151261,0.37184873949579833,0.4369747899159664,0.25735294117647056,0.47584033613445376,0.19747899159663865,0.3487394957983193,0.3172268907563025,0.3172268907563025,0.45588235294117646,0.32142857142857145,0.29831932773109243,0.34663865546218486,0.31932773109243695,0.29831932773109243,0.3487394957983193,0.45588235294117646,0.46008403361344535,0.3487394957983193,0.3088235294117647,0.17331932773109243,0.48739495798319327,0.4495798319327731,0.3697478991596639,0.16596638655462184,0.8928571428571429,0.1722689075630252,0.5777310924369747,0.9474789915966386,0.523109243697479,0.9873949579831933,0.9810924369747899,0.5651260504201681,0.9390756302521008,0.9600840336134454,0.4852941176470588,0.9852941176470589,0.3949579831932773,0.44537815126050423,0.49369747899159666,0.4947478991596639,0.49159663865546216,0.4894957983193277,0.20168067226890757,0.4957983193277311,0.35084033613445376,0.4789915966386555,0.5672268907563025,0.16806722689075632,0.9810924369747899,0.7058823529411765,0.8697478991596639,0.3277310924369748,0.9684873949579832,0.32563025210084034,0.49369747899159666,0.39915966386554624,0.49264705882352944,0.49789915966386555,0.3550420168067227,0.8319327731092437,0.4947478991596639,0.9558823529411765,0.4894957983193277,0.6050420168067226,0.4264705882352941,0.5378151260504201,0.7205882352941176,0.23109243697478993,0.09033613445378151,0.5882352941176471,0.5147058823529411,0.5987394957983193,0.6071428571428571,0.5882352941176471,0.5735294117647058,0.569327731092437,0.5609243697478992,0.5126050420168067,0.49789915966386555,0.5126050420168067,0.615546218487395,0.09663865546218488,0.12184873949579832,0.3760504201680672,0.1638655462184874,0.5378151260504201,0.4180672268907563,0.2542016806722689,0.36134453781512604,0.16596638655462184,0.4894957983193277,0.4527310924369748,0.5010504201680672,0.4789915966386555,0.49369747899159666,0.46008403361344535,0.21638655462184875,0.31512605042016806,0.4579831932773109,0.453781512605042,0.39705882352941174,0.5630252100840336,0.4789915966386555,0.3592436974789916,0.32563025210084034,0.43907563025210083,0.1638655462184874,0.2710084033613445,0.30462184873949577,0.38235294117647056,0.5,0.7436974789915967,0.3382352941176471,0.32142857142857145,0.5,0.35294117647058826,0.36554621848739494,0.5010504201680672,0.46008403361344535,0.5010504201680672,0.5273109243697479,0.5651260504201681,0.5010504201680672,0.4789915966386555,0.5840336134453782,0.5010504201680672,0.5777310924369747,0.5010504201680672,0.6029411764705882,0.25210084033613445,0.5672268907563025,0.5010504201680672,0.3088235294117647,0.33403361344537813,0.5010504201680672,0.36764705882352944,0.296218487394958,0.2668067226890756,0.5399159663865546,0.6785714285714286,0.5,0.7457983193277311,0.5010504201680672,0.8403361344537815,0.5,0.35294117647058826,0.5840336134453782,0.4096638655462185,0.3445378151260504,0.5189075630252101,0.3592436974789916,0.4495798319327731,0.17121848739495799,0.5756302521008403,0.4642857142857143,0.40336134453781514,0.5010504201680672,0.6764705882352942,0.7857142857142857,0.6932773109243697,0.5525210084033614,0.2689075630252101,0.43907563025210083,0.5010504201680672,0.3403361344537815,0.4264705882352941,0.43907563025210083,0.5010504201680672,0.907563025210084,0.5252100840336135,0.4432773109243697,0.9138655462184874,0.17752100840336135,0.5010504201680672,0.5010504201680672,0.21638655462184875,0.5189075630252101,0.453781512605042,0.1638655462184874,0.3949579831932773,0.46008403361344535,0.4789915966386555,0.226890756302521,0.5010504201680672,0.43067226890756305,0.4642857142857143,0.41386554621848737,0.842436974789916,0.5010504201680672,0.4852941176470588,0.21218487394957983,0.13025210084033614,0.09663865546218488,0.5010504201680672,0.47058823529411764,0.2710084033613445,0.30462184873949577,0.32983193277310924,0.5567226890756303,0.5504201680672269,0.26260504201680673,0.5010504201680672,0.5630252100840336,0.31092436974789917,0.2542016806722689,0.39705882352941174,0.49264705882352944,0.40336134453781514,0.4579831932773109,0.5010504201680672,0.9747899159663865,0.3592436974789916,0.16596638655462184,0.9411764705882353,0.907563025210084,0.8382352941176471,0.49369747899159666,0.23109243697478993,0.43067226890756305,0.25210084033613445,0.31512605042016806,0.38445378151260506,0.17121848739495799,0.5010504201680672,0.2605042016806723,0.21638655462184875,0.32563025210084034,0.5136554621848739,0.17542016806722688,0.3382352941176471,0.4726890756302521,0.3697478991596639,0.2542016806722689,0.5021008403361344,0.2184873949579832,0.3592436974789916,0.2027310924369748,0.16806722689075632,0.4569327731092437,0.39810924369747897,0.46218487394957986,0.15126050420168066,0.4852941176470588,0.3855042016806723,0.43487394957983194,0.40441176470588236,0.4789915966386555,0.5031512605042017,0.30462184873949577,0.8792016806722689,0.792016806722689,0.4411764705882353,0.9233193277310925,0.5031512605042017,0.6523109243697479,0.40756302521008403,0.3172268907563025,0.3644957983193277,0.17647058823529413,0.2027310924369748,0.28256302521008403,0.29096638655462187,0.5,0.3602941176470588,0.18487394957983194,0.2699579831932773,0.41281512605042014,0.23214285714285715,0.28886554621848737,0.38235294117647056,0.24579831932773108,0.3644957983193277,0.32563025210084034,0.29936974789915966,0.5966386554621849,0.7468487394957983,0.34663865546218486,0.41596638655462187,0.30462184873949577,0.4485294117647059,0.125,0.34663865546218486,0.19642857142857142,0.20378151260504201,0.41596638655462187,0.1953781512605042,0.35714285714285715,0.19327731092436976,0.4842436974789916,0.17752100840336135,0.16806722689075632,0.8130252100840336,0.4852941176470588,0.35714285714285715,0.3172268907563025,0.5010504201680672,0.23109243697478993,0.17752100840336135,0.6764705882352942,0.17121848739495799,0.2699579831932773,0.7605042016806722,0.21638655462184875,0.8130252100840336,0.18487394957983194,0.5010504201680672,0.9936974789915967,0.9023109243697479,0.3602941176470588,0.4852941176470588,0.5210084033613446,0.17647058823529413,0.8098739495798319,0.4726890756302521,0.2027310924369748,0.865546218487395,0.28781512605042014,0.5252100840336135,0.3907563025210084,0.33613445378151263,0.5,0.41281512605042014,0.10609243697478991,0.5010504201680672,0.26260504201680673,0.5010504201680672,0.5010504201680672,0.28256302521008403,0.5010504201680672,0.4884453781512605,0.29096638655462187,0.8676470588235294
81,201147,Corey Brewer,47,82,2017,2668,LAL,1610612747,31.0,81.0,186.0,Florida,USA,2007,1,7,48.01349325337331,5.509745127436282,13.043478260869565,1.0119940029985008,4.422788605697152,1.8740629685157422,2.548725637181409,1.199400299850075,5.022488755622189,6.221889055472264,3.63568215892054,2.0614692653673163,2.2863568215892056,0.7496251874062968,1.0494752623688155,4.985007496251874,2.623688155922039,13.905547226386807,2.661169415292354,0.0,0.0,0.037481259370314844,3.7481259370314843,3.898050974512744,3.898050974512744,0.14992503748125938,3.898050974512744,4.047976011994003,3.110944527736132,0.6746626686656672,4.047976011994003,3.785607196401799,0.14992503748125938,0.11244377811094453,3.7481259370314843,4.010494752623688,0.14992503748125938,0.037481259370314844,0.487256371814093,1.461769115442279,0.3373313343328336,0.4122938530734633,0.7871064467766117,5.997001499250374,0.29985007496251875,1.8365817091454273,1.424287856071964,0.14992503748125938,3.6731634182908546,0.712143928035982,1.3493253373313343,0.0,2.7736131934032984,0.29985007496251875,0.2623688155922039,0.0,0.0,0.0,0.0,0.2623688155922039,0.0,0.8995502248875562,0.0,3.7106446776611692,0.11244377811094453,0.1874062968515742,0.8620689655172413,0.037481259370314844,0.3748125937031484,0.037481259370314844,0.487256371814093,0.037481259370314844,1.5367316341829085,0.0,0.0,0.14992503748125938,3.2983508245877062,0.0,0.0,0.0,6.296851574212893,6.746626686656672,4.3478260869565215,0.4497751124437781,35.26986506746627,35.532233883058474,0.22488755622188905,9.407796101949025,0.487256371814093,0.3748125937031484,1.23688155922039,1.9865067466266866,6.296851574212893,3.1484257871064467,0.29985007496251875,0.3748125937031484,0.5997001499250375,3.260869565217391,52.81109445277362,0.07496251874062969,13.905547226386807,1.7616191904047975,0.037481259370314844,2.586206896551724,36.09445277361319,1.0869565217391304,0.11244377811094453,0.0,0.0,0.0,0.037481259370314844,0.712143928035982,0.29985007496251875,4.7976011994003,0.037481259370314844,4.94752623688156,0.3748125937031484,0.974512743628186,0.8620689655172413,0.29985007496251875,1.2743628185907045,13.343328335832084,0.7496251874062968,3.9355322338830585,8.395802098950524,0.29985007496251875,0.0,0.0,0.1874062968515742,1.1619190404797601,1.1619190404797601,0.0,2.3238380809595203,2.136431784107946,0.0,2.098950524737631,0.0,0.2623688155922039,3.898050974512744,0.0,2.0614692653673163,3.63568215892054,0.0,0.037481259370314844,0.0,1.0494752623688155,1.3118440779610194,0.2623688155922039,0.0,0.8620689655172413,1.1244377811094453,0.0,2.361319340329835,0.487256371814093,0.4122938530734633,1.1244377811094453,0.712143928035982,0.0,3.4107946026986506,0.0,2.923538230884558,0.0,0.974512743628186,0.29985007496251875,1.0494752623688155,0.4497751124437781,0.07496251874062969,1.9865067466266866,0.6746626686656672,0.14992503748125938,3.073463268365817,2.923538230884558,4.010494752623688,0.0,0.9370314842578711,4.122938530734633,4.197901049475262,0.974512743628186,33.8455772113943,0.7496251874062968,0.0,8.058470764617692,1.3868065967016492,18217.76611694153,0.0,1.7241379310344827,0.0,4.422788605697152,1.9865067466266866,0.07496251874062969,0.0,0.0,0.0,3.4482758620689653,0.3748125937031484,3.9355322338830585,0.14992503748125938,0.29985007496251875,0.29985007496251875,0.037481259370314844,0.0,0.14992503748125938,2.923538230884558,1.199400299850075,6.409295352323838,0.0,14.16791604197901,5.022488755622189,0.07496251874062969,52.81109445277362,0.0,3.2983508245877062,8.395802098950524,0.29985007496251875,0.14992503748125938,0.0,6.409295352323838,0.0,0.0,0.8620689655172413,0.14992503748125938,6.221889055472264,0.974512743628186,0.07496251874062969,4.010494752623688,4.94752623688156,0.0,5.097451274362818,1.2743628185907045,0.11244377811094453,6.10944527736132,11.506746626686656,5.022488755622189,0.712143928035982,0.0,0.29985007496251875,0.0,0.037481259370314844,4.760119940029985,0.14992503748125938,0.0,1.686656671664168,4.7976011994003,13.343328335832084,0.573,0.422,0.229,0.735,10.4,0.063,0.104,0.104,10.4,0.491,0.461,0.145,0.024,0.143,0.429,0.0,0.205,0.257,0.613,0.211,0.306,0.265,0.122,0.102,0.5,0.813,0.315,0.06,0.048,0.379,0.06,0.466,0.25,0.242,0.598,0.194,0.654,0.494,0.244,0.205,0.5,0.544,0.0,0.5,0.538,0.543,0.567,0.143,0.657,0.532,0.25,0.476,0.846,0.33,0.244,0.434,0.464,0.25,0.429,0.5,0.243,0.694,1.0,0.461,0.729,0.606,0.227,0.344,0.0,0.0,1.0,0.452,1.333,0.244,0.007,0.0,0.729,0.494,0.0,0.0,0.431,0.654,0.606,0.325,0.466,0.333,0.359,0.25,0.549,0.336,0.561,0.445,0.283,0.194,0.205,0.569,0.0,0.0,0.0,0.0,0.242,0.0,0.497,0.598,0.693,0.25925925925925924,0.2777777777777778,0.26954732510288065,0.34156378600823045,0.4218106995884774,0.27983539094650206,0.27983539094650206,0.4094650205761317,0.3333333333333333,0.345679012345679,0.5473251028806584,0.3395061728395062,0.8806584362139918,0.5329218106995884,0.6337448559670782,0.7119341563786008,0.294238683127572,0.1934156378600823,0.7551440329218106,0.2736625514403292,0.4773662551440329,0.1419753086419753,0.4711934156378601,0.4588477366255144,0.4588477366255144,0.8477366255144033,0.4588477366255144,0.4876543209876543,0.4732510288065844,0.5576131687242798,0.4876543209876543,0.4732510288065844,0.8477366255144033,0.8127572016460906,0.4711934156378601,0.4835390946502058,0.10905349794238683,0.5185185185185185,0.36419753086419754,0.26337448559670784,0.19958847736625515,0.8127572016460906,0.11316872427983539,0.6440329218106996,0.6563786008230452,0.4609053497942387,0.9074074074074074,0.9465020576131687,0.6604938271604939,0.7386831275720165,0.9032921810699589,0.49176954732510286,0.9135802469135802,0.2777777777777778,0.4382716049382716,0.4948559670781893,0.492798353909465,0.492798353909465,0.4897119341563786,0.11728395061728394,0.492798353909465,0.27983539094650206,0.48559670781893005,0.6358024691358025,0.1934156378600823,0.9403292181069959,0.39094650205761317,0.7551440329218106,0.43415637860082307,0.9362139917695473,0.2757201646090535,0.9794238683127572,0.5740740740740741,0.4948559670781893,0.49794238683127573,0.2777777777777778,0.49176954732510286,0.49794238683127573,0.4022633744855967,0.49074074074074076,0.6255144032921811,0.5020576131687243,0.5390946502057613,0.6584362139917695,0.15432098765432098,0.08024691358024691,0.22633744855967078,0.5596707818930041,0.4835390946502058,0.48559670781893005,0.5925925925925926,0.5925925925925926,0.5823045267489712,0.565843621399177,0.4732510288065844,0.51440329218107,0.4732510288065844,0.6358024691358025,0.07407407407407407,0.4567901234567901,0.19547325102880658,0.205761316872428,0.5843621399176955,0.4609053497942387,0.16872427983539096,0.360082304526749,0.2366255144032922,0.4783950617283951,0.44650205761316875,0.5010288065843621,0.9670781893004116,0.3888888888888889,0.5720164609053497,0.36213991769547327,0.22016460905349794,0.5349794238683128,0.5288065843621399,0.39094650205761317,0.6203703703703703,0.5493827160493827,0.32098765432098764,0.3662551440329218,0.2674897119341564,0.3168724279835391,0.25925925925925924,0.257201646090535,0.36728395061728397,0.5,0.8909465020576132,0.4773662551440329,0.4691358024691358,0.5,0.5041152263374485,0.4670781893004115,0.5010288065843621,0.43209876543209874,0.5010288065843621,0.522633744855967,0.3888888888888889,0.5010288065843621,0.4588477366255144,0.43415637860082307,0.5010288065843621,0.5164609053497943,0.5010288065843621,0.41358024691358025,0.2551440329218107,0.411522633744856,0.5010288065843621,0.38477366255144035,0.2736625514403292,0.5010288065843621,0.2448559670781893,0.2222222222222222,0.4444444444444444,0.294238683127572,0.3662551440329218,0.5,0.3991769547325103,0.5010288065843621,0.5,0.5,0.3374485596707819,0.4074074074074074,0.2716049382716049,0.3497942386831276,0.45267489711934156,0.4547325102880658,0.43209876543209874,0.4711934156378601,0.32098765432098764,0.4711934156378601,0.3765432098765432,0.5010288065843621,0.39711934156378603,0.5205761316872428,0.4074074074074074,0.2777777777777778,0.25102880658436216,0.2674897119341564,0.5010288065843621,0.13786008230452676,0.5267489711934157,0.48559670781893005,0.5010288065843621,0.9650205761316872,0.24074074074074073,0.21604938271604937,0.5185185185185185,0.5020576131687243,0.5010288065843621,0.5010288065843621,0.24588477366255143,0.5617283950617284,0.5288065843621399,0.3168724279835391,0.5308641975308642,0.5720164609053497,0.5493827160493827,0.23868312757201646,0.5010288065843621,0.11728395061728394,0.4711934156378601,0.411522633744856,0.4279835390946502,0.5010288065843621,0.1934156378600823,0.33539094650205764,0.39300411522633744,0.07407407407407407,0.5010288065843621,0.3888888888888889,0.25925925925925924,0.257201646090535,0.4691358024691358,0.23765432098765432,0.2222222222222222,0.25102880658436216,0.5010288065843621,0.6203703703703703,0.46296296296296297,0.345679012345679,0.39094650205761317,0.6049382716049383,0.3765432098765432,0.5349794238683128,0.5010288065843621,0.7119341563786008,0.32098765432098764,0.2366255144032922,0.6728395061728395,0.448559670781893,0.9218106995884774,0.3888888888888889,0.23148148148148148,0.10493827160493827,0.2448559670781893,0.22016460905349794,0.2222222222222222,0.4711934156378601,0.5010288065843621,0.21810699588477367,0.36213991769547327,0.3662551440329218,0.7119341563786008,0.37962962962962965,0.2448559670781893,0.4207818930041152,0.5216049382716049,0.3436213991769547,0.5123456790123457,0.3446502057613169,0.522633744855967,0.20987654320987653,0.23765432098765432,0.23251028806584362,0.4156378600823045,0.2448559670781893,0.7438271604938271,0.49176954732510286,0.25102880658436216,0.36213991769547327,0.5792181069958847,0.35802469135802467,0.47530864197530864,0.19238683127572018,0.8508230452674898,0.8590534979423868,0.5216049382716049,0.6718106995884774,0.5864197530864198,0.4012345679012346,0.32098765432098764,0.33024691358024694,0.37962962962962965,0.2952674897119342,0.15123456790123457,0.22530864197530864,0.6676954732510288,0.4166666666666667,0.6995884773662552,0.26851851851851855,0.2109053497942387,0.2890946502057613,0.37448559670781895,0.529835390946502,0.36728395061728397,0.4012345679012346,0.5967078189300411,0.5493827160493827,0.6059670781893004,0.5010288065843621,0.8724279835390947,0.581275720164609,0.39711934156378603,0.6574074074074074,0.9382716049382716,0.16666666666666666,0.26337448559670784,0.19238683127572018,0.7674897119341564,0.5452674897119342,0.8251028806584362,0.4279835390946502,0.13065843621399176,0.8374485596707819,0.9629629629629629,0.23765432098765432,0.8693415637860082,0.5082304526748971,0.2551440329218107,0.1697530864197531,0.5010288065843621,0.23148148148148148,0.9629629629629629,0.4269547325102881,0.9825102880658436,0.2109053497942387,0.522633744855967,0.24588477366255143,0.8693415637860082,0.26851851851851855,0.5010288065843621,0.24074074074074073,0.8549382716049383,0.6995884773662552,0.5082304526748971,0.2602880658436214,0.2952674897119342,0.5267489711934157,0.6779835390946503,0.15123456790123457,0.815843621399177,0.29835390946502055,0.6111111111111112,0.3323045267489712,0.4619341563786008,0.4166666666666667,0.2890946502057613,0.15123456790123457,0.5010288065843621,0.25102880658436216,0.5010288065843621,0.5010288065843621,0.22530864197530864,0.5010288065843621,0.41460905349794236,0.6676954732510288,0.9403292181069959
78,201147,Corey Brewer,32,72,2018,2614,OKC,1610612760,32.0,81.0,186.0,Florida,USA,2007,1,7,46.21270084162204,5.432287681713849,12.08875286916603,1.1859219586840093,4.208110175975516,2.486610558530987,3.442999234889059,1.6449885233358836,4.2463657230298395,5.891354246365723,2.486610558530987,1.874521805661821,3.0221882172915073,0.5355776587605203,0.9563886763580719,5.31752104055088,3.442999234889059,14.537107880642694,-2.1423106350420813,0.0,0.0,0.07651109410864575,3.9403213465952565,4.131599081866871,4.131599081866871,-0.07651109410864575,4.131599081866871,4.016832440703902,3.2899770466717673,0.4973221117061974,4.016832440703902,3.9403213465952565,-0.07651109410864575,-0.07651109410864575,3.9403213465952565,4.016832440703902,0.1530221882172915,0.03825554705432287,0.19127773527161437,1.0711553175210407,0.19127773527161437,0.4590665646518745,0.38255547054322875,6.618209640397858,0.4973221117061974,0.8798775822494261,1.7214996174445294,0.11476664116296863,3.8638102524866107,0.9563886763580719,1.3006885998469777,0.0,3.0221882172915073,0.22953328232593725,0.0,0.0,0.0,0.0,0.0,0.26778882938026016,0.0,0.7651109410864575,0.0,3.9020657995409334,0.11476664116296863,0.19127773527161437,1.0711553175210407,0.03825554705432287,0.1530221882172915,0.0,0.1530221882172915,0.0,0.4973221117061974,0.0,0.0,0.19127773527161437,3.2899770466717673,0.0,0.0,0.0,6.885998469778118,5.011476664116297,2.8309104820198927,0.306044376434583,28.423871461361898,28.423871461361898,0.07651109410864575,6.159143075745983,0.19127773527161437,0.26778882938026016,1.0711553175210407,1.3006885998469777,4.2463657230298395,2.3335883703136955,0.19127773527161437,0.22953328232593725,0.38255547054322875,2.218821729150727,44.68247895944912,0.03825554705432287,14.537107880642694,1.4537107880642692,0.03825554705432287,2.9074215761285385,28.117827084927313,1.0328997704667178,0.03825554705432287,0.0,0.0,0.0,0.0,0.7268553940321346,0.26778882938026016,4.475899005355776,0.07651109410864575,5.31752104055088,0.38255547054322875,0.8033664881407804,1.1094108645753635,0.306044376434583,1.3389441469013006,12.547819433817903,0.8033664881407804,3.366488140780413,7.421576128538638,0.5355776587605203,0.0,0.0,0.0,0.8033664881407804,0.8033664881407804,0.0,1.4154552410099464,1.4154552410099464,0.0,1.7214996174445294,0.0,0.306044376434583,3.481254781943382,0.0,1.6832440703902065,3.175210405508799,0.0,0.03825554705432287,0.0,1.7597551644988523,1.874521805661821,0.5738332058148432,0.0,1.3771996939556235,1.9510328997704667,0.0,3.6342769701606734,0.4590665646518745,0.38255547054322875,0.9563886763580719,0.5738332058148432,0.0,2.6013771996939554,0.0,2.1423106350420813,0.0,0.38255547054322875,0.34429992348890587,0.8033664881407804,0.19127773527161437,0.0,1.9510328997704667,0.5355776587605203,0.0,3.5577658760520277,2.0275439938791124,3.2517214996174446,0.0,1.1859219586840093,3.8255547054322876,3.8638102524866107,1.1859219586840093,34.12394797245601,0.8033664881407804,0.0,5.929609793420046,2.5631216526396328,17921.882172915073,0.0,1.6832440703902065,0.0,3.366488140780413,1.4919663351185921,0.0,2.180566182096404,1.7980107115531752,0.0,3.366488140780413,0.38255547054322875,3.366488140780413,0.1530221882172915,0.26778882938026016,0.306044376434583,0.03825554705432287,0.38255547054322875,0.34429992348890587,2.0275439938791124,1.6449885233358836,6.159143075745983,0.1530221882172915,10.022953328232594,4.2463657230298395,0.0,44.68247895944912,0.8033664881407804,2.3718439173680186,7.421576128538638,0.5355776587605203,0.1530221882172915,22.5707727620505,4.858454475899006,0.0,0.0,1.1094108645753635,0.1530221882172915,5.891354246365723,0.8033664881407804,0.42081101759755163,3.2517214996174446,5.31752104055088,1.2624330527926548,6.235654169854629,1.3389441469013006,0.03825554705432287,4.093343534812548,12.394797245600612,4.934965570007651,0.7268553940321346,0.0,0.7268553940321346,0.0,0.07651109410864575,3.8255547054322876,0.0,1.7597551644988523,1.6449885233358836,4.475899005355776,12.547819433817903,0.444,0.449,0.282,0.722,10.4,0.06,0.073,0.089,10.4,0.534,0.498,0.139,0.033,0.136,0.5,0.0,0.214,0.316,0.584,0.289,0.353,0.217,0.1,0.087,0.55,0.5,0.306,0.063,0.045,0.483,0.054,0.47,0.326,0.309,0.572,0.189,0.634,0.502,0.314,0.227,0.568,0.568,0.0,0.568,0.495,0.5,0.53,0.125,0.735,0.616,0.326,0.537,0.833,0.368,0.268,0.478,0.238,0.0,0.238,0.333,0.307,0.476,0.0,0.498,0.624,0.603,0.31,0.46,0.892,0.0,0.0,0.485,0.0,0.314,0.037,0.0,0.624,0.502,0.313,0.0,0.408,0.634,0.603,0.364,0.47,1.0,0.358,0.326,0.568,0.382,0.565,0.448,0.324,0.189,0.227,0.592,0.687,0.0,0.108,0.825,0.309,0.175,0.509,0.572,0.62,0.1583747927031509,0.2810945273631841,0.2462686567164179,0.3888888888888889,0.38225538971807627,0.49336650082918737,0.49502487562189057,0.5696517412935324,0.2512437810945274,0.3524046434494196,0.32587064676616917,0.3142620232172471,0.906301824212272,0.44029850746268656,0.5597014925373134,0.7437810945273632,0.5398009950248757,0.291044776119403,0.44859038142620233,0.31260364842454397,0.47512437810945274,0.3524046434494196,0.45356550580431176,0.45107794361525705,0.45107794361525705,0.43532338308457713,0.45107794361525705,0.4502487562189055,0.4552238805970149,0.4054726368159204,0.4502487562189055,0.4552238805970149,0.43532338308457713,0.44029850746268656,0.45356550580431176,0.4519071310116086,0.1583747927031509,0.49834162520729686,0.2131011608623549,0.25456053067993367,0.23134328358208955,0.8034825870646766,0.1550580431177446,0.6890547263681592,0.8300165837479271,0.20315091210613598,0.8930348258706468,0.8565505804311775,0.6791044776119403,0.8233830845771144,0.8532338308457711,0.4966832504145937,0.8897180762852405,0.2860696517412935,0.13681592039800994,0.4867330016583748,0.4966832504145937,0.4917081260364842,0.48756218905472637,0.2230514096185738,0.4925373134328358,0.2562189054726368,0.4925373134328358,0.6658374792703151,0.31260364842454397,0.8980099502487562,0.5713101160862355,0.6708126036484245,0.25290215588723053,0.4286898839137645,0.18325041459369817,0.48839137645107794,0.2131011608623549,0.49834162520729686,0.49917081260364843,0.30265339966832505,0.6343283582089553,0.49336650082918737,0.42371475953565507,0.4925373134328358,0.6724709784411277,0.36069651741293535,0.3275290215588723,0.763681592039801,0.09535655058043117,0.08374792703150911,0.21144278606965175,0.3275290215588723,0.3723051409618574,0.43532338308457713,0.49834162520729686,0.48009950248756217,0.4286898839137645,0.4684908789386401,0.4187396351575456,0.42703150912106136,0.42371475953565507,0.46683250414593697,0.08540630182421227,0.21144278606965175,0.2943615257048093,0.1799336650082919,0.533167495854063,0.5381426202321725,0.09535655058043117,0.4361525704809287,0.32172470978441126,0.4792703150912106,0.43781094527363185,0.49917081260364843,0.4734660033167496,0.4925373134328358,0.5016583747927031,0.3407960199004975,0.3706467661691542,0.5613598673300166,0.5132669983416253,0.3839137645107794,0.7205638474295191,0.5066334991708126,0.4154228855721393,0.3706467661691542,0.4286898839137645,0.23797678275290216,0.24129353233830847,0.47180762852404645,0.4461028192371476,0.5,0.3540630182421227,0.533167495854063,0.5248756218905473,0.5,0.48175787728026537,0.49502487562189057,0.5008291873963516,0.2810945273631841,0.49502487562189057,0.5679933665008292,0.27114427860696516,0.49585406301824214,0.3142620232172471,0.3009950248756219,0.5,0.5265339966832504,0.49917081260364843,0.5265339966832504,0.45688225538971805,0.5613598673300166,0.5,0.6525704809286899,0.6044776119402985,0.4975124378109453,0.478441127694859,0.28689883913764513,0.44029850746268656,0.3043117744610282,0.3474295190713101,0.49585406301824214,0.29270315091210614,0.5,0.36069651741293535,0.49834162520729686,0.26616915422885573,0.44029850746268656,0.2877280265339967,0.27114427860696516,0.22719734660033167,0.49834162520729686,0.45356550580431176,0.25538971807628524,0.4021558872305141,0.13349917081260365,0.11857379767827529,0.5008291873963516,0.4651741293532338,0.48839137645107794,0.4154228855721393,0.38474295190713104,0.3308457711442786,0.4286898839137645,0.5008291873963516,0.10862354892205639,0.9029850746268657,0.38723051409618575,0.5008291873963516,0.8565505804311775,0.33167495854063017,0.13018242122719734,0.16169154228855723,0.26533996683250416,0.3275290215588723,0.28441127694859036,0.3034825870646766,0.4386401326699834,0.5132669983416253,0.23797678275290216,0.4759535655058043,0.5016583747927031,0.5066334991708126,0.4320066334991708,0.5398009950248757,0.32587064676616917,0.13349917081260365,0.5696517412935324,0.4767827529021559,0.2752902155887231,0.11028192371475953,0.25456053067993367,0.2230514096185738,0.08540630182421227,0.6907131011608624,0.1318407960199005,0.24129353233830847,0.47180762852404645,0.45107794361525705,0.6144278606965174,0.12023217247097844,0.33747927031509123,0.5008291873963516,0.7205638474295191,0.4427860696517413,0.35903814262023215,0.3839137645107794,0.8814262023217247,0.11857379767827529,0.5613598673300166,0.33913764510779437,0.8598673300165838,0.4154228855721393,0.32172470978441126,0.16500829187396351,0.5613598673300166,0.884742951907131,0.4925373134328358,0.3034825870646766,0.3076285240464345,0.3341625207296849,0.3706467661691542,0.11857379767827529,0.25538971807628524,0.9145936981757877,0.24129353233830847,0.3407960199004975,0.3706467661691542,0.4046434494195688,0.5447761194029851,0.35655058043117743,0.42703150912106136,0.5207296849087893,0.35655058043117743,0.29767827529021557,0.2603648424543947,0.5223880597014925,0.45688225538971805,0.41708126036484244,0.23217247097844113,0.5597014925373134,0.24046434494195687,0.8631840796019901,0.4966832504145937,0.3167495854063018,0.44029850746268656,0.4046434494195688,0.4792703150912106,0.560530679933665,0.21227197346600332,0.6832504145936982,0.6907131011608624,0.6061359867330016,0.31923714759535654,0.6160862354892206,0.5149253731343284,0.44776119402985076,0.675787728026534,0.39054726368159204,0.3175787728026534,0.3092868988391376,0.48756218905472637,0.5348258706467661,0.48756218905472637,0.6169154228855721,0.33250414593698174,0.48092868988391374,0.4427860696517413,0.6310116086235489,0.6160862354892206,0.4461028192371476,0.6409618573797679,0.39054726368159204,0.34577114427860695,0.433665008291874,0.5041459369817579,0.8731343283582089,0.7976782752902156,0.5920398009950248,0.7835820895522388,0.8698175787728026,0.3275290215588723,0.3208955223880597,0.3018242122719735,0.24461028192371476,0.22719734660033167,0.2570480928689884,0.27611940298507465,0.2960199004975124,0.24129353233830847,0.26533996683250416,0.42039800995024873,0.6616915422885572,0.5016583747927031,0.40630182421227196,0.39054726368159204,0.6376451077943616,0.3034825870646766,0.26533996683250416,0.7388059701492538,0.25538971807628524,0.48092868988391374,0.7918739635157546,0.3034825870646766,0.6616915422885572,0.33250414593698174,0.2777777777777778,0.33167495854063017,0.8126036484245439,0.6169154228855721,0.5016583747927031,0.5049751243781094,0.3175787728026534,0.9245439469320066,0.3706467661691542,0.3092868988391376,0.8590381426202321,0.19734660033167495,0.5422885572139303,0.31343283582089554,0.28441127694859036,0.48756218905472637,0.4427860696517413,0.19734660033167495,0.7860696517412935,0.33747927031509123,0.27611940298507465,0.32338308457711445,0.48756218905472637,0.7263681592039801,0.5796019900497512,0.5348258706467661,0.8159203980099502
79,201147,Corey Brewer,32,72,2018,2614,OKC,1610612760,32.0,81.0,186.0,Florida,USA,2007,1,7,46.21270084162204,5.432287681713849,12.08875286916603,1.1859219586840093,4.208110175975516,2.486610558530987,3.442999234889059,1.6449885233358836,4.2463657230298395,5.891354246365723,2.486610558530987,1.874521805661821,3.0221882172915073,0.5355776587605203,0.9563886763580719,5.31752104055088,3.442999234889059,14.537107880642694,-2.1423106350420813,0.0,0.0,0.07651109410864575,3.9403213465952565,4.131599081866871,4.131599081866871,-0.07651109410864575,4.131599081866871,4.016832440703902,3.2899770466717673,0.4973221117061974,4.016832440703902,3.9403213465952565,-0.07651109410864575,-0.07651109410864575,3.9403213465952565,4.016832440703902,0.1530221882172915,0.03825554705432287,0.19127773527161437,1.0711553175210407,0.19127773527161437,0.4590665646518745,0.38255547054322875,6.618209640397858,0.4973221117061974,0.8798775822494261,1.7214996174445294,0.11476664116296863,3.8638102524866107,0.9563886763580719,1.3006885998469777,0.0,3.0221882172915073,0.22953328232593725,0.0,0.0,0.0,0.0,0.0,0.26778882938026016,0.0,0.7651109410864575,0.0,3.9020657995409334,0.11476664116296863,0.19127773527161437,1.0711553175210407,0.03825554705432287,0.1530221882172915,0.0,0.1530221882172915,0.0,0.4973221117061974,0.0,0.0,0.19127773527161437,3.2899770466717673,0.0,0.0,0.0,6.885998469778118,5.011476664116297,2.8309104820198927,0.306044376434583,28.423871461361898,28.423871461361898,0.07651109410864575,6.159143075745983,0.19127773527161437,0.26778882938026016,1.0711553175210407,1.3006885998469777,4.2463657230298395,2.3335883703136955,0.19127773527161437,0.22953328232593725,0.38255547054322875,2.218821729150727,44.68247895944912,0.03825554705432287,14.537107880642694,1.4537107880642692,0.03825554705432287,2.9074215761285385,28.117827084927313,1.0328997704667178,0.03825554705432287,0.0,0.0,0.0,0.0,0.7268553940321346,0.26778882938026016,4.475899005355776,0.07651109410864575,5.31752104055088,0.38255547054322875,0.8033664881407804,1.1094108645753635,0.306044376434583,1.3389441469013006,12.547819433817903,0.8033664881407804,3.366488140780413,7.421576128538638,0.5355776587605203,0.0,0.0,0.0,0.8033664881407804,0.8033664881407804,0.0,1.4154552410099464,1.4154552410099464,0.0,1.7214996174445294,0.0,0.306044376434583,3.481254781943382,0.0,1.6832440703902065,3.175210405508799,0.0,0.03825554705432287,0.0,1.7597551644988523,1.874521805661821,0.5738332058148432,0.0,1.3771996939556235,1.9510328997704667,0.0,3.6342769701606734,0.4590665646518745,0.38255547054322875,0.9563886763580719,0.5738332058148432,0.0,2.6013771996939554,0.0,2.1423106350420813,0.0,0.38255547054322875,0.34429992348890587,0.8033664881407804,0.19127773527161437,0.0,1.9510328997704667,0.5355776587605203,0.0,3.5577658760520277,2.0275439938791124,3.2517214996174446,0.0,1.1859219586840093,3.8255547054322876,3.8638102524866107,1.1859219586840093,34.12394797245601,0.8033664881407804,0.0,5.929609793420046,2.5631216526396328,17921.882172915073,0.0,1.6832440703902065,0.0,3.366488140780413,1.4919663351185921,0.0,2.180566182096404,1.7980107115531752,0.0,3.366488140780413,0.38255547054322875,3.366488140780413,0.1530221882172915,0.26778882938026016,0.306044376434583,0.03825554705432287,0.38255547054322875,0.34429992348890587,2.0275439938791124,1.6449885233358836,6.159143075745983,0.1530221882172915,10.022953328232594,4.2463657230298395,0.0,44.68247895944912,0.8033664881407804,1.3006885998469777,7.421576128538638,0.5355776587605203,0.1530221882172915,22.5707727620505,4.858454475899006,0.0,0.0,1.1094108645753635,0.1530221882172915,5.891354246365723,0.8033664881407804,0.42081101759755163,3.2517214996174446,5.31752104055088,1.2624330527926548,6.235654169854629,1.3389441469013006,0.03825554705432287,4.093343534812548,12.394797245600612,4.934965570007651,0.7268553940321346,0.0,0.7268553940321346,0.0,0.07651109410864575,2.5248661055853097,0.0,1.7597551644988523,1.6449885233358836,4.475899005355776,12.547819433817903,0.444,0.449,0.282,0.722,10.4,0.06,0.073,0.089,10.4,0.534,0.498,0.139,0.033,0.136,0.5,0.0,0.214,0.316,0.584,0.289,0.353,0.217,0.1,0.087,0.55,0.5,0.306,0.063,0.045,0.483,0.054,0.47,0.326,0.309,0.572,0.189,0.634,0.502,0.314,0.227,0.568,0.568,0.0,0.568,0.495,0.5,0.53,0.125,0.735,0.616,0.326,0.537,0.833,0.368,0.268,0.478,0.238,0.0,0.238,0.333,0.307,0.476,0.0,0.498,0.624,0.603,0.31,0.46,0.892,0.0,0.0,0.485,0.0,0.314,0.037,0.0,0.624,0.502,0.313,0.0,0.408,0.634,0.603,0.364,0.47,1.0,0.358,0.326,0.568,0.34,0.569,0.448,0.324,0.189,0.227,0.592,0.687,0.0,0.108,0.825,0.309,0.175,0.509,0.572,0.515,0.1583747927031509,0.2810945273631841,0.2462686567164179,0.3888888888888889,0.38225538971807627,0.49336650082918737,0.49502487562189057,0.5696517412935324,0.2512437810945274,0.3524046434494196,0.32587064676616917,0.3142620232172471,0.906301824212272,0.44029850746268656,0.5597014925373134,0.7437810945273632,0.5398009950248757,0.291044776119403,0.44859038142620233,0.31260364842454397,0.47512437810945274,0.3524046434494196,0.45356550580431176,0.45107794361525705,0.45107794361525705,0.43532338308457713,0.45107794361525705,0.4502487562189055,0.4552238805970149,0.4054726368159204,0.4502487562189055,0.4552238805970149,0.43532338308457713,0.44029850746268656,0.45356550580431176,0.4519071310116086,0.1583747927031509,0.49834162520729686,0.2131011608623549,0.25456053067993367,0.23134328358208955,0.8034825870646766,0.1550580431177446,0.6890547263681592,0.8300165837479271,0.20315091210613598,0.8930348258706468,0.8565505804311775,0.6791044776119403,0.8233830845771144,0.8532338308457711,0.4966832504145937,0.8897180762852405,0.2860696517412935,0.13681592039800994,0.4867330016583748,0.4966832504145937,0.4917081260364842,0.48756218905472637,0.2230514096185738,0.4925373134328358,0.2562189054726368,0.4925373134328358,0.6658374792703151,0.31260364842454397,0.8980099502487562,0.5713101160862355,0.6708126036484245,0.25290215588723053,0.4286898839137645,0.18325041459369817,0.48839137645107794,0.2131011608623549,0.49834162520729686,0.49917081260364843,0.30265339966832505,0.6343283582089553,0.49336650082918737,0.42371475953565507,0.4925373134328358,0.6724709784411277,0.36069651741293535,0.3275290215588723,0.763681592039801,0.09535655058043117,0.08374792703150911,0.21144278606965175,0.3275290215588723,0.3723051409618574,0.43532338308457713,0.49834162520729686,0.48009950248756217,0.4286898839137645,0.4684908789386401,0.4187396351575456,0.42703150912106136,0.42371475953565507,0.46683250414593697,0.08540630182421227,0.21144278606965175,0.2943615257048093,0.1799336650082919,0.533167495854063,0.5381426202321725,0.09535655058043117,0.4361525704809287,0.32172470978441126,0.4792703150912106,0.43781094527363185,0.49917081260364843,0.4734660033167496,0.4925373134328358,0.5016583747927031,0.3407960199004975,0.3706467661691542,0.5613598673300166,0.5132669983416253,0.3839137645107794,0.7205638474295191,0.5066334991708126,0.4154228855721393,0.3706467661691542,0.4286898839137645,0.23797678275290216,0.24129353233830847,0.47180762852404645,0.4461028192371476,0.5,0.3540630182421227,0.533167495854063,0.5248756218905473,0.5,0.48175787728026537,0.49502487562189057,0.5008291873963516,0.2810945273631841,0.49502487562189057,0.5679933665008292,0.27114427860696516,0.49585406301824214,0.3142620232172471,0.3009950248756219,0.5,0.5265339966832504,0.49917081260364843,0.5265339966832504,0.45688225538971805,0.5613598673300166,0.5,0.6525704809286899,0.6044776119402985,0.4975124378109453,0.478441127694859,0.28689883913764513,0.44029850746268656,0.3043117744610282,0.3474295190713101,0.49585406301824214,0.29270315091210614,0.5,0.36069651741293535,0.49834162520729686,0.26616915422885573,0.44029850746268656,0.2877280265339967,0.27114427860696516,0.22719734660033167,0.49834162520729686,0.45356550580431176,0.25538971807628524,0.4021558872305141,0.13349917081260365,0.11857379767827529,0.5008291873963516,0.4651741293532338,0.48839137645107794,0.4154228855721393,0.38474295190713104,0.3308457711442786,0.4286898839137645,0.5008291873963516,0.10862354892205639,0.9029850746268657,0.38723051409618575,0.5008291873963516,0.8565505804311775,0.33167495854063017,0.13018242122719734,0.16169154228855723,0.26533996683250416,0.3275290215588723,0.28441127694859036,0.3034825870646766,0.4386401326699834,0.5132669983416253,0.23797678275290216,0.4759535655058043,0.5016583747927031,0.5066334991708126,0.4320066334991708,0.5398009950248757,0.32587064676616917,0.13349917081260365,0.5696517412935324,0.4767827529021559,0.2752902155887231,0.11028192371475953,0.25456053067993367,0.2230514096185738,0.08540630182421227,0.6907131011608624,0.06053067993366501,0.24129353233830847,0.47180762852404645,0.45107794361525705,0.6144278606965174,0.12023217247097844,0.33747927031509123,0.5008291873963516,0.7205638474295191,0.4427860696517413,0.35903814262023215,0.3839137645107794,0.8814262023217247,0.11857379767827529,0.5613598673300166,0.33913764510779437,0.8598673300165838,0.4154228855721393,0.32172470978441126,0.16500829187396351,0.5613598673300166,0.884742951907131,0.4925373134328358,0.3034825870646766,0.3076285240464345,0.3341625207296849,0.3706467661691542,0.05555555555555555,0.25538971807628524,0.9145936981757877,0.24129353233830847,0.3407960199004975,0.3706467661691542,0.4046434494195688,0.5447761194029851,0.35655058043117743,0.42703150912106136,0.5207296849087893,0.35655058043117743,0.29767827529021557,0.2603648424543947,0.5223880597014925,0.45688225538971805,0.41708126036484244,0.23217247097844113,0.5597014925373134,0.24046434494195687,0.8631840796019901,0.4966832504145937,0.3167495854063018,0.44029850746268656,0.4046434494195688,0.4792703150912106,0.560530679933665,0.21227197346600332,0.6832504145936982,0.6907131011608624,0.6061359867330016,0.31923714759535654,0.6160862354892206,0.5149253731343284,0.44776119402985076,0.675787728026534,0.39054726368159204,0.3175787728026534,0.3092868988391376,0.48756218905472637,0.5348258706467661,0.48756218905472637,0.6169154228855721,0.33250414593698174,0.48092868988391374,0.4427860696517413,0.6310116086235489,0.6160862354892206,0.4461028192371476,0.6409618573797679,0.39054726368159204,0.34577114427860695,0.433665008291874,0.5041459369817579,0.8731343283582089,0.7976782752902156,0.5920398009950248,0.7835820895522388,0.8698175787728026,0.3275290215588723,0.3208955223880597,0.3018242122719735,0.24461028192371476,0.22719734660033167,0.2570480928689884,0.27611940298507465,0.2960199004975124,0.24129353233830847,0.26533996683250416,0.42039800995024873,0.6616915422885572,0.5016583747927031,0.40630182421227196,0.39054726368159204,0.6376451077943616,0.3034825870646766,0.26533996683250416,0.7388059701492538,0.25538971807628524,0.48092868988391374,0.7918739635157546,0.3034825870646766,0.6616915422885572,0.33250414593698174,0.2777777777777778,0.33167495854063017,0.8126036484245439,0.6169154228855721,0.5016583747927031,0.5049751243781094,0.3175787728026534,0.9245439469320066,0.3706467661691542,0.3092868988391376,0.8590381426202321,0.0912106135986733,0.6907131011608624,0.31343283582089554,0.28441127694859036,0.48756218905472637,0.4427860696517413,0.19734660033167495,0.7860696517412935,0.33747927031509123,0.27611940298507465,0.32338308457711445,0.48756218905472637,0.7263681592039801,0.5796019900497512,0.5348258706467661,0.24958540630182421
80,201147,Corey Brewer,32,72,2018,2614,OKC,1610612760,32.0,81.0,186.0,Florida,USA,2007,1,7,46.21270084162204,5.432287681713849,12.08875286916603,1.1859219586840093,4.208110175975516,2.486610558530987,3.442999234889059,1.6449885233358836,4.2463657230298395,5.891354246365723,2.486610558530987,1.874521805661821,3.0221882172915073,0.5355776587605203,0.9563886763580719,5.31752104055088,3.442999234889059,14.537107880642694,-2.1423106350420813,0.0,0.0,0.07651109410864575,3.9403213465952565,4.131599081866871,4.131599081866871,-0.07651109410864575,4.131599081866871,4.016832440703902,3.2899770466717673,0.4973221117061974,4.016832440703902,3.9403213465952565,-0.07651109410864575,-0.07651109410864575,3.9403213465952565,4.016832440703902,0.1530221882172915,0.03825554705432287,0.19127773527161437,1.0711553175210407,0.19127773527161437,0.4590665646518745,0.38255547054322875,6.618209640397858,0.4973221117061974,0.8798775822494261,1.7214996174445294,0.11476664116296863,3.8638102524866107,0.9563886763580719,1.3006885998469777,0.0,3.0221882172915073,0.22953328232593725,0.0,0.0,0.0,0.0,0.0,0.26778882938026016,0.0,0.7651109410864575,0.0,3.9020657995409334,0.11476664116296863,0.19127773527161437,1.0711553175210407,0.03825554705432287,0.1530221882172915,0.0,0.1530221882172915,0.0,0.4973221117061974,0.0,0.0,0.19127773527161437,3.2899770466717673,0.0,0.0,0.0,6.885998469778118,5.011476664116297,2.8309104820198927,0.306044376434583,28.423871461361898,28.423871461361898,0.07651109410864575,6.159143075745983,0.19127773527161437,0.26778882938026016,1.0711553175210407,1.3006885998469777,4.2463657230298395,2.3335883703136955,0.19127773527161437,0.22953328232593725,0.38255547054322875,2.218821729150727,44.68247895944912,0.03825554705432287,14.537107880642694,1.4537107880642692,0.03825554705432287,2.9074215761285385,28.117827084927313,1.0328997704667178,0.03825554705432287,0.0,0.0,0.0,0.0,0.7268553940321346,0.26778882938026016,4.475899005355776,0.07651109410864575,5.31752104055088,0.38255547054322875,0.8033664881407804,1.1094108645753635,0.306044376434583,1.3389441469013006,12.547819433817903,0.8033664881407804,3.366488140780413,7.421576128538638,0.5355776587605203,0.0,0.0,0.0,0.8033664881407804,0.8033664881407804,0.0,1.4154552410099464,1.4154552410099464,0.0,1.7214996174445294,0.0,0.306044376434583,3.481254781943382,0.0,1.6832440703902065,3.175210405508799,0.0,0.03825554705432287,0.0,1.7597551644988523,1.874521805661821,0.5738332058148432,0.0,1.3771996939556235,1.9510328997704667,0.0,3.6342769701606734,0.4590665646518745,0.38255547054322875,0.9563886763580719,0.5738332058148432,0.0,2.6013771996939554,0.0,2.1423106350420813,0.0,0.38255547054322875,0.34429992348890587,0.8033664881407804,0.19127773527161437,0.0,1.9510328997704667,0.5355776587605203,0.0,3.5577658760520277,2.0275439938791124,3.2517214996174446,0.0,1.1859219586840093,3.8255547054322876,3.8638102524866107,1.1859219586840093,34.12394797245601,0.8033664881407804,0.0,5.929609793420046,2.5631216526396328,17921.882172915073,0.0,1.6832440703902065,0.0,3.366488140780413,1.4919663351185921,0.0,2.180566182096404,1.7980107115531752,0.0,3.366488140780413,0.38255547054322875,3.366488140780413,0.1530221882172915,0.26778882938026016,0.306044376434583,0.03825554705432287,0.38255547054322875,0.34429992348890587,1.0711553175210407,1.6449885233358836,6.159143075745983,0.1530221882172915,10.022953328232594,4.2463657230298395,0.0,44.68247895944912,0.8033664881407804,2.3718439173680186,7.421576128538638,0.5355776587605203,0.1530221882172915,22.5707727620505,4.858454475899006,0.0,0.0,1.1094108645753635,0.1530221882172915,5.891354246365723,0.8033664881407804,0.42081101759755163,1.9510328997704667,5.31752104055088,1.2624330527926548,6.235654169854629,1.3389441469013006,0.03825554705432287,4.093343534812548,12.394797245600612,4.934965570007651,0.7268553940321346,0.0,0.7268553940321346,0.0,0.07651109410864575,3.8255547054322876,0.0,1.7597551644988523,1.6449885233358836,4.475899005355776,12.547819433817903,0.444,0.449,0.282,0.722,10.4,0.06,0.073,0.089,10.4,0.534,0.498,0.139,0.033,0.136,0.5,0.0,0.214,0.316,0.584,0.289,0.353,0.217,0.1,0.087,0.55,0.5,0.306,0.063,0.045,0.483,0.054,0.47,0.326,0.309,0.572,0.189,0.634,0.502,0.314,0.227,0.568,0.568,0.0,0.568,0.495,0.5,0.53,0.125,0.735,0.616,0.326,0.537,0.833,0.368,0.268,0.478,0.238,0.0,0.238,0.333,0.307,0.476,0.0,0.498,0.624,0.603,0.31,0.46,0.892,0.0,0.0,0.485,0.0,0.314,0.037,0.0,0.549,0.502,0.313,0.0,0.408,0.634,0.62,0.364,0.47,1.0,0.358,0.326,0.568,0.382,0.565,0.448,0.263,0.189,0.227,0.592,0.687,0.0,0.108,0.825,0.309,0.175,0.509,0.572,0.62,0.1583747927031509,0.2810945273631841,0.2462686567164179,0.3888888888888889,0.38225538971807627,0.49336650082918737,0.49502487562189057,0.5696517412935324,0.2512437810945274,0.3524046434494196,0.32587064676616917,0.3142620232172471,0.906301824212272,0.44029850746268656,0.5597014925373134,0.7437810945273632,0.5398009950248757,0.291044776119403,0.44859038142620233,0.31260364842454397,0.47512437810945274,0.3524046434494196,0.45356550580431176,0.45107794361525705,0.45107794361525705,0.43532338308457713,0.45107794361525705,0.4502487562189055,0.4552238805970149,0.4054726368159204,0.4502487562189055,0.4552238805970149,0.43532338308457713,0.44029850746268656,0.45356550580431176,0.4519071310116086,0.1583747927031509,0.49834162520729686,0.2131011608623549,0.25456053067993367,0.23134328358208955,0.8034825870646766,0.1550580431177446,0.6890547263681592,0.8300165837479271,0.20315091210613598,0.8930348258706468,0.8565505804311775,0.6791044776119403,0.8233830845771144,0.8532338308457711,0.4966832504145937,0.8897180762852405,0.2860696517412935,0.13681592039800994,0.4867330016583748,0.4966832504145937,0.4917081260364842,0.48756218905472637,0.2230514096185738,0.4925373134328358,0.2562189054726368,0.4925373134328358,0.6658374792703151,0.31260364842454397,0.8980099502487562,0.5713101160862355,0.6708126036484245,0.25290215588723053,0.4286898839137645,0.18325041459369817,0.48839137645107794,0.2131011608623549,0.49834162520729686,0.49917081260364843,0.30265339966832505,0.6343283582089553,0.49336650082918737,0.42371475953565507,0.4925373134328358,0.6724709784411277,0.36069651741293535,0.3275290215588723,0.763681592039801,0.09535655058043117,0.08374792703150911,0.21144278606965175,0.3275290215588723,0.3723051409618574,0.43532338308457713,0.49834162520729686,0.48009950248756217,0.4286898839137645,0.4684908789386401,0.4187396351575456,0.42703150912106136,0.42371475953565507,0.46683250414593697,0.08540630182421227,0.21144278606965175,0.2943615257048093,0.1799336650082919,0.533167495854063,0.5381426202321725,0.09535655058043117,0.4361525704809287,0.32172470978441126,0.4792703150912106,0.43781094527363185,0.49917081260364843,0.4734660033167496,0.4925373134328358,0.5016583747927031,0.3407960199004975,0.3706467661691542,0.5613598673300166,0.5132669983416253,0.3839137645107794,0.7205638474295191,0.5066334991708126,0.4154228855721393,0.3706467661691542,0.4286898839137645,0.23797678275290216,0.24129353233830847,0.47180762852404645,0.4461028192371476,0.5,0.3540630182421227,0.533167495854063,0.5248756218905473,0.5,0.48175787728026537,0.49502487562189057,0.5008291873963516,0.2810945273631841,0.49502487562189057,0.5679933665008292,0.27114427860696516,0.49585406301824214,0.3142620232172471,0.3009950248756219,0.5,0.5265339966832504,0.49917081260364843,0.5265339966832504,0.45688225538971805,0.5613598673300166,0.5,0.6525704809286899,0.6044776119402985,0.4975124378109453,0.478441127694859,0.28689883913764513,0.44029850746268656,0.3043117744610282,0.3474295190713101,0.49585406301824214,0.29270315091210614,0.5,0.36069651741293535,0.49834162520729686,0.26616915422885573,0.44029850746268656,0.2877280265339967,0.27114427860696516,0.22719734660033167,0.49834162520729686,0.45356550580431176,0.25538971807628524,0.4021558872305141,0.13349917081260365,0.11857379767827529,0.5008291873963516,0.4651741293532338,0.48839137645107794,0.4154228855721393,0.38474295190713104,0.3308457711442786,0.4286898839137645,0.5008291873963516,0.10862354892205639,0.9029850746268657,0.38723051409618575,0.5008291873963516,0.8565505804311775,0.33167495854063017,0.13018242122719734,0.16169154228855723,0.26533996683250416,0.3275290215588723,0.28441127694859036,0.3034825870646766,0.4386401326699834,0.5132669983416253,0.23797678275290216,0.4759535655058043,0.5016583747927031,0.5066334991708126,0.4320066334991708,0.5398009950248757,0.32587064676616917,0.06218905472636816,0.5696517412935324,0.4767827529021559,0.2752902155887231,0.11028192371475953,0.25456053067993367,0.2230514096185738,0.08540630182421227,0.6907131011608624,0.1318407960199005,0.24129353233830847,0.47180762852404645,0.45107794361525705,0.6144278606965174,0.12023217247097844,0.33747927031509123,0.5008291873963516,0.7205638474295191,0.4427860696517413,0.35903814262023215,0.3839137645107794,0.8814262023217247,0.05555555555555555,0.5613598673300166,0.33913764510779437,0.8598673300165838,0.4154228855721393,0.32172470978441126,0.16500829187396351,0.5613598673300166,0.884742951907131,0.4925373134328358,0.3034825870646766,0.3076285240464345,0.3341625207296849,0.3706467661691542,0.11857379767827529,0.25538971807628524,0.9145936981757877,0.24129353233830847,0.3407960199004975,0.3706467661691542,0.4046434494195688,0.5447761194029851,0.35655058043117743,0.42703150912106136,0.5207296849087893,0.35655058043117743,0.29767827529021557,0.2603648424543947,0.5223880597014925,0.45688225538971805,0.41708126036484244,0.23217247097844113,0.5597014925373134,0.24046434494195687,0.8631840796019901,0.4966832504145937,0.3167495854063018,0.44029850746268656,0.4046434494195688,0.4792703150912106,0.560530679933665,0.21227197346600332,0.6832504145936982,0.6907131011608624,0.6061359867330016,0.31923714759535654,0.6160862354892206,0.5149253731343284,0.44776119402985076,0.675787728026534,0.39054726368159204,0.3175787728026534,0.3092868988391376,0.48756218905472637,0.5348258706467661,0.48756218905472637,0.6169154228855721,0.33250414593698174,0.48092868988391374,0.4427860696517413,0.6310116086235489,0.6160862354892206,0.4461028192371476,0.6409618573797679,0.39054726368159204,0.34577114427860695,0.433665008291874,0.5041459369817579,0.8731343283582089,0.7976782752902156,0.5920398009950248,0.7835820895522388,0.8698175787728026,0.3275290215588723,0.3208955223880597,0.3018242122719735,0.24461028192371476,0.22719734660033167,0.2570480928689884,0.27611940298507465,0.2960199004975124,0.24129353233830847,0.26533996683250416,0.42039800995024873,0.6616915422885572,0.5016583747927031,0.40630182421227196,0.39054726368159204,0.6376451077943616,0.3034825870646766,0.26533996683250416,0.7388059701492538,0.25538971807628524,0.48092868988391374,0.7918739635157546,0.3034825870646766,0.2512437810945274,0.33250414593698174,0.2777777777777778,0.33167495854063017,0.8126036484245439,0.6169154228855721,0.9046434494195689,0.5049751243781094,0.3175787728026534,0.9245439469320066,0.3706467661691542,0.3092868988391376,0.8590381426202321,0.19734660033167495,0.5422885572139303,0.31343283582089554,0.09286898839137644,0.48756218905472637,0.4427860696517413,0.19734660033167495,0.7860696517412935,0.33747927031509123,0.27611940298507465,0.32338308457711445,0.48756218905472637,0.7263681592039801,0.5796019900497512,0.5348258706467661,0.8159203980099502
81,201147,Corey Brewer,32,72,2018,2614,OKC,1610612760,32.0,81.0,186.0,Florida,USA,2007,1,7,46.21270084162204,5.432287681713849,12.08875286916603,1.1859219586840093,4.208110175975516,2.486610558530987,3.442999234889059,1.6449885233358836,4.2463657230298395,5.891354246365723,2.486610558530987,1.874521805661821,3.0221882172915073,0.5355776587605203,0.9563886763580719,5.31752104055088,3.442999234889059,14.537107880642694,-2.1423106350420813,0.0,0.0,0.07651109410864575,3.9403213465952565,4.131599081866871,4.131599081866871,-0.07651109410864575,4.131599081866871,4.016832440703902,3.2899770466717673,0.4973221117061974,4.016832440703902,3.9403213465952565,-0.07651109410864575,-0.07651109410864575,3.9403213465952565,4.016832440703902,0.1530221882172915,0.03825554705432287,0.19127773527161437,1.0711553175210407,0.19127773527161437,0.4590665646518745,0.38255547054322875,6.618209640397858,0.4973221117061974,0.8798775822494261,1.7214996174445294,0.11476664116296863,3.8638102524866107,0.9563886763580719,1.3006885998469777,0.0,3.0221882172915073,0.22953328232593725,0.0,0.0,0.0,0.0,0.0,0.26778882938026016,0.0,0.7651109410864575,0.0,3.9020657995409334,0.11476664116296863,0.19127773527161437,1.0711553175210407,0.03825554705432287,0.1530221882172915,0.0,0.1530221882172915,0.0,0.4973221117061974,0.0,0.0,0.19127773527161437,3.2899770466717673,0.0,0.0,0.0,6.885998469778118,5.011476664116297,2.8309104820198927,0.306044376434583,28.423871461361898,28.423871461361898,0.07651109410864575,6.159143075745983,0.19127773527161437,0.26778882938026016,1.0711553175210407,1.3006885998469777,4.2463657230298395,2.3335883703136955,0.19127773527161437,0.22953328232593725,0.38255547054322875,2.218821729150727,44.68247895944912,0.03825554705432287,14.537107880642694,1.4537107880642692,0.03825554705432287,2.9074215761285385,28.117827084927313,1.0328997704667178,0.03825554705432287,0.0,0.0,0.0,0.0,0.7268553940321346,0.26778882938026016,4.475899005355776,0.07651109410864575,5.31752104055088,0.38255547054322875,0.8033664881407804,1.1094108645753635,0.306044376434583,1.3389441469013006,12.547819433817903,0.8033664881407804,3.366488140780413,7.421576128538638,0.5355776587605203,0.0,0.0,0.0,0.8033664881407804,0.8033664881407804,0.0,1.4154552410099464,1.4154552410099464,0.0,1.7214996174445294,0.0,0.306044376434583,3.481254781943382,0.0,1.6832440703902065,3.175210405508799,0.0,0.03825554705432287,0.0,1.7597551644988523,1.874521805661821,0.5738332058148432,0.0,1.3771996939556235,1.9510328997704667,0.0,3.6342769701606734,0.4590665646518745,0.38255547054322875,0.9563886763580719,0.5738332058148432,0.0,2.6013771996939554,0.0,2.1423106350420813,0.0,0.38255547054322875,0.34429992348890587,0.8033664881407804,0.19127773527161437,0.0,1.9510328997704667,0.5355776587605203,0.0,3.5577658760520277,2.0275439938791124,3.2517214996174446,0.0,1.1859219586840093,3.8255547054322876,3.8638102524866107,1.1859219586840093,34.12394797245601,0.8033664881407804,0.0,5.929609793420046,2.5631216526396328,17921.882172915073,0.0,1.6832440703902065,0.0,3.366488140780413,1.4919663351185921,0.0,2.180566182096404,1.7980107115531752,0.0,3.366488140780413,0.38255547054322875,3.366488140780413,0.1530221882172915,0.26778882938026016,0.306044376434583,0.03825554705432287,0.38255547054322875,0.34429992348890587,1.0711553175210407,1.6449885233358836,6.159143075745983,0.1530221882172915,10.022953328232594,4.2463657230298395,0.0,44.68247895944912,0.8033664881407804,1.3006885998469777,7.421576128538638,0.5355776587605203,0.1530221882172915,22.5707727620505,4.858454475899006,0.0,0.0,1.1094108645753635,0.1530221882172915,5.891354246365723,0.8033664881407804,0.42081101759755163,1.9510328997704667,5.31752104055088,1.2624330527926548,6.235654169854629,1.3389441469013006,0.03825554705432287,4.093343534812548,12.394797245600612,4.934965570007651,0.7268553940321346,0.0,0.7268553940321346,0.0,0.07651109410864575,2.5248661055853097,0.0,1.7597551644988523,1.6449885233358836,4.475899005355776,12.547819433817903,0.444,0.449,0.282,0.722,10.4,0.06,0.073,0.089,10.4,0.534,0.498,0.139,0.033,0.136,0.5,0.0,0.214,0.316,0.584,0.289,0.353,0.217,0.1,0.087,0.55,0.5,0.306,0.063,0.045,0.483,0.054,0.47,0.326,0.309,0.572,0.189,0.634,0.502,0.314,0.227,0.568,0.568,0.0,0.568,0.495,0.5,0.53,0.125,0.735,0.616,0.326,0.537,0.833,0.368,0.268,0.478,0.238,0.0,0.238,0.333,0.307,0.476,0.0,0.498,0.624,0.603,0.31,0.46,0.892,0.0,0.0,0.485,0.0,0.314,0.037,0.0,0.549,0.502,0.313,0.0,0.408,0.634,0.62,0.364,0.47,1.0,0.358,0.326,0.568,0.34,0.569,0.448,0.263,0.189,0.227,0.592,0.687,0.0,0.108,0.825,0.309,0.175,0.509,0.572,0.515,0.1583747927031509,0.2810945273631841,0.2462686567164179,0.3888888888888889,0.38225538971807627,0.49336650082918737,0.49502487562189057,0.5696517412935324,0.2512437810945274,0.3524046434494196,0.32587064676616917,0.3142620232172471,0.906301824212272,0.44029850746268656,0.5597014925373134,0.7437810945273632,0.5398009950248757,0.291044776119403,0.44859038142620233,0.31260364842454397,0.47512437810945274,0.3524046434494196,0.45356550580431176,0.45107794361525705,0.45107794361525705,0.43532338308457713,0.45107794361525705,0.4502487562189055,0.4552238805970149,0.4054726368159204,0.4502487562189055,0.4552238805970149,0.43532338308457713,0.44029850746268656,0.45356550580431176,0.4519071310116086,0.1583747927031509,0.49834162520729686,0.2131011608623549,0.25456053067993367,0.23134328358208955,0.8034825870646766,0.1550580431177446,0.6890547263681592,0.8300165837479271,0.20315091210613598,0.8930348258706468,0.8565505804311775,0.6791044776119403,0.8233830845771144,0.8532338308457711,0.4966832504145937,0.8897180762852405,0.2860696517412935,0.13681592039800994,0.4867330016583748,0.4966832504145937,0.4917081260364842,0.48756218905472637,0.2230514096185738,0.4925373134328358,0.2562189054726368,0.4925373134328358,0.6658374792703151,0.31260364842454397,0.8980099502487562,0.5713101160862355,0.6708126036484245,0.25290215588723053,0.4286898839137645,0.18325041459369817,0.48839137645107794,0.2131011608623549,0.49834162520729686,0.49917081260364843,0.30265339966832505,0.6343283582089553,0.49336650082918737,0.42371475953565507,0.4925373134328358,0.6724709784411277,0.36069651741293535,0.3275290215588723,0.763681592039801,0.09535655058043117,0.08374792703150911,0.21144278606965175,0.3275290215588723,0.3723051409618574,0.43532338308457713,0.49834162520729686,0.48009950248756217,0.4286898839137645,0.4684908789386401,0.4187396351575456,0.42703150912106136,0.42371475953565507,0.46683250414593697,0.08540630182421227,0.21144278606965175,0.2943615257048093,0.1799336650082919,0.533167495854063,0.5381426202321725,0.09535655058043117,0.4361525704809287,0.32172470978441126,0.4792703150912106,0.43781094527363185,0.49917081260364843,0.4734660033167496,0.4925373134328358,0.5016583747927031,0.3407960199004975,0.3706467661691542,0.5613598673300166,0.5132669983416253,0.3839137645107794,0.7205638474295191,0.5066334991708126,0.4154228855721393,0.3706467661691542,0.4286898839137645,0.23797678275290216,0.24129353233830847,0.47180762852404645,0.4461028192371476,0.5,0.3540630182421227,0.533167495854063,0.5248756218905473,0.5,0.48175787728026537,0.49502487562189057,0.5008291873963516,0.2810945273631841,0.49502487562189057,0.5679933665008292,0.27114427860696516,0.49585406301824214,0.3142620232172471,0.3009950248756219,0.5,0.5265339966832504,0.49917081260364843,0.5265339966832504,0.45688225538971805,0.5613598673300166,0.5,0.6525704809286899,0.6044776119402985,0.4975124378109453,0.478441127694859,0.28689883913764513,0.44029850746268656,0.3043117744610282,0.3474295190713101,0.49585406301824214,0.29270315091210614,0.5,0.36069651741293535,0.49834162520729686,0.26616915422885573,0.44029850746268656,0.2877280265339967,0.27114427860696516,0.22719734660033167,0.49834162520729686,0.45356550580431176,0.25538971807628524,0.4021558872305141,0.13349917081260365,0.11857379767827529,0.5008291873963516,0.4651741293532338,0.48839137645107794,0.4154228855721393,0.38474295190713104,0.3308457711442786,0.4286898839137645,0.5008291873963516,0.10862354892205639,0.9029850746268657,0.38723051409618575,0.5008291873963516,0.8565505804311775,0.33167495854063017,0.13018242122719734,0.16169154228855723,0.26533996683250416,0.3275290215588723,0.28441127694859036,0.3034825870646766,0.4386401326699834,0.5132669983416253,0.23797678275290216,0.4759535655058043,0.5016583747927031,0.5066334991708126,0.4320066334991708,0.5398009950248757,0.32587064676616917,0.06218905472636816,0.5696517412935324,0.4767827529021559,0.2752902155887231,0.11028192371475953,0.25456053067993367,0.2230514096185738,0.08540630182421227,0.6907131011608624,0.06053067993366501,0.24129353233830847,0.47180762852404645,0.45107794361525705,0.6144278606965174,0.12023217247097844,0.33747927031509123,0.5008291873963516,0.7205638474295191,0.4427860696517413,0.35903814262023215,0.3839137645107794,0.8814262023217247,0.05555555555555555,0.5613598673300166,0.33913764510779437,0.8598673300165838,0.4154228855721393,0.32172470978441126,0.16500829187396351,0.5613598673300166,0.884742951907131,0.4925373134328358,0.3034825870646766,0.3076285240464345,0.3341625207296849,0.3706467661691542,0.05555555555555555,0.25538971807628524,0.9145936981757877,0.24129353233830847,0.3407960199004975,0.3706467661691542,0.4046434494195688,0.5447761194029851,0.35655058043117743,0.42703150912106136,0.5207296849087893,0.35655058043117743,0.29767827529021557,0.2603648424543947,0.5223880597014925,0.45688225538971805,0.41708126036484244,0.23217247097844113,0.5597014925373134,0.24046434494195687,0.8631840796019901,0.4966832504145937,0.3167495854063018,0.44029850746268656,0.4046434494195688,0.4792703150912106,0.560530679933665,0.21227197346600332,0.6832504145936982,0.6907131011608624,0.6061359867330016,0.31923714759535654,0.6160862354892206,0.5149253731343284,0.44776119402985076,0.675787728026534,0.39054726368159204,0.3175787728026534,0.3092868988391376,0.48756218905472637,0.5348258706467661,0.48756218905472637,0.6169154228855721,0.33250414593698174,0.48092868988391374,0.4427860696517413,0.6310116086235489,0.6160862354892206,0.4461028192371476,0.6409618573797679,0.39054726368159204,0.34577114427860695,0.433665008291874,0.5041459369817579,0.8731343283582089,0.7976782752902156,0.5920398009950248,0.7835820895522388,0.8698175787728026,0.3275290215588723,0.3208955223880597,0.3018242122719735,0.24461028192371476,0.22719734660033167,0.2570480928689884,0.27611940298507465,0.2960199004975124,0.24129353233830847,0.26533996683250416,0.42039800995024873,0.6616915422885572,0.5016583747927031,0.40630182421227196,0.39054726368159204,0.6376451077943616,0.3034825870646766,0.26533996683250416,0.7388059701492538,0.25538971807628524,0.48092868988391374,0.7918739635157546,0.3034825870646766,0.2512437810945274,0.33250414593698174,0.2777777777777778,0.33167495854063017,0.8126036484245439,0.6169154228855721,0.9046434494195689,0.5049751243781094,0.3175787728026534,0.9245439469320066,0.3706467661691542,0.3092868988391376,0.8590381426202321,0.0912106135986733,0.6907131011608624,0.31343283582089554,0.09286898839137644,0.48756218905472637,0.4427860696517413,0.19734660033167495,0.7860696517412935,0.33747927031509123,0.27611940298507465,0.32338308457711445,0.48756218905472637,0.7263681592039801,0.5796019900497512,0.5348258706467661,0.24958540630182421
82,201147,Corey Brewer,32,72,2018,2614,OKC,1610612760,32.0,81.0,186.0,Florida,USA,2007,1,7,46.21270084162204,5.432287681713849,12.08875286916603,1.1859219586840093,4.208110175975516,2.486610558530987,3.442999234889059,1.6449885233358836,4.2463657230298395,5.891354246365723,2.486610558530987,1.874521805661821,3.0221882172915073,0.5355776587605203,0.9563886763580719,5.31752104055088,3.442999234889059,14.537107880642694,-2.1423106350420813,0.0,0.0,0.07651109410864575,3.9403213465952565,4.131599081866871,4.131599081866871,-0.07651109410864575,4.131599081866871,4.016832440703902,3.2899770466717673,0.4973221117061974,4.016832440703902,3.9403213465952565,-0.07651109410864575,-0.07651109410864575,3.9403213465952565,4.016832440703902,0.1530221882172915,0.03825554705432287,0.19127773527161437,1.0711553175210407,0.19127773527161437,0.4590665646518745,0.38255547054322875,6.618209640397858,0.4973221117061974,0.8798775822494261,1.7214996174445294,0.11476664116296863,3.8638102524866107,0.9563886763580719,1.3006885998469777,0.0,3.0221882172915073,0.22953328232593725,0.0,0.0,0.0,0.0,0.0,0.26778882938026016,0.0,0.7651109410864575,0.0,3.9020657995409334,0.11476664116296863,0.19127773527161437,1.0711553175210407,0.03825554705432287,0.1530221882172915,0.0,0.1530221882172915,0.0,0.4973221117061974,0.0,0.0,0.19127773527161437,3.2899770466717673,0.0,0.0,0.0,6.885998469778118,5.011476664116297,2.8309104820198927,0.306044376434583,28.423871461361898,28.423871461361898,0.07651109410864575,6.159143075745983,0.19127773527161437,0.26778882938026016,1.0711553175210407,1.3006885998469777,4.2463657230298395,2.3335883703136955,0.19127773527161437,0.22953328232593725,0.38255547054322875,2.218821729150727,44.68247895944912,0.03825554705432287,14.537107880642694,1.4537107880642692,0.03825554705432287,2.9074215761285385,28.117827084927313,1.0328997704667178,0.03825554705432287,0.0,0.0,0.0,0.0,0.7268553940321346,0.26778882938026016,4.475899005355776,0.07651109410864575,5.31752104055088,0.38255547054322875,0.8033664881407804,1.1094108645753635,0.306044376434583,1.3389441469013006,12.547819433817903,0.8033664881407804,3.366488140780413,7.421576128538638,0.5355776587605203,0.0,0.0,0.0,0.8033664881407804,0.8033664881407804,0.0,1.4154552410099464,1.4154552410099464,0.0,1.7214996174445294,0.0,0.306044376434583,3.481254781943382,0.0,1.6832440703902065,3.175210405508799,0.0,0.03825554705432287,0.0,1.7597551644988523,1.874521805661821,0.5738332058148432,0.0,1.3771996939556235,1.9510328997704667,0.0,3.6342769701606734,0.4590665646518745,0.38255547054322875,0.9563886763580719,0.5738332058148432,0.0,2.6013771996939554,0.0,2.1423106350420813,0.0,0.38255547054322875,0.34429992348890587,0.8033664881407804,0.19127773527161437,0.0,1.9510328997704667,0.5355776587605203,0.0,3.5577658760520277,2.0275439938791124,3.2517214996174446,0.0,1.1859219586840093,3.8255547054322876,3.8638102524866107,1.1859219586840093,34.12394797245601,0.8033664881407804,0.0,3.8638102524866107,2.5631216526396328,17921.882172915073,0.0,1.6832440703902065,0.0,1.7597551644988523,1.4919663351185921,0.0,2.180566182096404,1.7980107115531752,0.0,3.366488140780413,0.38255547054322875,3.366488140780413,0.1530221882172915,0.26778882938026016,0.306044376434583,0.03825554705432287,0.38255547054322875,0.34429992348890587,2.0275439938791124,1.6449885233358836,6.159143075745983,0.1530221882172915,10.022953328232594,4.2463657230298395,0.0,44.68247895944912,0.8033664881407804,2.3718439173680186,7.421576128538638,0.5355776587605203,0.1530221882172915,22.5707727620505,4.858454475899006,0.0,0.0,1.1094108645753635,0.1530221882172915,5.891354246365723,0.8033664881407804,0.42081101759755163,3.2517214996174446,5.31752104055088,1.2624330527926548,6.235654169854629,1.3389441469013006,0.03825554705432287,4.093343534812548,12.394797245600612,4.934965570007651,0.7268553940321346,0.0,0.7268553940321346,0.0,0.07651109410864575,3.8255547054322876,0.0,1.7597551644988523,1.6449885233358836,4.475899005355776,12.547819433817903,0.444,0.449,0.282,0.722,10.4,0.06,0.073,0.089,10.4,0.534,0.498,0.139,0.033,0.136,0.5,0.0,0.214,0.316,0.584,0.289,0.353,0.217,0.1,0.087,0.55,0.5,0.306,0.063,0.045,0.483,0.054,0.47,0.326,0.309,0.572,0.189,0.634,0.502,0.314,0.227,0.568,0.568,0.0,0.568,0.495,0.5,0.53,0.125,0.735,0.616,0.326,0.537,0.833,0.368,0.268,0.478,0.238,0.0,0.238,0.333,0.307,0.476,0.0,0.498,0.624,0.603,0.31,0.46,0.892,0.0,0.0,0.485,0.0,0.314,0.037,0.0,0.624,0.502,0.313,0.0,0.408,0.634,0.603,0.364,0.47,1.0,0.358,0.326,0.455,0.382,0.565,0.448,0.324,0.189,0.227,0.521,0.687,0.0,0.108,0.825,0.309,0.175,0.5,0.572,0.62,0.1583747927031509,0.2810945273631841,0.2462686567164179,0.3888888888888889,0.38225538971807627,0.49336650082918737,0.49502487562189057,0.5696517412935324,0.2512437810945274,0.3524046434494196,0.32587064676616917,0.3142620232172471,0.906301824212272,0.44029850746268656,0.5597014925373134,0.7437810945273632,0.5398009950248757,0.291044776119403,0.44859038142620233,0.31260364842454397,0.47512437810945274,0.3524046434494196,0.45356550580431176,0.45107794361525705,0.45107794361525705,0.43532338308457713,0.45107794361525705,0.4502487562189055,0.4552238805970149,0.4054726368159204,0.4502487562189055,0.4552238805970149,0.43532338308457713,0.44029850746268656,0.45356550580431176,0.4519071310116086,0.1583747927031509,0.49834162520729686,0.2131011608623549,0.25456053067993367,0.23134328358208955,0.8034825870646766,0.1550580431177446,0.6890547263681592,0.8300165837479271,0.20315091210613598,0.8930348258706468,0.8565505804311775,0.6791044776119403,0.8233830845771144,0.8532338308457711,0.4966832504145937,0.8897180762852405,0.2860696517412935,0.13681592039800994,0.4867330016583748,0.4966832504145937,0.4917081260364842,0.48756218905472637,0.2230514096185738,0.4925373134328358,0.2562189054726368,0.4925373134328358,0.6658374792703151,0.31260364842454397,0.8980099502487562,0.5713101160862355,0.6708126036484245,0.25290215588723053,0.4286898839137645,0.18325041459369817,0.48839137645107794,0.2131011608623549,0.49834162520729686,0.49917081260364843,0.30265339966832505,0.6343283582089553,0.49336650082918737,0.42371475953565507,0.4925373134328358,0.6724709784411277,0.36069651741293535,0.3275290215588723,0.763681592039801,0.09535655058043117,0.08374792703150911,0.21144278606965175,0.3275290215588723,0.3723051409618574,0.43532338308457713,0.49834162520729686,0.48009950248756217,0.4286898839137645,0.4684908789386401,0.4187396351575456,0.42703150912106136,0.42371475953565507,0.46683250414593697,0.08540630182421227,0.21144278606965175,0.2943615257048093,0.1799336650082919,0.533167495854063,0.5381426202321725,0.09535655058043117,0.4361525704809287,0.32172470978441126,0.4792703150912106,0.43781094527363185,0.49917081260364843,0.4734660033167496,0.4925373134328358,0.5016583747927031,0.3407960199004975,0.3706467661691542,0.5613598673300166,0.5132669983416253,0.3839137645107794,0.7205638474295191,0.5066334991708126,0.4154228855721393,0.3706467661691542,0.4286898839137645,0.23797678275290216,0.24129353233830847,0.47180762852404645,0.4461028192371476,0.5,0.3540630182421227,0.533167495854063,0.5248756218905473,0.5,0.48175787728026537,0.49502487562189057,0.5008291873963516,0.2810945273631841,0.49502487562189057,0.5679933665008292,0.27114427860696516,0.49585406301824214,0.3142620232172471,0.3009950248756219,0.5,0.5265339966832504,0.49917081260364843,0.5265339966832504,0.45688225538971805,0.5613598673300166,0.5,0.6525704809286899,0.6044776119402985,0.4975124378109453,0.478441127694859,0.28689883913764513,0.44029850746268656,0.3043117744610282,0.3474295190713101,0.49585406301824214,0.29270315091210614,0.5,0.36069651741293535,0.49834162520729686,0.26616915422885573,0.44029850746268656,0.2877280265339967,0.27114427860696516,0.22719734660033167,0.49834162520729686,0.45356550580431176,0.25538971807628524,0.4021558872305141,0.13349917081260365,0.11857379767827529,0.5008291873963516,0.4651741293532338,0.48839137645107794,0.4154228855721393,0.38474295190713104,0.3308457711442786,0.4286898839137645,0.5008291873963516,0.0472636815920398,0.9029850746268657,0.38723051409618575,0.5008291873963516,0.8565505804311775,0.33167495854063017,0.05555555555555555,0.16169154228855723,0.26533996683250416,0.3275290215588723,0.28441127694859036,0.3034825870646766,0.4386401326699834,0.5132669983416253,0.23797678275290216,0.4759535655058043,0.5016583747927031,0.5066334991708126,0.4320066334991708,0.5398009950248757,0.32587064676616917,0.13349917081260365,0.5696517412935324,0.4767827529021559,0.2752902155887231,0.11028192371475953,0.25456053067993367,0.2230514096185738,0.08540630182421227,0.6907131011608624,0.1318407960199005,0.24129353233830847,0.47180762852404645,0.45107794361525705,0.6144278606965174,0.12023217247097844,0.33747927031509123,0.5008291873963516,0.7205638474295191,0.4427860696517413,0.35903814262023215,0.3839137645107794,0.8814262023217247,0.11857379767827529,0.5613598673300166,0.33913764510779437,0.8598673300165838,0.4154228855721393,0.32172470978441126,0.16500829187396351,0.5613598673300166,0.884742951907131,0.4925373134328358,0.3034825870646766,0.3076285240464345,0.3341625207296849,0.3706467661691542,0.11857379767827529,0.25538971807628524,0.9145936981757877,0.24129353233830847,0.3407960199004975,0.3706467661691542,0.4046434494195688,0.5447761194029851,0.35655058043117743,0.42703150912106136,0.5207296849087893,0.35655058043117743,0.29767827529021557,0.2603648424543947,0.5223880597014925,0.45688225538971805,0.41708126036484244,0.23217247097844113,0.5597014925373134,0.24046434494195687,0.8631840796019901,0.4966832504145937,0.3167495854063018,0.44029850746268656,0.4046434494195688,0.4792703150912106,0.560530679933665,0.21227197346600332,0.6832504145936982,0.6907131011608624,0.6061359867330016,0.31923714759535654,0.6160862354892206,0.5149253731343284,0.44776119402985076,0.675787728026534,0.39054726368159204,0.3175787728026534,0.3092868988391376,0.48756218905472637,0.5348258706467661,0.48756218905472637,0.6169154228855721,0.33250414593698174,0.48092868988391374,0.4427860696517413,0.6310116086235489,0.6160862354892206,0.4461028192371476,0.6409618573797679,0.39054726368159204,0.34577114427860695,0.433665008291874,0.5041459369817579,0.8731343283582089,0.7976782752902156,0.5920398009950248,0.7835820895522388,0.8698175787728026,0.3275290215588723,0.3208955223880597,0.3018242122719735,0.24461028192371476,0.22719734660033167,0.2570480928689884,0.27611940298507465,0.2960199004975124,0.24129353233830847,0.26533996683250416,0.42039800995024873,0.6616915422885572,0.5016583747927031,0.40630182421227196,0.39054726368159204,0.6376451077943616,0.3034825870646766,0.26533996683250416,0.7388059701492538,0.25538971807628524,0.48092868988391374,0.7918739635157546,0.3034825870646766,0.6616915422885572,0.33250414593698174,0.2777777777777778,0.33167495854063017,0.8126036484245439,0.6169154228855721,0.5016583747927031,0.5049751243781094,0.3175787728026534,0.9245439469320066,0.3706467661691542,0.3092868988391376,0.14759535655058043,0.19734660033167495,0.5422885572139303,0.31343283582089554,0.28441127694859036,0.48756218905472637,0.4427860696517413,0.09535655058043117,0.7860696517412935,0.33747927031509123,0.27611940298507465,0.32338308457711445,0.48756218905472637,0.7263681592039801,0.3101160862354892,0.5348258706467661,0.8159203980099502
83,201147,Corey Brewer,32,72,2018,2614,OKC,1610612760,32.0,81.0,186.0,Florida,USA,2007,1,7,46.21270084162204,5.432287681713849,12.08875286916603,1.1859219586840093,4.208110175975516,2.486610558530987,3.442999234889059,1.6449885233358836,4.2463657230298395,5.891354246365723,2.486610558530987,1.874521805661821,3.0221882172915073,0.5355776587605203,0.9563886763580719,5.31752104055088,3.442999234889059,14.537107880642694,-2.1423106350420813,0.0,0.0,0.07651109410864575,3.9403213465952565,4.131599081866871,4.131599081866871,-0.07651109410864575,4.131599081866871,4.016832440703902,3.2899770466717673,0.4973221117061974,4.016832440703902,3.9403213465952565,-0.07651109410864575,-0.07651109410864575,3.9403213465952565,4.016832440703902,0.1530221882172915,0.03825554705432287,0.19127773527161437,1.0711553175210407,0.19127773527161437,0.4590665646518745,0.38255547054322875,6.618209640397858,0.4973221117061974,0.8798775822494261,1.7214996174445294,0.11476664116296863,3.8638102524866107,0.9563886763580719,1.3006885998469777,0.0,3.0221882172915073,0.22953328232593725,0.0,0.0,0.0,0.0,0.0,0.26778882938026016,0.0,0.7651109410864575,0.0,3.9020657995409334,0.11476664116296863,0.19127773527161437,1.0711553175210407,0.03825554705432287,0.1530221882172915,0.0,0.1530221882172915,0.0,0.4973221117061974,0.0,0.0,0.19127773527161437,3.2899770466717673,0.0,0.0,0.0,6.885998469778118,5.011476664116297,2.8309104820198927,0.306044376434583,28.423871461361898,28.423871461361898,0.07651109410864575,6.159143075745983,0.19127773527161437,0.26778882938026016,1.0711553175210407,1.3006885998469777,4.2463657230298395,2.3335883703136955,0.19127773527161437,0.22953328232593725,0.38255547054322875,2.218821729150727,44.68247895944912,0.03825554705432287,14.537107880642694,1.4537107880642692,0.03825554705432287,2.9074215761285385,28.117827084927313,1.0328997704667178,0.03825554705432287,0.0,0.0,0.0,0.0,0.7268553940321346,0.26778882938026016,4.475899005355776,0.07651109410864575,5.31752104055088,0.38255547054322875,0.8033664881407804,1.1094108645753635,0.306044376434583,1.3389441469013006,12.547819433817903,0.8033664881407804,3.366488140780413,7.421576128538638,0.5355776587605203,0.0,0.0,0.0,0.8033664881407804,0.8033664881407804,0.0,1.4154552410099464,1.4154552410099464,0.0,1.7214996174445294,0.0,0.306044376434583,3.481254781943382,0.0,1.6832440703902065,3.175210405508799,0.0,0.03825554705432287,0.0,1.7597551644988523,1.874521805661821,0.5738332058148432,0.0,1.3771996939556235,1.9510328997704667,0.0,3.6342769701606734,0.4590665646518745,0.38255547054322875,0.9563886763580719,0.5738332058148432,0.0,2.6013771996939554,0.0,2.1423106350420813,0.0,0.38255547054322875,0.34429992348890587,0.8033664881407804,0.19127773527161437,0.0,1.9510328997704667,0.5355776587605203,0.0,3.5577658760520277,2.0275439938791124,3.2517214996174446,0.0,1.1859219586840093,3.8255547054322876,3.8638102524866107,1.1859219586840093,34.12394797245601,0.8033664881407804,0.0,3.8638102524866107,2.5631216526396328,17921.882172915073,0.0,1.6832440703902065,0.0,1.7597551644988523,1.4919663351185921,0.0,2.180566182096404,1.7980107115531752,0.0,3.366488140780413,0.38255547054322875,3.366488140780413,0.1530221882172915,0.26778882938026016,0.306044376434583,0.03825554705432287,0.38255547054322875,0.34429992348890587,2.0275439938791124,1.6449885233358836,6.159143075745983,0.1530221882172915,10.022953328232594,4.2463657230298395,0.0,44.68247895944912,0.8033664881407804,1.3006885998469777,7.421576128538638,0.5355776587605203,0.1530221882172915,22.5707727620505,4.858454475899006,0.0,0.0,1.1094108645753635,0.1530221882172915,5.891354246365723,0.8033664881407804,0.42081101759755163,3.2517214996174446,5.31752104055088,1.2624330527926548,6.235654169854629,1.3389441469013006,0.03825554705432287,4.093343534812548,12.394797245600612,4.934965570007651,0.7268553940321346,0.0,0.7268553940321346,0.0,0.07651109410864575,2.5248661055853097,0.0,1.7597551644988523,1.6449885233358836,4.475899005355776,12.547819433817903,0.444,0.449,0.282,0.722,10.4,0.06,0.073,0.089,10.4,0.534,0.498,0.139,0.033,0.136,0.5,0.0,0.214,0.316,0.584,0.289,0.353,0.217,0.1,0.087,0.55,0.5,0.306,0.063,0.045,0.483,0.054,0.47,0.326,0.309,0.572,0.189,0.634,0.502,0.314,0.227,0.568,0.568,0.0,0.568,0.495,0.5,0.53,0.125,0.735,0.616,0.326,0.537,0.833,0.368,0.268,0.478,0.238,0.0,0.238,0.333,0.307,0.476,0.0,0.498,0.624,0.603,0.31,0.46,0.892,0.0,0.0,0.485,0.0,0.314,0.037,0.0,0.624,0.502,0.313,0.0,0.408,0.634,0.603,0.364,0.47,1.0,0.358,0.326,0.455,0.34,0.569,0.448,0.324,0.189,0.227,0.521,0.687,0.0,0.108,0.825,0.309,0.175,0.5,0.572,0.515,0.1583747927031509,0.2810945273631841,0.2462686567164179,0.3888888888888889,0.38225538971807627,0.49336650082918737,0.49502487562189057,0.5696517412935324,0.2512437810945274,0.3524046434494196,0.32587064676616917,0.3142620232172471,0.906301824212272,0.44029850746268656,0.5597014925373134,0.7437810945273632,0.5398009950248757,0.291044776119403,0.44859038142620233,0.31260364842454397,0.47512437810945274,0.3524046434494196,0.45356550580431176,0.45107794361525705,0.45107794361525705,0.43532338308457713,0.45107794361525705,0.4502487562189055,0.4552238805970149,0.4054726368159204,0.4502487562189055,0.4552238805970149,0.43532338308457713,0.44029850746268656,0.45356550580431176,0.4519071310116086,0.1583747927031509,0.49834162520729686,0.2131011608623549,0.25456053067993367,0.23134328358208955,0.8034825870646766,0.1550580431177446,0.6890547263681592,0.8300165837479271,0.20315091210613598,0.8930348258706468,0.8565505804311775,0.6791044776119403,0.8233830845771144,0.8532338308457711,0.4966832504145937,0.8897180762852405,0.2860696517412935,0.13681592039800994,0.4867330016583748,0.4966832504145937,0.4917081260364842,0.48756218905472637,0.2230514096185738,0.4925373134328358,0.2562189054726368,0.4925373134328358,0.6658374792703151,0.31260364842454397,0.8980099502487562,0.5713101160862355,0.6708126036484245,0.25290215588723053,0.4286898839137645,0.18325041459369817,0.48839137645107794,0.2131011608623549,0.49834162520729686,0.49917081260364843,0.30265339966832505,0.6343283582089553,0.49336650082918737,0.42371475953565507,0.4925373134328358,0.6724709784411277,0.36069651741293535,0.3275290215588723,0.763681592039801,0.09535655058043117,0.08374792703150911,0.21144278606965175,0.3275290215588723,0.3723051409618574,0.43532338308457713,0.49834162520729686,0.48009950248756217,0.4286898839137645,0.4684908789386401,0.4187396351575456,0.42703150912106136,0.42371475953565507,0.46683250414593697,0.08540630182421227,0.21144278606965175,0.2943615257048093,0.1799336650082919,0.533167495854063,0.5381426202321725,0.09535655058043117,0.4361525704809287,0.32172470978441126,0.4792703150912106,0.43781094527363185,0.49917081260364843,0.4734660033167496,0.4925373134328358,0.5016583747927031,0.3407960199004975,0.3706467661691542,0.5613598673300166,0.5132669983416253,0.3839137645107794,0.7205638474295191,0.5066334991708126,0.4154228855721393,0.3706467661691542,0.4286898839137645,0.23797678275290216,0.24129353233830847,0.47180762852404645,0.4461028192371476,0.5,0.3540630182421227,0.533167495854063,0.5248756218905473,0.5,0.48175787728026537,0.49502487562189057,0.5008291873963516,0.2810945273631841,0.49502487562189057,0.5679933665008292,0.27114427860696516,0.49585406301824214,0.3142620232172471,0.3009950248756219,0.5,0.5265339966832504,0.49917081260364843,0.5265339966832504,0.45688225538971805,0.5613598673300166,0.5,0.6525704809286899,0.6044776119402985,0.4975124378109453,0.478441127694859,0.28689883913764513,0.44029850746268656,0.3043117744610282,0.3474295190713101,0.49585406301824214,0.29270315091210614,0.5,0.36069651741293535,0.49834162520729686,0.26616915422885573,0.44029850746268656,0.2877280265339967,0.27114427860696516,0.22719734660033167,0.49834162520729686,0.45356550580431176,0.25538971807628524,0.4021558872305141,0.13349917081260365,0.11857379767827529,0.5008291873963516,0.4651741293532338,0.48839137645107794,0.4154228855721393,0.38474295190713104,0.3308457711442786,0.4286898839137645,0.5008291873963516,0.0472636815920398,0.9029850746268657,0.38723051409618575,0.5008291873963516,0.8565505804311775,0.33167495854063017,0.05555555555555555,0.16169154228855723,0.26533996683250416,0.3275290215588723,0.28441127694859036,0.3034825870646766,0.4386401326699834,0.5132669983416253,0.23797678275290216,0.4759535655058043,0.5016583747927031,0.5066334991708126,0.4320066334991708,0.5398009950248757,0.32587064676616917,0.13349917081260365,0.5696517412935324,0.4767827529021559,0.2752902155887231,0.11028192371475953,0.25456053067993367,0.2230514096185738,0.08540630182421227,0.6907131011608624,0.06053067993366501,0.24129353233830847,0.47180762852404645,0.45107794361525705,0.6144278606965174,0.12023217247097844,0.33747927031509123,0.5008291873963516,0.7205638474295191,0.4427860696517413,0.35903814262023215,0.3839137645107794,0.8814262023217247,0.11857379767827529,0.5613598673300166,0.33913764510779437,0.8598673300165838,0.4154228855721393,0.32172470978441126,0.16500829187396351,0.5613598673300166,0.884742951907131,0.4925373134328358,0.3034825870646766,0.3076285240464345,0.3341625207296849,0.3706467661691542,0.05555555555555555,0.25538971807628524,0.9145936981757877,0.24129353233830847,0.3407960199004975,0.3706467661691542,0.4046434494195688,0.5447761194029851,0.35655058043117743,0.42703150912106136,0.5207296849087893,0.35655058043117743,0.29767827529021557,0.2603648424543947,0.5223880597014925,0.45688225538971805,0.41708126036484244,0.23217247097844113,0.5597014925373134,0.24046434494195687,0.8631840796019901,0.4966832504145937,0.3167495854063018,0.44029850746268656,0.4046434494195688,0.4792703150912106,0.560530679933665,0.21227197346600332,0.6832504145936982,0.6907131011608624,0.6061359867330016,0.31923714759535654,0.6160862354892206,0.5149253731343284,0.44776119402985076,0.675787728026534,0.39054726368159204,0.3175787728026534,0.3092868988391376,0.48756218905472637,0.5348258706467661,0.48756218905472637,0.6169154228855721,0.33250414593698174,0.48092868988391374,0.4427860696517413,0.6310116086235489,0.6160862354892206,0.4461028192371476,0.6409618573797679,0.39054726368159204,0.34577114427860695,0.433665008291874,0.5041459369817579,0.8731343283582089,0.7976782752902156,0.5920398009950248,0.7835820895522388,0.8698175787728026,0.3275290215588723,0.3208955223880597,0.3018242122719735,0.24461028192371476,0.22719734660033167,0.2570480928689884,0.27611940298507465,0.2960199004975124,0.24129353233830847,0.26533996683250416,0.42039800995024873,0.6616915422885572,0.5016583747927031,0.40630182421227196,0.39054726368159204,0.6376451077943616,0.3034825870646766,0.26533996683250416,0.7388059701492538,0.25538971807628524,0.48092868988391374,0.7918739635157546,0.3034825870646766,0.6616915422885572,0.33250414593698174,0.2777777777777778,0.33167495854063017,0.8126036484245439,0.6169154228855721,0.5016583747927031,0.5049751243781094,0.3175787728026534,0.9245439469320066,0.3706467661691542,0.3092868988391376,0.14759535655058043,0.0912106135986733,0.6907131011608624,0.31343283582089554,0.28441127694859036,0.48756218905472637,0.4427860696517413,0.09535655058043117,0.7860696517412935,0.33747927031509123,0.27611940298507465,0.32338308457711445,0.48756218905472637,0.7263681592039801,0.3101160862354892,0.5348258706467661,0.24958540630182421
84,201147,Corey Brewer,32,72,2018,2614,OKC,1610612760,32.0,81.0,186.0,Florida,USA,2007,1,7,46.21270084162204,5.432287681713849,12.08875286916603,1.1859219586840093,4.208110175975516,2.486610558530987,3.442999234889059,1.6449885233358836,4.2463657230298395,5.891354246365723,2.486610558530987,1.874521805661821,3.0221882172915073,0.5355776587605203,0.9563886763580719,5.31752104055088,3.442999234889059,14.537107880642694,-2.1423106350420813,0.0,0.0,0.07651109410864575,3.9403213465952565,4.131599081866871,4.131599081866871,-0.07651109410864575,4.131599081866871,4.016832440703902,3.2899770466717673,0.4973221117061974,4.016832440703902,3.9403213465952565,-0.07651109410864575,-0.07651109410864575,3.9403213465952565,4.016832440703902,0.1530221882172915,0.03825554705432287,0.19127773527161437,1.0711553175210407,0.19127773527161437,0.4590665646518745,0.38255547054322875,6.618209640397858,0.4973221117061974,0.8798775822494261,1.7214996174445294,0.11476664116296863,3.8638102524866107,0.9563886763580719,1.3006885998469777,0.0,3.0221882172915073,0.22953328232593725,0.0,0.0,0.0,0.0,0.0,0.26778882938026016,0.0,0.7651109410864575,0.0,3.9020657995409334,0.11476664116296863,0.19127773527161437,1.0711553175210407,0.03825554705432287,0.1530221882172915,0.0,0.1530221882172915,0.0,0.4973221117061974,0.0,0.0,0.19127773527161437,3.2899770466717673,0.0,0.0,0.0,6.885998469778118,5.011476664116297,2.8309104820198927,0.306044376434583,28.423871461361898,28.423871461361898,0.07651109410864575,6.159143075745983,0.19127773527161437,0.26778882938026016,1.0711553175210407,1.3006885998469777,4.2463657230298395,2.3335883703136955,0.19127773527161437,0.22953328232593725,0.38255547054322875,2.218821729150727,44.68247895944912,0.03825554705432287,14.537107880642694,1.4537107880642692,0.03825554705432287,2.9074215761285385,28.117827084927313,1.0328997704667178,0.03825554705432287,0.0,0.0,0.0,0.0,0.7268553940321346,0.26778882938026016,4.475899005355776,0.07651109410864575,5.31752104055088,0.38255547054322875,0.8033664881407804,1.1094108645753635,0.306044376434583,1.3389441469013006,12.547819433817903,0.8033664881407804,3.366488140780413,7.421576128538638,0.5355776587605203,0.0,0.0,0.0,0.8033664881407804,0.8033664881407804,0.0,1.4154552410099464,1.4154552410099464,0.0,1.7214996174445294,0.0,0.306044376434583,3.481254781943382,0.0,1.6832440703902065,3.175210405508799,0.0,0.03825554705432287,0.0,1.7597551644988523,1.874521805661821,0.5738332058148432,0.0,1.3771996939556235,1.9510328997704667,0.0,3.6342769701606734,0.4590665646518745,0.38255547054322875,0.9563886763580719,0.5738332058148432,0.0,2.6013771996939554,0.0,2.1423106350420813,0.0,0.38255547054322875,0.34429992348890587,0.8033664881407804,0.19127773527161437,0.0,1.9510328997704667,0.5355776587605203,0.0,3.5577658760520277,2.0275439938791124,3.2517214996174446,0.0,1.1859219586840093,3.8255547054322876,3.8638102524866107,1.1859219586840093,34.12394797245601,0.8033664881407804,0.0,3.8638102524866107,2.5631216526396328,17921.882172915073,0.0,1.6832440703902065,0.0,1.7597551644988523,1.4919663351185921,0.0,2.180566182096404,1.7980107115531752,0.0,3.366488140780413,0.38255547054322875,3.366488140780413,0.1530221882172915,0.26778882938026016,0.306044376434583,0.03825554705432287,0.38255547054322875,0.34429992348890587,1.0711553175210407,1.6449885233358836,6.159143075745983,0.1530221882172915,10.022953328232594,4.2463657230298395,0.0,44.68247895944912,0.8033664881407804,2.3718439173680186,7.421576128538638,0.5355776587605203,0.1530221882172915,22.5707727620505,4.858454475899006,0.0,0.0,1.1094108645753635,0.1530221882172915,5.891354246365723,0.8033664881407804,0.42081101759755163,1.9510328997704667,5.31752104055088,1.2624330527926548,6.235654169854629,1.3389441469013006,0.03825554705432287,4.093343534812548,12.394797245600612,4.934965570007651,0.7268553940321346,0.0,0.7268553940321346,0.0,0.07651109410864575,3.8255547054322876,0.0,1.7597551644988523,1.6449885233358836,4.475899005355776,12.547819433817903,0.444,0.449,0.282,0.722,10.4,0.06,0.073,0.089,10.4,0.534,0.498,0.139,0.033,0.136,0.5,0.0,0.214,0.316,0.584,0.289,0.353,0.217,0.1,0.087,0.55,0.5,0.306,0.063,0.045,0.483,0.054,0.47,0.326,0.309,0.572,0.189,0.634,0.502,0.314,0.227,0.568,0.568,0.0,0.568,0.495,0.5,0.53,0.125,0.735,0.616,0.326,0.537,0.833,0.368,0.268,0.478,0.238,0.0,0.238,0.333,0.307,0.476,0.0,0.498,0.624,0.603,0.31,0.46,0.892,0.0,0.0,0.485,0.0,0.314,0.037,0.0,0.549,0.502,0.313,0.0,0.408,0.634,0.62,0.364,0.47,1.0,0.358,0.326,0.455,0.382,0.565,0.448,0.263,0.189,0.227,0.521,0.687,0.0,0.108,0.825,0.309,0.175,0.5,0.572,0.62,0.1583747927031509,0.2810945273631841,0.2462686567164179,0.3888888888888889,0.38225538971807627,0.49336650082918737,0.49502487562189057,0.5696517412935324,0.2512437810945274,0.3524046434494196,0.32587064676616917,0.3142620232172471,0.906301824212272,0.44029850746268656,0.5597014925373134,0.7437810945273632,0.5398009950248757,0.291044776119403,0.44859038142620233,0.31260364842454397,0.47512437810945274,0.3524046434494196,0.45356550580431176,0.45107794361525705,0.45107794361525705,0.43532338308457713,0.45107794361525705,0.4502487562189055,0.4552238805970149,0.4054726368159204,0.4502487562189055,0.4552238805970149,0.43532338308457713,0.44029850746268656,0.45356550580431176,0.4519071310116086,0.1583747927031509,0.49834162520729686,0.2131011608623549,0.25456053067993367,0.23134328358208955,0.8034825870646766,0.1550580431177446,0.6890547263681592,0.8300165837479271,0.20315091210613598,0.8930348258706468,0.8565505804311775,0.6791044776119403,0.8233830845771144,0.8532338308457711,0.4966832504145937,0.8897180762852405,0.2860696517412935,0.13681592039800994,0.4867330016583748,0.4966832504145937,0.4917081260364842,0.48756218905472637,0.2230514096185738,0.4925373134328358,0.2562189054726368,0.4925373134328358,0.6658374792703151,0.31260364842454397,0.8980099502487562,0.5713101160862355,0.6708126036484245,0.25290215588723053,0.4286898839137645,0.18325041459369817,0.48839137645107794,0.2131011608623549,0.49834162520729686,0.49917081260364843,0.30265339966832505,0.6343283582089553,0.49336650082918737,0.42371475953565507,0.4925373134328358,0.6724709784411277,0.36069651741293535,0.3275290215588723,0.763681592039801,0.09535655058043117,0.08374792703150911,0.21144278606965175,0.3275290215588723,0.3723051409618574,0.43532338308457713,0.49834162520729686,0.48009950248756217,0.4286898839137645,0.4684908789386401,0.4187396351575456,0.42703150912106136,0.42371475953565507,0.46683250414593697,0.08540630182421227,0.21144278606965175,0.2943615257048093,0.1799336650082919,0.533167495854063,0.5381426202321725,0.09535655058043117,0.4361525704809287,0.32172470978441126,0.4792703150912106,0.43781094527363185,0.49917081260364843,0.4734660033167496,0.4925373134328358,0.5016583747927031,0.3407960199004975,0.3706467661691542,0.5613598673300166,0.5132669983416253,0.3839137645107794,0.7205638474295191,0.5066334991708126,0.4154228855721393,0.3706467661691542,0.4286898839137645,0.23797678275290216,0.24129353233830847,0.47180762852404645,0.4461028192371476,0.5,0.3540630182421227,0.533167495854063,0.5248756218905473,0.5,0.48175787728026537,0.49502487562189057,0.5008291873963516,0.2810945273631841,0.49502487562189057,0.5679933665008292,0.27114427860696516,0.49585406301824214,0.3142620232172471,0.3009950248756219,0.5,0.5265339966832504,0.49917081260364843,0.5265339966832504,0.45688225538971805,0.5613598673300166,0.5,0.6525704809286899,0.6044776119402985,0.4975124378109453,0.478441127694859,0.28689883913764513,0.44029850746268656,0.3043117744610282,0.3474295190713101,0.49585406301824214,0.29270315091210614,0.5,0.36069651741293535,0.49834162520729686,0.26616915422885573,0.44029850746268656,0.2877280265339967,0.27114427860696516,0.22719734660033167,0.49834162520729686,0.45356550580431176,0.25538971807628524,0.4021558872305141,0.13349917081260365,0.11857379767827529,0.5008291873963516,0.4651741293532338,0.48839137645107794,0.4154228855721393,0.38474295190713104,0.3308457711442786,0.4286898839137645,0.5008291873963516,0.0472636815920398,0.9029850746268657,0.38723051409618575,0.5008291873963516,0.8565505804311775,0.33167495854063017,0.05555555555555555,0.16169154228855723,0.26533996683250416,0.3275290215588723,0.28441127694859036,0.3034825870646766,0.4386401326699834,0.5132669983416253,0.23797678275290216,0.4759535655058043,0.5016583747927031,0.5066334991708126,0.4320066334991708,0.5398009950248757,0.32587064676616917,0.06218905472636816,0.5696517412935324,0.4767827529021559,0.2752902155887231,0.11028192371475953,0.25456053067993367,0.2230514096185738,0.08540630182421227,0.6907131011608624,0.1318407960199005,0.24129353233830847,0.47180762852404645,0.45107794361525705,0.6144278606965174,0.12023217247097844,0.33747927031509123,0.5008291873963516,0.7205638474295191,0.4427860696517413,0.35903814262023215,0.3839137645107794,0.8814262023217247,0.05555555555555555,0.5613598673300166,0.33913764510779437,0.8598673300165838,0.4154228855721393,0.32172470978441126,0.16500829187396351,0.5613598673300166,0.884742951907131,0.4925373134328358,0.3034825870646766,0.3076285240464345,0.3341625207296849,0.3706467661691542,0.11857379767827529,0.25538971807628524,0.9145936981757877,0.24129353233830847,0.3407960199004975,0.3706467661691542,0.4046434494195688,0.5447761194029851,0.35655058043117743,0.42703150912106136,0.5207296849087893,0.35655058043117743,0.29767827529021557,0.2603648424543947,0.5223880597014925,0.45688225538971805,0.41708126036484244,0.23217247097844113,0.5597014925373134,0.24046434494195687,0.8631840796019901,0.4966832504145937,0.3167495854063018,0.44029850746268656,0.4046434494195688,0.4792703150912106,0.560530679933665,0.21227197346600332,0.6832504145936982,0.6907131011608624,0.6061359867330016,0.31923714759535654,0.6160862354892206,0.5149253731343284,0.44776119402985076,0.675787728026534,0.39054726368159204,0.3175787728026534,0.3092868988391376,0.48756218905472637,0.5348258706467661,0.48756218905472637,0.6169154228855721,0.33250414593698174,0.48092868988391374,0.4427860696517413,0.6310116086235489,0.6160862354892206,0.4461028192371476,0.6409618573797679,0.39054726368159204,0.34577114427860695,0.433665008291874,0.5041459369817579,0.8731343283582089,0.7976782752902156,0.5920398009950248,0.7835820895522388,0.8698175787728026,0.3275290215588723,0.3208955223880597,0.3018242122719735,0.24461028192371476,0.22719734660033167,0.2570480928689884,0.27611940298507465,0.2960199004975124,0.24129353233830847,0.26533996683250416,0.42039800995024873,0.6616915422885572,0.5016583747927031,0.40630182421227196,0.39054726368159204,0.6376451077943616,0.3034825870646766,0.26533996683250416,0.7388059701492538,0.25538971807628524,0.48092868988391374,0.7918739635157546,0.3034825870646766,0.2512437810945274,0.33250414593698174,0.2777777777777778,0.33167495854063017,0.8126036484245439,0.6169154228855721,0.9046434494195689,0.5049751243781094,0.3175787728026534,0.9245439469320066,0.3706467661691542,0.3092868988391376,0.14759535655058043,0.19734660033167495,0.5422885572139303,0.31343283582089554,0.09286898839137644,0.48756218905472637,0.4427860696517413,0.09535655058043117,0.7860696517412935,0.33747927031509123,0.27611940298507465,0.32338308457711445,0.48756218905472637,0.7263681592039801,0.3101160862354892,0.5348258706467661,0.8159203980099502
85,201147,Corey Brewer,32,72,2018,2614,OKC,1610612760,32.0,81.0,186.0,Florida,USA,2007,1,7,46.21270084162204,5.432287681713849,12.08875286916603,1.1859219586840093,4.208110175975516,2.486610558530987,3.442999234889059,1.6449885233358836,4.2463657230298395,5.891354246365723,2.486610558530987,1.874521805661821,3.0221882172915073,0.5355776587605203,0.9563886763580719,5.31752104055088,3.442999234889059,14.537107880642694,-2.1423106350420813,0.0,0.0,0.07651109410864575,3.9403213465952565,4.131599081866871,4.131599081866871,-0.07651109410864575,4.131599081866871,4.016832440703902,3.2899770466717673,0.4973221117061974,4.016832440703902,3.9403213465952565,-0.07651109410864575,-0.07651109410864575,3.9403213465952565,4.016832440703902,0.1530221882172915,0.03825554705432287,0.19127773527161437,1.0711553175210407,0.19127773527161437,0.4590665646518745,0.38255547054322875,6.618209640397858,0.4973221117061974,0.8798775822494261,1.7214996174445294,0.11476664116296863,3.8638102524866107,0.9563886763580719,1.3006885998469777,0.0,3.0221882172915073,0.22953328232593725,0.0,0.0,0.0,0.0,0.0,0.26778882938026016,0.0,0.7651109410864575,0.0,3.9020657995409334,0.11476664116296863,0.19127773527161437,1.0711553175210407,0.03825554705432287,0.1530221882172915,0.0,0.1530221882172915,0.0,0.4973221117061974,0.0,0.0,0.19127773527161437,3.2899770466717673,0.0,0.0,0.0,6.885998469778118,5.011476664116297,2.8309104820198927,0.306044376434583,28.423871461361898,28.423871461361898,0.07651109410864575,6.159143075745983,0.19127773527161437,0.26778882938026016,1.0711553175210407,1.3006885998469777,4.2463657230298395,2.3335883703136955,0.19127773527161437,0.22953328232593725,0.38255547054322875,2.218821729150727,44.68247895944912,0.03825554705432287,14.537107880642694,1.4537107880642692,0.03825554705432287,2.9074215761285385,28.117827084927313,1.0328997704667178,0.03825554705432287,0.0,0.0,0.0,0.0,0.7268553940321346,0.26778882938026016,4.475899005355776,0.07651109410864575,5.31752104055088,0.38255547054322875,0.8033664881407804,1.1094108645753635,0.306044376434583,1.3389441469013006,12.547819433817903,0.8033664881407804,3.366488140780413,7.421576128538638,0.5355776587605203,0.0,0.0,0.0,0.8033664881407804,0.8033664881407804,0.0,1.4154552410099464,1.4154552410099464,0.0,1.7214996174445294,0.0,0.306044376434583,3.481254781943382,0.0,1.6832440703902065,3.175210405508799,0.0,0.03825554705432287,0.0,1.7597551644988523,1.874521805661821,0.5738332058148432,0.0,1.3771996939556235,1.9510328997704667,0.0,3.6342769701606734,0.4590665646518745,0.38255547054322875,0.9563886763580719,0.5738332058148432,0.0,2.6013771996939554,0.0,2.1423106350420813,0.0,0.38255547054322875,0.34429992348890587,0.8033664881407804,0.19127773527161437,0.0,1.9510328997704667,0.5355776587605203,0.0,3.5577658760520277,2.0275439938791124,3.2517214996174446,0.0,1.1859219586840093,3.8255547054322876,3.8638102524866107,1.1859219586840093,34.12394797245601,0.8033664881407804,0.0,3.8638102524866107,2.5631216526396328,17921.882172915073,0.0,1.6832440703902065,0.0,1.7597551644988523,1.4919663351185921,0.0,2.180566182096404,1.7980107115531752,0.0,3.366488140780413,0.38255547054322875,3.366488140780413,0.1530221882172915,0.26778882938026016,0.306044376434583,0.03825554705432287,0.38255547054322875,0.34429992348890587,1.0711553175210407,1.6449885233358836,6.159143075745983,0.1530221882172915,10.022953328232594,4.2463657230298395,0.0,44.68247895944912,0.8033664881407804,1.3006885998469777,7.421576128538638,0.5355776587605203,0.1530221882172915,22.5707727620505,4.858454475899006,0.0,0.0,1.1094108645753635,0.1530221882172915,5.891354246365723,0.8033664881407804,0.42081101759755163,1.9510328997704667,5.31752104055088,1.2624330527926548,6.235654169854629,1.3389441469013006,0.03825554705432287,4.093343534812548,12.394797245600612,4.934965570007651,0.7268553940321346,0.0,0.7268553940321346,0.0,0.07651109410864575,2.5248661055853097,0.0,1.7597551644988523,1.6449885233358836,4.475899005355776,12.547819433817903,0.444,0.449,0.282,0.722,10.4,0.06,0.073,0.089,10.4,0.534,0.498,0.139,0.033,0.136,0.5,0.0,0.214,0.316,0.584,0.289,0.353,0.217,0.1,0.087,0.55,0.5,0.306,0.063,0.045,0.483,0.054,0.47,0.326,0.309,0.572,0.189,0.634,0.502,0.314,0.227,0.568,0.568,0.0,0.568,0.495,0.5,0.53,0.125,0.735,0.616,0.326,0.537,0.833,0.368,0.268,0.478,0.238,0.0,0.238,0.333,0.307,0.476,0.0,0.498,0.624,0.603,0.31,0.46,0.892,0.0,0.0,0.485,0.0,0.314,0.037,0.0,0.549,0.502,0.313,0.0,0.408,0.634,0.62,0.364,0.47,1.0,0.358,0.326,0.455,0.34,0.569,0.448,0.263,0.189,0.227,0.521,0.687,0.0,0.108,0.825,0.309,0.175,0.5,0.572,0.515,0.1583747927031509,0.2810945273631841,0.2462686567164179,0.3888888888888889,0.38225538971807627,0.49336650082918737,0.49502487562189057,0.5696517412935324,0.2512437810945274,0.3524046434494196,0.32587064676616917,0.3142620232172471,0.906301824212272,0.44029850746268656,0.5597014925373134,0.7437810945273632,0.5398009950248757,0.291044776119403,0.44859038142620233,0.31260364842454397,0.47512437810945274,0.3524046434494196,0.45356550580431176,0.45107794361525705,0.45107794361525705,0.43532338308457713,0.45107794361525705,0.4502487562189055,0.4552238805970149,0.4054726368159204,0.4502487562189055,0.4552238805970149,0.43532338308457713,0.44029850746268656,0.45356550580431176,0.4519071310116086,0.1583747927031509,0.49834162520729686,0.2131011608623549,0.25456053067993367,0.23134328358208955,0.8034825870646766,0.1550580431177446,0.6890547263681592,0.8300165837479271,0.20315091210613598,0.8930348258706468,0.8565505804311775,0.6791044776119403,0.8233830845771144,0.8532338308457711,0.4966832504145937,0.8897180762852405,0.2860696517412935,0.13681592039800994,0.4867330016583748,0.4966832504145937,0.4917081260364842,0.48756218905472637,0.2230514096185738,0.4925373134328358,0.2562189054726368,0.4925373134328358,0.6658374792703151,0.31260364842454397,0.8980099502487562,0.5713101160862355,0.6708126036484245,0.25290215588723053,0.4286898839137645,0.18325041459369817,0.48839137645107794,0.2131011608623549,0.49834162520729686,0.49917081260364843,0.30265339966832505,0.6343283582089553,0.49336650082918737,0.42371475953565507,0.4925373134328358,0.6724709784411277,0.36069651741293535,0.3275290215588723,0.763681592039801,0.09535655058043117,0.08374792703150911,0.21144278606965175,0.3275290215588723,0.3723051409618574,0.43532338308457713,0.49834162520729686,0.48009950248756217,0.4286898839137645,0.4684908789386401,0.4187396351575456,0.42703150912106136,0.42371475953565507,0.46683250414593697,0.08540630182421227,0.21144278606965175,0.2943615257048093,0.1799336650082919,0.533167495854063,0.5381426202321725,0.09535655058043117,0.4361525704809287,0.32172470978441126,0.4792703150912106,0.43781094527363185,0.49917081260364843,0.4734660033167496,0.4925373134328358,0.5016583747927031,0.3407960199004975,0.3706467661691542,0.5613598673300166,0.5132669983416253,0.3839137645107794,0.7205638474295191,0.5066334991708126,0.4154228855721393,0.3706467661691542,0.4286898839137645,0.23797678275290216,0.24129353233830847,0.47180762852404645,0.4461028192371476,0.5,0.3540630182421227,0.533167495854063,0.5248756218905473,0.5,0.48175787728026537,0.49502487562189057,0.5008291873963516,0.2810945273631841,0.49502487562189057,0.5679933665008292,0.27114427860696516,0.49585406301824214,0.3142620232172471,0.3009950248756219,0.5,0.5265339966832504,0.49917081260364843,0.5265339966832504,0.45688225538971805,0.5613598673300166,0.5,0.6525704809286899,0.6044776119402985,0.4975124378109453,0.478441127694859,0.28689883913764513,0.44029850746268656,0.3043117744610282,0.3474295190713101,0.49585406301824214,0.29270315091210614,0.5,0.36069651741293535,0.49834162520729686,0.26616915422885573,0.44029850746268656,0.2877280265339967,0.27114427860696516,0.22719734660033167,0.49834162520729686,0.45356550580431176,0.25538971807628524,0.4021558872305141,0.13349917081260365,0.11857379767827529,0.5008291873963516,0.4651741293532338,0.48839137645107794,0.4154228855721393,0.38474295190713104,0.3308457711442786,0.4286898839137645,0.5008291873963516,0.0472636815920398,0.9029850746268657,0.38723051409618575,0.5008291873963516,0.8565505804311775,0.33167495854063017,0.05555555555555555,0.16169154228855723,0.26533996683250416,0.3275290215588723,0.28441127694859036,0.3034825870646766,0.4386401326699834,0.5132669983416253,0.23797678275290216,0.4759535655058043,0.5016583747927031,0.5066334991708126,0.4320066334991708,0.5398009950248757,0.32587064676616917,0.06218905472636816,0.5696517412935324,0.4767827529021559,0.2752902155887231,0.11028192371475953,0.25456053067993367,0.2230514096185738,0.08540630182421227,0.6907131011608624,0.06053067993366501,0.24129353233830847,0.47180762852404645,0.45107794361525705,0.6144278606965174,0.12023217247097844,0.33747927031509123,0.5008291873963516,0.7205638474295191,0.4427860696517413,0.35903814262023215,0.3839137645107794,0.8814262023217247,0.05555555555555555,0.5613598673300166,0.33913764510779437,0.8598673300165838,0.4154228855721393,0.32172470978441126,0.16500829187396351,0.5613598673300166,0.884742951907131,0.4925373134328358,0.3034825870646766,0.3076285240464345,0.3341625207296849,0.3706467661691542,0.05555555555555555,0.25538971807628524,0.9145936981757877,0.24129353233830847,0.3407960199004975,0.3706467661691542,0.4046434494195688,0.5447761194029851,0.35655058043117743,0.42703150912106136,0.5207296849087893,0.35655058043117743,0.29767827529021557,0.2603648424543947,0.5223880597014925,0.45688225538971805,0.41708126036484244,0.23217247097844113,0.5597014925373134,0.24046434494195687,0.8631840796019901,0.4966832504145937,0.3167495854063018,0.44029850746268656,0.4046434494195688,0.4792703150912106,0.560530679933665,0.21227197346600332,0.6832504145936982,0.6907131011608624,0.6061359867330016,0.31923714759535654,0.6160862354892206,0.5149253731343284,0.44776119402985076,0.675787728026534,0.39054726368159204,0.3175787728026534,0.3092868988391376,0.48756218905472637,0.5348258706467661,0.48756218905472637,0.6169154228855721,0.33250414593698174,0.48092868988391374,0.4427860696517413,0.6310116086235489,0.6160862354892206,0.4461028192371476,0.6409618573797679,0.39054726368159204,0.34577114427860695,0.433665008291874,0.5041459369817579,0.8731343283582089,0.7976782752902156,0.5920398009950248,0.7835820895522388,0.8698175787728026,0.3275290215588723,0.3208955223880597,0.3018242122719735,0.24461028192371476,0.22719734660033167,0.2570480928689884,0.27611940298507465,0.2960199004975124,0.24129353233830847,0.26533996683250416,0.42039800995024873,0.6616915422885572,0.5016583747927031,0.40630182421227196,0.39054726368159204,0.6376451077943616,0.3034825870646766,0.26533996683250416,0.7388059701492538,0.25538971807628524,0.48092868988391374,0.7918739635157546,0.3034825870646766,0.2512437810945274,0.33250414593698174,0.2777777777777778,0.33167495854063017,0.8126036484245439,0.6169154228855721,0.9046434494195689,0.5049751243781094,0.3175787728026534,0.9245439469320066,0.3706467661691542,0.3092868988391376,0.14759535655058043,0.0912106135986733,0.6907131011608624,0.31343283582089554,0.09286898839137644,0.48756218905472637,0.4427860696517413,0.09535655058043117,0.7860696517412935,0.33747927031509123,0.27611940298507465,0.32338308457711445,0.48756218905472637,0.7263681592039801,0.3101160862354892,0.5348258706467661,0.24958540630182421
86,201147,Corey Brewer,32,72,2018,2614,OKC,1610612760,32.0,81.0,186.0,Florida,USA,2007,1,7,46.21270084162204,5.432287681713849,12.08875286916603,1.1859219586840093,4.208110175975516,2.486610558530987,3.442999234889059,1.6449885233358836,4.2463657230298395,5.891354246365723,2.486610558530987,1.874521805661821,3.0221882172915073,0.5355776587605203,0.9563886763580719,5.31752104055088,3.442999234889059,14.537107880642694,-2.1423106350420813,0.0,0.0,0.07651109410864575,3.9403213465952565,4.131599081866871,4.131599081866871,-0.07651109410864575,4.131599081866871,4.016832440703902,3.2899770466717673,0.4973221117061974,4.016832440703902,3.9403213465952565,-0.07651109410864575,-0.07651109410864575,3.9403213465952565,4.016832440703902,0.1530221882172915,0.03825554705432287,0.19127773527161437,1.0711553175210407,0.19127773527161437,0.4590665646518745,0.38255547054322875,6.618209640397858,0.4973221117061974,0.8798775822494261,1.7214996174445294,0.11476664116296863,3.8638102524866107,0.9563886763580719,1.3006885998469777,0.0,3.0221882172915073,0.22953328232593725,0.0,0.0,0.0,0.0,0.0,0.26778882938026016,0.0,0.7651109410864575,0.0,3.9020657995409334,0.11476664116296863,0.19127773527161437,1.0711553175210407,0.03825554705432287,0.1530221882172915,0.0,0.1530221882172915,0.0,0.4973221117061974,0.0,0.0,0.19127773527161437,3.2899770466717673,0.0,0.0,0.0,6.885998469778118,5.011476664116297,2.8309104820198927,0.306044376434583,28.423871461361898,28.423871461361898,0.07651109410864575,6.159143075745983,0.19127773527161437,0.26778882938026016,1.0711553175210407,1.3006885998469777,4.2463657230298395,2.3335883703136955,0.19127773527161437,0.22953328232593725,0.38255547054322875,2.218821729150727,44.68247895944912,0.03825554705432287,14.537107880642694,1.4537107880642692,0.03825554705432287,2.9074215761285385,28.117827084927313,1.0328997704667178,0.03825554705432287,0.0,0.0,0.0,0.0,0.7268553940321346,0.26778882938026016,4.475899005355776,0.07651109410864575,5.31752104055088,0.38255547054322875,0.8033664881407804,1.1094108645753635,0.306044376434583,1.3389441469013006,12.547819433817903,0.8033664881407804,3.366488140780413,7.421576128538638,0.5355776587605203,0.0,0.0,0.0,0.8033664881407804,0.8033664881407804,0.0,1.4154552410099464,1.4154552410099464,0.0,1.7214996174445294,0.0,0.306044376434583,3.481254781943382,0.0,1.6832440703902065,3.175210405508799,0.0,0.03825554705432287,0.0,1.7597551644988523,1.874521805661821,0.5738332058148432,0.0,1.3771996939556235,1.9510328997704667,0.0,3.6342769701606734,0.4590665646518745,0.38255547054322875,0.9563886763580719,0.5738332058148432,0.0,2.6013771996939554,0.0,2.1423106350420813,0.0,0.38255547054322875,0.34429992348890587,0.8033664881407804,0.19127773527161437,0.0,1.9510328997704667,0.5355776587605203,0.0,3.5577658760520277,2.0275439938791124,3.2517214996174446,0.0,1.1859219586840093,3.8255547054322876,3.8638102524866107,1.1859219586840093,34.12394797245601,0.8033664881407804,0.0,5.929609793420046,2.5631216526396328,17921.882172915073,0.0,1.6832440703902065,0.0,3.366488140780413,1.5684774292272379,0.0,2.180566182096404,1.7980107115531752,0.0,3.366488140780413,0.38255547054322875,3.366488140780413,0.1530221882172915,0.26778882938026016,0.306044376434583,0.03825554705432287,0.38255547054322875,0.34429992348890587,2.0275439938791124,1.6449885233358836,6.159143075745983,0.1530221882172915,10.022953328232594,4.2463657230298395,0.0,44.68247895944912,0.8033664881407804,2.3718439173680186,7.421576128538638,0.5355776587605203,0.1530221882172915,22.5707727620505,4.858454475899006,0.0,0.0,1.1094108645753635,0.1530221882172915,5.891354246365723,0.8033664881407804,0.42081101759755163,3.2517214996174446,5.31752104055088,1.2624330527926548,6.235654169854629,1.3389441469013006,0.03825554705432287,3.5577658760520277,12.394797245600612,4.934965570007651,0.7268553940321346,0.0,0.7268553940321346,0.0,0.07651109410864575,3.8255547054322876,0.0,1.7597551644988523,1.6449885233358836,4.475899005355776,12.547819433817903,0.444,0.449,0.282,0.722,10.4,0.06,0.073,0.089,10.4,0.534,0.498,0.139,0.033,0.136,0.5,0.0,0.214,0.316,0.584,0.289,0.353,0.217,0.1,0.087,0.55,0.5,0.306,0.063,0.045,0.483,0.054,0.47,0.326,0.309,0.572,0.189,0.634,0.502,0.314,0.227,0.568,0.568,0.0,0.568,0.495,0.5,0.53,0.125,0.735,0.616,0.326,0.537,0.833,0.368,0.268,0.478,0.238,0.0,0.238,0.333,0.307,0.476,0.0,0.498,0.624,0.603,0.31,0.46,0.892,0.0,0.0,0.485,0.0,0.314,0.037,0.0,0.624,0.502,0.313,0.0,0.479,0.634,0.603,0.441,0.47,1.0,0.367,0.326,0.568,0.382,0.565,0.448,0.324,0.189,0.227,0.592,0.687,0.0,0.108,0.825,0.309,0.175,0.509,0.572,0.62,0.1583747927031509,0.2810945273631841,0.2462686567164179,0.3888888888888889,0.38225538971807627,0.49336650082918737,0.49502487562189057,0.5696517412935324,0.2512437810945274,0.3524046434494196,0.32587064676616917,0.3142620232172471,0.906301824212272,0.44029850746268656,0.5597014925373134,0.7437810945273632,0.5398009950248757,0.291044776119403,0.44859038142620233,0.31260364842454397,0.47512437810945274,0.3524046434494196,0.45356550580431176,0.45107794361525705,0.45107794361525705,0.43532338308457713,0.45107794361525705,0.4502487562189055,0.4552238805970149,0.4054726368159204,0.4502487562189055,0.4552238805970149,0.43532338308457713,0.44029850746268656,0.45356550580431176,0.4519071310116086,0.1583747927031509,0.49834162520729686,0.2131011608623549,0.25456053067993367,0.23134328358208955,0.8034825870646766,0.1550580431177446,0.6890547263681592,0.8300165837479271,0.20315091210613598,0.8930348258706468,0.8565505804311775,0.6791044776119403,0.8233830845771144,0.8532338308457711,0.4966832504145937,0.8897180762852405,0.2860696517412935,0.13681592039800994,0.4867330016583748,0.4966832504145937,0.4917081260364842,0.48756218905472637,0.2230514096185738,0.4925373134328358,0.2562189054726368,0.4925373134328358,0.6658374792703151,0.31260364842454397,0.8980099502487562,0.5713101160862355,0.6708126036484245,0.25290215588723053,0.4286898839137645,0.18325041459369817,0.48839137645107794,0.2131011608623549,0.49834162520729686,0.49917081260364843,0.30265339966832505,0.6343283582089553,0.49336650082918737,0.42371475953565507,0.4925373134328358,0.6724709784411277,0.36069651741293535,0.3275290215588723,0.763681592039801,0.09535655058043117,0.08374792703150911,0.21144278606965175,0.3275290215588723,0.3723051409618574,0.43532338308457713,0.49834162520729686,0.48009950248756217,0.4286898839137645,0.4684908789386401,0.4187396351575456,0.42703150912106136,0.42371475953565507,0.46683250414593697,0.08540630182421227,0.21144278606965175,0.2943615257048093,0.1799336650082919,0.533167495854063,0.5381426202321725,0.09535655058043117,0.4361525704809287,0.32172470978441126,0.4792703150912106,0.43781094527363185,0.49917081260364843,0.4734660033167496,0.4925373134328358,0.5016583747927031,0.3407960199004975,0.3706467661691542,0.5613598673300166,0.5132669983416253,0.3839137645107794,0.7205638474295191,0.5066334991708126,0.4154228855721393,0.3706467661691542,0.4286898839137645,0.23797678275290216,0.24129353233830847,0.47180762852404645,0.4461028192371476,0.5,0.3540630182421227,0.533167495854063,0.5248756218905473,0.5,0.48175787728026537,0.49502487562189057,0.5008291873963516,0.2810945273631841,0.49502487562189057,0.5679933665008292,0.27114427860696516,0.49585406301824214,0.3142620232172471,0.3009950248756219,0.5,0.5265339966832504,0.49917081260364843,0.5265339966832504,0.45688225538971805,0.5613598673300166,0.5,0.6525704809286899,0.6044776119402985,0.4975124378109453,0.478441127694859,0.28689883913764513,0.44029850746268656,0.3043117744610282,0.3474295190713101,0.49585406301824214,0.29270315091210614,0.5,0.36069651741293535,0.49834162520729686,0.26616915422885573,0.44029850746268656,0.2877280265339967,0.27114427860696516,0.22719734660033167,0.49834162520729686,0.45356550580431176,0.25538971807628524,0.4021558872305141,0.13349917081260365,0.11857379767827529,0.5008291873963516,0.4651741293532338,0.48839137645107794,0.4154228855721393,0.38474295190713104,0.3308457711442786,0.4286898839137645,0.5008291873963516,0.10862354892205639,0.9029850746268657,0.38723051409618575,0.5008291873963516,0.8565505804311775,0.33167495854063017,0.13018242122719734,0.23466003316749584,0.26533996683250416,0.3275290215588723,0.28441127694859036,0.3034825870646766,0.4386401326699834,0.5132669983416253,0.23797678275290216,0.4759535655058043,0.5016583747927031,0.5066334991708126,0.4320066334991708,0.5398009950248757,0.32587064676616917,0.13349917081260365,0.5696517412935324,0.4767827529021559,0.2752902155887231,0.11028192371475953,0.25456053067993367,0.2230514096185738,0.08540630182421227,0.6907131011608624,0.1318407960199005,0.24129353233830847,0.47180762852404645,0.45107794361525705,0.6144278606965174,0.12023217247097844,0.33747927031509123,0.5008291873963516,0.7205638474295191,0.4427860696517413,0.35903814262023215,0.3839137645107794,0.8814262023217247,0.11857379767827529,0.5613598673300166,0.33913764510779437,0.8598673300165838,0.4154228855721393,0.32172470978441126,0.08208955223880597,0.5613598673300166,0.884742951907131,0.4925373134328358,0.3034825870646766,0.3076285240464345,0.3341625207296849,0.3706467661691542,0.11857379767827529,0.25538971807628524,0.9145936981757877,0.24129353233830847,0.3407960199004975,0.3706467661691542,0.4046434494195688,0.5447761194029851,0.35655058043117743,0.42703150912106136,0.5207296849087893,0.35655058043117743,0.29767827529021557,0.2603648424543947,0.5223880597014925,0.45688225538971805,0.41708126036484244,0.23217247097844113,0.5597014925373134,0.24046434494195687,0.8631840796019901,0.4966832504145937,0.3167495854063018,0.44029850746268656,0.4046434494195688,0.4792703150912106,0.560530679933665,0.21227197346600332,0.6832504145936982,0.6907131011608624,0.6061359867330016,0.31923714759535654,0.6160862354892206,0.5149253731343284,0.44776119402985076,0.675787728026534,0.39054726368159204,0.3175787728026534,0.3092868988391376,0.48756218905472637,0.5348258706467661,0.48756218905472637,0.6169154228855721,0.33250414593698174,0.48092868988391374,0.4427860696517413,0.6310116086235489,0.6160862354892206,0.4461028192371476,0.6409618573797679,0.39054726368159204,0.34577114427860695,0.433665008291874,0.5041459369817579,0.8731343283582089,0.7976782752902156,0.5920398009950248,0.7835820895522388,0.8698175787728026,0.3275290215588723,0.3208955223880597,0.3018242122719735,0.24461028192371476,0.22719734660033167,0.2570480928689884,0.27611940298507465,0.2960199004975124,0.24129353233830847,0.26533996683250416,0.42039800995024873,0.6616915422885572,0.5016583747927031,0.40630182421227196,0.39054726368159204,0.6376451077943616,0.3034825870646766,0.26533996683250416,0.7388059701492538,0.25538971807628524,0.48092868988391374,0.7918739635157546,0.3034825870646766,0.6616915422885572,0.33250414593698174,0.2777777777777778,0.33167495854063017,0.9145936981757877,0.6169154228855721,0.5016583747927031,0.8839137645107794,0.3175787728026534,0.9245439469320066,0.8441127694859039,0.3092868988391376,0.8590381426202321,0.19734660033167495,0.5422885572139303,0.31343283582089554,0.28441127694859036,0.48756218905472637,0.4427860696517413,0.19734660033167495,0.7860696517412935,0.33747927031509123,0.27611940298507465,0.32338308457711445,0.48756218905472637,0.7263681592039801,0.5796019900497512,0.5348258706467661,0.8159203980099502
87,201147,Corey Brewer,32,72,2018,2614,OKC,1610612760,32.0,81.0,186.0,Florida,USA,2007,1,7,46.21270084162204,5.432287681713849,12.08875286916603,1.1859219586840093,4.208110175975516,2.486610558530987,3.442999234889059,1.6449885233358836,4.2463657230298395,5.891354246365723,2.486610558530987,1.874521805661821,3.0221882172915073,0.5355776587605203,0.9563886763580719,5.31752104055088,3.442999234889059,14.537107880642694,-2.1423106350420813,0.0,0.0,0.07651109410864575,3.9403213465952565,4.131599081866871,4.131599081866871,-0.07651109410864575,4.131599081866871,4.016832440703902,3.2899770466717673,0.4973221117061974,4.016832440703902,3.9403213465952565,-0.07651109410864575,-0.07651109410864575,3.9403213465952565,4.016832440703902,0.1530221882172915,0.03825554705432287,0.19127773527161437,1.0711553175210407,0.19127773527161437,0.4590665646518745,0.38255547054322875,6.618209640397858,0.4973221117061974,0.8798775822494261,1.7214996174445294,0.11476664116296863,3.8638102524866107,0.9563886763580719,1.3006885998469777,0.0,3.0221882172915073,0.22953328232593725,0.0,0.0,0.0,0.0,0.0,0.26778882938026016,0.0,0.7651109410864575,0.0,3.9020657995409334,0.11476664116296863,0.19127773527161437,1.0711553175210407,0.03825554705432287,0.1530221882172915,0.0,0.1530221882172915,0.0,0.4973221117061974,0.0,0.0,0.19127773527161437,3.2899770466717673,0.0,0.0,0.0,6.885998469778118,5.011476664116297,2.8309104820198927,0.306044376434583,28.423871461361898,28.423871461361898,0.07651109410864575,6.159143075745983,0.19127773527161437,0.26778882938026016,1.0711553175210407,1.3006885998469777,4.2463657230298395,2.3335883703136955,0.19127773527161437,0.22953328232593725,0.38255547054322875,2.218821729150727,44.68247895944912,0.03825554705432287,14.537107880642694,1.4537107880642692,0.03825554705432287,2.9074215761285385,28.117827084927313,1.0328997704667178,0.03825554705432287,0.0,0.0,0.0,0.0,0.7268553940321346,0.26778882938026016,4.475899005355776,0.07651109410864575,5.31752104055088,0.38255547054322875,0.8033664881407804,1.1094108645753635,0.306044376434583,1.3389441469013006,12.547819433817903,0.8033664881407804,3.366488140780413,7.421576128538638,0.5355776587605203,0.0,0.0,0.0,0.8033664881407804,0.8033664881407804,0.0,1.4154552410099464,1.4154552410099464,0.0,1.7214996174445294,0.0,0.306044376434583,3.481254781943382,0.0,1.6832440703902065,3.175210405508799,0.0,0.03825554705432287,0.0,1.7597551644988523,1.874521805661821,0.5738332058148432,0.0,1.3771996939556235,1.9510328997704667,0.0,3.6342769701606734,0.4590665646518745,0.38255547054322875,0.9563886763580719,0.5738332058148432,0.0,2.6013771996939554,0.0,2.1423106350420813,0.0,0.38255547054322875,0.34429992348890587,0.8033664881407804,0.19127773527161437,0.0,1.9510328997704667,0.5355776587605203,0.0,3.5577658760520277,2.0275439938791124,3.2517214996174446,0.0,1.1859219586840093,3.8255547054322876,3.8638102524866107,1.1859219586840093,34.12394797245601,0.8033664881407804,0.0,5.929609793420046,2.5631216526396328,17921.882172915073,0.0,1.6832440703902065,0.0,3.366488140780413,1.5684774292272379,0.0,2.180566182096404,1.7980107115531752,0.0,3.366488140780413,0.38255547054322875,3.366488140780413,0.1530221882172915,0.26778882938026016,0.306044376434583,0.03825554705432287,0.38255547054322875,0.34429992348890587,2.0275439938791124,1.6449885233358836,6.159143075745983,0.1530221882172915,10.022953328232594,4.2463657230298395,0.0,44.68247895944912,0.8033664881407804,1.3006885998469777,7.421576128538638,0.5355776587605203,0.1530221882172915,22.5707727620505,4.858454475899006,0.0,0.0,1.1094108645753635,0.1530221882172915,5.891354246365723,0.8033664881407804,0.42081101759755163,3.2517214996174446,5.31752104055088,1.2624330527926548,6.235654169854629,1.3389441469013006,0.03825554705432287,3.5577658760520277,12.394797245600612,4.934965570007651,0.7268553940321346,0.0,0.7268553940321346,0.0,0.07651109410864575,2.5248661055853097,0.0,1.7597551644988523,1.6449885233358836,4.475899005355776,12.547819433817903,0.444,0.449,0.282,0.722,10.4,0.06,0.073,0.089,10.4,0.534,0.498,0.139,0.033,0.136,0.5,0.0,0.214,0.316,0.584,0.289,0.353,0.217,0.1,0.087,0.55,0.5,0.306,0.063,0.045,0.483,0.054,0.47,0.326,0.309,0.572,0.189,0.634,0.502,0.314,0.227,0.568,0.568,0.0,0.568,0.495,0.5,0.53,0.125,0.735,0.616,0.326,0.537,0.833,0.368,0.268,0.478,0.238,0.0,0.238,0.333,0.307,0.476,0.0,0.498,0.624,0.603,0.31,0.46,0.892,0.0,0.0,0.485,0.0,0.314,0.037,0.0,0.624,0.502,0.313,0.0,0.479,0.634,0.603,0.441,0.47,1.0,0.367,0.326,0.568,0.34,0.569,0.448,0.324,0.189,0.227,0.592,0.687,0.0,0.108,0.825,0.309,0.175,0.509,0.572,0.515,0.1583747927031509,0.2810945273631841,0.2462686567164179,0.3888888888888889,0.38225538971807627,0.49336650082918737,0.49502487562189057,0.5696517412935324,0.2512437810945274,0.3524046434494196,0.32587064676616917,0.3142620232172471,0.906301824212272,0.44029850746268656,0.5597014925373134,0.7437810945273632,0.5398009950248757,0.291044776119403,0.44859038142620233,0.31260364842454397,0.47512437810945274,0.3524046434494196,0.45356550580431176,0.45107794361525705,0.45107794361525705,0.43532338308457713,0.45107794361525705,0.4502487562189055,0.4552238805970149,0.4054726368159204,0.4502487562189055,0.4552238805970149,0.43532338308457713,0.44029850746268656,0.45356550580431176,0.4519071310116086,0.1583747927031509,0.49834162520729686,0.2131011608623549,0.25456053067993367,0.23134328358208955,0.8034825870646766,0.1550580431177446,0.6890547263681592,0.8300165837479271,0.20315091210613598,0.8930348258706468,0.8565505804311775,0.6791044776119403,0.8233830845771144,0.8532338308457711,0.4966832504145937,0.8897180762852405,0.2860696517412935,0.13681592039800994,0.4867330016583748,0.4966832504145937,0.4917081260364842,0.48756218905472637,0.2230514096185738,0.4925373134328358,0.2562189054726368,0.4925373134328358,0.6658374792703151,0.31260364842454397,0.8980099502487562,0.5713101160862355,0.6708126036484245,0.25290215588723053,0.4286898839137645,0.18325041459369817,0.48839137645107794,0.2131011608623549,0.49834162520729686,0.49917081260364843,0.30265339966832505,0.6343283582089553,0.49336650082918737,0.42371475953565507,0.4925373134328358,0.6724709784411277,0.36069651741293535,0.3275290215588723,0.763681592039801,0.09535655058043117,0.08374792703150911,0.21144278606965175,0.3275290215588723,0.3723051409618574,0.43532338308457713,0.49834162520729686,0.48009950248756217,0.4286898839137645,0.4684908789386401,0.4187396351575456,0.42703150912106136,0.42371475953565507,0.46683250414593697,0.08540630182421227,0.21144278606965175,0.2943615257048093,0.1799336650082919,0.533167495854063,0.5381426202321725,0.09535655058043117,0.4361525704809287,0.32172470978441126,0.4792703150912106,0.43781094527363185,0.49917081260364843,0.4734660033167496,0.4925373134328358,0.5016583747927031,0.3407960199004975,0.3706467661691542,0.5613598673300166,0.5132669983416253,0.3839137645107794,0.7205638474295191,0.5066334991708126,0.4154228855721393,0.3706467661691542,0.4286898839137645,0.23797678275290216,0.24129353233830847,0.47180762852404645,0.4461028192371476,0.5,0.3540630182421227,0.533167495854063,0.5248756218905473,0.5,0.48175787728026537,0.49502487562189057,0.5008291873963516,0.2810945273631841,0.49502487562189057,0.5679933665008292,0.27114427860696516,0.49585406301824214,0.3142620232172471,0.3009950248756219,0.5,0.5265339966832504,0.49917081260364843,0.5265339966832504,0.45688225538971805,0.5613598673300166,0.5,0.6525704809286899,0.6044776119402985,0.4975124378109453,0.478441127694859,0.28689883913764513,0.44029850746268656,0.3043117744610282,0.3474295190713101,0.49585406301824214,0.29270315091210614,0.5,0.36069651741293535,0.49834162520729686,0.26616915422885573,0.44029850746268656,0.2877280265339967,0.27114427860696516,0.22719734660033167,0.49834162520729686,0.45356550580431176,0.25538971807628524,0.4021558872305141,0.13349917081260365,0.11857379767827529,0.5008291873963516,0.4651741293532338,0.48839137645107794,0.4154228855721393,0.38474295190713104,0.3308457711442786,0.4286898839137645,0.5008291873963516,0.10862354892205639,0.9029850746268657,0.38723051409618575,0.5008291873963516,0.8565505804311775,0.33167495854063017,0.13018242122719734,0.23466003316749584,0.26533996683250416,0.3275290215588723,0.28441127694859036,0.3034825870646766,0.4386401326699834,0.5132669983416253,0.23797678275290216,0.4759535655058043,0.5016583747927031,0.5066334991708126,0.4320066334991708,0.5398009950248757,0.32587064676616917,0.13349917081260365,0.5696517412935324,0.4767827529021559,0.2752902155887231,0.11028192371475953,0.25456053067993367,0.2230514096185738,0.08540630182421227,0.6907131011608624,0.06053067993366501,0.24129353233830847,0.47180762852404645,0.45107794361525705,0.6144278606965174,0.12023217247097844,0.33747927031509123,0.5008291873963516,0.7205638474295191,0.4427860696517413,0.35903814262023215,0.3839137645107794,0.8814262023217247,0.11857379767827529,0.5613598673300166,0.33913764510779437,0.8598673300165838,0.4154228855721393,0.32172470978441126,0.08208955223880597,0.5613598673300166,0.884742951907131,0.4925373134328358,0.3034825870646766,0.3076285240464345,0.3341625207296849,0.3706467661691542,0.05555555555555555,0.25538971807628524,0.9145936981757877,0.24129353233830847,0.3407960199004975,0.3706467661691542,0.4046434494195688,0.5447761194029851,0.35655058043117743,0.42703150912106136,0.5207296849087893,0.35655058043117743,0.29767827529021557,0.2603648424543947,0.5223880597014925,0.45688225538971805,0.41708126036484244,0.23217247097844113,0.5597014925373134,0.24046434494195687,0.8631840796019901,0.4966832504145937,0.3167495854063018,0.44029850746268656,0.4046434494195688,0.4792703150912106,0.560530679933665,0.21227197346600332,0.6832504145936982,0.6907131011608624,0.6061359867330016,0.31923714759535654,0.6160862354892206,0.5149253731343284,0.44776119402985076,0.675787728026534,0.39054726368159204,0.3175787728026534,0.3092868988391376,0.48756218905472637,0.5348258706467661,0.48756218905472637,0.6169154228855721,0.33250414593698174,0.48092868988391374,0.4427860696517413,0.6310116086235489,0.6160862354892206,0.4461028192371476,0.6409618573797679,0.39054726368159204,0.34577114427860695,0.433665008291874,0.5041459369817579,0.8731343283582089,0.7976782752902156,0.5920398009950248,0.7835820895522388,0.8698175787728026,0.3275290215588723,0.3208955223880597,0.3018242122719735,0.24461028192371476,0.22719734660033167,0.2570480928689884,0.27611940298507465,0.2960199004975124,0.24129353233830847,0.26533996683250416,0.42039800995024873,0.6616915422885572,0.5016583747927031,0.40630182421227196,0.39054726368159204,0.6376451077943616,0.3034825870646766,0.26533996683250416,0.7388059701492538,0.25538971807628524,0.48092868988391374,0.7918739635157546,0.3034825870646766,0.6616915422885572,0.33250414593698174,0.2777777777777778,0.33167495854063017,0.9145936981757877,0.6169154228855721,0.5016583747927031,0.8839137645107794,0.3175787728026534,0.9245439469320066,0.8441127694859039,0.3092868988391376,0.8590381426202321,0.0912106135986733,0.6907131011608624,0.31343283582089554,0.28441127694859036,0.48756218905472637,0.4427860696517413,0.19734660033167495,0.7860696517412935,0.33747927031509123,0.27611940298507465,0.32338308457711445,0.48756218905472637,0.7263681592039801,0.5796019900497512,0.5348258706467661,0.24958540630182421
88,201147,Corey Brewer,32,72,2018,2614,OKC,1610612760,32.0,81.0,186.0,Florida,USA,2007,1,7,46.21270084162204,5.432287681713849,12.08875286916603,1.1859219586840093,4.208110175975516,2.486610558530987,3.442999234889059,1.6449885233358836,4.2463657230298395,5.891354246365723,2.486610558530987,1.874521805661821,3.0221882172915073,0.5355776587605203,0.9563886763580719,5.31752104055088,3.442999234889059,14.537107880642694,-2.1423106350420813,0.0,0.0,0.07651109410864575,3.9403213465952565,4.131599081866871,4.131599081866871,-0.07651109410864575,4.131599081866871,4.016832440703902,3.2899770466717673,0.4973221117061974,4.016832440703902,3.9403213465952565,-0.07651109410864575,-0.07651109410864575,3.9403213465952565,4.016832440703902,0.1530221882172915,0.03825554705432287,0.19127773527161437,1.0711553175210407,0.19127773527161437,0.4590665646518745,0.38255547054322875,6.618209640397858,0.4973221117061974,0.8798775822494261,1.7214996174445294,0.11476664116296863,3.8638102524866107,0.9563886763580719,1.3006885998469777,0.0,3.0221882172915073,0.22953328232593725,0.0,0.0,0.0,0.0,0.0,0.26778882938026016,0.0,0.7651109410864575,0.0,3.9020657995409334,0.11476664116296863,0.19127773527161437,1.0711553175210407,0.03825554705432287,0.1530221882172915,0.0,0.1530221882172915,0.0,0.4973221117061974,0.0,0.0,0.19127773527161437,3.2899770466717673,0.0,0.0,0.0,6.885998469778118,5.011476664116297,2.8309104820198927,0.306044376434583,28.423871461361898,28.423871461361898,0.07651109410864575,6.159143075745983,0.19127773527161437,0.26778882938026016,1.0711553175210407,1.3006885998469777,4.2463657230298395,2.3335883703136955,0.19127773527161437,0.22953328232593725,0.38255547054322875,2.218821729150727,44.68247895944912,0.03825554705432287,14.537107880642694,1.4537107880642692,0.03825554705432287,2.9074215761285385,28.117827084927313,1.0328997704667178,0.03825554705432287,0.0,0.0,0.0,0.0,0.7268553940321346,0.26778882938026016,4.475899005355776,0.07651109410864575,5.31752104055088,0.38255547054322875,0.8033664881407804,1.1094108645753635,0.306044376434583,1.3389441469013006,12.547819433817903,0.8033664881407804,3.366488140780413,7.421576128538638,0.5355776587605203,0.0,0.0,0.0,0.8033664881407804,0.8033664881407804,0.0,1.4154552410099464,1.4154552410099464,0.0,1.7214996174445294,0.0,0.306044376434583,3.481254781943382,0.0,1.6832440703902065,3.175210405508799,0.0,0.03825554705432287,0.0,1.7597551644988523,1.874521805661821,0.5738332058148432,0.0,1.3771996939556235,1.9510328997704667,0.0,3.6342769701606734,0.4590665646518745,0.38255547054322875,0.9563886763580719,0.5738332058148432,0.0,2.6013771996939554,0.0,2.1423106350420813,0.0,0.38255547054322875,0.34429992348890587,0.8033664881407804,0.19127773527161437,0.0,1.9510328997704667,0.5355776587605203,0.0,3.5577658760520277,2.0275439938791124,3.2517214996174446,0.0,1.1859219586840093,3.8255547054322876,3.8638102524866107,1.1859219586840093,34.12394797245601,0.8033664881407804,0.0,5.929609793420046,2.5631216526396328,17921.882172915073,0.0,1.6832440703902065,0.0,3.366488140780413,1.5684774292272379,0.0,2.180566182096404,1.7980107115531752,0.0,3.366488140780413,0.38255547054322875,3.366488140780413,0.1530221882172915,0.26778882938026016,0.306044376434583,0.03825554705432287,0.38255547054322875,0.34429992348890587,1.0711553175210407,1.6449885233358836,6.159143075745983,0.1530221882172915,10.022953328232594,4.2463657230298395,0.0,44.68247895944912,0.8033664881407804,2.3718439173680186,7.421576128538638,0.5355776587605203,0.1530221882172915,22.5707727620505,4.858454475899006,0.0,0.0,1.1094108645753635,0.1530221882172915,5.891354246365723,0.8033664881407804,0.42081101759755163,1.9510328997704667,5.31752104055088,1.2624330527926548,6.235654169854629,1.3389441469013006,0.03825554705432287,3.5577658760520277,12.394797245600612,4.934965570007651,0.7268553940321346,0.0,0.7268553940321346,0.0,0.07651109410864575,3.8255547054322876,0.0,1.7597551644988523,1.6449885233358836,4.475899005355776,12.547819433817903,0.444,0.449,0.282,0.722,10.4,0.06,0.073,0.089,10.4,0.534,0.498,0.139,0.033,0.136,0.5,0.0,0.214,0.316,0.584,0.289,0.353,0.217,0.1,0.087,0.55,0.5,0.306,0.063,0.045,0.483,0.054,0.47,0.326,0.309,0.572,0.189,0.634,0.502,0.314,0.227,0.568,0.568,0.0,0.568,0.495,0.5,0.53,0.125,0.735,0.616,0.326,0.537,0.833,0.368,0.268,0.478,0.238,0.0,0.238,0.333,0.307,0.476,0.0,0.498,0.624,0.603,0.31,0.46,0.892,0.0,0.0,0.485,0.0,0.314,0.037,0.0,0.549,0.502,0.313,0.0,0.479,0.634,0.62,0.441,0.47,1.0,0.367,0.326,0.568,0.382,0.565,0.448,0.263,0.189,0.227,0.592,0.687,0.0,0.108,0.825,0.309,0.175,0.509,0.572,0.62,0.1583747927031509,0.2810945273631841,0.2462686567164179,0.3888888888888889,0.38225538971807627,0.49336650082918737,0.49502487562189057,0.5696517412935324,0.2512437810945274,0.3524046434494196,0.32587064676616917,0.3142620232172471,0.906301824212272,0.44029850746268656,0.5597014925373134,0.7437810945273632,0.5398009950248757,0.291044776119403,0.44859038142620233,0.31260364842454397,0.47512437810945274,0.3524046434494196,0.45356550580431176,0.45107794361525705,0.45107794361525705,0.43532338308457713,0.45107794361525705,0.4502487562189055,0.4552238805970149,0.4054726368159204,0.4502487562189055,0.4552238805970149,0.43532338308457713,0.44029850746268656,0.45356550580431176,0.4519071310116086,0.1583747927031509,0.49834162520729686,0.2131011608623549,0.25456053067993367,0.23134328358208955,0.8034825870646766,0.1550580431177446,0.6890547263681592,0.8300165837479271,0.20315091210613598,0.8930348258706468,0.8565505804311775,0.6791044776119403,0.8233830845771144,0.8532338308457711,0.4966832504145937,0.8897180762852405,0.2860696517412935,0.13681592039800994,0.4867330016583748,0.4966832504145937,0.4917081260364842,0.48756218905472637,0.2230514096185738,0.4925373134328358,0.2562189054726368,0.4925373134328358,0.6658374792703151,0.31260364842454397,0.8980099502487562,0.5713101160862355,0.6708126036484245,0.25290215588723053,0.4286898839137645,0.18325041459369817,0.48839137645107794,0.2131011608623549,0.49834162520729686,0.49917081260364843,0.30265339966832505,0.6343283582089553,0.49336650082918737,0.42371475953565507,0.4925373134328358,0.6724709784411277,0.36069651741293535,0.3275290215588723,0.763681592039801,0.09535655058043117,0.08374792703150911,0.21144278606965175,0.3275290215588723,0.3723051409618574,0.43532338308457713,0.49834162520729686,0.48009950248756217,0.4286898839137645,0.4684908789386401,0.4187396351575456,0.42703150912106136,0.42371475953565507,0.46683250414593697,0.08540630182421227,0.21144278606965175,0.2943615257048093,0.1799336650082919,0.533167495854063,0.5381426202321725,0.09535655058043117,0.4361525704809287,0.32172470978441126,0.4792703150912106,0.43781094527363185,0.49917081260364843,0.4734660033167496,0.4925373134328358,0.5016583747927031,0.3407960199004975,0.3706467661691542,0.5613598673300166,0.5132669983416253,0.3839137645107794,0.7205638474295191,0.5066334991708126,0.4154228855721393,0.3706467661691542,0.4286898839137645,0.23797678275290216,0.24129353233830847,0.47180762852404645,0.4461028192371476,0.5,0.3540630182421227,0.533167495854063,0.5248756218905473,0.5,0.48175787728026537,0.49502487562189057,0.5008291873963516,0.2810945273631841,0.49502487562189057,0.5679933665008292,0.27114427860696516,0.49585406301824214,0.3142620232172471,0.3009950248756219,0.5,0.5265339966832504,0.49917081260364843,0.5265339966832504,0.45688225538971805,0.5613598673300166,0.5,0.6525704809286899,0.6044776119402985,0.4975124378109453,0.478441127694859,0.28689883913764513,0.44029850746268656,0.3043117744610282,0.3474295190713101,0.49585406301824214,0.29270315091210614,0.5,0.36069651741293535,0.49834162520729686,0.26616915422885573,0.44029850746268656,0.2877280265339967,0.27114427860696516,0.22719734660033167,0.49834162520729686,0.45356550580431176,0.25538971807628524,0.4021558872305141,0.13349917081260365,0.11857379767827529,0.5008291873963516,0.4651741293532338,0.48839137645107794,0.4154228855721393,0.38474295190713104,0.3308457711442786,0.4286898839137645,0.5008291873963516,0.10862354892205639,0.9029850746268657,0.38723051409618575,0.5008291873963516,0.8565505804311775,0.33167495854063017,0.13018242122719734,0.23466003316749584,0.26533996683250416,0.3275290215588723,0.28441127694859036,0.3034825870646766,0.4386401326699834,0.5132669983416253,0.23797678275290216,0.4759535655058043,0.5016583747927031,0.5066334991708126,0.4320066334991708,0.5398009950248757,0.32587064676616917,0.06218905472636816,0.5696517412935324,0.4767827529021559,0.2752902155887231,0.11028192371475953,0.25456053067993367,0.2230514096185738,0.08540630182421227,0.6907131011608624,0.1318407960199005,0.24129353233830847,0.47180762852404645,0.45107794361525705,0.6144278606965174,0.12023217247097844,0.33747927031509123,0.5008291873963516,0.7205638474295191,0.4427860696517413,0.35903814262023215,0.3839137645107794,0.8814262023217247,0.05555555555555555,0.5613598673300166,0.33913764510779437,0.8598673300165838,0.4154228855721393,0.32172470978441126,0.08208955223880597,0.5613598673300166,0.884742951907131,0.4925373134328358,0.3034825870646766,0.3076285240464345,0.3341625207296849,0.3706467661691542,0.11857379767827529,0.25538971807628524,0.9145936981757877,0.24129353233830847,0.3407960199004975,0.3706467661691542,0.4046434494195688,0.5447761194029851,0.35655058043117743,0.42703150912106136,0.5207296849087893,0.35655058043117743,0.29767827529021557,0.2603648424543947,0.5223880597014925,0.45688225538971805,0.41708126036484244,0.23217247097844113,0.5597014925373134,0.24046434494195687,0.8631840796019901,0.4966832504145937,0.3167495854063018,0.44029850746268656,0.4046434494195688,0.4792703150912106,0.560530679933665,0.21227197346600332,0.6832504145936982,0.6907131011608624,0.6061359867330016,0.31923714759535654,0.6160862354892206,0.5149253731343284,0.44776119402985076,0.675787728026534,0.39054726368159204,0.3175787728026534,0.3092868988391376,0.48756218905472637,0.5348258706467661,0.48756218905472637,0.6169154228855721,0.33250414593698174,0.48092868988391374,0.4427860696517413,0.6310116086235489,0.6160862354892206,0.4461028192371476,0.6409618573797679,0.39054726368159204,0.34577114427860695,0.433665008291874,0.5041459369817579,0.8731343283582089,0.7976782752902156,0.5920398009950248,0.7835820895522388,0.8698175787728026,0.3275290215588723,0.3208955223880597,0.3018242122719735,0.24461028192371476,0.22719734660033167,0.2570480928689884,0.27611940298507465,0.2960199004975124,0.24129353233830847,0.26533996683250416,0.42039800995024873,0.6616915422885572,0.5016583747927031,0.40630182421227196,0.39054726368159204,0.6376451077943616,0.3034825870646766,0.26533996683250416,0.7388059701492538,0.25538971807628524,0.48092868988391374,0.7918739635157546,0.3034825870646766,0.2512437810945274,0.33250414593698174,0.2777777777777778,0.33167495854063017,0.9145936981757877,0.6169154228855721,0.9046434494195689,0.8839137645107794,0.3175787728026534,0.9245439469320066,0.8441127694859039,0.3092868988391376,0.8590381426202321,0.19734660033167495,0.5422885572139303,0.31343283582089554,0.09286898839137644,0.48756218905472637,0.4427860696517413,0.19734660033167495,0.7860696517412935,0.33747927031509123,0.27611940298507465,0.32338308457711445,0.48756218905472637,0.7263681592039801,0.5796019900497512,0.5348258706467661,0.8159203980099502
89,201147,Corey Brewer,32,72,2018,2614,OKC,1610612760,32.0,81.0,186.0,Florida,USA,2007,1,7,46.21270084162204,5.432287681713849,12.08875286916603,1.1859219586840093,4.208110175975516,2.486610558530987,3.442999234889059,1.6449885233358836,4.2463657230298395,5.891354246365723,2.486610558530987,1.874521805661821,3.0221882172915073,0.5355776587605203,0.9563886763580719,5.31752104055088,3.442999234889059,14.537107880642694,-2.1423106350420813,0.0,0.0,0.07651109410864575,3.9403213465952565,4.131599081866871,4.131599081866871,-0.07651109410864575,4.131599081866871,4.016832440703902,3.2899770466717673,0.4973221117061974,4.016832440703902,3.9403213465952565,-0.07651109410864575,-0.07651109410864575,3.9403213465952565,4.016832440703902,0.1530221882172915,0.03825554705432287,0.19127773527161437,1.0711553175210407,0.19127773527161437,0.4590665646518745,0.38255547054322875,6.618209640397858,0.4973221117061974,0.8798775822494261,1.7214996174445294,0.11476664116296863,3.8638102524866107,0.9563886763580719,1.3006885998469777,0.0,3.0221882172915073,0.22953328232593725,0.0,0.0,0.0,0.0,0.0,0.26778882938026016,0.0,0.7651109410864575,0.0,3.9020657995409334,0.11476664116296863,0.19127773527161437,1.0711553175210407,0.03825554705432287,0.1530221882172915,0.0,0.1530221882172915,0.0,0.4973221117061974,0.0,0.0,0.19127773527161437,3.2899770466717673,0.0,0.0,0.0,6.885998469778118,5.011476664116297,2.8309104820198927,0.306044376434583,28.423871461361898,28.423871461361898,0.07651109410864575,6.159143075745983,0.19127773527161437,0.26778882938026016,1.0711553175210407,1.3006885998469777,4.2463657230298395,2.3335883703136955,0.19127773527161437,0.22953328232593725,0.38255547054322875,2.218821729150727,44.68247895944912,0.03825554705432287,14.537107880642694,1.4537107880642692,0.03825554705432287,2.9074215761285385,28.117827084927313,1.0328997704667178,0.03825554705432287,0.0,0.0,0.0,0.0,0.7268553940321346,0.26778882938026016,4.475899005355776,0.07651109410864575,5.31752104055088,0.38255547054322875,0.8033664881407804,1.1094108645753635,0.306044376434583,1.3389441469013006,12.547819433817903,0.8033664881407804,3.366488140780413,7.421576128538638,0.5355776587605203,0.0,0.0,0.0,0.8033664881407804,0.8033664881407804,0.0,1.4154552410099464,1.4154552410099464,0.0,1.7214996174445294,0.0,0.306044376434583,3.481254781943382,0.0,1.6832440703902065,3.175210405508799,0.0,0.03825554705432287,0.0,1.7597551644988523,1.874521805661821,0.5738332058148432,0.0,1.3771996939556235,1.9510328997704667,0.0,3.6342769701606734,0.4590665646518745,0.38255547054322875,0.9563886763580719,0.5738332058148432,0.0,2.6013771996939554,0.0,2.1423106350420813,0.0,0.38255547054322875,0.34429992348890587,0.8033664881407804,0.19127773527161437,0.0,1.9510328997704667,0.5355776587605203,0.0,3.5577658760520277,2.0275439938791124,3.2517214996174446,0.0,1.1859219586840093,3.8255547054322876,3.8638102524866107,1.1859219586840093,34.12394797245601,0.8033664881407804,0.0,5.929609793420046,2.5631216526396328,17921.882172915073,0.0,1.6832440703902065,0.0,3.366488140780413,1.5684774292272379,0.0,2.180566182096404,1.7980107115531752,0.0,3.366488140780413,0.38255547054322875,3.366488140780413,0.1530221882172915,0.26778882938026016,0.306044376434583,0.03825554705432287,0.38255547054322875,0.34429992348890587,1.0711553175210407,1.6449885233358836,6.159143075745983,0.1530221882172915,10.022953328232594,4.2463657230298395,0.0,44.68247895944912,0.8033664881407804,1.3006885998469777,7.421576128538638,0.5355776587605203,0.1530221882172915,22.5707727620505,4.858454475899006,0.0,0.0,1.1094108645753635,0.1530221882172915,5.891354246365723,0.8033664881407804,0.42081101759755163,1.9510328997704667,5.31752104055088,1.2624330527926548,6.235654169854629,1.3389441469013006,0.03825554705432287,3.5577658760520277,12.394797245600612,4.934965570007651,0.7268553940321346,0.0,0.7268553940321346,0.0,0.07651109410864575,2.5248661055853097,0.0,1.7597551644988523,1.6449885233358836,4.475899005355776,12.547819433817903,0.444,0.449,0.282,0.722,10.4,0.06,0.073,0.089,10.4,0.534,0.498,0.139,0.033,0.136,0.5,0.0,0.214,0.316,0.584,0.289,0.353,0.217,0.1,0.087,0.55,0.5,0.306,0.063,0.045,0.483,0.054,0.47,0.326,0.309,0.572,0.189,0.634,0.502,0.314,0.227,0.568,0.568,0.0,0.568,0.495,0.5,0.53,0.125,0.735,0.616,0.326,0.537,0.833,0.368,0.268,0.478,0.238,0.0,0.238,0.333,0.307,0.476,0.0,0.498,0.624,0.603,0.31,0.46,0.892,0.0,0.0,0.485,0.0,0.314,0.037,0.0,0.549,0.502,0.313,0.0,0.479,0.634,0.62,0.441,0.47,1.0,0.367,0.326,0.568,0.34,0.569,0.448,0.263,0.189,0.227,0.592,0.687,0.0,0.108,0.825,0.309,0.175,0.509,0.572,0.515,0.1583747927031509,0.2810945273631841,0.2462686567164179,0.3888888888888889,0.38225538971807627,0.49336650082918737,0.49502487562189057,0.5696517412935324,0.2512437810945274,0.3524046434494196,0.32587064676616917,0.3142620232172471,0.906301824212272,0.44029850746268656,0.5597014925373134,0.7437810945273632,0.5398009950248757,0.291044776119403,0.44859038142620233,0.31260364842454397,0.47512437810945274,0.3524046434494196,0.45356550580431176,0.45107794361525705,0.45107794361525705,0.43532338308457713,0.45107794361525705,0.4502487562189055,0.4552238805970149,0.4054726368159204,0.4502487562189055,0.4552238805970149,0.43532338308457713,0.44029850746268656,0.45356550580431176,0.4519071310116086,0.1583747927031509,0.49834162520729686,0.2131011608623549,0.25456053067993367,0.23134328358208955,0.8034825870646766,0.1550580431177446,0.6890547263681592,0.8300165837479271,0.20315091210613598,0.8930348258706468,0.8565505804311775,0.6791044776119403,0.8233830845771144,0.8532338308457711,0.4966832504145937,0.8897180762852405,0.2860696517412935,0.13681592039800994,0.4867330016583748,0.4966832504145937,0.4917081260364842,0.48756218905472637,0.2230514096185738,0.4925373134328358,0.2562189054726368,0.4925373134328358,0.6658374792703151,0.31260364842454397,0.8980099502487562,0.5713101160862355,0.6708126036484245,0.25290215588723053,0.4286898839137645,0.18325041459369817,0.48839137645107794,0.2131011608623549,0.49834162520729686,0.49917081260364843,0.30265339966832505,0.6343283582089553,0.49336650082918737,0.42371475953565507,0.4925373134328358,0.6724709784411277,0.36069651741293535,0.3275290215588723,0.763681592039801,0.09535655058043117,0.08374792703150911,0.21144278606965175,0.3275290215588723,0.3723051409618574,0.43532338308457713,0.49834162520729686,0.48009950248756217,0.4286898839137645,0.4684908789386401,0.4187396351575456,0.42703150912106136,0.42371475953565507,0.46683250414593697,0.08540630182421227,0.21144278606965175,0.2943615257048093,0.1799336650082919,0.533167495854063,0.5381426202321725,0.09535655058043117,0.4361525704809287,0.32172470978441126,0.4792703150912106,0.43781094527363185,0.49917081260364843,0.4734660033167496,0.4925373134328358,0.5016583747927031,0.3407960199004975,0.3706467661691542,0.5613598673300166,0.5132669983416253,0.3839137645107794,0.7205638474295191,0.5066334991708126,0.4154228855721393,0.3706467661691542,0.4286898839137645,0.23797678275290216,0.24129353233830847,0.47180762852404645,0.4461028192371476,0.5,0.3540630182421227,0.533167495854063,0.5248756218905473,0.5,0.48175787728026537,0.49502487562189057,0.5008291873963516,0.2810945273631841,0.49502487562189057,0.5679933665008292,0.27114427860696516,0.49585406301824214,0.3142620232172471,0.3009950248756219,0.5,0.5265339966832504,0.49917081260364843,0.5265339966832504,0.45688225538971805,0.5613598673300166,0.5,0.6525704809286899,0.6044776119402985,0.4975124378109453,0.478441127694859,0.28689883913764513,0.44029850746268656,0.3043117744610282,0.3474295190713101,0.49585406301824214,0.29270315091210614,0.5,0.36069651741293535,0.49834162520729686,0.26616915422885573,0.44029850746268656,0.2877280265339967,0.27114427860696516,0.22719734660033167,0.49834162520729686,0.45356550580431176,0.25538971807628524,0.4021558872305141,0.13349917081260365,0.11857379767827529,0.5008291873963516,0.4651741293532338,0.48839137645107794,0.4154228855721393,0.38474295190713104,0.3308457711442786,0.4286898839137645,0.5008291873963516,0.10862354892205639,0.9029850746268657,0.38723051409618575,0.5008291873963516,0.8565505804311775,0.33167495854063017,0.13018242122719734,0.23466003316749584,0.26533996683250416,0.3275290215588723,0.28441127694859036,0.3034825870646766,0.4386401326699834,0.5132669983416253,0.23797678275290216,0.4759535655058043,0.5016583747927031,0.5066334991708126,0.4320066334991708,0.5398009950248757,0.32587064676616917,0.06218905472636816,0.5696517412935324,0.4767827529021559,0.2752902155887231,0.11028192371475953,0.25456053067993367,0.2230514096185738,0.08540630182421227,0.6907131011608624,0.06053067993366501,0.24129353233830847,0.47180762852404645,0.45107794361525705,0.6144278606965174,0.12023217247097844,0.33747927031509123,0.5008291873963516,0.7205638474295191,0.4427860696517413,0.35903814262023215,0.3839137645107794,0.8814262023217247,0.05555555555555555,0.5613598673300166,0.33913764510779437,0.8598673300165838,0.4154228855721393,0.32172470978441126,0.08208955223880597,0.5613598673300166,0.884742951907131,0.4925373134328358,0.3034825870646766,0.3076285240464345,0.3341625207296849,0.3706467661691542,0.05555555555555555,0.25538971807628524,0.9145936981757877,0.24129353233830847,0.3407960199004975,0.3706467661691542,0.4046434494195688,0.5447761194029851,0.35655058043117743,0.42703150912106136,0.5207296849087893,0.35655058043117743,0.29767827529021557,0.2603648424543947,0.5223880597014925,0.45688225538971805,0.41708126036484244,0.23217247097844113,0.5597014925373134,0.24046434494195687,0.8631840796019901,0.4966832504145937,0.3167495854063018,0.44029850746268656,0.4046434494195688,0.4792703150912106,0.560530679933665,0.21227197346600332,0.6832504145936982,0.6907131011608624,0.6061359867330016,0.31923714759535654,0.6160862354892206,0.5149253731343284,0.44776119402985076,0.675787728026534,0.39054726368159204,0.3175787728026534,0.3092868988391376,0.48756218905472637,0.5348258706467661,0.48756218905472637,0.6169154228855721,0.33250414593698174,0.48092868988391374,0.4427860696517413,0.6310116086235489,0.6160862354892206,0.4461028192371476,0.6409618573797679,0.39054726368159204,0.34577114427860695,0.433665008291874,0.5041459369817579,0.8731343283582089,0.7976782752902156,0.5920398009950248,0.7835820895522388,0.8698175787728026,0.3275290215588723,0.3208955223880597,0.3018242122719735,0.24461028192371476,0.22719734660033167,0.2570480928689884,0.27611940298507465,0.2960199004975124,0.24129353233830847,0.26533996683250416,0.42039800995024873,0.6616915422885572,0.5016583747927031,0.40630182421227196,0.39054726368159204,0.6376451077943616,0.3034825870646766,0.26533996683250416,0.7388059701492538,0.25538971807628524,0.48092868988391374,0.7918739635157546,0.3034825870646766,0.2512437810945274,0.33250414593698174,0.2777777777777778,0.33167495854063017,0.9145936981757877,0.6169154228855721,0.9046434494195689,0.8839137645107794,0.3175787728026534,0.9245439469320066,0.8441127694859039,0.3092868988391376,0.8590381426202321,0.0912106135986733,0.6907131011608624,0.31343283582089554,0.09286898839137644,0.48756218905472637,0.4427860696517413,0.19734660033167495,0.7860696517412935,0.33747927031509123,0.27611940298507465,0.32338308457711445,0.48756218905472637,0.7263681592039801,0.5796019900497512,0.5348258706467661,0.24958540630182421
90,201147,Corey Brewer,32,72,2018,2614,OKC,1610612760,32.0,81.0,186.0,Florida,USA,2007,1,7,46.21270084162204,5.432287681713849,12.08875286916603,1.1859219586840093,4.208110175975516,2.486610558530987,3.442999234889059,1.6449885233358836,4.2463657230298395,5.891354246365723,2.486610558530987,1.874521805661821,3.0221882172915073,0.5355776587605203,0.9563886763580719,5.31752104055088,3.442999234889059,14.537107880642694,-2.1423106350420813,0.0,0.0,0.07651109410864575,3.9403213465952565,4.131599081866871,4.131599081866871,-0.07651109410864575,4.131599081866871,4.016832440703902,3.2899770466717673,0.4973221117061974,4.016832440703902,3.9403213465952565,-0.07651109410864575,-0.07651109410864575,3.9403213465952565,4.016832440703902,0.1530221882172915,0.03825554705432287,0.19127773527161437,1.0711553175210407,0.19127773527161437,0.4590665646518745,0.38255547054322875,6.618209640397858,0.4973221117061974,0.8798775822494261,1.7214996174445294,0.11476664116296863,3.8638102524866107,0.9563886763580719,1.3006885998469777,0.0,3.0221882172915073,0.22953328232593725,0.0,0.0,0.0,0.0,0.0,0.26778882938026016,0.0,0.7651109410864575,0.0,3.9020657995409334,0.11476664116296863,0.19127773527161437,1.0711553175210407,0.03825554705432287,0.1530221882172915,0.0,0.1530221882172915,0.0,0.4973221117061974,0.0,0.0,0.19127773527161437,3.2899770466717673,0.0,0.0,0.0,6.885998469778118,5.011476664116297,2.8309104820198927,0.306044376434583,28.423871461361898,28.423871461361898,0.07651109410864575,6.159143075745983,0.19127773527161437,0.26778882938026016,1.0711553175210407,1.3006885998469777,4.2463657230298395,2.3335883703136955,0.19127773527161437,0.22953328232593725,0.38255547054322875,2.218821729150727,44.68247895944912,0.03825554705432287,14.537107880642694,1.4537107880642692,0.03825554705432287,2.9074215761285385,28.117827084927313,1.0328997704667178,0.03825554705432287,0.0,0.0,0.0,0.0,0.7268553940321346,0.26778882938026016,4.475899005355776,0.07651109410864575,5.31752104055088,0.38255547054322875,0.8033664881407804,1.1094108645753635,0.306044376434583,1.3389441469013006,12.547819433817903,0.8033664881407804,3.366488140780413,7.421576128538638,0.5355776587605203,0.0,0.0,0.0,0.8033664881407804,0.8033664881407804,0.0,1.4154552410099464,1.4154552410099464,0.0,1.7214996174445294,0.0,0.306044376434583,3.481254781943382,0.0,1.6832440703902065,3.175210405508799,0.0,0.03825554705432287,0.0,1.7597551644988523,1.874521805661821,0.5738332058148432,0.0,1.3771996939556235,1.9510328997704667,0.0,3.6342769701606734,0.4590665646518745,0.38255547054322875,0.9563886763580719,0.5738332058148432,0.0,2.6013771996939554,0.0,2.1423106350420813,0.0,0.38255547054322875,0.34429992348890587,0.8033664881407804,0.19127773527161437,0.0,1.9510328997704667,0.5355776587605203,0.0,3.5577658760520277,2.0275439938791124,3.2517214996174446,0.0,1.1859219586840093,3.8255547054322876,3.8638102524866107,1.1859219586840093,34.12394797245601,0.8033664881407804,0.0,3.8638102524866107,2.5631216526396328,17921.882172915073,0.0,1.6832440703902065,0.0,1.7597551644988523,1.5684774292272379,0.0,2.180566182096404,1.7980107115531752,0.0,3.366488140780413,0.38255547054322875,3.366488140780413,0.1530221882172915,0.26778882938026016,0.306044376434583,0.03825554705432287,0.38255547054322875,0.34429992348890587,2.0275439938791124,1.6449885233358836,6.159143075745983,0.1530221882172915,10.022953328232594,4.2463657230298395,0.0,44.68247895944912,0.8033664881407804,2.3718439173680186,7.421576128538638,0.5355776587605203,0.1530221882172915,22.5707727620505,4.858454475899006,0.0,0.0,1.1094108645753635,0.1530221882172915,5.891354246365723,0.8033664881407804,0.42081101759755163,3.2517214996174446,5.31752104055088,1.2624330527926548,6.235654169854629,1.3389441469013006,0.03825554705432287,3.5577658760520277,12.394797245600612,4.934965570007651,0.7268553940321346,0.0,0.7268553940321346,0.0,0.07651109410864575,3.8255547054322876,0.0,1.7597551644988523,1.6449885233358836,4.475899005355776,12.547819433817903,0.444,0.449,0.282,0.722,10.4,0.06,0.073,0.089,10.4,0.534,0.498,0.139,0.033,0.136,0.5,0.0,0.214,0.316,0.584,0.289,0.353,0.217,0.1,0.087,0.55,0.5,0.306,0.063,0.045,0.483,0.054,0.47,0.326,0.309,0.572,0.189,0.634,0.502,0.314,0.227,0.568,0.568,0.0,0.568,0.495,0.5,0.53,0.125,0.735,0.616,0.326,0.537,0.833,0.368,0.268,0.478,0.238,0.0,0.238,0.333,0.307,0.476,0.0,0.498,0.624,0.603,0.31,0.46,0.892,0.0,0.0,0.485,0.0,0.314,0.037,0.0,0.624,0.502,0.313,0.0,0.479,0.634,0.603,0.441,0.47,1.0,0.367,0.326,0.455,0.382,0.565,0.448,0.324,0.189,0.227,0.521,0.687,0.0,0.108,0.825,0.309,0.175,0.5,0.572,0.62,0.1583747927031509,0.2810945273631841,0.2462686567164179,0.3888888888888889,0.38225538971807627,0.49336650082918737,0.49502487562189057,0.5696517412935324,0.2512437810945274,0.3524046434494196,0.32587064676616917,0.3142620232172471,0.906301824212272,0.44029850746268656,0.5597014925373134,0.7437810945273632,0.5398009950248757,0.291044776119403,0.44859038142620233,0.31260364842454397,0.47512437810945274,0.3524046434494196,0.45356550580431176,0.45107794361525705,0.45107794361525705,0.43532338308457713,0.45107794361525705,0.4502487562189055,0.4552238805970149,0.4054726368159204,0.4502487562189055,0.4552238805970149,0.43532338308457713,0.44029850746268656,0.45356550580431176,0.4519071310116086,0.1583747927031509,0.49834162520729686,0.2131011608623549,0.25456053067993367,0.23134328358208955,0.8034825870646766,0.1550580431177446,0.6890547263681592,0.8300165837479271,0.20315091210613598,0.8930348258706468,0.8565505804311775,0.6791044776119403,0.8233830845771144,0.8532338308457711,0.4966832504145937,0.8897180762852405,0.2860696517412935,0.13681592039800994,0.4867330016583748,0.4966832504145937,0.4917081260364842,0.48756218905472637,0.2230514096185738,0.4925373134328358,0.2562189054726368,0.4925373134328358,0.6658374792703151,0.31260364842454397,0.8980099502487562,0.5713101160862355,0.6708126036484245,0.25290215588723053,0.4286898839137645,0.18325041459369817,0.48839137645107794,0.2131011608623549,0.49834162520729686,0.49917081260364843,0.30265339966832505,0.6343283582089553,0.49336650082918737,0.42371475953565507,0.4925373134328358,0.6724709784411277,0.36069651741293535,0.3275290215588723,0.763681592039801,0.09535655058043117,0.08374792703150911,0.21144278606965175,0.3275290215588723,0.3723051409618574,0.43532338308457713,0.49834162520729686,0.48009950248756217,0.4286898839137645,0.4684908789386401,0.4187396351575456,0.42703150912106136,0.42371475953565507,0.46683250414593697,0.08540630182421227,0.21144278606965175,0.2943615257048093,0.1799336650082919,0.533167495854063,0.5381426202321725,0.09535655058043117,0.4361525704809287,0.32172470978441126,0.4792703150912106,0.43781094527363185,0.49917081260364843,0.4734660033167496,0.4925373134328358,0.5016583747927031,0.3407960199004975,0.3706467661691542,0.5613598673300166,0.5132669983416253,0.3839137645107794,0.7205638474295191,0.5066334991708126,0.4154228855721393,0.3706467661691542,0.4286898839137645,0.23797678275290216,0.24129353233830847,0.47180762852404645,0.4461028192371476,0.5,0.3540630182421227,0.533167495854063,0.5248756218905473,0.5,0.48175787728026537,0.49502487562189057,0.5008291873963516,0.2810945273631841,0.49502487562189057,0.5679933665008292,0.27114427860696516,0.49585406301824214,0.3142620232172471,0.3009950248756219,0.5,0.5265339966832504,0.49917081260364843,0.5265339966832504,0.45688225538971805,0.5613598673300166,0.5,0.6525704809286899,0.6044776119402985,0.4975124378109453,0.478441127694859,0.28689883913764513,0.44029850746268656,0.3043117744610282,0.3474295190713101,0.49585406301824214,0.29270315091210614,0.5,0.36069651741293535,0.49834162520729686,0.26616915422885573,0.44029850746268656,0.2877280265339967,0.27114427860696516,0.22719734660033167,0.49834162520729686,0.45356550580431176,0.25538971807628524,0.4021558872305141,0.13349917081260365,0.11857379767827529,0.5008291873963516,0.4651741293532338,0.48839137645107794,0.4154228855721393,0.38474295190713104,0.3308457711442786,0.4286898839137645,0.5008291873963516,0.0472636815920398,0.9029850746268657,0.38723051409618575,0.5008291873963516,0.8565505804311775,0.33167495854063017,0.05555555555555555,0.23466003316749584,0.26533996683250416,0.3275290215588723,0.28441127694859036,0.3034825870646766,0.4386401326699834,0.5132669983416253,0.23797678275290216,0.4759535655058043,0.5016583747927031,0.5066334991708126,0.4320066334991708,0.5398009950248757,0.32587064676616917,0.13349917081260365,0.5696517412935324,0.4767827529021559,0.2752902155887231,0.11028192371475953,0.25456053067993367,0.2230514096185738,0.08540630182421227,0.6907131011608624,0.1318407960199005,0.24129353233830847,0.47180762852404645,0.45107794361525705,0.6144278606965174,0.12023217247097844,0.33747927031509123,0.5008291873963516,0.7205638474295191,0.4427860696517413,0.35903814262023215,0.3839137645107794,0.8814262023217247,0.11857379767827529,0.5613598673300166,0.33913764510779437,0.8598673300165838,0.4154228855721393,0.32172470978441126,0.08208955223880597,0.5613598673300166,0.884742951907131,0.4925373134328358,0.3034825870646766,0.3076285240464345,0.3341625207296849,0.3706467661691542,0.11857379767827529,0.25538971807628524,0.9145936981757877,0.24129353233830847,0.3407960199004975,0.3706467661691542,0.4046434494195688,0.5447761194029851,0.35655058043117743,0.42703150912106136,0.5207296849087893,0.35655058043117743,0.29767827529021557,0.2603648424543947,0.5223880597014925,0.45688225538971805,0.41708126036484244,0.23217247097844113,0.5597014925373134,0.24046434494195687,0.8631840796019901,0.4966832504145937,0.3167495854063018,0.44029850746268656,0.4046434494195688,0.4792703150912106,0.560530679933665,0.21227197346600332,0.6832504145936982,0.6907131011608624,0.6061359867330016,0.31923714759535654,0.6160862354892206,0.5149253731343284,0.44776119402985076,0.675787728026534,0.39054726368159204,0.3175787728026534,0.3092868988391376,0.48756218905472637,0.5348258706467661,0.48756218905472637,0.6169154228855721,0.33250414593698174,0.48092868988391374,0.4427860696517413,0.6310116086235489,0.6160862354892206,0.4461028192371476,0.6409618573797679,0.39054726368159204,0.34577114427860695,0.433665008291874,0.5041459369817579,0.8731343283582089,0.7976782752902156,0.5920398009950248,0.7835820895522388,0.8698175787728026,0.3275290215588723,0.3208955223880597,0.3018242122719735,0.24461028192371476,0.22719734660033167,0.2570480928689884,0.27611940298507465,0.2960199004975124,0.24129353233830847,0.26533996683250416,0.42039800995024873,0.6616915422885572,0.5016583747927031,0.40630182421227196,0.39054726368159204,0.6376451077943616,0.3034825870646766,0.26533996683250416,0.7388059701492538,0.25538971807628524,0.48092868988391374,0.7918739635157546,0.3034825870646766,0.6616915422885572,0.33250414593698174,0.2777777777777778,0.33167495854063017,0.9145936981757877,0.6169154228855721,0.5016583747927031,0.8839137645107794,0.3175787728026534,0.9245439469320066,0.8441127694859039,0.3092868988391376,0.14759535655058043,0.19734660033167495,0.5422885572139303,0.31343283582089554,0.28441127694859036,0.48756218905472637,0.4427860696517413,0.09535655058043117,0.7860696517412935,0.33747927031509123,0.27611940298507465,0.32338308457711445,0.48756218905472637,0.7263681592039801,0.3101160862354892,0.5348258706467661,0.8159203980099502
91,201147,Corey Brewer,32,72,2018,2614,OKC,1610612760,32.0,81.0,186.0,Florida,USA,2007,1,7,46.21270084162204,5.432287681713849,12.08875286916603,1.1859219586840093,4.208110175975516,2.486610558530987,3.442999234889059,1.6449885233358836,4.2463657230298395,5.891354246365723,2.486610558530987,1.874521805661821,3.0221882172915073,0.5355776587605203,0.9563886763580719,5.31752104055088,3.442999234889059,14.537107880642694,-2.1423106350420813,0.0,0.0,0.07651109410864575,3.9403213465952565,4.131599081866871,4.131599081866871,-0.07651109410864575,4.131599081866871,4.016832440703902,3.2899770466717673,0.4973221117061974,4.016832440703902,3.9403213465952565,-0.07651109410864575,-0.07651109410864575,3.9403213465952565,4.016832440703902,0.1530221882172915,0.03825554705432287,0.19127773527161437,1.0711553175210407,0.19127773527161437,0.4590665646518745,0.38255547054322875,6.618209640397858,0.4973221117061974,0.8798775822494261,1.7214996174445294,0.11476664116296863,3.8638102524866107,0.9563886763580719,1.3006885998469777,0.0,3.0221882172915073,0.22953328232593725,0.0,0.0,0.0,0.0,0.0,0.26778882938026016,0.0,0.7651109410864575,0.0,3.9020657995409334,0.11476664116296863,0.19127773527161437,1.0711553175210407,0.03825554705432287,0.1530221882172915,0.0,0.1530221882172915,0.0,0.4973221117061974,0.0,0.0,0.19127773527161437,3.2899770466717673,0.0,0.0,0.0,6.885998469778118,5.011476664116297,2.8309104820198927,0.306044376434583,28.423871461361898,28.423871461361898,0.07651109410864575,6.159143075745983,0.19127773527161437,0.26778882938026016,1.0711553175210407,1.3006885998469777,4.2463657230298395,2.3335883703136955,0.19127773527161437,0.22953328232593725,0.38255547054322875,2.218821729150727,44.68247895944912,0.03825554705432287,14.537107880642694,1.4537107880642692,0.03825554705432287,2.9074215761285385,28.117827084927313,1.0328997704667178,0.03825554705432287,0.0,0.0,0.0,0.0,0.7268553940321346,0.26778882938026016,4.475899005355776,0.07651109410864575,5.31752104055088,0.38255547054322875,0.8033664881407804,1.1094108645753635,0.306044376434583,1.3389441469013006,12.547819433817903,0.8033664881407804,3.366488140780413,7.421576128538638,0.5355776587605203,0.0,0.0,0.0,0.8033664881407804,0.8033664881407804,0.0,1.4154552410099464,1.4154552410099464,0.0,1.7214996174445294,0.0,0.306044376434583,3.481254781943382,0.0,1.6832440703902065,3.175210405508799,0.0,0.03825554705432287,0.0,1.7597551644988523,1.874521805661821,0.5738332058148432,0.0,1.3771996939556235,1.9510328997704667,0.0,3.6342769701606734,0.4590665646518745,0.38255547054322875,0.9563886763580719,0.5738332058148432,0.0,2.6013771996939554,0.0,2.1423106350420813,0.0,0.38255547054322875,0.34429992348890587,0.8033664881407804,0.19127773527161437,0.0,1.9510328997704667,0.5355776587605203,0.0,3.5577658760520277,2.0275439938791124,3.2517214996174446,0.0,1.1859219586840093,3.8255547054322876,3.8638102524866107,1.1859219586840093,34.12394797245601,0.8033664881407804,0.0,3.8638102524866107,2.5631216526396328,17921.882172915073,0.0,1.6832440703902065,0.0,1.7597551644988523,1.5684774292272379,0.0,2.180566182096404,1.7980107115531752,0.0,3.366488140780413,0.38255547054322875,3.366488140780413,0.1530221882172915,0.26778882938026016,0.306044376434583,0.03825554705432287,0.38255547054322875,0.34429992348890587,2.0275439938791124,1.6449885233358836,6.159143075745983,0.1530221882172915,10.022953328232594,4.2463657230298395,0.0,44.68247895944912,0.8033664881407804,1.3006885998469777,7.421576128538638,0.5355776587605203,0.1530221882172915,22.5707727620505,4.858454475899006,0.0,0.0,1.1094108645753635,0.1530221882172915,5.891354246365723,0.8033664881407804,0.42081101759755163,3.2517214996174446,5.31752104055088,1.2624330527926548,6.235654169854629,1.3389441469013006,0.03825554705432287,3.5577658760520277,12.394797245600612,4.934965570007651,0.7268553940321346,0.0,0.7268553940321346,0.0,0.07651109410864575,2.5248661055853097,0.0,1.7597551644988523,1.6449885233358836,4.475899005355776,12.547819433817903,0.444,0.449,0.282,0.722,10.4,0.06,0.073,0.089,10.4,0.534,0.498,0.139,0.033,0.136,0.5,0.0,0.214,0.316,0.584,0.289,0.353,0.217,0.1,0.087,0.55,0.5,0.306,0.063,0.045,0.483,0.054,0.47,0.326,0.309,0.572,0.189,0.634,0.502,0.314,0.227,0.568,0.568,0.0,0.568,0.495,0.5,0.53,0.125,0.735,0.616,0.326,0.537,0.833,0.368,0.268,0.478,0.238,0.0,0.238,0.333,0.307,0.476,0.0,0.498,0.624,0.603,0.31,0.46,0.892,0.0,0.0,0.485,0.0,0.314,0.037,0.0,0.624,0.502,0.313,0.0,0.479,0.634,0.603,0.441,0.47,1.0,0.367,0.326,0.455,0.34,0.569,0.448,0.324,0.189,0.227,0.521,0.687,0.0,0.108,0.825,0.309,0.175,0.5,0.572,0.515,0.1583747927031509,0.2810945273631841,0.2462686567164179,0.3888888888888889,0.38225538971807627,0.49336650082918737,0.49502487562189057,0.5696517412935324,0.2512437810945274,0.3524046434494196,0.32587064676616917,0.3142620232172471,0.906301824212272,0.44029850746268656,0.5597014925373134,0.7437810945273632,0.5398009950248757,0.291044776119403,0.44859038142620233,0.31260364842454397,0.47512437810945274,0.3524046434494196,0.45356550580431176,0.45107794361525705,0.45107794361525705,0.43532338308457713,0.45107794361525705,0.4502487562189055,0.4552238805970149,0.4054726368159204,0.4502487562189055,0.4552238805970149,0.43532338308457713,0.44029850746268656,0.45356550580431176,0.4519071310116086,0.1583747927031509,0.49834162520729686,0.2131011608623549,0.25456053067993367,0.23134328358208955,0.8034825870646766,0.1550580431177446,0.6890547263681592,0.8300165837479271,0.20315091210613598,0.8930348258706468,0.8565505804311775,0.6791044776119403,0.8233830845771144,0.8532338308457711,0.4966832504145937,0.8897180762852405,0.2860696517412935,0.13681592039800994,0.4867330016583748,0.4966832504145937,0.4917081260364842,0.48756218905472637,0.2230514096185738,0.4925373134328358,0.2562189054726368,0.4925373134328358,0.6658374792703151,0.31260364842454397,0.8980099502487562,0.5713101160862355,0.6708126036484245,0.25290215588723053,0.4286898839137645,0.18325041459369817,0.48839137645107794,0.2131011608623549,0.49834162520729686,0.49917081260364843,0.30265339966832505,0.6343283582089553,0.49336650082918737,0.42371475953565507,0.4925373134328358,0.6724709784411277,0.36069651741293535,0.3275290215588723,0.763681592039801,0.09535655058043117,0.08374792703150911,0.21144278606965175,0.3275290215588723,0.3723051409618574,0.43532338308457713,0.49834162520729686,0.48009950248756217,0.4286898839137645,0.4684908789386401,0.4187396351575456,0.42703150912106136,0.42371475953565507,0.46683250414593697,0.08540630182421227,0.21144278606965175,0.2943615257048093,0.1799336650082919,0.533167495854063,0.5381426202321725,0.09535655058043117,0.4361525704809287,0.32172470978441126,0.4792703150912106,0.43781094527363185,0.49917081260364843,0.4734660033167496,0.4925373134328358,0.5016583747927031,0.3407960199004975,0.3706467661691542,0.5613598673300166,0.5132669983416253,0.3839137645107794,0.7205638474295191,0.5066334991708126,0.4154228855721393,0.3706467661691542,0.4286898839137645,0.23797678275290216,0.24129353233830847,0.47180762852404645,0.4461028192371476,0.5,0.3540630182421227,0.533167495854063,0.5248756218905473,0.5,0.48175787728026537,0.49502487562189057,0.5008291873963516,0.2810945273631841,0.49502487562189057,0.5679933665008292,0.27114427860696516,0.49585406301824214,0.3142620232172471,0.3009950248756219,0.5,0.5265339966832504,0.49917081260364843,0.5265339966832504,0.45688225538971805,0.5613598673300166,0.5,0.6525704809286899,0.6044776119402985,0.4975124378109453,0.478441127694859,0.28689883913764513,0.44029850746268656,0.3043117744610282,0.3474295190713101,0.49585406301824214,0.29270315091210614,0.5,0.36069651741293535,0.49834162520729686,0.26616915422885573,0.44029850746268656,0.2877280265339967,0.27114427860696516,0.22719734660033167,0.49834162520729686,0.45356550580431176,0.25538971807628524,0.4021558872305141,0.13349917081260365,0.11857379767827529,0.5008291873963516,0.4651741293532338,0.48839137645107794,0.4154228855721393,0.38474295190713104,0.3308457711442786,0.4286898839137645,0.5008291873963516,0.0472636815920398,0.9029850746268657,0.38723051409618575,0.5008291873963516,0.8565505804311775,0.33167495854063017,0.05555555555555555,0.23466003316749584,0.26533996683250416,0.3275290215588723,0.28441127694859036,0.3034825870646766,0.4386401326699834,0.5132669983416253,0.23797678275290216,0.4759535655058043,0.5016583747927031,0.5066334991708126,0.4320066334991708,0.5398009950248757,0.32587064676616917,0.13349917081260365,0.5696517412935324,0.4767827529021559,0.2752902155887231,0.11028192371475953,0.25456053067993367,0.2230514096185738,0.08540630182421227,0.6907131011608624,0.06053067993366501,0.24129353233830847,0.47180762852404645,0.45107794361525705,0.6144278606965174,0.12023217247097844,0.33747927031509123,0.5008291873963516,0.7205638474295191,0.4427860696517413,0.35903814262023215,0.3839137645107794,0.8814262023217247,0.11857379767827529,0.5613598673300166,0.33913764510779437,0.8598673300165838,0.4154228855721393,0.32172470978441126,0.08208955223880597,0.5613598673300166,0.884742951907131,0.4925373134328358,0.3034825870646766,0.3076285240464345,0.3341625207296849,0.3706467661691542,0.05555555555555555,0.25538971807628524,0.9145936981757877,0.24129353233830847,0.3407960199004975,0.3706467661691542,0.4046434494195688,0.5447761194029851,0.35655058043117743,0.42703150912106136,0.5207296849087893,0.35655058043117743,0.29767827529021557,0.2603648424543947,0.5223880597014925,0.45688225538971805,0.41708126036484244,0.23217247097844113,0.5597014925373134,0.24046434494195687,0.8631840796019901,0.4966832504145937,0.3167495854063018,0.44029850746268656,0.4046434494195688,0.4792703150912106,0.560530679933665,0.21227197346600332,0.6832504145936982,0.6907131011608624,0.6061359867330016,0.31923714759535654,0.6160862354892206,0.5149253731343284,0.44776119402985076,0.675787728026534,0.39054726368159204,0.3175787728026534,0.3092868988391376,0.48756218905472637,0.5348258706467661,0.48756218905472637,0.6169154228855721,0.33250414593698174,0.48092868988391374,0.4427860696517413,0.6310116086235489,0.6160862354892206,0.4461028192371476,0.6409618573797679,0.39054726368159204,0.34577114427860695,0.433665008291874,0.5041459369817579,0.8731343283582089,0.7976782752902156,0.5920398009950248,0.7835820895522388,0.8698175787728026,0.3275290215588723,0.3208955223880597,0.3018242122719735,0.24461028192371476,0.22719734660033167,0.2570480928689884,0.27611940298507465,0.2960199004975124,0.24129353233830847,0.26533996683250416,0.42039800995024873,0.6616915422885572,0.5016583747927031,0.40630182421227196,0.39054726368159204,0.6376451077943616,0.3034825870646766,0.26533996683250416,0.7388059701492538,0.25538971807628524,0.48092868988391374,0.7918739635157546,0.3034825870646766,0.6616915422885572,0.33250414593698174,0.2777777777777778,0.33167495854063017,0.9145936981757877,0.6169154228855721,0.5016583747927031,0.8839137645107794,0.3175787728026534,0.9245439469320066,0.8441127694859039,0.3092868988391376,0.14759535655058043,0.0912106135986733,0.6907131011608624,0.31343283582089554,0.28441127694859036,0.48756218905472637,0.4427860696517413,0.09535655058043117,0.7860696517412935,0.33747927031509123,0.27611940298507465,0.32338308457711445,0.48756218905472637,0.7263681592039801,0.3101160862354892,0.5348258706467661,0.24958540630182421
92,201147,Corey Brewer,32,72,2018,2614,OKC,1610612760,32.0,81.0,186.0,Florida,USA,2007,1,7,46.21270084162204,5.432287681713849,12.08875286916603,1.1859219586840093,4.208110175975516,2.486610558530987,3.442999234889059,1.6449885233358836,4.2463657230298395,5.891354246365723,2.486610558530987,1.874521805661821,3.0221882172915073,0.5355776587605203,0.9563886763580719,5.31752104055088,3.442999234889059,14.537107880642694,-2.1423106350420813,0.0,0.0,0.07651109410864575,3.9403213465952565,4.131599081866871,4.131599081866871,-0.07651109410864575,4.131599081866871,4.016832440703902,3.2899770466717673,0.4973221117061974,4.016832440703902,3.9403213465952565,-0.07651109410864575,-0.07651109410864575,3.9403213465952565,4.016832440703902,0.1530221882172915,0.03825554705432287,0.19127773527161437,1.0711553175210407,0.19127773527161437,0.4590665646518745,0.38255547054322875,6.618209640397858,0.4973221117061974,0.8798775822494261,1.7214996174445294,0.11476664116296863,3.8638102524866107,0.9563886763580719,1.3006885998469777,0.0,3.0221882172915073,0.22953328232593725,0.0,0.0,0.0,0.0,0.0,0.26778882938026016,0.0,0.7651109410864575,0.0,3.9020657995409334,0.11476664116296863,0.19127773527161437,1.0711553175210407,0.03825554705432287,0.1530221882172915,0.0,0.1530221882172915,0.0,0.4973221117061974,0.0,0.0,0.19127773527161437,3.2899770466717673,0.0,0.0,0.0,6.885998469778118,5.011476664116297,2.8309104820198927,0.306044376434583,28.423871461361898,28.423871461361898,0.07651109410864575,6.159143075745983,0.19127773527161437,0.26778882938026016,1.0711553175210407,1.3006885998469777,4.2463657230298395,2.3335883703136955,0.19127773527161437,0.22953328232593725,0.38255547054322875,2.218821729150727,44.68247895944912,0.03825554705432287,14.537107880642694,1.4537107880642692,0.03825554705432287,2.9074215761285385,28.117827084927313,1.0328997704667178,0.03825554705432287,0.0,0.0,0.0,0.0,0.7268553940321346,0.26778882938026016,4.475899005355776,0.07651109410864575,5.31752104055088,0.38255547054322875,0.8033664881407804,1.1094108645753635,0.306044376434583,1.3389441469013006,12.547819433817903,0.8033664881407804,3.366488140780413,7.421576128538638,0.5355776587605203,0.0,0.0,0.0,0.8033664881407804,0.8033664881407804,0.0,1.4154552410099464,1.4154552410099464,0.0,1.7214996174445294,0.0,0.306044376434583,3.481254781943382,0.0,1.6832440703902065,3.175210405508799,0.0,0.03825554705432287,0.0,1.7597551644988523,1.874521805661821,0.5738332058148432,0.0,1.3771996939556235,1.9510328997704667,0.0,3.6342769701606734,0.4590665646518745,0.38255547054322875,0.9563886763580719,0.5738332058148432,0.0,2.6013771996939554,0.0,2.1423106350420813,0.0,0.38255547054322875,0.34429992348890587,0.8033664881407804,0.19127773527161437,0.0,1.9510328997704667,0.5355776587605203,0.0,3.5577658760520277,2.0275439938791124,3.2517214996174446,0.0,1.1859219586840093,3.8255547054322876,3.8638102524866107,1.1859219586840093,34.12394797245601,0.8033664881407804,0.0,3.8638102524866107,2.5631216526396328,17921.882172915073,0.0,1.6832440703902065,0.0,1.7597551644988523,1.5684774292272379,0.0,2.180566182096404,1.7980107115531752,0.0,3.366488140780413,0.38255547054322875,3.366488140780413,0.1530221882172915,0.26778882938026016,0.306044376434583,0.03825554705432287,0.38255547054322875,0.34429992348890587,1.0711553175210407,1.6449885233358836,6.159143075745983,0.1530221882172915,10.022953328232594,4.2463657230298395,0.0,44.68247895944912,0.8033664881407804,2.3718439173680186,7.421576128538638,0.5355776587605203,0.1530221882172915,22.5707727620505,4.858454475899006,0.0,0.0,1.1094108645753635,0.1530221882172915,5.891354246365723,0.8033664881407804,0.42081101759755163,1.9510328997704667,5.31752104055088,1.2624330527926548,6.235654169854629,1.3389441469013006,0.03825554705432287,3.5577658760520277,12.394797245600612,4.934965570007651,0.7268553940321346,0.0,0.7268553940321346,0.0,0.07651109410864575,3.8255547054322876,0.0,1.7597551644988523,1.6449885233358836,4.475899005355776,12.547819433817903,0.444,0.449,0.282,0.722,10.4,0.06,0.073,0.089,10.4,0.534,0.498,0.139,0.033,0.136,0.5,0.0,0.214,0.316,0.584,0.289,0.353,0.217,0.1,0.087,0.55,0.5,0.306,0.063,0.045,0.483,0.054,0.47,0.326,0.309,0.572,0.189,0.634,0.502,0.314,0.227,0.568,0.568,0.0,0.568,0.495,0.5,0.53,0.125,0.735,0.616,0.326,0.537,0.833,0.368,0.268,0.478,0.238,0.0,0.238,0.333,0.307,0.476,0.0,0.498,0.624,0.603,0.31,0.46,0.892,0.0,0.0,0.485,0.0,0.314,0.037,0.0,0.549,0.502,0.313,0.0,0.479,0.634,0.62,0.441,0.47,1.0,0.367,0.326,0.455,0.382,0.565,0.448,0.263,0.189,0.227,0.521,0.687,0.0,0.108,0.825,0.309,0.175,0.5,0.572,0.62,0.1583747927031509,0.2810945273631841,0.2462686567164179,0.3888888888888889,0.38225538971807627,0.49336650082918737,0.49502487562189057,0.5696517412935324,0.2512437810945274,0.3524046434494196,0.32587064676616917,0.3142620232172471,0.906301824212272,0.44029850746268656,0.5597014925373134,0.7437810945273632,0.5398009950248757,0.291044776119403,0.44859038142620233,0.31260364842454397,0.47512437810945274,0.3524046434494196,0.45356550580431176,0.45107794361525705,0.45107794361525705,0.43532338308457713,0.45107794361525705,0.4502487562189055,0.4552238805970149,0.4054726368159204,0.4502487562189055,0.4552238805970149,0.43532338308457713,0.44029850746268656,0.45356550580431176,0.4519071310116086,0.1583747927031509,0.49834162520729686,0.2131011608623549,0.25456053067993367,0.23134328358208955,0.8034825870646766,0.1550580431177446,0.6890547263681592,0.8300165837479271,0.20315091210613598,0.8930348258706468,0.8565505804311775,0.6791044776119403,0.8233830845771144,0.8532338308457711,0.4966832504145937,0.8897180762852405,0.2860696517412935,0.13681592039800994,0.4867330016583748,0.4966832504145937,0.4917081260364842,0.48756218905472637,0.2230514096185738,0.4925373134328358,0.2562189054726368,0.4925373134328358,0.6658374792703151,0.31260364842454397,0.8980099502487562,0.5713101160862355,0.6708126036484245,0.25290215588723053,0.4286898839137645,0.18325041459369817,0.48839137645107794,0.2131011608623549,0.49834162520729686,0.49917081260364843,0.30265339966832505,0.6343283582089553,0.49336650082918737,0.42371475953565507,0.4925373134328358,0.6724709784411277,0.36069651741293535,0.3275290215588723,0.763681592039801,0.09535655058043117,0.08374792703150911,0.21144278606965175,0.3275290215588723,0.3723051409618574,0.43532338308457713,0.49834162520729686,0.48009950248756217,0.4286898839137645,0.4684908789386401,0.4187396351575456,0.42703150912106136,0.42371475953565507,0.46683250414593697,0.08540630182421227,0.21144278606965175,0.2943615257048093,0.1799336650082919,0.533167495854063,0.5381426202321725,0.09535655058043117,0.4361525704809287,0.32172470978441126,0.4792703150912106,0.43781094527363185,0.49917081260364843,0.4734660033167496,0.4925373134328358,0.5016583747927031,0.3407960199004975,0.3706467661691542,0.5613598673300166,0.5132669983416253,0.3839137645107794,0.7205638474295191,0.5066334991708126,0.4154228855721393,0.3706467661691542,0.4286898839137645,0.23797678275290216,0.24129353233830847,0.47180762852404645,0.4461028192371476,0.5,0.3540630182421227,0.533167495854063,0.5248756218905473,0.5,0.48175787728026537,0.49502487562189057,0.5008291873963516,0.2810945273631841,0.49502487562189057,0.5679933665008292,0.27114427860696516,0.49585406301824214,0.3142620232172471,0.3009950248756219,0.5,0.5265339966832504,0.49917081260364843,0.5265339966832504,0.45688225538971805,0.5613598673300166,0.5,0.6525704809286899,0.6044776119402985,0.4975124378109453,0.478441127694859,0.28689883913764513,0.44029850746268656,0.3043117744610282,0.3474295190713101,0.49585406301824214,0.29270315091210614,0.5,0.36069651741293535,0.49834162520729686,0.26616915422885573,0.44029850746268656,0.2877280265339967,0.27114427860696516,0.22719734660033167,0.49834162520729686,0.45356550580431176,0.25538971807628524,0.4021558872305141,0.13349917081260365,0.11857379767827529,0.5008291873963516,0.4651741293532338,0.48839137645107794,0.4154228855721393,0.38474295190713104,0.3308457711442786,0.4286898839137645,0.5008291873963516,0.0472636815920398,0.9029850746268657,0.38723051409618575,0.5008291873963516,0.8565505804311775,0.33167495854063017,0.05555555555555555,0.23466003316749584,0.26533996683250416,0.3275290215588723,0.28441127694859036,0.3034825870646766,0.4386401326699834,0.5132669983416253,0.23797678275290216,0.4759535655058043,0.5016583747927031,0.5066334991708126,0.4320066334991708,0.5398009950248757,0.32587064676616917,0.06218905472636816,0.5696517412935324,0.4767827529021559,0.2752902155887231,0.11028192371475953,0.25456053067993367,0.2230514096185738,0.08540630182421227,0.6907131011608624,0.1318407960199005,0.24129353233830847,0.47180762852404645,0.45107794361525705,0.6144278606965174,0.12023217247097844,0.33747927031509123,0.5008291873963516,0.7205638474295191,0.4427860696517413,0.35903814262023215,0.3839137645107794,0.8814262023217247,0.05555555555555555,0.5613598673300166,0.33913764510779437,0.8598673300165838,0.4154228855721393,0.32172470978441126,0.08208955223880597,0.5613598673300166,0.884742951907131,0.4925373134328358,0.3034825870646766,0.3076285240464345,0.3341625207296849,0.3706467661691542,0.11857379767827529,0.25538971807628524,0.9145936981757877,0.24129353233830847,0.3407960199004975,0.3706467661691542,0.4046434494195688,0.5447761194029851,0.35655058043117743,0.42703150912106136,0.5207296849087893,0.35655058043117743,0.29767827529021557,0.2603648424543947,0.5223880597014925,0.45688225538971805,0.41708126036484244,0.23217247097844113,0.5597014925373134,0.24046434494195687,0.8631840796019901,0.4966832504145937,0.3167495854063018,0.44029850746268656,0.4046434494195688,0.4792703150912106,0.560530679933665,0.21227197346600332,0.6832504145936982,0.6907131011608624,0.6061359867330016,0.31923714759535654,0.6160862354892206,0.5149253731343284,0.44776119402985076,0.675787728026534,0.39054726368159204,0.3175787728026534,0.3092868988391376,0.48756218905472637,0.5348258706467661,0.48756218905472637,0.6169154228855721,0.33250414593698174,0.48092868988391374,0.4427860696517413,0.6310116086235489,0.6160862354892206,0.4461028192371476,0.6409618573797679,0.39054726368159204,0.34577114427860695,0.433665008291874,0.5041459369817579,0.8731343283582089,0.7976782752902156,0.5920398009950248,0.7835820895522388,0.8698175787728026,0.3275290215588723,0.3208955223880597,0.3018242122719735,0.24461028192371476,0.22719734660033167,0.2570480928689884,0.27611940298507465,0.2960199004975124,0.24129353233830847,0.26533996683250416,0.42039800995024873,0.6616915422885572,0.5016583747927031,0.40630182421227196,0.39054726368159204,0.6376451077943616,0.3034825870646766,0.26533996683250416,0.7388059701492538,0.25538971807628524,0.48092868988391374,0.7918739635157546,0.3034825870646766,0.2512437810945274,0.33250414593698174,0.2777777777777778,0.33167495854063017,0.9145936981757877,0.6169154228855721,0.9046434494195689,0.8839137645107794,0.3175787728026534,0.9245439469320066,0.8441127694859039,0.3092868988391376,0.14759535655058043,0.19734660033167495,0.5422885572139303,0.31343283582089554,0.09286898839137644,0.48756218905472637,0.4427860696517413,0.09535655058043117,0.7860696517412935,0.33747927031509123,0.27611940298507465,0.32338308457711445,0.48756218905472637,0.7263681592039801,0.3101160862354892,0.5348258706467661,0.8159203980099502
93,201147,Corey Brewer,32,72,2018,2614,OKC,1610612760,32.0,81.0,186.0,Florida,USA,2007,1,7,46.21270084162204,5.432287681713849,12.08875286916603,1.1859219586840093,4.208110175975516,2.486610558530987,3.442999234889059,1.6449885233358836,4.2463657230298395,5.891354246365723,2.486610558530987,1.874521805661821,3.0221882172915073,0.5355776587605203,0.9563886763580719,5.31752104055088,3.442999234889059,14.537107880642694,-2.1423106350420813,0.0,0.0,0.07651109410864575,3.9403213465952565,4.131599081866871,4.131599081866871,-0.07651109410864575,4.131599081866871,4.016832440703902,3.2899770466717673,0.4973221117061974,4.016832440703902,3.9403213465952565,-0.07651109410864575,-0.07651109410864575,3.9403213465952565,4.016832440703902,0.1530221882172915,0.03825554705432287,0.19127773527161437,1.0711553175210407,0.19127773527161437,0.4590665646518745,0.38255547054322875,6.618209640397858,0.4973221117061974,0.8798775822494261,1.7214996174445294,0.11476664116296863,3.8638102524866107,0.9563886763580719,1.3006885998469777,0.0,3.0221882172915073,0.22953328232593725,0.0,0.0,0.0,0.0,0.0,0.26778882938026016,0.0,0.7651109410864575,0.0,3.9020657995409334,0.11476664116296863,0.19127773527161437,1.0711553175210407,0.03825554705432287,0.1530221882172915,0.0,0.1530221882172915,0.0,0.4973221117061974,0.0,0.0,0.19127773527161437,3.2899770466717673,0.0,0.0,0.0,6.885998469778118,5.011476664116297,2.8309104820198927,0.306044376434583,28.423871461361898,28.423871461361898,0.07651109410864575,6.159143075745983,0.19127773527161437,0.26778882938026016,1.0711553175210407,1.3006885998469777,4.2463657230298395,2.3335883703136955,0.19127773527161437,0.22953328232593725,0.38255547054322875,2.218821729150727,44.68247895944912,0.03825554705432287,14.537107880642694,1.4537107880642692,0.03825554705432287,2.9074215761285385,28.117827084927313,1.0328997704667178,0.03825554705432287,0.0,0.0,0.0,0.0,0.7268553940321346,0.26778882938026016,4.475899005355776,0.07651109410864575,5.31752104055088,0.38255547054322875,0.8033664881407804,1.1094108645753635,0.306044376434583,1.3389441469013006,12.547819433817903,0.8033664881407804,3.366488140780413,7.421576128538638,0.5355776587605203,0.0,0.0,0.0,0.8033664881407804,0.8033664881407804,0.0,1.4154552410099464,1.4154552410099464,0.0,1.7214996174445294,0.0,0.306044376434583,3.481254781943382,0.0,1.6832440703902065,3.175210405508799,0.0,0.03825554705432287,0.0,1.7597551644988523,1.874521805661821,0.5738332058148432,0.0,1.3771996939556235,1.9510328997704667,0.0,3.6342769701606734,0.4590665646518745,0.38255547054322875,0.9563886763580719,0.5738332058148432,0.0,2.6013771996939554,0.0,2.1423106350420813,0.0,0.38255547054322875,0.34429992348890587,0.8033664881407804,0.19127773527161437,0.0,1.9510328997704667,0.5355776587605203,0.0,3.5577658760520277,2.0275439938791124,3.2517214996174446,0.0,1.1859219586840093,3.8255547054322876,3.8638102524866107,1.1859219586840093,34.12394797245601,0.8033664881407804,0.0,3.8638102524866107,2.5631216526396328,17921.882172915073,0.0,1.6832440703902065,0.0,1.7597551644988523,1.5684774292272379,0.0,2.180566182096404,1.7980107115531752,0.0,3.366488140780413,0.38255547054322875,3.366488140780413,0.1530221882172915,0.26778882938026016,0.306044376434583,0.03825554705432287,0.38255547054322875,0.34429992348890587,1.0711553175210407,1.6449885233358836,6.159143075745983,0.1530221882172915,10.022953328232594,4.2463657230298395,0.0,44.68247895944912,0.8033664881407804,1.3006885998469777,7.421576128538638,0.5355776587605203,0.1530221882172915,22.5707727620505,4.858454475899006,0.0,0.0,1.1094108645753635,0.1530221882172915,5.891354246365723,0.8033664881407804,0.42081101759755163,1.9510328997704667,5.31752104055088,1.2624330527926548,6.235654169854629,1.3389441469013006,0.03825554705432287,3.5577658760520277,12.394797245600612,4.934965570007651,0.7268553940321346,0.0,0.7268553940321346,0.0,0.07651109410864575,2.5248661055853097,0.0,1.7597551644988523,1.6449885233358836,4.475899005355776,12.547819433817903,0.444,0.449,0.282,0.722,10.4,0.06,0.073,0.089,10.4,0.534,0.498,0.139,0.033,0.136,0.5,0.0,0.214,0.316,0.584,0.289,0.353,0.217,0.1,0.087,0.55,0.5,0.306,0.063,0.045,0.483,0.054,0.47,0.326,0.309,0.572,0.189,0.634,0.502,0.314,0.227,0.568,0.568,0.0,0.568,0.495,0.5,0.53,0.125,0.735,0.616,0.326,0.537,0.833,0.368,0.268,0.478,0.238,0.0,0.238,0.333,0.307,0.476,0.0,0.498,0.624,0.603,0.31,0.46,0.892,0.0,0.0,0.485,0.0,0.314,0.037,0.0,0.549,0.502,0.313,0.0,0.479,0.634,0.62,0.441,0.47,1.0,0.367,0.326,0.455,0.34,0.569,0.448,0.263,0.189,0.227,0.521,0.687,0.0,0.108,0.825,0.309,0.175,0.5,0.572,0.515,0.1583747927031509,0.2810945273631841,0.2462686567164179,0.3888888888888889,0.38225538971807627,0.49336650082918737,0.49502487562189057,0.5696517412935324,0.2512437810945274,0.3524046434494196,0.32587064676616917,0.3142620232172471,0.906301824212272,0.44029850746268656,0.5597014925373134,0.7437810945273632,0.5398009950248757,0.291044776119403,0.44859038142620233,0.31260364842454397,0.47512437810945274,0.3524046434494196,0.45356550580431176,0.45107794361525705,0.45107794361525705,0.43532338308457713,0.45107794361525705,0.4502487562189055,0.4552238805970149,0.4054726368159204,0.4502487562189055,0.4552238805970149,0.43532338308457713,0.44029850746268656,0.45356550580431176,0.4519071310116086,0.1583747927031509,0.49834162520729686,0.2131011608623549,0.25456053067993367,0.23134328358208955,0.8034825870646766,0.1550580431177446,0.6890547263681592,0.8300165837479271,0.20315091210613598,0.8930348258706468,0.8565505804311775,0.6791044776119403,0.8233830845771144,0.8532338308457711,0.4966832504145937,0.8897180762852405,0.2860696517412935,0.13681592039800994,0.4867330016583748,0.4966832504145937,0.4917081260364842,0.48756218905472637,0.2230514096185738,0.4925373134328358,0.2562189054726368,0.4925373134328358,0.6658374792703151,0.31260364842454397,0.8980099502487562,0.5713101160862355,0.6708126036484245,0.25290215588723053,0.4286898839137645,0.18325041459369817,0.48839137645107794,0.2131011608623549,0.49834162520729686,0.49917081260364843,0.30265339966832505,0.6343283582089553,0.49336650082918737,0.42371475953565507,0.4925373134328358,0.6724709784411277,0.36069651741293535,0.3275290215588723,0.763681592039801,0.09535655058043117,0.08374792703150911,0.21144278606965175,0.3275290215588723,0.3723051409618574,0.43532338308457713,0.49834162520729686,0.48009950248756217,0.4286898839137645,0.4684908789386401,0.4187396351575456,0.42703150912106136,0.42371475953565507,0.46683250414593697,0.08540630182421227,0.21144278606965175,0.2943615257048093,0.1799336650082919,0.533167495854063,0.5381426202321725,0.09535655058043117,0.4361525704809287,0.32172470978441126,0.4792703150912106,0.43781094527363185,0.49917081260364843,0.4734660033167496,0.4925373134328358,0.5016583747927031,0.3407960199004975,0.3706467661691542,0.5613598673300166,0.5132669983416253,0.3839137645107794,0.7205638474295191,0.5066334991708126,0.4154228855721393,0.3706467661691542,0.4286898839137645,0.23797678275290216,0.24129353233830847,0.47180762852404645,0.4461028192371476,0.5,0.3540630182421227,0.533167495854063,0.5248756218905473,0.5,0.48175787728026537,0.49502487562189057,0.5008291873963516,0.2810945273631841,0.49502487562189057,0.5679933665008292,0.27114427860696516,0.49585406301824214,0.3142620232172471,0.3009950248756219,0.5,0.5265339966832504,0.49917081260364843,0.5265339966832504,0.45688225538971805,0.5613598673300166,0.5,0.6525704809286899,0.6044776119402985,0.4975124378109453,0.478441127694859,0.28689883913764513,0.44029850746268656,0.3043117744610282,0.3474295190713101,0.49585406301824214,0.29270315091210614,0.5,0.36069651741293535,0.49834162520729686,0.26616915422885573,0.44029850746268656,0.2877280265339967,0.27114427860696516,0.22719734660033167,0.49834162520729686,0.45356550580431176,0.25538971807628524,0.4021558872305141,0.13349917081260365,0.11857379767827529,0.5008291873963516,0.4651741293532338,0.48839137645107794,0.4154228855721393,0.38474295190713104,0.3308457711442786,0.4286898839137645,0.5008291873963516,0.0472636815920398,0.9029850746268657,0.38723051409618575,0.5008291873963516,0.8565505804311775,0.33167495854063017,0.05555555555555555,0.23466003316749584,0.26533996683250416,0.3275290215588723,0.28441127694859036,0.3034825870646766,0.4386401326699834,0.5132669983416253,0.23797678275290216,0.4759535655058043,0.5016583747927031,0.5066334991708126,0.4320066334991708,0.5398009950248757,0.32587064676616917,0.06218905472636816,0.5696517412935324,0.4767827529021559,0.2752902155887231,0.11028192371475953,0.25456053067993367,0.2230514096185738,0.08540630182421227,0.6907131011608624,0.06053067993366501,0.24129353233830847,0.47180762852404645,0.45107794361525705,0.6144278606965174,0.12023217247097844,0.33747927031509123,0.5008291873963516,0.7205638474295191,0.4427860696517413,0.35903814262023215,0.3839137645107794,0.8814262023217247,0.05555555555555555,0.5613598673300166,0.33913764510779437,0.8598673300165838,0.4154228855721393,0.32172470978441126,0.08208955223880597,0.5613598673300166,0.884742951907131,0.4925373134328358,0.3034825870646766,0.3076285240464345,0.3341625207296849,0.3706467661691542,0.05555555555555555,0.25538971807628524,0.9145936981757877,0.24129353233830847,0.3407960199004975,0.3706467661691542,0.4046434494195688,0.5447761194029851,0.35655058043117743,0.42703150912106136,0.5207296849087893,0.35655058043117743,0.29767827529021557,0.2603648424543947,0.5223880597014925,0.45688225538971805,0.41708126036484244,0.23217247097844113,0.5597014925373134,0.24046434494195687,0.8631840796019901,0.4966832504145937,0.3167495854063018,0.44029850746268656,0.4046434494195688,0.4792703150912106,0.560530679933665,0.21227197346600332,0.6832504145936982,0.6907131011608624,0.6061359867330016,0.31923714759535654,0.6160862354892206,0.5149253731343284,0.44776119402985076,0.675787728026534,0.39054726368159204,0.3175787728026534,0.3092868988391376,0.48756218905472637,0.5348258706467661,0.48756218905472637,0.6169154228855721,0.33250414593698174,0.48092868988391374,0.4427860696517413,0.6310116086235489,0.6160862354892206,0.4461028192371476,0.6409618573797679,0.39054726368159204,0.34577114427860695,0.433665008291874,0.5041459369817579,0.8731343283582089,0.7976782752902156,0.5920398009950248,0.7835820895522388,0.8698175787728026,0.3275290215588723,0.3208955223880597,0.3018242122719735,0.24461028192371476,0.22719734660033167,0.2570480928689884,0.27611940298507465,0.2960199004975124,0.24129353233830847,0.26533996683250416,0.42039800995024873,0.6616915422885572,0.5016583747927031,0.40630182421227196,0.39054726368159204,0.6376451077943616,0.3034825870646766,0.26533996683250416,0.7388059701492538,0.25538971807628524,0.48092868988391374,0.7918739635157546,0.3034825870646766,0.2512437810945274,0.33250414593698174,0.2777777777777778,0.33167495854063017,0.9145936981757877,0.6169154228855721,0.9046434494195689,0.8839137645107794,0.3175787728026534,0.9245439469320066,0.8441127694859039,0.3092868988391376,0.14759535655058043,0.0912106135986733,0.6907131011608624,0.31343283582089554,0.09286898839137644,0.48756218905472637,0.4427860696517413,0.09535655058043117,0.7860696517412935,0.33747927031509123,0.27611940298507465,0.32338308457711445,0.48756218905472637,0.7263681592039801,0.3101160862354892,0.5348258706467661,0.24958540630182421
94,201147,Corey Brewer,32,72,2018,2614,OKC,1610612760,32.0,81.0,186.0,Florida,USA,2007,1,7,46.21270084162204,5.432287681713849,12.08875286916603,1.1859219586840093,4.208110175975516,2.486610558530987,3.442999234889059,1.6449885233358836,4.2463657230298395,5.891354246365723,2.486610558530987,1.874521805661821,3.0221882172915073,0.5355776587605203,0.9563886763580719,5.31752104055088,3.442999234889059,14.537107880642694,-2.1423106350420813,0.0,0.0,0.07651109410864575,3.9403213465952565,4.131599081866871,4.131599081866871,-0.07651109410864575,4.131599081866871,4.016832440703902,3.2899770466717673,0.4973221117061974,4.016832440703902,3.9403213465952565,-0.07651109410864575,-0.07651109410864575,3.9403213465952565,4.016832440703902,0.1530221882172915,0.03825554705432287,0.19127773527161437,1.0711553175210407,0.19127773527161437,0.4590665646518745,0.38255547054322875,6.618209640397858,0.4973221117061974,0.8798775822494261,1.7214996174445294,0.11476664116296863,3.8638102524866107,0.9563886763580719,1.3006885998469777,0.0,3.0221882172915073,0.22953328232593725,0.0,0.0,0.0,0.0,0.0,0.26778882938026016,0.0,0.7651109410864575,0.0,3.9020657995409334,0.11476664116296863,0.19127773527161437,1.0711553175210407,0.03825554705432287,0.1530221882172915,0.0,0.1530221882172915,0.0,0.4973221117061974,0.0,0.0,0.19127773527161437,3.2899770466717673,0.0,0.0,0.0,6.885998469778118,5.011476664116297,2.8309104820198927,0.306044376434583,28.423871461361898,28.423871461361898,0.07651109410864575,6.159143075745983,0.19127773527161437,0.26778882938026016,1.0711553175210407,1.3006885998469777,4.2463657230298395,2.3335883703136955,0.19127773527161437,0.22953328232593725,0.38255547054322875,2.218821729150727,44.68247895944912,0.03825554705432287,14.537107880642694,1.4537107880642692,0.03825554705432287,2.9074215761285385,28.117827084927313,1.0328997704667178,0.03825554705432287,0.0,0.0,0.0,0.0,0.7268553940321346,0.26778882938026016,4.475899005355776,0.07651109410864575,5.31752104055088,0.38255547054322875,0.8033664881407804,1.1094108645753635,0.306044376434583,1.3389441469013006,12.547819433817903,0.8033664881407804,3.366488140780413,7.421576128538638,0.5355776587605203,0.0,0.0,0.0,0.8033664881407804,0.8033664881407804,0.0,1.4154552410099464,1.4154552410099464,0.0,1.7214996174445294,0.0,0.306044376434583,3.481254781943382,0.0,1.6832440703902065,3.175210405508799,0.0,0.03825554705432287,0.0,1.7597551644988523,1.874521805661821,0.5738332058148432,0.0,1.3771996939556235,1.9510328997704667,0.0,3.6342769701606734,0.4590665646518745,0.38255547054322875,0.9563886763580719,0.5738332058148432,0.0,2.6013771996939554,0.0,2.1423106350420813,0.0,0.38255547054322875,0.34429992348890587,0.8033664881407804,0.19127773527161437,0.0,1.9510328997704667,0.5355776587605203,0.0,3.5577658760520277,2.0275439938791124,3.2517214996174446,0.0,1.1859219586840093,3.8255547054322876,3.8638102524866107,1.1859219586840093,34.12394797245601,0.8033664881407804,0.0,5.929609793420046,2.5631216526396328,17921.882172915073,0.0,1.6832440703902065,0.0,3.366488140780413,1.4919663351185921,0.0,2.180566182096404,1.7980107115531752,0.0,3.366488140780413,0.38255547054322875,3.366488140780413,0.1530221882172915,0.26778882938026016,0.306044376434583,0.03825554705432287,0.38255547054322875,0.34429992348890587,2.0275439938791124,1.6449885233358836,6.159143075745983,0.1530221882172915,7.421576128538638,4.2463657230298395,0.0,44.68247895944912,0.8033664881407804,2.3718439173680186,7.421576128538638,0.5355776587605203,0.1530221882172915,22.5707727620505,3.3282325937260904,0.0,0.0,1.1094108645753635,0.1530221882172915,5.891354246365723,0.8033664881407804,0.42081101759755163,3.2517214996174446,5.31752104055088,1.2624330527926548,6.235654169854629,1.3389441469013006,0.03825554705432287,4.093343534812548,12.394797245600612,4.934965570007651,0.7268553940321346,0.0,0.7268553940321346,0.0,0.07651109410864575,3.8255547054322876,0.0,1.7597551644988523,1.6449885233358836,4.475899005355776,12.547819433817903,0.444,0.449,0.282,0.722,10.4,0.06,0.073,0.089,10.4,0.534,0.498,0.139,0.033,0.136,0.5,0.0,0.214,0.316,0.584,0.289,0.353,0.217,0.1,0.087,0.55,0.5,0.306,0.063,0.045,0.483,0.054,0.47,0.326,0.309,0.572,0.189,0.634,0.502,0.314,0.227,0.568,0.568,0.0,0.568,0.495,0.5,0.53,0.125,0.735,0.616,0.326,0.537,0.833,0.368,0.268,0.478,0.238,0.0,0.238,0.333,0.307,0.476,0.0,0.498,0.624,0.603,0.31,0.46,0.892,0.0,0.0,0.448,0.0,0.314,-0.001,0.0,0.624,0.502,0.313,0.0,0.408,0.634,0.603,0.364,0.47,1.0,0.358,0.326,0.568,0.382,0.565,0.449,0.324,0.189,0.227,0.592,0.687,0.0,0.108,0.825,0.309,0.175,0.509,0.572,0.62,0.1583747927031509,0.2810945273631841,0.2462686567164179,0.3888888888888889,0.38225538971807627,0.49336650082918737,0.49502487562189057,0.5696517412935324,0.2512437810945274,0.3524046434494196,0.32587064676616917,0.3142620232172471,0.906301824212272,0.44029850746268656,0.5597014925373134,0.7437810945273632,0.5398009950248757,0.291044776119403,0.44859038142620233,0.31260364842454397,0.47512437810945274,0.3524046434494196,0.45356550580431176,0.45107794361525705,0.45107794361525705,0.43532338308457713,0.45107794361525705,0.4502487562189055,0.4552238805970149,0.4054726368159204,0.4502487562189055,0.4552238805970149,0.43532338308457713,0.44029850746268656,0.45356550580431176,0.4519071310116086,0.1583747927031509,0.49834162520729686,0.2131011608623549,0.25456053067993367,0.23134328358208955,0.8034825870646766,0.1550580431177446,0.6890547263681592,0.8300165837479271,0.20315091210613598,0.8930348258706468,0.8565505804311775,0.6791044776119403,0.8233830845771144,0.8532338308457711,0.4966832504145937,0.8897180762852405,0.2860696517412935,0.13681592039800994,0.4867330016583748,0.4966832504145937,0.4917081260364842,0.48756218905472637,0.2230514096185738,0.4925373134328358,0.2562189054726368,0.4925373134328358,0.6658374792703151,0.31260364842454397,0.8980099502487562,0.5713101160862355,0.6708126036484245,0.25290215588723053,0.4286898839137645,0.18325041459369817,0.48839137645107794,0.2131011608623549,0.49834162520729686,0.49917081260364843,0.30265339966832505,0.6343283582089553,0.49336650082918737,0.42371475953565507,0.4925373134328358,0.6724709784411277,0.36069651741293535,0.3275290215588723,0.763681592039801,0.09535655058043117,0.08374792703150911,0.21144278606965175,0.3275290215588723,0.3723051409618574,0.43532338308457713,0.49834162520729686,0.48009950248756217,0.4286898839137645,0.4684908789386401,0.4187396351575456,0.42703150912106136,0.42371475953565507,0.46683250414593697,0.08540630182421227,0.21144278606965175,0.2943615257048093,0.1799336650082919,0.533167495854063,0.5381426202321725,0.09535655058043117,0.4361525704809287,0.32172470978441126,0.4792703150912106,0.43781094527363185,0.49917081260364843,0.4734660033167496,0.4925373134328358,0.5016583747927031,0.3407960199004975,0.3706467661691542,0.5613598673300166,0.5132669983416253,0.3839137645107794,0.7205638474295191,0.5066334991708126,0.4154228855721393,0.3706467661691542,0.4286898839137645,0.23797678275290216,0.24129353233830847,0.47180762852404645,0.4461028192371476,0.5,0.3540630182421227,0.533167495854063,0.5248756218905473,0.5,0.48175787728026537,0.49502487562189057,0.5008291873963516,0.2810945273631841,0.49502487562189057,0.5679933665008292,0.27114427860696516,0.49585406301824214,0.3142620232172471,0.3009950248756219,0.5,0.5265339966832504,0.49917081260364843,0.5265339966832504,0.45688225538971805,0.5613598673300166,0.5,0.6525704809286899,0.6044776119402985,0.4975124378109453,0.478441127694859,0.28689883913764513,0.44029850746268656,0.3043117744610282,0.3474295190713101,0.49585406301824214,0.29270315091210614,0.5,0.36069651741293535,0.49834162520729686,0.26616915422885573,0.44029850746268656,0.2877280265339967,0.27114427860696516,0.22719734660033167,0.49834162520729686,0.45356550580431176,0.25538971807628524,0.4021558872305141,0.13349917081260365,0.11857379767827529,0.5008291873963516,0.4651741293532338,0.48839137645107794,0.4154228855721393,0.38474295190713104,0.3308457711442786,0.4286898839137645,0.5008291873963516,0.10862354892205639,0.9029850746268657,0.38723051409618575,0.5008291873963516,0.8565505804311775,0.33167495854063017,0.13018242122719734,0.16169154228855723,0.26533996683250416,0.3275290215588723,0.28441127694859036,0.3034825870646766,0.4386401326699834,0.5132669983416253,0.23797678275290216,0.4759535655058043,0.5016583747927031,0.5066334991708126,0.4320066334991708,0.5398009950248757,0.32587064676616917,0.13349917081260365,0.5696517412935324,0.4767827529021559,0.2752902155887231,0.04228855721393035,0.25456053067993367,0.2230514096185738,0.08540630182421227,0.6907131011608624,0.1318407960199005,0.24129353233830847,0.47180762852404645,0.45107794361525705,0.6144278606965174,0.0472636815920398,0.33747927031509123,0.5008291873963516,0.7205638474295191,0.4427860696517413,0.35903814262023215,0.3839137645107794,0.8814262023217247,0.11857379767827529,0.5613598673300166,0.33913764510779437,0.8598673300165838,0.4154228855721393,0.32172470978441126,0.16500829187396351,0.5613598673300166,0.884742951907131,0.4925373134328358,0.3034825870646766,0.3076285240464345,0.3341625207296849,0.3706467661691542,0.11857379767827529,0.25538971807628524,0.9145936981757877,0.24129353233830847,0.3407960199004975,0.3706467661691542,0.4046434494195688,0.5447761194029851,0.35655058043117743,0.42703150912106136,0.5207296849087893,0.35655058043117743,0.29767827529021557,0.2603648424543947,0.5223880597014925,0.45688225538971805,0.41708126036484244,0.23217247097844113,0.5597014925373134,0.24046434494195687,0.8631840796019901,0.4966832504145937,0.3167495854063018,0.44029850746268656,0.4046434494195688,0.4792703150912106,0.560530679933665,0.21227197346600332,0.6832504145936982,0.6907131011608624,0.6061359867330016,0.31923714759535654,0.6160862354892206,0.5149253731343284,0.44776119402985076,0.675787728026534,0.39054726368159204,0.3175787728026534,0.3092868988391376,0.48756218905472637,0.5348258706467661,0.48756218905472637,0.6169154228855721,0.33250414593698174,0.48092868988391374,0.4427860696517413,0.6310116086235489,0.6160862354892206,0.4461028192371476,0.6409618573797679,0.39054726368159204,0.34577114427860695,0.433665008291874,0.5041459369817579,0.8731343283582089,0.7976782752902156,0.5920398009950248,0.7835820895522388,0.8698175787728026,0.3275290215588723,0.3208955223880597,0.3018242122719735,0.24461028192371476,0.22719734660033167,0.2570480928689884,0.27611940298507465,0.2960199004975124,0.24129353233830847,0.26533996683250416,0.42039800995024873,0.6616915422885572,0.5016583747927031,0.40630182421227196,0.39054726368159204,0.6376451077943616,0.3034825870646766,0.26533996683250416,0.3482587064676617,0.25538971807628524,0.48092868988391374,0.44029850746268656,0.3034825870646766,0.6616915422885572,0.33250414593698174,0.2777777777777778,0.33167495854063017,0.8126036484245439,0.6169154228855721,0.5016583747927031,0.5049751243781094,0.3175787728026534,0.9245439469320066,0.3706467661691542,0.3092868988391376,0.8590381426202321,0.19734660033167495,0.5422885572139303,0.3888888888888889,0.28441127694859036,0.48756218905472637,0.4427860696517413,0.19734660033167495,0.7860696517412935,0.33747927031509123,0.27611940298507465,0.32338308457711445,0.48756218905472637,0.7263681592039801,0.5796019900497512,0.5348258706467661,0.8159203980099502
95,201147,Corey Brewer,32,72,2018,2614,OKC,1610612760,32.0,81.0,186.0,Florida,USA,2007,1,7,46.21270084162204,5.432287681713849,12.08875286916603,1.1859219586840093,4.208110175975516,2.486610558530987,3.442999234889059,1.6449885233358836,4.2463657230298395,5.891354246365723,2.486610558530987,1.874521805661821,3.0221882172915073,0.5355776587605203,0.9563886763580719,5.31752104055088,3.442999234889059,14.537107880642694,-2.1423106350420813,0.0,0.0,0.07651109410864575,3.9403213465952565,4.131599081866871,4.131599081866871,-0.07651109410864575,4.131599081866871,4.016832440703902,3.2899770466717673,0.4973221117061974,4.016832440703902,3.9403213465952565,-0.07651109410864575,-0.07651109410864575,3.9403213465952565,4.016832440703902,0.1530221882172915,0.03825554705432287,0.19127773527161437,1.0711553175210407,0.19127773527161437,0.4590665646518745,0.38255547054322875,6.618209640397858,0.4973221117061974,0.8798775822494261,1.7214996174445294,0.11476664116296863,3.8638102524866107,0.9563886763580719,1.3006885998469777,0.0,3.0221882172915073,0.22953328232593725,0.0,0.0,0.0,0.0,0.0,0.26778882938026016,0.0,0.7651109410864575,0.0,3.9020657995409334,0.11476664116296863,0.19127773527161437,1.0711553175210407,0.03825554705432287,0.1530221882172915,0.0,0.1530221882172915,0.0,0.4973221117061974,0.0,0.0,0.19127773527161437,3.2899770466717673,0.0,0.0,0.0,6.885998469778118,5.011476664116297,2.8309104820198927,0.306044376434583,28.423871461361898,28.423871461361898,0.07651109410864575,6.159143075745983,0.19127773527161437,0.26778882938026016,1.0711553175210407,1.3006885998469777,4.2463657230298395,2.3335883703136955,0.19127773527161437,0.22953328232593725,0.38255547054322875,2.218821729150727,44.68247895944912,0.03825554705432287,14.537107880642694,1.4537107880642692,0.03825554705432287,2.9074215761285385,28.117827084927313,1.0328997704667178,0.03825554705432287,0.0,0.0,0.0,0.0,0.7268553940321346,0.26778882938026016,4.475899005355776,0.07651109410864575,5.31752104055088,0.38255547054322875,0.8033664881407804,1.1094108645753635,0.306044376434583,1.3389441469013006,12.547819433817903,0.8033664881407804,3.366488140780413,7.421576128538638,0.5355776587605203,0.0,0.0,0.0,0.8033664881407804,0.8033664881407804,0.0,1.4154552410099464,1.4154552410099464,0.0,1.7214996174445294,0.0,0.306044376434583,3.481254781943382,0.0,1.6832440703902065,3.175210405508799,0.0,0.03825554705432287,0.0,1.7597551644988523,1.874521805661821,0.5738332058148432,0.0,1.3771996939556235,1.9510328997704667,0.0,3.6342769701606734,0.4590665646518745,0.38255547054322875,0.9563886763580719,0.5738332058148432,0.0,2.6013771996939554,0.0,2.1423106350420813,0.0,0.38255547054322875,0.34429992348890587,0.8033664881407804,0.19127773527161437,0.0,1.9510328997704667,0.5355776587605203,0.0,3.5577658760520277,2.0275439938791124,3.2517214996174446,0.0,1.1859219586840093,3.8255547054322876,3.8638102524866107,1.1859219586840093,34.12394797245601,0.8033664881407804,0.0,5.929609793420046,2.5631216526396328,17921.882172915073,0.0,1.6832440703902065,0.0,3.366488140780413,1.4919663351185921,0.0,2.180566182096404,1.7980107115531752,0.0,3.366488140780413,0.38255547054322875,3.366488140780413,0.1530221882172915,0.26778882938026016,0.306044376434583,0.03825554705432287,0.38255547054322875,0.34429992348890587,2.0275439938791124,1.6449885233358836,6.159143075745983,0.1530221882172915,7.421576128538638,4.2463657230298395,0.0,44.68247895944912,0.8033664881407804,1.3006885998469777,7.421576128538638,0.5355776587605203,0.1530221882172915,22.5707727620505,3.3282325937260904,0.0,0.0,1.1094108645753635,0.1530221882172915,5.891354246365723,0.8033664881407804,0.42081101759755163,3.2517214996174446,5.31752104055088,1.2624330527926548,6.235654169854629,1.3389441469013006,0.03825554705432287,4.093343534812548,12.394797245600612,4.934965570007651,0.7268553940321346,0.0,0.7268553940321346,0.0,0.07651109410864575,2.5248661055853097,0.0,1.7597551644988523,1.6449885233358836,4.475899005355776,12.547819433817903,0.444,0.449,0.282,0.722,10.4,0.06,0.073,0.089,10.4,0.534,0.498,0.139,0.033,0.136,0.5,0.0,0.214,0.316,0.584,0.289,0.353,0.217,0.1,0.087,0.55,0.5,0.306,0.063,0.045,0.483,0.054,0.47,0.326,0.309,0.572,0.189,0.634,0.502,0.314,0.227,0.568,0.568,0.0,0.568,0.495,0.5,0.53,0.125,0.735,0.616,0.326,0.537,0.833,0.368,0.268,0.478,0.238,0.0,0.238,0.333,0.307,0.476,0.0,0.498,0.624,0.603,0.31,0.46,0.892,0.0,0.0,0.448,0.0,0.314,-0.001,0.0,0.624,0.502,0.313,0.0,0.408,0.634,0.603,0.364,0.47,1.0,0.358,0.326,0.568,0.34,0.569,0.449,0.324,0.189,0.227,0.592,0.687,0.0,0.108,0.825,0.309,0.175,0.509,0.572,0.515,0.1583747927031509,0.2810945273631841,0.2462686567164179,0.3888888888888889,0.38225538971807627,0.49336650082918737,0.49502487562189057,0.5696517412935324,0.2512437810945274,0.3524046434494196,0.32587064676616917,0.3142620232172471,0.906301824212272,0.44029850746268656,0.5597014925373134,0.7437810945273632,0.5398009950248757,0.291044776119403,0.44859038142620233,0.31260364842454397,0.47512437810945274,0.3524046434494196,0.45356550580431176,0.45107794361525705,0.45107794361525705,0.43532338308457713,0.45107794361525705,0.4502487562189055,0.4552238805970149,0.4054726368159204,0.4502487562189055,0.4552238805970149,0.43532338308457713,0.44029850746268656,0.45356550580431176,0.4519071310116086,0.1583747927031509,0.49834162520729686,0.2131011608623549,0.25456053067993367,0.23134328358208955,0.8034825870646766,0.1550580431177446,0.6890547263681592,0.8300165837479271,0.20315091210613598,0.8930348258706468,0.8565505804311775,0.6791044776119403,0.8233830845771144,0.8532338308457711,0.4966832504145937,0.8897180762852405,0.2860696517412935,0.13681592039800994,0.4867330016583748,0.4966832504145937,0.4917081260364842,0.48756218905472637,0.2230514096185738,0.4925373134328358,0.2562189054726368,0.4925373134328358,0.6658374792703151,0.31260364842454397,0.8980099502487562,0.5713101160862355,0.6708126036484245,0.25290215588723053,0.4286898839137645,0.18325041459369817,0.48839137645107794,0.2131011608623549,0.49834162520729686,0.49917081260364843,0.30265339966832505,0.6343283582089553,0.49336650082918737,0.42371475953565507,0.4925373134328358,0.6724709784411277,0.36069651741293535,0.3275290215588723,0.763681592039801,0.09535655058043117,0.08374792703150911,0.21144278606965175,0.3275290215588723,0.3723051409618574,0.43532338308457713,0.49834162520729686,0.48009950248756217,0.4286898839137645,0.4684908789386401,0.4187396351575456,0.42703150912106136,0.42371475953565507,0.46683250414593697,0.08540630182421227,0.21144278606965175,0.2943615257048093,0.1799336650082919,0.533167495854063,0.5381426202321725,0.09535655058043117,0.4361525704809287,0.32172470978441126,0.4792703150912106,0.43781094527363185,0.49917081260364843,0.4734660033167496,0.4925373134328358,0.5016583747927031,0.3407960199004975,0.3706467661691542,0.5613598673300166,0.5132669983416253,0.3839137645107794,0.7205638474295191,0.5066334991708126,0.4154228855721393,0.3706467661691542,0.4286898839137645,0.23797678275290216,0.24129353233830847,0.47180762852404645,0.4461028192371476,0.5,0.3540630182421227,0.533167495854063,0.5248756218905473,0.5,0.48175787728026537,0.49502487562189057,0.5008291873963516,0.2810945273631841,0.49502487562189057,0.5679933665008292,0.27114427860696516,0.49585406301824214,0.3142620232172471,0.3009950248756219,0.5,0.5265339966832504,0.49917081260364843,0.5265339966832504,0.45688225538971805,0.5613598673300166,0.5,0.6525704809286899,0.6044776119402985,0.4975124378109453,0.478441127694859,0.28689883913764513,0.44029850746268656,0.3043117744610282,0.3474295190713101,0.49585406301824214,0.29270315091210614,0.5,0.36069651741293535,0.49834162520729686,0.26616915422885573,0.44029850746268656,0.2877280265339967,0.27114427860696516,0.22719734660033167,0.49834162520729686,0.45356550580431176,0.25538971807628524,0.4021558872305141,0.13349917081260365,0.11857379767827529,0.5008291873963516,0.4651741293532338,0.48839137645107794,0.4154228855721393,0.38474295190713104,0.3308457711442786,0.4286898839137645,0.5008291873963516,0.10862354892205639,0.9029850746268657,0.38723051409618575,0.5008291873963516,0.8565505804311775,0.33167495854063017,0.13018242122719734,0.16169154228855723,0.26533996683250416,0.3275290215588723,0.28441127694859036,0.3034825870646766,0.4386401326699834,0.5132669983416253,0.23797678275290216,0.4759535655058043,0.5016583747927031,0.5066334991708126,0.4320066334991708,0.5398009950248757,0.32587064676616917,0.13349917081260365,0.5696517412935324,0.4767827529021559,0.2752902155887231,0.04228855721393035,0.25456053067993367,0.2230514096185738,0.08540630182421227,0.6907131011608624,0.06053067993366501,0.24129353233830847,0.47180762852404645,0.45107794361525705,0.6144278606965174,0.0472636815920398,0.33747927031509123,0.5008291873963516,0.7205638474295191,0.4427860696517413,0.35903814262023215,0.3839137645107794,0.8814262023217247,0.11857379767827529,0.5613598673300166,0.33913764510779437,0.8598673300165838,0.4154228855721393,0.32172470978441126,0.16500829187396351,0.5613598673300166,0.884742951907131,0.4925373134328358,0.3034825870646766,0.3076285240464345,0.3341625207296849,0.3706467661691542,0.05555555555555555,0.25538971807628524,0.9145936981757877,0.24129353233830847,0.3407960199004975,0.3706467661691542,0.4046434494195688,0.5447761194029851,0.35655058043117743,0.42703150912106136,0.5207296849087893,0.35655058043117743,0.29767827529021557,0.2603648424543947,0.5223880597014925,0.45688225538971805,0.41708126036484244,0.23217247097844113,0.5597014925373134,0.24046434494195687,0.8631840796019901,0.4966832504145937,0.3167495854063018,0.44029850746268656,0.4046434494195688,0.4792703150912106,0.560530679933665,0.21227197346600332,0.6832504145936982,0.6907131011608624,0.6061359867330016,0.31923714759535654,0.6160862354892206,0.5149253731343284,0.44776119402985076,0.675787728026534,0.39054726368159204,0.3175787728026534,0.3092868988391376,0.48756218905472637,0.5348258706467661,0.48756218905472637,0.6169154228855721,0.33250414593698174,0.48092868988391374,0.4427860696517413,0.6310116086235489,0.6160862354892206,0.4461028192371476,0.6409618573797679,0.39054726368159204,0.34577114427860695,0.433665008291874,0.5041459369817579,0.8731343283582089,0.7976782752902156,0.5920398009950248,0.7835820895522388,0.8698175787728026,0.3275290215588723,0.3208955223880597,0.3018242122719735,0.24461028192371476,0.22719734660033167,0.2570480928689884,0.27611940298507465,0.2960199004975124,0.24129353233830847,0.26533996683250416,0.42039800995024873,0.6616915422885572,0.5016583747927031,0.40630182421227196,0.39054726368159204,0.6376451077943616,0.3034825870646766,0.26533996683250416,0.3482587064676617,0.25538971807628524,0.48092868988391374,0.44029850746268656,0.3034825870646766,0.6616915422885572,0.33250414593698174,0.2777777777777778,0.33167495854063017,0.8126036484245439,0.6169154228855721,0.5016583747927031,0.5049751243781094,0.3175787728026534,0.9245439469320066,0.3706467661691542,0.3092868988391376,0.8590381426202321,0.0912106135986733,0.6907131011608624,0.3888888888888889,0.28441127694859036,0.48756218905472637,0.4427860696517413,0.19734660033167495,0.7860696517412935,0.33747927031509123,0.27611940298507465,0.32338308457711445,0.48756218905472637,0.7263681592039801,0.5796019900497512,0.5348258706467661,0.24958540630182421
96,201147,Corey Brewer,32,72,2018,2614,OKC,1610612760,32.0,81.0,186.0,Florida,USA,2007,1,7,46.21270084162204,5.432287681713849,12.08875286916603,1.1859219586840093,4.208110175975516,2.486610558530987,3.442999234889059,1.6449885233358836,4.2463657230298395,5.891354246365723,2.486610558530987,1.874521805661821,3.0221882172915073,0.5355776587605203,0.9563886763580719,5.31752104055088,3.442999234889059,14.537107880642694,-2.1423106350420813,0.0,0.0,0.07651109410864575,3.9403213465952565,4.131599081866871,4.131599081866871,-0.07651109410864575,4.131599081866871,4.016832440703902,3.2899770466717673,0.4973221117061974,4.016832440703902,3.9403213465952565,-0.07651109410864575,-0.07651109410864575,3.9403213465952565,4.016832440703902,0.1530221882172915,0.03825554705432287,0.19127773527161437,1.0711553175210407,0.19127773527161437,0.4590665646518745,0.38255547054322875,6.618209640397858,0.4973221117061974,0.8798775822494261,1.7214996174445294,0.11476664116296863,3.8638102524866107,0.9563886763580719,1.3006885998469777,0.0,3.0221882172915073,0.22953328232593725,0.0,0.0,0.0,0.0,0.0,0.26778882938026016,0.0,0.7651109410864575,0.0,3.9020657995409334,0.11476664116296863,0.19127773527161437,1.0711553175210407,0.03825554705432287,0.1530221882172915,0.0,0.1530221882172915,0.0,0.4973221117061974,0.0,0.0,0.19127773527161437,3.2899770466717673,0.0,0.0,0.0,6.885998469778118,5.011476664116297,2.8309104820198927,0.306044376434583,28.423871461361898,28.423871461361898,0.07651109410864575,6.159143075745983,0.19127773527161437,0.26778882938026016,1.0711553175210407,1.3006885998469777,4.2463657230298395,2.3335883703136955,0.19127773527161437,0.22953328232593725,0.38255547054322875,2.218821729150727,44.68247895944912,0.03825554705432287,14.537107880642694,1.4537107880642692,0.03825554705432287,2.9074215761285385,28.117827084927313,1.0328997704667178,0.03825554705432287,0.0,0.0,0.0,0.0,0.7268553940321346,0.26778882938026016,4.475899005355776,0.07651109410864575,5.31752104055088,0.38255547054322875,0.8033664881407804,1.1094108645753635,0.306044376434583,1.3389441469013006,12.547819433817903,0.8033664881407804,3.366488140780413,7.421576128538638,0.5355776587605203,0.0,0.0,0.0,0.8033664881407804,0.8033664881407804,0.0,1.4154552410099464,1.4154552410099464,0.0,1.7214996174445294,0.0,0.306044376434583,3.481254781943382,0.0,1.6832440703902065,3.175210405508799,0.0,0.03825554705432287,0.0,1.7597551644988523,1.874521805661821,0.5738332058148432,0.0,1.3771996939556235,1.9510328997704667,0.0,3.6342769701606734,0.4590665646518745,0.38255547054322875,0.9563886763580719,0.5738332058148432,0.0,2.6013771996939554,0.0,2.1423106350420813,0.0,0.38255547054322875,0.34429992348890587,0.8033664881407804,0.19127773527161437,0.0,1.9510328997704667,0.5355776587605203,0.0,3.5577658760520277,2.0275439938791124,3.2517214996174446,0.0,1.1859219586840093,3.8255547054322876,3.8638102524866107,1.1859219586840093,34.12394797245601,0.8033664881407804,0.0,5.929609793420046,2.5631216526396328,17921.882172915073,0.0,1.6832440703902065,0.0,3.366488140780413,1.4919663351185921,0.0,2.180566182096404,1.7980107115531752,0.0,3.366488140780413,0.38255547054322875,3.366488140780413,0.1530221882172915,0.26778882938026016,0.306044376434583,0.03825554705432287,0.38255547054322875,0.34429992348890587,1.0711553175210407,1.6449885233358836,6.159143075745983,0.1530221882172915,7.421576128538638,4.2463657230298395,0.0,44.68247895944912,0.8033664881407804,2.3718439173680186,7.421576128538638,0.5355776587605203,0.1530221882172915,22.5707727620505,3.3282325937260904,0.0,0.0,1.1094108645753635,0.1530221882172915,5.891354246365723,0.8033664881407804,0.42081101759755163,1.9510328997704667,5.31752104055088,1.2624330527926548,6.235654169854629,1.3389441469013006,0.03825554705432287,4.093343534812548,12.394797245600612,4.934965570007651,0.7268553940321346,0.0,0.7268553940321346,0.0,0.07651109410864575,3.8255547054322876,0.0,1.7597551644988523,1.6449885233358836,4.475899005355776,12.547819433817903,0.444,0.449,0.282,0.722,10.4,0.06,0.073,0.089,10.4,0.534,0.498,0.139,0.033,0.136,0.5,0.0,0.214,0.316,0.584,0.289,0.353,0.217,0.1,0.087,0.55,0.5,0.306,0.063,0.045,0.483,0.054,0.47,0.326,0.309,0.572,0.189,0.634,0.502,0.314,0.227,0.568,0.568,0.0,0.568,0.495,0.5,0.53,0.125,0.735,0.616,0.326,0.537,0.833,0.368,0.268,0.478,0.238,0.0,0.238,0.333,0.307,0.476,0.0,0.498,0.624,0.603,0.31,0.46,0.892,0.0,0.0,0.448,0.0,0.314,-0.001,0.0,0.549,0.502,0.313,0.0,0.408,0.634,0.62,0.364,0.47,1.0,0.358,0.326,0.568,0.382,0.565,0.449,0.263,0.189,0.227,0.592,0.687,0.0,0.108,0.825,0.309,0.175,0.509,0.572,0.62,0.1583747927031509,0.2810945273631841,0.2462686567164179,0.3888888888888889,0.38225538971807627,0.49336650082918737,0.49502487562189057,0.5696517412935324,0.2512437810945274,0.3524046434494196,0.32587064676616917,0.3142620232172471,0.906301824212272,0.44029850746268656,0.5597014925373134,0.7437810945273632,0.5398009950248757,0.291044776119403,0.44859038142620233,0.31260364842454397,0.47512437810945274,0.3524046434494196,0.45356550580431176,0.45107794361525705,0.45107794361525705,0.43532338308457713,0.45107794361525705,0.4502487562189055,0.4552238805970149,0.4054726368159204,0.4502487562189055,0.4552238805970149,0.43532338308457713,0.44029850746268656,0.45356550580431176,0.4519071310116086,0.1583747927031509,0.49834162520729686,0.2131011608623549,0.25456053067993367,0.23134328358208955,0.8034825870646766,0.1550580431177446,0.6890547263681592,0.8300165837479271,0.20315091210613598,0.8930348258706468,0.8565505804311775,0.6791044776119403,0.8233830845771144,0.8532338308457711,0.4966832504145937,0.8897180762852405,0.2860696517412935,0.13681592039800994,0.4867330016583748,0.4966832504145937,0.4917081260364842,0.48756218905472637,0.2230514096185738,0.4925373134328358,0.2562189054726368,0.4925373134328358,0.6658374792703151,0.31260364842454397,0.8980099502487562,0.5713101160862355,0.6708126036484245,0.25290215588723053,0.4286898839137645,0.18325041459369817,0.48839137645107794,0.2131011608623549,0.49834162520729686,0.49917081260364843,0.30265339966832505,0.6343283582089553,0.49336650082918737,0.42371475953565507,0.4925373134328358,0.6724709784411277,0.36069651741293535,0.3275290215588723,0.763681592039801,0.09535655058043117,0.08374792703150911,0.21144278606965175,0.3275290215588723,0.3723051409618574,0.43532338308457713,0.49834162520729686,0.48009950248756217,0.4286898839137645,0.4684908789386401,0.4187396351575456,0.42703150912106136,0.42371475953565507,0.46683250414593697,0.08540630182421227,0.21144278606965175,0.2943615257048093,0.1799336650082919,0.533167495854063,0.5381426202321725,0.09535655058043117,0.4361525704809287,0.32172470978441126,0.4792703150912106,0.43781094527363185,0.49917081260364843,0.4734660033167496,0.4925373134328358,0.5016583747927031,0.3407960199004975,0.3706467661691542,0.5613598673300166,0.5132669983416253,0.3839137645107794,0.7205638474295191,0.5066334991708126,0.4154228855721393,0.3706467661691542,0.4286898839137645,0.23797678275290216,0.24129353233830847,0.47180762852404645,0.4461028192371476,0.5,0.3540630182421227,0.533167495854063,0.5248756218905473,0.5,0.48175787728026537,0.49502487562189057,0.5008291873963516,0.2810945273631841,0.49502487562189057,0.5679933665008292,0.27114427860696516,0.49585406301824214,0.3142620232172471,0.3009950248756219,0.5,0.5265339966832504,0.49917081260364843,0.5265339966832504,0.45688225538971805,0.5613598673300166,0.5,0.6525704809286899,0.6044776119402985,0.4975124378109453,0.478441127694859,0.28689883913764513,0.44029850746268656,0.3043117744610282,0.3474295190713101,0.49585406301824214,0.29270315091210614,0.5,0.36069651741293535,0.49834162520729686,0.26616915422885573,0.44029850746268656,0.2877280265339967,0.27114427860696516,0.22719734660033167,0.49834162520729686,0.45356550580431176,0.25538971807628524,0.4021558872305141,0.13349917081260365,0.11857379767827529,0.5008291873963516,0.4651741293532338,0.48839137645107794,0.4154228855721393,0.38474295190713104,0.3308457711442786,0.4286898839137645,0.5008291873963516,0.10862354892205639,0.9029850746268657,0.38723051409618575,0.5008291873963516,0.8565505804311775,0.33167495854063017,0.13018242122719734,0.16169154228855723,0.26533996683250416,0.3275290215588723,0.28441127694859036,0.3034825870646766,0.4386401326699834,0.5132669983416253,0.23797678275290216,0.4759535655058043,0.5016583747927031,0.5066334991708126,0.4320066334991708,0.5398009950248757,0.32587064676616917,0.06218905472636816,0.5696517412935324,0.4767827529021559,0.2752902155887231,0.04228855721393035,0.25456053067993367,0.2230514096185738,0.08540630182421227,0.6907131011608624,0.1318407960199005,0.24129353233830847,0.47180762852404645,0.45107794361525705,0.6144278606965174,0.0472636815920398,0.33747927031509123,0.5008291873963516,0.7205638474295191,0.4427860696517413,0.35903814262023215,0.3839137645107794,0.8814262023217247,0.05555555555555555,0.5613598673300166,0.33913764510779437,0.8598673300165838,0.4154228855721393,0.32172470978441126,0.16500829187396351,0.5613598673300166,0.884742951907131,0.4925373134328358,0.3034825870646766,0.3076285240464345,0.3341625207296849,0.3706467661691542,0.11857379767827529,0.25538971807628524,0.9145936981757877,0.24129353233830847,0.3407960199004975,0.3706467661691542,0.4046434494195688,0.5447761194029851,0.35655058043117743,0.42703150912106136,0.5207296849087893,0.35655058043117743,0.29767827529021557,0.2603648424543947,0.5223880597014925,0.45688225538971805,0.41708126036484244,0.23217247097844113,0.5597014925373134,0.24046434494195687,0.8631840796019901,0.4966832504145937,0.3167495854063018,0.44029850746268656,0.4046434494195688,0.4792703150912106,0.560530679933665,0.21227197346600332,0.6832504145936982,0.6907131011608624,0.6061359867330016,0.31923714759535654,0.6160862354892206,0.5149253731343284,0.44776119402985076,0.675787728026534,0.39054726368159204,0.3175787728026534,0.3092868988391376,0.48756218905472637,0.5348258706467661,0.48756218905472637,0.6169154228855721,0.33250414593698174,0.48092868988391374,0.4427860696517413,0.6310116086235489,0.6160862354892206,0.4461028192371476,0.6409618573797679,0.39054726368159204,0.34577114427860695,0.433665008291874,0.5041459369817579,0.8731343283582089,0.7976782752902156,0.5920398009950248,0.7835820895522388,0.8698175787728026,0.3275290215588723,0.3208955223880597,0.3018242122719735,0.24461028192371476,0.22719734660033167,0.2570480928689884,0.27611940298507465,0.2960199004975124,0.24129353233830847,0.26533996683250416,0.42039800995024873,0.6616915422885572,0.5016583747927031,0.40630182421227196,0.39054726368159204,0.6376451077943616,0.3034825870646766,0.26533996683250416,0.3482587064676617,0.25538971807628524,0.48092868988391374,0.44029850746268656,0.3034825870646766,0.2512437810945274,0.33250414593698174,0.2777777777777778,0.33167495854063017,0.8126036484245439,0.6169154228855721,0.9046434494195689,0.5049751243781094,0.3175787728026534,0.9245439469320066,0.3706467661691542,0.3092868988391376,0.8590381426202321,0.19734660033167495,0.5422885572139303,0.3888888888888889,0.09286898839137644,0.48756218905472637,0.4427860696517413,0.19734660033167495,0.7860696517412935,0.33747927031509123,0.27611940298507465,0.32338308457711445,0.48756218905472637,0.7263681592039801,0.5796019900497512,0.5348258706467661,0.8159203980099502
97,201147,Corey Brewer,32,72,2018,2614,OKC,1610612760,32.0,81.0,186.0,Florida,USA,2007,1,7,46.21270084162204,5.432287681713849,12.08875286916603,1.1859219586840093,4.208110175975516,2.486610558530987,3.442999234889059,1.6449885233358836,4.2463657230298395,5.891354246365723,2.486610558530987,1.874521805661821,3.0221882172915073,0.5355776587605203,0.9563886763580719,5.31752104055088,3.442999234889059,14.537107880642694,-2.1423106350420813,0.0,0.0,0.07651109410864575,3.9403213465952565,4.131599081866871,4.131599081866871,-0.07651109410864575,4.131599081866871,4.016832440703902,3.2899770466717673,0.4973221117061974,4.016832440703902,3.9403213465952565,-0.07651109410864575,-0.07651109410864575,3.9403213465952565,4.016832440703902,0.1530221882172915,0.03825554705432287,0.19127773527161437,1.0711553175210407,0.19127773527161437,0.4590665646518745,0.38255547054322875,6.618209640397858,0.4973221117061974,0.8798775822494261,1.7214996174445294,0.11476664116296863,3.8638102524866107,0.9563886763580719,1.3006885998469777,0.0,3.0221882172915073,0.22953328232593725,0.0,0.0,0.0,0.0,0.0,0.26778882938026016,0.0,0.7651109410864575,0.0,3.9020657995409334,0.11476664116296863,0.19127773527161437,1.0711553175210407,0.03825554705432287,0.1530221882172915,0.0,0.1530221882172915,0.0,0.4973221117061974,0.0,0.0,0.19127773527161437,3.2899770466717673,0.0,0.0,0.0,6.885998469778118,5.011476664116297,2.8309104820198927,0.306044376434583,28.423871461361898,28.423871461361898,0.07651109410864575,6.159143075745983,0.19127773527161437,0.26778882938026016,1.0711553175210407,1.3006885998469777,4.2463657230298395,2.3335883703136955,0.19127773527161437,0.22953328232593725,0.38255547054322875,2.218821729150727,44.68247895944912,0.03825554705432287,14.537107880642694,1.4537107880642692,0.03825554705432287,2.9074215761285385,28.117827084927313,1.0328997704667178,0.03825554705432287,0.0,0.0,0.0,0.0,0.7268553940321346,0.26778882938026016,4.475899005355776,0.07651109410864575,5.31752104055088,0.38255547054322875,0.8033664881407804,1.1094108645753635,0.306044376434583,1.3389441469013006,12.547819433817903,0.8033664881407804,3.366488140780413,7.421576128538638,0.5355776587605203,0.0,0.0,0.0,0.8033664881407804,0.8033664881407804,0.0,1.4154552410099464,1.4154552410099464,0.0,1.7214996174445294,0.0,0.306044376434583,3.481254781943382,0.0,1.6832440703902065,3.175210405508799,0.0,0.03825554705432287,0.0,1.7597551644988523,1.874521805661821,0.5738332058148432,0.0,1.3771996939556235,1.9510328997704667,0.0,3.6342769701606734,0.4590665646518745,0.38255547054322875,0.9563886763580719,0.5738332058148432,0.0,2.6013771996939554,0.0,2.1423106350420813,0.0,0.38255547054322875,0.34429992348890587,0.8033664881407804,0.19127773527161437,0.0,1.9510328997704667,0.5355776587605203,0.0,3.5577658760520277,2.0275439938791124,3.2517214996174446,0.0,1.1859219586840093,3.8255547054322876,3.8638102524866107,1.1859219586840093,34.12394797245601,0.8033664881407804,0.0,5.929609793420046,2.5631216526396328,17921.882172915073,0.0,1.6832440703902065,0.0,3.366488140780413,1.4919663351185921,0.0,2.180566182096404,1.7980107115531752,0.0,3.366488140780413,0.38255547054322875,3.366488140780413,0.1530221882172915,0.26778882938026016,0.306044376434583,0.03825554705432287,0.38255547054322875,0.34429992348890587,1.0711553175210407,1.6449885233358836,6.159143075745983,0.1530221882172915,7.421576128538638,4.2463657230298395,0.0,44.68247895944912,0.8033664881407804,1.3006885998469777,7.421576128538638,0.5355776587605203,0.1530221882172915,22.5707727620505,3.3282325937260904,0.0,0.0,1.1094108645753635,0.1530221882172915,5.891354246365723,0.8033664881407804,0.42081101759755163,1.9510328997704667,5.31752104055088,1.2624330527926548,6.235654169854629,1.3389441469013006,0.03825554705432287,4.093343534812548,12.394797245600612,4.934965570007651,0.7268553940321346,0.0,0.7268553940321346,0.0,0.07651109410864575,2.5248661055853097,0.0,1.7597551644988523,1.6449885233358836,4.475899005355776,12.547819433817903,0.444,0.449,0.282,0.722,10.4,0.06,0.073,0.089,10.4,0.534,0.498,0.139,0.033,0.136,0.5,0.0,0.214,0.316,0.584,0.289,0.353,0.217,0.1,0.087,0.55,0.5,0.306,0.063,0.045,0.483,0.054,0.47,0.326,0.309,0.572,0.189,0.634,0.502,0.314,0.227,0.568,0.568,0.0,0.568,0.495,0.5,0.53,0.125,0.735,0.616,0.326,0.537,0.833,0.368,0.268,0.478,0.238,0.0,0.238,0.333,0.307,0.476,0.0,0.498,0.624,0.603,0.31,0.46,0.892,0.0,0.0,0.448,0.0,0.314,-0.001,0.0,0.549,0.502,0.313,0.0,0.408,0.634,0.62,0.364,0.47,1.0,0.358,0.326,0.568,0.34,0.569,0.449,0.263,0.189,0.227,0.592,0.687,0.0,0.108,0.825,0.309,0.175,0.509,0.572,0.515,0.1583747927031509,0.2810945273631841,0.2462686567164179,0.3888888888888889,0.38225538971807627,0.49336650082918737,0.49502487562189057,0.5696517412935324,0.2512437810945274,0.3524046434494196,0.32587064676616917,0.3142620232172471,0.906301824212272,0.44029850746268656,0.5597014925373134,0.7437810945273632,0.5398009950248757,0.291044776119403,0.44859038142620233,0.31260364842454397,0.47512437810945274,0.3524046434494196,0.45356550580431176,0.45107794361525705,0.45107794361525705,0.43532338308457713,0.45107794361525705,0.4502487562189055,0.4552238805970149,0.4054726368159204,0.4502487562189055,0.4552238805970149,0.43532338308457713,0.44029850746268656,0.45356550580431176,0.4519071310116086,0.1583747927031509,0.49834162520729686,0.2131011608623549,0.25456053067993367,0.23134328358208955,0.8034825870646766,0.1550580431177446,0.6890547263681592,0.8300165837479271,0.20315091210613598,0.8930348258706468,0.8565505804311775,0.6791044776119403,0.8233830845771144,0.8532338308457711,0.4966832504145937,0.8897180762852405,0.2860696517412935,0.13681592039800994,0.4867330016583748,0.4966832504145937,0.4917081260364842,0.48756218905472637,0.2230514096185738,0.4925373134328358,0.2562189054726368,0.4925373134328358,0.6658374792703151,0.31260364842454397,0.8980099502487562,0.5713101160862355,0.6708126036484245,0.25290215588723053,0.4286898839137645,0.18325041459369817,0.48839137645107794,0.2131011608623549,0.49834162520729686,0.49917081260364843,0.30265339966832505,0.6343283582089553,0.49336650082918737,0.42371475953565507,0.4925373134328358,0.6724709784411277,0.36069651741293535,0.3275290215588723,0.763681592039801,0.09535655058043117,0.08374792703150911,0.21144278606965175,0.3275290215588723,0.3723051409618574,0.43532338308457713,0.49834162520729686,0.48009950248756217,0.4286898839137645,0.4684908789386401,0.4187396351575456,0.42703150912106136,0.42371475953565507,0.46683250414593697,0.08540630182421227,0.21144278606965175,0.2943615257048093,0.1799336650082919,0.533167495854063,0.5381426202321725,0.09535655058043117,0.4361525704809287,0.32172470978441126,0.4792703150912106,0.43781094527363185,0.49917081260364843,0.4734660033167496,0.4925373134328358,0.5016583747927031,0.3407960199004975,0.3706467661691542,0.5613598673300166,0.5132669983416253,0.3839137645107794,0.7205638474295191,0.5066334991708126,0.4154228855721393,0.3706467661691542,0.4286898839137645,0.23797678275290216,0.24129353233830847,0.47180762852404645,0.4461028192371476,0.5,0.3540630182421227,0.533167495854063,0.5248756218905473,0.5,0.48175787728026537,0.49502487562189057,0.5008291873963516,0.2810945273631841,0.49502487562189057,0.5679933665008292,0.27114427860696516,0.49585406301824214,0.3142620232172471,0.3009950248756219,0.5,0.5265339966832504,0.49917081260364843,0.5265339966832504,0.45688225538971805,0.5613598673300166,0.5,0.6525704809286899,0.6044776119402985,0.4975124378109453,0.478441127694859,0.28689883913764513,0.44029850746268656,0.3043117744610282,0.3474295190713101,0.49585406301824214,0.29270315091210614,0.5,0.36069651741293535,0.49834162520729686,0.26616915422885573,0.44029850746268656,0.2877280265339967,0.27114427860696516,0.22719734660033167,0.49834162520729686,0.45356550580431176,0.25538971807628524,0.4021558872305141,0.13349917081260365,0.11857379767827529,0.5008291873963516,0.4651741293532338,0.48839137645107794,0.4154228855721393,0.38474295190713104,0.3308457711442786,0.4286898839137645,0.5008291873963516,0.10862354892205639,0.9029850746268657,0.38723051409618575,0.5008291873963516,0.8565505804311775,0.33167495854063017,0.13018242122719734,0.16169154228855723,0.26533996683250416,0.3275290215588723,0.28441127694859036,0.3034825870646766,0.4386401326699834,0.5132669983416253,0.23797678275290216,0.4759535655058043,0.5016583747927031,0.5066334991708126,0.4320066334991708,0.5398009950248757,0.32587064676616917,0.06218905472636816,0.5696517412935324,0.4767827529021559,0.2752902155887231,0.04228855721393035,0.25456053067993367,0.2230514096185738,0.08540630182421227,0.6907131011608624,0.06053067993366501,0.24129353233830847,0.47180762852404645,0.45107794361525705,0.6144278606965174,0.0472636815920398,0.33747927031509123,0.5008291873963516,0.7205638474295191,0.4427860696517413,0.35903814262023215,0.3839137645107794,0.8814262023217247,0.05555555555555555,0.5613598673300166,0.33913764510779437,0.8598673300165838,0.4154228855721393,0.32172470978441126,0.16500829187396351,0.5613598673300166,0.884742951907131,0.4925373134328358,0.3034825870646766,0.3076285240464345,0.3341625207296849,0.3706467661691542,0.05555555555555555,0.25538971807628524,0.9145936981757877,0.24129353233830847,0.3407960199004975,0.3706467661691542,0.4046434494195688,0.5447761194029851,0.35655058043117743,0.42703150912106136,0.5207296849087893,0.35655058043117743,0.29767827529021557,0.2603648424543947,0.5223880597014925,0.45688225538971805,0.41708126036484244,0.23217247097844113,0.5597014925373134,0.24046434494195687,0.8631840796019901,0.4966832504145937,0.3167495854063018,0.44029850746268656,0.4046434494195688,0.4792703150912106,0.560530679933665,0.21227197346600332,0.6832504145936982,0.6907131011608624,0.6061359867330016,0.31923714759535654,0.6160862354892206,0.5149253731343284,0.44776119402985076,0.675787728026534,0.39054726368159204,0.3175787728026534,0.3092868988391376,0.48756218905472637,0.5348258706467661,0.48756218905472637,0.6169154228855721,0.33250414593698174,0.48092868988391374,0.4427860696517413,0.6310116086235489,0.6160862354892206,0.4461028192371476,0.6409618573797679,0.39054726368159204,0.34577114427860695,0.433665008291874,0.5041459369817579,0.8731343283582089,0.7976782752902156,0.5920398009950248,0.7835820895522388,0.8698175787728026,0.3275290215588723,0.3208955223880597,0.3018242122719735,0.24461028192371476,0.22719734660033167,0.2570480928689884,0.27611940298507465,0.2960199004975124,0.24129353233830847,0.26533996683250416,0.42039800995024873,0.6616915422885572,0.5016583747927031,0.40630182421227196,0.39054726368159204,0.6376451077943616,0.3034825870646766,0.26533996683250416,0.3482587064676617,0.25538971807628524,0.48092868988391374,0.44029850746268656,0.3034825870646766,0.2512437810945274,0.33250414593698174,0.2777777777777778,0.33167495854063017,0.8126036484245439,0.6169154228855721,0.9046434494195689,0.5049751243781094,0.3175787728026534,0.9245439469320066,0.3706467661691542,0.3092868988391376,0.8590381426202321,0.0912106135986733,0.6907131011608624,0.3888888888888889,0.09286898839137644,0.48756218905472637,0.4427860696517413,0.19734660033167495,0.7860696517412935,0.33747927031509123,0.27611940298507465,0.32338308457711445,0.48756218905472637,0.7263681592039801,0.5796019900497512,0.5348258706467661,0.24958540630182421
98,201147,Corey Brewer,32,72,2018,2614,OKC,1610612760,32.0,81.0,186.0,Florida,USA,2007,1,7,46.21270084162204,5.432287681713849,12.08875286916603,1.1859219586840093,4.208110175975516,2.486610558530987,3.442999234889059,1.6449885233358836,4.2463657230298395,5.891354246365723,2.486610558530987,1.874521805661821,3.0221882172915073,0.5355776587605203,0.9563886763580719,5.31752104055088,3.442999234889059,14.537107880642694,-2.1423106350420813,0.0,0.0,0.07651109410864575,3.9403213465952565,4.131599081866871,4.131599081866871,-0.07651109410864575,4.131599081866871,4.016832440703902,3.2899770466717673,0.4973221117061974,4.016832440703902,3.9403213465952565,-0.07651109410864575,-0.07651109410864575,3.9403213465952565,4.016832440703902,0.1530221882172915,0.03825554705432287,0.19127773527161437,1.0711553175210407,0.19127773527161437,0.4590665646518745,0.38255547054322875,6.618209640397858,0.4973221117061974,0.8798775822494261,1.7214996174445294,0.11476664116296863,3.8638102524866107,0.9563886763580719,1.3006885998469777,0.0,3.0221882172915073,0.22953328232593725,0.0,0.0,0.0,0.0,0.0,0.26778882938026016,0.0,0.7651109410864575,0.0,3.9020657995409334,0.11476664116296863,0.19127773527161437,1.0711553175210407,0.03825554705432287,0.1530221882172915,0.0,0.1530221882172915,0.0,0.4973221117061974,0.0,0.0,0.19127773527161437,3.2899770466717673,0.0,0.0,0.0,6.885998469778118,5.011476664116297,2.8309104820198927,0.306044376434583,28.423871461361898,28.423871461361898,0.07651109410864575,6.159143075745983,0.19127773527161437,0.26778882938026016,1.0711553175210407,1.3006885998469777,4.2463657230298395,2.3335883703136955,0.19127773527161437,0.22953328232593725,0.38255547054322875,2.218821729150727,44.68247895944912,0.03825554705432287,14.537107880642694,1.4537107880642692,0.03825554705432287,2.9074215761285385,28.117827084927313,1.0328997704667178,0.03825554705432287,0.0,0.0,0.0,0.0,0.7268553940321346,0.26778882938026016,4.475899005355776,0.07651109410864575,5.31752104055088,0.38255547054322875,0.8033664881407804,1.1094108645753635,0.306044376434583,1.3389441469013006,12.547819433817903,0.8033664881407804,3.366488140780413,7.421576128538638,0.5355776587605203,0.0,0.0,0.0,0.8033664881407804,0.8033664881407804,0.0,1.4154552410099464,1.4154552410099464,0.0,1.7214996174445294,0.0,0.306044376434583,3.481254781943382,0.0,1.6832440703902065,3.175210405508799,0.0,0.03825554705432287,0.0,1.7597551644988523,1.874521805661821,0.5738332058148432,0.0,1.3771996939556235,1.9510328997704667,0.0,3.6342769701606734,0.4590665646518745,0.38255547054322875,0.9563886763580719,0.5738332058148432,0.0,2.6013771996939554,0.0,2.1423106350420813,0.0,0.38255547054322875,0.34429992348890587,0.8033664881407804,0.19127773527161437,0.0,1.9510328997704667,0.5355776587605203,0.0,3.5577658760520277,2.0275439938791124,3.2517214996174446,0.0,1.1859219586840093,3.8255547054322876,3.8638102524866107,1.1859219586840093,34.12394797245601,0.8033664881407804,0.0,3.8638102524866107,2.5631216526396328,17921.882172915073,0.0,1.6832440703902065,0.0,1.7597551644988523,1.4919663351185921,0.0,2.180566182096404,1.7980107115531752,0.0,3.366488140780413,0.38255547054322875,3.366488140780413,0.1530221882172915,0.26778882938026016,0.306044376434583,0.03825554705432287,0.38255547054322875,0.34429992348890587,2.0275439938791124,1.6449885233358836,6.159143075745983,0.1530221882172915,7.421576128538638,4.2463657230298395,0.0,44.68247895944912,0.8033664881407804,2.3718439173680186,7.421576128538638,0.5355776587605203,0.1530221882172915,22.5707727620505,3.3282325937260904,0.0,0.0,1.1094108645753635,0.1530221882172915,5.891354246365723,0.8033664881407804,0.42081101759755163,3.2517214996174446,5.31752104055088,1.2624330527926548,6.235654169854629,1.3389441469013006,0.03825554705432287,4.093343534812548,12.394797245600612,4.934965570007651,0.7268553940321346,0.0,0.7268553940321346,0.0,0.07651109410864575,3.8255547054322876,0.0,1.7597551644988523,1.6449885233358836,4.475899005355776,12.547819433817903,0.444,0.449,0.282,0.722,10.4,0.06,0.073,0.089,10.4,0.534,0.498,0.139,0.033,0.136,0.5,0.0,0.214,0.316,0.584,0.289,0.353,0.217,0.1,0.087,0.55,0.5,0.306,0.063,0.045,0.483,0.054,0.47,0.326,0.309,0.572,0.189,0.634,0.502,0.314,0.227,0.568,0.568,0.0,0.568,0.495,0.5,0.53,0.125,0.735,0.616,0.326,0.537,0.833,0.368,0.268,0.478,0.238,0.0,0.238,0.333,0.307,0.476,0.0,0.498,0.624,0.603,0.31,0.46,0.892,0.0,0.0,0.448,0.0,0.314,-0.001,0.0,0.624,0.502,0.313,0.0,0.408,0.634,0.603,0.364,0.47,1.0,0.358,0.326,0.455,0.382,0.565,0.449,0.324,0.189,0.227,0.521,0.687,0.0,0.108,0.825,0.309,0.175,0.5,0.572,0.62,0.1583747927031509,0.2810945273631841,0.2462686567164179,0.3888888888888889,0.38225538971807627,0.49336650082918737,0.49502487562189057,0.5696517412935324,0.2512437810945274,0.3524046434494196,0.32587064676616917,0.3142620232172471,0.906301824212272,0.44029850746268656,0.5597014925373134,0.7437810945273632,0.5398009950248757,0.291044776119403,0.44859038142620233,0.31260364842454397,0.47512437810945274,0.3524046434494196,0.45356550580431176,0.45107794361525705,0.45107794361525705,0.43532338308457713,0.45107794361525705,0.4502487562189055,0.4552238805970149,0.4054726368159204,0.4502487562189055,0.4552238805970149,0.43532338308457713,0.44029850746268656,0.45356550580431176,0.4519071310116086,0.1583747927031509,0.49834162520729686,0.2131011608623549,0.25456053067993367,0.23134328358208955,0.8034825870646766,0.1550580431177446,0.6890547263681592,0.8300165837479271,0.20315091210613598,0.8930348258706468,0.8565505804311775,0.6791044776119403,0.8233830845771144,0.8532338308457711,0.4966832504145937,0.8897180762852405,0.2860696517412935,0.13681592039800994,0.4867330016583748,0.4966832504145937,0.4917081260364842,0.48756218905472637,0.2230514096185738,0.4925373134328358,0.2562189054726368,0.4925373134328358,0.6658374792703151,0.31260364842454397,0.8980099502487562,0.5713101160862355,0.6708126036484245,0.25290215588723053,0.4286898839137645,0.18325041459369817,0.48839137645107794,0.2131011608623549,0.49834162520729686,0.49917081260364843,0.30265339966832505,0.6343283582089553,0.49336650082918737,0.42371475953565507,0.4925373134328358,0.6724709784411277,0.36069651741293535,0.3275290215588723,0.763681592039801,0.09535655058043117,0.08374792703150911,0.21144278606965175,0.3275290215588723,0.3723051409618574,0.43532338308457713,0.49834162520729686,0.48009950248756217,0.4286898839137645,0.4684908789386401,0.4187396351575456,0.42703150912106136,0.42371475953565507,0.46683250414593697,0.08540630182421227,0.21144278606965175,0.2943615257048093,0.1799336650082919,0.533167495854063,0.5381426202321725,0.09535655058043117,0.4361525704809287,0.32172470978441126,0.4792703150912106,0.43781094527363185,0.49917081260364843,0.4734660033167496,0.4925373134328358,0.5016583747927031,0.3407960199004975,0.3706467661691542,0.5613598673300166,0.5132669983416253,0.3839137645107794,0.7205638474295191,0.5066334991708126,0.4154228855721393,0.3706467661691542,0.4286898839137645,0.23797678275290216,0.24129353233830847,0.47180762852404645,0.4461028192371476,0.5,0.3540630182421227,0.533167495854063,0.5248756218905473,0.5,0.48175787728026537,0.49502487562189057,0.5008291873963516,0.2810945273631841,0.49502487562189057,0.5679933665008292,0.27114427860696516,0.49585406301824214,0.3142620232172471,0.3009950248756219,0.5,0.5265339966832504,0.49917081260364843,0.5265339966832504,0.45688225538971805,0.5613598673300166,0.5,0.6525704809286899,0.6044776119402985,0.4975124378109453,0.478441127694859,0.28689883913764513,0.44029850746268656,0.3043117744610282,0.3474295190713101,0.49585406301824214,0.29270315091210614,0.5,0.36069651741293535,0.49834162520729686,0.26616915422885573,0.44029850746268656,0.2877280265339967,0.27114427860696516,0.22719734660033167,0.49834162520729686,0.45356550580431176,0.25538971807628524,0.4021558872305141,0.13349917081260365,0.11857379767827529,0.5008291873963516,0.4651741293532338,0.48839137645107794,0.4154228855721393,0.38474295190713104,0.3308457711442786,0.4286898839137645,0.5008291873963516,0.0472636815920398,0.9029850746268657,0.38723051409618575,0.5008291873963516,0.8565505804311775,0.33167495854063017,0.05555555555555555,0.16169154228855723,0.26533996683250416,0.3275290215588723,0.28441127694859036,0.3034825870646766,0.4386401326699834,0.5132669983416253,0.23797678275290216,0.4759535655058043,0.5016583747927031,0.5066334991708126,0.4320066334991708,0.5398009950248757,0.32587064676616917,0.13349917081260365,0.5696517412935324,0.4767827529021559,0.2752902155887231,0.04228855721393035,0.25456053067993367,0.2230514096185738,0.08540630182421227,0.6907131011608624,0.1318407960199005,0.24129353233830847,0.47180762852404645,0.45107794361525705,0.6144278606965174,0.0472636815920398,0.33747927031509123,0.5008291873963516,0.7205638474295191,0.4427860696517413,0.35903814262023215,0.3839137645107794,0.8814262023217247,0.11857379767827529,0.5613598673300166,0.33913764510779437,0.8598673300165838,0.4154228855721393,0.32172470978441126,0.16500829187396351,0.5613598673300166,0.884742951907131,0.4925373134328358,0.3034825870646766,0.3076285240464345,0.3341625207296849,0.3706467661691542,0.11857379767827529,0.25538971807628524,0.9145936981757877,0.24129353233830847,0.3407960199004975,0.3706467661691542,0.4046434494195688,0.5447761194029851,0.35655058043117743,0.42703150912106136,0.5207296849087893,0.35655058043117743,0.29767827529021557,0.2603648424543947,0.5223880597014925,0.45688225538971805,0.41708126036484244,0.23217247097844113,0.5597014925373134,0.24046434494195687,0.8631840796019901,0.4966832504145937,0.3167495854063018,0.44029850746268656,0.4046434494195688,0.4792703150912106,0.560530679933665,0.21227197346600332,0.6832504145936982,0.6907131011608624,0.6061359867330016,0.31923714759535654,0.6160862354892206,0.5149253731343284,0.44776119402985076,0.675787728026534,0.39054726368159204,0.3175787728026534,0.3092868988391376,0.48756218905472637,0.5348258706467661,0.48756218905472637,0.6169154228855721,0.33250414593698174,0.48092868988391374,0.4427860696517413,0.6310116086235489,0.6160862354892206,0.4461028192371476,0.6409618573797679,0.39054726368159204,0.34577114427860695,0.433665008291874,0.5041459369817579,0.8731343283582089,0.7976782752902156,0.5920398009950248,0.7835820895522388,0.8698175787728026,0.3275290215588723,0.3208955223880597,0.3018242122719735,0.24461028192371476,0.22719734660033167,0.2570480928689884,0.27611940298507465,0.2960199004975124,0.24129353233830847,0.26533996683250416,0.42039800995024873,0.6616915422885572,0.5016583747927031,0.40630182421227196,0.39054726368159204,0.6376451077943616,0.3034825870646766,0.26533996683250416,0.3482587064676617,0.25538971807628524,0.48092868988391374,0.44029850746268656,0.3034825870646766,0.6616915422885572,0.33250414593698174,0.2777777777777778,0.33167495854063017,0.8126036484245439,0.6169154228855721,0.5016583747927031,0.5049751243781094,0.3175787728026534,0.9245439469320066,0.3706467661691542,0.3092868988391376,0.14759535655058043,0.19734660033167495,0.5422885572139303,0.3888888888888889,0.28441127694859036,0.48756218905472637,0.4427860696517413,0.09535655058043117,0.7860696517412935,0.33747927031509123,0.27611940298507465,0.32338308457711445,0.48756218905472637,0.7263681592039801,0.3101160862354892,0.5348258706467661,0.8159203980099502
99,201147,Corey Brewer,32,72,2018,2614,OKC,1610612760,32.0,81.0,186.0,Florida,USA,2007,1,7,46.21270084162204,5.432287681713849,12.08875286916603,1.1859219586840093,4.208110175975516,2.486610558530987,3.442999234889059,1.6449885233358836,4.2463657230298395,5.891354246365723,2.486610558530987,1.874521805661821,3.0221882172915073,0.5355776587605203,0.9563886763580719,5.31752104055088,3.442999234889059,14.537107880642694,-2.1423106350420813,0.0,0.0,0.07651109410864575,3.9403213465952565,4.131599081866871,4.131599081866871,-0.07651109410864575,4.131599081866871,4.016832440703902,3.2899770466717673,0.4973221117061974,4.016832440703902,3.9403213465952565,-0.07651109410864575,-0.07651109410864575,3.9403213465952565,4.016832440703902,0.1530221882172915,0.03825554705432287,0.19127773527161437,1.0711553175210407,0.19127773527161437,0.4590665646518745,0.38255547054322875,6.618209640397858,0.4973221117061974,0.8798775822494261,1.7214996174445294,0.11476664116296863,3.8638102524866107,0.9563886763580719,1.3006885998469777,0.0,3.0221882172915073,0.22953328232593725,0.0,0.0,0.0,0.0,0.0,0.26778882938026016,0.0,0.7651109410864575,0.0,3.9020657995409334,0.11476664116296863,0.19127773527161437,1.0711553175210407,0.03825554705432287,0.1530221882172915,0.0,0.1530221882172915,0.0,0.4973221117061974,0.0,0.0,0.19127773527161437,3.2899770466717673,0.0,0.0,0.0,6.885998469778118,5.011476664116297,2.8309104820198927,0.306044376434583,28.423871461361898,28.423871461361898,0.07651109410864575,6.159143075745983,0.19127773527161437,0.26778882938026016,1.0711553175210407,1.3006885998469777,4.2463657230298395,2.3335883703136955,0.19127773527161437,0.22953328232593725,0.38255547054322875,2.218821729150727,44.68247895944912,0.03825554705432287,14.537107880642694,1.4537107880642692,0.03825554705432287,2.9074215761285385,28.117827084927313,1.0328997704667178,0.03825554705432287,0.0,0.0,0.0,0.0,0.7268553940321346,0.26778882938026016,4.475899005355776,0.07651109410864575,5.31752104055088,0.38255547054322875,0.8033664881407804,1.1094108645753635,0.306044376434583,1.3389441469013006,12.547819433817903,0.8033664881407804,3.366488140780413,7.421576128538638,0.5355776587605203,0.0,0.0,0.0,0.8033664881407804,0.8033664881407804,0.0,1.4154552410099464,1.4154552410099464,0.0,1.7214996174445294,0.0,0.306044376434583,3.481254781943382,0.0,1.6832440703902065,3.175210405508799,0.0,0.03825554705432287,0.0,1.7597551644988523,1.874521805661821,0.5738332058148432,0.0,1.3771996939556235,1.9510328997704667,0.0,3.6342769701606734,0.4590665646518745,0.38255547054322875,0.9563886763580719,0.5738332058148432,0.0,2.6013771996939554,0.0,2.1423106350420813,0.0,0.38255547054322875,0.34429992348890587,0.8033664881407804,0.19127773527161437,0.0,1.9510328997704667,0.5355776587605203,0.0,3.5577658760520277,2.0275439938791124,3.2517214996174446,0.0,1.1859219586840093,3.8255547054322876,3.8638102524866107,1.1859219586840093,34.12394797245601,0.8033664881407804,0.0,3.8638102524866107,2.5631216526396328,17921.882172915073,0.0,1.6832440703902065,0.0,1.7597551644988523,1.4919663351185921,0.0,2.180566182096404,1.7980107115531752,0.0,3.366488140780413,0.38255547054322875,3.366488140780413,0.1530221882172915,0.26778882938026016,0.306044376434583,0.03825554705432287,0.38255547054322875,0.34429992348890587,2.0275439938791124,1.6449885233358836,6.159143075745983,0.1530221882172915,7.421576128538638,4.2463657230298395,0.0,44.68247895944912,0.8033664881407804,1.3006885998469777,7.421576128538638,0.5355776587605203,0.1530221882172915,22.5707727620505,3.3282325937260904,0.0,0.0,1.1094108645753635,0.1530221882172915,5.891354246365723,0.8033664881407804,0.42081101759755163,3.2517214996174446,5.31752104055088,1.2624330527926548,6.235654169854629,1.3389441469013006,0.03825554705432287,4.093343534812548,12.394797245600612,4.934965570007651,0.7268553940321346,0.0,0.7268553940321346,0.0,0.07651109410864575,2.5248661055853097,0.0,1.7597551644988523,1.6449885233358836,4.475899005355776,12.547819433817903,0.444,0.449,0.282,0.722,10.4,0.06,0.073,0.089,10.4,0.534,0.498,0.139,0.033,0.136,0.5,0.0,0.214,0.316,0.584,0.289,0.353,0.217,0.1,0.087,0.55,0.5,0.306,0.063,0.045,0.483,0.054,0.47,0.326,0.309,0.572,0.189,0.634,0.502,0.314,0.227,0.568,0.568,0.0,0.568,0.495,0.5,0.53,0.125,0.735,0.616,0.326,0.537,0.833,0.368,0.268,0.478,0.238,0.0,0.238,0.333,0.307,0.476,0.0,0.498,0.624,0.603,0.31,0.46,0.892,0.0,0.0,0.448,0.0,0.314,-0.001,0.0,0.624,0.502,0.313,0.0,0.408,0.634,0.603,0.364,0.47,1.0,0.358,0.326,0.455,0.34,0.569,0.449,0.324,0.189,0.227,0.521,0.687,0.0,0.108,0.825,0.309,0.175,0.5,0.572,0.515,0.1583747927031509,0.2810945273631841,0.2462686567164179,0.3888888888888889,0.38225538971807627,0.49336650082918737,0.49502487562189057,0.5696517412935324,0.2512437810945274,0.3524046434494196,0.32587064676616917,0.3142620232172471,0.906301824212272,0.44029850746268656,0.5597014925373134,0.7437810945273632,0.5398009950248757,0.291044776119403,0.44859038142620233,0.31260364842454397,0.47512437810945274,0.3524046434494196,0.45356550580431176,0.45107794361525705,0.45107794361525705,0.43532338308457713,0.45107794361525705,0.4502487562189055,0.4552238805970149,0.4054726368159204,0.4502487562189055,0.4552238805970149,0.43532338308457713,0.44029850746268656,0.45356550580431176,0.4519071310116086,0.1583747927031509,0.49834162520729686,0.2131011608623549,0.25456053067993367,0.23134328358208955,0.8034825870646766,0.1550580431177446,0.6890547263681592,0.8300165837479271,0.20315091210613598,0.8930348258706468,0.8565505804311775,0.6791044776119403,0.8233830845771144,0.8532338308457711,0.4966832504145937,0.8897180762852405,0.2860696517412935,0.13681592039800994,0.4867330016583748,0.4966832504145937,0.4917081260364842,0.48756218905472637,0.2230514096185738,0.4925373134328358,0.2562189054726368,0.4925373134328358,0.6658374792703151,0.31260364842454397,0.8980099502487562,0.5713101160862355,0.6708126036484245,0.25290215588723053,0.4286898839137645,0.18325041459369817,0.48839137645107794,0.2131011608623549,0.49834162520729686,0.49917081260364843,0.30265339966832505,0.6343283582089553,0.49336650082918737,0.42371475953565507,0.4925373134328358,0.6724709784411277,0.36069651741293535,0.3275290215588723,0.763681592039801,0.09535655058043117,0.08374792703150911,0.21144278606965175,0.3275290215588723,0.3723051409618574,0.43532338308457713,0.49834162520729686,0.48009950248756217,0.4286898839137645,0.4684908789386401,0.4187396351575456,0.42703150912106136,0.42371475953565507,0.46683250414593697,0.08540630182421227,0.21144278606965175,0.2943615257048093,0.1799336650082919,0.533167495854063,0.5381426202321725,0.09535655058043117,0.4361525704809287,0.32172470978441126,0.4792703150912106,0.43781094527363185,0.49917081260364843,0.4734660033167496,0.4925373134328358,0.5016583747927031,0.3407960199004975,0.3706467661691542,0.5613598673300166,0.5132669983416253,0.3839137645107794,0.7205638474295191,0.5066334991708126,0.4154228855721393,0.3706467661691542,0.4286898839137645,0.23797678275290216,0.24129353233830847,0.47180762852404645,0.4461028192371476,0.5,0.3540630182421227,0.533167495854063,0.5248756218905473,0.5,0.48175787728026537,0.49502487562189057,0.5008291873963516,0.2810945273631841,0.49502487562189057,0.5679933665008292,0.27114427860696516,0.49585406301824214,0.3142620232172471,0.3009950248756219,0.5,0.5265339966832504,0.49917081260364843,0.5265339966832504,0.45688225538971805,0.5613598673300166,0.5,0.6525704809286899,0.6044776119402985,0.4975124378109453,0.478441127694859,0.28689883913764513,0.44029850746268656,0.3043117744610282,0.3474295190713101,0.49585406301824214,0.29270315091210614,0.5,0.36069651741293535,0.49834162520729686,0.26616915422885573,0.44029850746268656,0.2877280265339967,0.27114427860696516,0.22719734660033167,0.49834162520729686,0.45356550580431176,0.25538971807628524,0.4021558872305141,0.13349917081260365,0.11857379767827529,0.5008291873963516,0.4651741293532338,0.48839137645107794,0.4154228855721393,0.38474295190713104,0.3308457711442786,0.4286898839137645,0.5008291873963516,0.0472636815920398,0.9029850746268657,0.38723051409618575,0.5008291873963516,0.8565505804311775,0.33167495854063017,0.05555555555555555,0.16169154228855723,0.26533996683250416,0.3275290215588723,0.28441127694859036,0.3034825870646766,0.4386401326699834,0.5132669983416253,0.23797678275290216,0.4759535655058043,0.5016583747927031,0.5066334991708126,0.4320066334991708,0.5398009950248757,0.32587064676616917,0.13349917081260365,0.5696517412935324,0.4767827529021559,0.2752902155887231,0.04228855721393035,0.25456053067993367,0.2230514096185738,0.08540630182421227,0.6907131011608624,0.06053067993366501,0.24129353233830847,0.47180762852404645,0.45107794361525705,0.6144278606965174,0.0472636815920398,0.33747927031509123,0.5008291873963516,0.7205638474295191,0.4427860696517413,0.35903814262023215,0.3839137645107794,0.8814262023217247,0.11857379767827529,0.5613598673300166,0.33913764510779437,0.8598673300165838,0.4154228855721393,0.32172470978441126,0.16500829187396351,0.5613598673300166,0.884742951907131,0.4925373134328358,0.3034825870646766,0.3076285240464345,0.3341625207296849,0.3706467661691542,0.05555555555555555,0.25538971807628524,0.9145936981757877,0.24129353233830847,0.3407960199004975,0.3706467661691542,0.4046434494195688,0.5447761194029851,0.35655058043117743,0.42703150912106136,0.5207296849087893,0.35655058043117743,0.29767827529021557,0.2603648424543947,0.5223880597014925,0.45688225538971805,0.41708126036484244,0.23217247097844113,0.5597014925373134,0.24046434494195687,0.8631840796019901,0.4966832504145937,0.3167495854063018,0.44029850746268656,0.4046434494195688,0.4792703150912106,0.560530679933665,0.21227197346600332,0.6832504145936982,0.6907131011608624,0.6061359867330016,0.31923714759535654,0.6160862354892206,0.5149253731343284,0.44776119402985076,0.675787728026534,0.39054726368159204,0.3175787728026534,0.3092868988391376,0.48756218905472637,0.5348258706467661,0.48756218905472637,0.6169154228855721,0.33250414593698174,0.48092868988391374,0.4427860696517413,0.6310116086235489,0.6160862354892206,0.4461028192371476,0.6409618573797679,0.39054726368159204,0.34577114427860695,0.433665008291874,0.5041459369817579,0.8731343283582089,0.7976782752902156,0.5920398009950248,0.7835820895522388,0.8698175787728026,0.3275290215588723,0.3208955223880597,0.3018242122719735,0.24461028192371476,0.22719734660033167,0.2570480928689884,0.27611940298507465,0.2960199004975124,0.24129353233830847,0.26533996683250416,0.42039800995024873,0.6616915422885572,0.5016583747927031,0.40630182421227196,0.39054726368159204,0.6376451077943616,0.3034825870646766,0.26533996683250416,0.3482587064676617,0.25538971807628524,0.48092868988391374,0.44029850746268656,0.3034825870646766,0.6616915422885572,0.33250414593698174,0.2777777777777778,0.33167495854063017,0.8126036484245439,0.6169154228855721,0.5016583747927031,0.5049751243781094,0.3175787728026534,0.9245439469320066,0.3706467661691542,0.3092868988391376,0.14759535655058043,0.0912106135986733,0.6907131011608624,0.3888888888888889,0.28441127694859036,0.48756218905472637,0.4427860696517413,0.09535655058043117,0.7860696517412935,0.33747927031509123,0.27611940298507465,0.32338308457711445,0.48756218905472637,0.7263681592039801,0.3101160862354892,0.5348258706467661,0.24958540630182421
100,201147,Corey Brewer,32,72,2018,2614,OKC,1610612760,32.0,81.0,186.0,Florida,USA,2007,1,7,46.21270084162204,5.432287681713849,12.08875286916603,1.1859219586840093,4.208110175975516,2.486610558530987,3.442999234889059,1.6449885233358836,4.2463657230298395,5.891354246365723,2.486610558530987,1.874521805661821,3.0221882172915073,0.5355776587605203,0.9563886763580719,5.31752104055088,3.442999234889059,14.537107880642694,-2.1423106350420813,0.0,0.0,0.07651109410864575,3.9403213465952565,4.131599081866871,4.131599081866871,-0.07651109410864575,4.131599081866871,4.016832440703902,3.2899770466717673,0.4973221117061974,4.016832440703902,3.9403213465952565,-0.07651109410864575,-0.07651109410864575,3.9403213465952565,4.016832440703902,0.1530221882172915,0.03825554705432287,0.19127773527161437,1.0711553175210407,0.19127773527161437,0.4590665646518745,0.38255547054322875,6.618209640397858,0.4973221117061974,0.8798775822494261,1.7214996174445294,0.11476664116296863,3.8638102524866107,0.9563886763580719,1.3006885998469777,0.0,3.0221882172915073,0.22953328232593725,0.0,0.0,0.0,0.0,0.0,0.26778882938026016,0.0,0.7651109410864575,0.0,3.9020657995409334,0.11476664116296863,0.19127773527161437,1.0711553175210407,0.03825554705432287,0.1530221882172915,0.0,0.1530221882172915,0.0,0.4973221117061974,0.0,0.0,0.19127773527161437,3.2899770466717673,0.0,0.0,0.0,6.885998469778118,5.011476664116297,2.8309104820198927,0.306044376434583,28.423871461361898,28.423871461361898,0.07651109410864575,6.159143075745983,0.19127773527161437,0.26778882938026016,1.0711553175210407,1.3006885998469777,4.2463657230298395,2.3335883703136955,0.19127773527161437,0.22953328232593725,0.38255547054322875,2.218821729150727,44.68247895944912,0.03825554705432287,14.537107880642694,1.4537107880642692,0.03825554705432287,2.9074215761285385,28.117827084927313,1.0328997704667178,0.03825554705432287,0.0,0.0,0.0,0.0,0.7268553940321346,0.26778882938026016,4.475899005355776,0.07651109410864575,5.31752104055088,0.38255547054322875,0.8033664881407804,1.1094108645753635,0.306044376434583,1.3389441469013006,12.547819433817903,0.8033664881407804,3.366488140780413,7.421576128538638,0.5355776587605203,0.0,0.0,0.0,0.8033664881407804,0.8033664881407804,0.0,1.4154552410099464,1.4154552410099464,0.0,1.7214996174445294,0.0,0.306044376434583,3.481254781943382,0.0,1.6832440703902065,3.175210405508799,0.0,0.03825554705432287,0.0,1.7597551644988523,1.874521805661821,0.5738332058148432,0.0,1.3771996939556235,1.9510328997704667,0.0,3.6342769701606734,0.4590665646518745,0.38255547054322875,0.9563886763580719,0.5738332058148432,0.0,2.6013771996939554,0.0,2.1423106350420813,0.0,0.38255547054322875,0.34429992348890587,0.8033664881407804,0.19127773527161437,0.0,1.9510328997704667,0.5355776587605203,0.0,3.5577658760520277,2.0275439938791124,3.2517214996174446,0.0,1.1859219586840093,3.8255547054322876,3.8638102524866107,1.1859219586840093,34.12394797245601,0.8033664881407804,0.0,3.8638102524866107,2.5631216526396328,17921.882172915073,0.0,1.6832440703902065,0.0,1.7597551644988523,1.4919663351185921,0.0,2.180566182096404,1.7980107115531752,0.0,3.366488140780413,0.38255547054322875,3.366488140780413,0.1530221882172915,0.26778882938026016,0.306044376434583,0.03825554705432287,0.38255547054322875,0.34429992348890587,1.0711553175210407,1.6449885233358836,6.159143075745983,0.1530221882172915,7.421576128538638,4.2463657230298395,0.0,44.68247895944912,0.8033664881407804,2.3718439173680186,7.421576128538638,0.5355776587605203,0.1530221882172915,22.5707727620505,3.3282325937260904,0.0,0.0,1.1094108645753635,0.1530221882172915,5.891354246365723,0.8033664881407804,0.42081101759755163,1.9510328997704667,5.31752104055088,1.2624330527926548,6.235654169854629,1.3389441469013006,0.03825554705432287,4.093343534812548,12.394797245600612,4.934965570007651,0.7268553940321346,0.0,0.7268553940321346,0.0,0.07651109410864575,3.8255547054322876,0.0,1.7597551644988523,1.6449885233358836,4.475899005355776,12.547819433817903,0.444,0.449,0.282,0.722,10.4,0.06,0.073,0.089,10.4,0.534,0.498,0.139,0.033,0.136,0.5,0.0,0.214,0.316,0.584,0.289,0.353,0.217,0.1,0.087,0.55,0.5,0.306,0.063,0.045,0.483,0.054,0.47,0.326,0.309,0.572,0.189,0.634,0.502,0.314,0.227,0.568,0.568,0.0,0.568,0.495,0.5,0.53,0.125,0.735,0.616,0.326,0.537,0.833,0.368,0.268,0.478,0.238,0.0,0.238,0.333,0.307,0.476,0.0,0.498,0.624,0.603,0.31,0.46,0.892,0.0,0.0,0.448,0.0,0.314,-0.001,0.0,0.549,0.502,0.313,0.0,0.408,0.634,0.62,0.364,0.47,1.0,0.358,0.326,0.455,0.382,0.565,0.449,0.263,0.189,0.227,0.521,0.687,0.0,0.108,0.825,0.309,0.175,0.5,0.572,0.62,0.1583747927031509,0.2810945273631841,0.2462686567164179,0.3888888888888889,0.38225538971807627,0.49336650082918737,0.49502487562189057,0.5696517412935324,0.2512437810945274,0.3524046434494196,0.32587064676616917,0.3142620232172471,0.906301824212272,0.44029850746268656,0.5597014925373134,0.7437810945273632,0.5398009950248757,0.291044776119403,0.44859038142620233,0.31260364842454397,0.47512437810945274,0.3524046434494196,0.45356550580431176,0.45107794361525705,0.45107794361525705,0.43532338308457713,0.45107794361525705,0.4502487562189055,0.4552238805970149,0.4054726368159204,0.4502487562189055,0.4552238805970149,0.43532338308457713,0.44029850746268656,0.45356550580431176,0.4519071310116086,0.1583747927031509,0.49834162520729686,0.2131011608623549,0.25456053067993367,0.23134328358208955,0.8034825870646766,0.1550580431177446,0.6890547263681592,0.8300165837479271,0.20315091210613598,0.8930348258706468,0.8565505804311775,0.6791044776119403,0.8233830845771144,0.8532338308457711,0.4966832504145937,0.8897180762852405,0.2860696517412935,0.13681592039800994,0.4867330016583748,0.4966832504145937,0.4917081260364842,0.48756218905472637,0.2230514096185738,0.4925373134328358,0.2562189054726368,0.4925373134328358,0.6658374792703151,0.31260364842454397,0.8980099502487562,0.5713101160862355,0.6708126036484245,0.25290215588723053,0.4286898839137645,0.18325041459369817,0.48839137645107794,0.2131011608623549,0.49834162520729686,0.49917081260364843,0.30265339966832505,0.6343283582089553,0.49336650082918737,0.42371475953565507,0.4925373134328358,0.6724709784411277,0.36069651741293535,0.3275290215588723,0.763681592039801,0.09535655058043117,0.08374792703150911,0.21144278606965175,0.3275290215588723,0.3723051409618574,0.43532338308457713,0.49834162520729686,0.48009950248756217,0.4286898839137645,0.4684908789386401,0.4187396351575456,0.42703150912106136,0.42371475953565507,0.46683250414593697,0.08540630182421227,0.21144278606965175,0.2943615257048093,0.1799336650082919,0.533167495854063,0.5381426202321725,0.09535655058043117,0.4361525704809287,0.32172470978441126,0.4792703150912106,0.43781094527363185,0.49917081260364843,0.4734660033167496,0.4925373134328358,0.5016583747927031,0.3407960199004975,0.3706467661691542,0.5613598673300166,0.5132669983416253,0.3839137645107794,0.7205638474295191,0.5066334991708126,0.4154228855721393,0.3706467661691542,0.4286898839137645,0.23797678275290216,0.24129353233830847,0.47180762852404645,0.4461028192371476,0.5,0.3540630182421227,0.533167495854063,0.5248756218905473,0.5,0.48175787728026537,0.49502487562189057,0.5008291873963516,0.2810945273631841,0.49502487562189057,0.5679933665008292,0.27114427860696516,0.49585406301824214,0.3142620232172471,0.3009950248756219,0.5,0.5265339966832504,0.49917081260364843,0.5265339966832504,0.45688225538971805,0.5613598673300166,0.5,0.6525704809286899,0.6044776119402985,0.4975124378109453,0.478441127694859,0.28689883913764513,0.44029850746268656,0.3043117744610282,0.3474295190713101,0.49585406301824214,0.29270315091210614,0.5,0.36069651741293535,0.49834162520729686,0.26616915422885573,0.44029850746268656,0.2877280265339967,0.27114427860696516,0.22719734660033167,0.49834162520729686,0.45356550580431176,0.25538971807628524,0.4021558872305141,0.13349917081260365,0.11857379767827529,0.5008291873963516,0.4651741293532338,0.48839137645107794,0.4154228855721393,0.38474295190713104,0.3308457711442786,0.4286898839137645,0.5008291873963516,0.0472636815920398,0.9029850746268657,0.38723051409618575,0.5008291873963516,0.8565505804311775,0.33167495854063017,0.05555555555555555,0.16169154228855723,0.26533996683250416,0.3275290215588723,0.28441127694859036,0.3034825870646766,0.4386401326699834,0.5132669983416253,0.23797678275290216,0.4759535655058043,0.5016583747927031,0.5066334991708126,0.4320066334991708,0.5398009950248757,0.32587064676616917,0.06218905472636816,0.5696517412935324,0.4767827529021559,0.2752902155887231,0.04228855721393035,0.25456053067993367,0.2230514096185738,0.08540630182421227,0.6907131011608624,0.1318407960199005,0.24129353233830847,0.47180762852404645,0.45107794361525705,0.6144278606965174,0.0472636815920398,0.33747927031509123,0.5008291873963516,0.7205638474295191,0.4427860696517413,0.35903814262023215,0.3839137645107794,0.8814262023217247,0.05555555555555555,0.5613598673300166,0.33913764510779437,0.8598673300165838,0.4154228855721393,0.32172470978441126,0.16500829187396351,0.5613598673300166,0.884742951907131,0.4925373134328358,0.3034825870646766,0.3076285240464345,0.3341625207296849,0.3706467661691542,0.11857379767827529,0.25538971807628524,0.9145936981757877,0.24129353233830847,0.3407960199004975,0.3706467661691542,0.4046434494195688,0.5447761194029851,0.35655058043117743,0.42703150912106136,0.5207296849087893,0.35655058043117743,0.29767827529021557,0.2603648424543947,0.5223880597014925,0.45688225538971805,0.41708126036484244,0.23217247097844113,0.5597014925373134,0.24046434494195687,0.8631840796019901,0.4966832504145937,0.3167495854063018,0.44029850746268656,0.4046434494195688,0.4792703150912106,0.560530679933665,0.21227197346600332,0.6832504145936982,0.6907131011608624,0.6061359867330016,0.31923714759535654,0.6160862354892206,0.5149253731343284,0.44776119402985076,0.675787728026534,0.39054726368159204,0.3175787728026534,0.3092868988391376,0.48756218905472637,0.5348258706467661,0.48756218905472637,0.6169154228855721,0.33250414593698174,0.48092868988391374,0.4427860696517413,0.6310116086235489,0.6160862354892206,0.4461028192371476,0.6409618573797679,0.39054726368159204,0.34577114427860695,0.433665008291874,0.5041459369817579,0.8731343283582089,0.7976782752902156,0.5920398009950248,0.7835820895522388,0.8698175787728026,0.3275290215588723,0.3208955223880597,0.3018242122719735,0.24461028192371476,0.22719734660033167,0.2570480928689884,0.27611940298507465,0.2960199004975124,0.24129353233830847,0.26533996683250416,0.42039800995024873,0.6616915422885572,0.5016583747927031,0.40630182421227196,0.39054726368159204,0.6376451077943616,0.3034825870646766,0.26533996683250416,0.3482587064676617,0.25538971807628524,0.48092868988391374,0.44029850746268656,0.3034825870646766,0.2512437810945274,0.33250414593698174,0.2777777777777778,0.33167495854063017,0.8126036484245439,0.6169154228855721,0.9046434494195689,0.5049751243781094,0.3175787728026534,0.9245439469320066,0.3706467661691542,0.3092868988391376,0.14759535655058043,0.19734660033167495,0.5422885572139303,0.3888888888888889,0.09286898839137644,0.48756218905472637,0.4427860696517413,0.09535655058043117,0.7860696517412935,0.33747927031509123,0.27611940298507465,0.32338308457711445,0.48756218905472637,0.7263681592039801,0.3101160862354892,0.5348258706467661,0.8159203980099502
101,201147,Corey Brewer,32,72,2018,2614,OKC,1610612760,32.0,81.0,186.0,Florida,USA,2007,1,7,46.21270084162204,5.432287681713849,12.08875286916603,1.1859219586840093,4.208110175975516,2.486610558530987,3.442999234889059,1.6449885233358836,4.2463657230298395,5.891354246365723,2.486610558530987,1.874521805661821,3.0221882172915073,0.5355776587605203,0.9563886763580719,5.31752104055088,3.442999234889059,14.537107880642694,-2.1423106350420813,0.0,0.0,0.07651109410864575,3.9403213465952565,4.131599081866871,4.131599081866871,-0.07651109410864575,4.131599081866871,4.016832440703902,3.2899770466717673,0.4973221117061974,4.016832440703902,3.9403213465952565,-0.07651109410864575,-0.07651109410864575,3.9403213465952565,4.016832440703902,0.1530221882172915,0.03825554705432287,0.19127773527161437,1.0711553175210407,0.19127773527161437,0.4590665646518745,0.38255547054322875,6.618209640397858,0.4973221117061974,0.8798775822494261,1.7214996174445294,0.11476664116296863,3.8638102524866107,0.9563886763580719,1.3006885998469777,0.0,3.0221882172915073,0.22953328232593725,0.0,0.0,0.0,0.0,0.0,0.26778882938026016,0.0,0.7651109410864575,0.0,3.9020657995409334,0.11476664116296863,0.19127773527161437,1.0711553175210407,0.03825554705432287,0.1530221882172915,0.0,0.1530221882172915,0.0,0.4973221117061974,0.0,0.0,0.19127773527161437,3.2899770466717673,0.0,0.0,0.0,6.885998469778118,5.011476664116297,2.8309104820198927,0.306044376434583,28.423871461361898,28.423871461361898,0.07651109410864575,6.159143075745983,0.19127773527161437,0.26778882938026016,1.0711553175210407,1.3006885998469777,4.2463657230298395,2.3335883703136955,0.19127773527161437,0.22953328232593725,0.38255547054322875,2.218821729150727,44.68247895944912,0.03825554705432287,14.537107880642694,1.4537107880642692,0.03825554705432287,2.9074215761285385,28.117827084927313,1.0328997704667178,0.03825554705432287,0.0,0.0,0.0,0.0,0.7268553940321346,0.26778882938026016,4.475899005355776,0.07651109410864575,5.31752104055088,0.38255547054322875,0.8033664881407804,1.1094108645753635,0.306044376434583,1.3389441469013006,12.547819433817903,0.8033664881407804,3.366488140780413,7.421576128538638,0.5355776587605203,0.0,0.0,0.0,0.8033664881407804,0.8033664881407804,0.0,1.4154552410099464,1.4154552410099464,0.0,1.7214996174445294,0.0,0.306044376434583,3.481254781943382,0.0,1.6832440703902065,3.175210405508799,0.0,0.03825554705432287,0.0,1.7597551644988523,1.874521805661821,0.5738332058148432,0.0,1.3771996939556235,1.9510328997704667,0.0,3.6342769701606734,0.4590665646518745,0.38255547054322875,0.9563886763580719,0.5738332058148432,0.0,2.6013771996939554,0.0,2.1423106350420813,0.0,0.38255547054322875,0.34429992348890587,0.8033664881407804,0.19127773527161437,0.0,1.9510328997704667,0.5355776587605203,0.0,3.5577658760520277,2.0275439938791124,3.2517214996174446,0.0,1.1859219586840093,3.8255547054322876,3.8638102524866107,1.1859219586840093,34.12394797245601,0.8033664881407804,0.0,3.8638102524866107,2.5631216526396328,17921.882172915073,0.0,1.6832440703902065,0.0,1.7597551644988523,1.4919663351185921,0.0,2.180566182096404,1.7980107115531752,0.0,3.366488140780413,0.38255547054322875,3.366488140780413,0.1530221882172915,0.26778882938026016,0.306044376434583,0.03825554705432287,0.38255547054322875,0.34429992348890587,1.0711553175210407,1.6449885233358836,6.159143075745983,0.1530221882172915,7.421576128538638,4.2463657230298395,0.0,44.68247895944912,0.8033664881407804,1.3006885998469777,7.421576128538638,0.5355776587605203,0.1530221882172915,22.5707727620505,3.3282325937260904,0.0,0.0,1.1094108645753635,0.1530221882172915,5.891354246365723,0.8033664881407804,0.42081101759755163,1.9510328997704667,5.31752104055088,1.2624330527926548,6.235654169854629,1.3389441469013006,0.03825554705432287,4.093343534812548,12.394797245600612,4.934965570007651,0.7268553940321346,0.0,0.7268553940321346,0.0,0.07651109410864575,2.5248661055853097,0.0,1.7597551644988523,1.6449885233358836,4.475899005355776,12.547819433817903,0.444,0.449,0.282,0.722,10.4,0.06,0.073,0.089,10.4,0.534,0.498,0.139,0.033,0.136,0.5,0.0,0.214,0.316,0.584,0.289,0.353,0.217,0.1,0.087,0.55,0.5,0.306,0.063,0.045,0.483,0.054,0.47,0.326,0.309,0.572,0.189,0.634,0.502,0.314,0.227,0.568,0.568,0.0,0.568,0.495,0.5,0.53,0.125,0.735,0.616,0.326,0.537,0.833,0.368,0.268,0.478,0.238,0.0,0.238,0.333,0.307,0.476,0.0,0.498,0.624,0.603,0.31,0.46,0.892,0.0,0.0,0.448,0.0,0.314,-0.001,0.0,0.549,0.502,0.313,0.0,0.408,0.634,0.62,0.364,0.47,1.0,0.358,0.326,0.455,0.34,0.569,0.449,0.263,0.189,0.227,0.521,0.687,0.0,0.108,0.825,0.309,0.175,0.5,0.572,0.515,0.1583747927031509,0.2810945273631841,0.2462686567164179,0.3888888888888889,0.38225538971807627,0.49336650082918737,0.49502487562189057,0.5696517412935324,0.2512437810945274,0.3524046434494196,0.32587064676616917,0.3142620232172471,0.906301824212272,0.44029850746268656,0.5597014925373134,0.7437810945273632,0.5398009950248757,0.291044776119403,0.44859038142620233,0.31260364842454397,0.47512437810945274,0.3524046434494196,0.45356550580431176,0.45107794361525705,0.45107794361525705,0.43532338308457713,0.45107794361525705,0.4502487562189055,0.4552238805970149,0.4054726368159204,0.4502487562189055,0.4552238805970149,0.43532338308457713,0.44029850746268656,0.45356550580431176,0.4519071310116086,0.1583747927031509,0.49834162520729686,0.2131011608623549,0.25456053067993367,0.23134328358208955,0.8034825870646766,0.1550580431177446,0.6890547263681592,0.8300165837479271,0.20315091210613598,0.8930348258706468,0.8565505804311775,0.6791044776119403,0.8233830845771144,0.8532338308457711,0.4966832504145937,0.8897180762852405,0.2860696517412935,0.13681592039800994,0.4867330016583748,0.4966832504145937,0.4917081260364842,0.48756218905472637,0.2230514096185738,0.4925373134328358,0.2562189054726368,0.4925373134328358,0.6658374792703151,0.31260364842454397,0.8980099502487562,0.5713101160862355,0.6708126036484245,0.25290215588723053,0.4286898839137645,0.18325041459369817,0.48839137645107794,0.2131011608623549,0.49834162520729686,0.49917081260364843,0.30265339966832505,0.6343283582089553,0.49336650082918737,0.42371475953565507,0.4925373134328358,0.6724709784411277,0.36069651741293535,0.3275290215588723,0.763681592039801,0.09535655058043117,0.08374792703150911,0.21144278606965175,0.3275290215588723,0.3723051409618574,0.43532338308457713,0.49834162520729686,0.48009950248756217,0.4286898839137645,0.4684908789386401,0.4187396351575456,0.42703150912106136,0.42371475953565507,0.46683250414593697,0.08540630182421227,0.21144278606965175,0.2943615257048093,0.1799336650082919,0.533167495854063,0.5381426202321725,0.09535655058043117,0.4361525704809287,0.32172470978441126,0.4792703150912106,0.43781094527363185,0.49917081260364843,0.4734660033167496,0.4925373134328358,0.5016583747927031,0.3407960199004975,0.3706467661691542,0.5613598673300166,0.5132669983416253,0.3839137645107794,0.7205638474295191,0.5066334991708126,0.4154228855721393,0.3706467661691542,0.4286898839137645,0.23797678275290216,0.24129353233830847,0.47180762852404645,0.4461028192371476,0.5,0.3540630182421227,0.533167495854063,0.5248756218905473,0.5,0.48175787728026537,0.49502487562189057,0.5008291873963516,0.2810945273631841,0.49502487562189057,0.5679933665008292,0.27114427860696516,0.49585406301824214,0.3142620232172471,0.3009950248756219,0.5,0.5265339966832504,0.49917081260364843,0.5265339966832504,0.45688225538971805,0.5613598673300166,0.5,0.6525704809286899,0.6044776119402985,0.4975124378109453,0.478441127694859,0.28689883913764513,0.44029850746268656,0.3043117744610282,0.3474295190713101,0.49585406301824214,0.29270315091210614,0.5,0.36069651741293535,0.49834162520729686,0.26616915422885573,0.44029850746268656,0.2877280265339967,0.27114427860696516,0.22719734660033167,0.49834162520729686,0.45356550580431176,0.25538971807628524,0.4021558872305141,0.13349917081260365,0.11857379767827529,0.5008291873963516,0.4651741293532338,0.48839137645107794,0.4154228855721393,0.38474295190713104,0.3308457711442786,0.4286898839137645,0.5008291873963516,0.0472636815920398,0.9029850746268657,0.38723051409618575,0.5008291873963516,0.8565505804311775,0.33167495854063017,0.05555555555555555,0.16169154228855723,0.26533996683250416,0.3275290215588723,0.28441127694859036,0.3034825870646766,0.4386401326699834,0.5132669983416253,0.23797678275290216,0.4759535655058043,0.5016583747927031,0.5066334991708126,0.4320066334991708,0.5398009950248757,0.32587064676616917,0.06218905472636816,0.5696517412935324,0.4767827529021559,0.2752902155887231,0.04228855721393035,0.25456053067993367,0.2230514096185738,0.08540630182421227,0.6907131011608624,0.06053067993366501,0.24129353233830847,0.47180762852404645,0.45107794361525705,0.6144278606965174,0.0472636815920398,0.33747927031509123,0.5008291873963516,0.7205638474295191,0.4427860696517413,0.35903814262023215,0.3839137645107794,0.8814262023217247,0.05555555555555555,0.5613598673300166,0.33913764510779437,0.8598673300165838,0.4154228855721393,0.32172470978441126,0.16500829187396351,0.5613598673300166,0.884742951907131,0.4925373134328358,0.3034825870646766,0.3076285240464345,0.3341625207296849,0.3706467661691542,0.05555555555555555,0.25538971807628524,0.9145936981757877,0.24129353233830847,0.3407960199004975,0.3706467661691542,0.4046434494195688,0.5447761194029851,0.35655058043117743,0.42703150912106136,0.5207296849087893,0.35655058043117743,0.29767827529021557,0.2603648424543947,0.5223880597014925,0.45688225538971805,0.41708126036484244,0.23217247097844113,0.5597014925373134,0.24046434494195687,0.8631840796019901,0.4966832504145937,0.3167495854063018,0.44029850746268656,0.4046434494195688,0.4792703150912106,0.560530679933665,0.21227197346600332,0.6832504145936982,0.6907131011608624,0.6061359867330016,0.31923714759535654,0.6160862354892206,0.5149253731343284,0.44776119402985076,0.675787728026534,0.39054726368159204,0.3175787728026534,0.3092868988391376,0.48756218905472637,0.5348258706467661,0.48756218905472637,0.6169154228855721,0.33250414593698174,0.48092868988391374,0.4427860696517413,0.6310116086235489,0.6160862354892206,0.4461028192371476,0.6409618573797679,0.39054726368159204,0.34577114427860695,0.433665008291874,0.5041459369817579,0.8731343283582089,0.7976782752902156,0.5920398009950248,0.7835820895522388,0.8698175787728026,0.3275290215588723,0.3208955223880597,0.3018242122719735,0.24461028192371476,0.22719734660033167,0.2570480928689884,0.27611940298507465,0.2960199004975124,0.24129353233830847,0.26533996683250416,0.42039800995024873,0.6616915422885572,0.5016583747927031,0.40630182421227196,0.39054726368159204,0.6376451077943616,0.3034825870646766,0.26533996683250416,0.3482587064676617,0.25538971807628524,0.48092868988391374,0.44029850746268656,0.3034825870646766,0.2512437810945274,0.33250414593698174,0.2777777777777778,0.33167495854063017,0.8126036484245439,0.6169154228855721,0.9046434494195689,0.5049751243781094,0.3175787728026534,0.9245439469320066,0.3706467661691542,0.3092868988391376,0.14759535655058043,0.0912106135986733,0.6907131011608624,0.3888888888888889,0.09286898839137644,0.48756218905472637,0.4427860696517413,0.09535655058043117,0.7860696517412935,0.33747927031509123,0.27611940298507465,0.32338308457711445,0.48756218905472637,0.7263681592039801,0.3101160862354892,0.5348258706467661,0.24958540630182421
102,201147,Corey Brewer,32,72,2018,2614,OKC,1610612760,32.0,81.0,186.0,Florida,USA,2007,1,7,46.21270084162204,5.432287681713849,12.08875286916603,1.1859219586840093,4.208110175975516,2.486610558530987,3.442999234889059,1.6449885233358836,4.2463657230298395,5.891354246365723,2.486610558530987,1.874521805661821,3.0221882172915073,0.5355776587605203,0.9563886763580719,5.31752104055088,3.442999234889059,14.537107880642694,-2.1423106350420813,0.0,0.0,0.07651109410864575,3.9403213465952565,4.131599081866871,4.131599081866871,-0.07651109410864575,4.131599081866871,4.016832440703902,3.2899770466717673,0.4973221117061974,4.016832440703902,3.9403213465952565,-0.07651109410864575,-0.07651109410864575,3.9403213465952565,4.016832440703902,0.1530221882172915,0.03825554705432287,0.19127773527161437,1.0711553175210407,0.19127773527161437,0.4590665646518745,0.38255547054322875,6.618209640397858,0.4973221117061974,0.8798775822494261,1.7214996174445294,0.11476664116296863,3.8638102524866107,0.9563886763580719,1.3006885998469777,0.0,3.0221882172915073,0.22953328232593725,0.0,0.0,0.0,0.0,0.0,0.26778882938026016,0.0,0.7651109410864575,0.0,3.9020657995409334,0.11476664116296863,0.19127773527161437,1.0711553175210407,0.03825554705432287,0.1530221882172915,0.0,0.1530221882172915,0.0,0.4973221117061974,0.0,0.0,0.19127773527161437,3.2899770466717673,0.0,0.0,0.0,6.885998469778118,5.011476664116297,2.8309104820198927,0.306044376434583,28.423871461361898,28.423871461361898,0.07651109410864575,6.159143075745983,0.19127773527161437,0.26778882938026016,1.0711553175210407,1.3006885998469777,4.2463657230298395,2.3335883703136955,0.19127773527161437,0.22953328232593725,0.38255547054322875,2.218821729150727,44.68247895944912,0.03825554705432287,14.537107880642694,1.4537107880642692,0.03825554705432287,2.9074215761285385,28.117827084927313,1.0328997704667178,0.03825554705432287,0.0,0.0,0.0,0.0,0.7268553940321346,0.26778882938026016,4.475899005355776,0.07651109410864575,5.31752104055088,0.38255547054322875,0.8033664881407804,1.1094108645753635,0.306044376434583,1.3389441469013006,12.547819433817903,0.8033664881407804,3.366488140780413,7.421576128538638,0.5355776587605203,0.0,0.0,0.0,0.8033664881407804,0.8033664881407804,0.0,1.4154552410099464,1.4154552410099464,0.0,1.7214996174445294,0.0,0.306044376434583,3.481254781943382,0.0,1.6832440703902065,3.175210405508799,0.0,0.03825554705432287,0.0,1.7597551644988523,1.874521805661821,0.5738332058148432,0.0,1.3771996939556235,1.9510328997704667,0.0,3.6342769701606734,0.4590665646518745,0.38255547054322875,0.9563886763580719,0.5738332058148432,0.0,2.6013771996939554,0.0,2.1423106350420813,0.0,0.38255547054322875,0.34429992348890587,0.8033664881407804,0.19127773527161437,0.0,1.9510328997704667,0.5355776587605203,0.0,3.5577658760520277,2.0275439938791124,3.2517214996174446,0.0,1.1859219586840093,3.8255547054322876,3.8638102524866107,1.1859219586840093,34.12394797245601,0.8033664881407804,0.0,5.929609793420046,2.5631216526396328,17921.882172915073,0.0,1.6832440703902065,0.0,3.366488140780413,1.5684774292272379,0.0,2.180566182096404,1.7980107115531752,0.0,3.366488140780413,0.38255547054322875,3.366488140780413,0.1530221882172915,0.26778882938026016,0.306044376434583,0.03825554705432287,0.38255547054322875,0.34429992348890587,2.0275439938791124,1.6449885233358836,6.159143075745983,0.1530221882172915,7.421576128538638,4.2463657230298395,0.0,44.68247895944912,0.8033664881407804,2.3718439173680186,7.421576128538638,0.5355776587605203,0.1530221882172915,22.5707727620505,3.3282325937260904,0.0,0.0,1.1094108645753635,0.1530221882172915,5.891354246365723,0.8033664881407804,0.42081101759755163,3.2517214996174446,5.31752104055088,1.2624330527926548,6.235654169854629,1.3389441469013006,0.03825554705432287,3.5577658760520277,12.394797245600612,4.934965570007651,0.7268553940321346,0.0,0.7268553940321346,0.0,0.07651109410864575,3.8255547054322876,0.0,1.7597551644988523,1.6449885233358836,4.475899005355776,12.547819433817903,0.444,0.449,0.282,0.722,10.4,0.06,0.073,0.089,10.4,0.534,0.498,0.139,0.033,0.136,0.5,0.0,0.214,0.316,0.584,0.289,0.353,0.217,0.1,0.087,0.55,0.5,0.306,0.063,0.045,0.483,0.054,0.47,0.326,0.309,0.572,0.189,0.634,0.502,0.314,0.227,0.568,0.568,0.0,0.568,0.495,0.5,0.53,0.125,0.735,0.616,0.326,0.537,0.833,0.368,0.268,0.478,0.238,0.0,0.238,0.333,0.307,0.476,0.0,0.498,0.624,0.603,0.31,0.46,0.892,0.0,0.0,0.448,0.0,0.314,-0.001,0.0,0.624,0.502,0.313,0.0,0.479,0.634,0.603,0.441,0.47,1.0,0.367,0.326,0.568,0.382,0.565,0.449,0.324,0.189,0.227,0.592,0.687,0.0,0.108,0.825,0.309,0.175,0.509,0.572,0.62,0.1583747927031509,0.2810945273631841,0.2462686567164179,0.3888888888888889,0.38225538971807627,0.49336650082918737,0.49502487562189057,0.5696517412935324,0.2512437810945274,0.3524046434494196,0.32587064676616917,0.3142620232172471,0.906301824212272,0.44029850746268656,0.5597014925373134,0.7437810945273632,0.5398009950248757,0.291044776119403,0.44859038142620233,0.31260364842454397,0.47512437810945274,0.3524046434494196,0.45356550580431176,0.45107794361525705,0.45107794361525705,0.43532338308457713,0.45107794361525705,0.4502487562189055,0.4552238805970149,0.4054726368159204,0.4502487562189055,0.4552238805970149,0.43532338308457713,0.44029850746268656,0.45356550580431176,0.4519071310116086,0.1583747927031509,0.49834162520729686,0.2131011608623549,0.25456053067993367,0.23134328358208955,0.8034825870646766,0.1550580431177446,0.6890547263681592,0.8300165837479271,0.20315091210613598,0.8930348258706468,0.8565505804311775,0.6791044776119403,0.8233830845771144,0.8532338308457711,0.4966832504145937,0.8897180762852405,0.2860696517412935,0.13681592039800994,0.4867330016583748,0.4966832504145937,0.4917081260364842,0.48756218905472637,0.2230514096185738,0.4925373134328358,0.2562189054726368,0.4925373134328358,0.6658374792703151,0.31260364842454397,0.8980099502487562,0.5713101160862355,0.6708126036484245,0.25290215588723053,0.4286898839137645,0.18325041459369817,0.48839137645107794,0.2131011608623549,0.49834162520729686,0.49917081260364843,0.30265339966832505,0.6343283582089553,0.49336650082918737,0.42371475953565507,0.4925373134328358,0.6724709784411277,0.36069651741293535,0.3275290215588723,0.763681592039801,0.09535655058043117,0.08374792703150911,0.21144278606965175,0.3275290215588723,0.3723051409618574,0.43532338308457713,0.49834162520729686,0.48009950248756217,0.4286898839137645,0.4684908789386401,0.4187396351575456,0.42703150912106136,0.42371475953565507,0.46683250414593697,0.08540630182421227,0.21144278606965175,0.2943615257048093,0.1799336650082919,0.533167495854063,0.5381426202321725,0.09535655058043117,0.4361525704809287,0.32172470978441126,0.4792703150912106,0.43781094527363185,0.49917081260364843,0.4734660033167496,0.4925373134328358,0.5016583747927031,0.3407960199004975,0.3706467661691542,0.5613598673300166,0.5132669983416253,0.3839137645107794,0.7205638474295191,0.5066334991708126,0.4154228855721393,0.3706467661691542,0.4286898839137645,0.23797678275290216,0.24129353233830847,0.47180762852404645,0.4461028192371476,0.5,0.3540630182421227,0.533167495854063,0.5248756218905473,0.5,0.48175787728026537,0.49502487562189057,0.5008291873963516,0.2810945273631841,0.49502487562189057,0.5679933665008292,0.27114427860696516,0.49585406301824214,0.3142620232172471,0.3009950248756219,0.5,0.5265339966832504,0.49917081260364843,0.5265339966832504,0.45688225538971805,0.5613598673300166,0.5,0.6525704809286899,0.6044776119402985,0.4975124378109453,0.478441127694859,0.28689883913764513,0.44029850746268656,0.3043117744610282,0.3474295190713101,0.49585406301824214,0.29270315091210614,0.5,0.36069651741293535,0.49834162520729686,0.26616915422885573,0.44029850746268656,0.2877280265339967,0.27114427860696516,0.22719734660033167,0.49834162520729686,0.45356550580431176,0.25538971807628524,0.4021558872305141,0.13349917081260365,0.11857379767827529,0.5008291873963516,0.4651741293532338,0.48839137645107794,0.4154228855721393,0.38474295190713104,0.3308457711442786,0.4286898839137645,0.5008291873963516,0.10862354892205639,0.9029850746268657,0.38723051409618575,0.5008291873963516,0.8565505804311775,0.33167495854063017,0.13018242122719734,0.23466003316749584,0.26533996683250416,0.3275290215588723,0.28441127694859036,0.3034825870646766,0.4386401326699834,0.5132669983416253,0.23797678275290216,0.4759535655058043,0.5016583747927031,0.5066334991708126,0.4320066334991708,0.5398009950248757,0.32587064676616917,0.13349917081260365,0.5696517412935324,0.4767827529021559,0.2752902155887231,0.04228855721393035,0.25456053067993367,0.2230514096185738,0.08540630182421227,0.6907131011608624,0.1318407960199005,0.24129353233830847,0.47180762852404645,0.45107794361525705,0.6144278606965174,0.0472636815920398,0.33747927031509123,0.5008291873963516,0.7205638474295191,0.4427860696517413,0.35903814262023215,0.3839137645107794,0.8814262023217247,0.11857379767827529,0.5613598673300166,0.33913764510779437,0.8598673300165838,0.4154228855721393,0.32172470978441126,0.08208955223880597,0.5613598673300166,0.884742951907131,0.4925373134328358,0.3034825870646766,0.3076285240464345,0.3341625207296849,0.3706467661691542,0.11857379767827529,0.25538971807628524,0.9145936981757877,0.24129353233830847,0.3407960199004975,0.3706467661691542,0.4046434494195688,0.5447761194029851,0.35655058043117743,0.42703150912106136,0.5207296849087893,0.35655058043117743,0.29767827529021557,0.2603648424543947,0.5223880597014925,0.45688225538971805,0.41708126036484244,0.23217247097844113,0.5597014925373134,0.24046434494195687,0.8631840796019901,0.4966832504145937,0.3167495854063018,0.44029850746268656,0.4046434494195688,0.4792703150912106,0.560530679933665,0.21227197346600332,0.6832504145936982,0.6907131011608624,0.6061359867330016,0.31923714759535654,0.6160862354892206,0.5149253731343284,0.44776119402985076,0.675787728026534,0.39054726368159204,0.3175787728026534,0.3092868988391376,0.48756218905472637,0.5348258706467661,0.48756218905472637,0.6169154228855721,0.33250414593698174,0.48092868988391374,0.4427860696517413,0.6310116086235489,0.6160862354892206,0.4461028192371476,0.6409618573797679,0.39054726368159204,0.34577114427860695,0.433665008291874,0.5041459369817579,0.8731343283582089,0.7976782752902156,0.5920398009950248,0.7835820895522388,0.8698175787728026,0.3275290215588723,0.3208955223880597,0.3018242122719735,0.24461028192371476,0.22719734660033167,0.2570480928689884,0.27611940298507465,0.2960199004975124,0.24129353233830847,0.26533996683250416,0.42039800995024873,0.6616915422885572,0.5016583747927031,0.40630182421227196,0.39054726368159204,0.6376451077943616,0.3034825870646766,0.26533996683250416,0.3482587064676617,0.25538971807628524,0.48092868988391374,0.44029850746268656,0.3034825870646766,0.6616915422885572,0.33250414593698174,0.2777777777777778,0.33167495854063017,0.9145936981757877,0.6169154228855721,0.5016583747927031,0.8839137645107794,0.3175787728026534,0.9245439469320066,0.8441127694859039,0.3092868988391376,0.8590381426202321,0.19734660033167495,0.5422885572139303,0.3888888888888889,0.28441127694859036,0.48756218905472637,0.4427860696517413,0.19734660033167495,0.7860696517412935,0.33747927031509123,0.27611940298507465,0.32338308457711445,0.48756218905472637,0.7263681592039801,0.5796019900497512,0.5348258706467661,0.8159203980099502
103,201147,Corey Brewer,32,72,2018,2614,OKC,1610612760,32.0,81.0,186.0,Florida,USA,2007,1,7,46.21270084162204,5.432287681713849,12.08875286916603,1.1859219586840093,4.208110175975516,2.486610558530987,3.442999234889059,1.6449885233358836,4.2463657230298395,5.891354246365723,2.486610558530987,1.874521805661821,3.0221882172915073,0.5355776587605203,0.9563886763580719,5.31752104055088,3.442999234889059,14.537107880642694,-2.1423106350420813,0.0,0.0,0.07651109410864575,3.9403213465952565,4.131599081866871,4.131599081866871,-0.07651109410864575,4.131599081866871,4.016832440703902,3.2899770466717673,0.4973221117061974,4.016832440703902,3.9403213465952565,-0.07651109410864575,-0.07651109410864575,3.9403213465952565,4.016832440703902,0.1530221882172915,0.03825554705432287,0.19127773527161437,1.0711553175210407,0.19127773527161437,0.4590665646518745,0.38255547054322875,6.618209640397858,0.4973221117061974,0.8798775822494261,1.7214996174445294,0.11476664116296863,3.8638102524866107,0.9563886763580719,1.3006885998469777,0.0,3.0221882172915073,0.22953328232593725,0.0,0.0,0.0,0.0,0.0,0.26778882938026016,0.0,0.7651109410864575,0.0,3.9020657995409334,0.11476664116296863,0.19127773527161437,1.0711553175210407,0.03825554705432287,0.1530221882172915,0.0,0.1530221882172915,0.0,0.4973221117061974,0.0,0.0,0.19127773527161437,3.2899770466717673,0.0,0.0,0.0,6.885998469778118,5.011476664116297,2.8309104820198927,0.306044376434583,28.423871461361898,28.423871461361898,0.07651109410864575,6.159143075745983,0.19127773527161437,0.26778882938026016,1.0711553175210407,1.3006885998469777,4.2463657230298395,2.3335883703136955,0.19127773527161437,0.22953328232593725,0.38255547054322875,2.218821729150727,44.68247895944912,0.03825554705432287,14.537107880642694,1.4537107880642692,0.03825554705432287,2.9074215761285385,28.117827084927313,1.0328997704667178,0.03825554705432287,0.0,0.0,0.0,0.0,0.7268553940321346,0.26778882938026016,4.475899005355776,0.07651109410864575,5.31752104055088,0.38255547054322875,0.8033664881407804,1.1094108645753635,0.306044376434583,1.3389441469013006,12.547819433817903,0.8033664881407804,3.366488140780413,7.421576128538638,0.5355776587605203,0.0,0.0,0.0,0.8033664881407804,0.8033664881407804,0.0,1.4154552410099464,1.4154552410099464,0.0,1.7214996174445294,0.0,0.306044376434583,3.481254781943382,0.0,1.6832440703902065,3.175210405508799,0.0,0.03825554705432287,0.0,1.7597551644988523,1.874521805661821,0.5738332058148432,0.0,1.3771996939556235,1.9510328997704667,0.0,3.6342769701606734,0.4590665646518745,0.38255547054322875,0.9563886763580719,0.5738332058148432,0.0,2.6013771996939554,0.0,2.1423106350420813,0.0,0.38255547054322875,0.34429992348890587,0.8033664881407804,0.19127773527161437,0.0,1.9510328997704667,0.5355776587605203,0.0,3.5577658760520277,2.0275439938791124,3.2517214996174446,0.0,1.1859219586840093,3.8255547054322876,3.8638102524866107,1.1859219586840093,34.12394797245601,0.8033664881407804,0.0,5.929609793420046,2.5631216526396328,17921.882172915073,0.0,1.6832440703902065,0.0,3.366488140780413,1.5684774292272379,0.0,2.180566182096404,1.7980107115531752,0.0,3.366488140780413,0.38255547054322875,3.366488140780413,0.1530221882172915,0.26778882938026016,0.306044376434583,0.03825554705432287,0.38255547054322875,0.34429992348890587,2.0275439938791124,1.6449885233358836,6.159143075745983,0.1530221882172915,7.421576128538638,4.2463657230298395,0.0,44.68247895944912,0.8033664881407804,1.3006885998469777,7.421576128538638,0.5355776587605203,0.1530221882172915,22.5707727620505,3.3282325937260904,0.0,0.0,1.1094108645753635,0.1530221882172915,5.891354246365723,0.8033664881407804,0.42081101759755163,3.2517214996174446,5.31752104055088,1.2624330527926548,6.235654169854629,1.3389441469013006,0.03825554705432287,3.5577658760520277,12.394797245600612,4.934965570007651,0.7268553940321346,0.0,0.7268553940321346,0.0,0.07651109410864575,2.5248661055853097,0.0,1.7597551644988523,1.6449885233358836,4.475899005355776,12.547819433817903,0.444,0.449,0.282,0.722,10.4,0.06,0.073,0.089,10.4,0.534,0.498,0.139,0.033,0.136,0.5,0.0,0.214,0.316,0.584,0.289,0.353,0.217,0.1,0.087,0.55,0.5,0.306,0.063,0.045,0.483,0.054,0.47,0.326,0.309,0.572,0.189,0.634,0.502,0.314,0.227,0.568,0.568,0.0,0.568,0.495,0.5,0.53,0.125,0.735,0.616,0.326,0.537,0.833,0.368,0.268,0.478,0.238,0.0,0.238,0.333,0.307,0.476,0.0,0.498,0.624,0.603,0.31,0.46,0.892,0.0,0.0,0.448,0.0,0.314,-0.001,0.0,0.624,0.502,0.313,0.0,0.479,0.634,0.603,0.441,0.47,1.0,0.367,0.326,0.568,0.34,0.569,0.449,0.324,0.189,0.227,0.592,0.687,0.0,0.108,0.825,0.309,0.175,0.509,0.572,0.515,0.1583747927031509,0.2810945273631841,0.2462686567164179,0.3888888888888889,0.38225538971807627,0.49336650082918737,0.49502487562189057,0.5696517412935324,0.2512437810945274,0.3524046434494196,0.32587064676616917,0.3142620232172471,0.906301824212272,0.44029850746268656,0.5597014925373134,0.7437810945273632,0.5398009950248757,0.291044776119403,0.44859038142620233,0.31260364842454397,0.47512437810945274,0.3524046434494196,0.45356550580431176,0.45107794361525705,0.45107794361525705,0.43532338308457713,0.45107794361525705,0.4502487562189055,0.4552238805970149,0.4054726368159204,0.4502487562189055,0.4552238805970149,0.43532338308457713,0.44029850746268656,0.45356550580431176,0.4519071310116086,0.1583747927031509,0.49834162520729686,0.2131011608623549,0.25456053067993367,0.23134328358208955,0.8034825870646766,0.1550580431177446,0.6890547263681592,0.8300165837479271,0.20315091210613598,0.8930348258706468,0.8565505804311775,0.6791044776119403,0.8233830845771144,0.8532338308457711,0.4966832504145937,0.8897180762852405,0.2860696517412935,0.13681592039800994,0.4867330016583748,0.4966832504145937,0.4917081260364842,0.48756218905472637,0.2230514096185738,0.4925373134328358,0.2562189054726368,0.4925373134328358,0.6658374792703151,0.31260364842454397,0.8980099502487562,0.5713101160862355,0.6708126036484245,0.25290215588723053,0.4286898839137645,0.18325041459369817,0.48839137645107794,0.2131011608623549,0.49834162520729686,0.49917081260364843,0.30265339966832505,0.6343283582089553,0.49336650082918737,0.42371475953565507,0.4925373134328358,0.6724709784411277,0.36069651741293535,0.3275290215588723,0.763681592039801,0.09535655058043117,0.08374792703150911,0.21144278606965175,0.3275290215588723,0.3723051409618574,0.43532338308457713,0.49834162520729686,0.48009950248756217,0.4286898839137645,0.4684908789386401,0.4187396351575456,0.42703150912106136,0.42371475953565507,0.46683250414593697,0.08540630182421227,0.21144278606965175,0.2943615257048093,0.1799336650082919,0.533167495854063,0.5381426202321725,0.09535655058043117,0.4361525704809287,0.32172470978441126,0.4792703150912106,0.43781094527363185,0.49917081260364843,0.4734660033167496,0.4925373134328358,0.5016583747927031,0.3407960199004975,0.3706467661691542,0.5613598673300166,0.5132669983416253,0.3839137645107794,0.7205638474295191,0.5066334991708126,0.4154228855721393,0.3706467661691542,0.4286898839137645,0.23797678275290216,0.24129353233830847,0.47180762852404645,0.4461028192371476,0.5,0.3540630182421227,0.533167495854063,0.5248756218905473,0.5,0.48175787728026537,0.49502487562189057,0.5008291873963516,0.2810945273631841,0.49502487562189057,0.5679933665008292,0.27114427860696516,0.49585406301824214,0.3142620232172471,0.3009950248756219,0.5,0.5265339966832504,0.49917081260364843,0.5265339966832504,0.45688225538971805,0.5613598673300166,0.5,0.6525704809286899,0.6044776119402985,0.4975124378109453,0.478441127694859,0.28689883913764513,0.44029850746268656,0.3043117744610282,0.3474295190713101,0.49585406301824214,0.29270315091210614,0.5,0.36069651741293535,0.49834162520729686,0.26616915422885573,0.44029850746268656,0.2877280265339967,0.27114427860696516,0.22719734660033167,0.49834162520729686,0.45356550580431176,0.25538971807628524,0.4021558872305141,0.13349917081260365,0.11857379767827529,0.5008291873963516,0.4651741293532338,0.48839137645107794,0.4154228855721393,0.38474295190713104,0.3308457711442786,0.4286898839137645,0.5008291873963516,0.10862354892205639,0.9029850746268657,0.38723051409618575,0.5008291873963516,0.8565505804311775,0.33167495854063017,0.13018242122719734,0.23466003316749584,0.26533996683250416,0.3275290215588723,0.28441127694859036,0.3034825870646766,0.4386401326699834,0.5132669983416253,0.23797678275290216,0.4759535655058043,0.5016583747927031,0.5066334991708126,0.4320066334991708,0.5398009950248757,0.32587064676616917,0.13349917081260365,0.5696517412935324,0.4767827529021559,0.2752902155887231,0.04228855721393035,0.25456053067993367,0.2230514096185738,0.08540630182421227,0.6907131011608624,0.06053067993366501,0.24129353233830847,0.47180762852404645,0.45107794361525705,0.6144278606965174,0.0472636815920398,0.33747927031509123,0.5008291873963516,0.7205638474295191,0.4427860696517413,0.35903814262023215,0.3839137645107794,0.8814262023217247,0.11857379767827529,0.5613598673300166,0.33913764510779437,0.8598673300165838,0.4154228855721393,0.32172470978441126,0.08208955223880597,0.5613598673300166,0.884742951907131,0.4925373134328358,0.3034825870646766,0.3076285240464345,0.3341625207296849,0.3706467661691542,0.05555555555555555,0.25538971807628524,0.9145936981757877,0.24129353233830847,0.3407960199004975,0.3706467661691542,0.4046434494195688,0.5447761194029851,0.35655058043117743,0.42703150912106136,0.5207296849087893,0.35655058043117743,0.29767827529021557,0.2603648424543947,0.5223880597014925,0.45688225538971805,0.41708126036484244,0.23217247097844113,0.5597014925373134,0.24046434494195687,0.8631840796019901,0.4966832504145937,0.3167495854063018,0.44029850746268656,0.4046434494195688,0.4792703150912106,0.560530679933665,0.21227197346600332,0.6832504145936982,0.6907131011608624,0.6061359867330016,0.31923714759535654,0.6160862354892206,0.5149253731343284,0.44776119402985076,0.675787728026534,0.39054726368159204,0.3175787728026534,0.3092868988391376,0.48756218905472637,0.5348258706467661,0.48756218905472637,0.6169154228855721,0.33250414593698174,0.48092868988391374,0.4427860696517413,0.6310116086235489,0.6160862354892206,0.4461028192371476,0.6409618573797679,0.39054726368159204,0.34577114427860695,0.433665008291874,0.5041459369817579,0.8731343283582089,0.7976782752902156,0.5920398009950248,0.7835820895522388,0.8698175787728026,0.3275290215588723,0.3208955223880597,0.3018242122719735,0.24461028192371476,0.22719734660033167,0.2570480928689884,0.27611940298507465,0.2960199004975124,0.24129353233830847,0.26533996683250416,0.42039800995024873,0.6616915422885572,0.5016583747927031,0.40630182421227196,0.39054726368159204,0.6376451077943616,0.3034825870646766,0.26533996683250416,0.3482587064676617,0.25538971807628524,0.48092868988391374,0.44029850746268656,0.3034825870646766,0.6616915422885572,0.33250414593698174,0.2777777777777778,0.33167495854063017,0.9145936981757877,0.6169154228855721,0.5016583747927031,0.8839137645107794,0.3175787728026534,0.9245439469320066,0.8441127694859039,0.3092868988391376,0.8590381426202321,0.0912106135986733,0.6907131011608624,0.3888888888888889,0.28441127694859036,0.48756218905472637,0.4427860696517413,0.19734660033167495,0.7860696517412935,0.33747927031509123,0.27611940298507465,0.32338308457711445,0.48756218905472637,0.7263681592039801,0.5796019900497512,0.5348258706467661,0.24958540630182421
104,201147,Corey Brewer,32,72,2018,2614,OKC,1610612760,32.0,81.0,186.0,Florida,USA,2007,1,7,46.21270084162204,5.432287681713849,12.08875286916603,1.1859219586840093,4.208110175975516,2.486610558530987,3.442999234889059,1.6449885233358836,4.2463657230298395,5.891354246365723,2.486610558530987,1.874521805661821,3.0221882172915073,0.5355776587605203,0.9563886763580719,5.31752104055088,3.442999234889059,14.537107880642694,-2.1423106350420813,0.0,0.0,0.07651109410864575,3.9403213465952565,4.131599081866871,4.131599081866871,-0.07651109410864575,4.131599081866871,4.016832440703902,3.2899770466717673,0.4973221117061974,4.016832440703902,3.9403213465952565,-0.07651109410864575,-0.07651109410864575,3.9403213465952565,4.016832440703902,0.1530221882172915,0.03825554705432287,0.19127773527161437,1.0711553175210407,0.19127773527161437,0.4590665646518745,0.38255547054322875,6.618209640397858,0.4973221117061974,0.8798775822494261,1.7214996174445294,0.11476664116296863,3.8638102524866107,0.9563886763580719,1.3006885998469777,0.0,3.0221882172915073,0.22953328232593725,0.0,0.0,0.0,0.0,0.0,0.26778882938026016,0.0,0.7651109410864575,0.0,3.9020657995409334,0.11476664116296863,0.19127773527161437,1.0711553175210407,0.03825554705432287,0.1530221882172915,0.0,0.1530221882172915,0.0,0.4973221117061974,0.0,0.0,0.19127773527161437,3.2899770466717673,0.0,0.0,0.0,6.885998469778118,5.011476664116297,2.8309104820198927,0.306044376434583,28.423871461361898,28.423871461361898,0.07651109410864575,6.159143075745983,0.19127773527161437,0.26778882938026016,1.0711553175210407,1.3006885998469777,4.2463657230298395,2.3335883703136955,0.19127773527161437,0.22953328232593725,0.38255547054322875,2.218821729150727,44.68247895944912,0.03825554705432287,14.537107880642694,1.4537107880642692,0.03825554705432287,2.9074215761285385,28.117827084927313,1.0328997704667178,0.03825554705432287,0.0,0.0,0.0,0.0,0.7268553940321346,0.26778882938026016,4.475899005355776,0.07651109410864575,5.31752104055088,0.38255547054322875,0.8033664881407804,1.1094108645753635,0.306044376434583,1.3389441469013006,12.547819433817903,0.8033664881407804,3.366488140780413,7.421576128538638,0.5355776587605203,0.0,0.0,0.0,0.8033664881407804,0.8033664881407804,0.0,1.4154552410099464,1.4154552410099464,0.0,1.7214996174445294,0.0,0.306044376434583,3.481254781943382,0.0,1.6832440703902065,3.175210405508799,0.0,0.03825554705432287,0.0,1.7597551644988523,1.874521805661821,0.5738332058148432,0.0,1.3771996939556235,1.9510328997704667,0.0,3.6342769701606734,0.4590665646518745,0.38255547054322875,0.9563886763580719,0.5738332058148432,0.0,2.6013771996939554,0.0,2.1423106350420813,0.0,0.38255547054322875,0.34429992348890587,0.8033664881407804,0.19127773527161437,0.0,1.9510328997704667,0.5355776587605203,0.0,3.5577658760520277,2.0275439938791124,3.2517214996174446,0.0,1.1859219586840093,3.8255547054322876,3.8638102524866107,1.1859219586840093,34.12394797245601,0.8033664881407804,0.0,5.929609793420046,2.5631216526396328,17921.882172915073,0.0,1.6832440703902065,0.0,3.366488140780413,1.5684774292272379,0.0,2.180566182096404,1.7980107115531752,0.0,3.366488140780413,0.38255547054322875,3.366488140780413,0.1530221882172915,0.26778882938026016,0.306044376434583,0.03825554705432287,0.38255547054322875,0.34429992348890587,1.0711553175210407,1.6449885233358836,6.159143075745983,0.1530221882172915,7.421576128538638,4.2463657230298395,0.0,44.68247895944912,0.8033664881407804,2.3718439173680186,7.421576128538638,0.5355776587605203,0.1530221882172915,22.5707727620505,3.3282325937260904,0.0,0.0,1.1094108645753635,0.1530221882172915,5.891354246365723,0.8033664881407804,0.42081101759755163,1.9510328997704667,5.31752104055088,1.2624330527926548,6.235654169854629,1.3389441469013006,0.03825554705432287,3.5577658760520277,12.394797245600612,4.934965570007651,0.7268553940321346,0.0,0.7268553940321346,0.0,0.07651109410864575,3.8255547054322876,0.0,1.7597551644988523,1.6449885233358836,4.475899005355776,12.547819433817903,0.444,0.449,0.282,0.722,10.4,0.06,0.073,0.089,10.4,0.534,0.498,0.139,0.033,0.136,0.5,0.0,0.214,0.316,0.584,0.289,0.353,0.217,0.1,0.087,0.55,0.5,0.306,0.063,0.045,0.483,0.054,0.47,0.326,0.309,0.572,0.189,0.634,0.502,0.314,0.227,0.568,0.568,0.0,0.568,0.495,0.5,0.53,0.125,0.735,0.616,0.326,0.537,0.833,0.368,0.268,0.478,0.238,0.0,0.238,0.333,0.307,0.476,0.0,0.498,0.624,0.603,0.31,0.46,0.892,0.0,0.0,0.448,0.0,0.314,-0.001,0.0,0.549,0.502,0.313,0.0,0.479,0.634,0.62,0.441,0.47,1.0,0.367,0.326,0.568,0.382,0.565,0.449,0.263,0.189,0.227,0.592,0.687,0.0,0.108,0.825,0.309,0.175,0.509,0.572,0.62,0.1583747927031509,0.2810945273631841,0.2462686567164179,0.3888888888888889,0.38225538971807627,0.49336650082918737,0.49502487562189057,0.5696517412935324,0.2512437810945274,0.3524046434494196,0.32587064676616917,0.3142620232172471,0.906301824212272,0.44029850746268656,0.5597014925373134,0.7437810945273632,0.5398009950248757,0.291044776119403,0.44859038142620233,0.31260364842454397,0.47512437810945274,0.3524046434494196,0.45356550580431176,0.45107794361525705,0.45107794361525705,0.43532338308457713,0.45107794361525705,0.4502487562189055,0.4552238805970149,0.4054726368159204,0.4502487562189055,0.4552238805970149,0.43532338308457713,0.44029850746268656,0.45356550580431176,0.4519071310116086,0.1583747927031509,0.49834162520729686,0.2131011608623549,0.25456053067993367,0.23134328358208955,0.8034825870646766,0.1550580431177446,0.6890547263681592,0.8300165837479271,0.20315091210613598,0.8930348258706468,0.8565505804311775,0.6791044776119403,0.8233830845771144,0.8532338308457711,0.4966832504145937,0.8897180762852405,0.2860696517412935,0.13681592039800994,0.4867330016583748,0.4966832504145937,0.4917081260364842,0.48756218905472637,0.2230514096185738,0.4925373134328358,0.2562189054726368,0.4925373134328358,0.6658374792703151,0.31260364842454397,0.8980099502487562,0.5713101160862355,0.6708126036484245,0.25290215588723053,0.4286898839137645,0.18325041459369817,0.48839137645107794,0.2131011608623549,0.49834162520729686,0.49917081260364843,0.30265339966832505,0.6343283582089553,0.49336650082918737,0.42371475953565507,0.4925373134328358,0.6724709784411277,0.36069651741293535,0.3275290215588723,0.763681592039801,0.09535655058043117,0.08374792703150911,0.21144278606965175,0.3275290215588723,0.3723051409618574,0.43532338308457713,0.49834162520729686,0.48009950248756217,0.4286898839137645,0.4684908789386401,0.4187396351575456,0.42703150912106136,0.42371475953565507,0.46683250414593697,0.08540630182421227,0.21144278606965175,0.2943615257048093,0.1799336650082919,0.533167495854063,0.5381426202321725,0.09535655058043117,0.4361525704809287,0.32172470978441126,0.4792703150912106,0.43781094527363185,0.49917081260364843,0.4734660033167496,0.4925373134328358,0.5016583747927031,0.3407960199004975,0.3706467661691542,0.5613598673300166,0.5132669983416253,0.3839137645107794,0.7205638474295191,0.5066334991708126,0.4154228855721393,0.3706467661691542,0.4286898839137645,0.23797678275290216,0.24129353233830847,0.47180762852404645,0.4461028192371476,0.5,0.3540630182421227,0.533167495854063,0.5248756218905473,0.5,0.48175787728026537,0.49502487562189057,0.5008291873963516,0.2810945273631841,0.49502487562189057,0.5679933665008292,0.27114427860696516,0.49585406301824214,0.3142620232172471,0.3009950248756219,0.5,0.5265339966832504,0.49917081260364843,0.5265339966832504,0.45688225538971805,0.5613598673300166,0.5,0.6525704809286899,0.6044776119402985,0.4975124378109453,0.478441127694859,0.28689883913764513,0.44029850746268656,0.3043117744610282,0.3474295190713101,0.49585406301824214,0.29270315091210614,0.5,0.36069651741293535,0.49834162520729686,0.26616915422885573,0.44029850746268656,0.2877280265339967,0.27114427860696516,0.22719734660033167,0.49834162520729686,0.45356550580431176,0.25538971807628524,0.4021558872305141,0.13349917081260365,0.11857379767827529,0.5008291873963516,0.4651741293532338,0.48839137645107794,0.4154228855721393,0.38474295190713104,0.3308457711442786,0.4286898839137645,0.5008291873963516,0.10862354892205639,0.9029850746268657,0.38723051409618575,0.5008291873963516,0.8565505804311775,0.33167495854063017,0.13018242122719734,0.23466003316749584,0.26533996683250416,0.3275290215588723,0.28441127694859036,0.3034825870646766,0.4386401326699834,0.5132669983416253,0.23797678275290216,0.4759535655058043,0.5016583747927031,0.5066334991708126,0.4320066334991708,0.5398009950248757,0.32587064676616917,0.06218905472636816,0.5696517412935324,0.4767827529021559,0.2752902155887231,0.04228855721393035,0.25456053067993367,0.2230514096185738,0.08540630182421227,0.6907131011608624,0.1318407960199005,0.24129353233830847,0.47180762852404645,0.45107794361525705,0.6144278606965174,0.0472636815920398,0.33747927031509123,0.5008291873963516,0.7205638474295191,0.4427860696517413,0.35903814262023215,0.3839137645107794,0.8814262023217247,0.05555555555555555,0.5613598673300166,0.33913764510779437,0.8598673300165838,0.4154228855721393,0.32172470978441126,0.08208955223880597,0.5613598673300166,0.884742951907131,0.4925373134328358,0.3034825870646766,0.3076285240464345,0.3341625207296849,0.3706467661691542,0.11857379767827529,0.25538971807628524,0.9145936981757877,0.24129353233830847,0.3407960199004975,0.3706467661691542,0.4046434494195688,0.5447761194029851,0.35655058043117743,0.42703150912106136,0.5207296849087893,0.35655058043117743,0.29767827529021557,0.2603648424543947,0.5223880597014925,0.45688225538971805,0.41708126036484244,0.23217247097844113,0.5597014925373134,0.24046434494195687,0.8631840796019901,0.4966832504145937,0.3167495854063018,0.44029850746268656,0.4046434494195688,0.4792703150912106,0.560530679933665,0.21227197346600332,0.6832504145936982,0.6907131011608624,0.6061359867330016,0.31923714759535654,0.6160862354892206,0.5149253731343284,0.44776119402985076,0.675787728026534,0.39054726368159204,0.3175787728026534,0.3092868988391376,0.48756218905472637,0.5348258706467661,0.48756218905472637,0.6169154228855721,0.33250414593698174,0.48092868988391374,0.4427860696517413,0.6310116086235489,0.6160862354892206,0.4461028192371476,0.6409618573797679,0.39054726368159204,0.34577114427860695,0.433665008291874,0.5041459369817579,0.8731343283582089,0.7976782752902156,0.5920398009950248,0.7835820895522388,0.8698175787728026,0.3275290215588723,0.3208955223880597,0.3018242122719735,0.24461028192371476,0.22719734660033167,0.2570480928689884,0.27611940298507465,0.2960199004975124,0.24129353233830847,0.26533996683250416,0.42039800995024873,0.6616915422885572,0.5016583747927031,0.40630182421227196,0.39054726368159204,0.6376451077943616,0.3034825870646766,0.26533996683250416,0.3482587064676617,0.25538971807628524,0.48092868988391374,0.44029850746268656,0.3034825870646766,0.2512437810945274,0.33250414593698174,0.2777777777777778,0.33167495854063017,0.9145936981757877,0.6169154228855721,0.9046434494195689,0.8839137645107794,0.3175787728026534,0.9245439469320066,0.8441127694859039,0.3092868988391376,0.8590381426202321,0.19734660033167495,0.5422885572139303,0.3888888888888889,0.09286898839137644,0.48756218905472637,0.4427860696517413,0.19734660033167495,0.7860696517412935,0.33747927031509123,0.27611940298507465,0.32338308457711445,0.48756218905472637,0.7263681592039801,0.5796019900497512,0.5348258706467661,0.8159203980099502
105,201147,Corey Brewer,32,72,2018,2614,OKC,1610612760,32.0,81.0,186.0,Florida,USA,2007,1,7,46.21270084162204,5.432287681713849,12.08875286916603,1.1859219586840093,4.208110175975516,2.486610558530987,3.442999234889059,1.6449885233358836,4.2463657230298395,5.891354246365723,2.486610558530987,1.874521805661821,3.0221882172915073,0.5355776587605203,0.9563886763580719,5.31752104055088,3.442999234889059,14.537107880642694,-2.1423106350420813,0.0,0.0,0.07651109410864575,3.9403213465952565,4.131599081866871,4.131599081866871,-0.07651109410864575,4.131599081866871,4.016832440703902,3.2899770466717673,0.4973221117061974,4.016832440703902,3.9403213465952565,-0.07651109410864575,-0.07651109410864575,3.9403213465952565,4.016832440703902,0.1530221882172915,0.03825554705432287,0.19127773527161437,1.0711553175210407,0.19127773527161437,0.4590665646518745,0.38255547054322875,6.618209640397858,0.4973221117061974,0.8798775822494261,1.7214996174445294,0.11476664116296863,3.8638102524866107,0.9563886763580719,1.3006885998469777,0.0,3.0221882172915073,0.22953328232593725,0.0,0.0,0.0,0.0,0.0,0.26778882938026016,0.0,0.7651109410864575,0.0,3.9020657995409334,0.11476664116296863,0.19127773527161437,1.0711553175210407,0.03825554705432287,0.1530221882172915,0.0,0.1530221882172915,0.0,0.4973221117061974,0.0,0.0,0.19127773527161437,3.2899770466717673,0.0,0.0,0.0,6.885998469778118,5.011476664116297,2.8309104820198927,0.306044376434583,28.423871461361898,28.423871461361898,0.07651109410864575,6.159143075745983,0.19127773527161437,0.26778882938026016,1.0711553175210407,1.3006885998469777,4.2463657230298395,2.3335883703136955,0.19127773527161437,0.22953328232593725,0.38255547054322875,2.218821729150727,44.68247895944912,0.03825554705432287,14.537107880642694,1.4537107880642692,0.03825554705432287,2.9074215761285385,28.117827084927313,1.0328997704667178,0.03825554705432287,0.0,0.0,0.0,0.0,0.7268553940321346,0.26778882938026016,4.475899005355776,0.07651109410864575,5.31752104055088,0.38255547054322875,0.8033664881407804,1.1094108645753635,0.306044376434583,1.3389441469013006,12.547819433817903,0.8033664881407804,3.366488140780413,7.421576128538638,0.5355776587605203,0.0,0.0,0.0,0.8033664881407804,0.8033664881407804,0.0,1.4154552410099464,1.4154552410099464,0.0,1.7214996174445294,0.0,0.306044376434583,3.481254781943382,0.0,1.6832440703902065,3.175210405508799,0.0,0.03825554705432287,0.0,1.7597551644988523,1.874521805661821,0.5738332058148432,0.0,1.3771996939556235,1.9510328997704667,0.0,3.6342769701606734,0.4590665646518745,0.38255547054322875,0.9563886763580719,0.5738332058148432,0.0,2.6013771996939554,0.0,2.1423106350420813,0.0,0.38255547054322875,0.34429992348890587,0.8033664881407804,0.19127773527161437,0.0,1.9510328997704667,0.5355776587605203,0.0,3.5577658760520277,2.0275439938791124,3.2517214996174446,0.0,1.1859219586840093,3.8255547054322876,3.8638102524866107,1.1859219586840093,34.12394797245601,0.8033664881407804,0.0,5.929609793420046,2.5631216526396328,17921.882172915073,0.0,1.6832440703902065,0.0,3.366488140780413,1.5684774292272379,0.0,2.180566182096404,1.7980107115531752,0.0,3.366488140780413,0.38255547054322875,3.366488140780413,0.1530221882172915,0.26778882938026016,0.306044376434583,0.03825554705432287,0.38255547054322875,0.34429992348890587,1.0711553175210407,1.6449885233358836,6.159143075745983,0.1530221882172915,7.421576128538638,4.2463657230298395,0.0,44.68247895944912,0.8033664881407804,1.3006885998469777,7.421576128538638,0.5355776587605203,0.1530221882172915,22.5707727620505,3.3282325937260904,0.0,0.0,1.1094108645753635,0.1530221882172915,5.891354246365723,0.8033664881407804,0.42081101759755163,1.9510328997704667,5.31752104055088,1.2624330527926548,6.235654169854629,1.3389441469013006,0.03825554705432287,3.5577658760520277,12.394797245600612,4.934965570007651,0.7268553940321346,0.0,0.7268553940321346,0.0,0.07651109410864575,2.5248661055853097,0.0,1.7597551644988523,1.6449885233358836,4.475899005355776,12.547819433817903,0.444,0.449,0.282,0.722,10.4,0.06,0.073,0.089,10.4,0.534,0.498,0.139,0.033,0.136,0.5,0.0,0.214,0.316,0.584,0.289,0.353,0.217,0.1,0.087,0.55,0.5,0.306,0.063,0.045,0.483,0.054,0.47,0.326,0.309,0.572,0.189,0.634,0.502,0.314,0.227,0.568,0.568,0.0,0.568,0.495,0.5,0.53,0.125,0.735,0.616,0.326,0.537,0.833,0.368,0.268,0.478,0.238,0.0,0.238,0.333,0.307,0.476,0.0,0.498,0.624,0.603,0.31,0.46,0.892,0.0,0.0,0.448,0.0,0.314,-0.001,0.0,0.549,0.502,0.313,0.0,0.479,0.634,0.62,0.441,0.47,1.0,0.367,0.326,0.568,0.34,0.569,0.449,0.263,0.189,0.227,0.592,0.687,0.0,0.108,0.825,0.309,0.175,0.509,0.572,0.515,0.1583747927031509,0.2810945273631841,0.2462686567164179,0.3888888888888889,0.38225538971807627,0.49336650082918737,0.49502487562189057,0.5696517412935324,0.2512437810945274,0.3524046434494196,0.32587064676616917,0.3142620232172471,0.906301824212272,0.44029850746268656,0.5597014925373134,0.7437810945273632,0.5398009950248757,0.291044776119403,0.44859038142620233,0.31260364842454397,0.47512437810945274,0.3524046434494196,0.45356550580431176,0.45107794361525705,0.45107794361525705,0.43532338308457713,0.45107794361525705,0.4502487562189055,0.4552238805970149,0.4054726368159204,0.4502487562189055,0.4552238805970149,0.43532338308457713,0.44029850746268656,0.45356550580431176,0.4519071310116086,0.1583747927031509,0.49834162520729686,0.2131011608623549,0.25456053067993367,0.23134328358208955,0.8034825870646766,0.1550580431177446,0.6890547263681592,0.8300165837479271,0.20315091210613598,0.8930348258706468,0.8565505804311775,0.6791044776119403,0.8233830845771144,0.8532338308457711,0.4966832504145937,0.8897180762852405,0.2860696517412935,0.13681592039800994,0.4867330016583748,0.4966832504145937,0.4917081260364842,0.48756218905472637,0.2230514096185738,0.4925373134328358,0.2562189054726368,0.4925373134328358,0.6658374792703151,0.31260364842454397,0.8980099502487562,0.5713101160862355,0.6708126036484245,0.25290215588723053,0.4286898839137645,0.18325041459369817,0.48839137645107794,0.2131011608623549,0.49834162520729686,0.49917081260364843,0.30265339966832505,0.6343283582089553,0.49336650082918737,0.42371475953565507,0.4925373134328358,0.6724709784411277,0.36069651741293535,0.3275290215588723,0.763681592039801,0.09535655058043117,0.08374792703150911,0.21144278606965175,0.3275290215588723,0.3723051409618574,0.43532338308457713,0.49834162520729686,0.48009950248756217,0.4286898839137645,0.4684908789386401,0.4187396351575456,0.42703150912106136,0.42371475953565507,0.46683250414593697,0.08540630182421227,0.21144278606965175,0.2943615257048093,0.1799336650082919,0.533167495854063,0.5381426202321725,0.09535655058043117,0.4361525704809287,0.32172470978441126,0.4792703150912106,0.43781094527363185,0.49917081260364843,0.4734660033167496,0.4925373134328358,0.5016583747927031,0.3407960199004975,0.3706467661691542,0.5613598673300166,0.5132669983416253,0.3839137645107794,0.7205638474295191,0.5066334991708126,0.4154228855721393,0.3706467661691542,0.4286898839137645,0.23797678275290216,0.24129353233830847,0.47180762852404645,0.4461028192371476,0.5,0.3540630182421227,0.533167495854063,0.5248756218905473,0.5,0.48175787728026537,0.49502487562189057,0.5008291873963516,0.2810945273631841,0.49502487562189057,0.5679933665008292,0.27114427860696516,0.49585406301824214,0.3142620232172471,0.3009950248756219,0.5,0.5265339966832504,0.49917081260364843,0.5265339966832504,0.45688225538971805,0.5613598673300166,0.5,0.6525704809286899,0.6044776119402985,0.4975124378109453,0.478441127694859,0.28689883913764513,0.44029850746268656,0.3043117744610282,0.3474295190713101,0.49585406301824214,0.29270315091210614,0.5,0.36069651741293535,0.49834162520729686,0.26616915422885573,0.44029850746268656,0.2877280265339967,0.27114427860696516,0.22719734660033167,0.49834162520729686,0.45356550580431176,0.25538971807628524,0.4021558872305141,0.13349917081260365,0.11857379767827529,0.5008291873963516,0.4651741293532338,0.48839137645107794,0.4154228855721393,0.38474295190713104,0.3308457711442786,0.4286898839137645,0.5008291873963516,0.10862354892205639,0.9029850746268657,0.38723051409618575,0.5008291873963516,0.8565505804311775,0.33167495854063017,0.13018242122719734,0.23466003316749584,0.26533996683250416,0.3275290215588723,0.28441127694859036,0.3034825870646766,0.4386401326699834,0.5132669983416253,0.23797678275290216,0.4759535655058043,0.5016583747927031,0.5066334991708126,0.4320066334991708,0.5398009950248757,0.32587064676616917,0.06218905472636816,0.5696517412935324,0.4767827529021559,0.2752902155887231,0.04228855721393035,0.25456053067993367,0.2230514096185738,0.08540630182421227,0.6907131011608624,0.06053067993366501,0.24129353233830847,0.47180762852404645,0.45107794361525705,0.6144278606965174,0.0472636815920398,0.33747927031509123,0.5008291873963516,0.7205638474295191,0.4427860696517413,0.35903814262023215,0.3839137645107794,0.8814262023217247,0.05555555555555555,0.5613598673300166,0.33913764510779437,0.8598673300165838,0.4154228855721393,0.32172470978441126,0.08208955223880597,0.5613598673300166,0.884742951907131,0.4925373134328358,0.3034825870646766,0.3076285240464345,0.3341625207296849,0.3706467661691542,0.05555555555555555,0.25538971807628524,0.9145936981757877,0.24129353233830847,0.3407960199004975,0.3706467661691542,0.4046434494195688,0.5447761194029851,0.35655058043117743,0.42703150912106136,0.5207296849087893,0.35655058043117743,0.29767827529021557,0.2603648424543947,0.5223880597014925,0.45688225538971805,0.41708126036484244,0.23217247097844113,0.5597014925373134,0.24046434494195687,0.8631840796019901,0.4966832504145937,0.3167495854063018,0.44029850746268656,0.4046434494195688,0.4792703150912106,0.560530679933665,0.21227197346600332,0.6832504145936982,0.6907131011608624,0.6061359867330016,0.31923714759535654,0.6160862354892206,0.5149253731343284,0.44776119402985076,0.675787728026534,0.39054726368159204,0.3175787728026534,0.3092868988391376,0.48756218905472637,0.5348258706467661,0.48756218905472637,0.6169154228855721,0.33250414593698174,0.48092868988391374,0.4427860696517413,0.6310116086235489,0.6160862354892206,0.4461028192371476,0.6409618573797679,0.39054726368159204,0.34577114427860695,0.433665008291874,0.5041459369817579,0.8731343283582089,0.7976782752902156,0.5920398009950248,0.7835820895522388,0.8698175787728026,0.3275290215588723,0.3208955223880597,0.3018242122719735,0.24461028192371476,0.22719734660033167,0.2570480928689884,0.27611940298507465,0.2960199004975124,0.24129353233830847,0.26533996683250416,0.42039800995024873,0.6616915422885572,0.5016583747927031,0.40630182421227196,0.39054726368159204,0.6376451077943616,0.3034825870646766,0.26533996683250416,0.3482587064676617,0.25538971807628524,0.48092868988391374,0.44029850746268656,0.3034825870646766,0.2512437810945274,0.33250414593698174,0.2777777777777778,0.33167495854063017,0.9145936981757877,0.6169154228855721,0.9046434494195689,0.8839137645107794,0.3175787728026534,0.9245439469320066,0.8441127694859039,0.3092868988391376,0.8590381426202321,0.0912106135986733,0.6907131011608624,0.3888888888888889,0.09286898839137644,0.48756218905472637,0.4427860696517413,0.19734660033167495,0.7860696517412935,0.33747927031509123,0.27611940298507465,0.32338308457711445,0.48756218905472637,0.7263681592039801,0.5796019900497512,0.5348258706467661,0.24958540630182421
106,201147,Corey Brewer,32,72,2018,2614,OKC,1610612760,32.0,81.0,186.0,Florida,USA,2007,1,7,46.21270084162204,5.432287681713849,12.08875286916603,1.1859219586840093,4.208110175975516,2.486610558530987,3.442999234889059,1.6449885233358836,4.2463657230298395,5.891354246365723,2.486610558530987,1.874521805661821,3.0221882172915073,0.5355776587605203,0.9563886763580719,5.31752104055088,3.442999234889059,14.537107880642694,-2.1423106350420813,0.0,0.0,0.07651109410864575,3.9403213465952565,4.131599081866871,4.131599081866871,-0.07651109410864575,4.131599081866871,4.016832440703902,3.2899770466717673,0.4973221117061974,4.016832440703902,3.9403213465952565,-0.07651109410864575,-0.07651109410864575,3.9403213465952565,4.016832440703902,0.1530221882172915,0.03825554705432287,0.19127773527161437,1.0711553175210407,0.19127773527161437,0.4590665646518745,0.38255547054322875,6.618209640397858,0.4973221117061974,0.8798775822494261,1.7214996174445294,0.11476664116296863,3.8638102524866107,0.9563886763580719,1.3006885998469777,0.0,3.0221882172915073,0.22953328232593725,0.0,0.0,0.0,0.0,0.0,0.26778882938026016,0.0,0.7651109410864575,0.0,3.9020657995409334,0.11476664116296863,0.19127773527161437,1.0711553175210407,0.03825554705432287,0.1530221882172915,0.0,0.1530221882172915,0.0,0.4973221117061974,0.0,0.0,0.19127773527161437,3.2899770466717673,0.0,0.0,0.0,6.885998469778118,5.011476664116297,2.8309104820198927,0.306044376434583,28.423871461361898,28.423871461361898,0.07651109410864575,6.159143075745983,0.19127773527161437,0.26778882938026016,1.0711553175210407,1.3006885998469777,4.2463657230298395,2.3335883703136955,0.19127773527161437,0.22953328232593725,0.38255547054322875,2.218821729150727,44.68247895944912,0.03825554705432287,14.537107880642694,1.4537107880642692,0.03825554705432287,2.9074215761285385,28.117827084927313,1.0328997704667178,0.03825554705432287,0.0,0.0,0.0,0.0,0.7268553940321346,0.26778882938026016,4.475899005355776,0.07651109410864575,5.31752104055088,0.38255547054322875,0.8033664881407804,1.1094108645753635,0.306044376434583,1.3389441469013006,12.547819433817903,0.8033664881407804,3.366488140780413,7.421576128538638,0.5355776587605203,0.0,0.0,0.0,0.8033664881407804,0.8033664881407804,0.0,1.4154552410099464,1.4154552410099464,0.0,1.7214996174445294,0.0,0.306044376434583,3.481254781943382,0.0,1.6832440703902065,3.175210405508799,0.0,0.03825554705432287,0.0,1.7597551644988523,1.874521805661821,0.5738332058148432,0.0,1.3771996939556235,1.9510328997704667,0.0,3.6342769701606734,0.4590665646518745,0.38255547054322875,0.9563886763580719,0.5738332058148432,0.0,2.6013771996939554,0.0,2.1423106350420813,0.0,0.38255547054322875,0.34429992348890587,0.8033664881407804,0.19127773527161437,0.0,1.9510328997704667,0.5355776587605203,0.0,3.5577658760520277,2.0275439938791124,3.2517214996174446,0.0,1.1859219586840093,3.8255547054322876,3.8638102524866107,1.1859219586840093,34.12394797245601,0.8033664881407804,0.0,3.8638102524866107,2.5631216526396328,17921.882172915073,0.0,1.6832440703902065,0.0,1.7597551644988523,1.5684774292272379,0.0,2.180566182096404,1.7980107115531752,0.0,3.366488140780413,0.38255547054322875,3.366488140780413,0.1530221882172915,0.26778882938026016,0.306044376434583,0.03825554705432287,0.38255547054322875,0.34429992348890587,2.0275439938791124,1.6449885233358836,6.159143075745983,0.1530221882172915,7.421576128538638,4.2463657230298395,0.0,44.68247895944912,0.8033664881407804,2.3718439173680186,7.421576128538638,0.5355776587605203,0.1530221882172915,22.5707727620505,3.3282325937260904,0.0,0.0,1.1094108645753635,0.1530221882172915,5.891354246365723,0.8033664881407804,0.42081101759755163,3.2517214996174446,5.31752104055088,1.2624330527926548,6.235654169854629,1.3389441469013006,0.03825554705432287,3.5577658760520277,12.394797245600612,4.934965570007651,0.7268553940321346,0.0,0.7268553940321346,0.0,0.07651109410864575,3.8255547054322876,0.0,1.7597551644988523,1.6449885233358836,4.475899005355776,12.547819433817903,0.444,0.449,0.282,0.722,10.4,0.06,0.073,0.089,10.4,0.534,0.498,0.139,0.033,0.136,0.5,0.0,0.214,0.316,0.584,0.289,0.353,0.217,0.1,0.087,0.55,0.5,0.306,0.063,0.045,0.483,0.054,0.47,0.326,0.309,0.572,0.189,0.634,0.502,0.314,0.227,0.568,0.568,0.0,0.568,0.495,0.5,0.53,0.125,0.735,0.616,0.326,0.537,0.833,0.368,0.268,0.478,0.238,0.0,0.238,0.333,0.307,0.476,0.0,0.498,0.624,0.603,0.31,0.46,0.892,0.0,0.0,0.448,0.0,0.314,-0.001,0.0,0.624,0.502,0.313,0.0,0.479,0.634,0.603,0.441,0.47,1.0,0.367,0.326,0.455,0.382,0.565,0.449,0.324,0.189,0.227,0.521,0.687,0.0,0.108,0.825,0.309,0.175,0.5,0.572,0.62,0.1583747927031509,0.2810945273631841,0.2462686567164179,0.3888888888888889,0.38225538971807627,0.49336650082918737,0.49502487562189057,0.5696517412935324,0.2512437810945274,0.3524046434494196,0.32587064676616917,0.3142620232172471,0.906301824212272,0.44029850746268656,0.5597014925373134,0.7437810945273632,0.5398009950248757,0.291044776119403,0.44859038142620233,0.31260364842454397,0.47512437810945274,0.3524046434494196,0.45356550580431176,0.45107794361525705,0.45107794361525705,0.43532338308457713,0.45107794361525705,0.4502487562189055,0.4552238805970149,0.4054726368159204,0.4502487562189055,0.4552238805970149,0.43532338308457713,0.44029850746268656,0.45356550580431176,0.4519071310116086,0.1583747927031509,0.49834162520729686,0.2131011608623549,0.25456053067993367,0.23134328358208955,0.8034825870646766,0.1550580431177446,0.6890547263681592,0.8300165837479271,0.20315091210613598,0.8930348258706468,0.8565505804311775,0.6791044776119403,0.8233830845771144,0.8532338308457711,0.4966832504145937,0.8897180762852405,0.2860696517412935,0.13681592039800994,0.4867330016583748,0.4966832504145937,0.4917081260364842,0.48756218905472637,0.2230514096185738,0.4925373134328358,0.2562189054726368,0.4925373134328358,0.6658374792703151,0.31260364842454397,0.8980099502487562,0.5713101160862355,0.6708126036484245,0.25290215588723053,0.4286898839137645,0.18325041459369817,0.48839137645107794,0.2131011608623549,0.49834162520729686,0.49917081260364843,0.30265339966832505,0.6343283582089553,0.49336650082918737,0.42371475953565507,0.4925373134328358,0.6724709784411277,0.36069651741293535,0.3275290215588723,0.763681592039801,0.09535655058043117,0.08374792703150911,0.21144278606965175,0.3275290215588723,0.3723051409618574,0.43532338308457713,0.49834162520729686,0.48009950248756217,0.4286898839137645,0.4684908789386401,0.4187396351575456,0.42703150912106136,0.42371475953565507,0.46683250414593697,0.08540630182421227,0.21144278606965175,0.2943615257048093,0.1799336650082919,0.533167495854063,0.5381426202321725,0.09535655058043117,0.4361525704809287,0.32172470978441126,0.4792703150912106,0.43781094527363185,0.49917081260364843,0.4734660033167496,0.4925373134328358,0.5016583747927031,0.3407960199004975,0.3706467661691542,0.5613598673300166,0.5132669983416253,0.3839137645107794,0.7205638474295191,0.5066334991708126,0.4154228855721393,0.3706467661691542,0.4286898839137645,0.23797678275290216,0.24129353233830847,0.47180762852404645,0.4461028192371476,0.5,0.3540630182421227,0.533167495854063,0.5248756218905473,0.5,0.48175787728026537,0.49502487562189057,0.5008291873963516,0.2810945273631841,0.49502487562189057,0.5679933665008292,0.27114427860696516,0.49585406301824214,0.3142620232172471,0.3009950248756219,0.5,0.5265339966832504,0.49917081260364843,0.5265339966832504,0.45688225538971805,0.5613598673300166,0.5,0.6525704809286899,0.6044776119402985,0.4975124378109453,0.478441127694859,0.28689883913764513,0.44029850746268656,0.3043117744610282,0.3474295190713101,0.49585406301824214,0.29270315091210614,0.5,0.36069651741293535,0.49834162520729686,0.26616915422885573,0.44029850746268656,0.2877280265339967,0.27114427860696516,0.22719734660033167,0.49834162520729686,0.45356550580431176,0.25538971807628524,0.4021558872305141,0.13349917081260365,0.11857379767827529,0.5008291873963516,0.4651741293532338,0.48839137645107794,0.4154228855721393,0.38474295190713104,0.3308457711442786,0.4286898839137645,0.5008291873963516,0.0472636815920398,0.9029850746268657,0.38723051409618575,0.5008291873963516,0.8565505804311775,0.33167495854063017,0.05555555555555555,0.23466003316749584,0.26533996683250416,0.3275290215588723,0.28441127694859036,0.3034825870646766,0.4386401326699834,0.5132669983416253,0.23797678275290216,0.4759535655058043,0.5016583747927031,0.5066334991708126,0.4320066334991708,0.5398009950248757,0.32587064676616917,0.13349917081260365,0.5696517412935324,0.4767827529021559,0.2752902155887231,0.04228855721393035,0.25456053067993367,0.2230514096185738,0.08540630182421227,0.6907131011608624,0.1318407960199005,0.24129353233830847,0.47180762852404645,0.45107794361525705,0.6144278606965174,0.0472636815920398,0.33747927031509123,0.5008291873963516,0.7205638474295191,0.4427860696517413,0.35903814262023215,0.3839137645107794,0.8814262023217247,0.11857379767827529,0.5613598673300166,0.33913764510779437,0.8598673300165838,0.4154228855721393,0.32172470978441126,0.08208955223880597,0.5613598673300166,0.884742951907131,0.4925373134328358,0.3034825870646766,0.3076285240464345,0.3341625207296849,0.3706467661691542,0.11857379767827529,0.25538971807628524,0.9145936981757877,0.24129353233830847,0.3407960199004975,0.3706467661691542,0.4046434494195688,0.5447761194029851,0.35655058043117743,0.42703150912106136,0.5207296849087893,0.35655058043117743,0.29767827529021557,0.2603648424543947,0.5223880597014925,0.45688225538971805,0.41708126036484244,0.23217247097844113,0.5597014925373134,0.24046434494195687,0.8631840796019901,0.4966832504145937,0.3167495854063018,0.44029850746268656,0.4046434494195688,0.4792703150912106,0.560530679933665,0.21227197346600332,0.6832504145936982,0.6907131011608624,0.6061359867330016,0.31923714759535654,0.6160862354892206,0.5149253731343284,0.44776119402985076,0.675787728026534,0.39054726368159204,0.3175787728026534,0.3092868988391376,0.48756218905472637,0.5348258706467661,0.48756218905472637,0.6169154228855721,0.33250414593698174,0.48092868988391374,0.4427860696517413,0.6310116086235489,0.6160862354892206,0.4461028192371476,0.6409618573797679,0.39054726368159204,0.34577114427860695,0.433665008291874,0.5041459369817579,0.8731343283582089,0.7976782752902156,0.5920398009950248,0.7835820895522388,0.8698175787728026,0.3275290215588723,0.3208955223880597,0.3018242122719735,0.24461028192371476,0.22719734660033167,0.2570480928689884,0.27611940298507465,0.2960199004975124,0.24129353233830847,0.26533996683250416,0.42039800995024873,0.6616915422885572,0.5016583747927031,0.40630182421227196,0.39054726368159204,0.6376451077943616,0.3034825870646766,0.26533996683250416,0.3482587064676617,0.25538971807628524,0.48092868988391374,0.44029850746268656,0.3034825870646766,0.6616915422885572,0.33250414593698174,0.2777777777777778,0.33167495854063017,0.9145936981757877,0.6169154228855721,0.5016583747927031,0.8839137645107794,0.3175787728026534,0.9245439469320066,0.8441127694859039,0.3092868988391376,0.14759535655058043,0.19734660033167495,0.5422885572139303,0.3888888888888889,0.28441127694859036,0.48756218905472637,0.4427860696517413,0.09535655058043117,0.7860696517412935,0.33747927031509123,0.27611940298507465,0.32338308457711445,0.48756218905472637,0.7263681592039801,0.3101160862354892,0.5348258706467661,0.8159203980099502
107,201147,Corey Brewer,32,72,2018,2614,OKC,1610612760,32.0,81.0,186.0,Florida,USA,2007,1,7,46.21270084162204,5.432287681713849,12.08875286916603,1.1859219586840093,4.208110175975516,2.486610558530987,3.442999234889059,1.6449885233358836,4.2463657230298395,5.891354246365723,2.486610558530987,1.874521805661821,3.0221882172915073,0.5355776587605203,0.9563886763580719,5.31752104055088,3.442999234889059,14.537107880642694,-2.1423106350420813,0.0,0.0,0.07651109410864575,3.9403213465952565,4.131599081866871,4.131599081866871,-0.07651109410864575,4.131599081866871,4.016832440703902,3.2899770466717673,0.4973221117061974,4.016832440703902,3.9403213465952565,-0.07651109410864575,-0.07651109410864575,3.9403213465952565,4.016832440703902,0.1530221882172915,0.03825554705432287,0.19127773527161437,1.0711553175210407,0.19127773527161437,0.4590665646518745,0.38255547054322875,6.618209640397858,0.4973221117061974,0.8798775822494261,1.7214996174445294,0.11476664116296863,3.8638102524866107,0.9563886763580719,1.3006885998469777,0.0,3.0221882172915073,0.22953328232593725,0.0,0.0,0.0,0.0,0.0,0.26778882938026016,0.0,0.7651109410864575,0.0,3.9020657995409334,0.11476664116296863,0.19127773527161437,1.0711553175210407,0.03825554705432287,0.1530221882172915,0.0,0.1530221882172915,0.0,0.4973221117061974,0.0,0.0,0.19127773527161437,3.2899770466717673,0.0,0.0,0.0,6.885998469778118,5.011476664116297,2.8309104820198927,0.306044376434583,28.423871461361898,28.423871461361898,0.07651109410864575,6.159143075745983,0.19127773527161437,0.26778882938026016,1.0711553175210407,1.3006885998469777,4.2463657230298395,2.3335883703136955,0.19127773527161437,0.22953328232593725,0.38255547054322875,2.218821729150727,44.68247895944912,0.03825554705432287,14.537107880642694,1.4537107880642692,0.03825554705432287,2.9074215761285385,28.117827084927313,1.0328997704667178,0.03825554705432287,0.0,0.0,0.0,0.0,0.7268553940321346,0.26778882938026016,4.475899005355776,0.07651109410864575,5.31752104055088,0.38255547054322875,0.8033664881407804,1.1094108645753635,0.306044376434583,1.3389441469013006,12.547819433817903,0.8033664881407804,3.366488140780413,7.421576128538638,0.5355776587605203,0.0,0.0,0.0,0.8033664881407804,0.8033664881407804,0.0,1.4154552410099464,1.4154552410099464,0.0,1.7214996174445294,0.0,0.306044376434583,3.481254781943382,0.0,1.6832440703902065,3.175210405508799,0.0,0.03825554705432287,0.0,1.7597551644988523,1.874521805661821,0.5738332058148432,0.0,1.3771996939556235,1.9510328997704667,0.0,3.6342769701606734,0.4590665646518745,0.38255547054322875,0.9563886763580719,0.5738332058148432,0.0,2.6013771996939554,0.0,2.1423106350420813,0.0,0.38255547054322875,0.34429992348890587,0.8033664881407804,0.19127773527161437,0.0,1.9510328997704667,0.5355776587605203,0.0,3.5577658760520277,2.0275439938791124,3.2517214996174446,0.0,1.1859219586840093,3.8255547054322876,3.8638102524866107,1.1859219586840093,34.12394797245601,0.8033664881407804,0.0,3.8638102524866107,2.5631216526396328,17921.882172915073,0.0,1.6832440703902065,0.0,1.7597551644988523,1.5684774292272379,0.0,2.180566182096404,1.7980107115531752,0.0,3.366488140780413,0.38255547054322875,3.366488140780413,0.1530221882172915,0.26778882938026016,0.306044376434583,0.03825554705432287,0.38255547054322875,0.34429992348890587,2.0275439938791124,1.6449885233358836,6.159143075745983,0.1530221882172915,7.421576128538638,4.2463657230298395,0.0,44.68247895944912,0.8033664881407804,1.3006885998469777,7.421576128538638,0.5355776587605203,0.1530221882172915,22.5707727620505,3.3282325937260904,0.0,0.0,1.1094108645753635,0.1530221882172915,5.891354246365723,0.8033664881407804,0.42081101759755163,3.2517214996174446,5.31752104055088,1.2624330527926548,6.235654169854629,1.3389441469013006,0.03825554705432287,3.5577658760520277,12.394797245600612,4.934965570007651,0.7268553940321346,0.0,0.7268553940321346,0.0,0.07651109410864575,2.5248661055853097,0.0,1.7597551644988523,1.6449885233358836,4.475899005355776,12.547819433817903,0.444,0.449,0.282,0.722,10.4,0.06,0.073,0.089,10.4,0.534,0.498,0.139,0.033,0.136,0.5,0.0,0.214,0.316,0.584,0.289,0.353,0.217,0.1,0.087,0.55,0.5,0.306,0.063,0.045,0.483,0.054,0.47,0.326,0.309,0.572,0.189,0.634,0.502,0.314,0.227,0.568,0.568,0.0,0.568,0.495,0.5,0.53,0.125,0.735,0.616,0.326,0.537,0.833,0.368,0.268,0.478,0.238,0.0,0.238,0.333,0.307,0.476,0.0,0.498,0.624,0.603,0.31,0.46,0.892,0.0,0.0,0.448,0.0,0.314,-0.001,0.0,0.624,0.502,0.313,0.0,0.479,0.634,0.603,0.441,0.47,1.0,0.367,0.326,0.455,0.34,0.569,0.449,0.324,0.189,0.227,0.521,0.687,0.0,0.108,0.825,0.309,0.175,0.5,0.572,0.515,0.1583747927031509,0.2810945273631841,0.2462686567164179,0.3888888888888889,0.38225538971807627,0.49336650082918737,0.49502487562189057,0.5696517412935324,0.2512437810945274,0.3524046434494196,0.32587064676616917,0.3142620232172471,0.906301824212272,0.44029850746268656,0.5597014925373134,0.7437810945273632,0.5398009950248757,0.291044776119403,0.44859038142620233,0.31260364842454397,0.47512437810945274,0.3524046434494196,0.45356550580431176,0.45107794361525705,0.45107794361525705,0.43532338308457713,0.45107794361525705,0.4502487562189055,0.4552238805970149,0.4054726368159204,0.4502487562189055,0.4552238805970149,0.43532338308457713,0.44029850746268656,0.45356550580431176,0.4519071310116086,0.1583747927031509,0.49834162520729686,0.2131011608623549,0.25456053067993367,0.23134328358208955,0.8034825870646766,0.1550580431177446,0.6890547263681592,0.8300165837479271,0.20315091210613598,0.8930348258706468,0.8565505804311775,0.6791044776119403,0.8233830845771144,0.8532338308457711,0.4966832504145937,0.8897180762852405,0.2860696517412935,0.13681592039800994,0.4867330016583748,0.4966832504145937,0.4917081260364842,0.48756218905472637,0.2230514096185738,0.4925373134328358,0.2562189054726368,0.4925373134328358,0.6658374792703151,0.31260364842454397,0.8980099502487562,0.5713101160862355,0.6708126036484245,0.25290215588723053,0.4286898839137645,0.18325041459369817,0.48839137645107794,0.2131011608623549,0.49834162520729686,0.49917081260364843,0.30265339966832505,0.6343283582089553,0.49336650082918737,0.42371475953565507,0.4925373134328358,0.6724709784411277,0.36069651741293535,0.3275290215588723,0.763681592039801,0.09535655058043117,0.08374792703150911,0.21144278606965175,0.3275290215588723,0.3723051409618574,0.43532338308457713,0.49834162520729686,0.48009950248756217,0.4286898839137645,0.4684908789386401,0.4187396351575456,0.42703150912106136,0.42371475953565507,0.46683250414593697,0.08540630182421227,0.21144278606965175,0.2943615257048093,0.1799336650082919,0.533167495854063,0.5381426202321725,0.09535655058043117,0.4361525704809287,0.32172470978441126,0.4792703150912106,0.43781094527363185,0.49917081260364843,0.4734660033167496,0.4925373134328358,0.5016583747927031,0.3407960199004975,0.3706467661691542,0.5613598673300166,0.5132669983416253,0.3839137645107794,0.7205638474295191,0.5066334991708126,0.4154228855721393,0.3706467661691542,0.4286898839137645,0.23797678275290216,0.24129353233830847,0.47180762852404645,0.4461028192371476,0.5,0.3540630182421227,0.533167495854063,0.5248756218905473,0.5,0.48175787728026537,0.49502487562189057,0.5008291873963516,0.2810945273631841,0.49502487562189057,0.5679933665008292,0.27114427860696516,0.49585406301824214,0.3142620232172471,0.3009950248756219,0.5,0.5265339966832504,0.49917081260364843,0.5265339966832504,0.45688225538971805,0.5613598673300166,0.5,0.6525704809286899,0.6044776119402985,0.4975124378109453,0.478441127694859,0.28689883913764513,0.44029850746268656,0.3043117744610282,0.3474295190713101,0.49585406301824214,0.29270315091210614,0.5,0.36069651741293535,0.49834162520729686,0.26616915422885573,0.44029850746268656,0.2877280265339967,0.27114427860696516,0.22719734660033167,0.49834162520729686,0.45356550580431176,0.25538971807628524,0.4021558872305141,0.13349917081260365,0.11857379767827529,0.5008291873963516,0.4651741293532338,0.48839137645107794,0.4154228855721393,0.38474295190713104,0.3308457711442786,0.4286898839137645,0.5008291873963516,0.0472636815920398,0.9029850746268657,0.38723051409618575,0.5008291873963516,0.8565505804311775,0.33167495854063017,0.05555555555555555,0.23466003316749584,0.26533996683250416,0.3275290215588723,0.28441127694859036,0.3034825870646766,0.4386401326699834,0.5132669983416253,0.23797678275290216,0.4759535655058043,0.5016583747927031,0.5066334991708126,0.4320066334991708,0.5398009950248757,0.32587064676616917,0.13349917081260365,0.5696517412935324,0.4767827529021559,0.2752902155887231,0.04228855721393035,0.25456053067993367,0.2230514096185738,0.08540630182421227,0.6907131011608624,0.06053067993366501,0.24129353233830847,0.47180762852404645,0.45107794361525705,0.6144278606965174,0.0472636815920398,0.33747927031509123,0.5008291873963516,0.7205638474295191,0.4427860696517413,0.35903814262023215,0.3839137645107794,0.8814262023217247,0.11857379767827529,0.5613598673300166,0.33913764510779437,0.8598673300165838,0.4154228855721393,0.32172470978441126,0.08208955223880597,0.5613598673300166,0.884742951907131,0.4925373134328358,0.3034825870646766,0.3076285240464345,0.3341625207296849,0.3706467661691542,0.05555555555555555,0.25538971807628524,0.9145936981757877,0.24129353233830847,0.3407960199004975,0.3706467661691542,0.4046434494195688,0.5447761194029851,0.35655058043117743,0.42703150912106136,0.5207296849087893,0.35655058043117743,0.29767827529021557,0.2603648424543947,0.5223880597014925,0.45688225538971805,0.41708126036484244,0.23217247097844113,0.5597014925373134,0.24046434494195687,0.8631840796019901,0.4966832504145937,0.3167495854063018,0.44029850746268656,0.4046434494195688,0.4792703150912106,0.560530679933665,0.21227197346600332,0.6832504145936982,0.6907131011608624,0.6061359867330016,0.31923714759535654,0.6160862354892206,0.5149253731343284,0.44776119402985076,0.675787728026534,0.39054726368159204,0.3175787728026534,0.3092868988391376,0.48756218905472637,0.5348258706467661,0.48756218905472637,0.6169154228855721,0.33250414593698174,0.48092868988391374,0.4427860696517413,0.6310116086235489,0.6160862354892206,0.4461028192371476,0.6409618573797679,0.39054726368159204,0.34577114427860695,0.433665008291874,0.5041459369817579,0.8731343283582089,0.7976782752902156,0.5920398009950248,0.7835820895522388,0.8698175787728026,0.3275290215588723,0.3208955223880597,0.3018242122719735,0.24461028192371476,0.22719734660033167,0.2570480928689884,0.27611940298507465,0.2960199004975124,0.24129353233830847,0.26533996683250416,0.42039800995024873,0.6616915422885572,0.5016583747927031,0.40630182421227196,0.39054726368159204,0.6376451077943616,0.3034825870646766,0.26533996683250416,0.3482587064676617,0.25538971807628524,0.48092868988391374,0.44029850746268656,0.3034825870646766,0.6616915422885572,0.33250414593698174,0.2777777777777778,0.33167495854063017,0.9145936981757877,0.6169154228855721,0.5016583747927031,0.8839137645107794,0.3175787728026534,0.9245439469320066,0.8441127694859039,0.3092868988391376,0.14759535655058043,0.0912106135986733,0.6907131011608624,0.3888888888888889,0.28441127694859036,0.48756218905472637,0.4427860696517413,0.09535655058043117,0.7860696517412935,0.33747927031509123,0.27611940298507465,0.32338308457711445,0.48756218905472637,0.7263681592039801,0.3101160862354892,0.5348258706467661,0.24958540630182421
108,201147,Corey Brewer,32,72,2018,2614,OKC,1610612760,32.0,81.0,186.0,Florida,USA,2007,1,7,46.21270084162204,5.432287681713849,12.08875286916603,1.1859219586840093,4.208110175975516,2.486610558530987,3.442999234889059,1.6449885233358836,4.2463657230298395,5.891354246365723,2.486610558530987,1.874521805661821,3.0221882172915073,0.5355776587605203,0.9563886763580719,5.31752104055088,3.442999234889059,14.537107880642694,-2.1423106350420813,0.0,0.0,0.07651109410864575,3.9403213465952565,4.131599081866871,4.131599081866871,-0.07651109410864575,4.131599081866871,4.016832440703902,3.2899770466717673,0.4973221117061974,4.016832440703902,3.9403213465952565,-0.07651109410864575,-0.07651109410864575,3.9403213465952565,4.016832440703902,0.1530221882172915,0.03825554705432287,0.19127773527161437,1.0711553175210407,0.19127773527161437,0.4590665646518745,0.38255547054322875,6.618209640397858,0.4973221117061974,0.8798775822494261,1.7214996174445294,0.11476664116296863,3.8638102524866107,0.9563886763580719,1.3006885998469777,0.0,3.0221882172915073,0.22953328232593725,0.0,0.0,0.0,0.0,0.0,0.26778882938026016,0.0,0.7651109410864575,0.0,3.9020657995409334,0.11476664116296863,0.19127773527161437,1.0711553175210407,0.03825554705432287,0.1530221882172915,0.0,0.1530221882172915,0.0,0.4973221117061974,0.0,0.0,0.19127773527161437,3.2899770466717673,0.0,0.0,0.0,6.885998469778118,5.011476664116297,2.8309104820198927,0.306044376434583,28.423871461361898,28.423871461361898,0.07651109410864575,6.159143075745983,0.19127773527161437,0.26778882938026016,1.0711553175210407,1.3006885998469777,4.2463657230298395,2.3335883703136955,0.19127773527161437,0.22953328232593725,0.38255547054322875,2.218821729150727,44.68247895944912,0.03825554705432287,14.537107880642694,1.4537107880642692,0.03825554705432287,2.9074215761285385,28.117827084927313,1.0328997704667178,0.03825554705432287,0.0,0.0,0.0,0.0,0.7268553940321346,0.26778882938026016,4.475899005355776,0.07651109410864575,5.31752104055088,0.38255547054322875,0.8033664881407804,1.1094108645753635,0.306044376434583,1.3389441469013006,12.547819433817903,0.8033664881407804,3.366488140780413,7.421576128538638,0.5355776587605203,0.0,0.0,0.0,0.8033664881407804,0.8033664881407804,0.0,1.4154552410099464,1.4154552410099464,0.0,1.7214996174445294,0.0,0.306044376434583,3.481254781943382,0.0,1.6832440703902065,3.175210405508799,0.0,0.03825554705432287,0.0,1.7597551644988523,1.874521805661821,0.5738332058148432,0.0,1.3771996939556235,1.9510328997704667,0.0,3.6342769701606734,0.4590665646518745,0.38255547054322875,0.9563886763580719,0.5738332058148432,0.0,2.6013771996939554,0.0,2.1423106350420813,0.0,0.38255547054322875,0.34429992348890587,0.8033664881407804,0.19127773527161437,0.0,1.9510328997704667,0.5355776587605203,0.0,3.5577658760520277,2.0275439938791124,3.2517214996174446,0.0,1.1859219586840093,3.8255547054322876,3.8638102524866107,1.1859219586840093,34.12394797245601,0.8033664881407804,0.0,3.8638102524866107,2.5631216526396328,17921.882172915073,0.0,1.6832440703902065,0.0,1.7597551644988523,1.5684774292272379,0.0,2.180566182096404,1.7980107115531752,0.0,3.366488140780413,0.38255547054322875,3.366488140780413,0.1530221882172915,0.26778882938026016,0.306044376434583,0.03825554705432287,0.38255547054322875,0.34429992348890587,1.0711553175210407,1.6449885233358836,6.159143075745983,0.1530221882172915,7.421576128538638,4.2463657230298395,0.0,44.68247895944912,0.8033664881407804,2.3718439173680186,7.421576128538638,0.5355776587605203,0.1530221882172915,22.5707727620505,3.3282325937260904,0.0,0.0,1.1094108645753635,0.1530221882172915,5.891354246365723,0.8033664881407804,0.42081101759755163,1.9510328997704667,5.31752104055088,1.2624330527926548,6.235654169854629,1.3389441469013006,0.03825554705432287,3.5577658760520277,12.394797245600612,4.934965570007651,0.7268553940321346,0.0,0.7268553940321346,0.0,0.07651109410864575,3.8255547054322876,0.0,1.7597551644988523,1.6449885233358836,4.475899005355776,12.547819433817903,0.444,0.449,0.282,0.722,10.4,0.06,0.073,0.089,10.4,0.534,0.498,0.139,0.033,0.136,0.5,0.0,0.214,0.316,0.584,0.289,0.353,0.217,0.1,0.087,0.55,0.5,0.306,0.063,0.045,0.483,0.054,0.47,0.326,0.309,0.572,0.189,0.634,0.502,0.314,0.227,0.568,0.568,0.0,0.568,0.495,0.5,0.53,0.125,0.735,0.616,0.326,0.537,0.833,0.368,0.268,0.478,0.238,0.0,0.238,0.333,0.307,0.476,0.0,0.498,0.624,0.603,0.31,0.46,0.892,0.0,0.0,0.448,0.0,0.314,-0.001,0.0,0.549,0.502,0.313,0.0,0.479,0.634,0.62,0.441,0.47,1.0,0.367,0.326,0.455,0.382,0.565,0.449,0.263,0.189,0.227,0.521,0.687,0.0,0.108,0.825,0.309,0.175,0.5,0.572,0.62,0.1583747927031509,0.2810945273631841,0.2462686567164179,0.3888888888888889,0.38225538971807627,0.49336650082918737,0.49502487562189057,0.5696517412935324,0.2512437810945274,0.3524046434494196,0.32587064676616917,0.3142620232172471,0.906301824212272,0.44029850746268656,0.5597014925373134,0.7437810945273632,0.5398009950248757,0.291044776119403,0.44859038142620233,0.31260364842454397,0.47512437810945274,0.3524046434494196,0.45356550580431176,0.45107794361525705,0.45107794361525705,0.43532338308457713,0.45107794361525705,0.4502487562189055,0.4552238805970149,0.4054726368159204,0.4502487562189055,0.4552238805970149,0.43532338308457713,0.44029850746268656,0.45356550580431176,0.4519071310116086,0.1583747927031509,0.49834162520729686,0.2131011608623549,0.25456053067993367,0.23134328358208955,0.8034825870646766,0.1550580431177446,0.6890547263681592,0.8300165837479271,0.20315091210613598,0.8930348258706468,0.8565505804311775,0.6791044776119403,0.8233830845771144,0.8532338308457711,0.4966832504145937,0.8897180762852405,0.2860696517412935,0.13681592039800994,0.4867330016583748,0.4966832504145937,0.4917081260364842,0.48756218905472637,0.2230514096185738,0.4925373134328358,0.2562189054726368,0.4925373134328358,0.6658374792703151,0.31260364842454397,0.8980099502487562,0.5713101160862355,0.6708126036484245,0.25290215588723053,0.4286898839137645,0.18325041459369817,0.48839137645107794,0.2131011608623549,0.49834162520729686,0.49917081260364843,0.30265339966832505,0.6343283582089553,0.49336650082918737,0.42371475953565507,0.4925373134328358,0.6724709784411277,0.36069651741293535,0.3275290215588723,0.763681592039801,0.09535655058043117,0.08374792703150911,0.21144278606965175,0.3275290215588723,0.3723051409618574,0.43532338308457713,0.49834162520729686,0.48009950248756217,0.4286898839137645,0.4684908789386401,0.4187396351575456,0.42703150912106136,0.42371475953565507,0.46683250414593697,0.08540630182421227,0.21144278606965175,0.2943615257048093,0.1799336650082919,0.533167495854063,0.5381426202321725,0.09535655058043117,0.4361525704809287,0.32172470978441126,0.4792703150912106,0.43781094527363185,0.49917081260364843,0.4734660033167496,0.4925373134328358,0.5016583747927031,0.3407960199004975,0.3706467661691542,0.5613598673300166,0.5132669983416253,0.3839137645107794,0.7205638474295191,0.5066334991708126,0.4154228855721393,0.3706467661691542,0.4286898839137645,0.23797678275290216,0.24129353233830847,0.47180762852404645,0.4461028192371476,0.5,0.3540630182421227,0.533167495854063,0.5248756218905473,0.5,0.48175787728026537,0.49502487562189057,0.5008291873963516,0.2810945273631841,0.49502487562189057,0.5679933665008292,0.27114427860696516,0.49585406301824214,0.3142620232172471,0.3009950248756219,0.5,0.5265339966832504,0.49917081260364843,0.5265339966832504,0.45688225538971805,0.5613598673300166,0.5,0.6525704809286899,0.6044776119402985,0.4975124378109453,0.478441127694859,0.28689883913764513,0.44029850746268656,0.3043117744610282,0.3474295190713101,0.49585406301824214,0.29270315091210614,0.5,0.36069651741293535,0.49834162520729686,0.26616915422885573,0.44029850746268656,0.2877280265339967,0.27114427860696516,0.22719734660033167,0.49834162520729686,0.45356550580431176,0.25538971807628524,0.4021558872305141,0.13349917081260365,0.11857379767827529,0.5008291873963516,0.4651741293532338,0.48839137645107794,0.4154228855721393,0.38474295190713104,0.3308457711442786,0.4286898839137645,0.5008291873963516,0.0472636815920398,0.9029850746268657,0.38723051409618575,0.5008291873963516,0.8565505804311775,0.33167495854063017,0.05555555555555555,0.23466003316749584,0.26533996683250416,0.3275290215588723,0.28441127694859036,0.3034825870646766,0.4386401326699834,0.5132669983416253,0.23797678275290216,0.4759535655058043,0.5016583747927031,0.5066334991708126,0.4320066334991708,0.5398009950248757,0.32587064676616917,0.06218905472636816,0.5696517412935324,0.4767827529021559,0.2752902155887231,0.04228855721393035,0.25456053067993367,0.2230514096185738,0.08540630182421227,0.6907131011608624,0.1318407960199005,0.24129353233830847,0.47180762852404645,0.45107794361525705,0.6144278606965174,0.0472636815920398,0.33747927031509123,0.5008291873963516,0.7205638474295191,0.4427860696517413,0.35903814262023215,0.3839137645107794,0.8814262023217247,0.05555555555555555,0.5613598673300166,0.33913764510779437,0.8598673300165838,0.4154228855721393,0.32172470978441126,0.08208955223880597,0.5613598673300166,0.884742951907131,0.4925373134328358,0.3034825870646766,0.3076285240464345,0.3341625207296849,0.3706467661691542,0.11857379767827529,0.25538971807628524,0.9145936981757877,0.24129353233830847,0.3407960199004975,0.3706467661691542,0.4046434494195688,0.5447761194029851,0.35655058043117743,0.42703150912106136,0.5207296849087893,0.35655058043117743,0.29767827529021557,0.2603648424543947,0.5223880597014925,0.45688225538971805,0.41708126036484244,0.23217247097844113,0.5597014925373134,0.24046434494195687,0.8631840796019901,0.4966832504145937,0.3167495854063018,0.44029850746268656,0.4046434494195688,0.4792703150912106,0.560530679933665,0.21227197346600332,0.6832504145936982,0.6907131011608624,0.6061359867330016,0.31923714759535654,0.6160862354892206,0.5149253731343284,0.44776119402985076,0.675787728026534,0.39054726368159204,0.3175787728026534,0.3092868988391376,0.48756218905472637,0.5348258706467661,0.48756218905472637,0.6169154228855721,0.33250414593698174,0.48092868988391374,0.4427860696517413,0.6310116086235489,0.6160862354892206,0.4461028192371476,0.6409618573797679,0.39054726368159204,0.34577114427860695,0.433665008291874,0.5041459369817579,0.8731343283582089,0.7976782752902156,0.5920398009950248,0.7835820895522388,0.8698175787728026,0.3275290215588723,0.3208955223880597,0.3018242122719735,0.24461028192371476,0.22719734660033167,0.2570480928689884,0.27611940298507465,0.2960199004975124,0.24129353233830847,0.26533996683250416,0.42039800995024873,0.6616915422885572,0.5016583747927031,0.40630182421227196,0.39054726368159204,0.6376451077943616,0.3034825870646766,0.26533996683250416,0.3482587064676617,0.25538971807628524,0.48092868988391374,0.44029850746268656,0.3034825870646766,0.2512437810945274,0.33250414593698174,0.2777777777777778,0.33167495854063017,0.9145936981757877,0.6169154228855721,0.9046434494195689,0.8839137645107794,0.3175787728026534,0.9245439469320066,0.8441127694859039,0.3092868988391376,0.14759535655058043,0.19734660033167495,0.5422885572139303,0.3888888888888889,0.09286898839137644,0.48756218905472637,0.4427860696517413,0.09535655058043117,0.7860696517412935,0.33747927031509123,0.27611940298507465,0.32338308457711445,0.48756218905472637,0.7263681592039801,0.3101160862354892,0.5348258706467661,0.8159203980099502
109,201147,Corey Brewer,32,72,2018,2614,OKC,1610612760,32.0,81.0,186.0,Florida,USA,2007,1,7,46.21270084162204,5.432287681713849,12.08875286916603,1.1859219586840093,4.208110175975516,2.486610558530987,3.442999234889059,1.6449885233358836,4.2463657230298395,5.891354246365723,2.486610558530987,1.874521805661821,3.0221882172915073,0.5355776587605203,0.9563886763580719,5.31752104055088,3.442999234889059,14.537107880642694,-2.1423106350420813,0.0,0.0,0.07651109410864575,3.9403213465952565,4.131599081866871,4.131599081866871,-0.07651109410864575,4.131599081866871,4.016832440703902,3.2899770466717673,0.4973221117061974,4.016832440703902,3.9403213465952565,-0.07651109410864575,-0.07651109410864575,3.9403213465952565,4.016832440703902,0.1530221882172915,0.03825554705432287,0.19127773527161437,1.0711553175210407,0.19127773527161437,0.4590665646518745,0.38255547054322875,6.618209640397858,0.4973221117061974,0.8798775822494261,1.7214996174445294,0.11476664116296863,3.8638102524866107,0.9563886763580719,1.3006885998469777,0.0,3.0221882172915073,0.22953328232593725,0.0,0.0,0.0,0.0,0.0,0.26778882938026016,0.0,0.7651109410864575,0.0,3.9020657995409334,0.11476664116296863,0.19127773527161437,1.0711553175210407,0.03825554705432287,0.1530221882172915,0.0,0.1530221882172915,0.0,0.4973221117061974,0.0,0.0,0.19127773527161437,3.2899770466717673,0.0,0.0,0.0,6.885998469778118,5.011476664116297,2.8309104820198927,0.306044376434583,28.423871461361898,28.423871461361898,0.07651109410864575,6.159143075745983,0.19127773527161437,0.26778882938026016,1.0711553175210407,1.3006885998469777,4.2463657230298395,2.3335883703136955,0.19127773527161437,0.22953328232593725,0.38255547054322875,2.218821729150727,44.68247895944912,0.03825554705432287,14.537107880642694,1.4537107880642692,0.03825554705432287,2.9074215761285385,28.117827084927313,1.0328997704667178,0.03825554705432287,0.0,0.0,0.0,0.0,0.7268553940321346,0.26778882938026016,4.475899005355776,0.07651109410864575,5.31752104055088,0.38255547054322875,0.8033664881407804,1.1094108645753635,0.306044376434583,1.3389441469013006,12.547819433817903,0.8033664881407804,3.366488140780413,7.421576128538638,0.5355776587605203,0.0,0.0,0.0,0.8033664881407804,0.8033664881407804,0.0,1.4154552410099464,1.4154552410099464,0.0,1.7214996174445294,0.0,0.306044376434583,3.481254781943382,0.0,1.6832440703902065,3.175210405508799,0.0,0.03825554705432287,0.0,1.7597551644988523,1.874521805661821,0.5738332058148432,0.0,1.3771996939556235,1.9510328997704667,0.0,3.6342769701606734,0.4590665646518745,0.38255547054322875,0.9563886763580719,0.5738332058148432,0.0,2.6013771996939554,0.0,2.1423106350420813,0.0,0.38255547054322875,0.34429992348890587,0.8033664881407804,0.19127773527161437,0.0,1.9510328997704667,0.5355776587605203,0.0,3.5577658760520277,2.0275439938791124,3.2517214996174446,0.0,1.1859219586840093,3.8255547054322876,3.8638102524866107,1.1859219586840093,34.12394797245601,0.8033664881407804,0.0,3.8638102524866107,2.5631216526396328,17921.882172915073,0.0,1.6832440703902065,0.0,1.7597551644988523,1.5684774292272379,0.0,2.180566182096404,1.7980107115531752,0.0,3.366488140780413,0.38255547054322875,3.366488140780413,0.1530221882172915,0.26778882938026016,0.306044376434583,0.03825554705432287,0.38255547054322875,0.34429992348890587,1.0711553175210407,1.6449885233358836,6.159143075745983,0.1530221882172915,7.421576128538638,4.2463657230298395,0.0,44.68247895944912,0.8033664881407804,1.3006885998469777,7.421576128538638,0.5355776587605203,0.1530221882172915,22.5707727620505,3.3282325937260904,0.0,0.0,1.1094108645753635,0.1530221882172915,5.891354246365723,0.8033664881407804,0.42081101759755163,1.9510328997704667,5.31752104055088,1.2624330527926548,6.235654169854629,1.3389441469013006,0.03825554705432287,3.5577658760520277,12.394797245600612,4.934965570007651,0.7268553940321346,0.0,0.7268553940321346,0.0,0.07651109410864575,2.5248661055853097,0.0,1.7597551644988523,1.6449885233358836,4.475899005355776,12.547819433817903,0.444,0.449,0.282,0.722,10.4,0.06,0.073,0.089,10.4,0.534,0.498,0.139,0.033,0.136,0.5,0.0,0.214,0.316,0.584,0.289,0.353,0.217,0.1,0.087,0.55,0.5,0.306,0.063,0.045,0.483,0.054,0.47,0.326,0.309,0.572,0.189,0.634,0.502,0.314,0.227,0.568,0.568,0.0,0.568,0.495,0.5,0.53,0.125,0.735,0.616,0.326,0.537,0.833,0.368,0.268,0.478,0.238,0.0,0.238,0.333,0.307,0.476,0.0,0.498,0.624,0.603,0.31,0.46,0.892,0.0,0.0,0.448,0.0,0.314,-0.001,0.0,0.549,0.502,0.313,0.0,0.479,0.634,0.62,0.441,0.47,1.0,0.367,0.326,0.455,0.34,0.569,0.449,0.263,0.189,0.227,0.521,0.687,0.0,0.108,0.825,0.309,0.175,0.5,0.572,0.515,0.1583747927031509,0.2810945273631841,0.2462686567164179,0.3888888888888889,0.38225538971807627,0.49336650082918737,0.49502487562189057,0.5696517412935324,0.2512437810945274,0.3524046434494196,0.32587064676616917,0.3142620232172471,0.906301824212272,0.44029850746268656,0.5597014925373134,0.7437810945273632,0.5398009950248757,0.291044776119403,0.44859038142620233,0.31260364842454397,0.47512437810945274,0.3524046434494196,0.45356550580431176,0.45107794361525705,0.45107794361525705,0.43532338308457713,0.45107794361525705,0.4502487562189055,0.4552238805970149,0.4054726368159204,0.4502487562189055,0.4552238805970149,0.43532338308457713,0.44029850746268656,0.45356550580431176,0.4519071310116086,0.1583747927031509,0.49834162520729686,0.2131011608623549,0.25456053067993367,0.23134328358208955,0.8034825870646766,0.1550580431177446,0.6890547263681592,0.8300165837479271,0.20315091210613598,0.8930348258706468,0.8565505804311775,0.6791044776119403,0.8233830845771144,0.8532338308457711,0.4966832504145937,0.8897180762852405,0.2860696517412935,0.13681592039800994,0.4867330016583748,0.4966832504145937,0.4917081260364842,0.48756218905472637,0.2230514096185738,0.4925373134328358,0.2562189054726368,0.4925373134328358,0.6658374792703151,0.31260364842454397,0.8980099502487562,0.5713101160862355,0.6708126036484245,0.25290215588723053,0.4286898839137645,0.18325041459369817,0.48839137645107794,0.2131011608623549,0.49834162520729686,0.49917081260364843,0.30265339966832505,0.6343283582089553,0.49336650082918737,0.42371475953565507,0.4925373134328358,0.6724709784411277,0.36069651741293535,0.3275290215588723,0.763681592039801,0.09535655058043117,0.08374792703150911,0.21144278606965175,0.3275290215588723,0.3723051409618574,0.43532338308457713,0.49834162520729686,0.48009950248756217,0.4286898839137645,0.4684908789386401,0.4187396351575456,0.42703150912106136,0.42371475953565507,0.46683250414593697,0.08540630182421227,0.21144278606965175,0.2943615257048093,0.1799336650082919,0.533167495854063,0.5381426202321725,0.09535655058043117,0.4361525704809287,0.32172470978441126,0.4792703150912106,0.43781094527363185,0.49917081260364843,0.4734660033167496,0.4925373134328358,0.5016583747927031,0.3407960199004975,0.3706467661691542,0.5613598673300166,0.5132669983416253,0.3839137645107794,0.7205638474295191,0.5066334991708126,0.4154228855721393,0.3706467661691542,0.4286898839137645,0.23797678275290216,0.24129353233830847,0.47180762852404645,0.4461028192371476,0.5,0.3540630182421227,0.533167495854063,0.5248756218905473,0.5,0.48175787728026537,0.49502487562189057,0.5008291873963516,0.2810945273631841,0.49502487562189057,0.5679933665008292,0.27114427860696516,0.49585406301824214,0.3142620232172471,0.3009950248756219,0.5,0.5265339966832504,0.49917081260364843,0.5265339966832504,0.45688225538971805,0.5613598673300166,0.5,0.6525704809286899,0.6044776119402985,0.4975124378109453,0.478441127694859,0.28689883913764513,0.44029850746268656,0.3043117744610282,0.3474295190713101,0.49585406301824214,0.29270315091210614,0.5,0.36069651741293535,0.49834162520729686,0.26616915422885573,0.44029850746268656,0.2877280265339967,0.27114427860696516,0.22719734660033167,0.49834162520729686,0.45356550580431176,0.25538971807628524,0.4021558872305141,0.13349917081260365,0.11857379767827529,0.5008291873963516,0.4651741293532338,0.48839137645107794,0.4154228855721393,0.38474295190713104,0.3308457711442786,0.4286898839137645,0.5008291873963516,0.0472636815920398,0.9029850746268657,0.38723051409618575,0.5008291873963516,0.8565505804311775,0.33167495854063017,0.05555555555555555,0.23466003316749584,0.26533996683250416,0.3275290215588723,0.28441127694859036,0.3034825870646766,0.4386401326699834,0.5132669983416253,0.23797678275290216,0.4759535655058043,0.5016583747927031,0.5066334991708126,0.4320066334991708,0.5398009950248757,0.32587064676616917,0.06218905472636816,0.5696517412935324,0.4767827529021559,0.2752902155887231,0.04228855721393035,0.25456053067993367,0.2230514096185738,0.08540630182421227,0.6907131011608624,0.06053067993366501,0.24129353233830847,0.47180762852404645,0.45107794361525705,0.6144278606965174,0.0472636815920398,0.33747927031509123,0.5008291873963516,0.7205638474295191,0.4427860696517413,0.35903814262023215,0.3839137645107794,0.8814262023217247,0.05555555555555555,0.5613598673300166,0.33913764510779437,0.8598673300165838,0.4154228855721393,0.32172470978441126,0.08208955223880597,0.5613598673300166,0.884742951907131,0.4925373134328358,0.3034825870646766,0.3076285240464345,0.3341625207296849,0.3706467661691542,0.05555555555555555,0.25538971807628524,0.9145936981757877,0.24129353233830847,0.3407960199004975,0.3706467661691542,0.4046434494195688,0.5447761194029851,0.35655058043117743,0.42703150912106136,0.5207296849087893,0.35655058043117743,0.29767827529021557,0.2603648424543947,0.5223880597014925,0.45688225538971805,0.41708126036484244,0.23217247097844113,0.5597014925373134,0.24046434494195687,0.8631840796019901,0.4966832504145937,0.3167495854063018,0.44029850746268656,0.4046434494195688,0.4792703150912106,0.560530679933665,0.21227197346600332,0.6832504145936982,0.6907131011608624,0.6061359867330016,0.31923714759535654,0.6160862354892206,0.5149253731343284,0.44776119402985076,0.675787728026534,0.39054726368159204,0.3175787728026534,0.3092868988391376,0.48756218905472637,0.5348258706467661,0.48756218905472637,0.6169154228855721,0.33250414593698174,0.48092868988391374,0.4427860696517413,0.6310116086235489,0.6160862354892206,0.4461028192371476,0.6409618573797679,0.39054726368159204,0.34577114427860695,0.433665008291874,0.5041459369817579,0.8731343283582089,0.7976782752902156,0.5920398009950248,0.7835820895522388,0.8698175787728026,0.3275290215588723,0.3208955223880597,0.3018242122719735,0.24461028192371476,0.22719734660033167,0.2570480928689884,0.27611940298507465,0.2960199004975124,0.24129353233830847,0.26533996683250416,0.42039800995024873,0.6616915422885572,0.5016583747927031,0.40630182421227196,0.39054726368159204,0.6376451077943616,0.3034825870646766,0.26533996683250416,0.3482587064676617,0.25538971807628524,0.48092868988391374,0.44029850746268656,0.3034825870646766,0.2512437810945274,0.33250414593698174,0.2777777777777778,0.33167495854063017,0.9145936981757877,0.6169154228855721,0.9046434494195689,0.8839137645107794,0.3175787728026534,0.9245439469320066,0.8441127694859039,0.3092868988391376,0.14759535655058043,0.0912106135986733,0.6907131011608624,0.3888888888888889,0.09286898839137644,0.48756218905472637,0.4427860696517413,0.09535655058043117,0.7860696517412935,0.33747927031509123,0.27611940298507465,0.32338308457711445,0.48756218905472637,0.7263681592039801,0.3101160862354892,0.5348258706467661,0.24958540630182421
110,201147,Corey Brewer,32,72,2018,2614,OKC,1610612760,32.0,81.0,186.0,Florida,USA,2007,1,7,46.21270084162204,5.432287681713849,12.08875286916603,1.1859219586840093,4.208110175975516,2.486610558530987,3.442999234889059,1.6449885233358836,4.2463657230298395,5.891354246365723,2.486610558530987,1.874521805661821,3.0221882172915073,0.5355776587605203,0.9563886763580719,5.31752104055088,3.442999234889059,14.537107880642694,-2.1423106350420813,0.0,0.0,0.07651109410864575,3.9403213465952565,4.131599081866871,4.131599081866871,-0.07651109410864575,4.131599081866871,4.016832440703902,3.2899770466717673,0.4973221117061974,4.016832440703902,3.9403213465952565,-0.07651109410864575,-0.07651109410864575,3.9403213465952565,4.016832440703902,0.1530221882172915,0.03825554705432287,0.19127773527161437,1.0711553175210407,0.19127773527161437,0.4590665646518745,0.38255547054322875,6.618209640397858,0.4973221117061974,0.8798775822494261,1.7214996174445294,0.11476664116296863,3.8638102524866107,0.9563886763580719,1.3006885998469777,0.0,3.0221882172915073,0.22953328232593725,0.0,0.0,0.0,0.0,0.0,0.26778882938026016,0.0,0.7651109410864575,0.0,3.9020657995409334,0.11476664116296863,0.19127773527161437,1.0711553175210407,0.03825554705432287,0.1530221882172915,0.0,0.1530221882172915,0.0,0.4973221117061974,0.0,0.0,0.19127773527161437,3.2899770466717673,0.0,0.0,0.0,6.885998469778118,5.011476664116297,2.8309104820198927,0.306044376434583,28.423871461361898,28.423871461361898,0.07651109410864575,6.159143075745983,0.19127773527161437,0.26778882938026016,1.0711553175210407,1.3006885998469777,4.2463657230298395,2.3335883703136955,0.19127773527161437,0.22953328232593725,0.38255547054322875,2.218821729150727,44.68247895944912,0.03825554705432287,14.537107880642694,1.4537107880642692,0.03825554705432287,2.9074215761285385,28.117827084927313,1.0328997704667178,0.03825554705432287,0.0,0.0,0.0,0.0,0.7268553940321346,0.26778882938026016,4.475899005355776,0.07651109410864575,5.31752104055088,0.38255547054322875,0.8033664881407804,1.1094108645753635,0.306044376434583,1.3389441469013006,12.547819433817903,0.8033664881407804,3.366488140780413,7.421576128538638,0.5355776587605203,0.0,0.0,0.0,0.8033664881407804,0.8033664881407804,0.0,1.4154552410099464,1.4154552410099464,0.0,1.7214996174445294,0.0,0.306044376434583,3.481254781943382,0.0,1.6832440703902065,3.175210405508799,0.0,0.03825554705432287,0.0,1.7597551644988523,1.874521805661821,0.5738332058148432,0.0,1.3771996939556235,1.9510328997704667,0.0,3.6342769701606734,0.4590665646518745,0.38255547054322875,0.9563886763580719,0.5738332058148432,0.0,2.6013771996939554,0.0,2.1423106350420813,0.0,0.38255547054322875,0.34429992348890587,0.8033664881407804,0.19127773527161437,0.0,1.9510328997704667,0.5355776587605203,0.0,3.5577658760520277,1.0711553175210407,1.9510328997704667,0.0,1.1859219586840093,3.8255547054322876,3.8638102524866107,1.1859219586840093,34.12394797245601,0.8033664881407804,0.0,5.929609793420046,2.5631216526396328,17921.882172915073,0.0,1.6832440703902065,0.0,3.366488140780413,1.4919663351185921,0.0,2.180566182096404,1.7980107115531752,0.0,3.366488140780413,0.38255547054322875,3.366488140780413,0.1530221882172915,0.26778882938026016,0.306044376434583,0.03825554705432287,0.38255547054322875,0.34429992348890587,2.0275439938791124,1.6449885233358836,6.159143075745983,0.1530221882172915,10.022953328232594,4.2463657230298395,0.0,44.68247895944912,0.8033664881407804,2.3718439173680186,7.421576128538638,0.5355776587605203,0.1530221882172915,22.5707727620505,4.858454475899006,0.0,0.0,1.1094108645753635,0.1530221882172915,5.891354246365723,0.8033664881407804,0.42081101759755163,3.2517214996174446,5.31752104055088,1.2624330527926548,6.235654169854629,1.3389441469013006,0.03825554705432287,4.093343534812548,12.394797245600612,4.934965570007651,0.7268553940321346,0.0,0.7268553940321346,0.0,0.07651109410864575,3.8255547054322876,0.0,1.7597551644988523,1.6449885233358836,4.475899005355776,12.547819433817903,0.444,0.449,0.282,0.722,10.4,0.06,0.073,0.089,10.4,0.534,0.498,0.139,0.033,0.136,0.5,0.0,0.214,0.316,0.584,0.289,0.353,0.217,0.1,0.087,0.55,0.5,0.306,0.063,0.045,0.483,0.054,0.47,0.326,0.309,0.572,0.189,0.634,0.502,0.314,0.227,0.568,0.568,0.0,0.568,0.495,0.5,0.53,0.125,0.735,0.616,0.326,0.537,0.833,0.368,0.268,0.478,0.238,0.0,0.238,0.333,0.307,0.476,0.0,0.498,0.549,0.62,0.31,0.46,0.892,0.0,0.0,0.485,0.0,0.314,0.037,0.0,0.624,0.502,0.313,0.0,0.408,0.634,0.603,0.364,0.47,1.0,0.358,0.326,0.568,0.382,0.565,0.448,0.324,0.189,0.227,0.592,0.687,0.0,0.108,0.825,0.309,0.175,0.509,0.572,0.62,0.1583747927031509,0.2810945273631841,0.2462686567164179,0.3888888888888889,0.38225538971807627,0.49336650082918737,0.49502487562189057,0.5696517412935324,0.2512437810945274,0.3524046434494196,0.32587064676616917,0.3142620232172471,0.906301824212272,0.44029850746268656,0.5597014925373134,0.7437810945273632,0.5398009950248757,0.291044776119403,0.44859038142620233,0.31260364842454397,0.47512437810945274,0.3524046434494196,0.45356550580431176,0.45107794361525705,0.45107794361525705,0.43532338308457713,0.45107794361525705,0.4502487562189055,0.4552238805970149,0.4054726368159204,0.4502487562189055,0.4552238805970149,0.43532338308457713,0.44029850746268656,0.45356550580431176,0.4519071310116086,0.1583747927031509,0.49834162520729686,0.2131011608623549,0.25456053067993367,0.23134328358208955,0.8034825870646766,0.1550580431177446,0.6890547263681592,0.8300165837479271,0.20315091210613598,0.8930348258706468,0.8565505804311775,0.6791044776119403,0.8233830845771144,0.8532338308457711,0.4966832504145937,0.8897180762852405,0.2860696517412935,0.13681592039800994,0.4867330016583748,0.4966832504145937,0.4917081260364842,0.48756218905472637,0.2230514096185738,0.4925373134328358,0.2562189054726368,0.4925373134328358,0.6658374792703151,0.31260364842454397,0.8980099502487562,0.5713101160862355,0.6708126036484245,0.25290215588723053,0.4286898839137645,0.18325041459369817,0.48839137645107794,0.2131011608623549,0.49834162520729686,0.49917081260364843,0.30265339966832505,0.6343283582089553,0.49336650082918737,0.42371475953565507,0.4925373134328358,0.6724709784411277,0.36069651741293535,0.3275290215588723,0.763681592039801,0.09535655058043117,0.08374792703150911,0.21144278606965175,0.3275290215588723,0.3723051409618574,0.43532338308457713,0.49834162520729686,0.48009950248756217,0.4286898839137645,0.4684908789386401,0.4187396351575456,0.42703150912106136,0.42371475953565507,0.46683250414593697,0.08540630182421227,0.21144278606965175,0.2943615257048093,0.1799336650082919,0.533167495854063,0.5381426202321725,0.09535655058043117,0.4361525704809287,0.32172470978441126,0.4792703150912106,0.43781094527363185,0.49917081260364843,0.4734660033167496,0.4925373134328358,0.5016583747927031,0.3407960199004975,0.3706467661691542,0.5613598673300166,0.5132669983416253,0.3839137645107794,0.7205638474295191,0.5066334991708126,0.4154228855721393,0.3706467661691542,0.4286898839137645,0.23797678275290216,0.24129353233830847,0.47180762852404645,0.4461028192371476,0.5,0.3540630182421227,0.533167495854063,0.5248756218905473,0.5,0.48175787728026537,0.49502487562189057,0.5008291873963516,0.2810945273631841,0.49502487562189057,0.5679933665008292,0.27114427860696516,0.49585406301824214,0.3142620232172471,0.3009950248756219,0.5,0.5265339966832504,0.49917081260364843,0.5265339966832504,0.45688225538971805,0.5613598673300166,0.5,0.6525704809286899,0.6044776119402985,0.4975124378109453,0.478441127694859,0.28689883913764513,0.44029850746268656,0.3043117744610282,0.3474295190713101,0.49585406301824214,0.29270315091210614,0.5,0.36069651741293535,0.49834162520729686,0.26616915422885573,0.44029850746268656,0.2877280265339967,0.27114427860696516,0.22719734660033167,0.49834162520729686,0.45356550580431176,0.25538971807628524,0.4021558872305141,0.06218905472636816,0.05555555555555555,0.5008291873963516,0.4651741293532338,0.48839137645107794,0.4154228855721393,0.38474295190713104,0.3308457711442786,0.4286898839137645,0.5008291873963516,0.10862354892205639,0.9029850746268657,0.38723051409618575,0.5008291873963516,0.8565505804311775,0.33167495854063017,0.13018242122719734,0.16169154228855723,0.26533996683250416,0.3275290215588723,0.28441127694859036,0.3034825870646766,0.4386401326699834,0.5132669983416253,0.23797678275290216,0.4759535655058043,0.5016583747927031,0.5066334991708126,0.4320066334991708,0.5398009950248757,0.32587064676616917,0.13349917081260365,0.5696517412935324,0.4767827529021559,0.2752902155887231,0.11028192371475953,0.25456053067993367,0.2230514096185738,0.08540630182421227,0.6907131011608624,0.1318407960199005,0.24129353233830847,0.47180762852404645,0.45107794361525705,0.6144278606965174,0.12023217247097844,0.33747927031509123,0.5008291873963516,0.7205638474295191,0.4427860696517413,0.35903814262023215,0.3839137645107794,0.8814262023217247,0.11857379767827529,0.5613598673300166,0.33913764510779437,0.8598673300165838,0.4154228855721393,0.32172470978441126,0.16500829187396351,0.5613598673300166,0.884742951907131,0.4925373134328358,0.3034825870646766,0.3076285240464345,0.3341625207296849,0.3706467661691542,0.11857379767827529,0.25538971807628524,0.9145936981757877,0.24129353233830847,0.3407960199004975,0.3706467661691542,0.4046434494195688,0.5447761194029851,0.35655058043117743,0.42703150912106136,0.5207296849087893,0.35655058043117743,0.29767827529021557,0.2603648424543947,0.5223880597014925,0.45688225538971805,0.41708126036484244,0.23217247097844113,0.5597014925373134,0.24046434494195687,0.8631840796019901,0.4966832504145937,0.3167495854063018,0.44029850746268656,0.4046434494195688,0.4792703150912106,0.560530679933665,0.21227197346600332,0.6832504145936982,0.6907131011608624,0.6061359867330016,0.31923714759535654,0.6160862354892206,0.5149253731343284,0.44776119402985076,0.675787728026534,0.39054726368159204,0.3175787728026534,0.3092868988391376,0.48756218905472637,0.5348258706467661,0.48756218905472637,0.6169154228855721,0.33250414593698174,0.48092868988391374,0.4427860696517413,0.6310116086235489,0.6160862354892206,0.4461028192371476,0.6409618573797679,0.39054726368159204,0.34577114427860695,0.433665008291874,0.5041459369817579,0.8731343283582089,0.7976782752902156,0.5920398009950248,0.7835820895522388,0.8698175787728026,0.3275290215588723,0.3208955223880597,0.3018242122719735,0.24461028192371476,0.22719734660033167,0.2570480928689884,0.27611940298507465,0.2960199004975124,0.24129353233830847,0.26533996683250416,0.42039800995024873,0.2512437810945274,0.9046434494195689,0.40630182421227196,0.39054726368159204,0.6376451077943616,0.3034825870646766,0.26533996683250416,0.7388059701492538,0.25538971807628524,0.48092868988391374,0.7918739635157546,0.3034825870646766,0.6616915422885572,0.33250414593698174,0.2777777777777778,0.33167495854063017,0.8126036484245439,0.6169154228855721,0.5016583747927031,0.5049751243781094,0.3175787728026534,0.9245439469320066,0.3706467661691542,0.3092868988391376,0.8590381426202321,0.19734660033167495,0.5422885572139303,0.31343283582089554,0.28441127694859036,0.48756218905472637,0.4427860696517413,0.19734660033167495,0.7860696517412935,0.33747927031509123,0.27611940298507465,0.32338308457711445,0.48756218905472637,0.7263681592039801,0.5796019900497512,0.5348258706467661,0.8159203980099502
111,201147,Corey Brewer,32,72,2018,2614,OKC,1610612760,32.0,81.0,186.0,Florida,USA,2007,1,7,46.21270084162204,5.432287681713849,12.08875286916603,1.1859219586840093,4.208110175975516,2.486610558530987,3.442999234889059,1.6449885233358836,4.2463657230298395,5.891354246365723,2.486610558530987,1.874521805661821,3.0221882172915073,0.5355776587605203,0.9563886763580719,5.31752104055088,3.442999234889059,14.537107880642694,-2.1423106350420813,0.0,0.0,0.07651109410864575,3.9403213465952565,4.131599081866871,4.131599081866871,-0.07651109410864575,4.131599081866871,4.016832440703902,3.2899770466717673,0.4973221117061974,4.016832440703902,3.9403213465952565,-0.07651109410864575,-0.07651109410864575,3.9403213465952565,4.016832440703902,0.1530221882172915,0.03825554705432287,0.19127773527161437,1.0711553175210407,0.19127773527161437,0.4590665646518745,0.38255547054322875,6.618209640397858,0.4973221117061974,0.8798775822494261,1.7214996174445294,0.11476664116296863,3.8638102524866107,0.9563886763580719,1.3006885998469777,0.0,3.0221882172915073,0.22953328232593725,0.0,0.0,0.0,0.0,0.0,0.26778882938026016,0.0,0.7651109410864575,0.0,3.9020657995409334,0.11476664116296863,0.19127773527161437,1.0711553175210407,0.03825554705432287,0.1530221882172915,0.0,0.1530221882172915,0.0,0.4973221117061974,0.0,0.0,0.19127773527161437,3.2899770466717673,0.0,0.0,0.0,6.885998469778118,5.011476664116297,2.8309104820198927,0.306044376434583,28.423871461361898,28.423871461361898,0.07651109410864575,6.159143075745983,0.19127773527161437,0.26778882938026016,1.0711553175210407,1.3006885998469777,4.2463657230298395,2.3335883703136955,0.19127773527161437,0.22953328232593725,0.38255547054322875,2.218821729150727,44.68247895944912,0.03825554705432287,14.537107880642694,1.4537107880642692,0.03825554705432287,2.9074215761285385,28.117827084927313,1.0328997704667178,0.03825554705432287,0.0,0.0,0.0,0.0,0.7268553940321346,0.26778882938026016,4.475899005355776,0.07651109410864575,5.31752104055088,0.38255547054322875,0.8033664881407804,1.1094108645753635,0.306044376434583,1.3389441469013006,12.547819433817903,0.8033664881407804,3.366488140780413,7.421576128538638,0.5355776587605203,0.0,0.0,0.0,0.8033664881407804,0.8033664881407804,0.0,1.4154552410099464,1.4154552410099464,0.0,1.7214996174445294,0.0,0.306044376434583,3.481254781943382,0.0,1.6832440703902065,3.175210405508799,0.0,0.03825554705432287,0.0,1.7597551644988523,1.874521805661821,0.5738332058148432,0.0,1.3771996939556235,1.9510328997704667,0.0,3.6342769701606734,0.4590665646518745,0.38255547054322875,0.9563886763580719,0.5738332058148432,0.0,2.6013771996939554,0.0,2.1423106350420813,0.0,0.38255547054322875,0.34429992348890587,0.8033664881407804,0.19127773527161437,0.0,1.9510328997704667,0.5355776587605203,0.0,3.5577658760520277,1.0711553175210407,1.9510328997704667,0.0,1.1859219586840093,3.8255547054322876,3.8638102524866107,1.1859219586840093,34.12394797245601,0.8033664881407804,0.0,5.929609793420046,2.5631216526396328,17921.882172915073,0.0,1.6832440703902065,0.0,3.366488140780413,1.4919663351185921,0.0,2.180566182096404,1.7980107115531752,0.0,3.366488140780413,0.38255547054322875,3.366488140780413,0.1530221882172915,0.26778882938026016,0.306044376434583,0.03825554705432287,0.38255547054322875,0.34429992348890587,2.0275439938791124,1.6449885233358836,6.159143075745983,0.1530221882172915,10.022953328232594,4.2463657230298395,0.0,44.68247895944912,0.8033664881407804,1.3006885998469777,7.421576128538638,0.5355776587605203,0.1530221882172915,22.5707727620505,4.858454475899006,0.0,0.0,1.1094108645753635,0.1530221882172915,5.891354246365723,0.8033664881407804,0.42081101759755163,3.2517214996174446,5.31752104055088,1.2624330527926548,6.235654169854629,1.3389441469013006,0.03825554705432287,4.093343534812548,12.394797245600612,4.934965570007651,0.7268553940321346,0.0,0.7268553940321346,0.0,0.07651109410864575,2.5248661055853097,0.0,1.7597551644988523,1.6449885233358836,4.475899005355776,12.547819433817903,0.444,0.449,0.282,0.722,10.4,0.06,0.073,0.089,10.4,0.534,0.498,0.139,0.033,0.136,0.5,0.0,0.214,0.316,0.584,0.289,0.353,0.217,0.1,0.087,0.55,0.5,0.306,0.063,0.045,0.483,0.054,0.47,0.326,0.309,0.572,0.189,0.634,0.502,0.314,0.227,0.568,0.568,0.0,0.568,0.495,0.5,0.53,0.125,0.735,0.616,0.326,0.537,0.833,0.368,0.268,0.478,0.238,0.0,0.238,0.333,0.307,0.476,0.0,0.498,0.549,0.62,0.31,0.46,0.892,0.0,0.0,0.485,0.0,0.314,0.037,0.0,0.624,0.502,0.313,0.0,0.408,0.634,0.603,0.364,0.47,1.0,0.358,0.326,0.568,0.34,0.569,0.448,0.324,0.189,0.227,0.592,0.687,0.0,0.108,0.825,0.309,0.175,0.509,0.572,0.515,0.1583747927031509,0.2810945273631841,0.2462686567164179,0.3888888888888889,0.38225538971807627,0.49336650082918737,0.49502487562189057,0.5696517412935324,0.2512437810945274,0.3524046434494196,0.32587064676616917,0.3142620232172471,0.906301824212272,0.44029850746268656,0.5597014925373134,0.7437810945273632,0.5398009950248757,0.291044776119403,0.44859038142620233,0.31260364842454397,0.47512437810945274,0.3524046434494196,0.45356550580431176,0.45107794361525705,0.45107794361525705,0.43532338308457713,0.45107794361525705,0.4502487562189055,0.4552238805970149,0.4054726368159204,0.4502487562189055,0.4552238805970149,0.43532338308457713,0.44029850746268656,0.45356550580431176,0.4519071310116086,0.1583747927031509,0.49834162520729686,0.2131011608623549,0.25456053067993367,0.23134328358208955,0.8034825870646766,0.1550580431177446,0.6890547263681592,0.8300165837479271,0.20315091210613598,0.8930348258706468,0.8565505804311775,0.6791044776119403,0.8233830845771144,0.8532338308457711,0.4966832504145937,0.8897180762852405,0.2860696517412935,0.13681592039800994,0.4867330016583748,0.4966832504145937,0.4917081260364842,0.48756218905472637,0.2230514096185738,0.4925373134328358,0.2562189054726368,0.4925373134328358,0.6658374792703151,0.31260364842454397,0.8980099502487562,0.5713101160862355,0.6708126036484245,0.25290215588723053,0.4286898839137645,0.18325041459369817,0.48839137645107794,0.2131011608623549,0.49834162520729686,0.49917081260364843,0.30265339966832505,0.6343283582089553,0.49336650082918737,0.42371475953565507,0.4925373134328358,0.6724709784411277,0.36069651741293535,0.3275290215588723,0.763681592039801,0.09535655058043117,0.08374792703150911,0.21144278606965175,0.3275290215588723,0.3723051409618574,0.43532338308457713,0.49834162520729686,0.48009950248756217,0.4286898839137645,0.4684908789386401,0.4187396351575456,0.42703150912106136,0.42371475953565507,0.46683250414593697,0.08540630182421227,0.21144278606965175,0.2943615257048093,0.1799336650082919,0.533167495854063,0.5381426202321725,0.09535655058043117,0.4361525704809287,0.32172470978441126,0.4792703150912106,0.43781094527363185,0.49917081260364843,0.4734660033167496,0.4925373134328358,0.5016583747927031,0.3407960199004975,0.3706467661691542,0.5613598673300166,0.5132669983416253,0.3839137645107794,0.7205638474295191,0.5066334991708126,0.4154228855721393,0.3706467661691542,0.4286898839137645,0.23797678275290216,0.24129353233830847,0.47180762852404645,0.4461028192371476,0.5,0.3540630182421227,0.533167495854063,0.5248756218905473,0.5,0.48175787728026537,0.49502487562189057,0.5008291873963516,0.2810945273631841,0.49502487562189057,0.5679933665008292,0.27114427860696516,0.49585406301824214,0.3142620232172471,0.3009950248756219,0.5,0.5265339966832504,0.49917081260364843,0.5265339966832504,0.45688225538971805,0.5613598673300166,0.5,0.6525704809286899,0.6044776119402985,0.4975124378109453,0.478441127694859,0.28689883913764513,0.44029850746268656,0.3043117744610282,0.3474295190713101,0.49585406301824214,0.29270315091210614,0.5,0.36069651741293535,0.49834162520729686,0.26616915422885573,0.44029850746268656,0.2877280265339967,0.27114427860696516,0.22719734660033167,0.49834162520729686,0.45356550580431176,0.25538971807628524,0.4021558872305141,0.06218905472636816,0.05555555555555555,0.5008291873963516,0.4651741293532338,0.48839137645107794,0.4154228855721393,0.38474295190713104,0.3308457711442786,0.4286898839137645,0.5008291873963516,0.10862354892205639,0.9029850746268657,0.38723051409618575,0.5008291873963516,0.8565505804311775,0.33167495854063017,0.13018242122719734,0.16169154228855723,0.26533996683250416,0.3275290215588723,0.28441127694859036,0.3034825870646766,0.4386401326699834,0.5132669983416253,0.23797678275290216,0.4759535655058043,0.5016583747927031,0.5066334991708126,0.4320066334991708,0.5398009950248757,0.32587064676616917,0.13349917081260365,0.5696517412935324,0.4767827529021559,0.2752902155887231,0.11028192371475953,0.25456053067993367,0.2230514096185738,0.08540630182421227,0.6907131011608624,0.06053067993366501,0.24129353233830847,0.47180762852404645,0.45107794361525705,0.6144278606965174,0.12023217247097844,0.33747927031509123,0.5008291873963516,0.7205638474295191,0.4427860696517413,0.35903814262023215,0.3839137645107794,0.8814262023217247,0.11857379767827529,0.5613598673300166,0.33913764510779437,0.8598673300165838,0.4154228855721393,0.32172470978441126,0.16500829187396351,0.5613598673300166,0.884742951907131,0.4925373134328358,0.3034825870646766,0.3076285240464345,0.3341625207296849,0.3706467661691542,0.05555555555555555,0.25538971807628524,0.9145936981757877,0.24129353233830847,0.3407960199004975,0.3706467661691542,0.4046434494195688,0.5447761194029851,0.35655058043117743,0.42703150912106136,0.5207296849087893,0.35655058043117743,0.29767827529021557,0.2603648424543947,0.5223880597014925,0.45688225538971805,0.41708126036484244,0.23217247097844113,0.5597014925373134,0.24046434494195687,0.8631840796019901,0.4966832504145937,0.3167495854063018,0.44029850746268656,0.4046434494195688,0.4792703150912106,0.560530679933665,0.21227197346600332,0.6832504145936982,0.6907131011608624,0.6061359867330016,0.31923714759535654,0.6160862354892206,0.5149253731343284,0.44776119402985076,0.675787728026534,0.39054726368159204,0.3175787728026534,0.3092868988391376,0.48756218905472637,0.5348258706467661,0.48756218905472637,0.6169154228855721,0.33250414593698174,0.48092868988391374,0.4427860696517413,0.6310116086235489,0.6160862354892206,0.4461028192371476,0.6409618573797679,0.39054726368159204,0.34577114427860695,0.433665008291874,0.5041459369817579,0.8731343283582089,0.7976782752902156,0.5920398009950248,0.7835820895522388,0.8698175787728026,0.3275290215588723,0.3208955223880597,0.3018242122719735,0.24461028192371476,0.22719734660033167,0.2570480928689884,0.27611940298507465,0.2960199004975124,0.24129353233830847,0.26533996683250416,0.42039800995024873,0.2512437810945274,0.9046434494195689,0.40630182421227196,0.39054726368159204,0.6376451077943616,0.3034825870646766,0.26533996683250416,0.7388059701492538,0.25538971807628524,0.48092868988391374,0.7918739635157546,0.3034825870646766,0.6616915422885572,0.33250414593698174,0.2777777777777778,0.33167495854063017,0.8126036484245439,0.6169154228855721,0.5016583747927031,0.5049751243781094,0.3175787728026534,0.9245439469320066,0.3706467661691542,0.3092868988391376,0.8590381426202321,0.0912106135986733,0.6907131011608624,0.31343283582089554,0.28441127694859036,0.48756218905472637,0.4427860696517413,0.19734660033167495,0.7860696517412935,0.33747927031509123,0.27611940298507465,0.32338308457711445,0.48756218905472637,0.7263681592039801,0.5796019900497512,0.5348258706467661,0.24958540630182421
112,201147,Corey Brewer,32,72,2018,2614,OKC,1610612760,32.0,81.0,186.0,Florida,USA,2007,1,7,46.21270084162204,5.432287681713849,12.08875286916603,1.1859219586840093,4.208110175975516,2.486610558530987,3.442999234889059,1.6449885233358836,4.2463657230298395,5.891354246365723,2.486610558530987,1.874521805661821,3.0221882172915073,0.5355776587605203,0.9563886763580719,5.31752104055088,3.442999234889059,14.537107880642694,-2.1423106350420813,0.0,0.0,0.07651109410864575,3.9403213465952565,4.131599081866871,4.131599081866871,-0.07651109410864575,4.131599081866871,4.016832440703902,3.2899770466717673,0.4973221117061974,4.016832440703902,3.9403213465952565,-0.07651109410864575,-0.07651109410864575,3.9403213465952565,4.016832440703902,0.1530221882172915,0.03825554705432287,0.19127773527161437,1.0711553175210407,0.19127773527161437,0.4590665646518745,0.38255547054322875,6.618209640397858,0.4973221117061974,0.8798775822494261,1.7214996174445294,0.11476664116296863,3.8638102524866107,0.9563886763580719,1.3006885998469777,0.0,3.0221882172915073,0.22953328232593725,0.0,0.0,0.0,0.0,0.0,0.26778882938026016,0.0,0.7651109410864575,0.0,3.9020657995409334,0.11476664116296863,0.19127773527161437,1.0711553175210407,0.03825554705432287,0.1530221882172915,0.0,0.1530221882172915,0.0,0.4973221117061974,0.0,0.0,0.19127773527161437,3.2899770466717673,0.0,0.0,0.0,6.885998469778118,5.011476664116297,2.8309104820198927,0.306044376434583,28.423871461361898,28.423871461361898,0.07651109410864575,6.159143075745983,0.19127773527161437,0.26778882938026016,1.0711553175210407,1.3006885998469777,4.2463657230298395,2.3335883703136955,0.19127773527161437,0.22953328232593725,0.38255547054322875,2.218821729150727,44.68247895944912,0.03825554705432287,14.537107880642694,1.4537107880642692,0.03825554705432287,2.9074215761285385,28.117827084927313,1.0328997704667178,0.03825554705432287,0.0,0.0,0.0,0.0,0.7268553940321346,0.26778882938026016,4.475899005355776,0.07651109410864575,5.31752104055088,0.38255547054322875,0.8033664881407804,1.1094108645753635,0.306044376434583,1.3389441469013006,12.547819433817903,0.8033664881407804,3.366488140780413,7.421576128538638,0.5355776587605203,0.0,0.0,0.0,0.8033664881407804,0.8033664881407804,0.0,1.4154552410099464,1.4154552410099464,0.0,1.7214996174445294,0.0,0.306044376434583,3.481254781943382,0.0,1.6832440703902065,3.175210405508799,0.0,0.03825554705432287,0.0,1.7597551644988523,1.874521805661821,0.5738332058148432,0.0,1.3771996939556235,1.9510328997704667,0.0,3.6342769701606734,0.4590665646518745,0.38255547054322875,0.9563886763580719,0.5738332058148432,0.0,2.6013771996939554,0.0,2.1423106350420813,0.0,0.38255547054322875,0.34429992348890587,0.8033664881407804,0.19127773527161437,0.0,1.9510328997704667,0.5355776587605203,0.0,3.5577658760520277,1.0711553175210407,1.9510328997704667,0.0,1.1859219586840093,3.8255547054322876,3.8638102524866107,1.1859219586840093,34.12394797245601,0.8033664881407804,0.0,5.929609793420046,2.5631216526396328,17921.882172915073,0.0,1.6832440703902065,0.0,3.366488140780413,1.4919663351185921,0.0,2.180566182096404,1.7980107115531752,0.0,3.366488140780413,0.38255547054322875,3.366488140780413,0.1530221882172915,0.26778882938026016,0.306044376434583,0.03825554705432287,0.38255547054322875,0.34429992348890587,1.0711553175210407,1.6449885233358836,6.159143075745983,0.1530221882172915,10.022953328232594,4.2463657230298395,0.0,44.68247895944912,0.8033664881407804,2.3718439173680186,7.421576128538638,0.5355776587605203,0.1530221882172915,22.5707727620505,4.858454475899006,0.0,0.0,1.1094108645753635,0.1530221882172915,5.891354246365723,0.8033664881407804,0.42081101759755163,1.9510328997704667,5.31752104055088,1.2624330527926548,6.235654169854629,1.3389441469013006,0.03825554705432287,4.093343534812548,12.394797245600612,4.934965570007651,0.7268553940321346,0.0,0.7268553940321346,0.0,0.07651109410864575,3.8255547054322876,0.0,1.7597551644988523,1.6449885233358836,4.475899005355776,12.547819433817903,0.444,0.449,0.282,0.722,10.4,0.06,0.073,0.089,10.4,0.534,0.498,0.139,0.033,0.136,0.5,0.0,0.214,0.316,0.584,0.289,0.353,0.217,0.1,0.087,0.55,0.5,0.306,0.063,0.045,0.483,0.054,0.47,0.326,0.309,0.572,0.189,0.634,0.502,0.314,0.227,0.568,0.568,0.0,0.568,0.495,0.5,0.53,0.125,0.735,0.616,0.326,0.537,0.833,0.368,0.268,0.478,0.238,0.0,0.238,0.333,0.307,0.476,0.0,0.498,0.549,0.62,0.31,0.46,0.892,0.0,0.0,0.485,0.0,0.314,0.037,0.0,0.549,0.502,0.313,0.0,0.408,0.634,0.62,0.364,0.47,1.0,0.358,0.326,0.568,0.382,0.565,0.448,0.263,0.189,0.227,0.592,0.687,0.0,0.108,0.825,0.309,0.175,0.509,0.572,0.62,0.1583747927031509,0.2810945273631841,0.2462686567164179,0.3888888888888889,0.38225538971807627,0.49336650082918737,0.49502487562189057,0.5696517412935324,0.2512437810945274,0.3524046434494196,0.32587064676616917,0.3142620232172471,0.906301824212272,0.44029850746268656,0.5597014925373134,0.7437810945273632,0.5398009950248757,0.291044776119403,0.44859038142620233,0.31260364842454397,0.47512437810945274,0.3524046434494196,0.45356550580431176,0.45107794361525705,0.45107794361525705,0.43532338308457713,0.45107794361525705,0.4502487562189055,0.4552238805970149,0.4054726368159204,0.4502487562189055,0.4552238805970149,0.43532338308457713,0.44029850746268656,0.45356550580431176,0.4519071310116086,0.1583747927031509,0.49834162520729686,0.2131011608623549,0.25456053067993367,0.23134328358208955,0.8034825870646766,0.1550580431177446,0.6890547263681592,0.8300165837479271,0.20315091210613598,0.8930348258706468,0.8565505804311775,0.6791044776119403,0.8233830845771144,0.8532338308457711,0.4966832504145937,0.8897180762852405,0.2860696517412935,0.13681592039800994,0.4867330016583748,0.4966832504145937,0.4917081260364842,0.48756218905472637,0.2230514096185738,0.4925373134328358,0.2562189054726368,0.4925373134328358,0.6658374792703151,0.31260364842454397,0.8980099502487562,0.5713101160862355,0.6708126036484245,0.25290215588723053,0.4286898839137645,0.18325041459369817,0.48839137645107794,0.2131011608623549,0.49834162520729686,0.49917081260364843,0.30265339966832505,0.6343283582089553,0.49336650082918737,0.42371475953565507,0.4925373134328358,0.6724709784411277,0.36069651741293535,0.3275290215588723,0.763681592039801,0.09535655058043117,0.08374792703150911,0.21144278606965175,0.3275290215588723,0.3723051409618574,0.43532338308457713,0.49834162520729686,0.48009950248756217,0.4286898839137645,0.4684908789386401,0.4187396351575456,0.42703150912106136,0.42371475953565507,0.46683250414593697,0.08540630182421227,0.21144278606965175,0.2943615257048093,0.1799336650082919,0.533167495854063,0.5381426202321725,0.09535655058043117,0.4361525704809287,0.32172470978441126,0.4792703150912106,0.43781094527363185,0.49917081260364843,0.4734660033167496,0.4925373134328358,0.5016583747927031,0.3407960199004975,0.3706467661691542,0.5613598673300166,0.5132669983416253,0.3839137645107794,0.7205638474295191,0.5066334991708126,0.4154228855721393,0.3706467661691542,0.4286898839137645,0.23797678275290216,0.24129353233830847,0.47180762852404645,0.4461028192371476,0.5,0.3540630182421227,0.533167495854063,0.5248756218905473,0.5,0.48175787728026537,0.49502487562189057,0.5008291873963516,0.2810945273631841,0.49502487562189057,0.5679933665008292,0.27114427860696516,0.49585406301824214,0.3142620232172471,0.3009950248756219,0.5,0.5265339966832504,0.49917081260364843,0.5265339966832504,0.45688225538971805,0.5613598673300166,0.5,0.6525704809286899,0.6044776119402985,0.4975124378109453,0.478441127694859,0.28689883913764513,0.44029850746268656,0.3043117744610282,0.3474295190713101,0.49585406301824214,0.29270315091210614,0.5,0.36069651741293535,0.49834162520729686,0.26616915422885573,0.44029850746268656,0.2877280265339967,0.27114427860696516,0.22719734660033167,0.49834162520729686,0.45356550580431176,0.25538971807628524,0.4021558872305141,0.06218905472636816,0.05555555555555555,0.5008291873963516,0.4651741293532338,0.48839137645107794,0.4154228855721393,0.38474295190713104,0.3308457711442786,0.4286898839137645,0.5008291873963516,0.10862354892205639,0.9029850746268657,0.38723051409618575,0.5008291873963516,0.8565505804311775,0.33167495854063017,0.13018242122719734,0.16169154228855723,0.26533996683250416,0.3275290215588723,0.28441127694859036,0.3034825870646766,0.4386401326699834,0.5132669983416253,0.23797678275290216,0.4759535655058043,0.5016583747927031,0.5066334991708126,0.4320066334991708,0.5398009950248757,0.32587064676616917,0.06218905472636816,0.5696517412935324,0.4767827529021559,0.2752902155887231,0.11028192371475953,0.25456053067993367,0.2230514096185738,0.08540630182421227,0.6907131011608624,0.1318407960199005,0.24129353233830847,0.47180762852404645,0.45107794361525705,0.6144278606965174,0.12023217247097844,0.33747927031509123,0.5008291873963516,0.7205638474295191,0.4427860696517413,0.35903814262023215,0.3839137645107794,0.8814262023217247,0.05555555555555555,0.5613598673300166,0.33913764510779437,0.8598673300165838,0.4154228855721393,0.32172470978441126,0.16500829187396351,0.5613598673300166,0.884742951907131,0.4925373134328358,0.3034825870646766,0.3076285240464345,0.3341625207296849,0.3706467661691542,0.11857379767827529,0.25538971807628524,0.9145936981757877,0.24129353233830847,0.3407960199004975,0.3706467661691542,0.4046434494195688,0.5447761194029851,0.35655058043117743,0.42703150912106136,0.5207296849087893,0.35655058043117743,0.29767827529021557,0.2603648424543947,0.5223880597014925,0.45688225538971805,0.41708126036484244,0.23217247097844113,0.5597014925373134,0.24046434494195687,0.8631840796019901,0.4966832504145937,0.3167495854063018,0.44029850746268656,0.4046434494195688,0.4792703150912106,0.560530679933665,0.21227197346600332,0.6832504145936982,0.6907131011608624,0.6061359867330016,0.31923714759535654,0.6160862354892206,0.5149253731343284,0.44776119402985076,0.675787728026534,0.39054726368159204,0.3175787728026534,0.3092868988391376,0.48756218905472637,0.5348258706467661,0.48756218905472637,0.6169154228855721,0.33250414593698174,0.48092868988391374,0.4427860696517413,0.6310116086235489,0.6160862354892206,0.4461028192371476,0.6409618573797679,0.39054726368159204,0.34577114427860695,0.433665008291874,0.5041459369817579,0.8731343283582089,0.7976782752902156,0.5920398009950248,0.7835820895522388,0.8698175787728026,0.3275290215588723,0.3208955223880597,0.3018242122719735,0.24461028192371476,0.22719734660033167,0.2570480928689884,0.27611940298507465,0.2960199004975124,0.24129353233830847,0.26533996683250416,0.42039800995024873,0.2512437810945274,0.9046434494195689,0.40630182421227196,0.39054726368159204,0.6376451077943616,0.3034825870646766,0.26533996683250416,0.7388059701492538,0.25538971807628524,0.48092868988391374,0.7918739635157546,0.3034825870646766,0.2512437810945274,0.33250414593698174,0.2777777777777778,0.33167495854063017,0.8126036484245439,0.6169154228855721,0.9046434494195689,0.5049751243781094,0.3175787728026534,0.9245439469320066,0.3706467661691542,0.3092868988391376,0.8590381426202321,0.19734660033167495,0.5422885572139303,0.31343283582089554,0.09286898839137644,0.48756218905472637,0.4427860696517413,0.19734660033167495,0.7860696517412935,0.33747927031509123,0.27611940298507465,0.32338308457711445,0.48756218905472637,0.7263681592039801,0.5796019900497512,0.5348258706467661,0.8159203980099502
113,201147,Corey Brewer,32,72,2018,2614,OKC,1610612760,32.0,81.0,186.0,Florida,USA,2007,1,7,46.21270084162204,5.432287681713849,12.08875286916603,1.1859219586840093,4.208110175975516,2.486610558530987,3.442999234889059,1.6449885233358836,4.2463657230298395,5.891354246365723,2.486610558530987,1.874521805661821,3.0221882172915073,0.5355776587605203,0.9563886763580719,5.31752104055088,3.442999234889059,14.537107880642694,-2.1423106350420813,0.0,0.0,0.07651109410864575,3.9403213465952565,4.131599081866871,4.131599081866871,-0.07651109410864575,4.131599081866871,4.016832440703902,3.2899770466717673,0.4973221117061974,4.016832440703902,3.9403213465952565,-0.07651109410864575,-0.07651109410864575,3.9403213465952565,4.016832440703902,0.1530221882172915,0.03825554705432287,0.19127773527161437,1.0711553175210407,0.19127773527161437,0.4590665646518745,0.38255547054322875,6.618209640397858,0.4973221117061974,0.8798775822494261,1.7214996174445294,0.11476664116296863,3.8638102524866107,0.9563886763580719,1.3006885998469777,0.0,3.0221882172915073,0.22953328232593725,0.0,0.0,0.0,0.0,0.0,0.26778882938026016,0.0,0.7651109410864575,0.0,3.9020657995409334,0.11476664116296863,0.19127773527161437,1.0711553175210407,0.03825554705432287,0.1530221882172915,0.0,0.1530221882172915,0.0,0.4973221117061974,0.0,0.0,0.19127773527161437,3.2899770466717673,0.0,0.0,0.0,6.885998469778118,5.011476664116297,2.8309104820198927,0.306044376434583,28.423871461361898,28.423871461361898,0.07651109410864575,6.159143075745983,0.19127773527161437,0.26778882938026016,1.0711553175210407,1.3006885998469777,4.2463657230298395,2.3335883703136955,0.19127773527161437,0.22953328232593725,0.38255547054322875,2.218821729150727,44.68247895944912,0.03825554705432287,14.537107880642694,1.4537107880642692,0.03825554705432287,2.9074215761285385,28.117827084927313,1.0328997704667178,0.03825554705432287,0.0,0.0,0.0,0.0,0.7268553940321346,0.26778882938026016,4.475899005355776,0.07651109410864575,5.31752104055088,0.38255547054322875,0.8033664881407804,1.1094108645753635,0.306044376434583,1.3389441469013006,12.547819433817903,0.8033664881407804,3.366488140780413,7.421576128538638,0.5355776587605203,0.0,0.0,0.0,0.8033664881407804,0.8033664881407804,0.0,1.4154552410099464,1.4154552410099464,0.0,1.7214996174445294,0.0,0.306044376434583,3.481254781943382,0.0,1.6832440703902065,3.175210405508799,0.0,0.03825554705432287,0.0,1.7597551644988523,1.874521805661821,0.5738332058148432,0.0,1.3771996939556235,1.9510328997704667,0.0,3.6342769701606734,0.4590665646518745,0.38255547054322875,0.9563886763580719,0.5738332058148432,0.0,2.6013771996939554,0.0,2.1423106350420813,0.0,0.38255547054322875,0.34429992348890587,0.8033664881407804,0.19127773527161437,0.0,1.9510328997704667,0.5355776587605203,0.0,3.5577658760520277,1.0711553175210407,1.9510328997704667,0.0,1.1859219586840093,3.8255547054322876,3.8638102524866107,1.1859219586840093,34.12394797245601,0.8033664881407804,0.0,5.929609793420046,2.5631216526396328,17921.882172915073,0.0,1.6832440703902065,0.0,3.366488140780413,1.4919663351185921,0.0,2.180566182096404,1.7980107115531752,0.0,3.366488140780413,0.38255547054322875,3.366488140780413,0.1530221882172915,0.26778882938026016,0.306044376434583,0.03825554705432287,0.38255547054322875,0.34429992348890587,1.0711553175210407,1.6449885233358836,6.159143075745983,0.1530221882172915,10.022953328232594,4.2463657230298395,0.0,44.68247895944912,0.8033664881407804,1.3006885998469777,7.421576128538638,0.5355776587605203,0.1530221882172915,22.5707727620505,4.858454475899006,0.0,0.0,1.1094108645753635,0.1530221882172915,5.891354246365723,0.8033664881407804,0.42081101759755163,1.9510328997704667,5.31752104055088,1.2624330527926548,6.235654169854629,1.3389441469013006,0.03825554705432287,4.093343534812548,12.394797245600612,4.934965570007651,0.7268553940321346,0.0,0.7268553940321346,0.0,0.07651109410864575,2.5248661055853097,0.0,1.7597551644988523,1.6449885233358836,4.475899005355776,12.547819433817903,0.444,0.449,0.282,0.722,10.4,0.06,0.073,0.089,10.4,0.534,0.498,0.139,0.033,0.136,0.5,0.0,0.214,0.316,0.584,0.289,0.353,0.217,0.1,0.087,0.55,0.5,0.306,0.063,0.045,0.483,0.054,0.47,0.326,0.309,0.572,0.189,0.634,0.502,0.314,0.227,0.568,0.568,0.0,0.568,0.495,0.5,0.53,0.125,0.735,0.616,0.326,0.537,0.833,0.368,0.268,0.478,0.238,0.0,0.238,0.333,0.307,0.476,0.0,0.498,0.549,0.62,0.31,0.46,0.892,0.0,0.0,0.485,0.0,0.314,0.037,0.0,0.549,0.502,0.313,0.0,0.408,0.634,0.62,0.364,0.47,1.0,0.358,0.326,0.568,0.34,0.569,0.448,0.263,0.189,0.227,0.592,0.687,0.0,0.108,0.825,0.309,0.175,0.509,0.572,0.515,0.1583747927031509,0.2810945273631841,0.2462686567164179,0.3888888888888889,0.38225538971807627,0.49336650082918737,0.49502487562189057,0.5696517412935324,0.2512437810945274,0.3524046434494196,0.32587064676616917,0.3142620232172471,0.906301824212272,0.44029850746268656,0.5597014925373134,0.7437810945273632,0.5398009950248757,0.291044776119403,0.44859038142620233,0.31260364842454397,0.47512437810945274,0.3524046434494196,0.45356550580431176,0.45107794361525705,0.45107794361525705,0.43532338308457713,0.45107794361525705,0.4502487562189055,0.4552238805970149,0.4054726368159204,0.4502487562189055,0.4552238805970149,0.43532338308457713,0.44029850746268656,0.45356550580431176,0.4519071310116086,0.1583747927031509,0.49834162520729686,0.2131011608623549,0.25456053067993367,0.23134328358208955,0.8034825870646766,0.1550580431177446,0.6890547263681592,0.8300165837479271,0.20315091210613598,0.8930348258706468,0.8565505804311775,0.6791044776119403,0.8233830845771144,0.8532338308457711,0.4966832504145937,0.8897180762852405,0.2860696517412935,0.13681592039800994,0.4867330016583748,0.4966832504145937,0.4917081260364842,0.48756218905472637,0.2230514096185738,0.4925373134328358,0.2562189054726368,0.4925373134328358,0.6658374792703151,0.31260364842454397,0.8980099502487562,0.5713101160862355,0.6708126036484245,0.25290215588723053,0.4286898839137645,0.18325041459369817,0.48839137645107794,0.2131011608623549,0.49834162520729686,0.49917081260364843,0.30265339966832505,0.6343283582089553,0.49336650082918737,0.42371475953565507,0.4925373134328358,0.6724709784411277,0.36069651741293535,0.3275290215588723,0.763681592039801,0.09535655058043117,0.08374792703150911,0.21144278606965175,0.3275290215588723,0.3723051409618574,0.43532338308457713,0.49834162520729686,0.48009950248756217,0.4286898839137645,0.4684908789386401,0.4187396351575456,0.42703150912106136,0.42371475953565507,0.46683250414593697,0.08540630182421227,0.21144278606965175,0.2943615257048093,0.1799336650082919,0.533167495854063,0.5381426202321725,0.09535655058043117,0.4361525704809287,0.32172470978441126,0.4792703150912106,0.43781094527363185,0.49917081260364843,0.4734660033167496,0.4925373134328358,0.5016583747927031,0.3407960199004975,0.3706467661691542,0.5613598673300166,0.5132669983416253,0.3839137645107794,0.7205638474295191,0.5066334991708126,0.4154228855721393,0.3706467661691542,0.4286898839137645,0.23797678275290216,0.24129353233830847,0.47180762852404645,0.4461028192371476,0.5,0.3540630182421227,0.533167495854063,0.5248756218905473,0.5,0.48175787728026537,0.49502487562189057,0.5008291873963516,0.2810945273631841,0.49502487562189057,0.5679933665008292,0.27114427860696516,0.49585406301824214,0.3142620232172471,0.3009950248756219,0.5,0.5265339966832504,0.49917081260364843,0.5265339966832504,0.45688225538971805,0.5613598673300166,0.5,0.6525704809286899,0.6044776119402985,0.4975124378109453,0.478441127694859,0.28689883913764513,0.44029850746268656,0.3043117744610282,0.3474295190713101,0.49585406301824214,0.29270315091210614,0.5,0.36069651741293535,0.49834162520729686,0.26616915422885573,0.44029850746268656,0.2877280265339967,0.27114427860696516,0.22719734660033167,0.49834162520729686,0.45356550580431176,0.25538971807628524,0.4021558872305141,0.06218905472636816,0.05555555555555555,0.5008291873963516,0.4651741293532338,0.48839137645107794,0.4154228855721393,0.38474295190713104,0.3308457711442786,0.4286898839137645,0.5008291873963516,0.10862354892205639,0.9029850746268657,0.38723051409618575,0.5008291873963516,0.8565505804311775,0.33167495854063017,0.13018242122719734,0.16169154228855723,0.26533996683250416,0.3275290215588723,0.28441127694859036,0.3034825870646766,0.4386401326699834,0.5132669983416253,0.23797678275290216,0.4759535655058043,0.5016583747927031,0.5066334991708126,0.4320066334991708,0.5398009950248757,0.32587064676616917,0.06218905472636816,0.5696517412935324,0.4767827529021559,0.2752902155887231,0.11028192371475953,0.25456053067993367,0.2230514096185738,0.08540630182421227,0.6907131011608624,0.06053067993366501,0.24129353233830847,0.47180762852404645,0.45107794361525705,0.6144278606965174,0.12023217247097844,0.33747927031509123,0.5008291873963516,0.7205638474295191,0.4427860696517413,0.35903814262023215,0.3839137645107794,0.8814262023217247,0.05555555555555555,0.5613598673300166,0.33913764510779437,0.8598673300165838,0.4154228855721393,0.32172470978441126,0.16500829187396351,0.5613598673300166,0.884742951907131,0.4925373134328358,0.3034825870646766,0.3076285240464345,0.3341625207296849,0.3706467661691542,0.05555555555555555,0.25538971807628524,0.9145936981757877,0.24129353233830847,0.3407960199004975,0.3706467661691542,0.4046434494195688,0.5447761194029851,0.35655058043117743,0.42703150912106136,0.5207296849087893,0.35655058043117743,0.29767827529021557,0.2603648424543947,0.5223880597014925,0.45688225538971805,0.41708126036484244,0.23217247097844113,0.5597014925373134,0.24046434494195687,0.8631840796019901,0.4966832504145937,0.3167495854063018,0.44029850746268656,0.4046434494195688,0.4792703150912106,0.560530679933665,0.21227197346600332,0.6832504145936982,0.6907131011608624,0.6061359867330016,0.31923714759535654,0.6160862354892206,0.5149253731343284,0.44776119402985076,0.675787728026534,0.39054726368159204,0.3175787728026534,0.3092868988391376,0.48756218905472637,0.5348258706467661,0.48756218905472637,0.6169154228855721,0.33250414593698174,0.48092868988391374,0.4427860696517413,0.6310116086235489,0.6160862354892206,0.4461028192371476,0.6409618573797679,0.39054726368159204,0.34577114427860695,0.433665008291874,0.5041459369817579,0.8731343283582089,0.7976782752902156,0.5920398009950248,0.7835820895522388,0.8698175787728026,0.3275290215588723,0.3208955223880597,0.3018242122719735,0.24461028192371476,0.22719734660033167,0.2570480928689884,0.27611940298507465,0.2960199004975124,0.24129353233830847,0.26533996683250416,0.42039800995024873,0.2512437810945274,0.9046434494195689,0.40630182421227196,0.39054726368159204,0.6376451077943616,0.3034825870646766,0.26533996683250416,0.7388059701492538,0.25538971807628524,0.48092868988391374,0.7918739635157546,0.3034825870646766,0.2512437810945274,0.33250414593698174,0.2777777777777778,0.33167495854063017,0.8126036484245439,0.6169154228855721,0.9046434494195689,0.5049751243781094,0.3175787728026534,0.9245439469320066,0.3706467661691542,0.3092868988391376,0.8590381426202321,0.0912106135986733,0.6907131011608624,0.31343283582089554,0.09286898839137644,0.48756218905472637,0.4427860696517413,0.19734660033167495,0.7860696517412935,0.33747927031509123,0.27611940298507465,0.32338308457711445,0.48756218905472637,0.7263681592039801,0.5796019900497512,0.5348258706467661,0.24958540630182421
114,201147,Corey Brewer,32,72,2018,2614,OKC,1610612760,32.0,81.0,186.0,Florida,USA,2007,1,7,46.21270084162204,5.432287681713849,12.08875286916603,1.1859219586840093,4.208110175975516,2.486610558530987,3.442999234889059,1.6449885233358836,4.2463657230298395,5.891354246365723,2.486610558530987,1.874521805661821,3.0221882172915073,0.5355776587605203,0.9563886763580719,5.31752104055088,3.442999234889059,14.537107880642694,-2.1423106350420813,0.0,0.0,0.07651109410864575,3.9403213465952565,4.131599081866871,4.131599081866871,-0.07651109410864575,4.131599081866871,4.016832440703902,3.2899770466717673,0.4973221117061974,4.016832440703902,3.9403213465952565,-0.07651109410864575,-0.07651109410864575,3.9403213465952565,4.016832440703902,0.1530221882172915,0.03825554705432287,0.19127773527161437,1.0711553175210407,0.19127773527161437,0.4590665646518745,0.38255547054322875,6.618209640397858,0.4973221117061974,0.8798775822494261,1.7214996174445294,0.11476664116296863,3.8638102524866107,0.9563886763580719,1.3006885998469777,0.0,3.0221882172915073,0.22953328232593725,0.0,0.0,0.0,0.0,0.0,0.26778882938026016,0.0,0.7651109410864575,0.0,3.9020657995409334,0.11476664116296863,0.19127773527161437,1.0711553175210407,0.03825554705432287,0.1530221882172915,0.0,0.1530221882172915,0.0,0.4973221117061974,0.0,0.0,0.19127773527161437,3.2899770466717673,0.0,0.0,0.0,6.885998469778118,5.011476664116297,2.8309104820198927,0.306044376434583,28.423871461361898,28.423871461361898,0.07651109410864575,6.159143075745983,0.19127773527161437,0.26778882938026016,1.0711553175210407,1.3006885998469777,4.2463657230298395,2.3335883703136955,0.19127773527161437,0.22953328232593725,0.38255547054322875,2.218821729150727,44.68247895944912,0.03825554705432287,14.537107880642694,1.4537107880642692,0.03825554705432287,2.9074215761285385,28.117827084927313,1.0328997704667178,0.03825554705432287,0.0,0.0,0.0,0.0,0.7268553940321346,0.26778882938026016,4.475899005355776,0.07651109410864575,5.31752104055088,0.38255547054322875,0.8033664881407804,1.1094108645753635,0.306044376434583,1.3389441469013006,12.547819433817903,0.8033664881407804,3.366488140780413,7.421576128538638,0.5355776587605203,0.0,0.0,0.0,0.8033664881407804,0.8033664881407804,0.0,1.4154552410099464,1.4154552410099464,0.0,1.7214996174445294,0.0,0.306044376434583,3.481254781943382,0.0,1.6832440703902065,3.175210405508799,0.0,0.03825554705432287,0.0,1.7597551644988523,1.874521805661821,0.5738332058148432,0.0,1.3771996939556235,1.9510328997704667,0.0,3.6342769701606734,0.4590665646518745,0.38255547054322875,0.9563886763580719,0.5738332058148432,0.0,2.6013771996939554,0.0,2.1423106350420813,0.0,0.38255547054322875,0.34429992348890587,0.8033664881407804,0.19127773527161437,0.0,1.9510328997704667,0.5355776587605203,0.0,3.5577658760520277,1.0711553175210407,1.9510328997704667,0.0,1.1859219586840093,3.8255547054322876,3.8638102524866107,1.1859219586840093,34.12394797245601,0.8033664881407804,0.0,3.8638102524866107,2.5631216526396328,17921.882172915073,0.0,1.6832440703902065,0.0,1.7597551644988523,1.4919663351185921,0.0,2.180566182096404,1.7980107115531752,0.0,3.366488140780413,0.38255547054322875,3.366488140780413,0.1530221882172915,0.26778882938026016,0.306044376434583,0.03825554705432287,0.38255547054322875,0.34429992348890587,2.0275439938791124,1.6449885233358836,6.159143075745983,0.1530221882172915,10.022953328232594,4.2463657230298395,0.0,44.68247895944912,0.8033664881407804,2.3718439173680186,7.421576128538638,0.5355776587605203,0.1530221882172915,22.5707727620505,4.858454475899006,0.0,0.0,1.1094108645753635,0.1530221882172915,5.891354246365723,0.8033664881407804,0.42081101759755163,3.2517214996174446,5.31752104055088,1.2624330527926548,6.235654169854629,1.3389441469013006,0.03825554705432287,4.093343534812548,12.394797245600612,4.934965570007651,0.7268553940321346,0.0,0.7268553940321346,0.0,0.07651109410864575,3.8255547054322876,0.0,1.7597551644988523,1.6449885233358836,4.475899005355776,12.547819433817903,0.444,0.449,0.282,0.722,10.4,0.06,0.073,0.089,10.4,0.534,0.498,0.139,0.033,0.136,0.5,0.0,0.214,0.316,0.584,0.289,0.353,0.217,0.1,0.087,0.55,0.5,0.306,0.063,0.045,0.483,0.054,0.47,0.326,0.309,0.572,0.189,0.634,0.502,0.314,0.227,0.568,0.568,0.0,0.568,0.495,0.5,0.53,0.125,0.735,0.616,0.326,0.537,0.833,0.368,0.268,0.478,0.238,0.0,0.238,0.333,0.307,0.476,0.0,0.498,0.549,0.62,0.31,0.46,0.892,0.0,0.0,0.485,0.0,0.314,0.037,0.0,0.624,0.502,0.313,0.0,0.408,0.634,0.603,0.364,0.47,1.0,0.358,0.326,0.455,0.382,0.565,0.448,0.324,0.189,0.227,0.521,0.687,0.0,0.108,0.825,0.309,0.175,0.5,0.572,0.62,0.1583747927031509,0.2810945273631841,0.2462686567164179,0.3888888888888889,0.38225538971807627,0.49336650082918737,0.49502487562189057,0.5696517412935324,0.2512437810945274,0.3524046434494196,0.32587064676616917,0.3142620232172471,0.906301824212272,0.44029850746268656,0.5597014925373134,0.7437810945273632,0.5398009950248757,0.291044776119403,0.44859038142620233,0.31260364842454397,0.47512437810945274,0.3524046434494196,0.45356550580431176,0.45107794361525705,0.45107794361525705,0.43532338308457713,0.45107794361525705,0.4502487562189055,0.4552238805970149,0.4054726368159204,0.4502487562189055,0.4552238805970149,0.43532338308457713,0.44029850746268656,0.45356550580431176,0.4519071310116086,0.1583747927031509,0.49834162520729686,0.2131011608623549,0.25456053067993367,0.23134328358208955,0.8034825870646766,0.1550580431177446,0.6890547263681592,0.8300165837479271,0.20315091210613598,0.8930348258706468,0.8565505804311775,0.6791044776119403,0.8233830845771144,0.8532338308457711,0.4966832504145937,0.8897180762852405,0.2860696517412935,0.13681592039800994,0.4867330016583748,0.4966832504145937,0.4917081260364842,0.48756218905472637,0.2230514096185738,0.4925373134328358,0.2562189054726368,0.4925373134328358,0.6658374792703151,0.31260364842454397,0.8980099502487562,0.5713101160862355,0.6708126036484245,0.25290215588723053,0.4286898839137645,0.18325041459369817,0.48839137645107794,0.2131011608623549,0.49834162520729686,0.49917081260364843,0.30265339966832505,0.6343283582089553,0.49336650082918737,0.42371475953565507,0.4925373134328358,0.6724709784411277,0.36069651741293535,0.3275290215588723,0.763681592039801,0.09535655058043117,0.08374792703150911,0.21144278606965175,0.3275290215588723,0.3723051409618574,0.43532338308457713,0.49834162520729686,0.48009950248756217,0.4286898839137645,0.4684908789386401,0.4187396351575456,0.42703150912106136,0.42371475953565507,0.46683250414593697,0.08540630182421227,0.21144278606965175,0.2943615257048093,0.1799336650082919,0.533167495854063,0.5381426202321725,0.09535655058043117,0.4361525704809287,0.32172470978441126,0.4792703150912106,0.43781094527363185,0.49917081260364843,0.4734660033167496,0.4925373134328358,0.5016583747927031,0.3407960199004975,0.3706467661691542,0.5613598673300166,0.5132669983416253,0.3839137645107794,0.7205638474295191,0.5066334991708126,0.4154228855721393,0.3706467661691542,0.4286898839137645,0.23797678275290216,0.24129353233830847,0.47180762852404645,0.4461028192371476,0.5,0.3540630182421227,0.533167495854063,0.5248756218905473,0.5,0.48175787728026537,0.49502487562189057,0.5008291873963516,0.2810945273631841,0.49502487562189057,0.5679933665008292,0.27114427860696516,0.49585406301824214,0.3142620232172471,0.3009950248756219,0.5,0.5265339966832504,0.49917081260364843,0.5265339966832504,0.45688225538971805,0.5613598673300166,0.5,0.6525704809286899,0.6044776119402985,0.4975124378109453,0.478441127694859,0.28689883913764513,0.44029850746268656,0.3043117744610282,0.3474295190713101,0.49585406301824214,0.29270315091210614,0.5,0.36069651741293535,0.49834162520729686,0.26616915422885573,0.44029850746268656,0.2877280265339967,0.27114427860696516,0.22719734660033167,0.49834162520729686,0.45356550580431176,0.25538971807628524,0.4021558872305141,0.06218905472636816,0.05555555555555555,0.5008291873963516,0.4651741293532338,0.48839137645107794,0.4154228855721393,0.38474295190713104,0.3308457711442786,0.4286898839137645,0.5008291873963516,0.0472636815920398,0.9029850746268657,0.38723051409618575,0.5008291873963516,0.8565505804311775,0.33167495854063017,0.05555555555555555,0.16169154228855723,0.26533996683250416,0.3275290215588723,0.28441127694859036,0.3034825870646766,0.4386401326699834,0.5132669983416253,0.23797678275290216,0.4759535655058043,0.5016583747927031,0.5066334991708126,0.4320066334991708,0.5398009950248757,0.32587064676616917,0.13349917081260365,0.5696517412935324,0.4767827529021559,0.2752902155887231,0.11028192371475953,0.25456053067993367,0.2230514096185738,0.08540630182421227,0.6907131011608624,0.1318407960199005,0.24129353233830847,0.47180762852404645,0.45107794361525705,0.6144278606965174,0.12023217247097844,0.33747927031509123,0.5008291873963516,0.7205638474295191,0.4427860696517413,0.35903814262023215,0.3839137645107794,0.8814262023217247,0.11857379767827529,0.5613598673300166,0.33913764510779437,0.8598673300165838,0.4154228855721393,0.32172470978441126,0.16500829187396351,0.5613598673300166,0.884742951907131,0.4925373134328358,0.3034825870646766,0.3076285240464345,0.3341625207296849,0.3706467661691542,0.11857379767827529,0.25538971807628524,0.9145936981757877,0.24129353233830847,0.3407960199004975,0.3706467661691542,0.4046434494195688,0.5447761194029851,0.35655058043117743,0.42703150912106136,0.5207296849087893,0.35655058043117743,0.29767827529021557,0.2603648424543947,0.5223880597014925,0.45688225538971805,0.41708126036484244,0.23217247097844113,0.5597014925373134,0.24046434494195687,0.8631840796019901,0.4966832504145937,0.3167495854063018,0.44029850746268656,0.4046434494195688,0.4792703150912106,0.560530679933665,0.21227197346600332,0.6832504145936982,0.6907131011608624,0.6061359867330016,0.31923714759535654,0.6160862354892206,0.5149253731343284,0.44776119402985076,0.675787728026534,0.39054726368159204,0.3175787728026534,0.3092868988391376,0.48756218905472637,0.5348258706467661,0.48756218905472637,0.6169154228855721,0.33250414593698174,0.48092868988391374,0.4427860696517413,0.6310116086235489,0.6160862354892206,0.4461028192371476,0.6409618573797679,0.39054726368159204,0.34577114427860695,0.433665008291874,0.5041459369817579,0.8731343283582089,0.7976782752902156,0.5920398009950248,0.7835820895522388,0.8698175787728026,0.3275290215588723,0.3208955223880597,0.3018242122719735,0.24461028192371476,0.22719734660033167,0.2570480928689884,0.27611940298507465,0.2960199004975124,0.24129353233830847,0.26533996683250416,0.42039800995024873,0.2512437810945274,0.9046434494195689,0.40630182421227196,0.39054726368159204,0.6376451077943616,0.3034825870646766,0.26533996683250416,0.7388059701492538,0.25538971807628524,0.48092868988391374,0.7918739635157546,0.3034825870646766,0.6616915422885572,0.33250414593698174,0.2777777777777778,0.33167495854063017,0.8126036484245439,0.6169154228855721,0.5016583747927031,0.5049751243781094,0.3175787728026534,0.9245439469320066,0.3706467661691542,0.3092868988391376,0.14759535655058043,0.19734660033167495,0.5422885572139303,0.31343283582089554,0.28441127694859036,0.48756218905472637,0.4427860696517413,0.09535655058043117,0.7860696517412935,0.33747927031509123,0.27611940298507465,0.32338308457711445,0.48756218905472637,0.7263681592039801,0.3101160862354892,0.5348258706467661,0.8159203980099502
115,201147,Corey Brewer,32,72,2018,2614,OKC,1610612760,32.0,81.0,186.0,Florida,USA,2007,1,7,46.21270084162204,5.432287681713849,12.08875286916603,1.1859219586840093,4.208110175975516,2.486610558530987,3.442999234889059,1.6449885233358836,4.2463657230298395,5.891354246365723,2.486610558530987,1.874521805661821,3.0221882172915073,0.5355776587605203,0.9563886763580719,5.31752104055088,3.442999234889059,14.537107880642694,-2.1423106350420813,0.0,0.0,0.07651109410864575,3.9403213465952565,4.131599081866871,4.131599081866871,-0.07651109410864575,4.131599081866871,4.016832440703902,3.2899770466717673,0.4973221117061974,4.016832440703902,3.9403213465952565,-0.07651109410864575,-0.07651109410864575,3.9403213465952565,4.016832440703902,0.1530221882172915,0.03825554705432287,0.19127773527161437,1.0711553175210407,0.19127773527161437,0.4590665646518745,0.38255547054322875,6.618209640397858,0.4973221117061974,0.8798775822494261,1.7214996174445294,0.11476664116296863,3.8638102524866107,0.9563886763580719,1.3006885998469777,0.0,3.0221882172915073,0.22953328232593725,0.0,0.0,0.0,0.0,0.0,0.26778882938026016,0.0,0.7651109410864575,0.0,3.9020657995409334,0.11476664116296863,0.19127773527161437,1.0711553175210407,0.03825554705432287,0.1530221882172915,0.0,0.1530221882172915,0.0,0.4973221117061974,0.0,0.0,0.19127773527161437,3.2899770466717673,0.0,0.0,0.0,6.885998469778118,5.011476664116297,2.8309104820198927,0.306044376434583,28.423871461361898,28.423871461361898,0.07651109410864575,6.159143075745983,0.19127773527161437,0.26778882938026016,1.0711553175210407,1.3006885998469777,4.2463657230298395,2.3335883703136955,0.19127773527161437,0.22953328232593725,0.38255547054322875,2.218821729150727,44.68247895944912,0.03825554705432287,14.537107880642694,1.4537107880642692,0.03825554705432287,2.9074215761285385,28.117827084927313,1.0328997704667178,0.03825554705432287,0.0,0.0,0.0,0.0,0.7268553940321346,0.26778882938026016,4.475899005355776,0.07651109410864575,5.31752104055088,0.38255547054322875,0.8033664881407804,1.1094108645753635,0.306044376434583,1.3389441469013006,12.547819433817903,0.8033664881407804,3.366488140780413,7.421576128538638,0.5355776587605203,0.0,0.0,0.0,0.8033664881407804,0.8033664881407804,0.0,1.4154552410099464,1.4154552410099464,0.0,1.7214996174445294,0.0,0.306044376434583,3.481254781943382,0.0,1.6832440703902065,3.175210405508799,0.0,0.03825554705432287,0.0,1.7597551644988523,1.874521805661821,0.5738332058148432,0.0,1.3771996939556235,1.9510328997704667,0.0,3.6342769701606734,0.4590665646518745,0.38255547054322875,0.9563886763580719,0.5738332058148432,0.0,2.6013771996939554,0.0,2.1423106350420813,0.0,0.38255547054322875,0.34429992348890587,0.8033664881407804,0.19127773527161437,0.0,1.9510328997704667,0.5355776587605203,0.0,3.5577658760520277,1.0711553175210407,1.9510328997704667,0.0,1.1859219586840093,3.8255547054322876,3.8638102524866107,1.1859219586840093,34.12394797245601,0.8033664881407804,0.0,3.8638102524866107,2.5631216526396328,17921.882172915073,0.0,1.6832440703902065,0.0,1.7597551644988523,1.4919663351185921,0.0,2.180566182096404,1.7980107115531752,0.0,3.366488140780413,0.38255547054322875,3.366488140780413,0.1530221882172915,0.26778882938026016,0.306044376434583,0.03825554705432287,0.38255547054322875,0.34429992348890587,2.0275439938791124,1.6449885233358836,6.159143075745983,0.1530221882172915,10.022953328232594,4.2463657230298395,0.0,44.68247895944912,0.8033664881407804,1.3006885998469777,7.421576128538638,0.5355776587605203,0.1530221882172915,22.5707727620505,4.858454475899006,0.0,0.0,1.1094108645753635,0.1530221882172915,5.891354246365723,0.8033664881407804,0.42081101759755163,3.2517214996174446,5.31752104055088,1.2624330527926548,6.235654169854629,1.3389441469013006,0.03825554705432287,4.093343534812548,12.394797245600612,4.934965570007651,0.7268553940321346,0.0,0.7268553940321346,0.0,0.07651109410864575,2.5248661055853097,0.0,1.7597551644988523,1.6449885233358836,4.475899005355776,12.547819433817903,0.444,0.449,0.282,0.722,10.4,0.06,0.073,0.089,10.4,0.534,0.498,0.139,0.033,0.136,0.5,0.0,0.214,0.316,0.584,0.289,0.353,0.217,0.1,0.087,0.55,0.5,0.306,0.063,0.045,0.483,0.054,0.47,0.326,0.309,0.572,0.189,0.634,0.502,0.314,0.227,0.568,0.568,0.0,0.568,0.495,0.5,0.53,0.125,0.735,0.616,0.326,0.537,0.833,0.368,0.268,0.478,0.238,0.0,0.238,0.333,0.307,0.476,0.0,0.498,0.549,0.62,0.31,0.46,0.892,0.0,0.0,0.485,0.0,0.314,0.037,0.0,0.624,0.502,0.313,0.0,0.408,0.634,0.603,0.364,0.47,1.0,0.358,0.326,0.455,0.34,0.569,0.448,0.324,0.189,0.227,0.521,0.687,0.0,0.108,0.825,0.309,0.175,0.5,0.572,0.515,0.1583747927031509,0.2810945273631841,0.2462686567164179,0.3888888888888889,0.38225538971807627,0.49336650082918737,0.49502487562189057,0.5696517412935324,0.2512437810945274,0.3524046434494196,0.32587064676616917,0.3142620232172471,0.906301824212272,0.44029850746268656,0.5597014925373134,0.7437810945273632,0.5398009950248757,0.291044776119403,0.44859038142620233,0.31260364842454397,0.47512437810945274,0.3524046434494196,0.45356550580431176,0.45107794361525705,0.45107794361525705,0.43532338308457713,0.45107794361525705,0.4502487562189055,0.4552238805970149,0.4054726368159204,0.4502487562189055,0.4552238805970149,0.43532338308457713,0.44029850746268656,0.45356550580431176,0.4519071310116086,0.1583747927031509,0.49834162520729686,0.2131011608623549,0.25456053067993367,0.23134328358208955,0.8034825870646766,0.1550580431177446,0.6890547263681592,0.8300165837479271,0.20315091210613598,0.8930348258706468,0.8565505804311775,0.6791044776119403,0.8233830845771144,0.8532338308457711,0.4966832504145937,0.8897180762852405,0.2860696517412935,0.13681592039800994,0.4867330016583748,0.4966832504145937,0.4917081260364842,0.48756218905472637,0.2230514096185738,0.4925373134328358,0.2562189054726368,0.4925373134328358,0.6658374792703151,0.31260364842454397,0.8980099502487562,0.5713101160862355,0.6708126036484245,0.25290215588723053,0.4286898839137645,0.18325041459369817,0.48839137645107794,0.2131011608623549,0.49834162520729686,0.49917081260364843,0.30265339966832505,0.6343283582089553,0.49336650082918737,0.42371475953565507,0.4925373134328358,0.6724709784411277,0.36069651741293535,0.3275290215588723,0.763681592039801,0.09535655058043117,0.08374792703150911,0.21144278606965175,0.3275290215588723,0.3723051409618574,0.43532338308457713,0.49834162520729686,0.48009950248756217,0.4286898839137645,0.4684908789386401,0.4187396351575456,0.42703150912106136,0.42371475953565507,0.46683250414593697,0.08540630182421227,0.21144278606965175,0.2943615257048093,0.1799336650082919,0.533167495854063,0.5381426202321725,0.09535655058043117,0.4361525704809287,0.32172470978441126,0.4792703150912106,0.43781094527363185,0.49917081260364843,0.4734660033167496,0.4925373134328358,0.5016583747927031,0.3407960199004975,0.3706467661691542,0.5613598673300166,0.5132669983416253,0.3839137645107794,0.7205638474295191,0.5066334991708126,0.4154228855721393,0.3706467661691542,0.4286898839137645,0.23797678275290216,0.24129353233830847,0.47180762852404645,0.4461028192371476,0.5,0.3540630182421227,0.533167495854063,0.5248756218905473,0.5,0.48175787728026537,0.49502487562189057,0.5008291873963516,0.2810945273631841,0.49502487562189057,0.5679933665008292,0.27114427860696516,0.49585406301824214,0.3142620232172471,0.3009950248756219,0.5,0.5265339966832504,0.49917081260364843,0.5265339966832504,0.45688225538971805,0.5613598673300166,0.5,0.6525704809286899,0.6044776119402985,0.4975124378109453,0.478441127694859,0.28689883913764513,0.44029850746268656,0.3043117744610282,0.3474295190713101,0.49585406301824214,0.29270315091210614,0.5,0.36069651741293535,0.49834162520729686,0.26616915422885573,0.44029850746268656,0.2877280265339967,0.27114427860696516,0.22719734660033167,0.49834162520729686,0.45356550580431176,0.25538971807628524,0.4021558872305141,0.06218905472636816,0.05555555555555555,0.5008291873963516,0.4651741293532338,0.48839137645107794,0.4154228855721393,0.38474295190713104,0.3308457711442786,0.4286898839137645,0.5008291873963516,0.0472636815920398,0.9029850746268657,0.38723051409618575,0.5008291873963516,0.8565505804311775,0.33167495854063017,0.05555555555555555,0.16169154228855723,0.26533996683250416,0.3275290215588723,0.28441127694859036,0.3034825870646766,0.4386401326699834,0.5132669983416253,0.23797678275290216,0.4759535655058043,0.5016583747927031,0.5066334991708126,0.4320066334991708,0.5398009950248757,0.32587064676616917,0.13349917081260365,0.5696517412935324,0.4767827529021559,0.2752902155887231,0.11028192371475953,0.25456053067993367,0.2230514096185738,0.08540630182421227,0.6907131011608624,0.06053067993366501,0.24129353233830847,0.47180762852404645,0.45107794361525705,0.6144278606965174,0.12023217247097844,0.33747927031509123,0.5008291873963516,0.7205638474295191,0.4427860696517413,0.35903814262023215,0.3839137645107794,0.8814262023217247,0.11857379767827529,0.5613598673300166,0.33913764510779437,0.8598673300165838,0.4154228855721393,0.32172470978441126,0.16500829187396351,0.5613598673300166,0.884742951907131,0.4925373134328358,0.3034825870646766,0.3076285240464345,0.3341625207296849,0.3706467661691542,0.05555555555555555,0.25538971807628524,0.9145936981757877,0.24129353233830847,0.3407960199004975,0.3706467661691542,0.4046434494195688,0.5447761194029851,0.35655058043117743,0.42703150912106136,0.5207296849087893,0.35655058043117743,0.29767827529021557,0.2603648424543947,0.5223880597014925,0.45688225538971805,0.41708126036484244,0.23217247097844113,0.5597014925373134,0.24046434494195687,0.8631840796019901,0.4966832504145937,0.3167495854063018,0.44029850746268656,0.4046434494195688,0.4792703150912106,0.560530679933665,0.21227197346600332,0.6832504145936982,0.6907131011608624,0.6061359867330016,0.31923714759535654,0.6160862354892206,0.5149253731343284,0.44776119402985076,0.675787728026534,0.39054726368159204,0.3175787728026534,0.3092868988391376,0.48756218905472637,0.5348258706467661,0.48756218905472637,0.6169154228855721,0.33250414593698174,0.48092868988391374,0.4427860696517413,0.6310116086235489,0.6160862354892206,0.4461028192371476,0.6409618573797679,0.39054726368159204,0.34577114427860695,0.433665008291874,0.5041459369817579,0.8731343283582089,0.7976782752902156,0.5920398009950248,0.7835820895522388,0.8698175787728026,0.3275290215588723,0.3208955223880597,0.3018242122719735,0.24461028192371476,0.22719734660033167,0.2570480928689884,0.27611940298507465,0.2960199004975124,0.24129353233830847,0.26533996683250416,0.42039800995024873,0.2512437810945274,0.9046434494195689,0.40630182421227196,0.39054726368159204,0.6376451077943616,0.3034825870646766,0.26533996683250416,0.7388059701492538,0.25538971807628524,0.48092868988391374,0.7918739635157546,0.3034825870646766,0.6616915422885572,0.33250414593698174,0.2777777777777778,0.33167495854063017,0.8126036484245439,0.6169154228855721,0.5016583747927031,0.5049751243781094,0.3175787728026534,0.9245439469320066,0.3706467661691542,0.3092868988391376,0.14759535655058043,0.0912106135986733,0.6907131011608624,0.31343283582089554,0.28441127694859036,0.48756218905472637,0.4427860696517413,0.09535655058043117,0.7860696517412935,0.33747927031509123,0.27611940298507465,0.32338308457711445,0.48756218905472637,0.7263681592039801,0.3101160862354892,0.5348258706467661,0.24958540630182421
116,201147,Corey Brewer,32,72,2018,2614,OKC,1610612760,32.0,81.0,186.0,Florida,USA,2007,1,7,46.21270084162204,5.432287681713849,12.08875286916603,1.1859219586840093,4.208110175975516,2.486610558530987,3.442999234889059,1.6449885233358836,4.2463657230298395,5.891354246365723,2.486610558530987,1.874521805661821,3.0221882172915073,0.5355776587605203,0.9563886763580719,5.31752104055088,3.442999234889059,14.537107880642694,-2.1423106350420813,0.0,0.0,0.07651109410864575,3.9403213465952565,4.131599081866871,4.131599081866871,-0.07651109410864575,4.131599081866871,4.016832440703902,3.2899770466717673,0.4973221117061974,4.016832440703902,3.9403213465952565,-0.07651109410864575,-0.07651109410864575,3.9403213465952565,4.016832440703902,0.1530221882172915,0.03825554705432287,0.19127773527161437,1.0711553175210407,0.19127773527161437,0.4590665646518745,0.38255547054322875,6.618209640397858,0.4973221117061974,0.8798775822494261,1.7214996174445294,0.11476664116296863,3.8638102524866107,0.9563886763580719,1.3006885998469777,0.0,3.0221882172915073,0.22953328232593725,0.0,0.0,0.0,0.0,0.0,0.26778882938026016,0.0,0.7651109410864575,0.0,3.9020657995409334,0.11476664116296863,0.19127773527161437,1.0711553175210407,0.03825554705432287,0.1530221882172915,0.0,0.1530221882172915,0.0,0.4973221117061974,0.0,0.0,0.19127773527161437,3.2899770466717673,0.0,0.0,0.0,6.885998469778118,5.011476664116297,2.8309104820198927,0.306044376434583,28.423871461361898,28.423871461361898,0.07651109410864575,6.159143075745983,0.19127773527161437,0.26778882938026016,1.0711553175210407,1.3006885998469777,4.2463657230298395,2.3335883703136955,0.19127773527161437,0.22953328232593725,0.38255547054322875,2.218821729150727,44.68247895944912,0.03825554705432287,14.537107880642694,1.4537107880642692,0.03825554705432287,2.9074215761285385,28.117827084927313,1.0328997704667178,0.03825554705432287,0.0,0.0,0.0,0.0,0.7268553940321346,0.26778882938026016,4.475899005355776,0.07651109410864575,5.31752104055088,0.38255547054322875,0.8033664881407804,1.1094108645753635,0.306044376434583,1.3389441469013006,12.547819433817903,0.8033664881407804,3.366488140780413,7.421576128538638,0.5355776587605203,0.0,0.0,0.0,0.8033664881407804,0.8033664881407804,0.0,1.4154552410099464,1.4154552410099464,0.0,1.7214996174445294,0.0,0.306044376434583,3.481254781943382,0.0,1.6832440703902065,3.175210405508799,0.0,0.03825554705432287,0.0,1.7597551644988523,1.874521805661821,0.5738332058148432,0.0,1.3771996939556235,1.9510328997704667,0.0,3.6342769701606734,0.4590665646518745,0.38255547054322875,0.9563886763580719,0.5738332058148432,0.0,2.6013771996939554,0.0,2.1423106350420813,0.0,0.38255547054322875,0.34429992348890587,0.8033664881407804,0.19127773527161437,0.0,1.9510328997704667,0.5355776587605203,0.0,3.5577658760520277,1.0711553175210407,1.9510328997704667,0.0,1.1859219586840093,3.8255547054322876,3.8638102524866107,1.1859219586840093,34.12394797245601,0.8033664881407804,0.0,3.8638102524866107,2.5631216526396328,17921.882172915073,0.0,1.6832440703902065,0.0,1.7597551644988523,1.4919663351185921,0.0,2.180566182096404,1.7980107115531752,0.0,3.366488140780413,0.38255547054322875,3.366488140780413,0.1530221882172915,0.26778882938026016,0.306044376434583,0.03825554705432287,0.38255547054322875,0.34429992348890587,1.0711553175210407,1.6449885233358836,6.159143075745983,0.1530221882172915,10.022953328232594,4.2463657230298395,0.0,44.68247895944912,0.8033664881407804,2.3718439173680186,7.421576128538638,0.5355776587605203,0.1530221882172915,22.5707727620505,4.858454475899006,0.0,0.0,1.1094108645753635,0.1530221882172915,5.891354246365723,0.8033664881407804,0.42081101759755163,1.9510328997704667,5.31752104055088,1.2624330527926548,6.235654169854629,1.3389441469013006,0.03825554705432287,4.093343534812548,12.394797245600612,4.934965570007651,0.7268553940321346,0.0,0.7268553940321346,0.0,0.07651109410864575,3.8255547054322876,0.0,1.7597551644988523,1.6449885233358836,4.475899005355776,12.547819433817903,0.444,0.449,0.282,0.722,10.4,0.06,0.073,0.089,10.4,0.534,0.498,0.139,0.033,0.136,0.5,0.0,0.214,0.316,0.584,0.289,0.353,0.217,0.1,0.087,0.55,0.5,0.306,0.063,0.045,0.483,0.054,0.47,0.326,0.309,0.572,0.189,0.634,0.502,0.314,0.227,0.568,0.568,0.0,0.568,0.495,0.5,0.53,0.125,0.735,0.616,0.326,0.537,0.833,0.368,0.268,0.478,0.238,0.0,0.238,0.333,0.307,0.476,0.0,0.498,0.549,0.62,0.31,0.46,0.892,0.0,0.0,0.485,0.0,0.314,0.037,0.0,0.549,0.502,0.313,0.0,0.408,0.634,0.62,0.364,0.47,1.0,0.358,0.326,0.455,0.382,0.565,0.448,0.263,0.189,0.227,0.521,0.687,0.0,0.108,0.825,0.309,0.175,0.5,0.572,0.62,0.1583747927031509,0.2810945273631841,0.2462686567164179,0.3888888888888889,0.38225538971807627,0.49336650082918737,0.49502487562189057,0.5696517412935324,0.2512437810945274,0.3524046434494196,0.32587064676616917,0.3142620232172471,0.906301824212272,0.44029850746268656,0.5597014925373134,0.7437810945273632,0.5398009950248757,0.291044776119403,0.44859038142620233,0.31260364842454397,0.47512437810945274,0.3524046434494196,0.45356550580431176,0.45107794361525705,0.45107794361525705,0.43532338308457713,0.45107794361525705,0.4502487562189055,0.4552238805970149,0.4054726368159204,0.4502487562189055,0.4552238805970149,0.43532338308457713,0.44029850746268656,0.45356550580431176,0.4519071310116086,0.1583747927031509,0.49834162520729686,0.2131011608623549,0.25456053067993367,0.23134328358208955,0.8034825870646766,0.1550580431177446,0.6890547263681592,0.8300165837479271,0.20315091210613598,0.8930348258706468,0.8565505804311775,0.6791044776119403,0.8233830845771144,0.8532338308457711,0.4966832504145937,0.8897180762852405,0.2860696517412935,0.13681592039800994,0.4867330016583748,0.4966832504145937,0.4917081260364842,0.48756218905472637,0.2230514096185738,0.4925373134328358,0.2562189054726368,0.4925373134328358,0.6658374792703151,0.31260364842454397,0.8980099502487562,0.5713101160862355,0.6708126036484245,0.25290215588723053,0.4286898839137645,0.18325041459369817,0.48839137645107794,0.2131011608623549,0.49834162520729686,0.49917081260364843,0.30265339966832505,0.6343283582089553,0.49336650082918737,0.42371475953565507,0.4925373134328358,0.6724709784411277,0.36069651741293535,0.3275290215588723,0.763681592039801,0.09535655058043117,0.08374792703150911,0.21144278606965175,0.3275290215588723,0.3723051409618574,0.43532338308457713,0.49834162520729686,0.48009950248756217,0.4286898839137645,0.4684908789386401,0.4187396351575456,0.42703150912106136,0.42371475953565507,0.46683250414593697,0.08540630182421227,0.21144278606965175,0.2943615257048093,0.1799336650082919,0.533167495854063,0.5381426202321725,0.09535655058043117,0.4361525704809287,0.32172470978441126,0.4792703150912106,0.43781094527363185,0.49917081260364843,0.4734660033167496,0.4925373134328358,0.5016583747927031,0.3407960199004975,0.3706467661691542,0.5613598673300166,0.5132669983416253,0.3839137645107794,0.7205638474295191,0.5066334991708126,0.4154228855721393,0.3706467661691542,0.4286898839137645,0.23797678275290216,0.24129353233830847,0.47180762852404645,0.4461028192371476,0.5,0.3540630182421227,0.533167495854063,0.5248756218905473,0.5,0.48175787728026537,0.49502487562189057,0.5008291873963516,0.2810945273631841,0.49502487562189057,0.5679933665008292,0.27114427860696516,0.49585406301824214,0.3142620232172471,0.3009950248756219,0.5,0.5265339966832504,0.49917081260364843,0.5265339966832504,0.45688225538971805,0.5613598673300166,0.5,0.6525704809286899,0.6044776119402985,0.4975124378109453,0.478441127694859,0.28689883913764513,0.44029850746268656,0.3043117744610282,0.3474295190713101,0.49585406301824214,0.29270315091210614,0.5,0.36069651741293535,0.49834162520729686,0.26616915422885573,0.44029850746268656,0.2877280265339967,0.27114427860696516,0.22719734660033167,0.49834162520729686,0.45356550580431176,0.25538971807628524,0.4021558872305141,0.06218905472636816,0.05555555555555555,0.5008291873963516,0.4651741293532338,0.48839137645107794,0.4154228855721393,0.38474295190713104,0.3308457711442786,0.4286898839137645,0.5008291873963516,0.0472636815920398,0.9029850746268657,0.38723051409618575,0.5008291873963516,0.8565505804311775,0.33167495854063017,0.05555555555555555,0.16169154228855723,0.26533996683250416,0.3275290215588723,0.28441127694859036,0.3034825870646766,0.4386401326699834,0.5132669983416253,0.23797678275290216,0.4759535655058043,0.5016583747927031,0.5066334991708126,0.4320066334991708,0.5398009950248757,0.32587064676616917,0.06218905472636816,0.5696517412935324,0.4767827529021559,0.2752902155887231,0.11028192371475953,0.25456053067993367,0.2230514096185738,0.08540630182421227,0.6907131011608624,0.1318407960199005,0.24129353233830847,0.47180762852404645,0.45107794361525705,0.6144278606965174,0.12023217247097844,0.33747927031509123,0.5008291873963516,0.7205638474295191,0.4427860696517413,0.35903814262023215,0.3839137645107794,0.8814262023217247,0.05555555555555555,0.5613598673300166,0.33913764510779437,0.8598673300165838,0.4154228855721393,0.32172470978441126,0.16500829187396351,0.5613598673300166,0.884742951907131,0.4925373134328358,0.3034825870646766,0.3076285240464345,0.3341625207296849,0.3706467661691542,0.11857379767827529,0.25538971807628524,0.9145936981757877,0.24129353233830847,0.3407960199004975,0.3706467661691542,0.4046434494195688,0.5447761194029851,0.35655058043117743,0.42703150912106136,0.5207296849087893,0.35655058043117743,0.29767827529021557,0.2603648424543947,0.5223880597014925,0.45688225538971805,0.41708126036484244,0.23217247097844113,0.5597014925373134,0.24046434494195687,0.8631840796019901,0.4966832504145937,0.3167495854063018,0.44029850746268656,0.4046434494195688,0.4792703150912106,0.560530679933665,0.21227197346600332,0.6832504145936982,0.6907131011608624,0.6061359867330016,0.31923714759535654,0.6160862354892206,0.5149253731343284,0.44776119402985076,0.675787728026534,0.39054726368159204,0.3175787728026534,0.3092868988391376,0.48756218905472637,0.5348258706467661,0.48756218905472637,0.6169154228855721,0.33250414593698174,0.48092868988391374,0.4427860696517413,0.6310116086235489,0.6160862354892206,0.4461028192371476,0.6409618573797679,0.39054726368159204,0.34577114427860695,0.433665008291874,0.5041459369817579,0.8731343283582089,0.7976782752902156,0.5920398009950248,0.7835820895522388,0.8698175787728026,0.3275290215588723,0.3208955223880597,0.3018242122719735,0.24461028192371476,0.22719734660033167,0.2570480928689884,0.27611940298507465,0.2960199004975124,0.24129353233830847,0.26533996683250416,0.42039800995024873,0.2512437810945274,0.9046434494195689,0.40630182421227196,0.39054726368159204,0.6376451077943616,0.3034825870646766,0.26533996683250416,0.7388059701492538,0.25538971807628524,0.48092868988391374,0.7918739635157546,0.3034825870646766,0.2512437810945274,0.33250414593698174,0.2777777777777778,0.33167495854063017,0.8126036484245439,0.6169154228855721,0.9046434494195689,0.5049751243781094,0.3175787728026534,0.9245439469320066,0.3706467661691542,0.3092868988391376,0.14759535655058043,0.19734660033167495,0.5422885572139303,0.31343283582089554,0.09286898839137644,0.48756218905472637,0.4427860696517413,0.09535655058043117,0.7860696517412935,0.33747927031509123,0.27611940298507465,0.32338308457711445,0.48756218905472637,0.7263681592039801,0.3101160862354892,0.5348258706467661,0.8159203980099502
117,201147,Corey Brewer,32,72,2018,2614,OKC,1610612760,32.0,81.0,186.0,Florida,USA,2007,1,7,46.21270084162204,5.432287681713849,12.08875286916603,1.1859219586840093,4.208110175975516,2.486610558530987,3.442999234889059,1.6449885233358836,4.2463657230298395,5.891354246365723,2.486610558530987,1.874521805661821,3.0221882172915073,0.5355776587605203,0.9563886763580719,5.31752104055088,3.442999234889059,14.537107880642694,-2.1423106350420813,0.0,0.0,0.07651109410864575,3.9403213465952565,4.131599081866871,4.131599081866871,-0.07651109410864575,4.131599081866871,4.016832440703902,3.2899770466717673,0.4973221117061974,4.016832440703902,3.9403213465952565,-0.07651109410864575,-0.07651109410864575,3.9403213465952565,4.016832440703902,0.1530221882172915,0.03825554705432287,0.19127773527161437,1.0711553175210407,0.19127773527161437,0.4590665646518745,0.38255547054322875,6.618209640397858,0.4973221117061974,0.8798775822494261,1.7214996174445294,0.11476664116296863,3.8638102524866107,0.9563886763580719,1.3006885998469777,0.0,3.0221882172915073,0.22953328232593725,0.0,0.0,0.0,0.0,0.0,0.26778882938026016,0.0,0.7651109410864575,0.0,3.9020657995409334,0.11476664116296863,0.19127773527161437,1.0711553175210407,0.03825554705432287,0.1530221882172915,0.0,0.1530221882172915,0.0,0.4973221117061974,0.0,0.0,0.19127773527161437,3.2899770466717673,0.0,0.0,0.0,6.885998469778118,5.011476664116297,2.8309104820198927,0.306044376434583,28.423871461361898,28.423871461361898,0.07651109410864575,6.159143075745983,0.19127773527161437,0.26778882938026016,1.0711553175210407,1.3006885998469777,4.2463657230298395,2.3335883703136955,0.19127773527161437,0.22953328232593725,0.38255547054322875,2.218821729150727,44.68247895944912,0.03825554705432287,14.537107880642694,1.4537107880642692,0.03825554705432287,2.9074215761285385,28.117827084927313,1.0328997704667178,0.03825554705432287,0.0,0.0,0.0,0.0,0.7268553940321346,0.26778882938026016,4.475899005355776,0.07651109410864575,5.31752104055088,0.38255547054322875,0.8033664881407804,1.1094108645753635,0.306044376434583,1.3389441469013006,12.547819433817903,0.8033664881407804,3.366488140780413,7.421576128538638,0.5355776587605203,0.0,0.0,0.0,0.8033664881407804,0.8033664881407804,0.0,1.4154552410099464,1.4154552410099464,0.0,1.7214996174445294,0.0,0.306044376434583,3.481254781943382,0.0,1.6832440703902065,3.175210405508799,0.0,0.03825554705432287,0.0,1.7597551644988523,1.874521805661821,0.5738332058148432,0.0,1.3771996939556235,1.9510328997704667,0.0,3.6342769701606734,0.4590665646518745,0.38255547054322875,0.9563886763580719,0.5738332058148432,0.0,2.6013771996939554,0.0,2.1423106350420813,0.0,0.38255547054322875,0.34429992348890587,0.8033664881407804,0.19127773527161437,0.0,1.9510328997704667,0.5355776587605203,0.0,3.5577658760520277,1.0711553175210407,1.9510328997704667,0.0,1.1859219586840093,3.8255547054322876,3.8638102524866107,1.1859219586840093,34.12394797245601,0.8033664881407804,0.0,3.8638102524866107,2.5631216526396328,17921.882172915073,0.0,1.6832440703902065,0.0,1.7597551644988523,1.4919663351185921,0.0,2.180566182096404,1.7980107115531752,0.0,3.366488140780413,0.38255547054322875,3.366488140780413,0.1530221882172915,0.26778882938026016,0.306044376434583,0.03825554705432287,0.38255547054322875,0.34429992348890587,1.0711553175210407,1.6449885233358836,6.159143075745983,0.1530221882172915,10.022953328232594,4.2463657230298395,0.0,44.68247895944912,0.8033664881407804,1.3006885998469777,7.421576128538638,0.5355776587605203,0.1530221882172915,22.5707727620505,4.858454475899006,0.0,0.0,1.1094108645753635,0.1530221882172915,5.891354246365723,0.8033664881407804,0.42081101759755163,1.9510328997704667,5.31752104055088,1.2624330527926548,6.235654169854629,1.3389441469013006,0.03825554705432287,4.093343534812548,12.394797245600612,4.934965570007651,0.7268553940321346,0.0,0.7268553940321346,0.0,0.07651109410864575,2.5248661055853097,0.0,1.7597551644988523,1.6449885233358836,4.475899005355776,12.547819433817903,0.444,0.449,0.282,0.722,10.4,0.06,0.073,0.089,10.4,0.534,0.498,0.139,0.033,0.136,0.5,0.0,0.214,0.316,0.584,0.289,0.353,0.217,0.1,0.087,0.55,0.5,0.306,0.063,0.045,0.483,0.054,0.47,0.326,0.309,0.572,0.189,0.634,0.502,0.314,0.227,0.568,0.568,0.0,0.568,0.495,0.5,0.53,0.125,0.735,0.616,0.326,0.537,0.833,0.368,0.268,0.478,0.238,0.0,0.238,0.333,0.307,0.476,0.0,0.498,0.549,0.62,0.31,0.46,0.892,0.0,0.0,0.485,0.0,0.314,0.037,0.0,0.549,0.502,0.313,0.0,0.408,0.634,0.62,0.364,0.47,1.0,0.358,0.326,0.455,0.34,0.569,0.448,0.263,0.189,0.227,0.521,0.687,0.0,0.108,0.825,0.309,0.175,0.5,0.572,0.515,0.1583747927031509,0.2810945273631841,0.2462686567164179,0.3888888888888889,0.38225538971807627,0.49336650082918737,0.49502487562189057,0.5696517412935324,0.2512437810945274,0.3524046434494196,0.32587064676616917,0.3142620232172471,0.906301824212272,0.44029850746268656,0.5597014925373134,0.7437810945273632,0.5398009950248757,0.291044776119403,0.44859038142620233,0.31260364842454397,0.47512437810945274,0.3524046434494196,0.45356550580431176,0.45107794361525705,0.45107794361525705,0.43532338308457713,0.45107794361525705,0.4502487562189055,0.4552238805970149,0.4054726368159204,0.4502487562189055,0.4552238805970149,0.43532338308457713,0.44029850746268656,0.45356550580431176,0.4519071310116086,0.1583747927031509,0.49834162520729686,0.2131011608623549,0.25456053067993367,0.23134328358208955,0.8034825870646766,0.1550580431177446,0.6890547263681592,0.8300165837479271,0.20315091210613598,0.8930348258706468,0.8565505804311775,0.6791044776119403,0.8233830845771144,0.8532338308457711,0.4966832504145937,0.8897180762852405,0.2860696517412935,0.13681592039800994,0.4867330016583748,0.4966832504145937,0.4917081260364842,0.48756218905472637,0.2230514096185738,0.4925373134328358,0.2562189054726368,0.4925373134328358,0.6658374792703151,0.31260364842454397,0.8980099502487562,0.5713101160862355,0.6708126036484245,0.25290215588723053,0.4286898839137645,0.18325041459369817,0.48839137645107794,0.2131011608623549,0.49834162520729686,0.49917081260364843,0.30265339966832505,0.6343283582089553,0.49336650082918737,0.42371475953565507,0.4925373134328358,0.6724709784411277,0.36069651741293535,0.3275290215588723,0.763681592039801,0.09535655058043117,0.08374792703150911,0.21144278606965175,0.3275290215588723,0.3723051409618574,0.43532338308457713,0.49834162520729686,0.48009950248756217,0.4286898839137645,0.4684908789386401,0.4187396351575456,0.42703150912106136,0.42371475953565507,0.46683250414593697,0.08540630182421227,0.21144278606965175,0.2943615257048093,0.1799336650082919,0.533167495854063,0.5381426202321725,0.09535655058043117,0.4361525704809287,0.32172470978441126,0.4792703150912106,0.43781094527363185,0.49917081260364843,0.4734660033167496,0.4925373134328358,0.5016583747927031,0.3407960199004975,0.3706467661691542,0.5613598673300166,0.5132669983416253,0.3839137645107794,0.7205638474295191,0.5066334991708126,0.4154228855721393,0.3706467661691542,0.4286898839137645,0.23797678275290216,0.24129353233830847,0.47180762852404645,0.4461028192371476,0.5,0.3540630182421227,0.533167495854063,0.5248756218905473,0.5,0.48175787728026537,0.49502487562189057,0.5008291873963516,0.2810945273631841,0.49502487562189057,0.5679933665008292,0.27114427860696516,0.49585406301824214,0.3142620232172471,0.3009950248756219,0.5,0.5265339966832504,0.49917081260364843,0.5265339966832504,0.45688225538971805,0.5613598673300166,0.5,0.6525704809286899,0.6044776119402985,0.4975124378109453,0.478441127694859,0.28689883913764513,0.44029850746268656,0.3043117744610282,0.3474295190713101,0.49585406301824214,0.29270315091210614,0.5,0.36069651741293535,0.49834162520729686,0.26616915422885573,0.44029850746268656,0.2877280265339967,0.27114427860696516,0.22719734660033167,0.49834162520729686,0.45356550580431176,0.25538971807628524,0.4021558872305141,0.06218905472636816,0.05555555555555555,0.5008291873963516,0.4651741293532338,0.48839137645107794,0.4154228855721393,0.38474295190713104,0.3308457711442786,0.4286898839137645,0.5008291873963516,0.0472636815920398,0.9029850746268657,0.38723051409618575,0.5008291873963516,0.8565505804311775,0.33167495854063017,0.05555555555555555,0.16169154228855723,0.26533996683250416,0.3275290215588723,0.28441127694859036,0.3034825870646766,0.4386401326699834,0.5132669983416253,0.23797678275290216,0.4759535655058043,0.5016583747927031,0.5066334991708126,0.4320066334991708,0.5398009950248757,0.32587064676616917,0.06218905472636816,0.5696517412935324,0.4767827529021559,0.2752902155887231,0.11028192371475953,0.25456053067993367,0.2230514096185738,0.08540630182421227,0.6907131011608624,0.06053067993366501,0.24129353233830847,0.47180762852404645,0.45107794361525705,0.6144278606965174,0.12023217247097844,0.33747927031509123,0.5008291873963516,0.7205638474295191,0.4427860696517413,0.35903814262023215,0.3839137645107794,0.8814262023217247,0.05555555555555555,0.5613598673300166,0.33913764510779437,0.8598673300165838,0.4154228855721393,0.32172470978441126,0.16500829187396351,0.5613598673300166,0.884742951907131,0.4925373134328358,0.3034825870646766,0.3076285240464345,0.3341625207296849,0.3706467661691542,0.05555555555555555,0.25538971807628524,0.9145936981757877,0.24129353233830847,0.3407960199004975,0.3706467661691542,0.4046434494195688,0.5447761194029851,0.35655058043117743,0.42703150912106136,0.5207296849087893,0.35655058043117743,0.29767827529021557,0.2603648424543947,0.5223880597014925,0.45688225538971805,0.41708126036484244,0.23217247097844113,0.5597014925373134,0.24046434494195687,0.8631840796019901,0.4966832504145937,0.3167495854063018,0.44029850746268656,0.4046434494195688,0.4792703150912106,0.560530679933665,0.21227197346600332,0.6832504145936982,0.6907131011608624,0.6061359867330016,0.31923714759535654,0.6160862354892206,0.5149253731343284,0.44776119402985076,0.675787728026534,0.39054726368159204,0.3175787728026534,0.3092868988391376,0.48756218905472637,0.5348258706467661,0.48756218905472637,0.6169154228855721,0.33250414593698174,0.48092868988391374,0.4427860696517413,0.6310116086235489,0.6160862354892206,0.4461028192371476,0.6409618573797679,0.39054726368159204,0.34577114427860695,0.433665008291874,0.5041459369817579,0.8731343283582089,0.7976782752902156,0.5920398009950248,0.7835820895522388,0.8698175787728026,0.3275290215588723,0.3208955223880597,0.3018242122719735,0.24461028192371476,0.22719734660033167,0.2570480928689884,0.27611940298507465,0.2960199004975124,0.24129353233830847,0.26533996683250416,0.42039800995024873,0.2512437810945274,0.9046434494195689,0.40630182421227196,0.39054726368159204,0.6376451077943616,0.3034825870646766,0.26533996683250416,0.7388059701492538,0.25538971807628524,0.48092868988391374,0.7918739635157546,0.3034825870646766,0.2512437810945274,0.33250414593698174,0.2777777777777778,0.33167495854063017,0.8126036484245439,0.6169154228855721,0.9046434494195689,0.5049751243781094,0.3175787728026534,0.9245439469320066,0.3706467661691542,0.3092868988391376,0.14759535655058043,0.0912106135986733,0.6907131011608624,0.31343283582089554,0.09286898839137644,0.48756218905472637,0.4427860696517413,0.09535655058043117,0.7860696517412935,0.33747927031509123,0.27611940298507465,0.32338308457711445,0.48756218905472637,0.7263681592039801,0.3101160862354892,0.5348258706467661,0.24958540630182421
118,201147,Corey Brewer,32,72,2018,2614,OKC,1610612760,32.0,81.0,186.0,Florida,USA,2007,1,7,46.21270084162204,5.432287681713849,12.08875286916603,1.1859219586840093,4.208110175975516,2.486610558530987,3.442999234889059,1.6449885233358836,4.2463657230298395,5.891354246365723,2.486610558530987,1.874521805661821,3.0221882172915073,0.5355776587605203,0.9563886763580719,5.31752104055088,3.442999234889059,14.537107880642694,-2.1423106350420813,0.0,0.0,0.07651109410864575,3.9403213465952565,4.131599081866871,4.131599081866871,-0.07651109410864575,4.131599081866871,4.016832440703902,3.2899770466717673,0.4973221117061974,4.016832440703902,3.9403213465952565,-0.07651109410864575,-0.07651109410864575,3.9403213465952565,4.016832440703902,0.1530221882172915,0.03825554705432287,0.19127773527161437,1.0711553175210407,0.19127773527161437,0.4590665646518745,0.38255547054322875,6.618209640397858,0.4973221117061974,0.8798775822494261,1.7214996174445294,0.11476664116296863,3.8638102524866107,0.9563886763580719,1.3006885998469777,0.0,3.0221882172915073,0.22953328232593725,0.0,0.0,0.0,0.0,0.0,0.26778882938026016,0.0,0.7651109410864575,0.0,3.9020657995409334,0.11476664116296863,0.19127773527161437,1.0711553175210407,0.03825554705432287,0.1530221882172915,0.0,0.1530221882172915,0.0,0.4973221117061974,0.0,0.0,0.19127773527161437,3.2899770466717673,0.0,0.0,0.0,6.885998469778118,5.011476664116297,2.8309104820198927,0.306044376434583,28.423871461361898,28.423871461361898,0.07651109410864575,6.159143075745983,0.19127773527161437,0.26778882938026016,1.0711553175210407,1.3006885998469777,4.2463657230298395,2.3335883703136955,0.19127773527161437,0.22953328232593725,0.38255547054322875,2.218821729150727,44.68247895944912,0.03825554705432287,14.537107880642694,1.4537107880642692,0.03825554705432287,2.9074215761285385,28.117827084927313,1.0328997704667178,0.03825554705432287,0.0,0.0,0.0,0.0,0.7268553940321346,0.26778882938026016,4.475899005355776,0.07651109410864575,5.31752104055088,0.38255547054322875,0.8033664881407804,1.1094108645753635,0.306044376434583,1.3389441469013006,12.547819433817903,0.8033664881407804,3.366488140780413,7.421576128538638,0.5355776587605203,0.0,0.0,0.0,0.8033664881407804,0.8033664881407804,0.0,1.4154552410099464,1.4154552410099464,0.0,1.7214996174445294,0.0,0.306044376434583,3.481254781943382,0.0,1.6832440703902065,3.175210405508799,0.0,0.03825554705432287,0.0,1.7597551644988523,1.874521805661821,0.5738332058148432,0.0,1.3771996939556235,1.9510328997704667,0.0,3.6342769701606734,0.4590665646518745,0.38255547054322875,0.9563886763580719,0.5738332058148432,0.0,2.6013771996939554,0.0,2.1423106350420813,0.0,0.38255547054322875,0.34429992348890587,0.8033664881407804,0.19127773527161437,0.0,1.9510328997704667,0.5355776587605203,0.0,3.5577658760520277,1.0711553175210407,1.9510328997704667,0.0,1.1859219586840093,3.8255547054322876,3.8638102524866107,1.1859219586840093,34.12394797245601,0.8033664881407804,0.0,5.929609793420046,2.5631216526396328,17921.882172915073,0.0,1.6832440703902065,0.0,3.366488140780413,1.5684774292272379,0.0,2.180566182096404,1.7980107115531752,0.0,3.366488140780413,0.38255547054322875,3.366488140780413,0.1530221882172915,0.26778882938026016,0.306044376434583,0.03825554705432287,0.38255547054322875,0.34429992348890587,2.0275439938791124,1.6449885233358836,6.159143075745983,0.1530221882172915,10.022953328232594,4.2463657230298395,0.0,44.68247895944912,0.8033664881407804,2.3718439173680186,7.421576128538638,0.5355776587605203,0.1530221882172915,22.5707727620505,4.858454475899006,0.0,0.0,1.1094108645753635,0.1530221882172915,5.891354246365723,0.8033664881407804,0.42081101759755163,3.2517214996174446,5.31752104055088,1.2624330527926548,6.235654169854629,1.3389441469013006,0.03825554705432287,3.5577658760520277,12.394797245600612,4.934965570007651,0.7268553940321346,0.0,0.7268553940321346,0.0,0.07651109410864575,3.8255547054322876,0.0,1.7597551644988523,1.6449885233358836,4.475899005355776,12.547819433817903,0.444,0.449,0.282,0.722,10.4,0.06,0.073,0.089,10.4,0.534,0.498,0.139,0.033,0.136,0.5,0.0,0.214,0.316,0.584,0.289,0.353,0.217,0.1,0.087,0.55,0.5,0.306,0.063,0.045,0.483,0.054,0.47,0.326,0.309,0.572,0.189,0.634,0.502,0.314,0.227,0.568,0.568,0.0,0.568,0.495,0.5,0.53,0.125,0.735,0.616,0.326,0.537,0.833,0.368,0.268,0.478,0.238,0.0,0.238,0.333,0.307,0.476,0.0,0.498,0.549,0.62,0.31,0.46,0.892,0.0,0.0,0.485,0.0,0.314,0.037,0.0,0.624,0.502,0.313,0.0,0.479,0.634,0.603,0.441,0.47,1.0,0.367,0.326,0.568,0.382,0.565,0.448,0.324,0.189,0.227,0.592,0.687,0.0,0.108,0.825,0.309,0.175,0.509,0.572,0.62,0.1583747927031509,0.2810945273631841,0.2462686567164179,0.3888888888888889,0.38225538971807627,0.49336650082918737,0.49502487562189057,0.5696517412935324,0.2512437810945274,0.3524046434494196,0.32587064676616917,0.3142620232172471,0.906301824212272,0.44029850746268656,0.5597014925373134,0.7437810945273632,0.5398009950248757,0.291044776119403,0.44859038142620233,0.31260364842454397,0.47512437810945274,0.3524046434494196,0.45356550580431176,0.45107794361525705,0.45107794361525705,0.43532338308457713,0.45107794361525705,0.4502487562189055,0.4552238805970149,0.4054726368159204,0.4502487562189055,0.4552238805970149,0.43532338308457713,0.44029850746268656,0.45356550580431176,0.4519071310116086,0.1583747927031509,0.49834162520729686,0.2131011608623549,0.25456053067993367,0.23134328358208955,0.8034825870646766,0.1550580431177446,0.6890547263681592,0.8300165837479271,0.20315091210613598,0.8930348258706468,0.8565505804311775,0.6791044776119403,0.8233830845771144,0.8532338308457711,0.4966832504145937,0.8897180762852405,0.2860696517412935,0.13681592039800994,0.4867330016583748,0.4966832504145937,0.4917081260364842,0.48756218905472637,0.2230514096185738,0.4925373134328358,0.2562189054726368,0.4925373134328358,0.6658374792703151,0.31260364842454397,0.8980099502487562,0.5713101160862355,0.6708126036484245,0.25290215588723053,0.4286898839137645,0.18325041459369817,0.48839137645107794,0.2131011608623549,0.49834162520729686,0.49917081260364843,0.30265339966832505,0.6343283582089553,0.49336650082918737,0.42371475953565507,0.4925373134328358,0.6724709784411277,0.36069651741293535,0.3275290215588723,0.763681592039801,0.09535655058043117,0.08374792703150911,0.21144278606965175,0.3275290215588723,0.3723051409618574,0.43532338308457713,0.49834162520729686,0.48009950248756217,0.4286898839137645,0.4684908789386401,0.4187396351575456,0.42703150912106136,0.42371475953565507,0.46683250414593697,0.08540630182421227,0.21144278606965175,0.2943615257048093,0.1799336650082919,0.533167495854063,0.5381426202321725,0.09535655058043117,0.4361525704809287,0.32172470978441126,0.4792703150912106,0.43781094527363185,0.49917081260364843,0.4734660033167496,0.4925373134328358,0.5016583747927031,0.3407960199004975,0.3706467661691542,0.5613598673300166,0.5132669983416253,0.3839137645107794,0.7205638474295191,0.5066334991708126,0.4154228855721393,0.3706467661691542,0.4286898839137645,0.23797678275290216,0.24129353233830847,0.47180762852404645,0.4461028192371476,0.5,0.3540630182421227,0.533167495854063,0.5248756218905473,0.5,0.48175787728026537,0.49502487562189057,0.5008291873963516,0.2810945273631841,0.49502487562189057,0.5679933665008292,0.27114427860696516,0.49585406301824214,0.3142620232172471,0.3009950248756219,0.5,0.5265339966832504,0.49917081260364843,0.5265339966832504,0.45688225538971805,0.5613598673300166,0.5,0.6525704809286899,0.6044776119402985,0.4975124378109453,0.478441127694859,0.28689883913764513,0.44029850746268656,0.3043117744610282,0.3474295190713101,0.49585406301824214,0.29270315091210614,0.5,0.36069651741293535,0.49834162520729686,0.26616915422885573,0.44029850746268656,0.2877280265339967,0.27114427860696516,0.22719734660033167,0.49834162520729686,0.45356550580431176,0.25538971807628524,0.4021558872305141,0.06218905472636816,0.05555555555555555,0.5008291873963516,0.4651741293532338,0.48839137645107794,0.4154228855721393,0.38474295190713104,0.3308457711442786,0.4286898839137645,0.5008291873963516,0.10862354892205639,0.9029850746268657,0.38723051409618575,0.5008291873963516,0.8565505804311775,0.33167495854063017,0.13018242122719734,0.23466003316749584,0.26533996683250416,0.3275290215588723,0.28441127694859036,0.3034825870646766,0.4386401326699834,0.5132669983416253,0.23797678275290216,0.4759535655058043,0.5016583747927031,0.5066334991708126,0.4320066334991708,0.5398009950248757,0.32587064676616917,0.13349917081260365,0.5696517412935324,0.4767827529021559,0.2752902155887231,0.11028192371475953,0.25456053067993367,0.2230514096185738,0.08540630182421227,0.6907131011608624,0.1318407960199005,0.24129353233830847,0.47180762852404645,0.45107794361525705,0.6144278606965174,0.12023217247097844,0.33747927031509123,0.5008291873963516,0.7205638474295191,0.4427860696517413,0.35903814262023215,0.3839137645107794,0.8814262023217247,0.11857379767827529,0.5613598673300166,0.33913764510779437,0.8598673300165838,0.4154228855721393,0.32172470978441126,0.08208955223880597,0.5613598673300166,0.884742951907131,0.4925373134328358,0.3034825870646766,0.3076285240464345,0.3341625207296849,0.3706467661691542,0.11857379767827529,0.25538971807628524,0.9145936981757877,0.24129353233830847,0.3407960199004975,0.3706467661691542,0.4046434494195688,0.5447761194029851,0.35655058043117743,0.42703150912106136,0.5207296849087893,0.35655058043117743,0.29767827529021557,0.2603648424543947,0.5223880597014925,0.45688225538971805,0.41708126036484244,0.23217247097844113,0.5597014925373134,0.24046434494195687,0.8631840796019901,0.4966832504145937,0.3167495854063018,0.44029850746268656,0.4046434494195688,0.4792703150912106,0.560530679933665,0.21227197346600332,0.6832504145936982,0.6907131011608624,0.6061359867330016,0.31923714759535654,0.6160862354892206,0.5149253731343284,0.44776119402985076,0.675787728026534,0.39054726368159204,0.3175787728026534,0.3092868988391376,0.48756218905472637,0.5348258706467661,0.48756218905472637,0.6169154228855721,0.33250414593698174,0.48092868988391374,0.4427860696517413,0.6310116086235489,0.6160862354892206,0.4461028192371476,0.6409618573797679,0.39054726368159204,0.34577114427860695,0.433665008291874,0.5041459369817579,0.8731343283582089,0.7976782752902156,0.5920398009950248,0.7835820895522388,0.8698175787728026,0.3275290215588723,0.3208955223880597,0.3018242122719735,0.24461028192371476,0.22719734660033167,0.2570480928689884,0.27611940298507465,0.2960199004975124,0.24129353233830847,0.26533996683250416,0.42039800995024873,0.2512437810945274,0.9046434494195689,0.40630182421227196,0.39054726368159204,0.6376451077943616,0.3034825870646766,0.26533996683250416,0.7388059701492538,0.25538971807628524,0.48092868988391374,0.7918739635157546,0.3034825870646766,0.6616915422885572,0.33250414593698174,0.2777777777777778,0.33167495854063017,0.9145936981757877,0.6169154228855721,0.5016583747927031,0.8839137645107794,0.3175787728026534,0.9245439469320066,0.8441127694859039,0.3092868988391376,0.8590381426202321,0.19734660033167495,0.5422885572139303,0.31343283582089554,0.28441127694859036,0.48756218905472637,0.4427860696517413,0.19734660033167495,0.7860696517412935,0.33747927031509123,0.27611940298507465,0.32338308457711445,0.48756218905472637,0.7263681592039801,0.5796019900497512,0.5348258706467661,0.8159203980099502
119,201147,Corey Brewer,32,72,2018,2614,OKC,1610612760,32.0,81.0,186.0,Florida,USA,2007,1,7,46.21270084162204,5.432287681713849,12.08875286916603,1.1859219586840093,4.208110175975516,2.486610558530987,3.442999234889059,1.6449885233358836,4.2463657230298395,5.891354246365723,2.486610558530987,1.874521805661821,3.0221882172915073,0.5355776587605203,0.9563886763580719,5.31752104055088,3.442999234889059,14.537107880642694,-2.1423106350420813,0.0,0.0,0.07651109410864575,3.9403213465952565,4.131599081866871,4.131599081866871,-0.07651109410864575,4.131599081866871,4.016832440703902,3.2899770466717673,0.4973221117061974,4.016832440703902,3.9403213465952565,-0.07651109410864575,-0.07651109410864575,3.9403213465952565,4.016832440703902,0.1530221882172915,0.03825554705432287,0.19127773527161437,1.0711553175210407,0.19127773527161437,0.4590665646518745,0.38255547054322875,6.618209640397858,0.4973221117061974,0.8798775822494261,1.7214996174445294,0.11476664116296863,3.8638102524866107,0.9563886763580719,1.3006885998469777,0.0,3.0221882172915073,0.22953328232593725,0.0,0.0,0.0,0.0,0.0,0.26778882938026016,0.0,0.7651109410864575,0.0,3.9020657995409334,0.11476664116296863,0.19127773527161437,1.0711553175210407,0.03825554705432287,0.1530221882172915,0.0,0.1530221882172915,0.0,0.4973221117061974,0.0,0.0,0.19127773527161437,3.2899770466717673,0.0,0.0,0.0,6.885998469778118,5.011476664116297,2.8309104820198927,0.306044376434583,28.423871461361898,28.423871461361898,0.07651109410864575,6.159143075745983,0.19127773527161437,0.26778882938026016,1.0711553175210407,1.3006885998469777,4.2463657230298395,2.3335883703136955,0.19127773527161437,0.22953328232593725,0.38255547054322875,2.218821729150727,44.68247895944912,0.03825554705432287,14.537107880642694,1.4537107880642692,0.03825554705432287,2.9074215761285385,28.117827084927313,1.0328997704667178,0.03825554705432287,0.0,0.0,0.0,0.0,0.7268553940321346,0.26778882938026016,4.475899005355776,0.07651109410864575,5.31752104055088,0.38255547054322875,0.8033664881407804,1.1094108645753635,0.306044376434583,1.3389441469013006,12.547819433817903,0.8033664881407804,3.366488140780413,7.421576128538638,0.5355776587605203,0.0,0.0,0.0,0.8033664881407804,0.8033664881407804,0.0,1.4154552410099464,1.4154552410099464,0.0,1.7214996174445294,0.0,0.306044376434583,3.481254781943382,0.0,1.6832440703902065,3.175210405508799,0.0,0.03825554705432287,0.0,1.7597551644988523,1.874521805661821,0.5738332058148432,0.0,1.3771996939556235,1.9510328997704667,0.0,3.6342769701606734,0.4590665646518745,0.38255547054322875,0.9563886763580719,0.5738332058148432,0.0,2.6013771996939554,0.0,2.1423106350420813,0.0,0.38255547054322875,0.34429992348890587,0.8033664881407804,0.19127773527161437,0.0,1.9510328997704667,0.5355776587605203,0.0,3.5577658760520277,1.0711553175210407,1.9510328997704667,0.0,1.1859219586840093,3.8255547054322876,3.8638102524866107,1.1859219586840093,34.12394797245601,0.8033664881407804,0.0,5.929609793420046,2.5631216526396328,17921.882172915073,0.0,1.6832440703902065,0.0,3.366488140780413,1.5684774292272379,0.0,2.180566182096404,1.7980107115531752,0.0,3.366488140780413,0.38255547054322875,3.366488140780413,0.1530221882172915,0.26778882938026016,0.306044376434583,0.03825554705432287,0.38255547054322875,0.34429992348890587,2.0275439938791124,1.6449885233358836,6.159143075745983,0.1530221882172915,10.022953328232594,4.2463657230298395,0.0,44.68247895944912,0.8033664881407804,1.3006885998469777,7.421576128538638,0.5355776587605203,0.1530221882172915,22.5707727620505,4.858454475899006,0.0,0.0,1.1094108645753635,0.1530221882172915,5.891354246365723,0.8033664881407804,0.42081101759755163,3.2517214996174446,5.31752104055088,1.2624330527926548,6.235654169854629,1.3389441469013006,0.03825554705432287,3.5577658760520277,12.394797245600612,4.934965570007651,0.7268553940321346,0.0,0.7268553940321346,0.0,0.07651109410864575,2.5248661055853097,0.0,1.7597551644988523,1.6449885233358836,4.475899005355776,12.547819433817903,0.444,0.449,0.282,0.722,10.4,0.06,0.073,0.089,10.4,0.534,0.498,0.139,0.033,0.136,0.5,0.0,0.214,0.316,0.584,0.289,0.353,0.217,0.1,0.087,0.55,0.5,0.306,0.063,0.045,0.483,0.054,0.47,0.326,0.309,0.572,0.189,0.634,0.502,0.314,0.227,0.568,0.568,0.0,0.568,0.495,0.5,0.53,0.125,0.735,0.616,0.326,0.537,0.833,0.368,0.268,0.478,0.238,0.0,0.238,0.333,0.307,0.476,0.0,0.498,0.549,0.62,0.31,0.46,0.892,0.0,0.0,0.485,0.0,0.314,0.037,0.0,0.624,0.502,0.313,0.0,0.479,0.634,0.603,0.441,0.47,1.0,0.367,0.326,0.568,0.34,0.569,0.448,0.324,0.189,0.227,0.592,0.687,0.0,0.108,0.825,0.309,0.175,0.509,0.572,0.515,0.1583747927031509,0.2810945273631841,0.2462686567164179,0.3888888888888889,0.38225538971807627,0.49336650082918737,0.49502487562189057,0.5696517412935324,0.2512437810945274,0.3524046434494196,0.32587064676616917,0.3142620232172471,0.906301824212272,0.44029850746268656,0.5597014925373134,0.7437810945273632,0.5398009950248757,0.291044776119403,0.44859038142620233,0.31260364842454397,0.47512437810945274,0.3524046434494196,0.45356550580431176,0.45107794361525705,0.45107794361525705,0.43532338308457713,0.45107794361525705,0.4502487562189055,0.4552238805970149,0.4054726368159204,0.4502487562189055,0.4552238805970149,0.43532338308457713,0.44029850746268656,0.45356550580431176,0.4519071310116086,0.1583747927031509,0.49834162520729686,0.2131011608623549,0.25456053067993367,0.23134328358208955,0.8034825870646766,0.1550580431177446,0.6890547263681592,0.8300165837479271,0.20315091210613598,0.8930348258706468,0.8565505804311775,0.6791044776119403,0.8233830845771144,0.8532338308457711,0.4966832504145937,0.8897180762852405,0.2860696517412935,0.13681592039800994,0.4867330016583748,0.4966832504145937,0.4917081260364842,0.48756218905472637,0.2230514096185738,0.4925373134328358,0.2562189054726368,0.4925373134328358,0.6658374792703151,0.31260364842454397,0.8980099502487562,0.5713101160862355,0.6708126036484245,0.25290215588723053,0.4286898839137645,0.18325041459369817,0.48839137645107794,0.2131011608623549,0.49834162520729686,0.49917081260364843,0.30265339966832505,0.6343283582089553,0.49336650082918737,0.42371475953565507,0.4925373134328358,0.6724709784411277,0.36069651741293535,0.3275290215588723,0.763681592039801,0.09535655058043117,0.08374792703150911,0.21144278606965175,0.3275290215588723,0.3723051409618574,0.43532338308457713,0.49834162520729686,0.48009950248756217,0.4286898839137645,0.4684908789386401,0.4187396351575456,0.42703150912106136,0.42371475953565507,0.46683250414593697,0.08540630182421227,0.21144278606965175,0.2943615257048093,0.1799336650082919,0.533167495854063,0.5381426202321725,0.09535655058043117,0.4361525704809287,0.32172470978441126,0.4792703150912106,0.43781094527363185,0.49917081260364843,0.4734660033167496,0.4925373134328358,0.5016583747927031,0.3407960199004975,0.3706467661691542,0.5613598673300166,0.5132669983416253,0.3839137645107794,0.7205638474295191,0.5066334991708126,0.4154228855721393,0.3706467661691542,0.4286898839137645,0.23797678275290216,0.24129353233830847,0.47180762852404645,0.4461028192371476,0.5,0.3540630182421227,0.533167495854063,0.5248756218905473,0.5,0.48175787728026537,0.49502487562189057,0.5008291873963516,0.2810945273631841,0.49502487562189057,0.5679933665008292,0.27114427860696516,0.49585406301824214,0.3142620232172471,0.3009950248756219,0.5,0.5265339966832504,0.49917081260364843,0.5265339966832504,0.45688225538971805,0.5613598673300166,0.5,0.6525704809286899,0.6044776119402985,0.4975124378109453,0.478441127694859,0.28689883913764513,0.44029850746268656,0.3043117744610282,0.3474295190713101,0.49585406301824214,0.29270315091210614,0.5,0.36069651741293535,0.49834162520729686,0.26616915422885573,0.44029850746268656,0.2877280265339967,0.27114427860696516,0.22719734660033167,0.49834162520729686,0.45356550580431176,0.25538971807628524,0.4021558872305141,0.06218905472636816,0.05555555555555555,0.5008291873963516,0.4651741293532338,0.48839137645107794,0.4154228855721393,0.38474295190713104,0.3308457711442786,0.4286898839137645,0.5008291873963516,0.10862354892205639,0.9029850746268657,0.38723051409618575,0.5008291873963516,0.8565505804311775,0.33167495854063017,0.13018242122719734,0.23466003316749584,0.26533996683250416,0.3275290215588723,0.28441127694859036,0.3034825870646766,0.4386401326699834,0.5132669983416253,0.23797678275290216,0.4759535655058043,0.5016583747927031,0.5066334991708126,0.4320066334991708,0.5398009950248757,0.32587064676616917,0.13349917081260365,0.5696517412935324,0.4767827529021559,0.2752902155887231,0.11028192371475953,0.25456053067993367,0.2230514096185738,0.08540630182421227,0.6907131011608624,0.06053067993366501,0.24129353233830847,0.47180762852404645,0.45107794361525705,0.6144278606965174,0.12023217247097844,0.33747927031509123,0.5008291873963516,0.7205638474295191,0.4427860696517413,0.35903814262023215,0.3839137645107794,0.8814262023217247,0.11857379767827529,0.5613598673300166,0.33913764510779437,0.8598673300165838,0.4154228855721393,0.32172470978441126,0.08208955223880597,0.5613598673300166,0.884742951907131,0.4925373134328358,0.3034825870646766,0.3076285240464345,0.3341625207296849,0.3706467661691542,0.05555555555555555,0.25538971807628524,0.9145936981757877,0.24129353233830847,0.3407960199004975,0.3706467661691542,0.4046434494195688,0.5447761194029851,0.35655058043117743,0.42703150912106136,0.5207296849087893,0.35655058043117743,0.29767827529021557,0.2603648424543947,0.5223880597014925,0.45688225538971805,0.41708126036484244,0.23217247097844113,0.5597014925373134,0.24046434494195687,0.8631840796019901,0.4966832504145937,0.3167495854063018,0.44029850746268656,0.4046434494195688,0.4792703150912106,0.560530679933665,0.21227197346600332,0.6832504145936982,0.6907131011608624,0.6061359867330016,0.31923714759535654,0.6160862354892206,0.5149253731343284,0.44776119402985076,0.675787728026534,0.39054726368159204,0.3175787728026534,0.3092868988391376,0.48756218905472637,0.5348258706467661,0.48756218905472637,0.6169154228855721,0.33250414593698174,0.48092868988391374,0.4427860696517413,0.6310116086235489,0.6160862354892206,0.4461028192371476,0.6409618573797679,0.39054726368159204,0.34577114427860695,0.433665008291874,0.5041459369817579,0.8731343283582089,0.7976782752902156,0.5920398009950248,0.7835820895522388,0.8698175787728026,0.3275290215588723,0.3208955223880597,0.3018242122719735,0.24461028192371476,0.22719734660033167,0.2570480928689884,0.27611940298507465,0.2960199004975124,0.24129353233830847,0.26533996683250416,0.42039800995024873,0.2512437810945274,0.9046434494195689,0.40630182421227196,0.39054726368159204,0.6376451077943616,0.3034825870646766,0.26533996683250416,0.7388059701492538,0.25538971807628524,0.48092868988391374,0.7918739635157546,0.3034825870646766,0.6616915422885572,0.33250414593698174,0.2777777777777778,0.33167495854063017,0.9145936981757877,0.6169154228855721,0.5016583747927031,0.8839137645107794,0.3175787728026534,0.9245439469320066,0.8441127694859039,0.3092868988391376,0.8590381426202321,0.0912106135986733,0.6907131011608624,0.31343283582089554,0.28441127694859036,0.48756218905472637,0.4427860696517413,0.19734660033167495,0.7860696517412935,0.33747927031509123,0.27611940298507465,0.32338308457711445,0.48756218905472637,0.7263681592039801,0.5796019900497512,0.5348258706467661,0.24958540630182421
120,201147,Corey Brewer,32,72,2018,2614,OKC,1610612760,32.0,81.0,186.0,Florida,USA,2007,1,7,46.21270084162204,5.432287681713849,12.08875286916603,1.1859219586840093,4.208110175975516,2.486610558530987,3.442999234889059,1.6449885233358836,4.2463657230298395,5.891354246365723,2.486610558530987,1.874521805661821,3.0221882172915073,0.5355776587605203,0.9563886763580719,5.31752104055088,3.442999234889059,14.537107880642694,-2.1423106350420813,0.0,0.0,0.07651109410864575,3.9403213465952565,4.131599081866871,4.131599081866871,-0.07651109410864575,4.131599081866871,4.016832440703902,3.2899770466717673,0.4973221117061974,4.016832440703902,3.9403213465952565,-0.07651109410864575,-0.07651109410864575,3.9403213465952565,4.016832440703902,0.1530221882172915,0.03825554705432287,0.19127773527161437,1.0711553175210407,0.19127773527161437,0.4590665646518745,0.38255547054322875,6.618209640397858,0.4973221117061974,0.8798775822494261,1.7214996174445294,0.11476664116296863,3.8638102524866107,0.9563886763580719,1.3006885998469777,0.0,3.0221882172915073,0.22953328232593725,0.0,0.0,0.0,0.0,0.0,0.26778882938026016,0.0,0.7651109410864575,0.0,3.9020657995409334,0.11476664116296863,0.19127773527161437,1.0711553175210407,0.03825554705432287,0.1530221882172915,0.0,0.1530221882172915,0.0,0.4973221117061974,0.0,0.0,0.19127773527161437,3.2899770466717673,0.0,0.0,0.0,6.885998469778118,5.011476664116297,2.8309104820198927,0.306044376434583,28.423871461361898,28.423871461361898,0.07651109410864575,6.159143075745983,0.19127773527161437,0.26778882938026016,1.0711553175210407,1.3006885998469777,4.2463657230298395,2.3335883703136955,0.19127773527161437,0.22953328232593725,0.38255547054322875,2.218821729150727,44.68247895944912,0.03825554705432287,14.537107880642694,1.4537107880642692,0.03825554705432287,2.9074215761285385,28.117827084927313,1.0328997704667178,0.03825554705432287,0.0,0.0,0.0,0.0,0.7268553940321346,0.26778882938026016,4.475899005355776,0.07651109410864575,5.31752104055088,0.38255547054322875,0.8033664881407804,1.1094108645753635,0.306044376434583,1.3389441469013006,12.547819433817903,0.8033664881407804,3.366488140780413,7.421576128538638,0.5355776587605203,0.0,0.0,0.0,0.8033664881407804,0.8033664881407804,0.0,1.4154552410099464,1.4154552410099464,0.0,1.7214996174445294,0.0,0.306044376434583,3.481254781943382,0.0,1.6832440703902065,3.175210405508799,0.0,0.03825554705432287,0.0,1.7597551644988523,1.874521805661821,0.5738332058148432,0.0,1.3771996939556235,1.9510328997704667,0.0,3.6342769701606734,0.4590665646518745,0.38255547054322875,0.9563886763580719,0.5738332058148432,0.0,2.6013771996939554,0.0,2.1423106350420813,0.0,0.38255547054322875,0.34429992348890587,0.8033664881407804,0.19127773527161437,0.0,1.9510328997704667,0.5355776587605203,0.0,3.5577658760520277,1.0711553175210407,1.9510328997704667,0.0,1.1859219586840093,3.8255547054322876,3.8638102524866107,1.1859219586840093,34.12394797245601,0.8033664881407804,0.0,5.929609793420046,2.5631216526396328,17921.882172915073,0.0,1.6832440703902065,0.0,3.366488140780413,1.5684774292272379,0.0,2.180566182096404,1.7980107115531752,0.0,3.366488140780413,0.38255547054322875,3.366488140780413,0.1530221882172915,0.26778882938026016,0.306044376434583,0.03825554705432287,0.38255547054322875,0.34429992348890587,1.0711553175210407,1.6449885233358836,6.159143075745983,0.1530221882172915,10.022953328232594,4.2463657230298395,0.0,44.68247895944912,0.8033664881407804,2.3718439173680186,7.421576128538638,0.5355776587605203,0.1530221882172915,22.5707727620505,4.858454475899006,0.0,0.0,1.1094108645753635,0.1530221882172915,5.891354246365723,0.8033664881407804,0.42081101759755163,1.9510328997704667,5.31752104055088,1.2624330527926548,6.235654169854629,1.3389441469013006,0.03825554705432287,3.5577658760520277,12.394797245600612,4.934965570007651,0.7268553940321346,0.0,0.7268553940321346,0.0,0.07651109410864575,3.8255547054322876,0.0,1.7597551644988523,1.6449885233358836,4.475899005355776,12.547819433817903,0.444,0.449,0.282,0.722,10.4,0.06,0.073,0.089,10.4,0.534,0.498,0.139,0.033,0.136,0.5,0.0,0.214,0.316,0.584,0.289,0.353,0.217,0.1,0.087,0.55,0.5,0.306,0.063,0.045,0.483,0.054,0.47,0.326,0.309,0.572,0.189,0.634,0.502,0.314,0.227,0.568,0.568,0.0,0.568,0.495,0.5,0.53,0.125,0.735,0.616,0.326,0.537,0.833,0.368,0.268,0.478,0.238,0.0,0.238,0.333,0.307,0.476,0.0,0.498,0.549,0.62,0.31,0.46,0.892,0.0,0.0,0.485,0.0,0.314,0.037,0.0,0.549,0.502,0.313,0.0,0.479,0.634,0.62,0.441,0.47,1.0,0.367,0.326,0.568,0.382,0.565,0.448,0.263,0.189,0.227,0.592,0.687,0.0,0.108,0.825,0.309,0.175,0.509,0.572,0.62,0.1583747927031509,0.2810945273631841,0.2462686567164179,0.3888888888888889,0.38225538971807627,0.49336650082918737,0.49502487562189057,0.5696517412935324,0.2512437810945274,0.3524046434494196,0.32587064676616917,0.3142620232172471,0.906301824212272,0.44029850746268656,0.5597014925373134,0.7437810945273632,0.5398009950248757,0.291044776119403,0.44859038142620233,0.31260364842454397,0.47512437810945274,0.3524046434494196,0.45356550580431176,0.45107794361525705,0.45107794361525705,0.43532338308457713,0.45107794361525705,0.4502487562189055,0.4552238805970149,0.4054726368159204,0.4502487562189055,0.4552238805970149,0.43532338308457713,0.44029850746268656,0.45356550580431176,0.4519071310116086,0.1583747927031509,0.49834162520729686,0.2131011608623549,0.25456053067993367,0.23134328358208955,0.8034825870646766,0.1550580431177446,0.6890547263681592,0.8300165837479271,0.20315091210613598,0.8930348258706468,0.8565505804311775,0.6791044776119403,0.8233830845771144,0.8532338308457711,0.4966832504145937,0.8897180762852405,0.2860696517412935,0.13681592039800994,0.4867330016583748,0.4966832504145937,0.4917081260364842,0.48756218905472637,0.2230514096185738,0.4925373134328358,0.2562189054726368,0.4925373134328358,0.6658374792703151,0.31260364842454397,0.8980099502487562,0.5713101160862355,0.6708126036484245,0.25290215588723053,0.4286898839137645,0.18325041459369817,0.48839137645107794,0.2131011608623549,0.49834162520729686,0.49917081260364843,0.30265339966832505,0.6343283582089553,0.49336650082918737,0.42371475953565507,0.4925373134328358,0.6724709784411277,0.36069651741293535,0.3275290215588723,0.763681592039801,0.09535655058043117,0.08374792703150911,0.21144278606965175,0.3275290215588723,0.3723051409618574,0.43532338308457713,0.49834162520729686,0.48009950248756217,0.4286898839137645,0.4684908789386401,0.4187396351575456,0.42703150912106136,0.42371475953565507,0.46683250414593697,0.08540630182421227,0.21144278606965175,0.2943615257048093,0.1799336650082919,0.533167495854063,0.5381426202321725,0.09535655058043117,0.4361525704809287,0.32172470978441126,0.4792703150912106,0.43781094527363185,0.49917081260364843,0.4734660033167496,0.4925373134328358,0.5016583747927031,0.3407960199004975,0.3706467661691542,0.5613598673300166,0.5132669983416253,0.3839137645107794,0.7205638474295191,0.5066334991708126,0.4154228855721393,0.3706467661691542,0.4286898839137645,0.23797678275290216,0.24129353233830847,0.47180762852404645,0.4461028192371476,0.5,0.3540630182421227,0.533167495854063,0.5248756218905473,0.5,0.48175787728026537,0.49502487562189057,0.5008291873963516,0.2810945273631841,0.49502487562189057,0.5679933665008292,0.27114427860696516,0.49585406301824214,0.3142620232172471,0.3009950248756219,0.5,0.5265339966832504,0.49917081260364843,0.5265339966832504,0.45688225538971805,0.5613598673300166,0.5,0.6525704809286899,0.6044776119402985,0.4975124378109453,0.478441127694859,0.28689883913764513,0.44029850746268656,0.3043117744610282,0.3474295190713101,0.49585406301824214,0.29270315091210614,0.5,0.36069651741293535,0.49834162520729686,0.26616915422885573,0.44029850746268656,0.2877280265339967,0.27114427860696516,0.22719734660033167,0.49834162520729686,0.45356550580431176,0.25538971807628524,0.4021558872305141,0.06218905472636816,0.05555555555555555,0.5008291873963516,0.4651741293532338,0.48839137645107794,0.4154228855721393,0.38474295190713104,0.3308457711442786,0.4286898839137645,0.5008291873963516,0.10862354892205639,0.9029850746268657,0.38723051409618575,0.5008291873963516,0.8565505804311775,0.33167495854063017,0.13018242122719734,0.23466003316749584,0.26533996683250416,0.3275290215588723,0.28441127694859036,0.3034825870646766,0.4386401326699834,0.5132669983416253,0.23797678275290216,0.4759535655058043,0.5016583747927031,0.5066334991708126,0.4320066334991708,0.5398009950248757,0.32587064676616917,0.06218905472636816,0.5696517412935324,0.4767827529021559,0.2752902155887231,0.11028192371475953,0.25456053067993367,0.2230514096185738,0.08540630182421227,0.6907131011608624,0.1318407960199005,0.24129353233830847,0.47180762852404645,0.45107794361525705,0.6144278606965174,0.12023217247097844,0.33747927031509123,0.5008291873963516,0.7205638474295191,0.4427860696517413,0.35903814262023215,0.3839137645107794,0.8814262023217247,0.05555555555555555,0.5613598673300166,0.33913764510779437,0.8598673300165838,0.4154228855721393,0.32172470978441126,0.08208955223880597,0.5613598673300166,0.884742951907131,0.4925373134328358,0.3034825870646766,0.3076285240464345,0.3341625207296849,0.3706467661691542,0.11857379767827529,0.25538971807628524,0.9145936981757877,0.24129353233830847,0.3407960199004975,0.3706467661691542,0.4046434494195688,0.5447761194029851,0.35655058043117743,0.42703150912106136,0.5207296849087893,0.35655058043117743,0.29767827529021557,0.2603648424543947,0.5223880597014925,0.45688225538971805,0.41708126036484244,0.23217247097844113,0.5597014925373134,0.24046434494195687,0.8631840796019901,0.4966832504145937,0.3167495854063018,0.44029850746268656,0.4046434494195688,0.4792703150912106,0.560530679933665,0.21227197346600332,0.6832504145936982,0.6907131011608624,0.6061359867330016,0.31923714759535654,0.6160862354892206,0.5149253731343284,0.44776119402985076,0.675787728026534,0.39054726368159204,0.3175787728026534,0.3092868988391376,0.48756218905472637,0.5348258706467661,0.48756218905472637,0.6169154228855721,0.33250414593698174,0.48092868988391374,0.4427860696517413,0.6310116086235489,0.6160862354892206,0.4461028192371476,0.6409618573797679,0.39054726368159204,0.34577114427860695,0.433665008291874,0.5041459369817579,0.8731343283582089,0.7976782752902156,0.5920398009950248,0.7835820895522388,0.8698175787728026,0.3275290215588723,0.3208955223880597,0.3018242122719735,0.24461028192371476,0.22719734660033167,0.2570480928689884,0.27611940298507465,0.2960199004975124,0.24129353233830847,0.26533996683250416,0.42039800995024873,0.2512437810945274,0.9046434494195689,0.40630182421227196,0.39054726368159204,0.6376451077943616,0.3034825870646766,0.26533996683250416,0.7388059701492538,0.25538971807628524,0.48092868988391374,0.7918739635157546,0.3034825870646766,0.2512437810945274,0.33250414593698174,0.2777777777777778,0.33167495854063017,0.9145936981757877,0.6169154228855721,0.9046434494195689,0.8839137645107794,0.3175787728026534,0.9245439469320066,0.8441127694859039,0.3092868988391376,0.8590381426202321,0.19734660033167495,0.5422885572139303,0.31343283582089554,0.09286898839137644,0.48756218905472637,0.4427860696517413,0.19734660033167495,0.7860696517412935,0.33747927031509123,0.27611940298507465,0.32338308457711445,0.48756218905472637,0.7263681592039801,0.5796019900497512,0.5348258706467661,0.8159203980099502
121,201147,Corey Brewer,32,72,2018,2614,OKC,1610612760,32.0,81.0,186.0,Florida,USA,2007,1,7,46.21270084162204,5.432287681713849,12.08875286916603,1.1859219586840093,4.208110175975516,2.486610558530987,3.442999234889059,1.6449885233358836,4.2463657230298395,5.891354246365723,2.486610558530987,1.874521805661821,3.0221882172915073,0.5355776587605203,0.9563886763580719,5.31752104055088,3.442999234889059,14.537107880642694,-2.1423106350420813,0.0,0.0,0.07651109410864575,3.9403213465952565,4.131599081866871,4.131599081866871,-0.07651109410864575,4.131599081866871,4.016832440703902,3.2899770466717673,0.4973221117061974,4.016832440703902,3.9403213465952565,-0.07651109410864575,-0.07651109410864575,3.9403213465952565,4.016832440703902,0.1530221882172915,0.03825554705432287,0.19127773527161437,1.0711553175210407,0.19127773527161437,0.4590665646518745,0.38255547054322875,6.618209640397858,0.4973221117061974,0.8798775822494261,1.7214996174445294,0.11476664116296863,3.8638102524866107,0.9563886763580719,1.3006885998469777,0.0,3.0221882172915073,0.22953328232593725,0.0,0.0,0.0,0.0,0.0,0.26778882938026016,0.0,0.7651109410864575,0.0,3.9020657995409334,0.11476664116296863,0.19127773527161437,1.0711553175210407,0.03825554705432287,0.1530221882172915,0.0,0.1530221882172915,0.0,0.4973221117061974,0.0,0.0,0.19127773527161437,3.2899770466717673,0.0,0.0,0.0,6.885998469778118,5.011476664116297,2.8309104820198927,0.306044376434583,28.423871461361898,28.423871461361898,0.07651109410864575,6.159143075745983,0.19127773527161437,0.26778882938026016,1.0711553175210407,1.3006885998469777,4.2463657230298395,2.3335883703136955,0.19127773527161437,0.22953328232593725,0.38255547054322875,2.218821729150727,44.68247895944912,0.03825554705432287,14.537107880642694,1.4537107880642692,0.03825554705432287,2.9074215761285385,28.117827084927313,1.0328997704667178,0.03825554705432287,0.0,0.0,0.0,0.0,0.7268553940321346,0.26778882938026016,4.475899005355776,0.07651109410864575,5.31752104055088,0.38255547054322875,0.8033664881407804,1.1094108645753635,0.306044376434583,1.3389441469013006,12.547819433817903,0.8033664881407804,3.366488140780413,7.421576128538638,0.5355776587605203,0.0,0.0,0.0,0.8033664881407804,0.8033664881407804,0.0,1.4154552410099464,1.4154552410099464,0.0,1.7214996174445294,0.0,0.306044376434583,3.481254781943382,0.0,1.6832440703902065,3.175210405508799,0.0,0.03825554705432287,0.0,1.7597551644988523,1.874521805661821,0.5738332058148432,0.0,1.3771996939556235,1.9510328997704667,0.0,3.6342769701606734,0.4590665646518745,0.38255547054322875,0.9563886763580719,0.5738332058148432,0.0,2.6013771996939554,0.0,2.1423106350420813,0.0,0.38255547054322875,0.34429992348890587,0.8033664881407804,0.19127773527161437,0.0,1.9510328997704667,0.5355776587605203,0.0,3.5577658760520277,1.0711553175210407,1.9510328997704667,0.0,1.1859219586840093,3.8255547054322876,3.8638102524866107,1.1859219586840093,34.12394797245601,0.8033664881407804,0.0,5.929609793420046,2.5631216526396328,17921.882172915073,0.0,1.6832440703902065,0.0,3.366488140780413,1.5684774292272379,0.0,2.180566182096404,1.7980107115531752,0.0,3.366488140780413,0.38255547054322875,3.366488140780413,0.1530221882172915,0.26778882938026016,0.306044376434583,0.03825554705432287,0.38255547054322875,0.34429992348890587,1.0711553175210407,1.6449885233358836,6.159143075745983,0.1530221882172915,10.022953328232594,4.2463657230298395,0.0,44.68247895944912,0.8033664881407804,1.3006885998469777,7.421576128538638,0.5355776587605203,0.1530221882172915,22.5707727620505,4.858454475899006,0.0,0.0,1.1094108645753635,0.1530221882172915,5.891354246365723,0.8033664881407804,0.42081101759755163,1.9510328997704667,5.31752104055088,1.2624330527926548,6.235654169854629,1.3389441469013006,0.03825554705432287,3.5577658760520277,12.394797245600612,4.934965570007651,0.7268553940321346,0.0,0.7268553940321346,0.0,0.07651109410864575,2.5248661055853097,0.0,1.7597551644988523,1.6449885233358836,4.475899005355776,12.547819433817903,0.444,0.449,0.282,0.722,10.4,0.06,0.073,0.089,10.4,0.534,0.498,0.139,0.033,0.136,0.5,0.0,0.214,0.316,0.584,0.289,0.353,0.217,0.1,0.087,0.55,0.5,0.306,0.063,0.045,0.483,0.054,0.47,0.326,0.309,0.572,0.189,0.634,0.502,0.314,0.227,0.568,0.568,0.0,0.568,0.495,0.5,0.53,0.125,0.735,0.616,0.326,0.537,0.833,0.368,0.268,0.478,0.238,0.0,0.238,0.333,0.307,0.476,0.0,0.498,0.549,0.62,0.31,0.46,0.892,0.0,0.0,0.485,0.0,0.314,0.037,0.0,0.549,0.502,0.313,0.0,0.479,0.634,0.62,0.441,0.47,1.0,0.367,0.326,0.568,0.34,0.569,0.448,0.263,0.189,0.227,0.592,0.687,0.0,0.108,0.825,0.309,0.175,0.509,0.572,0.515,0.1583747927031509,0.2810945273631841,0.2462686567164179,0.3888888888888889,0.38225538971807627,0.49336650082918737,0.49502487562189057,0.5696517412935324,0.2512437810945274,0.3524046434494196,0.32587064676616917,0.3142620232172471,0.906301824212272,0.44029850746268656,0.5597014925373134,0.7437810945273632,0.5398009950248757,0.291044776119403,0.44859038142620233,0.31260364842454397,0.47512437810945274,0.3524046434494196,0.45356550580431176,0.45107794361525705,0.45107794361525705,0.43532338308457713,0.45107794361525705,0.4502487562189055,0.4552238805970149,0.4054726368159204,0.4502487562189055,0.4552238805970149,0.43532338308457713,0.44029850746268656,0.45356550580431176,0.4519071310116086,0.1583747927031509,0.49834162520729686,0.2131011608623549,0.25456053067993367,0.23134328358208955,0.8034825870646766,0.1550580431177446,0.6890547263681592,0.8300165837479271,0.20315091210613598,0.8930348258706468,0.8565505804311775,0.6791044776119403,0.8233830845771144,0.8532338308457711,0.4966832504145937,0.8897180762852405,0.2860696517412935,0.13681592039800994,0.4867330016583748,0.4966832504145937,0.4917081260364842,0.48756218905472637,0.2230514096185738,0.4925373134328358,0.2562189054726368,0.4925373134328358,0.6658374792703151,0.31260364842454397,0.8980099502487562,0.5713101160862355,0.6708126036484245,0.25290215588723053,0.4286898839137645,0.18325041459369817,0.48839137645107794,0.2131011608623549,0.49834162520729686,0.49917081260364843,0.30265339966832505,0.6343283582089553,0.49336650082918737,0.42371475953565507,0.4925373134328358,0.6724709784411277,0.36069651741293535,0.3275290215588723,0.763681592039801,0.09535655058043117,0.08374792703150911,0.21144278606965175,0.3275290215588723,0.3723051409618574,0.43532338308457713,0.49834162520729686,0.48009950248756217,0.4286898839137645,0.4684908789386401,0.4187396351575456,0.42703150912106136,0.42371475953565507,0.46683250414593697,0.08540630182421227,0.21144278606965175,0.2943615257048093,0.1799336650082919,0.533167495854063,0.5381426202321725,0.09535655058043117,0.4361525704809287,0.32172470978441126,0.4792703150912106,0.43781094527363185,0.49917081260364843,0.4734660033167496,0.4925373134328358,0.5016583747927031,0.3407960199004975,0.3706467661691542,0.5613598673300166,0.5132669983416253,0.3839137645107794,0.7205638474295191,0.5066334991708126,0.4154228855721393,0.3706467661691542,0.4286898839137645,0.23797678275290216,0.24129353233830847,0.47180762852404645,0.4461028192371476,0.5,0.3540630182421227,0.533167495854063,0.5248756218905473,0.5,0.48175787728026537,0.49502487562189057,0.5008291873963516,0.2810945273631841,0.49502487562189057,0.5679933665008292,0.27114427860696516,0.49585406301824214,0.3142620232172471,0.3009950248756219,0.5,0.5265339966832504,0.49917081260364843,0.5265339966832504,0.45688225538971805,0.5613598673300166,0.5,0.6525704809286899,0.6044776119402985,0.4975124378109453,0.478441127694859,0.28689883913764513,0.44029850746268656,0.3043117744610282,0.3474295190713101,0.49585406301824214,0.29270315091210614,0.5,0.36069651741293535,0.49834162520729686,0.26616915422885573,0.44029850746268656,0.2877280265339967,0.27114427860696516,0.22719734660033167,0.49834162520729686,0.45356550580431176,0.25538971807628524,0.4021558872305141,0.06218905472636816,0.05555555555555555,0.5008291873963516,0.4651741293532338,0.48839137645107794,0.4154228855721393,0.38474295190713104,0.3308457711442786,0.4286898839137645,0.5008291873963516,0.10862354892205639,0.9029850746268657,0.38723051409618575,0.5008291873963516,0.8565505804311775,0.33167495854063017,0.13018242122719734,0.23466003316749584,0.26533996683250416,0.3275290215588723,0.28441127694859036,0.3034825870646766,0.4386401326699834,0.5132669983416253,0.23797678275290216,0.4759535655058043,0.5016583747927031,0.5066334991708126,0.4320066334991708,0.5398009950248757,0.32587064676616917,0.06218905472636816,0.5696517412935324,0.4767827529021559,0.2752902155887231,0.11028192371475953,0.25456053067993367,0.2230514096185738,0.08540630182421227,0.6907131011608624,0.06053067993366501,0.24129353233830847,0.47180762852404645,0.45107794361525705,0.6144278606965174,0.12023217247097844,0.33747927031509123,0.5008291873963516,0.7205638474295191,0.4427860696517413,0.35903814262023215,0.3839137645107794,0.8814262023217247,0.05555555555555555,0.5613598673300166,0.33913764510779437,0.8598673300165838,0.4154228855721393,0.32172470978441126,0.08208955223880597,0.5613598673300166,0.884742951907131,0.4925373134328358,0.3034825870646766,0.3076285240464345,0.3341625207296849,0.3706467661691542,0.05555555555555555,0.25538971807628524,0.9145936981757877,0.24129353233830847,0.3407960199004975,0.3706467661691542,0.4046434494195688,0.5447761194029851,0.35655058043117743,0.42703150912106136,0.5207296849087893,0.35655058043117743,0.29767827529021557,0.2603648424543947,0.5223880597014925,0.45688225538971805,0.41708126036484244,0.23217247097844113,0.5597014925373134,0.24046434494195687,0.8631840796019901,0.4966832504145937,0.3167495854063018,0.44029850746268656,0.4046434494195688,0.4792703150912106,0.560530679933665,0.21227197346600332,0.6832504145936982,0.6907131011608624,0.6061359867330016,0.31923714759535654,0.6160862354892206,0.5149253731343284,0.44776119402985076,0.675787728026534,0.39054726368159204,0.3175787728026534,0.3092868988391376,0.48756218905472637,0.5348258706467661,0.48756218905472637,0.6169154228855721,0.33250414593698174,0.48092868988391374,0.4427860696517413,0.6310116086235489,0.6160862354892206,0.4461028192371476,0.6409618573797679,0.39054726368159204,0.34577114427860695,0.433665008291874,0.5041459369817579,0.8731343283582089,0.7976782752902156,0.5920398009950248,0.7835820895522388,0.8698175787728026,0.3275290215588723,0.3208955223880597,0.3018242122719735,0.24461028192371476,0.22719734660033167,0.2570480928689884,0.27611940298507465,0.2960199004975124,0.24129353233830847,0.26533996683250416,0.42039800995024873,0.2512437810945274,0.9046434494195689,0.40630182421227196,0.39054726368159204,0.6376451077943616,0.3034825870646766,0.26533996683250416,0.7388059701492538,0.25538971807628524,0.48092868988391374,0.7918739635157546,0.3034825870646766,0.2512437810945274,0.33250414593698174,0.2777777777777778,0.33167495854063017,0.9145936981757877,0.6169154228855721,0.9046434494195689,0.8839137645107794,0.3175787728026534,0.9245439469320066,0.8441127694859039,0.3092868988391376,0.8590381426202321,0.0912106135986733,0.6907131011608624,0.31343283582089554,0.09286898839137644,0.48756218905472637,0.4427860696517413,0.19734660033167495,0.7860696517412935,0.33747927031509123,0.27611940298507465,0.32338308457711445,0.48756218905472637,0.7263681592039801,0.5796019900497512,0.5348258706467661,0.24958540630182421
122,201147,Corey Brewer,32,72,2018,2614,OKC,1610612760,32.0,81.0,186.0,Florida,USA,2007,1,7,46.21270084162204,5.432287681713849,12.08875286916603,1.1859219586840093,4.208110175975516,2.486610558530987,3.442999234889059,1.6449885233358836,4.2463657230298395,5.891354246365723,2.486610558530987,1.874521805661821,3.0221882172915073,0.5355776587605203,0.9563886763580719,5.31752104055088,3.442999234889059,14.537107880642694,-2.1423106350420813,0.0,0.0,0.07651109410864575,3.9403213465952565,4.131599081866871,4.131599081866871,-0.07651109410864575,4.131599081866871,4.016832440703902,3.2899770466717673,0.4973221117061974,4.016832440703902,3.9403213465952565,-0.07651109410864575,-0.07651109410864575,3.9403213465952565,4.016832440703902,0.1530221882172915,0.03825554705432287,0.19127773527161437,1.0711553175210407,0.19127773527161437,0.4590665646518745,0.38255547054322875,6.618209640397858,0.4973221117061974,0.8798775822494261,1.7214996174445294,0.11476664116296863,3.8638102524866107,0.9563886763580719,1.3006885998469777,0.0,3.0221882172915073,0.22953328232593725,0.0,0.0,0.0,0.0,0.0,0.26778882938026016,0.0,0.7651109410864575,0.0,3.9020657995409334,0.11476664116296863,0.19127773527161437,1.0711553175210407,0.03825554705432287,0.1530221882172915,0.0,0.1530221882172915,0.0,0.4973221117061974,0.0,0.0,0.19127773527161437,3.2899770466717673,0.0,0.0,0.0,6.885998469778118,5.011476664116297,2.8309104820198927,0.306044376434583,28.423871461361898,28.423871461361898,0.07651109410864575,6.159143075745983,0.19127773527161437,0.26778882938026016,1.0711553175210407,1.3006885998469777,4.2463657230298395,2.3335883703136955,0.19127773527161437,0.22953328232593725,0.38255547054322875,2.218821729150727,44.68247895944912,0.03825554705432287,14.537107880642694,1.4537107880642692,0.03825554705432287,2.9074215761285385,28.117827084927313,1.0328997704667178,0.03825554705432287,0.0,0.0,0.0,0.0,0.7268553940321346,0.26778882938026016,4.475899005355776,0.07651109410864575,5.31752104055088,0.38255547054322875,0.8033664881407804,1.1094108645753635,0.306044376434583,1.3389441469013006,12.547819433817903,0.8033664881407804,3.366488140780413,7.421576128538638,0.5355776587605203,0.0,0.0,0.0,0.8033664881407804,0.8033664881407804,0.0,1.4154552410099464,1.4154552410099464,0.0,1.7214996174445294,0.0,0.306044376434583,3.481254781943382,0.0,1.6832440703902065,3.175210405508799,0.0,0.03825554705432287,0.0,1.7597551644988523,1.874521805661821,0.5738332058148432,0.0,1.3771996939556235,1.9510328997704667,0.0,3.6342769701606734,0.4590665646518745,0.38255547054322875,0.9563886763580719,0.5738332058148432,0.0,2.6013771996939554,0.0,2.1423106350420813,0.0,0.38255547054322875,0.34429992348890587,0.8033664881407804,0.19127773527161437,0.0,1.9510328997704667,0.5355776587605203,0.0,3.5577658760520277,1.0711553175210407,1.9510328997704667,0.0,1.1859219586840093,3.8255547054322876,3.8638102524866107,1.1859219586840093,34.12394797245601,0.8033664881407804,0.0,3.8638102524866107,2.5631216526396328,17921.882172915073,0.0,1.6832440703902065,0.0,1.7597551644988523,1.5684774292272379,0.0,2.180566182096404,1.7980107115531752,0.0,3.366488140780413,0.38255547054322875,3.366488140780413,0.1530221882172915,0.26778882938026016,0.306044376434583,0.03825554705432287,0.38255547054322875,0.34429992348890587,2.0275439938791124,1.6449885233358836,6.159143075745983,0.1530221882172915,10.022953328232594,4.2463657230298395,0.0,44.68247895944912,0.8033664881407804,2.3718439173680186,7.421576128538638,0.5355776587605203,0.1530221882172915,22.5707727620505,4.858454475899006,0.0,0.0,1.1094108645753635,0.1530221882172915,5.891354246365723,0.8033664881407804,0.42081101759755163,3.2517214996174446,5.31752104055088,1.2624330527926548,6.235654169854629,1.3389441469013006,0.03825554705432287,3.5577658760520277,12.394797245600612,4.934965570007651,0.7268553940321346,0.0,0.7268553940321346,0.0,0.07651109410864575,3.8255547054322876,0.0,1.7597551644988523,1.6449885233358836,4.475899005355776,12.547819433817903,0.444,0.449,0.282,0.722,10.4,0.06,0.073,0.089,10.4,0.534,0.498,0.139,0.033,0.136,0.5,0.0,0.214,0.316,0.584,0.289,0.353,0.217,0.1,0.087,0.55,0.5,0.306,0.063,0.045,0.483,0.054,0.47,0.326,0.309,0.572,0.189,0.634,0.502,0.314,0.227,0.568,0.568,0.0,0.568,0.495,0.5,0.53,0.125,0.735,0.616,0.326,0.537,0.833,0.368,0.268,0.478,0.238,0.0,0.238,0.333,0.307,0.476,0.0,0.498,0.549,0.62,0.31,0.46,0.892,0.0,0.0,0.485,0.0,0.314,0.037,0.0,0.624,0.502,0.313,0.0,0.479,0.634,0.603,0.441,0.47,1.0,0.367,0.326,0.455,0.382,0.565,0.448,0.324,0.189,0.227,0.521,0.687,0.0,0.108,0.825,0.309,0.175,0.5,0.572,0.62,0.1583747927031509,0.2810945273631841,0.2462686567164179,0.3888888888888889,0.38225538971807627,0.49336650082918737,0.49502487562189057,0.5696517412935324,0.2512437810945274,0.3524046434494196,0.32587064676616917,0.3142620232172471,0.906301824212272,0.44029850746268656,0.5597014925373134,0.7437810945273632,0.5398009950248757,0.291044776119403,0.44859038142620233,0.31260364842454397,0.47512437810945274,0.3524046434494196,0.45356550580431176,0.45107794361525705,0.45107794361525705,0.43532338308457713,0.45107794361525705,0.4502487562189055,0.4552238805970149,0.4054726368159204,0.4502487562189055,0.4552238805970149,0.43532338308457713,0.44029850746268656,0.45356550580431176,0.4519071310116086,0.1583747927031509,0.49834162520729686,0.2131011608623549,0.25456053067993367,0.23134328358208955,0.8034825870646766,0.1550580431177446,0.6890547263681592,0.8300165837479271,0.20315091210613598,0.8930348258706468,0.8565505804311775,0.6791044776119403,0.8233830845771144,0.8532338308457711,0.4966832504145937,0.8897180762852405,0.2860696517412935,0.13681592039800994,0.4867330016583748,0.4966832504145937,0.4917081260364842,0.48756218905472637,0.2230514096185738,0.4925373134328358,0.2562189054726368,0.4925373134328358,0.6658374792703151,0.31260364842454397,0.8980099502487562,0.5713101160862355,0.6708126036484245,0.25290215588723053,0.4286898839137645,0.18325041459369817,0.48839137645107794,0.2131011608623549,0.49834162520729686,0.49917081260364843,0.30265339966832505,0.6343283582089553,0.49336650082918737,0.42371475953565507,0.4925373134328358,0.6724709784411277,0.36069651741293535,0.3275290215588723,0.763681592039801,0.09535655058043117,0.08374792703150911,0.21144278606965175,0.3275290215588723,0.3723051409618574,0.43532338308457713,0.49834162520729686,0.48009950248756217,0.4286898839137645,0.4684908789386401,0.4187396351575456,0.42703150912106136,0.42371475953565507,0.46683250414593697,0.08540630182421227,0.21144278606965175,0.2943615257048093,0.1799336650082919,0.533167495854063,0.5381426202321725,0.09535655058043117,0.4361525704809287,0.32172470978441126,0.4792703150912106,0.43781094527363185,0.49917081260364843,0.4734660033167496,0.4925373134328358,0.5016583747927031,0.3407960199004975,0.3706467661691542,0.5613598673300166,0.5132669983416253,0.3839137645107794,0.7205638474295191,0.5066334991708126,0.4154228855721393,0.3706467661691542,0.4286898839137645,0.23797678275290216,0.24129353233830847,0.47180762852404645,0.4461028192371476,0.5,0.3540630182421227,0.533167495854063,0.5248756218905473,0.5,0.48175787728026537,0.49502487562189057,0.5008291873963516,0.2810945273631841,0.49502487562189057,0.5679933665008292,0.27114427860696516,0.49585406301824214,0.3142620232172471,0.3009950248756219,0.5,0.5265339966832504,0.49917081260364843,0.5265339966832504,0.45688225538971805,0.5613598673300166,0.5,0.6525704809286899,0.6044776119402985,0.4975124378109453,0.478441127694859,0.28689883913764513,0.44029850746268656,0.3043117744610282,0.3474295190713101,0.49585406301824214,0.29270315091210614,0.5,0.36069651741293535,0.49834162520729686,0.26616915422885573,0.44029850746268656,0.2877280265339967,0.27114427860696516,0.22719734660033167,0.49834162520729686,0.45356550580431176,0.25538971807628524,0.4021558872305141,0.06218905472636816,0.05555555555555555,0.5008291873963516,0.4651741293532338,0.48839137645107794,0.4154228855721393,0.38474295190713104,0.3308457711442786,0.4286898839137645,0.5008291873963516,0.0472636815920398,0.9029850746268657,0.38723051409618575,0.5008291873963516,0.8565505804311775,0.33167495854063017,0.05555555555555555,0.23466003316749584,0.26533996683250416,0.3275290215588723,0.28441127694859036,0.3034825870646766,0.4386401326699834,0.5132669983416253,0.23797678275290216,0.4759535655058043,0.5016583747927031,0.5066334991708126,0.4320066334991708,0.5398009950248757,0.32587064676616917,0.13349917081260365,0.5696517412935324,0.4767827529021559,0.2752902155887231,0.11028192371475953,0.25456053067993367,0.2230514096185738,0.08540630182421227,0.6907131011608624,0.1318407960199005,0.24129353233830847,0.47180762852404645,0.45107794361525705,0.6144278606965174,0.12023217247097844,0.33747927031509123,0.5008291873963516,0.7205638474295191,0.4427860696517413,0.35903814262023215,0.3839137645107794,0.8814262023217247,0.11857379767827529,0.5613598673300166,0.33913764510779437,0.8598673300165838,0.4154228855721393,0.32172470978441126,0.08208955223880597,0.5613598673300166,0.884742951907131,0.4925373134328358,0.3034825870646766,0.3076285240464345,0.3341625207296849,0.3706467661691542,0.11857379767827529,0.25538971807628524,0.9145936981757877,0.24129353233830847,0.3407960199004975,0.3706467661691542,0.4046434494195688,0.5447761194029851,0.35655058043117743,0.42703150912106136,0.5207296849087893,0.35655058043117743,0.29767827529021557,0.2603648424543947,0.5223880597014925,0.45688225538971805,0.41708126036484244,0.23217247097844113,0.5597014925373134,0.24046434494195687,0.8631840796019901,0.4966832504145937,0.3167495854063018,0.44029850746268656,0.4046434494195688,0.4792703150912106,0.560530679933665,0.21227197346600332,0.6832504145936982,0.6907131011608624,0.6061359867330016,0.31923714759535654,0.6160862354892206,0.5149253731343284,0.44776119402985076,0.675787728026534,0.39054726368159204,0.3175787728026534,0.3092868988391376,0.48756218905472637,0.5348258706467661,0.48756218905472637,0.6169154228855721,0.33250414593698174,0.48092868988391374,0.4427860696517413,0.6310116086235489,0.6160862354892206,0.4461028192371476,0.6409618573797679,0.39054726368159204,0.34577114427860695,0.433665008291874,0.5041459369817579,0.8731343283582089,0.7976782752902156,0.5920398009950248,0.7835820895522388,0.8698175787728026,0.3275290215588723,0.3208955223880597,0.3018242122719735,0.24461028192371476,0.22719734660033167,0.2570480928689884,0.27611940298507465,0.2960199004975124,0.24129353233830847,0.26533996683250416,0.42039800995024873,0.2512437810945274,0.9046434494195689,0.40630182421227196,0.39054726368159204,0.6376451077943616,0.3034825870646766,0.26533996683250416,0.7388059701492538,0.25538971807628524,0.48092868988391374,0.7918739635157546,0.3034825870646766,0.6616915422885572,0.33250414593698174,0.2777777777777778,0.33167495854063017,0.9145936981757877,0.6169154228855721,0.5016583747927031,0.8839137645107794,0.3175787728026534,0.9245439469320066,0.8441127694859039,0.3092868988391376,0.14759535655058043,0.19734660033167495,0.5422885572139303,0.31343283582089554,0.28441127694859036,0.48756218905472637,0.4427860696517413,0.09535655058043117,0.7860696517412935,0.33747927031509123,0.27611940298507465,0.32338308457711445,0.48756218905472637,0.7263681592039801,0.3101160862354892,0.5348258706467661,0.8159203980099502
123,201147,Corey Brewer,32,72,2018,2614,OKC,1610612760,32.0,81.0,186.0,Florida,USA,2007,1,7,46.21270084162204,5.432287681713849,12.08875286916603,1.1859219586840093,4.208110175975516,2.486610558530987,3.442999234889059,1.6449885233358836,4.2463657230298395,5.891354246365723,2.486610558530987,1.874521805661821,3.0221882172915073,0.5355776587605203,0.9563886763580719,5.31752104055088,3.442999234889059,14.537107880642694,-2.1423106350420813,0.0,0.0,0.07651109410864575,3.9403213465952565,4.131599081866871,4.131599081866871,-0.07651109410864575,4.131599081866871,4.016832440703902,3.2899770466717673,0.4973221117061974,4.016832440703902,3.9403213465952565,-0.07651109410864575,-0.07651109410864575,3.9403213465952565,4.016832440703902,0.1530221882172915,0.03825554705432287,0.19127773527161437,1.0711553175210407,0.19127773527161437,0.4590665646518745,0.38255547054322875,6.618209640397858,0.4973221117061974,0.8798775822494261,1.7214996174445294,0.11476664116296863,3.8638102524866107,0.9563886763580719,1.3006885998469777,0.0,3.0221882172915073,0.22953328232593725,0.0,0.0,0.0,0.0,0.0,0.26778882938026016,0.0,0.7651109410864575,0.0,3.9020657995409334,0.11476664116296863,0.19127773527161437,1.0711553175210407,0.03825554705432287,0.1530221882172915,0.0,0.1530221882172915,0.0,0.4973221117061974,0.0,0.0,0.19127773527161437,3.2899770466717673,0.0,0.0,0.0,6.885998469778118,5.011476664116297,2.8309104820198927,0.306044376434583,28.423871461361898,28.423871461361898,0.07651109410864575,6.159143075745983,0.19127773527161437,0.26778882938026016,1.0711553175210407,1.3006885998469777,4.2463657230298395,2.3335883703136955,0.19127773527161437,0.22953328232593725,0.38255547054322875,2.218821729150727,44.68247895944912,0.03825554705432287,14.537107880642694,1.4537107880642692,0.03825554705432287,2.9074215761285385,28.117827084927313,1.0328997704667178,0.03825554705432287,0.0,0.0,0.0,0.0,0.7268553940321346,0.26778882938026016,4.475899005355776,0.07651109410864575,5.31752104055088,0.38255547054322875,0.8033664881407804,1.1094108645753635,0.306044376434583,1.3389441469013006,12.547819433817903,0.8033664881407804,3.366488140780413,7.421576128538638,0.5355776587605203,0.0,0.0,0.0,0.8033664881407804,0.8033664881407804,0.0,1.4154552410099464,1.4154552410099464,0.0,1.7214996174445294,0.0,0.306044376434583,3.481254781943382,0.0,1.6832440703902065,3.175210405508799,0.0,0.03825554705432287,0.0,1.7597551644988523,1.874521805661821,0.5738332058148432,0.0,1.3771996939556235,1.9510328997704667,0.0,3.6342769701606734,0.4590665646518745,0.38255547054322875,0.9563886763580719,0.5738332058148432,0.0,2.6013771996939554,0.0,2.1423106350420813,0.0,0.38255547054322875,0.34429992348890587,0.8033664881407804,0.19127773527161437,0.0,1.9510328997704667,0.5355776587605203,0.0,3.5577658760520277,1.0711553175210407,1.9510328997704667,0.0,1.1859219586840093,3.8255547054322876,3.8638102524866107,1.1859219586840093,34.12394797245601,0.8033664881407804,0.0,3.8638102524866107,2.5631216526396328,17921.882172915073,0.0,1.6832440703902065,0.0,1.7597551644988523,1.5684774292272379,0.0,2.180566182096404,1.7980107115531752,0.0,3.366488140780413,0.38255547054322875,3.366488140780413,0.1530221882172915,0.26778882938026016,0.306044376434583,0.03825554705432287,0.38255547054322875,0.34429992348890587,2.0275439938791124,1.6449885233358836,6.159143075745983,0.1530221882172915,10.022953328232594,4.2463657230298395,0.0,44.68247895944912,0.8033664881407804,1.3006885998469777,7.421576128538638,0.5355776587605203,0.1530221882172915,22.5707727620505,4.858454475899006,0.0,0.0,1.1094108645753635,0.1530221882172915,5.891354246365723,0.8033664881407804,0.42081101759755163,3.2517214996174446,5.31752104055088,1.2624330527926548,6.235654169854629,1.3389441469013006,0.03825554705432287,3.5577658760520277,12.394797245600612,4.934965570007651,0.7268553940321346,0.0,0.7268553940321346,0.0,0.07651109410864575,2.5248661055853097,0.0,1.7597551644988523,1.6449885233358836,4.475899005355776,12.547819433817903,0.444,0.449,0.282,0.722,10.4,0.06,0.073,0.089,10.4,0.534,0.498,0.139,0.033,0.136,0.5,0.0,0.214,0.316,0.584,0.289,0.353,0.217,0.1,0.087,0.55,0.5,0.306,0.063,0.045,0.483,0.054,0.47,0.326,0.309,0.572,0.189,0.634,0.502,0.314,0.227,0.568,0.568,0.0,0.568,0.495,0.5,0.53,0.125,0.735,0.616,0.326,0.537,0.833,0.368,0.268,0.478,0.238,0.0,0.238,0.333,0.307,0.476,0.0,0.498,0.549,0.62,0.31,0.46,0.892,0.0,0.0,0.485,0.0,0.314,0.037,0.0,0.624,0.502,0.313,0.0,0.479,0.634,0.603,0.441,0.47,1.0,0.367,0.326,0.455,0.34,0.569,0.448,0.324,0.189,0.227,0.521,0.687,0.0,0.108,0.825,0.309,0.175,0.5,0.572,0.515,0.1583747927031509,0.2810945273631841,0.2462686567164179,0.3888888888888889,0.38225538971807627,0.49336650082918737,0.49502487562189057,0.5696517412935324,0.2512437810945274,0.3524046434494196,0.32587064676616917,0.3142620232172471,0.906301824212272,0.44029850746268656,0.5597014925373134,0.7437810945273632,0.5398009950248757,0.291044776119403,0.44859038142620233,0.31260364842454397,0.47512437810945274,0.3524046434494196,0.45356550580431176,0.45107794361525705,0.45107794361525705,0.43532338308457713,0.45107794361525705,0.4502487562189055,0.4552238805970149,0.4054726368159204,0.4502487562189055,0.4552238805970149,0.43532338308457713,0.44029850746268656,0.45356550580431176,0.4519071310116086,0.1583747927031509,0.49834162520729686,0.2131011608623549,0.25456053067993367,0.23134328358208955,0.8034825870646766,0.1550580431177446,0.6890547263681592,0.8300165837479271,0.20315091210613598,0.8930348258706468,0.8565505804311775,0.6791044776119403,0.8233830845771144,0.8532338308457711,0.4966832504145937,0.8897180762852405,0.2860696517412935,0.13681592039800994,0.4867330016583748,0.4966832504145937,0.4917081260364842,0.48756218905472637,0.2230514096185738,0.4925373134328358,0.2562189054726368,0.4925373134328358,0.6658374792703151,0.31260364842454397,0.8980099502487562,0.5713101160862355,0.6708126036484245,0.25290215588723053,0.4286898839137645,0.18325041459369817,0.48839137645107794,0.2131011608623549,0.49834162520729686,0.49917081260364843,0.30265339966832505,0.6343283582089553,0.49336650082918737,0.42371475953565507,0.4925373134328358,0.6724709784411277,0.36069651741293535,0.3275290215588723,0.763681592039801,0.09535655058043117,0.08374792703150911,0.21144278606965175,0.3275290215588723,0.3723051409618574,0.43532338308457713,0.49834162520729686,0.48009950248756217,0.4286898839137645,0.4684908789386401,0.4187396351575456,0.42703150912106136,0.42371475953565507,0.46683250414593697,0.08540630182421227,0.21144278606965175,0.2943615257048093,0.1799336650082919,0.533167495854063,0.5381426202321725,0.09535655058043117,0.4361525704809287,0.32172470978441126,0.4792703150912106,0.43781094527363185,0.49917081260364843,0.4734660033167496,0.4925373134328358,0.5016583747927031,0.3407960199004975,0.3706467661691542,0.5613598673300166,0.5132669983416253,0.3839137645107794,0.7205638474295191,0.5066334991708126,0.4154228855721393,0.3706467661691542,0.4286898839137645,0.23797678275290216,0.24129353233830847,0.47180762852404645,0.4461028192371476,0.5,0.3540630182421227,0.533167495854063,0.5248756218905473,0.5,0.48175787728026537,0.49502487562189057,0.5008291873963516,0.2810945273631841,0.49502487562189057,0.5679933665008292,0.27114427860696516,0.49585406301824214,0.3142620232172471,0.3009950248756219,0.5,0.5265339966832504,0.49917081260364843,0.5265339966832504,0.45688225538971805,0.5613598673300166,0.5,0.6525704809286899,0.6044776119402985,0.4975124378109453,0.478441127694859,0.28689883913764513,0.44029850746268656,0.3043117744610282,0.3474295190713101,0.49585406301824214,0.29270315091210614,0.5,0.36069651741293535,0.49834162520729686,0.26616915422885573,0.44029850746268656,0.2877280265339967,0.27114427860696516,0.22719734660033167,0.49834162520729686,0.45356550580431176,0.25538971807628524,0.4021558872305141,0.06218905472636816,0.05555555555555555,0.5008291873963516,0.4651741293532338,0.48839137645107794,0.4154228855721393,0.38474295190713104,0.3308457711442786,0.4286898839137645,0.5008291873963516,0.0472636815920398,0.9029850746268657,0.38723051409618575,0.5008291873963516,0.8565505804311775,0.33167495854063017,0.05555555555555555,0.23466003316749584,0.26533996683250416,0.3275290215588723,0.28441127694859036,0.3034825870646766,0.4386401326699834,0.5132669983416253,0.23797678275290216,0.4759535655058043,0.5016583747927031,0.5066334991708126,0.4320066334991708,0.5398009950248757,0.32587064676616917,0.13349917081260365,0.5696517412935324,0.4767827529021559,0.2752902155887231,0.11028192371475953,0.25456053067993367,0.2230514096185738,0.08540630182421227,0.6907131011608624,0.06053067993366501,0.24129353233830847,0.47180762852404645,0.45107794361525705,0.6144278606965174,0.12023217247097844,0.33747927031509123,0.5008291873963516,0.7205638474295191,0.4427860696517413,0.35903814262023215,0.3839137645107794,0.8814262023217247,0.11857379767827529,0.5613598673300166,0.33913764510779437,0.8598673300165838,0.4154228855721393,0.32172470978441126,0.08208955223880597,0.5613598673300166,0.884742951907131,0.4925373134328358,0.3034825870646766,0.3076285240464345,0.3341625207296849,0.3706467661691542,0.05555555555555555,0.25538971807628524,0.9145936981757877,0.24129353233830847,0.3407960199004975,0.3706467661691542,0.4046434494195688,0.5447761194029851,0.35655058043117743,0.42703150912106136,0.5207296849087893,0.35655058043117743,0.29767827529021557,0.2603648424543947,0.5223880597014925,0.45688225538971805,0.41708126036484244,0.23217247097844113,0.5597014925373134,0.24046434494195687,0.8631840796019901,0.4966832504145937,0.3167495854063018,0.44029850746268656,0.4046434494195688,0.4792703150912106,0.560530679933665,0.21227197346600332,0.6832504145936982,0.6907131011608624,0.6061359867330016,0.31923714759535654,0.6160862354892206,0.5149253731343284,0.44776119402985076,0.675787728026534,0.39054726368159204,0.3175787728026534,0.3092868988391376,0.48756218905472637,0.5348258706467661,0.48756218905472637,0.6169154228855721,0.33250414593698174,0.48092868988391374,0.4427860696517413,0.6310116086235489,0.6160862354892206,0.4461028192371476,0.6409618573797679,0.39054726368159204,0.34577114427860695,0.433665008291874,0.5041459369817579,0.8731343283582089,0.7976782752902156,0.5920398009950248,0.7835820895522388,0.8698175787728026,0.3275290215588723,0.3208955223880597,0.3018242122719735,0.24461028192371476,0.22719734660033167,0.2570480928689884,0.27611940298507465,0.2960199004975124,0.24129353233830847,0.26533996683250416,0.42039800995024873,0.2512437810945274,0.9046434494195689,0.40630182421227196,0.39054726368159204,0.6376451077943616,0.3034825870646766,0.26533996683250416,0.7388059701492538,0.25538971807628524,0.48092868988391374,0.7918739635157546,0.3034825870646766,0.6616915422885572,0.33250414593698174,0.2777777777777778,0.33167495854063017,0.9145936981757877,0.6169154228855721,0.5016583747927031,0.8839137645107794,0.3175787728026534,0.9245439469320066,0.8441127694859039,0.3092868988391376,0.14759535655058043,0.0912106135986733,0.6907131011608624,0.31343283582089554,0.28441127694859036,0.48756218905472637,0.4427860696517413,0.09535655058043117,0.7860696517412935,0.33747927031509123,0.27611940298507465,0.32338308457711445,0.48756218905472637,0.7263681592039801,0.3101160862354892,0.5348258706467661,0.24958540630182421
124,201147,Corey Brewer,32,72,2018,2614,OKC,1610612760,32.0,81.0,186.0,Florida,USA,2007,1,7,46.21270084162204,5.432287681713849,12.08875286916603,1.1859219586840093,4.208110175975516,2.486610558530987,3.442999234889059,1.6449885233358836,4.2463657230298395,5.891354246365723,2.486610558530987,1.874521805661821,3.0221882172915073,0.5355776587605203,0.9563886763580719,5.31752104055088,3.442999234889059,14.537107880642694,-2.1423106350420813,0.0,0.0,0.07651109410864575,3.9403213465952565,4.131599081866871,4.131599081866871,-0.07651109410864575,4.131599081866871,4.016832440703902,3.2899770466717673,0.4973221117061974,4.016832440703902,3.9403213465952565,-0.07651109410864575,-0.07651109410864575,3.9403213465952565,4.016832440703902,0.1530221882172915,0.03825554705432287,0.19127773527161437,1.0711553175210407,0.19127773527161437,0.4590665646518745,0.38255547054322875,6.618209640397858,0.4973221117061974,0.8798775822494261,1.7214996174445294,0.11476664116296863,3.8638102524866107,0.9563886763580719,1.3006885998469777,0.0,3.0221882172915073,0.22953328232593725,0.0,0.0,0.0,0.0,0.0,0.26778882938026016,0.0,0.7651109410864575,0.0,3.9020657995409334,0.11476664116296863,0.19127773527161437,1.0711553175210407,0.03825554705432287,0.1530221882172915,0.0,0.1530221882172915,0.0,0.4973221117061974,0.0,0.0,0.19127773527161437,3.2899770466717673,0.0,0.0,0.0,6.885998469778118,5.011476664116297,2.8309104820198927,0.306044376434583,28.423871461361898,28.423871461361898,0.07651109410864575,6.159143075745983,0.19127773527161437,0.26778882938026016,1.0711553175210407,1.3006885998469777,4.2463657230298395,2.3335883703136955,0.19127773527161437,0.22953328232593725,0.38255547054322875,2.218821729150727,44.68247895944912,0.03825554705432287,14.537107880642694,1.4537107880642692,0.03825554705432287,2.9074215761285385,28.117827084927313,1.0328997704667178,0.03825554705432287,0.0,0.0,0.0,0.0,0.7268553940321346,0.26778882938026016,4.475899005355776,0.07651109410864575,5.31752104055088,0.38255547054322875,0.8033664881407804,1.1094108645753635,0.306044376434583,1.3389441469013006,12.547819433817903,0.8033664881407804,3.366488140780413,7.421576128538638,0.5355776587605203,0.0,0.0,0.0,0.8033664881407804,0.8033664881407804,0.0,1.4154552410099464,1.4154552410099464,0.0,1.7214996174445294,0.0,0.306044376434583,3.481254781943382,0.0,1.6832440703902065,3.175210405508799,0.0,0.03825554705432287,0.0,1.7597551644988523,1.874521805661821,0.5738332058148432,0.0,1.3771996939556235,1.9510328997704667,0.0,3.6342769701606734,0.4590665646518745,0.38255547054322875,0.9563886763580719,0.5738332058148432,0.0,2.6013771996939554,0.0,2.1423106350420813,0.0,0.38255547054322875,0.34429992348890587,0.8033664881407804,0.19127773527161437,0.0,1.9510328997704667,0.5355776587605203,0.0,3.5577658760520277,1.0711553175210407,1.9510328997704667,0.0,1.1859219586840093,3.8255547054322876,3.8638102524866107,1.1859219586840093,34.12394797245601,0.8033664881407804,0.0,3.8638102524866107,2.5631216526396328,17921.882172915073,0.0,1.6832440703902065,0.0,1.7597551644988523,1.5684774292272379,0.0,2.180566182096404,1.7980107115531752,0.0,3.366488140780413,0.38255547054322875,3.366488140780413,0.1530221882172915,0.26778882938026016,0.306044376434583,0.03825554705432287,0.38255547054322875,0.34429992348890587,1.0711553175210407,1.6449885233358836,6.159143075745983,0.1530221882172915,10.022953328232594,4.2463657230298395,0.0,44.68247895944912,0.8033664881407804,2.3718439173680186,7.421576128538638,0.5355776587605203,0.1530221882172915,22.5707727620505,4.858454475899006,0.0,0.0,1.1094108645753635,0.1530221882172915,5.891354246365723,0.8033664881407804,0.42081101759755163,1.9510328997704667,5.31752104055088,1.2624330527926548,6.235654169854629,1.3389441469013006,0.03825554705432287,3.5577658760520277,12.394797245600612,4.934965570007651,0.7268553940321346,0.0,0.7268553940321346,0.0,0.07651109410864575,3.8255547054322876,0.0,1.7597551644988523,1.6449885233358836,4.475899005355776,12.547819433817903,0.444,0.449,0.282,0.722,10.4,0.06,0.073,0.089,10.4,0.534,0.498,0.139,0.033,0.136,0.5,0.0,0.214,0.316,0.584,0.289,0.353,0.217,0.1,0.087,0.55,0.5,0.306,0.063,0.045,0.483,0.054,0.47,0.326,0.309,0.572,0.189,0.634,0.502,0.314,0.227,0.568,0.568,0.0,0.568,0.495,0.5,0.53,0.125,0.735,0.616,0.326,0.537,0.833,0.368,0.268,0.478,0.238,0.0,0.238,0.333,0.307,0.476,0.0,0.498,0.549,0.62,0.31,0.46,0.892,0.0,0.0,0.485,0.0,0.314,0.037,0.0,0.549,0.502,0.313,0.0,0.479,0.634,0.62,0.441,0.47,1.0,0.367,0.326,0.455,0.382,0.565,0.448,0.263,0.189,0.227,0.521,0.687,0.0,0.108,0.825,0.309,0.175,0.5,0.572,0.62,0.1583747927031509,0.2810945273631841,0.2462686567164179,0.3888888888888889,0.38225538971807627,0.49336650082918737,0.49502487562189057,0.5696517412935324,0.2512437810945274,0.3524046434494196,0.32587064676616917,0.3142620232172471,0.906301824212272,0.44029850746268656,0.5597014925373134,0.7437810945273632,0.5398009950248757,0.291044776119403,0.44859038142620233,0.31260364842454397,0.47512437810945274,0.3524046434494196,0.45356550580431176,0.45107794361525705,0.45107794361525705,0.43532338308457713,0.45107794361525705,0.4502487562189055,0.4552238805970149,0.4054726368159204,0.4502487562189055,0.4552238805970149,0.43532338308457713,0.44029850746268656,0.45356550580431176,0.4519071310116086,0.1583747927031509,0.49834162520729686,0.2131011608623549,0.25456053067993367,0.23134328358208955,0.8034825870646766,0.1550580431177446,0.6890547263681592,0.8300165837479271,0.20315091210613598,0.8930348258706468,0.8565505804311775,0.6791044776119403,0.8233830845771144,0.8532338308457711,0.4966832504145937,0.8897180762852405,0.2860696517412935,0.13681592039800994,0.4867330016583748,0.4966832504145937,0.4917081260364842,0.48756218905472637,0.2230514096185738,0.4925373134328358,0.2562189054726368,0.4925373134328358,0.6658374792703151,0.31260364842454397,0.8980099502487562,0.5713101160862355,0.6708126036484245,0.25290215588723053,0.4286898839137645,0.18325041459369817,0.48839137645107794,0.2131011608623549,0.49834162520729686,0.49917081260364843,0.30265339966832505,0.6343283582089553,0.49336650082918737,0.42371475953565507,0.4925373134328358,0.6724709784411277,0.36069651741293535,0.3275290215588723,0.763681592039801,0.09535655058043117,0.08374792703150911,0.21144278606965175,0.3275290215588723,0.3723051409618574,0.43532338308457713,0.49834162520729686,0.48009950248756217,0.4286898839137645,0.4684908789386401,0.4187396351575456,0.42703150912106136,0.42371475953565507,0.46683250414593697,0.08540630182421227,0.21144278606965175,0.2943615257048093,0.1799336650082919,0.533167495854063,0.5381426202321725,0.09535655058043117,0.4361525704809287,0.32172470978441126,0.4792703150912106,0.43781094527363185,0.49917081260364843,0.4734660033167496,0.4925373134328358,0.5016583747927031,0.3407960199004975,0.3706467661691542,0.5613598673300166,0.5132669983416253,0.3839137645107794,0.7205638474295191,0.5066334991708126,0.4154228855721393,0.3706467661691542,0.4286898839137645,0.23797678275290216,0.24129353233830847,0.47180762852404645,0.4461028192371476,0.5,0.3540630182421227,0.533167495854063,0.5248756218905473,0.5,0.48175787728026537,0.49502487562189057,0.5008291873963516,0.2810945273631841,0.49502487562189057,0.5679933665008292,0.27114427860696516,0.49585406301824214,0.3142620232172471,0.3009950248756219,0.5,0.5265339966832504,0.49917081260364843,0.5265339966832504,0.45688225538971805,0.5613598673300166,0.5,0.6525704809286899,0.6044776119402985,0.4975124378109453,0.478441127694859,0.28689883913764513,0.44029850746268656,0.3043117744610282,0.3474295190713101,0.49585406301824214,0.29270315091210614,0.5,0.36069651741293535,0.49834162520729686,0.26616915422885573,0.44029850746268656,0.2877280265339967,0.27114427860696516,0.22719734660033167,0.49834162520729686,0.45356550580431176,0.25538971807628524,0.4021558872305141,0.06218905472636816,0.05555555555555555,0.5008291873963516,0.4651741293532338,0.48839137645107794,0.4154228855721393,0.38474295190713104,0.3308457711442786,0.4286898839137645,0.5008291873963516,0.0472636815920398,0.9029850746268657,0.38723051409618575,0.5008291873963516,0.8565505804311775,0.33167495854063017,0.05555555555555555,0.23466003316749584,0.26533996683250416,0.3275290215588723,0.28441127694859036,0.3034825870646766,0.4386401326699834,0.5132669983416253,0.23797678275290216,0.4759535655058043,0.5016583747927031,0.5066334991708126,0.4320066334991708,0.5398009950248757,0.32587064676616917,0.06218905472636816,0.5696517412935324,0.4767827529021559,0.2752902155887231,0.11028192371475953,0.25456053067993367,0.2230514096185738,0.08540630182421227,0.6907131011608624,0.1318407960199005,0.24129353233830847,0.47180762852404645,0.45107794361525705,0.6144278606965174,0.12023217247097844,0.33747927031509123,0.5008291873963516,0.7205638474295191,0.4427860696517413,0.35903814262023215,0.3839137645107794,0.8814262023217247,0.05555555555555555,0.5613598673300166,0.33913764510779437,0.8598673300165838,0.4154228855721393,0.32172470978441126,0.08208955223880597,0.5613598673300166,0.884742951907131,0.4925373134328358,0.3034825870646766,0.3076285240464345,0.3341625207296849,0.3706467661691542,0.11857379767827529,0.25538971807628524,0.9145936981757877,0.24129353233830847,0.3407960199004975,0.3706467661691542,0.4046434494195688,0.5447761194029851,0.35655058043117743,0.42703150912106136,0.5207296849087893,0.35655058043117743,0.29767827529021557,0.2603648424543947,0.5223880597014925,0.45688225538971805,0.41708126036484244,0.23217247097844113,0.5597014925373134,0.24046434494195687,0.8631840796019901,0.4966832504145937,0.3167495854063018,0.44029850746268656,0.4046434494195688,0.4792703150912106,0.560530679933665,0.21227197346600332,0.6832504145936982,0.6907131011608624,0.6061359867330016,0.31923714759535654,0.6160862354892206,0.5149253731343284,0.44776119402985076,0.675787728026534,0.39054726368159204,0.3175787728026534,0.3092868988391376,0.48756218905472637,0.5348258706467661,0.48756218905472637,0.6169154228855721,0.33250414593698174,0.48092868988391374,0.4427860696517413,0.6310116086235489,0.6160862354892206,0.4461028192371476,0.6409618573797679,0.39054726368159204,0.34577114427860695,0.433665008291874,0.5041459369817579,0.8731343283582089,0.7976782752902156,0.5920398009950248,0.7835820895522388,0.8698175787728026,0.3275290215588723,0.3208955223880597,0.3018242122719735,0.24461028192371476,0.22719734660033167,0.2570480928689884,0.27611940298507465,0.2960199004975124,0.24129353233830847,0.26533996683250416,0.42039800995024873,0.2512437810945274,0.9046434494195689,0.40630182421227196,0.39054726368159204,0.6376451077943616,0.3034825870646766,0.26533996683250416,0.7388059701492538,0.25538971807628524,0.48092868988391374,0.7918739635157546,0.3034825870646766,0.2512437810945274,0.33250414593698174,0.2777777777777778,0.33167495854063017,0.9145936981757877,0.6169154228855721,0.9046434494195689,0.8839137645107794,0.3175787728026534,0.9245439469320066,0.8441127694859039,0.3092868988391376,0.14759535655058043,0.19734660033167495,0.5422885572139303,0.31343283582089554,0.09286898839137644,0.48756218905472637,0.4427860696517413,0.09535655058043117,0.7860696517412935,0.33747927031509123,0.27611940298507465,0.32338308457711445,0.48756218905472637,0.7263681592039801,0.3101160862354892,0.5348258706467661,0.8159203980099502
125,201147,Corey Brewer,32,72,2018,2614,OKC,1610612760,32.0,81.0,186.0,Florida,USA,2007,1,7,46.21270084162204,5.432287681713849,12.08875286916603,1.1859219586840093,4.208110175975516,2.486610558530987,3.442999234889059,1.6449885233358836,4.2463657230298395,5.891354246365723,2.486610558530987,1.874521805661821,3.0221882172915073,0.5355776587605203,0.9563886763580719,5.31752104055088,3.442999234889059,14.537107880642694,-2.1423106350420813,0.0,0.0,0.07651109410864575,3.9403213465952565,4.131599081866871,4.131599081866871,-0.07651109410864575,4.131599081866871,4.016832440703902,3.2899770466717673,0.4973221117061974,4.016832440703902,3.9403213465952565,-0.07651109410864575,-0.07651109410864575,3.9403213465952565,4.016832440703902,0.1530221882172915,0.03825554705432287,0.19127773527161437,1.0711553175210407,0.19127773527161437,0.4590665646518745,0.38255547054322875,6.618209640397858,0.4973221117061974,0.8798775822494261,1.7214996174445294,0.11476664116296863,3.8638102524866107,0.9563886763580719,1.3006885998469777,0.0,3.0221882172915073,0.22953328232593725,0.0,0.0,0.0,0.0,0.0,0.26778882938026016,0.0,0.7651109410864575,0.0,3.9020657995409334,0.11476664116296863,0.19127773527161437,1.0711553175210407,0.03825554705432287,0.1530221882172915,0.0,0.1530221882172915,0.0,0.4973221117061974,0.0,0.0,0.19127773527161437,3.2899770466717673,0.0,0.0,0.0,6.885998469778118,5.011476664116297,2.8309104820198927,0.306044376434583,28.423871461361898,28.423871461361898,0.07651109410864575,6.159143075745983,0.19127773527161437,0.26778882938026016,1.0711553175210407,1.3006885998469777,4.2463657230298395,2.3335883703136955,0.19127773527161437,0.22953328232593725,0.38255547054322875,2.218821729150727,44.68247895944912,0.03825554705432287,14.537107880642694,1.4537107880642692,0.03825554705432287,2.9074215761285385,28.117827084927313,1.0328997704667178,0.03825554705432287,0.0,0.0,0.0,0.0,0.7268553940321346,0.26778882938026016,4.475899005355776,0.07651109410864575,5.31752104055088,0.38255547054322875,0.8033664881407804,1.1094108645753635,0.306044376434583,1.3389441469013006,12.547819433817903,0.8033664881407804,3.366488140780413,7.421576128538638,0.5355776587605203,0.0,0.0,0.0,0.8033664881407804,0.8033664881407804,0.0,1.4154552410099464,1.4154552410099464,0.0,1.7214996174445294,0.0,0.306044376434583,3.481254781943382,0.0,1.6832440703902065,3.175210405508799,0.0,0.03825554705432287,0.0,1.7597551644988523,1.874521805661821,0.5738332058148432,0.0,1.3771996939556235,1.9510328997704667,0.0,3.6342769701606734,0.4590665646518745,0.38255547054322875,0.9563886763580719,0.5738332058148432,0.0,2.6013771996939554,0.0,2.1423106350420813,0.0,0.38255547054322875,0.34429992348890587,0.8033664881407804,0.19127773527161437,0.0,1.9510328997704667,0.5355776587605203,0.0,3.5577658760520277,1.0711553175210407,1.9510328997704667,0.0,1.1859219586840093,3.8255547054322876,3.8638102524866107,1.1859219586840093,34.12394797245601,0.8033664881407804,0.0,3.8638102524866107,2.5631216526396328,17921.882172915073,0.0,1.6832440703902065,0.0,1.7597551644988523,1.5684774292272379,0.0,2.180566182096404,1.7980107115531752,0.0,3.366488140780413,0.38255547054322875,3.366488140780413,0.1530221882172915,0.26778882938026016,0.306044376434583,0.03825554705432287,0.38255547054322875,0.34429992348890587,1.0711553175210407,1.6449885233358836,6.159143075745983,0.1530221882172915,10.022953328232594,4.2463657230298395,0.0,44.68247895944912,0.8033664881407804,1.3006885998469777,7.421576128538638,0.5355776587605203,0.1530221882172915,22.5707727620505,4.858454475899006,0.0,0.0,1.1094108645753635,0.1530221882172915,5.891354246365723,0.8033664881407804,0.42081101759755163,1.9510328997704667,5.31752104055088,1.2624330527926548,6.235654169854629,1.3389441469013006,0.03825554705432287,3.5577658760520277,12.394797245600612,4.934965570007651,0.7268553940321346,0.0,0.7268553940321346,0.0,0.07651109410864575,2.5248661055853097,0.0,1.7597551644988523,1.6449885233358836,4.475899005355776,12.547819433817903,0.444,0.449,0.282,0.722,10.4,0.06,0.073,0.089,10.4,0.534,0.498,0.139,0.033,0.136,0.5,0.0,0.214,0.316,0.584,0.289,0.353,0.217,0.1,0.087,0.55,0.5,0.306,0.063,0.045,0.483,0.054,0.47,0.326,0.309,0.572,0.189,0.634,0.502,0.314,0.227,0.568,0.568,0.0,0.568,0.495,0.5,0.53,0.125,0.735,0.616,0.326,0.537,0.833,0.368,0.268,0.478,0.238,0.0,0.238,0.333,0.307,0.476,0.0,0.498,0.549,0.62,0.31,0.46,0.892,0.0,0.0,0.485,0.0,0.314,0.037,0.0,0.549,0.502,0.313,0.0,0.479,0.634,0.62,0.441,0.47,1.0,0.367,0.326,0.455,0.34,0.569,0.448,0.263,0.189,0.227,0.521,0.687,0.0,0.108,0.825,0.309,0.175,0.5,0.572,0.515,0.1583747927031509,0.2810945273631841,0.2462686567164179,0.3888888888888889,0.38225538971807627,0.49336650082918737,0.49502487562189057,0.5696517412935324,0.2512437810945274,0.3524046434494196,0.32587064676616917,0.3142620232172471,0.906301824212272,0.44029850746268656,0.5597014925373134,0.7437810945273632,0.5398009950248757,0.291044776119403,0.44859038142620233,0.31260364842454397,0.47512437810945274,0.3524046434494196,0.45356550580431176,0.45107794361525705,0.45107794361525705,0.43532338308457713,0.45107794361525705,0.4502487562189055,0.4552238805970149,0.4054726368159204,0.4502487562189055,0.4552238805970149,0.43532338308457713,0.44029850746268656,0.45356550580431176,0.4519071310116086,0.1583747927031509,0.49834162520729686,0.2131011608623549,0.25456053067993367,0.23134328358208955,0.8034825870646766,0.1550580431177446,0.6890547263681592,0.8300165837479271,0.20315091210613598,0.8930348258706468,0.8565505804311775,0.6791044776119403,0.8233830845771144,0.8532338308457711,0.4966832504145937,0.8897180762852405,0.2860696517412935,0.13681592039800994,0.4867330016583748,0.4966832504145937,0.4917081260364842,0.48756218905472637,0.2230514096185738,0.4925373134328358,0.2562189054726368,0.4925373134328358,0.6658374792703151,0.31260364842454397,0.8980099502487562,0.5713101160862355,0.6708126036484245,0.25290215588723053,0.4286898839137645,0.18325041459369817,0.48839137645107794,0.2131011608623549,0.49834162520729686,0.49917081260364843,0.30265339966832505,0.6343283582089553,0.49336650082918737,0.42371475953565507,0.4925373134328358,0.6724709784411277,0.36069651741293535,0.3275290215588723,0.763681592039801,0.09535655058043117,0.08374792703150911,0.21144278606965175,0.3275290215588723,0.3723051409618574,0.43532338308457713,0.49834162520729686,0.48009950248756217,0.4286898839137645,0.4684908789386401,0.4187396351575456,0.42703150912106136,0.42371475953565507,0.46683250414593697,0.08540630182421227,0.21144278606965175,0.2943615257048093,0.1799336650082919,0.533167495854063,0.5381426202321725,0.09535655058043117,0.4361525704809287,0.32172470978441126,0.4792703150912106,0.43781094527363185,0.49917081260364843,0.4734660033167496,0.4925373134328358,0.5016583747927031,0.3407960199004975,0.3706467661691542,0.5613598673300166,0.5132669983416253,0.3839137645107794,0.7205638474295191,0.5066334991708126,0.4154228855721393,0.3706467661691542,0.4286898839137645,0.23797678275290216,0.24129353233830847,0.47180762852404645,0.4461028192371476,0.5,0.3540630182421227,0.533167495854063,0.5248756218905473,0.5,0.48175787728026537,0.49502487562189057,0.5008291873963516,0.2810945273631841,0.49502487562189057,0.5679933665008292,0.27114427860696516,0.49585406301824214,0.3142620232172471,0.3009950248756219,0.5,0.5265339966832504,0.49917081260364843,0.5265339966832504,0.45688225538971805,0.5613598673300166,0.5,0.6525704809286899,0.6044776119402985,0.4975124378109453,0.478441127694859,0.28689883913764513,0.44029850746268656,0.3043117744610282,0.3474295190713101,0.49585406301824214,0.29270315091210614,0.5,0.36069651741293535,0.49834162520729686,0.26616915422885573,0.44029850746268656,0.2877280265339967,0.27114427860696516,0.22719734660033167,0.49834162520729686,0.45356550580431176,0.25538971807628524,0.4021558872305141,0.06218905472636816,0.05555555555555555,0.5008291873963516,0.4651741293532338,0.48839137645107794,0.4154228855721393,0.38474295190713104,0.3308457711442786,0.4286898839137645,0.5008291873963516,0.0472636815920398,0.9029850746268657,0.38723051409618575,0.5008291873963516,0.8565505804311775,0.33167495854063017,0.05555555555555555,0.23466003316749584,0.26533996683250416,0.3275290215588723,0.28441127694859036,0.3034825870646766,0.4386401326699834,0.5132669983416253,0.23797678275290216,0.4759535655058043,0.5016583747927031,0.5066334991708126,0.4320066334991708,0.5398009950248757,0.32587064676616917,0.06218905472636816,0.5696517412935324,0.4767827529021559,0.2752902155887231,0.11028192371475953,0.25456053067993367,0.2230514096185738,0.08540630182421227,0.6907131011608624,0.06053067993366501,0.24129353233830847,0.47180762852404645,0.45107794361525705,0.6144278606965174,0.12023217247097844,0.33747927031509123,0.5008291873963516,0.7205638474295191,0.4427860696517413,0.35903814262023215,0.3839137645107794,0.8814262023217247,0.05555555555555555,0.5613598673300166,0.33913764510779437,0.8598673300165838,0.4154228855721393,0.32172470978441126,0.08208955223880597,0.5613598673300166,0.884742951907131,0.4925373134328358,0.3034825870646766,0.3076285240464345,0.3341625207296849,0.3706467661691542,0.05555555555555555,0.25538971807628524,0.9145936981757877,0.24129353233830847,0.3407960199004975,0.3706467661691542,0.4046434494195688,0.5447761194029851,0.35655058043117743,0.42703150912106136,0.5207296849087893,0.35655058043117743,0.29767827529021557,0.2603648424543947,0.5223880597014925,0.45688225538971805,0.41708126036484244,0.23217247097844113,0.5597014925373134,0.24046434494195687,0.8631840796019901,0.4966832504145937,0.3167495854063018,0.44029850746268656,0.4046434494195688,0.4792703150912106,0.560530679933665,0.21227197346600332,0.6832504145936982,0.6907131011608624,0.6061359867330016,0.31923714759535654,0.6160862354892206,0.5149253731343284,0.44776119402985076,0.675787728026534,0.39054726368159204,0.3175787728026534,0.3092868988391376,0.48756218905472637,0.5348258706467661,0.48756218905472637,0.6169154228855721,0.33250414593698174,0.48092868988391374,0.4427860696517413,0.6310116086235489,0.6160862354892206,0.4461028192371476,0.6409618573797679,0.39054726368159204,0.34577114427860695,0.433665008291874,0.5041459369817579,0.8731343283582089,0.7976782752902156,0.5920398009950248,0.7835820895522388,0.8698175787728026,0.3275290215588723,0.3208955223880597,0.3018242122719735,0.24461028192371476,0.22719734660033167,0.2570480928689884,0.27611940298507465,0.2960199004975124,0.24129353233830847,0.26533996683250416,0.42039800995024873,0.2512437810945274,0.9046434494195689,0.40630182421227196,0.39054726368159204,0.6376451077943616,0.3034825870646766,0.26533996683250416,0.7388059701492538,0.25538971807628524,0.48092868988391374,0.7918739635157546,0.3034825870646766,0.2512437810945274,0.33250414593698174,0.2777777777777778,0.33167495854063017,0.9145936981757877,0.6169154228855721,0.9046434494195689,0.8839137645107794,0.3175787728026534,0.9245439469320066,0.8441127694859039,0.3092868988391376,0.14759535655058043,0.0912106135986733,0.6907131011608624,0.31343283582089554,0.09286898839137644,0.48756218905472637,0.4427860696517413,0.09535655058043117,0.7860696517412935,0.33747927031509123,0.27611940298507465,0.32338308457711445,0.48756218905472637,0.7263681592039801,0.3101160862354892,0.5348258706467661,0.24958540630182421
126,201147,Corey Brewer,32,72,2018,2614,OKC,1610612760,32.0,81.0,186.0,Florida,USA,2007,1,7,46.21270084162204,5.432287681713849,12.08875286916603,1.1859219586840093,4.208110175975516,2.486610558530987,3.442999234889059,1.6449885233358836,4.2463657230298395,5.891354246365723,2.486610558530987,1.874521805661821,3.0221882172915073,0.5355776587605203,0.9563886763580719,5.31752104055088,3.442999234889059,14.537107880642694,-2.1423106350420813,0.0,0.0,0.07651109410864575,3.9403213465952565,4.131599081866871,4.131599081866871,-0.07651109410864575,4.131599081866871,4.016832440703902,3.2899770466717673,0.4973221117061974,4.016832440703902,3.9403213465952565,-0.07651109410864575,-0.07651109410864575,3.9403213465952565,4.016832440703902,0.1530221882172915,0.03825554705432287,0.19127773527161437,1.0711553175210407,0.19127773527161437,0.4590665646518745,0.38255547054322875,6.618209640397858,0.4973221117061974,0.8798775822494261,1.7214996174445294,0.11476664116296863,3.8638102524866107,0.9563886763580719,1.3006885998469777,0.0,3.0221882172915073,0.22953328232593725,0.0,0.0,0.0,0.0,0.0,0.26778882938026016,0.0,0.7651109410864575,0.0,3.9020657995409334,0.11476664116296863,0.19127773527161437,1.0711553175210407,0.03825554705432287,0.1530221882172915,0.0,0.1530221882172915,0.0,0.4973221117061974,0.0,0.0,0.19127773527161437,3.2899770466717673,0.0,0.0,0.0,6.885998469778118,5.011476664116297,2.8309104820198927,0.306044376434583,28.423871461361898,28.423871461361898,0.07651109410864575,6.159143075745983,0.19127773527161437,0.26778882938026016,1.0711553175210407,1.3006885998469777,4.2463657230298395,2.3335883703136955,0.19127773527161437,0.22953328232593725,0.38255547054322875,2.218821729150727,44.68247895944912,0.03825554705432287,14.537107880642694,1.4537107880642692,0.03825554705432287,2.9074215761285385,28.117827084927313,1.0328997704667178,0.03825554705432287,0.0,0.0,0.0,0.0,0.7268553940321346,0.26778882938026016,4.475899005355776,0.07651109410864575,5.31752104055088,0.38255547054322875,0.8033664881407804,1.1094108645753635,0.306044376434583,1.3389441469013006,12.547819433817903,0.8033664881407804,3.366488140780413,7.421576128538638,0.5355776587605203,0.0,0.0,0.0,0.8033664881407804,0.8033664881407804,0.0,1.4154552410099464,1.4154552410099464,0.0,1.7214996174445294,0.0,0.306044376434583,3.481254781943382,0.0,1.6832440703902065,3.175210405508799,0.0,0.03825554705432287,0.0,1.7597551644988523,1.874521805661821,0.5738332058148432,0.0,1.3771996939556235,1.9510328997704667,0.0,3.6342769701606734,0.4590665646518745,0.38255547054322875,0.9563886763580719,0.5738332058148432,0.0,2.6013771996939554,0.0,2.1423106350420813,0.0,0.38255547054322875,0.34429992348890587,0.8033664881407804,0.19127773527161437,0.0,1.9510328997704667,0.5355776587605203,0.0,3.5577658760520277,1.0711553175210407,1.9510328997704667,0.0,1.1859219586840093,3.8255547054322876,3.8638102524866107,1.1859219586840093,34.12394797245601,0.8033664881407804,0.0,5.929609793420046,2.5631216526396328,17921.882172915073,0.0,1.6832440703902065,0.0,3.366488140780413,1.4919663351185921,0.0,2.180566182096404,1.7980107115531752,0.0,3.366488140780413,0.38255547054322875,3.366488140780413,0.1530221882172915,0.26778882938026016,0.306044376434583,0.03825554705432287,0.38255547054322875,0.34429992348890587,2.0275439938791124,1.6449885233358836,6.159143075745983,0.1530221882172915,7.421576128538638,4.2463657230298395,0.0,44.68247895944912,0.8033664881407804,2.3718439173680186,7.421576128538638,0.5355776587605203,0.1530221882172915,22.5707727620505,3.3282325937260904,0.0,0.0,1.1094108645753635,0.1530221882172915,5.891354246365723,0.8033664881407804,0.42081101759755163,3.2517214996174446,5.31752104055088,1.2624330527926548,6.235654169854629,1.3389441469013006,0.03825554705432287,4.093343534812548,12.394797245600612,4.934965570007651,0.7268553940321346,0.0,0.7268553940321346,0.0,0.07651109410864575,3.8255547054322876,0.0,1.7597551644988523,1.6449885233358836,4.475899005355776,12.547819433817903,0.444,0.449,0.282,0.722,10.4,0.06,0.073,0.089,10.4,0.534,0.498,0.139,0.033,0.136,0.5,0.0,0.214,0.316,0.584,0.289,0.353,0.217,0.1,0.087,0.55,0.5,0.306,0.063,0.045,0.483,0.054,0.47,0.326,0.309,0.572,0.189,0.634,0.502,0.314,0.227,0.568,0.568,0.0,0.568,0.495,0.5,0.53,0.125,0.735,0.616,0.326,0.537,0.833,0.368,0.268,0.478,0.238,0.0,0.238,0.333,0.307,0.476,0.0,0.498,0.549,0.62,0.31,0.46,0.892,0.0,0.0,0.448,0.0,0.314,-0.001,0.0,0.624,0.502,0.313,0.0,0.408,0.634,0.603,0.364,0.47,1.0,0.358,0.326,0.568,0.382,0.565,0.449,0.324,0.189,0.227,0.592,0.687,0.0,0.108,0.825,0.309,0.175,0.509,0.572,0.62,0.1583747927031509,0.2810945273631841,0.2462686567164179,0.3888888888888889,0.38225538971807627,0.49336650082918737,0.49502487562189057,0.5696517412935324,0.2512437810945274,0.3524046434494196,0.32587064676616917,0.3142620232172471,0.906301824212272,0.44029850746268656,0.5597014925373134,0.7437810945273632,0.5398009950248757,0.291044776119403,0.44859038142620233,0.31260364842454397,0.47512437810945274,0.3524046434494196,0.45356550580431176,0.45107794361525705,0.45107794361525705,0.43532338308457713,0.45107794361525705,0.4502487562189055,0.4552238805970149,0.4054726368159204,0.4502487562189055,0.4552238805970149,0.43532338308457713,0.44029850746268656,0.45356550580431176,0.4519071310116086,0.1583747927031509,0.49834162520729686,0.2131011608623549,0.25456053067993367,0.23134328358208955,0.8034825870646766,0.1550580431177446,0.6890547263681592,0.8300165837479271,0.20315091210613598,0.8930348258706468,0.8565505804311775,0.6791044776119403,0.8233830845771144,0.8532338308457711,0.4966832504145937,0.8897180762852405,0.2860696517412935,0.13681592039800994,0.4867330016583748,0.4966832504145937,0.4917081260364842,0.48756218905472637,0.2230514096185738,0.4925373134328358,0.2562189054726368,0.4925373134328358,0.6658374792703151,0.31260364842454397,0.8980099502487562,0.5713101160862355,0.6708126036484245,0.25290215588723053,0.4286898839137645,0.18325041459369817,0.48839137645107794,0.2131011608623549,0.49834162520729686,0.49917081260364843,0.30265339966832505,0.6343283582089553,0.49336650082918737,0.42371475953565507,0.4925373134328358,0.6724709784411277,0.36069651741293535,0.3275290215588723,0.763681592039801,0.09535655058043117,0.08374792703150911,0.21144278606965175,0.3275290215588723,0.3723051409618574,0.43532338308457713,0.49834162520729686,0.48009950248756217,0.4286898839137645,0.4684908789386401,0.4187396351575456,0.42703150912106136,0.42371475953565507,0.46683250414593697,0.08540630182421227,0.21144278606965175,0.2943615257048093,0.1799336650082919,0.533167495854063,0.5381426202321725,0.09535655058043117,0.4361525704809287,0.32172470978441126,0.4792703150912106,0.43781094527363185,0.49917081260364843,0.4734660033167496,0.4925373134328358,0.5016583747927031,0.3407960199004975,0.3706467661691542,0.5613598673300166,0.5132669983416253,0.3839137645107794,0.7205638474295191,0.5066334991708126,0.4154228855721393,0.3706467661691542,0.4286898839137645,0.23797678275290216,0.24129353233830847,0.47180762852404645,0.4461028192371476,0.5,0.3540630182421227,0.533167495854063,0.5248756218905473,0.5,0.48175787728026537,0.49502487562189057,0.5008291873963516,0.2810945273631841,0.49502487562189057,0.5679933665008292,0.27114427860696516,0.49585406301824214,0.3142620232172471,0.3009950248756219,0.5,0.5265339966832504,0.49917081260364843,0.5265339966832504,0.45688225538971805,0.5613598673300166,0.5,0.6525704809286899,0.6044776119402985,0.4975124378109453,0.478441127694859,0.28689883913764513,0.44029850746268656,0.3043117744610282,0.3474295190713101,0.49585406301824214,0.29270315091210614,0.5,0.36069651741293535,0.49834162520729686,0.26616915422885573,0.44029850746268656,0.2877280265339967,0.27114427860696516,0.22719734660033167,0.49834162520729686,0.45356550580431176,0.25538971807628524,0.4021558872305141,0.06218905472636816,0.05555555555555555,0.5008291873963516,0.4651741293532338,0.48839137645107794,0.4154228855721393,0.38474295190713104,0.3308457711442786,0.4286898839137645,0.5008291873963516,0.10862354892205639,0.9029850746268657,0.38723051409618575,0.5008291873963516,0.8565505804311775,0.33167495854063017,0.13018242122719734,0.16169154228855723,0.26533996683250416,0.3275290215588723,0.28441127694859036,0.3034825870646766,0.4386401326699834,0.5132669983416253,0.23797678275290216,0.4759535655058043,0.5016583747927031,0.5066334991708126,0.4320066334991708,0.5398009950248757,0.32587064676616917,0.13349917081260365,0.5696517412935324,0.4767827529021559,0.2752902155887231,0.04228855721393035,0.25456053067993367,0.2230514096185738,0.08540630182421227,0.6907131011608624,0.1318407960199005,0.24129353233830847,0.47180762852404645,0.45107794361525705,0.6144278606965174,0.0472636815920398,0.33747927031509123,0.5008291873963516,0.7205638474295191,0.4427860696517413,0.35903814262023215,0.3839137645107794,0.8814262023217247,0.11857379767827529,0.5613598673300166,0.33913764510779437,0.8598673300165838,0.4154228855721393,0.32172470978441126,0.16500829187396351,0.5613598673300166,0.884742951907131,0.4925373134328358,0.3034825870646766,0.3076285240464345,0.3341625207296849,0.3706467661691542,0.11857379767827529,0.25538971807628524,0.9145936981757877,0.24129353233830847,0.3407960199004975,0.3706467661691542,0.4046434494195688,0.5447761194029851,0.35655058043117743,0.42703150912106136,0.5207296849087893,0.35655058043117743,0.29767827529021557,0.2603648424543947,0.5223880597014925,0.45688225538971805,0.41708126036484244,0.23217247097844113,0.5597014925373134,0.24046434494195687,0.8631840796019901,0.4966832504145937,0.3167495854063018,0.44029850746268656,0.4046434494195688,0.4792703150912106,0.560530679933665,0.21227197346600332,0.6832504145936982,0.6907131011608624,0.6061359867330016,0.31923714759535654,0.6160862354892206,0.5149253731343284,0.44776119402985076,0.675787728026534,0.39054726368159204,0.3175787728026534,0.3092868988391376,0.48756218905472637,0.5348258706467661,0.48756218905472637,0.6169154228855721,0.33250414593698174,0.48092868988391374,0.4427860696517413,0.6310116086235489,0.6160862354892206,0.4461028192371476,0.6409618573797679,0.39054726368159204,0.34577114427860695,0.433665008291874,0.5041459369817579,0.8731343283582089,0.7976782752902156,0.5920398009950248,0.7835820895522388,0.8698175787728026,0.3275290215588723,0.3208955223880597,0.3018242122719735,0.24461028192371476,0.22719734660033167,0.2570480928689884,0.27611940298507465,0.2960199004975124,0.24129353233830847,0.26533996683250416,0.42039800995024873,0.2512437810945274,0.9046434494195689,0.40630182421227196,0.39054726368159204,0.6376451077943616,0.3034825870646766,0.26533996683250416,0.3482587064676617,0.25538971807628524,0.48092868988391374,0.44029850746268656,0.3034825870646766,0.6616915422885572,0.33250414593698174,0.2777777777777778,0.33167495854063017,0.8126036484245439,0.6169154228855721,0.5016583747927031,0.5049751243781094,0.3175787728026534,0.9245439469320066,0.3706467661691542,0.3092868988391376,0.8590381426202321,0.19734660033167495,0.5422885572139303,0.3888888888888889,0.28441127694859036,0.48756218905472637,0.4427860696517413,0.19734660033167495,0.7860696517412935,0.33747927031509123,0.27611940298507465,0.32338308457711445,0.48756218905472637,0.7263681592039801,0.5796019900497512,0.5348258706467661,0.8159203980099502
127,201147,Corey Brewer,32,72,2018,2614,OKC,1610612760,32.0,81.0,186.0,Florida,USA,2007,1,7,46.21270084162204,5.432287681713849,12.08875286916603,1.1859219586840093,4.208110175975516,2.486610558530987,3.442999234889059,1.6449885233358836,4.2463657230298395,5.891354246365723,2.486610558530987,1.874521805661821,3.0221882172915073,0.5355776587605203,0.9563886763580719,5.31752104055088,3.442999234889059,14.537107880642694,-2.1423106350420813,0.0,0.0,0.07651109410864575,3.9403213465952565,4.131599081866871,4.131599081866871,-0.07651109410864575,4.131599081866871,4.016832440703902,3.2899770466717673,0.4973221117061974,4.016832440703902,3.9403213465952565,-0.07651109410864575,-0.07651109410864575,3.9403213465952565,4.016832440703902,0.1530221882172915,0.03825554705432287,0.19127773527161437,1.0711553175210407,0.19127773527161437,0.4590665646518745,0.38255547054322875,6.618209640397858,0.4973221117061974,0.8798775822494261,1.7214996174445294,0.11476664116296863,3.8638102524866107,0.9563886763580719,1.3006885998469777,0.0,3.0221882172915073,0.22953328232593725,0.0,0.0,0.0,0.0,0.0,0.26778882938026016,0.0,0.7651109410864575,0.0,3.9020657995409334,0.11476664116296863,0.19127773527161437,1.0711553175210407,0.03825554705432287,0.1530221882172915,0.0,0.1530221882172915,0.0,0.4973221117061974,0.0,0.0,0.19127773527161437,3.2899770466717673,0.0,0.0,0.0,6.885998469778118,5.011476664116297,2.8309104820198927,0.306044376434583,28.423871461361898,28.423871461361898,0.07651109410864575,6.159143075745983,0.19127773527161437,0.26778882938026016,1.0711553175210407,1.3006885998469777,4.2463657230298395,2.3335883703136955,0.19127773527161437,0.22953328232593725,0.38255547054322875,2.218821729150727,44.68247895944912,0.03825554705432287,14.537107880642694,1.4537107880642692,0.03825554705432287,2.9074215761285385,28.117827084927313,1.0328997704667178,0.03825554705432287,0.0,0.0,0.0,0.0,0.7268553940321346,0.26778882938026016,4.475899005355776,0.07651109410864575,5.31752104055088,0.38255547054322875,0.8033664881407804,1.1094108645753635,0.306044376434583,1.3389441469013006,12.547819433817903,0.8033664881407804,3.366488140780413,7.421576128538638,0.5355776587605203,0.0,0.0,0.0,0.8033664881407804,0.8033664881407804,0.0,1.4154552410099464,1.4154552410099464,0.0,1.7214996174445294,0.0,0.306044376434583,3.481254781943382,0.0,1.6832440703902065,3.175210405508799,0.0,0.03825554705432287,0.0,1.7597551644988523,1.874521805661821,0.5738332058148432,0.0,1.3771996939556235,1.9510328997704667,0.0,3.6342769701606734,0.4590665646518745,0.38255547054322875,0.9563886763580719,0.5738332058148432,0.0,2.6013771996939554,0.0,2.1423106350420813,0.0,0.38255547054322875,0.34429992348890587,0.8033664881407804,0.19127773527161437,0.0,1.9510328997704667,0.5355776587605203,0.0,3.5577658760520277,1.0711553175210407,1.9510328997704667,0.0,1.1859219586840093,3.8255547054322876,3.8638102524866107,1.1859219586840093,34.12394797245601,0.8033664881407804,0.0,5.929609793420046,2.5631216526396328,17921.882172915073,0.0,1.6832440703902065,0.0,3.366488140780413,1.4919663351185921,0.0,2.180566182096404,1.7980107115531752,0.0,3.366488140780413,0.38255547054322875,3.366488140780413,0.1530221882172915,0.26778882938026016,0.306044376434583,0.03825554705432287,0.38255547054322875,0.34429992348890587,2.0275439938791124,1.6449885233358836,6.159143075745983,0.1530221882172915,7.421576128538638,4.2463657230298395,0.0,44.68247895944912,0.8033664881407804,1.3006885998469777,7.421576128538638,0.5355776587605203,0.1530221882172915,22.5707727620505,3.3282325937260904,0.0,0.0,1.1094108645753635,0.1530221882172915,5.891354246365723,0.8033664881407804,0.42081101759755163,3.2517214996174446,5.31752104055088,1.2624330527926548,6.235654169854629,1.3389441469013006,0.03825554705432287,4.093343534812548,12.394797245600612,4.934965570007651,0.7268553940321346,0.0,0.7268553940321346,0.0,0.07651109410864575,2.5248661055853097,0.0,1.7597551644988523,1.6449885233358836,4.475899005355776,12.547819433817903,0.444,0.449,0.282,0.722,10.4,0.06,0.073,0.089,10.4,0.534,0.498,0.139,0.033,0.136,0.5,0.0,0.214,0.316,0.584,0.289,0.353,0.217,0.1,0.087,0.55,0.5,0.306,0.063,0.045,0.483,0.054,0.47,0.326,0.309,0.572,0.189,0.634,0.502,0.314,0.227,0.568,0.568,0.0,0.568,0.495,0.5,0.53,0.125,0.735,0.616,0.326,0.537,0.833,0.368,0.268,0.478,0.238,0.0,0.238,0.333,0.307,0.476,0.0,0.498,0.549,0.62,0.31,0.46,0.892,0.0,0.0,0.448,0.0,0.314,-0.001,0.0,0.624,0.502,0.313,0.0,0.408,0.634,0.603,0.364,0.47,1.0,0.358,0.326,0.568,0.34,0.569,0.449,0.324,0.189,0.227,0.592,0.687,0.0,0.108,0.825,0.309,0.175,0.509,0.572,0.515,0.1583747927031509,0.2810945273631841,0.2462686567164179,0.3888888888888889,0.38225538971807627,0.49336650082918737,0.49502487562189057,0.5696517412935324,0.2512437810945274,0.3524046434494196,0.32587064676616917,0.3142620232172471,0.906301824212272,0.44029850746268656,0.5597014925373134,0.7437810945273632,0.5398009950248757,0.291044776119403,0.44859038142620233,0.31260364842454397,0.47512437810945274,0.3524046434494196,0.45356550580431176,0.45107794361525705,0.45107794361525705,0.43532338308457713,0.45107794361525705,0.4502487562189055,0.4552238805970149,0.4054726368159204,0.4502487562189055,0.4552238805970149,0.43532338308457713,0.44029850746268656,0.45356550580431176,0.4519071310116086,0.1583747927031509,0.49834162520729686,0.2131011608623549,0.25456053067993367,0.23134328358208955,0.8034825870646766,0.1550580431177446,0.6890547263681592,0.8300165837479271,0.20315091210613598,0.8930348258706468,0.8565505804311775,0.6791044776119403,0.8233830845771144,0.8532338308457711,0.4966832504145937,0.8897180762852405,0.2860696517412935,0.13681592039800994,0.4867330016583748,0.4966832504145937,0.4917081260364842,0.48756218905472637,0.2230514096185738,0.4925373134328358,0.2562189054726368,0.4925373134328358,0.6658374792703151,0.31260364842454397,0.8980099502487562,0.5713101160862355,0.6708126036484245,0.25290215588723053,0.4286898839137645,0.18325041459369817,0.48839137645107794,0.2131011608623549,0.49834162520729686,0.49917081260364843,0.30265339966832505,0.6343283582089553,0.49336650082918737,0.42371475953565507,0.4925373134328358,0.6724709784411277,0.36069651741293535,0.3275290215588723,0.763681592039801,0.09535655058043117,0.08374792703150911,0.21144278606965175,0.3275290215588723,0.3723051409618574,0.43532338308457713,0.49834162520729686,0.48009950248756217,0.4286898839137645,0.4684908789386401,0.4187396351575456,0.42703150912106136,0.42371475953565507,0.46683250414593697,0.08540630182421227,0.21144278606965175,0.2943615257048093,0.1799336650082919,0.533167495854063,0.5381426202321725,0.09535655058043117,0.4361525704809287,0.32172470978441126,0.4792703150912106,0.43781094527363185,0.49917081260364843,0.4734660033167496,0.4925373134328358,0.5016583747927031,0.3407960199004975,0.3706467661691542,0.5613598673300166,0.5132669983416253,0.3839137645107794,0.7205638474295191,0.5066334991708126,0.4154228855721393,0.3706467661691542,0.4286898839137645,0.23797678275290216,0.24129353233830847,0.47180762852404645,0.4461028192371476,0.5,0.3540630182421227,0.533167495854063,0.5248756218905473,0.5,0.48175787728026537,0.49502487562189057,0.5008291873963516,0.2810945273631841,0.49502487562189057,0.5679933665008292,0.27114427860696516,0.49585406301824214,0.3142620232172471,0.3009950248756219,0.5,0.5265339966832504,0.49917081260364843,0.5265339966832504,0.45688225538971805,0.5613598673300166,0.5,0.6525704809286899,0.6044776119402985,0.4975124378109453,0.478441127694859,0.28689883913764513,0.44029850746268656,0.3043117744610282,0.3474295190713101,0.49585406301824214,0.29270315091210614,0.5,0.36069651741293535,0.49834162520729686,0.26616915422885573,0.44029850746268656,0.2877280265339967,0.27114427860696516,0.22719734660033167,0.49834162520729686,0.45356550580431176,0.25538971807628524,0.4021558872305141,0.06218905472636816,0.05555555555555555,0.5008291873963516,0.4651741293532338,0.48839137645107794,0.4154228855721393,0.38474295190713104,0.3308457711442786,0.4286898839137645,0.5008291873963516,0.10862354892205639,0.9029850746268657,0.38723051409618575,0.5008291873963516,0.8565505804311775,0.33167495854063017,0.13018242122719734,0.16169154228855723,0.26533996683250416,0.3275290215588723,0.28441127694859036,0.3034825870646766,0.4386401326699834,0.5132669983416253,0.23797678275290216,0.4759535655058043,0.5016583747927031,0.5066334991708126,0.4320066334991708,0.5398009950248757,0.32587064676616917,0.13349917081260365,0.5696517412935324,0.4767827529021559,0.2752902155887231,0.04228855721393035,0.25456053067993367,0.2230514096185738,0.08540630182421227,0.6907131011608624,0.06053067993366501,0.24129353233830847,0.47180762852404645,0.45107794361525705,0.6144278606965174,0.0472636815920398,0.33747927031509123,0.5008291873963516,0.7205638474295191,0.4427860696517413,0.35903814262023215,0.3839137645107794,0.8814262023217247,0.11857379767827529,0.5613598673300166,0.33913764510779437,0.8598673300165838,0.4154228855721393,0.32172470978441126,0.16500829187396351,0.5613598673300166,0.884742951907131,0.4925373134328358,0.3034825870646766,0.3076285240464345,0.3341625207296849,0.3706467661691542,0.05555555555555555,0.25538971807628524,0.9145936981757877,0.24129353233830847,0.3407960199004975,0.3706467661691542,0.4046434494195688,0.5447761194029851,0.35655058043117743,0.42703150912106136,0.5207296849087893,0.35655058043117743,0.29767827529021557,0.2603648424543947,0.5223880597014925,0.45688225538971805,0.41708126036484244,0.23217247097844113,0.5597014925373134,0.24046434494195687,0.8631840796019901,0.4966832504145937,0.3167495854063018,0.44029850746268656,0.4046434494195688,0.4792703150912106,0.560530679933665,0.21227197346600332,0.6832504145936982,0.6907131011608624,0.6061359867330016,0.31923714759535654,0.6160862354892206,0.5149253731343284,0.44776119402985076,0.675787728026534,0.39054726368159204,0.3175787728026534,0.3092868988391376,0.48756218905472637,0.5348258706467661,0.48756218905472637,0.6169154228855721,0.33250414593698174,0.48092868988391374,0.4427860696517413,0.6310116086235489,0.6160862354892206,0.4461028192371476,0.6409618573797679,0.39054726368159204,0.34577114427860695,0.433665008291874,0.5041459369817579,0.8731343283582089,0.7976782752902156,0.5920398009950248,0.7835820895522388,0.8698175787728026,0.3275290215588723,0.3208955223880597,0.3018242122719735,0.24461028192371476,0.22719734660033167,0.2570480928689884,0.27611940298507465,0.2960199004975124,0.24129353233830847,0.26533996683250416,0.42039800995024873,0.2512437810945274,0.9046434494195689,0.40630182421227196,0.39054726368159204,0.6376451077943616,0.3034825870646766,0.26533996683250416,0.3482587064676617,0.25538971807628524,0.48092868988391374,0.44029850746268656,0.3034825870646766,0.6616915422885572,0.33250414593698174,0.2777777777777778,0.33167495854063017,0.8126036484245439,0.6169154228855721,0.5016583747927031,0.5049751243781094,0.3175787728026534,0.9245439469320066,0.3706467661691542,0.3092868988391376,0.8590381426202321,0.0912106135986733,0.6907131011608624,0.3888888888888889,0.28441127694859036,0.48756218905472637,0.4427860696517413,0.19734660033167495,0.7860696517412935,0.33747927031509123,0.27611940298507465,0.32338308457711445,0.48756218905472637,0.7263681592039801,0.5796019900497512,0.5348258706467661,0.24958540630182421
128,201147,Corey Brewer,32,72,2018,2614,OKC,1610612760,32.0,81.0,186.0,Florida,USA,2007,1,7,46.21270084162204,5.432287681713849,12.08875286916603,1.1859219586840093,4.208110175975516,2.486610558530987,3.442999234889059,1.6449885233358836,4.2463657230298395,5.891354246365723,2.486610558530987,1.874521805661821,3.0221882172915073,0.5355776587605203,0.9563886763580719,5.31752104055088,3.442999234889059,14.537107880642694,-2.1423106350420813,0.0,0.0,0.07651109410864575,3.9403213465952565,4.131599081866871,4.131599081866871,-0.07651109410864575,4.131599081866871,4.016832440703902,3.2899770466717673,0.4973221117061974,4.016832440703902,3.9403213465952565,-0.07651109410864575,-0.07651109410864575,3.9403213465952565,4.016832440703902,0.1530221882172915,0.03825554705432287,0.19127773527161437,1.0711553175210407,0.19127773527161437,0.4590665646518745,0.38255547054322875,6.618209640397858,0.4973221117061974,0.8798775822494261,1.7214996174445294,0.11476664116296863,3.8638102524866107,0.9563886763580719,1.3006885998469777,0.0,3.0221882172915073,0.22953328232593725,0.0,0.0,0.0,0.0,0.0,0.26778882938026016,0.0,0.7651109410864575,0.0,3.9020657995409334,0.11476664116296863,0.19127773527161437,1.0711553175210407,0.03825554705432287,0.1530221882172915,0.0,0.1530221882172915,0.0,0.4973221117061974,0.0,0.0,0.19127773527161437,3.2899770466717673,0.0,0.0,0.0,6.885998469778118,5.011476664116297,2.8309104820198927,0.306044376434583,28.423871461361898,28.423871461361898,0.07651109410864575,6.159143075745983,0.19127773527161437,0.26778882938026016,1.0711553175210407,1.3006885998469777,4.2463657230298395,2.3335883703136955,0.19127773527161437,0.22953328232593725,0.38255547054322875,2.218821729150727,44.68247895944912,0.03825554705432287,14.537107880642694,1.4537107880642692,0.03825554705432287,2.9074215761285385,28.117827084927313,1.0328997704667178,0.03825554705432287,0.0,0.0,0.0,0.0,0.7268553940321346,0.26778882938026016,4.475899005355776,0.07651109410864575,5.31752104055088,0.38255547054322875,0.8033664881407804,1.1094108645753635,0.306044376434583,1.3389441469013006,12.547819433817903,0.8033664881407804,3.366488140780413,7.421576128538638,0.5355776587605203,0.0,0.0,0.0,0.8033664881407804,0.8033664881407804,0.0,1.4154552410099464,1.4154552410099464,0.0,1.7214996174445294,0.0,0.306044376434583,3.481254781943382,0.0,1.6832440703902065,3.175210405508799,0.0,0.03825554705432287,0.0,1.7597551644988523,1.874521805661821,0.5738332058148432,0.0,1.3771996939556235,1.9510328997704667,0.0,3.6342769701606734,0.4590665646518745,0.38255547054322875,0.9563886763580719,0.5738332058148432,0.0,2.6013771996939554,0.0,2.1423106350420813,0.0,0.38255547054322875,0.34429992348890587,0.8033664881407804,0.19127773527161437,0.0,1.9510328997704667,0.5355776587605203,0.0,3.5577658760520277,1.0711553175210407,1.9510328997704667,0.0,1.1859219586840093,3.8255547054322876,3.8638102524866107,1.1859219586840093,34.12394797245601,0.8033664881407804,0.0,5.929609793420046,2.5631216526396328,17921.882172915073,0.0,1.6832440703902065,0.0,3.366488140780413,1.4919663351185921,0.0,2.180566182096404,1.7980107115531752,0.0,3.366488140780413,0.38255547054322875,3.366488140780413,0.1530221882172915,0.26778882938026016,0.306044376434583,0.03825554705432287,0.38255547054322875,0.34429992348890587,1.0711553175210407,1.6449885233358836,6.159143075745983,0.1530221882172915,7.421576128538638,4.2463657230298395,0.0,44.68247895944912,0.8033664881407804,2.3718439173680186,7.421576128538638,0.5355776587605203,0.1530221882172915,22.5707727620505,3.3282325937260904,0.0,0.0,1.1094108645753635,0.1530221882172915,5.891354246365723,0.8033664881407804,0.42081101759755163,1.9510328997704667,5.31752104055088,1.2624330527926548,6.235654169854629,1.3389441469013006,0.03825554705432287,4.093343534812548,12.394797245600612,4.934965570007651,0.7268553940321346,0.0,0.7268553940321346,0.0,0.07651109410864575,3.8255547054322876,0.0,1.7597551644988523,1.6449885233358836,4.475899005355776,12.547819433817903,0.444,0.449,0.282,0.722,10.4,0.06,0.073,0.089,10.4,0.534,0.498,0.139,0.033,0.136,0.5,0.0,0.214,0.316,0.584,0.289,0.353,0.217,0.1,0.087,0.55,0.5,0.306,0.063,0.045,0.483,0.054,0.47,0.326,0.309,0.572,0.189,0.634,0.502,0.314,0.227,0.568,0.568,0.0,0.568,0.495,0.5,0.53,0.125,0.735,0.616,0.326,0.537,0.833,0.368,0.268,0.478,0.238,0.0,0.238,0.333,0.307,0.476,0.0,0.498,0.549,0.62,0.31,0.46,0.892,0.0,0.0,0.448,0.0,0.314,-0.001,0.0,0.549,0.502,0.313,0.0,0.408,0.634,0.62,0.364,0.47,1.0,0.358,0.326,0.568,0.382,0.565,0.449,0.263,0.189,0.227,0.592,0.687,0.0,0.108,0.825,0.309,0.175,0.509,0.572,0.62,0.1583747927031509,0.2810945273631841,0.2462686567164179,0.3888888888888889,0.38225538971807627,0.49336650082918737,0.49502487562189057,0.5696517412935324,0.2512437810945274,0.3524046434494196,0.32587064676616917,0.3142620232172471,0.906301824212272,0.44029850746268656,0.5597014925373134,0.7437810945273632,0.5398009950248757,0.291044776119403,0.44859038142620233,0.31260364842454397,0.47512437810945274,0.3524046434494196,0.45356550580431176,0.45107794361525705,0.45107794361525705,0.43532338308457713,0.45107794361525705,0.4502487562189055,0.4552238805970149,0.4054726368159204,0.4502487562189055,0.4552238805970149,0.43532338308457713,0.44029850746268656,0.45356550580431176,0.4519071310116086,0.1583747927031509,0.49834162520729686,0.2131011608623549,0.25456053067993367,0.23134328358208955,0.8034825870646766,0.1550580431177446,0.6890547263681592,0.8300165837479271,0.20315091210613598,0.8930348258706468,0.8565505804311775,0.6791044776119403,0.8233830845771144,0.8532338308457711,0.4966832504145937,0.8897180762852405,0.2860696517412935,0.13681592039800994,0.4867330016583748,0.4966832504145937,0.4917081260364842,0.48756218905472637,0.2230514096185738,0.4925373134328358,0.2562189054726368,0.4925373134328358,0.6658374792703151,0.31260364842454397,0.8980099502487562,0.5713101160862355,0.6708126036484245,0.25290215588723053,0.4286898839137645,0.18325041459369817,0.48839137645107794,0.2131011608623549,0.49834162520729686,0.49917081260364843,0.30265339966832505,0.6343283582089553,0.49336650082918737,0.42371475953565507,0.4925373134328358,0.6724709784411277,0.36069651741293535,0.3275290215588723,0.763681592039801,0.09535655058043117,0.08374792703150911,0.21144278606965175,0.3275290215588723,0.3723051409618574,0.43532338308457713,0.49834162520729686,0.48009950248756217,0.4286898839137645,0.4684908789386401,0.4187396351575456,0.42703150912106136,0.42371475953565507,0.46683250414593697,0.08540630182421227,0.21144278606965175,0.2943615257048093,0.1799336650082919,0.533167495854063,0.5381426202321725,0.09535655058043117,0.4361525704809287,0.32172470978441126,0.4792703150912106,0.43781094527363185,0.49917081260364843,0.4734660033167496,0.4925373134328358,0.5016583747927031,0.3407960199004975,0.3706467661691542,0.5613598673300166,0.5132669983416253,0.3839137645107794,0.7205638474295191,0.5066334991708126,0.4154228855721393,0.3706467661691542,0.4286898839137645,0.23797678275290216,0.24129353233830847,0.47180762852404645,0.4461028192371476,0.5,0.3540630182421227,0.533167495854063,0.5248756218905473,0.5,0.48175787728026537,0.49502487562189057,0.5008291873963516,0.2810945273631841,0.49502487562189057,0.5679933665008292,0.27114427860696516,0.49585406301824214,0.3142620232172471,0.3009950248756219,0.5,0.5265339966832504,0.49917081260364843,0.5265339966832504,0.45688225538971805,0.5613598673300166,0.5,0.6525704809286899,0.6044776119402985,0.4975124378109453,0.478441127694859,0.28689883913764513,0.44029850746268656,0.3043117744610282,0.3474295190713101,0.49585406301824214,0.29270315091210614,0.5,0.36069651741293535,0.49834162520729686,0.26616915422885573,0.44029850746268656,0.2877280265339967,0.27114427860696516,0.22719734660033167,0.49834162520729686,0.45356550580431176,0.25538971807628524,0.4021558872305141,0.06218905472636816,0.05555555555555555,0.5008291873963516,0.4651741293532338,0.48839137645107794,0.4154228855721393,0.38474295190713104,0.3308457711442786,0.4286898839137645,0.5008291873963516,0.10862354892205639,0.9029850746268657,0.38723051409618575,0.5008291873963516,0.8565505804311775,0.33167495854063017,0.13018242122719734,0.16169154228855723,0.26533996683250416,0.3275290215588723,0.28441127694859036,0.3034825870646766,0.4386401326699834,0.5132669983416253,0.23797678275290216,0.4759535655058043,0.5016583747927031,0.5066334991708126,0.4320066334991708,0.5398009950248757,0.32587064676616917,0.06218905472636816,0.5696517412935324,0.4767827529021559,0.2752902155887231,0.04228855721393035,0.25456053067993367,0.2230514096185738,0.08540630182421227,0.6907131011608624,0.1318407960199005,0.24129353233830847,0.47180762852404645,0.45107794361525705,0.6144278606965174,0.0472636815920398,0.33747927031509123,0.5008291873963516,0.7205638474295191,0.4427860696517413,0.35903814262023215,0.3839137645107794,0.8814262023217247,0.05555555555555555,0.5613598673300166,0.33913764510779437,0.8598673300165838,0.4154228855721393,0.32172470978441126,0.16500829187396351,0.5613598673300166,0.884742951907131,0.4925373134328358,0.3034825870646766,0.3076285240464345,0.3341625207296849,0.3706467661691542,0.11857379767827529,0.25538971807628524,0.9145936981757877,0.24129353233830847,0.3407960199004975,0.3706467661691542,0.4046434494195688,0.5447761194029851,0.35655058043117743,0.42703150912106136,0.5207296849087893,0.35655058043117743,0.29767827529021557,0.2603648424543947,0.5223880597014925,0.45688225538971805,0.41708126036484244,0.23217247097844113,0.5597014925373134,0.24046434494195687,0.8631840796019901,0.4966832504145937,0.3167495854063018,0.44029850746268656,0.4046434494195688,0.4792703150912106,0.560530679933665,0.21227197346600332,0.6832504145936982,0.6907131011608624,0.6061359867330016,0.31923714759535654,0.6160862354892206,0.5149253731343284,0.44776119402985076,0.675787728026534,0.39054726368159204,0.3175787728026534,0.3092868988391376,0.48756218905472637,0.5348258706467661,0.48756218905472637,0.6169154228855721,0.33250414593698174,0.48092868988391374,0.4427860696517413,0.6310116086235489,0.6160862354892206,0.4461028192371476,0.6409618573797679,0.39054726368159204,0.34577114427860695,0.433665008291874,0.5041459369817579,0.8731343283582089,0.7976782752902156,0.5920398009950248,0.7835820895522388,0.8698175787728026,0.3275290215588723,0.3208955223880597,0.3018242122719735,0.24461028192371476,0.22719734660033167,0.2570480928689884,0.27611940298507465,0.2960199004975124,0.24129353233830847,0.26533996683250416,0.42039800995024873,0.2512437810945274,0.9046434494195689,0.40630182421227196,0.39054726368159204,0.6376451077943616,0.3034825870646766,0.26533996683250416,0.3482587064676617,0.25538971807628524,0.48092868988391374,0.44029850746268656,0.3034825870646766,0.2512437810945274,0.33250414593698174,0.2777777777777778,0.33167495854063017,0.8126036484245439,0.6169154228855721,0.9046434494195689,0.5049751243781094,0.3175787728026534,0.9245439469320066,0.3706467661691542,0.3092868988391376,0.8590381426202321,0.19734660033167495,0.5422885572139303,0.3888888888888889,0.09286898839137644,0.48756218905472637,0.4427860696517413,0.19734660033167495,0.7860696517412935,0.33747927031509123,0.27611940298507465,0.32338308457711445,0.48756218905472637,0.7263681592039801,0.5796019900497512,0.5348258706467661,0.8159203980099502
129,201147,Corey Brewer,32,72,2018,2614,OKC,1610612760,32.0,81.0,186.0,Florida,USA,2007,1,7,46.21270084162204,5.432287681713849,12.08875286916603,1.1859219586840093,4.208110175975516,2.486610558530987,3.442999234889059,1.6449885233358836,4.2463657230298395,5.891354246365723,2.486610558530987,1.874521805661821,3.0221882172915073,0.5355776587605203,0.9563886763580719,5.31752104055088,3.442999234889059,14.537107880642694,-2.1423106350420813,0.0,0.0,0.07651109410864575,3.9403213465952565,4.131599081866871,4.131599081866871,-0.07651109410864575,4.131599081866871,4.016832440703902,3.2899770466717673,0.4973221117061974,4.016832440703902,3.9403213465952565,-0.07651109410864575,-0.07651109410864575,3.9403213465952565,4.016832440703902,0.1530221882172915,0.03825554705432287,0.19127773527161437,1.0711553175210407,0.19127773527161437,0.4590665646518745,0.38255547054322875,6.618209640397858,0.4973221117061974,0.8798775822494261,1.7214996174445294,0.11476664116296863,3.8638102524866107,0.9563886763580719,1.3006885998469777,0.0,3.0221882172915073,0.22953328232593725,0.0,0.0,0.0,0.0,0.0,0.26778882938026016,0.0,0.7651109410864575,0.0,3.9020657995409334,0.11476664116296863,0.19127773527161437,1.0711553175210407,0.03825554705432287,0.1530221882172915,0.0,0.1530221882172915,0.0,0.4973221117061974,0.0,0.0,0.19127773527161437,3.2899770466717673,0.0,0.0,0.0,6.885998469778118,5.011476664116297,2.8309104820198927,0.306044376434583,28.423871461361898,28.423871461361898,0.07651109410864575,6.159143075745983,0.19127773527161437,0.26778882938026016,1.0711553175210407,1.3006885998469777,4.2463657230298395,2.3335883703136955,0.19127773527161437,0.22953328232593725,0.38255547054322875,2.218821729150727,44.68247895944912,0.03825554705432287,14.537107880642694,1.4537107880642692,0.03825554705432287,2.9074215761285385,28.117827084927313,1.0328997704667178,0.03825554705432287,0.0,0.0,0.0,0.0,0.7268553940321346,0.26778882938026016,4.475899005355776,0.07651109410864575,5.31752104055088,0.38255547054322875,0.8033664881407804,1.1094108645753635,0.306044376434583,1.3389441469013006,12.547819433817903,0.8033664881407804,3.366488140780413,7.421576128538638,0.5355776587605203,0.0,0.0,0.0,0.8033664881407804,0.8033664881407804,0.0,1.4154552410099464,1.4154552410099464,0.0,1.7214996174445294,0.0,0.306044376434583,3.481254781943382,0.0,1.6832440703902065,3.175210405508799,0.0,0.03825554705432287,0.0,1.7597551644988523,1.874521805661821,0.5738332058148432,0.0,1.3771996939556235,1.9510328997704667,0.0,3.6342769701606734,0.4590665646518745,0.38255547054322875,0.9563886763580719,0.5738332058148432,0.0,2.6013771996939554,0.0,2.1423106350420813,0.0,0.38255547054322875,0.34429992348890587,0.8033664881407804,0.19127773527161437,0.0,1.9510328997704667,0.5355776587605203,0.0,3.5577658760520277,1.0711553175210407,1.9510328997704667,0.0,1.1859219586840093,3.8255547054322876,3.8638102524866107,1.1859219586840093,34.12394797245601,0.8033664881407804,0.0,5.929609793420046,2.5631216526396328,17921.882172915073,0.0,1.6832440703902065,0.0,3.366488140780413,1.4919663351185921,0.0,2.180566182096404,1.7980107115531752,0.0,3.366488140780413,0.38255547054322875,3.366488140780413,0.1530221882172915,0.26778882938026016,0.306044376434583,0.03825554705432287,0.38255547054322875,0.34429992348890587,1.0711553175210407,1.6449885233358836,6.159143075745983,0.1530221882172915,7.421576128538638,4.2463657230298395,0.0,44.68247895944912,0.8033664881407804,1.3006885998469777,7.421576128538638,0.5355776587605203,0.1530221882172915,22.5707727620505,3.3282325937260904,0.0,0.0,1.1094108645753635,0.1530221882172915,5.891354246365723,0.8033664881407804,0.42081101759755163,1.9510328997704667,5.31752104055088,1.2624330527926548,6.235654169854629,1.3389441469013006,0.03825554705432287,4.093343534812548,12.394797245600612,4.934965570007651,0.7268553940321346,0.0,0.7268553940321346,0.0,0.07651109410864575,2.5248661055853097,0.0,1.7597551644988523,1.6449885233358836,4.475899005355776,12.547819433817903,0.444,0.449,0.282,0.722,10.4,0.06,0.073,0.089,10.4,0.534,0.498,0.139,0.033,0.136,0.5,0.0,0.214,0.316,0.584,0.289,0.353,0.217,0.1,0.087,0.55,0.5,0.306,0.063,0.045,0.483,0.054,0.47,0.326,0.309,0.572,0.189,0.634,0.502,0.314,0.227,0.568,0.568,0.0,0.568,0.495,0.5,0.53,0.125,0.735,0.616,0.326,0.537,0.833,0.368,0.268,0.478,0.238,0.0,0.238,0.333,0.307,0.476,0.0,0.498,0.549,0.62,0.31,0.46,0.892,0.0,0.0,0.448,0.0,0.314,-0.001,0.0,0.549,0.502,0.313,0.0,0.408,0.634,0.62,0.364,0.47,1.0,0.358,0.326,0.568,0.34,0.569,0.449,0.263,0.189,0.227,0.592,0.687,0.0,0.108,0.825,0.309,0.175,0.509,0.572,0.515,0.1583747927031509,0.2810945273631841,0.2462686567164179,0.3888888888888889,0.38225538971807627,0.49336650082918737,0.49502487562189057,0.5696517412935324,0.2512437810945274,0.3524046434494196,0.32587064676616917,0.3142620232172471,0.906301824212272,0.44029850746268656,0.5597014925373134,0.7437810945273632,0.5398009950248757,0.291044776119403,0.44859038142620233,0.31260364842454397,0.47512437810945274,0.3524046434494196,0.45356550580431176,0.45107794361525705,0.45107794361525705,0.43532338308457713,0.45107794361525705,0.4502487562189055,0.4552238805970149,0.4054726368159204,0.4502487562189055,0.4552238805970149,0.43532338308457713,0.44029850746268656,0.45356550580431176,0.4519071310116086,0.1583747927031509,0.49834162520729686,0.2131011608623549,0.25456053067993367,0.23134328358208955,0.8034825870646766,0.1550580431177446,0.6890547263681592,0.8300165837479271,0.20315091210613598,0.8930348258706468,0.8565505804311775,0.6791044776119403,0.8233830845771144,0.8532338308457711,0.4966832504145937,0.8897180762852405,0.2860696517412935,0.13681592039800994,0.4867330016583748,0.4966832504145937,0.4917081260364842,0.48756218905472637,0.2230514096185738,0.4925373134328358,0.2562189054726368,0.4925373134328358,0.6658374792703151,0.31260364842454397,0.8980099502487562,0.5713101160862355,0.6708126036484245,0.25290215588723053,0.4286898839137645,0.18325041459369817,0.48839137645107794,0.2131011608623549,0.49834162520729686,0.49917081260364843,0.30265339966832505,0.6343283582089553,0.49336650082918737,0.42371475953565507,0.4925373134328358,0.6724709784411277,0.36069651741293535,0.3275290215588723,0.763681592039801,0.09535655058043117,0.08374792703150911,0.21144278606965175,0.3275290215588723,0.3723051409618574,0.43532338308457713,0.49834162520729686,0.48009950248756217,0.4286898839137645,0.4684908789386401,0.4187396351575456,0.42703150912106136,0.42371475953565507,0.46683250414593697,0.08540630182421227,0.21144278606965175,0.2943615257048093,0.1799336650082919,0.533167495854063,0.5381426202321725,0.09535655058043117,0.4361525704809287,0.32172470978441126,0.4792703150912106,0.43781094527363185,0.49917081260364843,0.4734660033167496,0.4925373134328358,0.5016583747927031,0.3407960199004975,0.3706467661691542,0.5613598673300166,0.5132669983416253,0.3839137645107794,0.7205638474295191,0.5066334991708126,0.4154228855721393,0.3706467661691542,0.4286898839137645,0.23797678275290216,0.24129353233830847,0.47180762852404645,0.4461028192371476,0.5,0.3540630182421227,0.533167495854063,0.5248756218905473,0.5,0.48175787728026537,0.49502487562189057,0.5008291873963516,0.2810945273631841,0.49502487562189057,0.5679933665008292,0.27114427860696516,0.49585406301824214,0.3142620232172471,0.3009950248756219,0.5,0.5265339966832504,0.49917081260364843,0.5265339966832504,0.45688225538971805,0.5613598673300166,0.5,0.6525704809286899,0.6044776119402985,0.4975124378109453,0.478441127694859,0.28689883913764513,0.44029850746268656,0.3043117744610282,0.3474295190713101,0.49585406301824214,0.29270315091210614,0.5,0.36069651741293535,0.49834162520729686,0.26616915422885573,0.44029850746268656,0.2877280265339967,0.27114427860696516,0.22719734660033167,0.49834162520729686,0.45356550580431176,0.25538971807628524,0.4021558872305141,0.06218905472636816,0.05555555555555555,0.5008291873963516,0.4651741293532338,0.48839137645107794,0.4154228855721393,0.38474295190713104,0.3308457711442786,0.4286898839137645,0.5008291873963516,0.10862354892205639,0.9029850746268657,0.38723051409618575,0.5008291873963516,0.8565505804311775,0.33167495854063017,0.13018242122719734,0.16169154228855723,0.26533996683250416,0.3275290215588723,0.28441127694859036,0.3034825870646766,0.4386401326699834,0.5132669983416253,0.23797678275290216,0.4759535655058043,0.5016583747927031,0.5066334991708126,0.4320066334991708,0.5398009950248757,0.32587064676616917,0.06218905472636816,0.5696517412935324,0.4767827529021559,0.2752902155887231,0.04228855721393035,0.25456053067993367,0.2230514096185738,0.08540630182421227,0.6907131011608624,0.06053067993366501,0.24129353233830847,0.47180762852404645,0.45107794361525705,0.6144278606965174,0.0472636815920398,0.33747927031509123,0.5008291873963516,0.7205638474295191,0.4427860696517413,0.35903814262023215,0.3839137645107794,0.8814262023217247,0.05555555555555555,0.5613598673300166,0.33913764510779437,0.8598673300165838,0.4154228855721393,0.32172470978441126,0.16500829187396351,0.5613598673300166,0.884742951907131,0.4925373134328358,0.3034825870646766,0.3076285240464345,0.3341625207296849,0.3706467661691542,0.05555555555555555,0.25538971807628524,0.9145936981757877,0.24129353233830847,0.3407960199004975,0.3706467661691542,0.4046434494195688,0.5447761194029851,0.35655058043117743,0.42703150912106136,0.5207296849087893,0.35655058043117743,0.29767827529021557,0.2603648424543947,0.5223880597014925,0.45688225538971805,0.41708126036484244,0.23217247097844113,0.5597014925373134,0.24046434494195687,0.8631840796019901,0.4966832504145937,0.3167495854063018,0.44029850746268656,0.4046434494195688,0.4792703150912106,0.560530679933665,0.21227197346600332,0.6832504145936982,0.6907131011608624,0.6061359867330016,0.31923714759535654,0.6160862354892206,0.5149253731343284,0.44776119402985076,0.675787728026534,0.39054726368159204,0.3175787728026534,0.3092868988391376,0.48756218905472637,0.5348258706467661,0.48756218905472637,0.6169154228855721,0.33250414593698174,0.48092868988391374,0.4427860696517413,0.6310116086235489,0.6160862354892206,0.4461028192371476,0.6409618573797679,0.39054726368159204,0.34577114427860695,0.433665008291874,0.5041459369817579,0.8731343283582089,0.7976782752902156,0.5920398009950248,0.7835820895522388,0.8698175787728026,0.3275290215588723,0.3208955223880597,0.3018242122719735,0.24461028192371476,0.22719734660033167,0.2570480928689884,0.27611940298507465,0.2960199004975124,0.24129353233830847,0.26533996683250416,0.42039800995024873,0.2512437810945274,0.9046434494195689,0.40630182421227196,0.39054726368159204,0.6376451077943616,0.3034825870646766,0.26533996683250416,0.3482587064676617,0.25538971807628524,0.48092868988391374,0.44029850746268656,0.3034825870646766,0.2512437810945274,0.33250414593698174,0.2777777777777778,0.33167495854063017,0.8126036484245439,0.6169154228855721,0.9046434494195689,0.5049751243781094,0.3175787728026534,0.9245439469320066,0.3706467661691542,0.3092868988391376,0.8590381426202321,0.0912106135986733,0.6907131011608624,0.3888888888888889,0.09286898839137644,0.48756218905472637,0.4427860696517413,0.19734660033167495,0.7860696517412935,0.33747927031509123,0.27611940298507465,0.32338308457711445,0.48756218905472637,0.7263681592039801,0.5796019900497512,0.5348258706467661,0.24958540630182421
130,201147,Corey Brewer,32,72,2018,2614,OKC,1610612760,32.0,81.0,186.0,Florida,USA,2007,1,7,46.21270084162204,5.432287681713849,12.08875286916603,1.1859219586840093,4.208110175975516,2.486610558530987,3.442999234889059,1.6449885233358836,4.2463657230298395,5.891354246365723,2.486610558530987,1.874521805661821,3.0221882172915073,0.5355776587605203,0.9563886763580719,5.31752104055088,3.442999234889059,14.537107880642694,-2.1423106350420813,0.0,0.0,0.07651109410864575,3.9403213465952565,4.131599081866871,4.131599081866871,-0.07651109410864575,4.131599081866871,4.016832440703902,3.2899770466717673,0.4973221117061974,4.016832440703902,3.9403213465952565,-0.07651109410864575,-0.07651109410864575,3.9403213465952565,4.016832440703902,0.1530221882172915,0.03825554705432287,0.19127773527161437,1.0711553175210407,0.19127773527161437,0.4590665646518745,0.38255547054322875,6.618209640397858,0.4973221117061974,0.8798775822494261,1.7214996174445294,0.11476664116296863,3.8638102524866107,0.9563886763580719,1.3006885998469777,0.0,3.0221882172915073,0.22953328232593725,0.0,0.0,0.0,0.0,0.0,0.26778882938026016,0.0,0.7651109410864575,0.0,3.9020657995409334,0.11476664116296863,0.19127773527161437,1.0711553175210407,0.03825554705432287,0.1530221882172915,0.0,0.1530221882172915,0.0,0.4973221117061974,0.0,0.0,0.19127773527161437,3.2899770466717673,0.0,0.0,0.0,6.885998469778118,5.011476664116297,2.8309104820198927,0.306044376434583,28.423871461361898,28.423871461361898,0.07651109410864575,6.159143075745983,0.19127773527161437,0.26778882938026016,1.0711553175210407,1.3006885998469777,4.2463657230298395,2.3335883703136955,0.19127773527161437,0.22953328232593725,0.38255547054322875,2.218821729150727,44.68247895944912,0.03825554705432287,14.537107880642694,1.4537107880642692,0.03825554705432287,2.9074215761285385,28.117827084927313,1.0328997704667178,0.03825554705432287,0.0,0.0,0.0,0.0,0.7268553940321346,0.26778882938026016,4.475899005355776,0.07651109410864575,5.31752104055088,0.38255547054322875,0.8033664881407804,1.1094108645753635,0.306044376434583,1.3389441469013006,12.547819433817903,0.8033664881407804,3.366488140780413,7.421576128538638,0.5355776587605203,0.0,0.0,0.0,0.8033664881407804,0.8033664881407804,0.0,1.4154552410099464,1.4154552410099464,0.0,1.7214996174445294,0.0,0.306044376434583,3.481254781943382,0.0,1.6832440703902065,3.175210405508799,0.0,0.03825554705432287,0.0,1.7597551644988523,1.874521805661821,0.5738332058148432,0.0,1.3771996939556235,1.9510328997704667,0.0,3.6342769701606734,0.4590665646518745,0.38255547054322875,0.9563886763580719,0.5738332058148432,0.0,2.6013771996939554,0.0,2.1423106350420813,0.0,0.38255547054322875,0.34429992348890587,0.8033664881407804,0.19127773527161437,0.0,1.9510328997704667,0.5355776587605203,0.0,3.5577658760520277,1.0711553175210407,1.9510328997704667,0.0,1.1859219586840093,3.8255547054322876,3.8638102524866107,1.1859219586840093,34.12394797245601,0.8033664881407804,0.0,3.8638102524866107,2.5631216526396328,17921.882172915073,0.0,1.6832440703902065,0.0,1.7597551644988523,1.4919663351185921,0.0,2.180566182096404,1.7980107115531752,0.0,3.366488140780413,0.38255547054322875,3.366488140780413,0.1530221882172915,0.26778882938026016,0.306044376434583,0.03825554705432287,0.38255547054322875,0.34429992348890587,2.0275439938791124,1.6449885233358836,6.159143075745983,0.1530221882172915,7.421576128538638,4.2463657230298395,0.0,44.68247895944912,0.8033664881407804,2.3718439173680186,7.421576128538638,0.5355776587605203,0.1530221882172915,22.5707727620505,3.3282325937260904,0.0,0.0,1.1094108645753635,0.1530221882172915,5.891354246365723,0.8033664881407804,0.42081101759755163,3.2517214996174446,5.31752104055088,1.2624330527926548,6.235654169854629,1.3389441469013006,0.03825554705432287,4.093343534812548,12.394797245600612,4.934965570007651,0.7268553940321346,0.0,0.7268553940321346,0.0,0.07651109410864575,3.8255547054322876,0.0,1.7597551644988523,1.6449885233358836,4.475899005355776,12.547819433817903,0.444,0.449,0.282,0.722,10.4,0.06,0.073,0.089,10.4,0.534,0.498,0.139,0.033,0.136,0.5,0.0,0.214,0.316,0.584,0.289,0.353,0.217,0.1,0.087,0.55,0.5,0.306,0.063,0.045,0.483,0.054,0.47,0.326,0.309,0.572,0.189,0.634,0.502,0.314,0.227,0.568,0.568,0.0,0.568,0.495,0.5,0.53,0.125,0.735,0.616,0.326,0.537,0.833,0.368,0.268,0.478,0.238,0.0,0.238,0.333,0.307,0.476,0.0,0.498,0.549,0.62,0.31,0.46,0.892,0.0,0.0,0.448,0.0,0.314,-0.001,0.0,0.624,0.502,0.313,0.0,0.408,0.634,0.603,0.364,0.47,1.0,0.358,0.326,0.455,0.382,0.565,0.449,0.324,0.189,0.227,0.521,0.687,0.0,0.108,0.825,0.309,0.175,0.5,0.572,0.62,0.1583747927031509,0.2810945273631841,0.2462686567164179,0.3888888888888889,0.38225538971807627,0.49336650082918737,0.49502487562189057,0.5696517412935324,0.2512437810945274,0.3524046434494196,0.32587064676616917,0.3142620232172471,0.906301824212272,0.44029850746268656,0.5597014925373134,0.7437810945273632,0.5398009950248757,0.291044776119403,0.44859038142620233,0.31260364842454397,0.47512437810945274,0.3524046434494196,0.45356550580431176,0.45107794361525705,0.45107794361525705,0.43532338308457713,0.45107794361525705,0.4502487562189055,0.4552238805970149,0.4054726368159204,0.4502487562189055,0.4552238805970149,0.43532338308457713,0.44029850746268656,0.45356550580431176,0.4519071310116086,0.1583747927031509,0.49834162520729686,0.2131011608623549,0.25456053067993367,0.23134328358208955,0.8034825870646766,0.1550580431177446,0.6890547263681592,0.8300165837479271,0.20315091210613598,0.8930348258706468,0.8565505804311775,0.6791044776119403,0.8233830845771144,0.8532338308457711,0.4966832504145937,0.8897180762852405,0.2860696517412935,0.13681592039800994,0.4867330016583748,0.4966832504145937,0.4917081260364842,0.48756218905472637,0.2230514096185738,0.4925373134328358,0.2562189054726368,0.4925373134328358,0.6658374792703151,0.31260364842454397,0.8980099502487562,0.5713101160862355,0.6708126036484245,0.25290215588723053,0.4286898839137645,0.18325041459369817,0.48839137645107794,0.2131011608623549,0.49834162520729686,0.49917081260364843,0.30265339966832505,0.6343283582089553,0.49336650082918737,0.42371475953565507,0.4925373134328358,0.6724709784411277,0.36069651741293535,0.3275290215588723,0.763681592039801,0.09535655058043117,0.08374792703150911,0.21144278606965175,0.3275290215588723,0.3723051409618574,0.43532338308457713,0.49834162520729686,0.48009950248756217,0.4286898839137645,0.4684908789386401,0.4187396351575456,0.42703150912106136,0.42371475953565507,0.46683250414593697,0.08540630182421227,0.21144278606965175,0.2943615257048093,0.1799336650082919,0.533167495854063,0.5381426202321725,0.09535655058043117,0.4361525704809287,0.32172470978441126,0.4792703150912106,0.43781094527363185,0.49917081260364843,0.4734660033167496,0.4925373134328358,0.5016583747927031,0.3407960199004975,0.3706467661691542,0.5613598673300166,0.5132669983416253,0.3839137645107794,0.7205638474295191,0.5066334991708126,0.4154228855721393,0.3706467661691542,0.4286898839137645,0.23797678275290216,0.24129353233830847,0.47180762852404645,0.4461028192371476,0.5,0.3540630182421227,0.533167495854063,0.5248756218905473,0.5,0.48175787728026537,0.49502487562189057,0.5008291873963516,0.2810945273631841,0.49502487562189057,0.5679933665008292,0.27114427860696516,0.49585406301824214,0.3142620232172471,0.3009950248756219,0.5,0.5265339966832504,0.49917081260364843,0.5265339966832504,0.45688225538971805,0.5613598673300166,0.5,0.6525704809286899,0.6044776119402985,0.4975124378109453,0.478441127694859,0.28689883913764513,0.44029850746268656,0.3043117744610282,0.3474295190713101,0.49585406301824214,0.29270315091210614,0.5,0.36069651741293535,0.49834162520729686,0.26616915422885573,0.44029850746268656,0.2877280265339967,0.27114427860696516,0.22719734660033167,0.49834162520729686,0.45356550580431176,0.25538971807628524,0.4021558872305141,0.06218905472636816,0.05555555555555555,0.5008291873963516,0.4651741293532338,0.48839137645107794,0.4154228855721393,0.38474295190713104,0.3308457711442786,0.4286898839137645,0.5008291873963516,0.0472636815920398,0.9029850746268657,0.38723051409618575,0.5008291873963516,0.8565505804311775,0.33167495854063017,0.05555555555555555,0.16169154228855723,0.26533996683250416,0.3275290215588723,0.28441127694859036,0.3034825870646766,0.4386401326699834,0.5132669983416253,0.23797678275290216,0.4759535655058043,0.5016583747927031,0.5066334991708126,0.4320066334991708,0.5398009950248757,0.32587064676616917,0.13349917081260365,0.5696517412935324,0.4767827529021559,0.2752902155887231,0.04228855721393035,0.25456053067993367,0.2230514096185738,0.08540630182421227,0.6907131011608624,0.1318407960199005,0.24129353233830847,0.47180762852404645,0.45107794361525705,0.6144278606965174,0.0472636815920398,0.33747927031509123,0.5008291873963516,0.7205638474295191,0.4427860696517413,0.35903814262023215,0.3839137645107794,0.8814262023217247,0.11857379767827529,0.5613598673300166,0.33913764510779437,0.8598673300165838,0.4154228855721393,0.32172470978441126,0.16500829187396351,0.5613598673300166,0.884742951907131,0.4925373134328358,0.3034825870646766,0.3076285240464345,0.3341625207296849,0.3706467661691542,0.11857379767827529,0.25538971807628524,0.9145936981757877,0.24129353233830847,0.3407960199004975,0.3706467661691542,0.4046434494195688,0.5447761194029851,0.35655058043117743,0.42703150912106136,0.5207296849087893,0.35655058043117743,0.29767827529021557,0.2603648424543947,0.5223880597014925,0.45688225538971805,0.41708126036484244,0.23217247097844113,0.5597014925373134,0.24046434494195687,0.8631840796019901,0.4966832504145937,0.3167495854063018,0.44029850746268656,0.4046434494195688,0.4792703150912106,0.560530679933665,0.21227197346600332,0.6832504145936982,0.6907131011608624,0.6061359867330016,0.31923714759535654,0.6160862354892206,0.5149253731343284,0.44776119402985076,0.675787728026534,0.39054726368159204,0.3175787728026534,0.3092868988391376,0.48756218905472637,0.5348258706467661,0.48756218905472637,0.6169154228855721,0.33250414593698174,0.48092868988391374,0.4427860696517413,0.6310116086235489,0.6160862354892206,0.4461028192371476,0.6409618573797679,0.39054726368159204,0.34577114427860695,0.433665008291874,0.5041459369817579,0.8731343283582089,0.7976782752902156,0.5920398009950248,0.7835820895522388,0.8698175787728026,0.3275290215588723,0.3208955223880597,0.3018242122719735,0.24461028192371476,0.22719734660033167,0.2570480928689884,0.27611940298507465,0.2960199004975124,0.24129353233830847,0.26533996683250416,0.42039800995024873,0.2512437810945274,0.9046434494195689,0.40630182421227196,0.39054726368159204,0.6376451077943616,0.3034825870646766,0.26533996683250416,0.3482587064676617,0.25538971807628524,0.48092868988391374,0.44029850746268656,0.3034825870646766,0.6616915422885572,0.33250414593698174,0.2777777777777778,0.33167495854063017,0.8126036484245439,0.6169154228855721,0.5016583747927031,0.5049751243781094,0.3175787728026534,0.9245439469320066,0.3706467661691542,0.3092868988391376,0.14759535655058043,0.19734660033167495,0.5422885572139303,0.3888888888888889,0.28441127694859036,0.48756218905472637,0.4427860696517413,0.09535655058043117,0.7860696517412935,0.33747927031509123,0.27611940298507465,0.32338308457711445,0.48756218905472637,0.7263681592039801,0.3101160862354892,0.5348258706467661,0.8159203980099502
131,201147,Corey Brewer,32,72,2018,2614,OKC,1610612760,32.0,81.0,186.0,Florida,USA,2007,1,7,46.21270084162204,5.432287681713849,12.08875286916603,1.1859219586840093,4.208110175975516,2.486610558530987,3.442999234889059,1.6449885233358836,4.2463657230298395,5.891354246365723,2.486610558530987,1.874521805661821,3.0221882172915073,0.5355776587605203,0.9563886763580719,5.31752104055088,3.442999234889059,14.537107880642694,-2.1423106350420813,0.0,0.0,0.07651109410864575,3.9403213465952565,4.131599081866871,4.131599081866871,-0.07651109410864575,4.131599081866871,4.016832440703902,3.2899770466717673,0.4973221117061974,4.016832440703902,3.9403213465952565,-0.07651109410864575,-0.07651109410864575,3.9403213465952565,4.016832440703902,0.1530221882172915,0.03825554705432287,0.19127773527161437,1.0711553175210407,0.19127773527161437,0.4590665646518745,0.38255547054322875,6.618209640397858,0.4973221117061974,0.8798775822494261,1.7214996174445294,0.11476664116296863,3.8638102524866107,0.9563886763580719,1.3006885998469777,0.0,3.0221882172915073,0.22953328232593725,0.0,0.0,0.0,0.0,0.0,0.26778882938026016,0.0,0.7651109410864575,0.0,3.9020657995409334,0.11476664116296863,0.19127773527161437,1.0711553175210407,0.03825554705432287,0.1530221882172915,0.0,0.1530221882172915,0.0,0.4973221117061974,0.0,0.0,0.19127773527161437,3.2899770466717673,0.0,0.0,0.0,6.885998469778118,5.011476664116297,2.8309104820198927,0.306044376434583,28.423871461361898,28.423871461361898,0.07651109410864575,6.159143075745983,0.19127773527161437,0.26778882938026016,1.0711553175210407,1.3006885998469777,4.2463657230298395,2.3335883703136955,0.19127773527161437,0.22953328232593725,0.38255547054322875,2.218821729150727,44.68247895944912,0.03825554705432287,14.537107880642694,1.4537107880642692,0.03825554705432287,2.9074215761285385,28.117827084927313,1.0328997704667178,0.03825554705432287,0.0,0.0,0.0,0.0,0.7268553940321346,0.26778882938026016,4.475899005355776,0.07651109410864575,5.31752104055088,0.38255547054322875,0.8033664881407804,1.1094108645753635,0.306044376434583,1.3389441469013006,12.547819433817903,0.8033664881407804,3.366488140780413,7.421576128538638,0.5355776587605203,0.0,0.0,0.0,0.8033664881407804,0.8033664881407804,0.0,1.4154552410099464,1.4154552410099464,0.0,1.7214996174445294,0.0,0.306044376434583,3.481254781943382,0.0,1.6832440703902065,3.175210405508799,0.0,0.03825554705432287,0.0,1.7597551644988523,1.874521805661821,0.5738332058148432,0.0,1.3771996939556235,1.9510328997704667,0.0,3.6342769701606734,0.4590665646518745,0.38255547054322875,0.9563886763580719,0.5738332058148432,0.0,2.6013771996939554,0.0,2.1423106350420813,0.0,0.38255547054322875,0.34429992348890587,0.8033664881407804,0.19127773527161437,0.0,1.9510328997704667,0.5355776587605203,0.0,3.5577658760520277,1.0711553175210407,1.9510328997704667,0.0,1.1859219586840093,3.8255547054322876,3.8638102524866107,1.1859219586840093,34.12394797245601,0.8033664881407804,0.0,3.8638102524866107,2.5631216526396328,17921.882172915073,0.0,1.6832440703902065,0.0,1.7597551644988523,1.4919663351185921,0.0,2.180566182096404,1.7980107115531752,0.0,3.366488140780413,0.38255547054322875,3.366488140780413,0.1530221882172915,0.26778882938026016,0.306044376434583,0.03825554705432287,0.38255547054322875,0.34429992348890587,2.0275439938791124,1.6449885233358836,6.159143075745983,0.1530221882172915,7.421576128538638,4.2463657230298395,0.0,44.68247895944912,0.8033664881407804,1.3006885998469777,7.421576128538638,0.5355776587605203,0.1530221882172915,22.5707727620505,3.3282325937260904,0.0,0.0,1.1094108645753635,0.1530221882172915,5.891354246365723,0.8033664881407804,0.42081101759755163,3.2517214996174446,5.31752104055088,1.2624330527926548,6.235654169854629,1.3389441469013006,0.03825554705432287,4.093343534812548,12.394797245600612,4.934965570007651,0.7268553940321346,0.0,0.7268553940321346,0.0,0.07651109410864575,2.5248661055853097,0.0,1.7597551644988523,1.6449885233358836,4.475899005355776,12.547819433817903,0.444,0.449,0.282,0.722,10.4,0.06,0.073,0.089,10.4,0.534,0.498,0.139,0.033,0.136,0.5,0.0,0.214,0.316,0.584,0.289,0.353,0.217,0.1,0.087,0.55,0.5,0.306,0.063,0.045,0.483,0.054,0.47,0.326,0.309,0.572,0.189,0.634,0.502,0.314,0.227,0.568,0.568,0.0,0.568,0.495,0.5,0.53,0.125,0.735,0.616,0.326,0.537,0.833,0.368,0.268,0.478,0.238,0.0,0.238,0.333,0.307,0.476,0.0,0.498,0.549,0.62,0.31,0.46,0.892,0.0,0.0,0.448,0.0,0.314,-0.001,0.0,0.624,0.502,0.313,0.0,0.408,0.634,0.603,0.364,0.47,1.0,0.358,0.326,0.455,0.34,0.569,0.449,0.324,0.189,0.227,0.521,0.687,0.0,0.108,0.825,0.309,0.175,0.5,0.572,0.515,0.1583747927031509,0.2810945273631841,0.2462686567164179,0.3888888888888889,0.38225538971807627,0.49336650082918737,0.49502487562189057,0.5696517412935324,0.2512437810945274,0.3524046434494196,0.32587064676616917,0.3142620232172471,0.906301824212272,0.44029850746268656,0.5597014925373134,0.7437810945273632,0.5398009950248757,0.291044776119403,0.44859038142620233,0.31260364842454397,0.47512437810945274,0.3524046434494196,0.45356550580431176,0.45107794361525705,0.45107794361525705,0.43532338308457713,0.45107794361525705,0.4502487562189055,0.4552238805970149,0.4054726368159204,0.4502487562189055,0.4552238805970149,0.43532338308457713,0.44029850746268656,0.45356550580431176,0.4519071310116086,0.1583747927031509,0.49834162520729686,0.2131011608623549,0.25456053067993367,0.23134328358208955,0.8034825870646766,0.1550580431177446,0.6890547263681592,0.8300165837479271,0.20315091210613598,0.8930348258706468,0.8565505804311775,0.6791044776119403,0.8233830845771144,0.8532338308457711,0.4966832504145937,0.8897180762852405,0.2860696517412935,0.13681592039800994,0.4867330016583748,0.4966832504145937,0.4917081260364842,0.48756218905472637,0.2230514096185738,0.4925373134328358,0.2562189054726368,0.4925373134328358,0.6658374792703151,0.31260364842454397,0.8980099502487562,0.5713101160862355,0.6708126036484245,0.25290215588723053,0.4286898839137645,0.18325041459369817,0.48839137645107794,0.2131011608623549,0.49834162520729686,0.49917081260364843,0.30265339966832505,0.6343283582089553,0.49336650082918737,0.42371475953565507,0.4925373134328358,0.6724709784411277,0.36069651741293535,0.3275290215588723,0.763681592039801,0.09535655058043117,0.08374792703150911,0.21144278606965175,0.3275290215588723,0.3723051409618574,0.43532338308457713,0.49834162520729686,0.48009950248756217,0.4286898839137645,0.4684908789386401,0.4187396351575456,0.42703150912106136,0.42371475953565507,0.46683250414593697,0.08540630182421227,0.21144278606965175,0.2943615257048093,0.1799336650082919,0.533167495854063,0.5381426202321725,0.09535655058043117,0.4361525704809287,0.32172470978441126,0.4792703150912106,0.43781094527363185,0.49917081260364843,0.4734660033167496,0.4925373134328358,0.5016583747927031,0.3407960199004975,0.3706467661691542,0.5613598673300166,0.5132669983416253,0.3839137645107794,0.7205638474295191,0.5066334991708126,0.4154228855721393,0.3706467661691542,0.4286898839137645,0.23797678275290216,0.24129353233830847,0.47180762852404645,0.4461028192371476,0.5,0.3540630182421227,0.533167495854063,0.5248756218905473,0.5,0.48175787728026537,0.49502487562189057,0.5008291873963516,0.2810945273631841,0.49502487562189057,0.5679933665008292,0.27114427860696516,0.49585406301824214,0.3142620232172471,0.3009950248756219,0.5,0.5265339966832504,0.49917081260364843,0.5265339966832504,0.45688225538971805,0.5613598673300166,0.5,0.6525704809286899,0.6044776119402985,0.4975124378109453,0.478441127694859,0.28689883913764513,0.44029850746268656,0.3043117744610282,0.3474295190713101,0.49585406301824214,0.29270315091210614,0.5,0.36069651741293535,0.49834162520729686,0.26616915422885573,0.44029850746268656,0.2877280265339967,0.27114427860696516,0.22719734660033167,0.49834162520729686,0.45356550580431176,0.25538971807628524,0.4021558872305141,0.06218905472636816,0.05555555555555555,0.5008291873963516,0.4651741293532338,0.48839137645107794,0.4154228855721393,0.38474295190713104,0.3308457711442786,0.4286898839137645,0.5008291873963516,0.0472636815920398,0.9029850746268657,0.38723051409618575,0.5008291873963516,0.8565505804311775,0.33167495854063017,0.05555555555555555,0.16169154228855723,0.26533996683250416,0.3275290215588723,0.28441127694859036,0.3034825870646766,0.4386401326699834,0.5132669983416253,0.23797678275290216,0.4759535655058043,0.5016583747927031,0.5066334991708126,0.4320066334991708,0.5398009950248757,0.32587064676616917,0.13349917081260365,0.5696517412935324,0.4767827529021559,0.2752902155887231,0.04228855721393035,0.25456053067993367,0.2230514096185738,0.08540630182421227,0.6907131011608624,0.06053067993366501,0.24129353233830847,0.47180762852404645,0.45107794361525705,0.6144278606965174,0.0472636815920398,0.33747927031509123,0.5008291873963516,0.7205638474295191,0.4427860696517413,0.35903814262023215,0.3839137645107794,0.8814262023217247,0.11857379767827529,0.5613598673300166,0.33913764510779437,0.8598673300165838,0.4154228855721393,0.32172470978441126,0.16500829187396351,0.5613598673300166,0.884742951907131,0.4925373134328358,0.3034825870646766,0.3076285240464345,0.3341625207296849,0.3706467661691542,0.05555555555555555,0.25538971807628524,0.9145936981757877,0.24129353233830847,0.3407960199004975,0.3706467661691542,0.4046434494195688,0.5447761194029851,0.35655058043117743,0.42703150912106136,0.5207296849087893,0.35655058043117743,0.29767827529021557,0.2603648424543947,0.5223880597014925,0.45688225538971805,0.41708126036484244,0.23217247097844113,0.5597014925373134,0.24046434494195687,0.8631840796019901,0.4966832504145937,0.3167495854063018,0.44029850746268656,0.4046434494195688,0.4792703150912106,0.560530679933665,0.21227197346600332,0.6832504145936982,0.6907131011608624,0.6061359867330016,0.31923714759535654,0.6160862354892206,0.5149253731343284,0.44776119402985076,0.675787728026534,0.39054726368159204,0.3175787728026534,0.3092868988391376,0.48756218905472637,0.5348258706467661,0.48756218905472637,0.6169154228855721,0.33250414593698174,0.48092868988391374,0.4427860696517413,0.6310116086235489,0.6160862354892206,0.4461028192371476,0.6409618573797679,0.39054726368159204,0.34577114427860695,0.433665008291874,0.5041459369817579,0.8731343283582089,0.7976782752902156,0.5920398009950248,0.7835820895522388,0.8698175787728026,0.3275290215588723,0.3208955223880597,0.3018242122719735,0.24461028192371476,0.22719734660033167,0.2570480928689884,0.27611940298507465,0.2960199004975124,0.24129353233830847,0.26533996683250416,0.42039800995024873,0.2512437810945274,0.9046434494195689,0.40630182421227196,0.39054726368159204,0.6376451077943616,0.3034825870646766,0.26533996683250416,0.3482587064676617,0.25538971807628524,0.48092868988391374,0.44029850746268656,0.3034825870646766,0.6616915422885572,0.33250414593698174,0.2777777777777778,0.33167495854063017,0.8126036484245439,0.6169154228855721,0.5016583747927031,0.5049751243781094,0.3175787728026534,0.9245439469320066,0.3706467661691542,0.3092868988391376,0.14759535655058043,0.0912106135986733,0.6907131011608624,0.3888888888888889,0.28441127694859036,0.48756218905472637,0.4427860696517413,0.09535655058043117,0.7860696517412935,0.33747927031509123,0.27611940298507465,0.32338308457711445,0.48756218905472637,0.7263681592039801,0.3101160862354892,0.5348258706467661,0.24958540630182421
132,201147,Corey Brewer,32,72,2018,2614,OKC,1610612760,32.0,81.0,186.0,Florida,USA,2007,1,7,46.21270084162204,5.432287681713849,12.08875286916603,1.1859219586840093,4.208110175975516,2.486610558530987,3.442999234889059,1.6449885233358836,4.2463657230298395,5.891354246365723,2.486610558530987,1.874521805661821,3.0221882172915073,0.5355776587605203,0.9563886763580719,5.31752104055088,3.442999234889059,14.537107880642694,-2.1423106350420813,0.0,0.0,0.07651109410864575,3.9403213465952565,4.131599081866871,4.131599081866871,-0.07651109410864575,4.131599081866871,4.016832440703902,3.2899770466717673,0.4973221117061974,4.016832440703902,3.9403213465952565,-0.07651109410864575,-0.07651109410864575,3.9403213465952565,4.016832440703902,0.1530221882172915,0.03825554705432287,0.19127773527161437,1.0711553175210407,0.19127773527161437,0.4590665646518745,0.38255547054322875,6.618209640397858,0.4973221117061974,0.8798775822494261,1.7214996174445294,0.11476664116296863,3.8638102524866107,0.9563886763580719,1.3006885998469777,0.0,3.0221882172915073,0.22953328232593725,0.0,0.0,0.0,0.0,0.0,0.26778882938026016,0.0,0.7651109410864575,0.0,3.9020657995409334,0.11476664116296863,0.19127773527161437,1.0711553175210407,0.03825554705432287,0.1530221882172915,0.0,0.1530221882172915,0.0,0.4973221117061974,0.0,0.0,0.19127773527161437,3.2899770466717673,0.0,0.0,0.0,6.885998469778118,5.011476664116297,2.8309104820198927,0.306044376434583,28.423871461361898,28.423871461361898,0.07651109410864575,6.159143075745983,0.19127773527161437,0.26778882938026016,1.0711553175210407,1.3006885998469777,4.2463657230298395,2.3335883703136955,0.19127773527161437,0.22953328232593725,0.38255547054322875,2.218821729150727,44.68247895944912,0.03825554705432287,14.537107880642694,1.4537107880642692,0.03825554705432287,2.9074215761285385,28.117827084927313,1.0328997704667178,0.03825554705432287,0.0,0.0,0.0,0.0,0.7268553940321346,0.26778882938026016,4.475899005355776,0.07651109410864575,5.31752104055088,0.38255547054322875,0.8033664881407804,1.1094108645753635,0.306044376434583,1.3389441469013006,12.547819433817903,0.8033664881407804,3.366488140780413,7.421576128538638,0.5355776587605203,0.0,0.0,0.0,0.8033664881407804,0.8033664881407804,0.0,1.4154552410099464,1.4154552410099464,0.0,1.7214996174445294,0.0,0.306044376434583,3.481254781943382,0.0,1.6832440703902065,3.175210405508799,0.0,0.03825554705432287,0.0,1.7597551644988523,1.874521805661821,0.5738332058148432,0.0,1.3771996939556235,1.9510328997704667,0.0,3.6342769701606734,0.4590665646518745,0.38255547054322875,0.9563886763580719,0.5738332058148432,0.0,2.6013771996939554,0.0,2.1423106350420813,0.0,0.38255547054322875,0.34429992348890587,0.8033664881407804,0.19127773527161437,0.0,1.9510328997704667,0.5355776587605203,0.0,3.5577658760520277,1.0711553175210407,1.9510328997704667,0.0,1.1859219586840093,3.8255547054322876,3.8638102524866107,1.1859219586840093,34.12394797245601,0.8033664881407804,0.0,3.8638102524866107,2.5631216526396328,17921.882172915073,0.0,1.6832440703902065,0.0,1.7597551644988523,1.4919663351185921,0.0,2.180566182096404,1.7980107115531752,0.0,3.366488140780413,0.38255547054322875,3.366488140780413,0.1530221882172915,0.26778882938026016,0.306044376434583,0.03825554705432287,0.38255547054322875,0.34429992348890587,1.0711553175210407,1.6449885233358836,6.159143075745983,0.1530221882172915,7.421576128538638,4.2463657230298395,0.0,44.68247895944912,0.8033664881407804,2.3718439173680186,7.421576128538638,0.5355776587605203,0.1530221882172915,22.5707727620505,3.3282325937260904,0.0,0.0,1.1094108645753635,0.1530221882172915,5.891354246365723,0.8033664881407804,0.42081101759755163,1.9510328997704667,5.31752104055088,1.2624330527926548,6.235654169854629,1.3389441469013006,0.03825554705432287,4.093343534812548,12.394797245600612,4.934965570007651,0.7268553940321346,0.0,0.7268553940321346,0.0,0.07651109410864575,3.8255547054322876,0.0,1.7597551644988523,1.6449885233358836,4.475899005355776,12.547819433817903,0.444,0.449,0.282,0.722,10.4,0.06,0.073,0.089,10.4,0.534,0.498,0.139,0.033,0.136,0.5,0.0,0.214,0.316,0.584,0.289,0.353,0.217,0.1,0.087,0.55,0.5,0.306,0.063,0.045,0.483,0.054,0.47,0.326,0.309,0.572,0.189,0.634,0.502,0.314,0.227,0.568,0.568,0.0,0.568,0.495,0.5,0.53,0.125,0.735,0.616,0.326,0.537,0.833,0.368,0.268,0.478,0.238,0.0,0.238,0.333,0.307,0.476,0.0,0.498,0.549,0.62,0.31,0.46,0.892,0.0,0.0,0.448,0.0,0.314,-0.001,0.0,0.549,0.502,0.313,0.0,0.408,0.634,0.62,0.364,0.47,1.0,0.358,0.326,0.455,0.382,0.565,0.449,0.263,0.189,0.227,0.521,0.687,0.0,0.108,0.825,0.309,0.175,0.5,0.572,0.62,0.1583747927031509,0.2810945273631841,0.2462686567164179,0.3888888888888889,0.38225538971807627,0.49336650082918737,0.49502487562189057,0.5696517412935324,0.2512437810945274,0.3524046434494196,0.32587064676616917,0.3142620232172471,0.906301824212272,0.44029850746268656,0.5597014925373134,0.7437810945273632,0.5398009950248757,0.291044776119403,0.44859038142620233,0.31260364842454397,0.47512437810945274,0.3524046434494196,0.45356550580431176,0.45107794361525705,0.45107794361525705,0.43532338308457713,0.45107794361525705,0.4502487562189055,0.4552238805970149,0.4054726368159204,0.4502487562189055,0.4552238805970149,0.43532338308457713,0.44029850746268656,0.45356550580431176,0.4519071310116086,0.1583747927031509,0.49834162520729686,0.2131011608623549,0.25456053067993367,0.23134328358208955,0.8034825870646766,0.1550580431177446,0.6890547263681592,0.8300165837479271,0.20315091210613598,0.8930348258706468,0.8565505804311775,0.6791044776119403,0.8233830845771144,0.8532338308457711,0.4966832504145937,0.8897180762852405,0.2860696517412935,0.13681592039800994,0.4867330016583748,0.4966832504145937,0.4917081260364842,0.48756218905472637,0.2230514096185738,0.4925373134328358,0.2562189054726368,0.4925373134328358,0.6658374792703151,0.31260364842454397,0.8980099502487562,0.5713101160862355,0.6708126036484245,0.25290215588723053,0.4286898839137645,0.18325041459369817,0.48839137645107794,0.2131011608623549,0.49834162520729686,0.49917081260364843,0.30265339966832505,0.6343283582089553,0.49336650082918737,0.42371475953565507,0.4925373134328358,0.6724709784411277,0.36069651741293535,0.3275290215588723,0.763681592039801,0.09535655058043117,0.08374792703150911,0.21144278606965175,0.3275290215588723,0.3723051409618574,0.43532338308457713,0.49834162520729686,0.48009950248756217,0.4286898839137645,0.4684908789386401,0.4187396351575456,0.42703150912106136,0.42371475953565507,0.46683250414593697,0.08540630182421227,0.21144278606965175,0.2943615257048093,0.1799336650082919,0.533167495854063,0.5381426202321725,0.09535655058043117,0.4361525704809287,0.32172470978441126,0.4792703150912106,0.43781094527363185,0.49917081260364843,0.4734660033167496,0.4925373134328358,0.5016583747927031,0.3407960199004975,0.3706467661691542,0.5613598673300166,0.5132669983416253,0.3839137645107794,0.7205638474295191,0.5066334991708126,0.4154228855721393,0.3706467661691542,0.4286898839137645,0.23797678275290216,0.24129353233830847,0.47180762852404645,0.4461028192371476,0.5,0.3540630182421227,0.533167495854063,0.5248756218905473,0.5,0.48175787728026537,0.49502487562189057,0.5008291873963516,0.2810945273631841,0.49502487562189057,0.5679933665008292,0.27114427860696516,0.49585406301824214,0.3142620232172471,0.3009950248756219,0.5,0.5265339966832504,0.49917081260364843,0.5265339966832504,0.45688225538971805,0.5613598673300166,0.5,0.6525704809286899,0.6044776119402985,0.4975124378109453,0.478441127694859,0.28689883913764513,0.44029850746268656,0.3043117744610282,0.3474295190713101,0.49585406301824214,0.29270315091210614,0.5,0.36069651741293535,0.49834162520729686,0.26616915422885573,0.44029850746268656,0.2877280265339967,0.27114427860696516,0.22719734660033167,0.49834162520729686,0.45356550580431176,0.25538971807628524,0.4021558872305141,0.06218905472636816,0.05555555555555555,0.5008291873963516,0.4651741293532338,0.48839137645107794,0.4154228855721393,0.38474295190713104,0.3308457711442786,0.4286898839137645,0.5008291873963516,0.0472636815920398,0.9029850746268657,0.38723051409618575,0.5008291873963516,0.8565505804311775,0.33167495854063017,0.05555555555555555,0.16169154228855723,0.26533996683250416,0.3275290215588723,0.28441127694859036,0.3034825870646766,0.4386401326699834,0.5132669983416253,0.23797678275290216,0.4759535655058043,0.5016583747927031,0.5066334991708126,0.4320066334991708,0.5398009950248757,0.32587064676616917,0.06218905472636816,0.5696517412935324,0.4767827529021559,0.2752902155887231,0.04228855721393035,0.25456053067993367,0.2230514096185738,0.08540630182421227,0.6907131011608624,0.1318407960199005,0.24129353233830847,0.47180762852404645,0.45107794361525705,0.6144278606965174,0.0472636815920398,0.33747927031509123,0.5008291873963516,0.7205638474295191,0.4427860696517413,0.35903814262023215,0.3839137645107794,0.8814262023217247,0.05555555555555555,0.5613598673300166,0.33913764510779437,0.8598673300165838,0.4154228855721393,0.32172470978441126,0.16500829187396351,0.5613598673300166,0.884742951907131,0.4925373134328358,0.3034825870646766,0.3076285240464345,0.3341625207296849,0.3706467661691542,0.11857379767827529,0.25538971807628524,0.9145936981757877,0.24129353233830847,0.3407960199004975,0.3706467661691542,0.4046434494195688,0.5447761194029851,0.35655058043117743,0.42703150912106136,0.5207296849087893,0.35655058043117743,0.29767827529021557,0.2603648424543947,0.5223880597014925,0.45688225538971805,0.41708126036484244,0.23217247097844113,0.5597014925373134,0.24046434494195687,0.8631840796019901,0.4966832504145937,0.3167495854063018,0.44029850746268656,0.4046434494195688,0.4792703150912106,0.560530679933665,0.21227197346600332,0.6832504145936982,0.6907131011608624,0.6061359867330016,0.31923714759535654,0.6160862354892206,0.5149253731343284,0.44776119402985076,0.675787728026534,0.39054726368159204,0.3175787728026534,0.3092868988391376,0.48756218905472637,0.5348258706467661,0.48756218905472637,0.6169154228855721,0.33250414593698174,0.48092868988391374,0.4427860696517413,0.6310116086235489,0.6160862354892206,0.4461028192371476,0.6409618573797679,0.39054726368159204,0.34577114427860695,0.433665008291874,0.5041459369817579,0.8731343283582089,0.7976782752902156,0.5920398009950248,0.7835820895522388,0.8698175787728026,0.3275290215588723,0.3208955223880597,0.3018242122719735,0.24461028192371476,0.22719734660033167,0.2570480928689884,0.27611940298507465,0.2960199004975124,0.24129353233830847,0.26533996683250416,0.42039800995024873,0.2512437810945274,0.9046434494195689,0.40630182421227196,0.39054726368159204,0.6376451077943616,0.3034825870646766,0.26533996683250416,0.3482587064676617,0.25538971807628524,0.48092868988391374,0.44029850746268656,0.3034825870646766,0.2512437810945274,0.33250414593698174,0.2777777777777778,0.33167495854063017,0.8126036484245439,0.6169154228855721,0.9046434494195689,0.5049751243781094,0.3175787728026534,0.9245439469320066,0.3706467661691542,0.3092868988391376,0.14759535655058043,0.19734660033167495,0.5422885572139303,0.3888888888888889,0.09286898839137644,0.48756218905472637,0.4427860696517413,0.09535655058043117,0.7860696517412935,0.33747927031509123,0.27611940298507465,0.32338308457711445,0.48756218905472637,0.7263681592039801,0.3101160862354892,0.5348258706467661,0.8159203980099502
133,201147,Corey Brewer,32,72,2018,2614,OKC,1610612760,32.0,81.0,186.0,Florida,USA,2007,1,7,46.21270084162204,5.432287681713849,12.08875286916603,1.1859219586840093,4.208110175975516,2.486610558530987,3.442999234889059,1.6449885233358836,4.2463657230298395,5.891354246365723,2.486610558530987,1.874521805661821,3.0221882172915073,0.5355776587605203,0.9563886763580719,5.31752104055088,3.442999234889059,14.537107880642694,-2.1423106350420813,0.0,0.0,0.07651109410864575,3.9403213465952565,4.131599081866871,4.131599081866871,-0.07651109410864575,4.131599081866871,4.016832440703902,3.2899770466717673,0.4973221117061974,4.016832440703902,3.9403213465952565,-0.07651109410864575,-0.07651109410864575,3.9403213465952565,4.016832440703902,0.1530221882172915,0.03825554705432287,0.19127773527161437,1.0711553175210407,0.19127773527161437,0.4590665646518745,0.38255547054322875,6.618209640397858,0.4973221117061974,0.8798775822494261,1.7214996174445294,0.11476664116296863,3.8638102524866107,0.9563886763580719,1.3006885998469777,0.0,3.0221882172915073,0.22953328232593725,0.0,0.0,0.0,0.0,0.0,0.26778882938026016,0.0,0.7651109410864575,0.0,3.9020657995409334,0.11476664116296863,0.19127773527161437,1.0711553175210407,0.03825554705432287,0.1530221882172915,0.0,0.1530221882172915,0.0,0.4973221117061974,0.0,0.0,0.19127773527161437,3.2899770466717673,0.0,0.0,0.0,6.885998469778118,5.011476664116297,2.8309104820198927,0.306044376434583,28.423871461361898,28.423871461361898,0.07651109410864575,6.159143075745983,0.19127773527161437,0.26778882938026016,1.0711553175210407,1.3006885998469777,4.2463657230298395,2.3335883703136955,0.19127773527161437,0.22953328232593725,0.38255547054322875,2.218821729150727,44.68247895944912,0.03825554705432287,14.537107880642694,1.4537107880642692,0.03825554705432287,2.9074215761285385,28.117827084927313,1.0328997704667178,0.03825554705432287,0.0,0.0,0.0,0.0,0.7268553940321346,0.26778882938026016,4.475899005355776,0.07651109410864575,5.31752104055088,0.38255547054322875,0.8033664881407804,1.1094108645753635,0.306044376434583,1.3389441469013006,12.547819433817903,0.8033664881407804,3.366488140780413,7.421576128538638,0.5355776587605203,0.0,0.0,0.0,0.8033664881407804,0.8033664881407804,0.0,1.4154552410099464,1.4154552410099464,0.0,1.7214996174445294,0.0,0.306044376434583,3.481254781943382,0.0,1.6832440703902065,3.175210405508799,0.0,0.03825554705432287,0.0,1.7597551644988523,1.874521805661821,0.5738332058148432,0.0,1.3771996939556235,1.9510328997704667,0.0,3.6342769701606734,0.4590665646518745,0.38255547054322875,0.9563886763580719,0.5738332058148432,0.0,2.6013771996939554,0.0,2.1423106350420813,0.0,0.38255547054322875,0.34429992348890587,0.8033664881407804,0.19127773527161437,0.0,1.9510328997704667,0.5355776587605203,0.0,3.5577658760520277,1.0711553175210407,1.9510328997704667,0.0,1.1859219586840093,3.8255547054322876,3.8638102524866107,1.1859219586840093,34.12394797245601,0.8033664881407804,0.0,3.8638102524866107,2.5631216526396328,17921.882172915073,0.0,1.6832440703902065,0.0,1.7597551644988523,1.4919663351185921,0.0,2.180566182096404,1.7980107115531752,0.0,3.366488140780413,0.38255547054322875,3.366488140780413,0.1530221882172915,0.26778882938026016,0.306044376434583,0.03825554705432287,0.38255547054322875,0.34429992348890587,1.0711553175210407,1.6449885233358836,6.159143075745983,0.1530221882172915,7.421576128538638,4.2463657230298395,0.0,44.68247895944912,0.8033664881407804,1.3006885998469777,7.421576128538638,0.5355776587605203,0.1530221882172915,22.5707727620505,3.3282325937260904,0.0,0.0,1.1094108645753635,0.1530221882172915,5.891354246365723,0.8033664881407804,0.42081101759755163,1.9510328997704667,5.31752104055088,1.2624330527926548,6.235654169854629,1.3389441469013006,0.03825554705432287,4.093343534812548,12.394797245600612,4.934965570007651,0.7268553940321346,0.0,0.7268553940321346,0.0,0.07651109410864575,2.5248661055853097,0.0,1.7597551644988523,1.6449885233358836,4.475899005355776,12.547819433817903,0.444,0.449,0.282,0.722,10.4,0.06,0.073,0.089,10.4,0.534,0.498,0.139,0.033,0.136,0.5,0.0,0.214,0.316,0.584,0.289,0.353,0.217,0.1,0.087,0.55,0.5,0.306,0.063,0.045,0.483,0.054,0.47,0.326,0.309,0.572,0.189,0.634,0.502,0.314,0.227,0.568,0.568,0.0,0.568,0.495,0.5,0.53,0.125,0.735,0.616,0.326,0.537,0.833,0.368,0.268,0.478,0.238,0.0,0.238,0.333,0.307,0.476,0.0,0.498,0.549,0.62,0.31,0.46,0.892,0.0,0.0,0.448,0.0,0.314,-0.001,0.0,0.549,0.502,0.313,0.0,0.408,0.634,0.62,0.364,0.47,1.0,0.358,0.326,0.455,0.34,0.569,0.449,0.263,0.189,0.227,0.521,0.687,0.0,0.108,0.825,0.309,0.175,0.5,0.572,0.515,0.1583747927031509,0.2810945273631841,0.2462686567164179,0.3888888888888889,0.38225538971807627,0.49336650082918737,0.49502487562189057,0.5696517412935324,0.2512437810945274,0.3524046434494196,0.32587064676616917,0.3142620232172471,0.906301824212272,0.44029850746268656,0.5597014925373134,0.7437810945273632,0.5398009950248757,0.291044776119403,0.44859038142620233,0.31260364842454397,0.47512437810945274,0.3524046434494196,0.45356550580431176,0.45107794361525705,0.45107794361525705,0.43532338308457713,0.45107794361525705,0.4502487562189055,0.4552238805970149,0.4054726368159204,0.4502487562189055,0.4552238805970149,0.43532338308457713,0.44029850746268656,0.45356550580431176,0.4519071310116086,0.1583747927031509,0.49834162520729686,0.2131011608623549,0.25456053067993367,0.23134328358208955,0.8034825870646766,0.1550580431177446,0.6890547263681592,0.8300165837479271,0.20315091210613598,0.8930348258706468,0.8565505804311775,0.6791044776119403,0.8233830845771144,0.8532338308457711,0.4966832504145937,0.8897180762852405,0.2860696517412935,0.13681592039800994,0.4867330016583748,0.4966832504145937,0.4917081260364842,0.48756218905472637,0.2230514096185738,0.4925373134328358,0.2562189054726368,0.4925373134328358,0.6658374792703151,0.31260364842454397,0.8980099502487562,0.5713101160862355,0.6708126036484245,0.25290215588723053,0.4286898839137645,0.18325041459369817,0.48839137645107794,0.2131011608623549,0.49834162520729686,0.49917081260364843,0.30265339966832505,0.6343283582089553,0.49336650082918737,0.42371475953565507,0.4925373134328358,0.6724709784411277,0.36069651741293535,0.3275290215588723,0.763681592039801,0.09535655058043117,0.08374792703150911,0.21144278606965175,0.3275290215588723,0.3723051409618574,0.43532338308457713,0.49834162520729686,0.48009950248756217,0.4286898839137645,0.4684908789386401,0.4187396351575456,0.42703150912106136,0.42371475953565507,0.46683250414593697,0.08540630182421227,0.21144278606965175,0.2943615257048093,0.1799336650082919,0.533167495854063,0.5381426202321725,0.09535655058043117,0.4361525704809287,0.32172470978441126,0.4792703150912106,0.43781094527363185,0.49917081260364843,0.4734660033167496,0.4925373134328358,0.5016583747927031,0.3407960199004975,0.3706467661691542,0.5613598673300166,0.5132669983416253,0.3839137645107794,0.7205638474295191,0.5066334991708126,0.4154228855721393,0.3706467661691542,0.4286898839137645,0.23797678275290216,0.24129353233830847,0.47180762852404645,0.4461028192371476,0.5,0.3540630182421227,0.533167495854063,0.5248756218905473,0.5,0.48175787728026537,0.49502487562189057,0.5008291873963516,0.2810945273631841,0.49502487562189057,0.5679933665008292,0.27114427860696516,0.49585406301824214,0.3142620232172471,0.3009950248756219,0.5,0.5265339966832504,0.49917081260364843,0.5265339966832504,0.45688225538971805,0.5613598673300166,0.5,0.6525704809286899,0.6044776119402985,0.4975124378109453,0.478441127694859,0.28689883913764513,0.44029850746268656,0.3043117744610282,0.3474295190713101,0.49585406301824214,0.29270315091210614,0.5,0.36069651741293535,0.49834162520729686,0.26616915422885573,0.44029850746268656,0.2877280265339967,0.27114427860696516,0.22719734660033167,0.49834162520729686,0.45356550580431176,0.25538971807628524,0.4021558872305141,0.06218905472636816,0.05555555555555555,0.5008291873963516,0.4651741293532338,0.48839137645107794,0.4154228855721393,0.38474295190713104,0.3308457711442786,0.4286898839137645,0.5008291873963516,0.0472636815920398,0.9029850746268657,0.38723051409618575,0.5008291873963516,0.8565505804311775,0.33167495854063017,0.05555555555555555,0.16169154228855723,0.26533996683250416,0.3275290215588723,0.28441127694859036,0.3034825870646766,0.4386401326699834,0.5132669983416253,0.23797678275290216,0.4759535655058043,0.5016583747927031,0.5066334991708126,0.4320066334991708,0.5398009950248757,0.32587064676616917,0.06218905472636816,0.5696517412935324,0.4767827529021559,0.2752902155887231,0.04228855721393035,0.25456053067993367,0.2230514096185738,0.08540630182421227,0.6907131011608624,0.06053067993366501,0.24129353233830847,0.47180762852404645,0.45107794361525705,0.6144278606965174,0.0472636815920398,0.33747927031509123,0.5008291873963516,0.7205638474295191,0.4427860696517413,0.35903814262023215,0.3839137645107794,0.8814262023217247,0.05555555555555555,0.5613598673300166,0.33913764510779437,0.8598673300165838,0.4154228855721393,0.32172470978441126,0.16500829187396351,0.5613598673300166,0.884742951907131,0.4925373134328358,0.3034825870646766,0.3076285240464345,0.3341625207296849,0.3706467661691542,0.05555555555555555,0.25538971807628524,0.9145936981757877,0.24129353233830847,0.3407960199004975,0.3706467661691542,0.4046434494195688,0.5447761194029851,0.35655058043117743,0.42703150912106136,0.5207296849087893,0.35655058043117743,0.29767827529021557,0.2603648424543947,0.5223880597014925,0.45688225538971805,0.41708126036484244,0.23217247097844113,0.5597014925373134,0.24046434494195687,0.8631840796019901,0.4966832504145937,0.3167495854063018,0.44029850746268656,0.4046434494195688,0.4792703150912106,0.560530679933665,0.21227197346600332,0.6832504145936982,0.6907131011608624,0.6061359867330016,0.31923714759535654,0.6160862354892206,0.5149253731343284,0.44776119402985076,0.675787728026534,0.39054726368159204,0.3175787728026534,0.3092868988391376,0.48756218905472637,0.5348258706467661,0.48756218905472637,0.6169154228855721,0.33250414593698174,0.48092868988391374,0.4427860696517413,0.6310116086235489,0.6160862354892206,0.4461028192371476,0.6409618573797679,0.39054726368159204,0.34577114427860695,0.433665008291874,0.5041459369817579,0.8731343283582089,0.7976782752902156,0.5920398009950248,0.7835820895522388,0.8698175787728026,0.3275290215588723,0.3208955223880597,0.3018242122719735,0.24461028192371476,0.22719734660033167,0.2570480928689884,0.27611940298507465,0.2960199004975124,0.24129353233830847,0.26533996683250416,0.42039800995024873,0.2512437810945274,0.9046434494195689,0.40630182421227196,0.39054726368159204,0.6376451077943616,0.3034825870646766,0.26533996683250416,0.3482587064676617,0.25538971807628524,0.48092868988391374,0.44029850746268656,0.3034825870646766,0.2512437810945274,0.33250414593698174,0.2777777777777778,0.33167495854063017,0.8126036484245439,0.6169154228855721,0.9046434494195689,0.5049751243781094,0.3175787728026534,0.9245439469320066,0.3706467661691542,0.3092868988391376,0.14759535655058043,0.0912106135986733,0.6907131011608624,0.3888888888888889,0.09286898839137644,0.48756218905472637,0.4427860696517413,0.09535655058043117,0.7860696517412935,0.33747927031509123,0.27611940298507465,0.32338308457711445,0.48756218905472637,0.7263681592039801,0.3101160862354892,0.5348258706467661,0.24958540630182421
134,201147,Corey Brewer,32,72,2018,2614,OKC,1610612760,32.0,81.0,186.0,Florida,USA,2007,1,7,46.21270084162204,5.432287681713849,12.08875286916603,1.1859219586840093,4.208110175975516,2.486610558530987,3.442999234889059,1.6449885233358836,4.2463657230298395,5.891354246365723,2.486610558530987,1.874521805661821,3.0221882172915073,0.5355776587605203,0.9563886763580719,5.31752104055088,3.442999234889059,14.537107880642694,-2.1423106350420813,0.0,0.0,0.07651109410864575,3.9403213465952565,4.131599081866871,4.131599081866871,-0.07651109410864575,4.131599081866871,4.016832440703902,3.2899770466717673,0.4973221117061974,4.016832440703902,3.9403213465952565,-0.07651109410864575,-0.07651109410864575,3.9403213465952565,4.016832440703902,0.1530221882172915,0.03825554705432287,0.19127773527161437,1.0711553175210407,0.19127773527161437,0.4590665646518745,0.38255547054322875,6.618209640397858,0.4973221117061974,0.8798775822494261,1.7214996174445294,0.11476664116296863,3.8638102524866107,0.9563886763580719,1.3006885998469777,0.0,3.0221882172915073,0.22953328232593725,0.0,0.0,0.0,0.0,0.0,0.26778882938026016,0.0,0.7651109410864575,0.0,3.9020657995409334,0.11476664116296863,0.19127773527161437,1.0711553175210407,0.03825554705432287,0.1530221882172915,0.0,0.1530221882172915,0.0,0.4973221117061974,0.0,0.0,0.19127773527161437,3.2899770466717673,0.0,0.0,0.0,6.885998469778118,5.011476664116297,2.8309104820198927,0.306044376434583,28.423871461361898,28.423871461361898,0.07651109410864575,6.159143075745983,0.19127773527161437,0.26778882938026016,1.0711553175210407,1.3006885998469777,4.2463657230298395,2.3335883703136955,0.19127773527161437,0.22953328232593725,0.38255547054322875,2.218821729150727,44.68247895944912,0.03825554705432287,14.537107880642694,1.4537107880642692,0.03825554705432287,2.9074215761285385,28.117827084927313,1.0328997704667178,0.03825554705432287,0.0,0.0,0.0,0.0,0.7268553940321346,0.26778882938026016,4.475899005355776,0.07651109410864575,5.31752104055088,0.38255547054322875,0.8033664881407804,1.1094108645753635,0.306044376434583,1.3389441469013006,12.547819433817903,0.8033664881407804,3.366488140780413,7.421576128538638,0.5355776587605203,0.0,0.0,0.0,0.8033664881407804,0.8033664881407804,0.0,1.4154552410099464,1.4154552410099464,0.0,1.7214996174445294,0.0,0.306044376434583,3.481254781943382,0.0,1.6832440703902065,3.175210405508799,0.0,0.03825554705432287,0.0,1.7597551644988523,1.874521805661821,0.5738332058148432,0.0,1.3771996939556235,1.9510328997704667,0.0,3.6342769701606734,0.4590665646518745,0.38255547054322875,0.9563886763580719,0.5738332058148432,0.0,2.6013771996939554,0.0,2.1423106350420813,0.0,0.38255547054322875,0.34429992348890587,0.8033664881407804,0.19127773527161437,0.0,1.9510328997704667,0.5355776587605203,0.0,3.5577658760520277,1.0711553175210407,1.9510328997704667,0.0,1.1859219586840093,3.8255547054322876,3.8638102524866107,1.1859219586840093,34.12394797245601,0.8033664881407804,0.0,5.929609793420046,2.5631216526396328,17921.882172915073,0.0,1.6832440703902065,0.0,3.366488140780413,1.5684774292272379,0.0,2.180566182096404,1.7980107115531752,0.0,3.366488140780413,0.38255547054322875,3.366488140780413,0.1530221882172915,0.26778882938026016,0.306044376434583,0.03825554705432287,0.38255547054322875,0.34429992348890587,2.0275439938791124,1.6449885233358836,6.159143075745983,0.1530221882172915,7.421576128538638,4.2463657230298395,0.0,44.68247895944912,0.8033664881407804,2.3718439173680186,7.421576128538638,0.5355776587605203,0.1530221882172915,22.5707727620505,3.3282325937260904,0.0,0.0,1.1094108645753635,0.1530221882172915,5.891354246365723,0.8033664881407804,0.42081101759755163,3.2517214996174446,5.31752104055088,1.2624330527926548,6.235654169854629,1.3389441469013006,0.03825554705432287,3.5577658760520277,12.394797245600612,4.934965570007651,0.7268553940321346,0.0,0.7268553940321346,0.0,0.07651109410864575,3.8255547054322876,0.0,1.7597551644988523,1.6449885233358836,4.475899005355776,12.547819433817903,0.444,0.449,0.282,0.722,10.4,0.06,0.073,0.089,10.4,0.534,0.498,0.139,0.033,0.136,0.5,0.0,0.214,0.316,0.584,0.289,0.353,0.217,0.1,0.087,0.55,0.5,0.306,0.063,0.045,0.483,0.054,0.47,0.326,0.309,0.572,0.189,0.634,0.502,0.314,0.227,0.568,0.568,0.0,0.568,0.495,0.5,0.53,0.125,0.735,0.616,0.326,0.537,0.833,0.368,0.268,0.478,0.238,0.0,0.238,0.333,0.307,0.476,0.0,0.498,0.549,0.62,0.31,0.46,0.892,0.0,0.0,0.448,0.0,0.314,-0.001,0.0,0.624,0.502,0.313,0.0,0.479,0.634,0.603,0.441,0.47,1.0,0.367,0.326,0.568,0.382,0.565,0.449,0.324,0.189,0.227,0.592,0.687,0.0,0.108,0.825,0.309,0.175,0.509,0.572,0.62,0.1583747927031509,0.2810945273631841,0.2462686567164179,0.3888888888888889,0.38225538971807627,0.49336650082918737,0.49502487562189057,0.5696517412935324,0.2512437810945274,0.3524046434494196,0.32587064676616917,0.3142620232172471,0.906301824212272,0.44029850746268656,0.5597014925373134,0.7437810945273632,0.5398009950248757,0.291044776119403,0.44859038142620233,0.31260364842454397,0.47512437810945274,0.3524046434494196,0.45356550580431176,0.45107794361525705,0.45107794361525705,0.43532338308457713,0.45107794361525705,0.4502487562189055,0.4552238805970149,0.4054726368159204,0.4502487562189055,0.4552238805970149,0.43532338308457713,0.44029850746268656,0.45356550580431176,0.4519071310116086,0.1583747927031509,0.49834162520729686,0.2131011608623549,0.25456053067993367,0.23134328358208955,0.8034825870646766,0.1550580431177446,0.6890547263681592,0.8300165837479271,0.20315091210613598,0.8930348258706468,0.8565505804311775,0.6791044776119403,0.8233830845771144,0.8532338308457711,0.4966832504145937,0.8897180762852405,0.2860696517412935,0.13681592039800994,0.4867330016583748,0.4966832504145937,0.4917081260364842,0.48756218905472637,0.2230514096185738,0.4925373134328358,0.2562189054726368,0.4925373134328358,0.6658374792703151,0.31260364842454397,0.8980099502487562,0.5713101160862355,0.6708126036484245,0.25290215588723053,0.4286898839137645,0.18325041459369817,0.48839137645107794,0.2131011608623549,0.49834162520729686,0.49917081260364843,0.30265339966832505,0.6343283582089553,0.49336650082918737,0.42371475953565507,0.4925373134328358,0.6724709784411277,0.36069651741293535,0.3275290215588723,0.763681592039801,0.09535655058043117,0.08374792703150911,0.21144278606965175,0.3275290215588723,0.3723051409618574,0.43532338308457713,0.49834162520729686,0.48009950248756217,0.4286898839137645,0.4684908789386401,0.4187396351575456,0.42703150912106136,0.42371475953565507,0.46683250414593697,0.08540630182421227,0.21144278606965175,0.2943615257048093,0.1799336650082919,0.533167495854063,0.5381426202321725,0.09535655058043117,0.4361525704809287,0.32172470978441126,0.4792703150912106,0.43781094527363185,0.49917081260364843,0.4734660033167496,0.4925373134328358,0.5016583747927031,0.3407960199004975,0.3706467661691542,0.5613598673300166,0.5132669983416253,0.3839137645107794,0.7205638474295191,0.5066334991708126,0.4154228855721393,0.3706467661691542,0.4286898839137645,0.23797678275290216,0.24129353233830847,0.47180762852404645,0.4461028192371476,0.5,0.3540630182421227,0.533167495854063,0.5248756218905473,0.5,0.48175787728026537,0.49502487562189057,0.5008291873963516,0.2810945273631841,0.49502487562189057,0.5679933665008292,0.27114427860696516,0.49585406301824214,0.3142620232172471,0.3009950248756219,0.5,0.5265339966832504,0.49917081260364843,0.5265339966832504,0.45688225538971805,0.5613598673300166,0.5,0.6525704809286899,0.6044776119402985,0.4975124378109453,0.478441127694859,0.28689883913764513,0.44029850746268656,0.3043117744610282,0.3474295190713101,0.49585406301824214,0.29270315091210614,0.5,0.36069651741293535,0.49834162520729686,0.26616915422885573,0.44029850746268656,0.2877280265339967,0.27114427860696516,0.22719734660033167,0.49834162520729686,0.45356550580431176,0.25538971807628524,0.4021558872305141,0.06218905472636816,0.05555555555555555,0.5008291873963516,0.4651741293532338,0.48839137645107794,0.4154228855721393,0.38474295190713104,0.3308457711442786,0.4286898839137645,0.5008291873963516,0.10862354892205639,0.9029850746268657,0.38723051409618575,0.5008291873963516,0.8565505804311775,0.33167495854063017,0.13018242122719734,0.23466003316749584,0.26533996683250416,0.3275290215588723,0.28441127694859036,0.3034825870646766,0.4386401326699834,0.5132669983416253,0.23797678275290216,0.4759535655058043,0.5016583747927031,0.5066334991708126,0.4320066334991708,0.5398009950248757,0.32587064676616917,0.13349917081260365,0.5696517412935324,0.4767827529021559,0.2752902155887231,0.04228855721393035,0.25456053067993367,0.2230514096185738,0.08540630182421227,0.6907131011608624,0.1318407960199005,0.24129353233830847,0.47180762852404645,0.45107794361525705,0.6144278606965174,0.0472636815920398,0.33747927031509123,0.5008291873963516,0.7205638474295191,0.4427860696517413,0.35903814262023215,0.3839137645107794,0.8814262023217247,0.11857379767827529,0.5613598673300166,0.33913764510779437,0.8598673300165838,0.4154228855721393,0.32172470978441126,0.08208955223880597,0.5613598673300166,0.884742951907131,0.4925373134328358,0.3034825870646766,0.3076285240464345,0.3341625207296849,0.3706467661691542,0.11857379767827529,0.25538971807628524,0.9145936981757877,0.24129353233830847,0.3407960199004975,0.3706467661691542,0.4046434494195688,0.5447761194029851,0.35655058043117743,0.42703150912106136,0.5207296849087893,0.35655058043117743,0.29767827529021557,0.2603648424543947,0.5223880597014925,0.45688225538971805,0.41708126036484244,0.23217247097844113,0.5597014925373134,0.24046434494195687,0.8631840796019901,0.4966832504145937,0.3167495854063018,0.44029850746268656,0.4046434494195688,0.4792703150912106,0.560530679933665,0.21227197346600332,0.6832504145936982,0.6907131011608624,0.6061359867330016,0.31923714759535654,0.6160862354892206,0.5149253731343284,0.44776119402985076,0.675787728026534,0.39054726368159204,0.3175787728026534,0.3092868988391376,0.48756218905472637,0.5348258706467661,0.48756218905472637,0.6169154228855721,0.33250414593698174,0.48092868988391374,0.4427860696517413,0.6310116086235489,0.6160862354892206,0.4461028192371476,0.6409618573797679,0.39054726368159204,0.34577114427860695,0.433665008291874,0.5041459369817579,0.8731343283582089,0.7976782752902156,0.5920398009950248,0.7835820895522388,0.8698175787728026,0.3275290215588723,0.3208955223880597,0.3018242122719735,0.24461028192371476,0.22719734660033167,0.2570480928689884,0.27611940298507465,0.2960199004975124,0.24129353233830847,0.26533996683250416,0.42039800995024873,0.2512437810945274,0.9046434494195689,0.40630182421227196,0.39054726368159204,0.6376451077943616,0.3034825870646766,0.26533996683250416,0.3482587064676617,0.25538971807628524,0.48092868988391374,0.44029850746268656,0.3034825870646766,0.6616915422885572,0.33250414593698174,0.2777777777777778,0.33167495854063017,0.9145936981757877,0.6169154228855721,0.5016583747927031,0.8839137645107794,0.3175787728026534,0.9245439469320066,0.8441127694859039,0.3092868988391376,0.8590381426202321,0.19734660033167495,0.5422885572139303,0.3888888888888889,0.28441127694859036,0.48756218905472637,0.4427860696517413,0.19734660033167495,0.7860696517412935,0.33747927031509123,0.27611940298507465,0.32338308457711445,0.48756218905472637,0.7263681592039801,0.5796019900497512,0.5348258706467661,0.8159203980099502
135,201147,Corey Brewer,32,72,2018,2614,OKC,1610612760,32.0,81.0,186.0,Florida,USA,2007,1,7,46.21270084162204,5.432287681713849,12.08875286916603,1.1859219586840093,4.208110175975516,2.486610558530987,3.442999234889059,1.6449885233358836,4.2463657230298395,5.891354246365723,2.486610558530987,1.874521805661821,3.0221882172915073,0.5355776587605203,0.9563886763580719,5.31752104055088,3.442999234889059,14.537107880642694,-2.1423106350420813,0.0,0.0,0.07651109410864575,3.9403213465952565,4.131599081866871,4.131599081866871,-0.07651109410864575,4.131599081866871,4.016832440703902,3.2899770466717673,0.4973221117061974,4.016832440703902,3.9403213465952565,-0.07651109410864575,-0.07651109410864575,3.9403213465952565,4.016832440703902,0.1530221882172915,0.03825554705432287,0.19127773527161437,1.0711553175210407,0.19127773527161437,0.4590665646518745,0.38255547054322875,6.618209640397858,0.4973221117061974,0.8798775822494261,1.7214996174445294,0.11476664116296863,3.8638102524866107,0.9563886763580719,1.3006885998469777,0.0,3.0221882172915073,0.22953328232593725,0.0,0.0,0.0,0.0,0.0,0.26778882938026016,0.0,0.7651109410864575,0.0,3.9020657995409334,0.11476664116296863,0.19127773527161437,1.0711553175210407,0.03825554705432287,0.1530221882172915,0.0,0.1530221882172915,0.0,0.4973221117061974,0.0,0.0,0.19127773527161437,3.2899770466717673,0.0,0.0,0.0,6.885998469778118,5.011476664116297,2.8309104820198927,0.306044376434583,28.423871461361898,28.423871461361898,0.07651109410864575,6.159143075745983,0.19127773527161437,0.26778882938026016,1.0711553175210407,1.3006885998469777,4.2463657230298395,2.3335883703136955,0.19127773527161437,0.22953328232593725,0.38255547054322875,2.218821729150727,44.68247895944912,0.03825554705432287,14.537107880642694,1.4537107880642692,0.03825554705432287,2.9074215761285385,28.117827084927313,1.0328997704667178,0.03825554705432287,0.0,0.0,0.0,0.0,0.7268553940321346,0.26778882938026016,4.475899005355776,0.07651109410864575,5.31752104055088,0.38255547054322875,0.8033664881407804,1.1094108645753635,0.306044376434583,1.3389441469013006,12.547819433817903,0.8033664881407804,3.366488140780413,7.421576128538638,0.5355776587605203,0.0,0.0,0.0,0.8033664881407804,0.8033664881407804,0.0,1.4154552410099464,1.4154552410099464,0.0,1.7214996174445294,0.0,0.306044376434583,3.481254781943382,0.0,1.6832440703902065,3.175210405508799,0.0,0.03825554705432287,0.0,1.7597551644988523,1.874521805661821,0.5738332058148432,0.0,1.3771996939556235,1.9510328997704667,0.0,3.6342769701606734,0.4590665646518745,0.38255547054322875,0.9563886763580719,0.5738332058148432,0.0,2.6013771996939554,0.0,2.1423106350420813,0.0,0.38255547054322875,0.34429992348890587,0.8033664881407804,0.19127773527161437,0.0,1.9510328997704667,0.5355776587605203,0.0,3.5577658760520277,1.0711553175210407,1.9510328997704667,0.0,1.1859219586840093,3.8255547054322876,3.8638102524866107,1.1859219586840093,34.12394797245601,0.8033664881407804,0.0,5.929609793420046,2.5631216526396328,17921.882172915073,0.0,1.6832440703902065,0.0,3.366488140780413,1.5684774292272379,0.0,2.180566182096404,1.7980107115531752,0.0,3.366488140780413,0.38255547054322875,3.366488140780413,0.1530221882172915,0.26778882938026016,0.306044376434583,0.03825554705432287,0.38255547054322875,0.34429992348890587,2.0275439938791124,1.6449885233358836,6.159143075745983,0.1530221882172915,7.421576128538638,4.2463657230298395,0.0,44.68247895944912,0.8033664881407804,1.3006885998469777,7.421576128538638,0.5355776587605203,0.1530221882172915,22.5707727620505,3.3282325937260904,0.0,0.0,1.1094108645753635,0.1530221882172915,5.891354246365723,0.8033664881407804,0.42081101759755163,3.2517214996174446,5.31752104055088,1.2624330527926548,6.235654169854629,1.3389441469013006,0.03825554705432287,3.5577658760520277,12.394797245600612,4.934965570007651,0.7268553940321346,0.0,0.7268553940321346,0.0,0.07651109410864575,2.5248661055853097,0.0,1.7597551644988523,1.6449885233358836,4.475899005355776,12.547819433817903,0.444,0.449,0.282,0.722,10.4,0.06,0.073,0.089,10.4,0.534,0.498,0.139,0.033,0.136,0.5,0.0,0.214,0.316,0.584,0.289,0.353,0.217,0.1,0.087,0.55,0.5,0.306,0.063,0.045,0.483,0.054,0.47,0.326,0.309,0.572,0.189,0.634,0.502,0.314,0.227,0.568,0.568,0.0,0.568,0.495,0.5,0.53,0.125,0.735,0.616,0.326,0.537,0.833,0.368,0.268,0.478,0.238,0.0,0.238,0.333,0.307,0.476,0.0,0.498,0.549,0.62,0.31,0.46,0.892,0.0,0.0,0.448,0.0,0.314,-0.001,0.0,0.624,0.502,0.313,0.0,0.479,0.634,0.603,0.441,0.47,1.0,0.367,0.326,0.568,0.34,0.569,0.449,0.324,0.189,0.227,0.592,0.687,0.0,0.108,0.825,0.309,0.175,0.509,0.572,0.515,0.1583747927031509,0.2810945273631841,0.2462686567164179,0.3888888888888889,0.38225538971807627,0.49336650082918737,0.49502487562189057,0.5696517412935324,0.2512437810945274,0.3524046434494196,0.32587064676616917,0.3142620232172471,0.906301824212272,0.44029850746268656,0.5597014925373134,0.7437810945273632,0.5398009950248757,0.291044776119403,0.44859038142620233,0.31260364842454397,0.47512437810945274,0.3524046434494196,0.45356550580431176,0.45107794361525705,0.45107794361525705,0.43532338308457713,0.45107794361525705,0.4502487562189055,0.4552238805970149,0.4054726368159204,0.4502487562189055,0.4552238805970149,0.43532338308457713,0.44029850746268656,0.45356550580431176,0.4519071310116086,0.1583747927031509,0.49834162520729686,0.2131011608623549,0.25456053067993367,0.23134328358208955,0.8034825870646766,0.1550580431177446,0.6890547263681592,0.8300165837479271,0.20315091210613598,0.8930348258706468,0.8565505804311775,0.6791044776119403,0.8233830845771144,0.8532338308457711,0.4966832504145937,0.8897180762852405,0.2860696517412935,0.13681592039800994,0.4867330016583748,0.4966832504145937,0.4917081260364842,0.48756218905472637,0.2230514096185738,0.4925373134328358,0.2562189054726368,0.4925373134328358,0.6658374792703151,0.31260364842454397,0.8980099502487562,0.5713101160862355,0.6708126036484245,0.25290215588723053,0.4286898839137645,0.18325041459369817,0.48839137645107794,0.2131011608623549,0.49834162520729686,0.49917081260364843,0.30265339966832505,0.6343283582089553,0.49336650082918737,0.42371475953565507,0.4925373134328358,0.6724709784411277,0.36069651741293535,0.3275290215588723,0.763681592039801,0.09535655058043117,0.08374792703150911,0.21144278606965175,0.3275290215588723,0.3723051409618574,0.43532338308457713,0.49834162520729686,0.48009950248756217,0.4286898839137645,0.4684908789386401,0.4187396351575456,0.42703150912106136,0.42371475953565507,0.46683250414593697,0.08540630182421227,0.21144278606965175,0.2943615257048093,0.1799336650082919,0.533167495854063,0.5381426202321725,0.09535655058043117,0.4361525704809287,0.32172470978441126,0.4792703150912106,0.43781094527363185,0.49917081260364843,0.4734660033167496,0.4925373134328358,0.5016583747927031,0.3407960199004975,0.3706467661691542,0.5613598673300166,0.5132669983416253,0.3839137645107794,0.7205638474295191,0.5066334991708126,0.4154228855721393,0.3706467661691542,0.4286898839137645,0.23797678275290216,0.24129353233830847,0.47180762852404645,0.4461028192371476,0.5,0.3540630182421227,0.533167495854063,0.5248756218905473,0.5,0.48175787728026537,0.49502487562189057,0.5008291873963516,0.2810945273631841,0.49502487562189057,0.5679933665008292,0.27114427860696516,0.49585406301824214,0.3142620232172471,0.3009950248756219,0.5,0.5265339966832504,0.49917081260364843,0.5265339966832504,0.45688225538971805,0.5613598673300166,0.5,0.6525704809286899,0.6044776119402985,0.4975124378109453,0.478441127694859,0.28689883913764513,0.44029850746268656,0.3043117744610282,0.3474295190713101,0.49585406301824214,0.29270315091210614,0.5,0.36069651741293535,0.49834162520729686,0.26616915422885573,0.44029850746268656,0.2877280265339967,0.27114427860696516,0.22719734660033167,0.49834162520729686,0.45356550580431176,0.25538971807628524,0.4021558872305141,0.06218905472636816,0.05555555555555555,0.5008291873963516,0.4651741293532338,0.48839137645107794,0.4154228855721393,0.38474295190713104,0.3308457711442786,0.4286898839137645,0.5008291873963516,0.10862354892205639,0.9029850746268657,0.38723051409618575,0.5008291873963516,0.8565505804311775,0.33167495854063017,0.13018242122719734,0.23466003316749584,0.26533996683250416,0.3275290215588723,0.28441127694859036,0.3034825870646766,0.4386401326699834,0.5132669983416253,0.23797678275290216,0.4759535655058043,0.5016583747927031,0.5066334991708126,0.4320066334991708,0.5398009950248757,0.32587064676616917,0.13349917081260365,0.5696517412935324,0.4767827529021559,0.2752902155887231,0.04228855721393035,0.25456053067993367,0.2230514096185738,0.08540630182421227,0.6907131011608624,0.06053067993366501,0.24129353233830847,0.47180762852404645,0.45107794361525705,0.6144278606965174,0.0472636815920398,0.33747927031509123,0.5008291873963516,0.7205638474295191,0.4427860696517413,0.35903814262023215,0.3839137645107794,0.8814262023217247,0.11857379767827529,0.5613598673300166,0.33913764510779437,0.8598673300165838,0.4154228855721393,0.32172470978441126,0.08208955223880597,0.5613598673300166,0.884742951907131,0.4925373134328358,0.3034825870646766,0.3076285240464345,0.3341625207296849,0.3706467661691542,0.05555555555555555,0.25538971807628524,0.9145936981757877,0.24129353233830847,0.3407960199004975,0.3706467661691542,0.4046434494195688,0.5447761194029851,0.35655058043117743,0.42703150912106136,0.5207296849087893,0.35655058043117743,0.29767827529021557,0.2603648424543947,0.5223880597014925,0.45688225538971805,0.41708126036484244,0.23217247097844113,0.5597014925373134,0.24046434494195687,0.8631840796019901,0.4966832504145937,0.3167495854063018,0.44029850746268656,0.4046434494195688,0.4792703150912106,0.560530679933665,0.21227197346600332,0.6832504145936982,0.6907131011608624,0.6061359867330016,0.31923714759535654,0.6160862354892206,0.5149253731343284,0.44776119402985076,0.675787728026534,0.39054726368159204,0.3175787728026534,0.3092868988391376,0.48756218905472637,0.5348258706467661,0.48756218905472637,0.6169154228855721,0.33250414593698174,0.48092868988391374,0.4427860696517413,0.6310116086235489,0.6160862354892206,0.4461028192371476,0.6409618573797679,0.39054726368159204,0.34577114427860695,0.433665008291874,0.5041459369817579,0.8731343283582089,0.7976782752902156,0.5920398009950248,0.7835820895522388,0.8698175787728026,0.3275290215588723,0.3208955223880597,0.3018242122719735,0.24461028192371476,0.22719734660033167,0.2570480928689884,0.27611940298507465,0.2960199004975124,0.24129353233830847,0.26533996683250416,0.42039800995024873,0.2512437810945274,0.9046434494195689,0.40630182421227196,0.39054726368159204,0.6376451077943616,0.3034825870646766,0.26533996683250416,0.3482587064676617,0.25538971807628524,0.48092868988391374,0.44029850746268656,0.3034825870646766,0.6616915422885572,0.33250414593698174,0.2777777777777778,0.33167495854063017,0.9145936981757877,0.6169154228855721,0.5016583747927031,0.8839137645107794,0.3175787728026534,0.9245439469320066,0.8441127694859039,0.3092868988391376,0.8590381426202321,0.0912106135986733,0.6907131011608624,0.3888888888888889,0.28441127694859036,0.48756218905472637,0.4427860696517413,0.19734660033167495,0.7860696517412935,0.33747927031509123,0.27611940298507465,0.32338308457711445,0.48756218905472637,0.7263681592039801,0.5796019900497512,0.5348258706467661,0.24958540630182421
136,201147,Corey Brewer,32,72,2018,2614,OKC,1610612760,32.0,81.0,186.0,Florida,USA,2007,1,7,46.21270084162204,5.432287681713849,12.08875286916603,1.1859219586840093,4.208110175975516,2.486610558530987,3.442999234889059,1.6449885233358836,4.2463657230298395,5.891354246365723,2.486610558530987,1.874521805661821,3.0221882172915073,0.5355776587605203,0.9563886763580719,5.31752104055088,3.442999234889059,14.537107880642694,-2.1423106350420813,0.0,0.0,0.07651109410864575,3.9403213465952565,4.131599081866871,4.131599081866871,-0.07651109410864575,4.131599081866871,4.016832440703902,3.2899770466717673,0.4973221117061974,4.016832440703902,3.9403213465952565,-0.07651109410864575,-0.07651109410864575,3.9403213465952565,4.016832440703902,0.1530221882172915,0.03825554705432287,0.19127773527161437,1.0711553175210407,0.19127773527161437,0.4590665646518745,0.38255547054322875,6.618209640397858,0.4973221117061974,0.8798775822494261,1.7214996174445294,0.11476664116296863,3.8638102524866107,0.9563886763580719,1.3006885998469777,0.0,3.0221882172915073,0.22953328232593725,0.0,0.0,0.0,0.0,0.0,0.26778882938026016,0.0,0.7651109410864575,0.0,3.9020657995409334,0.11476664116296863,0.19127773527161437,1.0711553175210407,0.03825554705432287,0.1530221882172915,0.0,0.1530221882172915,0.0,0.4973221117061974,0.0,0.0,0.19127773527161437,3.2899770466717673,0.0,0.0,0.0,6.885998469778118,5.011476664116297,2.8309104820198927,0.306044376434583,28.423871461361898,28.423871461361898,0.07651109410864575,6.159143075745983,0.19127773527161437,0.26778882938026016,1.0711553175210407,1.3006885998469777,4.2463657230298395,2.3335883703136955,0.19127773527161437,0.22953328232593725,0.38255547054322875,2.218821729150727,44.68247895944912,0.03825554705432287,14.537107880642694,1.4537107880642692,0.03825554705432287,2.9074215761285385,28.117827084927313,1.0328997704667178,0.03825554705432287,0.0,0.0,0.0,0.0,0.7268553940321346,0.26778882938026016,4.475899005355776,0.07651109410864575,5.31752104055088,0.38255547054322875,0.8033664881407804,1.1094108645753635,0.306044376434583,1.3389441469013006,12.547819433817903,0.8033664881407804,3.366488140780413,7.421576128538638,0.5355776587605203,0.0,0.0,0.0,0.8033664881407804,0.8033664881407804,0.0,1.4154552410099464,1.4154552410099464,0.0,1.7214996174445294,0.0,0.306044376434583,3.481254781943382,0.0,1.6832440703902065,3.175210405508799,0.0,0.03825554705432287,0.0,1.7597551644988523,1.874521805661821,0.5738332058148432,0.0,1.3771996939556235,1.9510328997704667,0.0,3.6342769701606734,0.4590665646518745,0.38255547054322875,0.9563886763580719,0.5738332058148432,0.0,2.6013771996939554,0.0,2.1423106350420813,0.0,0.38255547054322875,0.34429992348890587,0.8033664881407804,0.19127773527161437,0.0,1.9510328997704667,0.5355776587605203,0.0,3.5577658760520277,1.0711553175210407,1.9510328997704667,0.0,1.1859219586840093,3.8255547054322876,3.8638102524866107,1.1859219586840093,34.12394797245601,0.8033664881407804,0.0,5.929609793420046,2.5631216526396328,17921.882172915073,0.0,1.6832440703902065,0.0,3.366488140780413,1.5684774292272379,0.0,2.180566182096404,1.7980107115531752,0.0,3.366488140780413,0.38255547054322875,3.366488140780413,0.1530221882172915,0.26778882938026016,0.306044376434583,0.03825554705432287,0.38255547054322875,0.34429992348890587,1.0711553175210407,1.6449885233358836,6.159143075745983,0.1530221882172915,7.421576128538638,4.2463657230298395,0.0,44.68247895944912,0.8033664881407804,2.3718439173680186,7.421576128538638,0.5355776587605203,0.1530221882172915,22.5707727620505,3.3282325937260904,0.0,0.0,1.1094108645753635,0.1530221882172915,5.891354246365723,0.8033664881407804,0.42081101759755163,1.9510328997704667,5.31752104055088,1.2624330527926548,6.235654169854629,1.3389441469013006,0.03825554705432287,3.5577658760520277,12.394797245600612,4.934965570007651,0.7268553940321346,0.0,0.7268553940321346,0.0,0.07651109410864575,3.8255547054322876,0.0,1.7597551644988523,1.6449885233358836,4.475899005355776,12.547819433817903,0.444,0.449,0.282,0.722,10.4,0.06,0.073,0.089,10.4,0.534,0.498,0.139,0.033,0.136,0.5,0.0,0.214,0.316,0.584,0.289,0.353,0.217,0.1,0.087,0.55,0.5,0.306,0.063,0.045,0.483,0.054,0.47,0.326,0.309,0.572,0.189,0.634,0.502,0.314,0.227,0.568,0.568,0.0,0.568,0.495,0.5,0.53,0.125,0.735,0.616,0.326,0.537,0.833,0.368,0.268,0.478,0.238,0.0,0.238,0.333,0.307,0.476,0.0,0.498,0.549,0.62,0.31,0.46,0.892,0.0,0.0,0.448,0.0,0.314,-0.001,0.0,0.549,0.502,0.313,0.0,0.479,0.634,0.62,0.441,0.47,1.0,0.367,0.326,0.568,0.382,0.565,0.449,0.263,0.189,0.227,0.592,0.687,0.0,0.108,0.825,0.309,0.175,0.509,0.572,0.62,0.1583747927031509,0.2810945273631841,0.2462686567164179,0.3888888888888889,0.38225538971807627,0.49336650082918737,0.49502487562189057,0.5696517412935324,0.2512437810945274,0.3524046434494196,0.32587064676616917,0.3142620232172471,0.906301824212272,0.44029850746268656,0.5597014925373134,0.7437810945273632,0.5398009950248757,0.291044776119403,0.44859038142620233,0.31260364842454397,0.47512437810945274,0.3524046434494196,0.45356550580431176,0.45107794361525705,0.45107794361525705,0.43532338308457713,0.45107794361525705,0.4502487562189055,0.4552238805970149,0.4054726368159204,0.4502487562189055,0.4552238805970149,0.43532338308457713,0.44029850746268656,0.45356550580431176,0.4519071310116086,0.1583747927031509,0.49834162520729686,0.2131011608623549,0.25456053067993367,0.23134328358208955,0.8034825870646766,0.1550580431177446,0.6890547263681592,0.8300165837479271,0.20315091210613598,0.8930348258706468,0.8565505804311775,0.6791044776119403,0.8233830845771144,0.8532338308457711,0.4966832504145937,0.8897180762852405,0.2860696517412935,0.13681592039800994,0.4867330016583748,0.4966832504145937,0.4917081260364842,0.48756218905472637,0.2230514096185738,0.4925373134328358,0.2562189054726368,0.4925373134328358,0.6658374792703151,0.31260364842454397,0.8980099502487562,0.5713101160862355,0.6708126036484245,0.25290215588723053,0.4286898839137645,0.18325041459369817,0.48839137645107794,0.2131011608623549,0.49834162520729686,0.49917081260364843,0.30265339966832505,0.6343283582089553,0.49336650082918737,0.42371475953565507,0.4925373134328358,0.6724709784411277,0.36069651741293535,0.3275290215588723,0.763681592039801,0.09535655058043117,0.08374792703150911,0.21144278606965175,0.3275290215588723,0.3723051409618574,0.43532338308457713,0.49834162520729686,0.48009950248756217,0.4286898839137645,0.4684908789386401,0.4187396351575456,0.42703150912106136,0.42371475953565507,0.46683250414593697,0.08540630182421227,0.21144278606965175,0.2943615257048093,0.1799336650082919,0.533167495854063,0.5381426202321725,0.09535655058043117,0.4361525704809287,0.32172470978441126,0.4792703150912106,0.43781094527363185,0.49917081260364843,0.4734660033167496,0.4925373134328358,0.5016583747927031,0.3407960199004975,0.3706467661691542,0.5613598673300166,0.5132669983416253,0.3839137645107794,0.7205638474295191,0.5066334991708126,0.4154228855721393,0.3706467661691542,0.4286898839137645,0.23797678275290216,0.24129353233830847,0.47180762852404645,0.4461028192371476,0.5,0.3540630182421227,0.533167495854063,0.5248756218905473,0.5,0.48175787728026537,0.49502487562189057,0.5008291873963516,0.2810945273631841,0.49502487562189057,0.5679933665008292,0.27114427860696516,0.49585406301824214,0.3142620232172471,0.3009950248756219,0.5,0.5265339966832504,0.49917081260364843,0.5265339966832504,0.45688225538971805,0.5613598673300166,0.5,0.6525704809286899,0.6044776119402985,0.4975124378109453,0.478441127694859,0.28689883913764513,0.44029850746268656,0.3043117744610282,0.3474295190713101,0.49585406301824214,0.29270315091210614,0.5,0.36069651741293535,0.49834162520729686,0.26616915422885573,0.44029850746268656,0.2877280265339967,0.27114427860696516,0.22719734660033167,0.49834162520729686,0.45356550580431176,0.25538971807628524,0.4021558872305141,0.06218905472636816,0.05555555555555555,0.5008291873963516,0.4651741293532338,0.48839137645107794,0.4154228855721393,0.38474295190713104,0.3308457711442786,0.4286898839137645,0.5008291873963516,0.10862354892205639,0.9029850746268657,0.38723051409618575,0.5008291873963516,0.8565505804311775,0.33167495854063017,0.13018242122719734,0.23466003316749584,0.26533996683250416,0.3275290215588723,0.28441127694859036,0.3034825870646766,0.4386401326699834,0.5132669983416253,0.23797678275290216,0.4759535655058043,0.5016583747927031,0.5066334991708126,0.4320066334991708,0.5398009950248757,0.32587064676616917,0.06218905472636816,0.5696517412935324,0.4767827529021559,0.2752902155887231,0.04228855721393035,0.25456053067993367,0.2230514096185738,0.08540630182421227,0.6907131011608624,0.1318407960199005,0.24129353233830847,0.47180762852404645,0.45107794361525705,0.6144278606965174,0.0472636815920398,0.33747927031509123,0.5008291873963516,0.7205638474295191,0.4427860696517413,0.35903814262023215,0.3839137645107794,0.8814262023217247,0.05555555555555555,0.5613598673300166,0.33913764510779437,0.8598673300165838,0.4154228855721393,0.32172470978441126,0.08208955223880597,0.5613598673300166,0.884742951907131,0.4925373134328358,0.3034825870646766,0.3076285240464345,0.3341625207296849,0.3706467661691542,0.11857379767827529,0.25538971807628524,0.9145936981757877,0.24129353233830847,0.3407960199004975,0.3706467661691542,0.4046434494195688,0.5447761194029851,0.35655058043117743,0.42703150912106136,0.5207296849087893,0.35655058043117743,0.29767827529021557,0.2603648424543947,0.5223880597014925,0.45688225538971805,0.41708126036484244,0.23217247097844113,0.5597014925373134,0.24046434494195687,0.8631840796019901,0.4966832504145937,0.3167495854063018,0.44029850746268656,0.4046434494195688,0.4792703150912106,0.560530679933665,0.21227197346600332,0.6832504145936982,0.6907131011608624,0.6061359867330016,0.31923714759535654,0.6160862354892206,0.5149253731343284,0.44776119402985076,0.675787728026534,0.39054726368159204,0.3175787728026534,0.3092868988391376,0.48756218905472637,0.5348258706467661,0.48756218905472637,0.6169154228855721,0.33250414593698174,0.48092868988391374,0.4427860696517413,0.6310116086235489,0.6160862354892206,0.4461028192371476,0.6409618573797679,0.39054726368159204,0.34577114427860695,0.433665008291874,0.5041459369817579,0.8731343283582089,0.7976782752902156,0.5920398009950248,0.7835820895522388,0.8698175787728026,0.3275290215588723,0.3208955223880597,0.3018242122719735,0.24461028192371476,0.22719734660033167,0.2570480928689884,0.27611940298507465,0.2960199004975124,0.24129353233830847,0.26533996683250416,0.42039800995024873,0.2512437810945274,0.9046434494195689,0.40630182421227196,0.39054726368159204,0.6376451077943616,0.3034825870646766,0.26533996683250416,0.3482587064676617,0.25538971807628524,0.48092868988391374,0.44029850746268656,0.3034825870646766,0.2512437810945274,0.33250414593698174,0.2777777777777778,0.33167495854063017,0.9145936981757877,0.6169154228855721,0.9046434494195689,0.8839137645107794,0.3175787728026534,0.9245439469320066,0.8441127694859039,0.3092868988391376,0.8590381426202321,0.19734660033167495,0.5422885572139303,0.3888888888888889,0.09286898839137644,0.48756218905472637,0.4427860696517413,0.19734660033167495,0.7860696517412935,0.33747927031509123,0.27611940298507465,0.32338308457711445,0.48756218905472637,0.7263681592039801,0.5796019900497512,0.5348258706467661,0.8159203980099502
137,201147,Corey Brewer,32,72,2018,2614,OKC,1610612760,32.0,81.0,186.0,Florida,USA,2007,1,7,46.21270084162204,5.432287681713849,12.08875286916603,1.1859219586840093,4.208110175975516,2.486610558530987,3.442999234889059,1.6449885233358836,4.2463657230298395,5.891354246365723,2.486610558530987,1.874521805661821,3.0221882172915073,0.5355776587605203,0.9563886763580719,5.31752104055088,3.442999234889059,14.537107880642694,-2.1423106350420813,0.0,0.0,0.07651109410864575,3.9403213465952565,4.131599081866871,4.131599081866871,-0.07651109410864575,4.131599081866871,4.016832440703902,3.2899770466717673,0.4973221117061974,4.016832440703902,3.9403213465952565,-0.07651109410864575,-0.07651109410864575,3.9403213465952565,4.016832440703902,0.1530221882172915,0.03825554705432287,0.19127773527161437,1.0711553175210407,0.19127773527161437,0.4590665646518745,0.38255547054322875,6.618209640397858,0.4973221117061974,0.8798775822494261,1.7214996174445294,0.11476664116296863,3.8638102524866107,0.9563886763580719,1.3006885998469777,0.0,3.0221882172915073,0.22953328232593725,0.0,0.0,0.0,0.0,0.0,0.26778882938026016,0.0,0.7651109410864575,0.0,3.9020657995409334,0.11476664116296863,0.19127773527161437,1.0711553175210407,0.03825554705432287,0.1530221882172915,0.0,0.1530221882172915,0.0,0.4973221117061974,0.0,0.0,0.19127773527161437,3.2899770466717673,0.0,0.0,0.0,6.885998469778118,5.011476664116297,2.8309104820198927,0.306044376434583,28.423871461361898,28.423871461361898,0.07651109410864575,6.159143075745983,0.19127773527161437,0.26778882938026016,1.0711553175210407,1.3006885998469777,4.2463657230298395,2.3335883703136955,0.19127773527161437,0.22953328232593725,0.38255547054322875,2.218821729150727,44.68247895944912,0.03825554705432287,14.537107880642694,1.4537107880642692,0.03825554705432287,2.9074215761285385,28.117827084927313,1.0328997704667178,0.03825554705432287,0.0,0.0,0.0,0.0,0.7268553940321346,0.26778882938026016,4.475899005355776,0.07651109410864575,5.31752104055088,0.38255547054322875,0.8033664881407804,1.1094108645753635,0.306044376434583,1.3389441469013006,12.547819433817903,0.8033664881407804,3.366488140780413,7.421576128538638,0.5355776587605203,0.0,0.0,0.0,0.8033664881407804,0.8033664881407804,0.0,1.4154552410099464,1.4154552410099464,0.0,1.7214996174445294,0.0,0.306044376434583,3.481254781943382,0.0,1.6832440703902065,3.175210405508799,0.0,0.03825554705432287,0.0,1.7597551644988523,1.874521805661821,0.5738332058148432,0.0,1.3771996939556235,1.9510328997704667,0.0,3.6342769701606734,0.4590665646518745,0.38255547054322875,0.9563886763580719,0.5738332058148432,0.0,2.6013771996939554,0.0,2.1423106350420813,0.0,0.38255547054322875,0.34429992348890587,0.8033664881407804,0.19127773527161437,0.0,1.9510328997704667,0.5355776587605203,0.0,3.5577658760520277,1.0711553175210407,1.9510328997704667,0.0,1.1859219586840093,3.8255547054322876,3.8638102524866107,1.1859219586840093,34.12394797245601,0.8033664881407804,0.0,5.929609793420046,2.5631216526396328,17921.882172915073,0.0,1.6832440703902065,0.0,3.366488140780413,1.5684774292272379,0.0,2.180566182096404,1.7980107115531752,0.0,3.366488140780413,0.38255547054322875,3.366488140780413,0.1530221882172915,0.26778882938026016,0.306044376434583,0.03825554705432287,0.38255547054322875,0.34429992348890587,1.0711553175210407,1.6449885233358836,6.159143075745983,0.1530221882172915,7.421576128538638,4.2463657230298395,0.0,44.68247895944912,0.8033664881407804,1.3006885998469777,7.421576128538638,0.5355776587605203,0.1530221882172915,22.5707727620505,3.3282325937260904,0.0,0.0,1.1094108645753635,0.1530221882172915,5.891354246365723,0.8033664881407804,0.42081101759755163,1.9510328997704667,5.31752104055088,1.2624330527926548,6.235654169854629,1.3389441469013006,0.03825554705432287,3.5577658760520277,12.394797245600612,4.934965570007651,0.7268553940321346,0.0,0.7268553940321346,0.0,0.07651109410864575,2.5248661055853097,0.0,1.7597551644988523,1.6449885233358836,4.475899005355776,12.547819433817903,0.444,0.449,0.282,0.722,10.4,0.06,0.073,0.089,10.4,0.534,0.498,0.139,0.033,0.136,0.5,0.0,0.214,0.316,0.584,0.289,0.353,0.217,0.1,0.087,0.55,0.5,0.306,0.063,0.045,0.483,0.054,0.47,0.326,0.309,0.572,0.189,0.634,0.502,0.314,0.227,0.568,0.568,0.0,0.568,0.495,0.5,0.53,0.125,0.735,0.616,0.326,0.537,0.833,0.368,0.268,0.478,0.238,0.0,0.238,0.333,0.307,0.476,0.0,0.498,0.549,0.62,0.31,0.46,0.892,0.0,0.0,0.448,0.0,0.314,-0.001,0.0,0.549,0.502,0.313,0.0,0.479,0.634,0.62,0.441,0.47,1.0,0.367,0.326,0.568,0.34,0.569,0.449,0.263,0.189,0.227,0.592,0.687,0.0,0.108,0.825,0.309,0.175,0.509,0.572,0.515,0.1583747927031509,0.2810945273631841,0.2462686567164179,0.3888888888888889,0.38225538971807627,0.49336650082918737,0.49502487562189057,0.5696517412935324,0.2512437810945274,0.3524046434494196,0.32587064676616917,0.3142620232172471,0.906301824212272,0.44029850746268656,0.5597014925373134,0.7437810945273632,0.5398009950248757,0.291044776119403,0.44859038142620233,0.31260364842454397,0.47512437810945274,0.3524046434494196,0.45356550580431176,0.45107794361525705,0.45107794361525705,0.43532338308457713,0.45107794361525705,0.4502487562189055,0.4552238805970149,0.4054726368159204,0.4502487562189055,0.4552238805970149,0.43532338308457713,0.44029850746268656,0.45356550580431176,0.4519071310116086,0.1583747927031509,0.49834162520729686,0.2131011608623549,0.25456053067993367,0.23134328358208955,0.8034825870646766,0.1550580431177446,0.6890547263681592,0.8300165837479271,0.20315091210613598,0.8930348258706468,0.8565505804311775,0.6791044776119403,0.8233830845771144,0.8532338308457711,0.4966832504145937,0.8897180762852405,0.2860696517412935,0.13681592039800994,0.4867330016583748,0.4966832504145937,0.4917081260364842,0.48756218905472637,0.2230514096185738,0.4925373134328358,0.2562189054726368,0.4925373134328358,0.6658374792703151,0.31260364842454397,0.8980099502487562,0.5713101160862355,0.6708126036484245,0.25290215588723053,0.4286898839137645,0.18325041459369817,0.48839137645107794,0.2131011608623549,0.49834162520729686,0.49917081260364843,0.30265339966832505,0.6343283582089553,0.49336650082918737,0.42371475953565507,0.4925373134328358,0.6724709784411277,0.36069651741293535,0.3275290215588723,0.763681592039801,0.09535655058043117,0.08374792703150911,0.21144278606965175,0.3275290215588723,0.3723051409618574,0.43532338308457713,0.49834162520729686,0.48009950248756217,0.4286898839137645,0.4684908789386401,0.4187396351575456,0.42703150912106136,0.42371475953565507,0.46683250414593697,0.08540630182421227,0.21144278606965175,0.2943615257048093,0.1799336650082919,0.533167495854063,0.5381426202321725,0.09535655058043117,0.4361525704809287,0.32172470978441126,0.4792703150912106,0.43781094527363185,0.49917081260364843,0.4734660033167496,0.4925373134328358,0.5016583747927031,0.3407960199004975,0.3706467661691542,0.5613598673300166,0.5132669983416253,0.3839137645107794,0.7205638474295191,0.5066334991708126,0.4154228855721393,0.3706467661691542,0.4286898839137645,0.23797678275290216,0.24129353233830847,0.47180762852404645,0.4461028192371476,0.5,0.3540630182421227,0.533167495854063,0.5248756218905473,0.5,0.48175787728026537,0.49502487562189057,0.5008291873963516,0.2810945273631841,0.49502487562189057,0.5679933665008292,0.27114427860696516,0.49585406301824214,0.3142620232172471,0.3009950248756219,0.5,0.5265339966832504,0.49917081260364843,0.5265339966832504,0.45688225538971805,0.5613598673300166,0.5,0.6525704809286899,0.6044776119402985,0.4975124378109453,0.478441127694859,0.28689883913764513,0.44029850746268656,0.3043117744610282,0.3474295190713101,0.49585406301824214,0.29270315091210614,0.5,0.36069651741293535,0.49834162520729686,0.26616915422885573,0.44029850746268656,0.2877280265339967,0.27114427860696516,0.22719734660033167,0.49834162520729686,0.45356550580431176,0.25538971807628524,0.4021558872305141,0.06218905472636816,0.05555555555555555,0.5008291873963516,0.4651741293532338,0.48839137645107794,0.4154228855721393,0.38474295190713104,0.3308457711442786,0.4286898839137645,0.5008291873963516,0.10862354892205639,0.9029850746268657,0.38723051409618575,0.5008291873963516,0.8565505804311775,0.33167495854063017,0.13018242122719734,0.23466003316749584,0.26533996683250416,0.3275290215588723,0.28441127694859036,0.3034825870646766,0.4386401326699834,0.5132669983416253,0.23797678275290216,0.4759535655058043,0.5016583747927031,0.5066334991708126,0.4320066334991708,0.5398009950248757,0.32587064676616917,0.06218905472636816,0.5696517412935324,0.4767827529021559,0.2752902155887231,0.04228855721393035,0.25456053067993367,0.2230514096185738,0.08540630182421227,0.6907131011608624,0.06053067993366501,0.24129353233830847,0.47180762852404645,0.45107794361525705,0.6144278606965174,0.0472636815920398,0.33747927031509123,0.5008291873963516,0.7205638474295191,0.4427860696517413,0.35903814262023215,0.3839137645107794,0.8814262023217247,0.05555555555555555,0.5613598673300166,0.33913764510779437,0.8598673300165838,0.4154228855721393,0.32172470978441126,0.08208955223880597,0.5613598673300166,0.884742951907131,0.4925373134328358,0.3034825870646766,0.3076285240464345,0.3341625207296849,0.3706467661691542,0.05555555555555555,0.25538971807628524,0.9145936981757877,0.24129353233830847,0.3407960199004975,0.3706467661691542,0.4046434494195688,0.5447761194029851,0.35655058043117743,0.42703150912106136,0.5207296849087893,0.35655058043117743,0.29767827529021557,0.2603648424543947,0.5223880597014925,0.45688225538971805,0.41708126036484244,0.23217247097844113,0.5597014925373134,0.24046434494195687,0.8631840796019901,0.4966832504145937,0.3167495854063018,0.44029850746268656,0.4046434494195688,0.4792703150912106,0.560530679933665,0.21227197346600332,0.6832504145936982,0.6907131011608624,0.6061359867330016,0.31923714759535654,0.6160862354892206,0.5149253731343284,0.44776119402985076,0.675787728026534,0.39054726368159204,0.3175787728026534,0.3092868988391376,0.48756218905472637,0.5348258706467661,0.48756218905472637,0.6169154228855721,0.33250414593698174,0.48092868988391374,0.4427860696517413,0.6310116086235489,0.6160862354892206,0.4461028192371476,0.6409618573797679,0.39054726368159204,0.34577114427860695,0.433665008291874,0.5041459369817579,0.8731343283582089,0.7976782752902156,0.5920398009950248,0.7835820895522388,0.8698175787728026,0.3275290215588723,0.3208955223880597,0.3018242122719735,0.24461028192371476,0.22719734660033167,0.2570480928689884,0.27611940298507465,0.2960199004975124,0.24129353233830847,0.26533996683250416,0.42039800995024873,0.2512437810945274,0.9046434494195689,0.40630182421227196,0.39054726368159204,0.6376451077943616,0.3034825870646766,0.26533996683250416,0.3482587064676617,0.25538971807628524,0.48092868988391374,0.44029850746268656,0.3034825870646766,0.2512437810945274,0.33250414593698174,0.2777777777777778,0.33167495854063017,0.9145936981757877,0.6169154228855721,0.9046434494195689,0.8839137645107794,0.3175787728026534,0.9245439469320066,0.8441127694859039,0.3092868988391376,0.8590381426202321,0.0912106135986733,0.6907131011608624,0.3888888888888889,0.09286898839137644,0.48756218905472637,0.4427860696517413,0.19734660033167495,0.7860696517412935,0.33747927031509123,0.27611940298507465,0.32338308457711445,0.48756218905472637,0.7263681592039801,0.5796019900497512,0.5348258706467661,0.24958540630182421
138,201147,Corey Brewer,32,72,2018,2614,OKC,1610612760,32.0,81.0,186.0,Florida,USA,2007,1,7,46.21270084162204,5.432287681713849,12.08875286916603,1.1859219586840093,4.208110175975516,2.486610558530987,3.442999234889059,1.6449885233358836,4.2463657230298395,5.891354246365723,2.486610558530987,1.874521805661821,3.0221882172915073,0.5355776587605203,0.9563886763580719,5.31752104055088,3.442999234889059,14.537107880642694,-2.1423106350420813,0.0,0.0,0.07651109410864575,3.9403213465952565,4.131599081866871,4.131599081866871,-0.07651109410864575,4.131599081866871,4.016832440703902,3.2899770466717673,0.4973221117061974,4.016832440703902,3.9403213465952565,-0.07651109410864575,-0.07651109410864575,3.9403213465952565,4.016832440703902,0.1530221882172915,0.03825554705432287,0.19127773527161437,1.0711553175210407,0.19127773527161437,0.4590665646518745,0.38255547054322875,6.618209640397858,0.4973221117061974,0.8798775822494261,1.7214996174445294,0.11476664116296863,3.8638102524866107,0.9563886763580719,1.3006885998469777,0.0,3.0221882172915073,0.22953328232593725,0.0,0.0,0.0,0.0,0.0,0.26778882938026016,0.0,0.7651109410864575,0.0,3.9020657995409334,0.11476664116296863,0.19127773527161437,1.0711553175210407,0.03825554705432287,0.1530221882172915,0.0,0.1530221882172915,0.0,0.4973221117061974,0.0,0.0,0.19127773527161437,3.2899770466717673,0.0,0.0,0.0,6.885998469778118,5.011476664116297,2.8309104820198927,0.306044376434583,28.423871461361898,28.423871461361898,0.07651109410864575,6.159143075745983,0.19127773527161437,0.26778882938026016,1.0711553175210407,1.3006885998469777,4.2463657230298395,2.3335883703136955,0.19127773527161437,0.22953328232593725,0.38255547054322875,2.218821729150727,44.68247895944912,0.03825554705432287,14.537107880642694,1.4537107880642692,0.03825554705432287,2.9074215761285385,28.117827084927313,1.0328997704667178,0.03825554705432287,0.0,0.0,0.0,0.0,0.7268553940321346,0.26778882938026016,4.475899005355776,0.07651109410864575,5.31752104055088,0.38255547054322875,0.8033664881407804,1.1094108645753635,0.306044376434583,1.3389441469013006,12.547819433817903,0.8033664881407804,3.366488140780413,7.421576128538638,0.5355776587605203,0.0,0.0,0.0,0.8033664881407804,0.8033664881407804,0.0,1.4154552410099464,1.4154552410099464,0.0,1.7214996174445294,0.0,0.306044376434583,3.481254781943382,0.0,1.6832440703902065,3.175210405508799,0.0,0.03825554705432287,0.0,1.7597551644988523,1.874521805661821,0.5738332058148432,0.0,1.3771996939556235,1.9510328997704667,0.0,3.6342769701606734,0.4590665646518745,0.38255547054322875,0.9563886763580719,0.5738332058148432,0.0,2.6013771996939554,0.0,2.1423106350420813,0.0,0.38255547054322875,0.34429992348890587,0.8033664881407804,0.19127773527161437,0.0,1.9510328997704667,0.5355776587605203,0.0,3.5577658760520277,1.0711553175210407,1.9510328997704667,0.0,1.1859219586840093,3.8255547054322876,3.8638102524866107,1.1859219586840093,34.12394797245601,0.8033664881407804,0.0,3.8638102524866107,2.5631216526396328,17921.882172915073,0.0,1.6832440703902065,0.0,1.7597551644988523,1.5684774292272379,0.0,2.180566182096404,1.7980107115531752,0.0,3.366488140780413,0.38255547054322875,3.366488140780413,0.1530221882172915,0.26778882938026016,0.306044376434583,0.03825554705432287,0.38255547054322875,0.34429992348890587,2.0275439938791124,1.6449885233358836,6.159143075745983,0.1530221882172915,7.421576128538638,4.2463657230298395,0.0,44.68247895944912,0.8033664881407804,2.3718439173680186,7.421576128538638,0.5355776587605203,0.1530221882172915,22.5707727620505,3.3282325937260904,0.0,0.0,1.1094108645753635,0.1530221882172915,5.891354246365723,0.8033664881407804,0.42081101759755163,3.2517214996174446,5.31752104055088,1.2624330527926548,6.235654169854629,1.3389441469013006,0.03825554705432287,3.5577658760520277,12.394797245600612,4.934965570007651,0.7268553940321346,0.0,0.7268553940321346,0.0,0.07651109410864575,3.8255547054322876,0.0,1.7597551644988523,1.6449885233358836,4.475899005355776,12.547819433817903,0.444,0.449,0.282,0.722,10.4,0.06,0.073,0.089,10.4,0.534,0.498,0.139,0.033,0.136,0.5,0.0,0.214,0.316,0.584,0.289,0.353,0.217,0.1,0.087,0.55,0.5,0.306,0.063,0.045,0.483,0.054,0.47,0.326,0.309,0.572,0.189,0.634,0.502,0.314,0.227,0.568,0.568,0.0,0.568,0.495,0.5,0.53,0.125,0.735,0.616,0.326,0.537,0.833,0.368,0.268,0.478,0.238,0.0,0.238,0.333,0.307,0.476,0.0,0.498,0.549,0.62,0.31,0.46,0.892,0.0,0.0,0.448,0.0,0.314,-0.001,0.0,0.624,0.502,0.313,0.0,0.479,0.634,0.603,0.441,0.47,1.0,0.367,0.326,0.455,0.382,0.565,0.449,0.324,0.189,0.227,0.521,0.687,0.0,0.108,0.825,0.309,0.175,0.5,0.572,0.62,0.1583747927031509,0.2810945273631841,0.2462686567164179,0.3888888888888889,0.38225538971807627,0.49336650082918737,0.49502487562189057,0.5696517412935324,0.2512437810945274,0.3524046434494196,0.32587064676616917,0.3142620232172471,0.906301824212272,0.44029850746268656,0.5597014925373134,0.7437810945273632,0.5398009950248757,0.291044776119403,0.44859038142620233,0.31260364842454397,0.47512437810945274,0.3524046434494196,0.45356550580431176,0.45107794361525705,0.45107794361525705,0.43532338308457713,0.45107794361525705,0.4502487562189055,0.4552238805970149,0.4054726368159204,0.4502487562189055,0.4552238805970149,0.43532338308457713,0.44029850746268656,0.45356550580431176,0.4519071310116086,0.1583747927031509,0.49834162520729686,0.2131011608623549,0.25456053067993367,0.23134328358208955,0.8034825870646766,0.1550580431177446,0.6890547263681592,0.8300165837479271,0.20315091210613598,0.8930348258706468,0.8565505804311775,0.6791044776119403,0.8233830845771144,0.8532338308457711,0.4966832504145937,0.8897180762852405,0.2860696517412935,0.13681592039800994,0.4867330016583748,0.4966832504145937,0.4917081260364842,0.48756218905472637,0.2230514096185738,0.4925373134328358,0.2562189054726368,0.4925373134328358,0.6658374792703151,0.31260364842454397,0.8980099502487562,0.5713101160862355,0.6708126036484245,0.25290215588723053,0.4286898839137645,0.18325041459369817,0.48839137645107794,0.2131011608623549,0.49834162520729686,0.49917081260364843,0.30265339966832505,0.6343283582089553,0.49336650082918737,0.42371475953565507,0.4925373134328358,0.6724709784411277,0.36069651741293535,0.3275290215588723,0.763681592039801,0.09535655058043117,0.08374792703150911,0.21144278606965175,0.3275290215588723,0.3723051409618574,0.43532338308457713,0.49834162520729686,0.48009950248756217,0.4286898839137645,0.4684908789386401,0.4187396351575456,0.42703150912106136,0.42371475953565507,0.46683250414593697,0.08540630182421227,0.21144278606965175,0.2943615257048093,0.1799336650082919,0.533167495854063,0.5381426202321725,0.09535655058043117,0.4361525704809287,0.32172470978441126,0.4792703150912106,0.43781094527363185,0.49917081260364843,0.4734660033167496,0.4925373134328358,0.5016583747927031,0.3407960199004975,0.3706467661691542,0.5613598673300166,0.5132669983416253,0.3839137645107794,0.7205638474295191,0.5066334991708126,0.4154228855721393,0.3706467661691542,0.4286898839137645,0.23797678275290216,0.24129353233830847,0.47180762852404645,0.4461028192371476,0.5,0.3540630182421227,0.533167495854063,0.5248756218905473,0.5,0.48175787728026537,0.49502487562189057,0.5008291873963516,0.2810945273631841,0.49502487562189057,0.5679933665008292,0.27114427860696516,0.49585406301824214,0.3142620232172471,0.3009950248756219,0.5,0.5265339966832504,0.49917081260364843,0.5265339966832504,0.45688225538971805,0.5613598673300166,0.5,0.6525704809286899,0.6044776119402985,0.4975124378109453,0.478441127694859,0.28689883913764513,0.44029850746268656,0.3043117744610282,0.3474295190713101,0.49585406301824214,0.29270315091210614,0.5,0.36069651741293535,0.49834162520729686,0.26616915422885573,0.44029850746268656,0.2877280265339967,0.27114427860696516,0.22719734660033167,0.49834162520729686,0.45356550580431176,0.25538971807628524,0.4021558872305141,0.06218905472636816,0.05555555555555555,0.5008291873963516,0.4651741293532338,0.48839137645107794,0.4154228855721393,0.38474295190713104,0.3308457711442786,0.4286898839137645,0.5008291873963516,0.0472636815920398,0.9029850746268657,0.38723051409618575,0.5008291873963516,0.8565505804311775,0.33167495854063017,0.05555555555555555,0.23466003316749584,0.26533996683250416,0.3275290215588723,0.28441127694859036,0.3034825870646766,0.4386401326699834,0.5132669983416253,0.23797678275290216,0.4759535655058043,0.5016583747927031,0.5066334991708126,0.4320066334991708,0.5398009950248757,0.32587064676616917,0.13349917081260365,0.5696517412935324,0.4767827529021559,0.2752902155887231,0.04228855721393035,0.25456053067993367,0.2230514096185738,0.08540630182421227,0.6907131011608624,0.1318407960199005,0.24129353233830847,0.47180762852404645,0.45107794361525705,0.6144278606965174,0.0472636815920398,0.33747927031509123,0.5008291873963516,0.7205638474295191,0.4427860696517413,0.35903814262023215,0.3839137645107794,0.8814262023217247,0.11857379767827529,0.5613598673300166,0.33913764510779437,0.8598673300165838,0.4154228855721393,0.32172470978441126,0.08208955223880597,0.5613598673300166,0.884742951907131,0.4925373134328358,0.3034825870646766,0.3076285240464345,0.3341625207296849,0.3706467661691542,0.11857379767827529,0.25538971807628524,0.9145936981757877,0.24129353233830847,0.3407960199004975,0.3706467661691542,0.4046434494195688,0.5447761194029851,0.35655058043117743,0.42703150912106136,0.5207296849087893,0.35655058043117743,0.29767827529021557,0.2603648424543947,0.5223880597014925,0.45688225538971805,0.41708126036484244,0.23217247097844113,0.5597014925373134,0.24046434494195687,0.8631840796019901,0.4966832504145937,0.3167495854063018,0.44029850746268656,0.4046434494195688,0.4792703150912106,0.560530679933665,0.21227197346600332,0.6832504145936982,0.6907131011608624,0.6061359867330016,0.31923714759535654,0.6160862354892206,0.5149253731343284,0.44776119402985076,0.675787728026534,0.39054726368159204,0.3175787728026534,0.3092868988391376,0.48756218905472637,0.5348258706467661,0.48756218905472637,0.6169154228855721,0.33250414593698174,0.48092868988391374,0.4427860696517413,0.6310116086235489,0.6160862354892206,0.4461028192371476,0.6409618573797679,0.39054726368159204,0.34577114427860695,0.433665008291874,0.5041459369817579,0.8731343283582089,0.7976782752902156,0.5920398009950248,0.7835820895522388,0.8698175787728026,0.3275290215588723,0.3208955223880597,0.3018242122719735,0.24461028192371476,0.22719734660033167,0.2570480928689884,0.27611940298507465,0.2960199004975124,0.24129353233830847,0.26533996683250416,0.42039800995024873,0.2512437810945274,0.9046434494195689,0.40630182421227196,0.39054726368159204,0.6376451077943616,0.3034825870646766,0.26533996683250416,0.3482587064676617,0.25538971807628524,0.48092868988391374,0.44029850746268656,0.3034825870646766,0.6616915422885572,0.33250414593698174,0.2777777777777778,0.33167495854063017,0.9145936981757877,0.6169154228855721,0.5016583747927031,0.8839137645107794,0.3175787728026534,0.9245439469320066,0.8441127694859039,0.3092868988391376,0.14759535655058043,0.19734660033167495,0.5422885572139303,0.3888888888888889,0.28441127694859036,0.48756218905472637,0.4427860696517413,0.09535655058043117,0.7860696517412935,0.33747927031509123,0.27611940298507465,0.32338308457711445,0.48756218905472637,0.7263681592039801,0.3101160862354892,0.5348258706467661,0.8159203980099502
139,201147,Corey Brewer,32,72,2018,2614,OKC,1610612760,32.0,81.0,186.0,Florida,USA,2007,1,7,46.21270084162204,5.432287681713849,12.08875286916603,1.1859219586840093,4.208110175975516,2.486610558530987,3.442999234889059,1.6449885233358836,4.2463657230298395,5.891354246365723,2.486610558530987,1.874521805661821,3.0221882172915073,0.5355776587605203,0.9563886763580719,5.31752104055088,3.442999234889059,14.537107880642694,-2.1423106350420813,0.0,0.0,0.07651109410864575,3.9403213465952565,4.131599081866871,4.131599081866871,-0.07651109410864575,4.131599081866871,4.016832440703902,3.2899770466717673,0.4973221117061974,4.016832440703902,3.9403213465952565,-0.07651109410864575,-0.07651109410864575,3.9403213465952565,4.016832440703902,0.1530221882172915,0.03825554705432287,0.19127773527161437,1.0711553175210407,0.19127773527161437,0.4590665646518745,0.38255547054322875,6.618209640397858,0.4973221117061974,0.8798775822494261,1.7214996174445294,0.11476664116296863,3.8638102524866107,0.9563886763580719,1.3006885998469777,0.0,3.0221882172915073,0.22953328232593725,0.0,0.0,0.0,0.0,0.0,0.26778882938026016,0.0,0.7651109410864575,0.0,3.9020657995409334,0.11476664116296863,0.19127773527161437,1.0711553175210407,0.03825554705432287,0.1530221882172915,0.0,0.1530221882172915,0.0,0.4973221117061974,0.0,0.0,0.19127773527161437,3.2899770466717673,0.0,0.0,0.0,6.885998469778118,5.011476664116297,2.8309104820198927,0.306044376434583,28.423871461361898,28.423871461361898,0.07651109410864575,6.159143075745983,0.19127773527161437,0.26778882938026016,1.0711553175210407,1.3006885998469777,4.2463657230298395,2.3335883703136955,0.19127773527161437,0.22953328232593725,0.38255547054322875,2.218821729150727,44.68247895944912,0.03825554705432287,14.537107880642694,1.4537107880642692,0.03825554705432287,2.9074215761285385,28.117827084927313,1.0328997704667178,0.03825554705432287,0.0,0.0,0.0,0.0,0.7268553940321346,0.26778882938026016,4.475899005355776,0.07651109410864575,5.31752104055088,0.38255547054322875,0.8033664881407804,1.1094108645753635,0.306044376434583,1.3389441469013006,12.547819433817903,0.8033664881407804,3.366488140780413,7.421576128538638,0.5355776587605203,0.0,0.0,0.0,0.8033664881407804,0.8033664881407804,0.0,1.4154552410099464,1.4154552410099464,0.0,1.7214996174445294,0.0,0.306044376434583,3.481254781943382,0.0,1.6832440703902065,3.175210405508799,0.0,0.03825554705432287,0.0,1.7597551644988523,1.874521805661821,0.5738332058148432,0.0,1.3771996939556235,1.9510328997704667,0.0,3.6342769701606734,0.4590665646518745,0.38255547054322875,0.9563886763580719,0.5738332058148432,0.0,2.6013771996939554,0.0,2.1423106350420813,0.0,0.38255547054322875,0.34429992348890587,0.8033664881407804,0.19127773527161437,0.0,1.9510328997704667,0.5355776587605203,0.0,3.5577658760520277,1.0711553175210407,1.9510328997704667,0.0,1.1859219586840093,3.8255547054322876,3.8638102524866107,1.1859219586840093,34.12394797245601,0.8033664881407804,0.0,3.8638102524866107,2.5631216526396328,17921.882172915073,0.0,1.6832440703902065,0.0,1.7597551644988523,1.5684774292272379,0.0,2.180566182096404,1.7980107115531752,0.0,3.366488140780413,0.38255547054322875,3.366488140780413,0.1530221882172915,0.26778882938026016,0.306044376434583,0.03825554705432287,0.38255547054322875,0.34429992348890587,2.0275439938791124,1.6449885233358836,6.159143075745983,0.1530221882172915,7.421576128538638,4.2463657230298395,0.0,44.68247895944912,0.8033664881407804,1.3006885998469777,7.421576128538638,0.5355776587605203,0.1530221882172915,22.5707727620505,3.3282325937260904,0.0,0.0,1.1094108645753635,0.1530221882172915,5.891354246365723,0.8033664881407804,0.42081101759755163,3.2517214996174446,5.31752104055088,1.2624330527926548,6.235654169854629,1.3389441469013006,0.03825554705432287,3.5577658760520277,12.394797245600612,4.934965570007651,0.7268553940321346,0.0,0.7268553940321346,0.0,0.07651109410864575,2.5248661055853097,0.0,1.7597551644988523,1.6449885233358836,4.475899005355776,12.547819433817903,0.444,0.449,0.282,0.722,10.4,0.06,0.073,0.089,10.4,0.534,0.498,0.139,0.033,0.136,0.5,0.0,0.214,0.316,0.584,0.289,0.353,0.217,0.1,0.087,0.55,0.5,0.306,0.063,0.045,0.483,0.054,0.47,0.326,0.309,0.572,0.189,0.634,0.502,0.314,0.227,0.568,0.568,0.0,0.568,0.495,0.5,0.53,0.125,0.735,0.616,0.326,0.537,0.833,0.368,0.268,0.478,0.238,0.0,0.238,0.333,0.307,0.476,0.0,0.498,0.549,0.62,0.31,0.46,0.892,0.0,0.0,0.448,0.0,0.314,-0.001,0.0,0.624,0.502,0.313,0.0,0.479,0.634,0.603,0.441,0.47,1.0,0.367,0.326,0.455,0.34,0.569,0.449,0.324,0.189,0.227,0.521,0.687,0.0,0.108,0.825,0.309,0.175,0.5,0.572,0.515,0.1583747927031509,0.2810945273631841,0.2462686567164179,0.3888888888888889,0.38225538971807627,0.49336650082918737,0.49502487562189057,0.5696517412935324,0.2512437810945274,0.3524046434494196,0.32587064676616917,0.3142620232172471,0.906301824212272,0.44029850746268656,0.5597014925373134,0.7437810945273632,0.5398009950248757,0.291044776119403,0.44859038142620233,0.31260364842454397,0.47512437810945274,0.3524046434494196,0.45356550580431176,0.45107794361525705,0.45107794361525705,0.43532338308457713,0.45107794361525705,0.4502487562189055,0.4552238805970149,0.4054726368159204,0.4502487562189055,0.4552238805970149,0.43532338308457713,0.44029850746268656,0.45356550580431176,0.4519071310116086,0.1583747927031509,0.49834162520729686,0.2131011608623549,0.25456053067993367,0.23134328358208955,0.8034825870646766,0.1550580431177446,0.6890547263681592,0.8300165837479271,0.20315091210613598,0.8930348258706468,0.8565505804311775,0.6791044776119403,0.8233830845771144,0.8532338308457711,0.4966832504145937,0.8897180762852405,0.2860696517412935,0.13681592039800994,0.4867330016583748,0.4966832504145937,0.4917081260364842,0.48756218905472637,0.2230514096185738,0.4925373134328358,0.2562189054726368,0.4925373134328358,0.6658374792703151,0.31260364842454397,0.8980099502487562,0.5713101160862355,0.6708126036484245,0.25290215588723053,0.4286898839137645,0.18325041459369817,0.48839137645107794,0.2131011608623549,0.49834162520729686,0.49917081260364843,0.30265339966832505,0.6343283582089553,0.49336650082918737,0.42371475953565507,0.4925373134328358,0.6724709784411277,0.36069651741293535,0.3275290215588723,0.763681592039801,0.09535655058043117,0.08374792703150911,0.21144278606965175,0.3275290215588723,0.3723051409618574,0.43532338308457713,0.49834162520729686,0.48009950248756217,0.4286898839137645,0.4684908789386401,0.4187396351575456,0.42703150912106136,0.42371475953565507,0.46683250414593697,0.08540630182421227,0.21144278606965175,0.2943615257048093,0.1799336650082919,0.533167495854063,0.5381426202321725,0.09535655058043117,0.4361525704809287,0.32172470978441126,0.4792703150912106,0.43781094527363185,0.49917081260364843,0.4734660033167496,0.4925373134328358,0.5016583747927031,0.3407960199004975,0.3706467661691542,0.5613598673300166,0.5132669983416253,0.3839137645107794,0.7205638474295191,0.5066334991708126,0.4154228855721393,0.3706467661691542,0.4286898839137645,0.23797678275290216,0.24129353233830847,0.47180762852404645,0.4461028192371476,0.5,0.3540630182421227,0.533167495854063,0.5248756218905473,0.5,0.48175787728026537,0.49502487562189057,0.5008291873963516,0.2810945273631841,0.49502487562189057,0.5679933665008292,0.27114427860696516,0.49585406301824214,0.3142620232172471,0.3009950248756219,0.5,0.5265339966832504,0.49917081260364843,0.5265339966832504,0.45688225538971805,0.5613598673300166,0.5,0.6525704809286899,0.6044776119402985,0.4975124378109453,0.478441127694859,0.28689883913764513,0.44029850746268656,0.3043117744610282,0.3474295190713101,0.49585406301824214,0.29270315091210614,0.5,0.36069651741293535,0.49834162520729686,0.26616915422885573,0.44029850746268656,0.2877280265339967,0.27114427860696516,0.22719734660033167,0.49834162520729686,0.45356550580431176,0.25538971807628524,0.4021558872305141,0.06218905472636816,0.05555555555555555,0.5008291873963516,0.4651741293532338,0.48839137645107794,0.4154228855721393,0.38474295190713104,0.3308457711442786,0.4286898839137645,0.5008291873963516,0.0472636815920398,0.9029850746268657,0.38723051409618575,0.5008291873963516,0.8565505804311775,0.33167495854063017,0.05555555555555555,0.23466003316749584,0.26533996683250416,0.3275290215588723,0.28441127694859036,0.3034825870646766,0.4386401326699834,0.5132669983416253,0.23797678275290216,0.4759535655058043,0.5016583747927031,0.5066334991708126,0.4320066334991708,0.5398009950248757,0.32587064676616917,0.13349917081260365,0.5696517412935324,0.4767827529021559,0.2752902155887231,0.04228855721393035,0.25456053067993367,0.2230514096185738,0.08540630182421227,0.6907131011608624,0.06053067993366501,0.24129353233830847,0.47180762852404645,0.45107794361525705,0.6144278606965174,0.0472636815920398,0.33747927031509123,0.5008291873963516,0.7205638474295191,0.4427860696517413,0.35903814262023215,0.3839137645107794,0.8814262023217247,0.11857379767827529,0.5613598673300166,0.33913764510779437,0.8598673300165838,0.4154228855721393,0.32172470978441126,0.08208955223880597,0.5613598673300166,0.884742951907131,0.4925373134328358,0.3034825870646766,0.3076285240464345,0.3341625207296849,0.3706467661691542,0.05555555555555555,0.25538971807628524,0.9145936981757877,0.24129353233830847,0.3407960199004975,0.3706467661691542,0.4046434494195688,0.5447761194029851,0.35655058043117743,0.42703150912106136,0.5207296849087893,0.35655058043117743,0.29767827529021557,0.2603648424543947,0.5223880597014925,0.45688225538971805,0.41708126036484244,0.23217247097844113,0.5597014925373134,0.24046434494195687,0.8631840796019901,0.4966832504145937,0.3167495854063018,0.44029850746268656,0.4046434494195688,0.4792703150912106,0.560530679933665,0.21227197346600332,0.6832504145936982,0.6907131011608624,0.6061359867330016,0.31923714759535654,0.6160862354892206,0.5149253731343284,0.44776119402985076,0.675787728026534,0.39054726368159204,0.3175787728026534,0.3092868988391376,0.48756218905472637,0.5348258706467661,0.48756218905472637,0.6169154228855721,0.33250414593698174,0.48092868988391374,0.4427860696517413,0.6310116086235489,0.6160862354892206,0.4461028192371476,0.6409618573797679,0.39054726368159204,0.34577114427860695,0.433665008291874,0.5041459369817579,0.8731343283582089,0.7976782752902156,0.5920398009950248,0.7835820895522388,0.8698175787728026,0.3275290215588723,0.3208955223880597,0.3018242122719735,0.24461028192371476,0.22719734660033167,0.2570480928689884,0.27611940298507465,0.2960199004975124,0.24129353233830847,0.26533996683250416,0.42039800995024873,0.2512437810945274,0.9046434494195689,0.40630182421227196,0.39054726368159204,0.6376451077943616,0.3034825870646766,0.26533996683250416,0.3482587064676617,0.25538971807628524,0.48092868988391374,0.44029850746268656,0.3034825870646766,0.6616915422885572,0.33250414593698174,0.2777777777777778,0.33167495854063017,0.9145936981757877,0.6169154228855721,0.5016583747927031,0.8839137645107794,0.3175787728026534,0.9245439469320066,0.8441127694859039,0.3092868988391376,0.14759535655058043,0.0912106135986733,0.6907131011608624,0.3888888888888889,0.28441127694859036,0.48756218905472637,0.4427860696517413,0.09535655058043117,0.7860696517412935,0.33747927031509123,0.27611940298507465,0.32338308457711445,0.48756218905472637,0.7263681592039801,0.3101160862354892,0.5348258706467661,0.24958540630182421
140,201147,Corey Brewer,32,72,2018,2614,OKC,1610612760,32.0,81.0,186.0,Florida,USA,2007,1,7,46.21270084162204,5.432287681713849,12.08875286916603,1.1859219586840093,4.208110175975516,2.486610558530987,3.442999234889059,1.6449885233358836,4.2463657230298395,5.891354246365723,2.486610558530987,1.874521805661821,3.0221882172915073,0.5355776587605203,0.9563886763580719,5.31752104055088,3.442999234889059,14.537107880642694,-2.1423106350420813,0.0,0.0,0.07651109410864575,3.9403213465952565,4.131599081866871,4.131599081866871,-0.07651109410864575,4.131599081866871,4.016832440703902,3.2899770466717673,0.4973221117061974,4.016832440703902,3.9403213465952565,-0.07651109410864575,-0.07651109410864575,3.9403213465952565,4.016832440703902,0.1530221882172915,0.03825554705432287,0.19127773527161437,1.0711553175210407,0.19127773527161437,0.4590665646518745,0.38255547054322875,6.618209640397858,0.4973221117061974,0.8798775822494261,1.7214996174445294,0.11476664116296863,3.8638102524866107,0.9563886763580719,1.3006885998469777,0.0,3.0221882172915073,0.22953328232593725,0.0,0.0,0.0,0.0,0.0,0.26778882938026016,0.0,0.7651109410864575,0.0,3.9020657995409334,0.11476664116296863,0.19127773527161437,1.0711553175210407,0.03825554705432287,0.1530221882172915,0.0,0.1530221882172915,0.0,0.4973221117061974,0.0,0.0,0.19127773527161437,3.2899770466717673,0.0,0.0,0.0,6.885998469778118,5.011476664116297,2.8309104820198927,0.306044376434583,28.423871461361898,28.423871461361898,0.07651109410864575,6.159143075745983,0.19127773527161437,0.26778882938026016,1.0711553175210407,1.3006885998469777,4.2463657230298395,2.3335883703136955,0.19127773527161437,0.22953328232593725,0.38255547054322875,2.218821729150727,44.68247895944912,0.03825554705432287,14.537107880642694,1.4537107880642692,0.03825554705432287,2.9074215761285385,28.117827084927313,1.0328997704667178,0.03825554705432287,0.0,0.0,0.0,0.0,0.7268553940321346,0.26778882938026016,4.475899005355776,0.07651109410864575,5.31752104055088,0.38255547054322875,0.8033664881407804,1.1094108645753635,0.306044376434583,1.3389441469013006,12.547819433817903,0.8033664881407804,3.366488140780413,7.421576128538638,0.5355776587605203,0.0,0.0,0.0,0.8033664881407804,0.8033664881407804,0.0,1.4154552410099464,1.4154552410099464,0.0,1.7214996174445294,0.0,0.306044376434583,3.481254781943382,0.0,1.6832440703902065,3.175210405508799,0.0,0.03825554705432287,0.0,1.7597551644988523,1.874521805661821,0.5738332058148432,0.0,1.3771996939556235,1.9510328997704667,0.0,3.6342769701606734,0.4590665646518745,0.38255547054322875,0.9563886763580719,0.5738332058148432,0.0,2.6013771996939554,0.0,2.1423106350420813,0.0,0.38255547054322875,0.34429992348890587,0.8033664881407804,0.19127773527161437,0.0,1.9510328997704667,0.5355776587605203,0.0,3.5577658760520277,1.0711553175210407,1.9510328997704667,0.0,1.1859219586840093,3.8255547054322876,3.8638102524866107,1.1859219586840093,34.12394797245601,0.8033664881407804,0.0,3.8638102524866107,2.5631216526396328,17921.882172915073,0.0,1.6832440703902065,0.0,1.7597551644988523,1.5684774292272379,0.0,2.180566182096404,1.7980107115531752,0.0,3.366488140780413,0.38255547054322875,3.366488140780413,0.1530221882172915,0.26778882938026016,0.306044376434583,0.03825554705432287,0.38255547054322875,0.34429992348890587,1.0711553175210407,1.6449885233358836,6.159143075745983,0.1530221882172915,7.421576128538638,4.2463657230298395,0.0,44.68247895944912,0.8033664881407804,2.3718439173680186,7.421576128538638,0.5355776587605203,0.1530221882172915,22.5707727620505,3.3282325937260904,0.0,0.0,1.1094108645753635,0.1530221882172915,5.891354246365723,0.8033664881407804,0.42081101759755163,1.9510328997704667,5.31752104055088,1.2624330527926548,6.235654169854629,1.3389441469013006,0.03825554705432287,3.5577658760520277,12.394797245600612,4.934965570007651,0.7268553940321346,0.0,0.7268553940321346,0.0,0.07651109410864575,3.8255547054322876,0.0,1.7597551644988523,1.6449885233358836,4.475899005355776,12.547819433817903,0.444,0.449,0.282,0.722,10.4,0.06,0.073,0.089,10.4,0.534,0.498,0.139,0.033,0.136,0.5,0.0,0.214,0.316,0.584,0.289,0.353,0.217,0.1,0.087,0.55,0.5,0.306,0.063,0.045,0.483,0.054,0.47,0.326,0.309,0.572,0.189,0.634,0.502,0.314,0.227,0.568,0.568,0.0,0.568,0.495,0.5,0.53,0.125,0.735,0.616,0.326,0.537,0.833,0.368,0.268,0.478,0.238,0.0,0.238,0.333,0.307,0.476,0.0,0.498,0.549,0.62,0.31,0.46,0.892,0.0,0.0,0.448,0.0,0.314,-0.001,0.0,0.549,0.502,0.313,0.0,0.479,0.634,0.62,0.441,0.47,1.0,0.367,0.326,0.455,0.382,0.565,0.449,0.263,0.189,0.227,0.521,0.687,0.0,0.108,0.825,0.309,0.175,0.5,0.572,0.62,0.1583747927031509,0.2810945273631841,0.2462686567164179,0.3888888888888889,0.38225538971807627,0.49336650082918737,0.49502487562189057,0.5696517412935324,0.2512437810945274,0.3524046434494196,0.32587064676616917,0.3142620232172471,0.906301824212272,0.44029850746268656,0.5597014925373134,0.7437810945273632,0.5398009950248757,0.291044776119403,0.44859038142620233,0.31260364842454397,0.47512437810945274,0.3524046434494196,0.45356550580431176,0.45107794361525705,0.45107794361525705,0.43532338308457713,0.45107794361525705,0.4502487562189055,0.4552238805970149,0.4054726368159204,0.4502487562189055,0.4552238805970149,0.43532338308457713,0.44029850746268656,0.45356550580431176,0.4519071310116086,0.1583747927031509,0.49834162520729686,0.2131011608623549,0.25456053067993367,0.23134328358208955,0.8034825870646766,0.1550580431177446,0.6890547263681592,0.8300165837479271,0.20315091210613598,0.8930348258706468,0.8565505804311775,0.6791044776119403,0.8233830845771144,0.8532338308457711,0.4966832504145937,0.8897180762852405,0.2860696517412935,0.13681592039800994,0.4867330016583748,0.4966832504145937,0.4917081260364842,0.48756218905472637,0.2230514096185738,0.4925373134328358,0.2562189054726368,0.4925373134328358,0.6658374792703151,0.31260364842454397,0.8980099502487562,0.5713101160862355,0.6708126036484245,0.25290215588723053,0.4286898839137645,0.18325041459369817,0.48839137645107794,0.2131011608623549,0.49834162520729686,0.49917081260364843,0.30265339966832505,0.6343283582089553,0.49336650082918737,0.42371475953565507,0.4925373134328358,0.6724709784411277,0.36069651741293535,0.3275290215588723,0.763681592039801,0.09535655058043117,0.08374792703150911,0.21144278606965175,0.3275290215588723,0.3723051409618574,0.43532338308457713,0.49834162520729686,0.48009950248756217,0.4286898839137645,0.4684908789386401,0.4187396351575456,0.42703150912106136,0.42371475953565507,0.46683250414593697,0.08540630182421227,0.21144278606965175,0.2943615257048093,0.1799336650082919,0.533167495854063,0.5381426202321725,0.09535655058043117,0.4361525704809287,0.32172470978441126,0.4792703150912106,0.43781094527363185,0.49917081260364843,0.4734660033167496,0.4925373134328358,0.5016583747927031,0.3407960199004975,0.3706467661691542,0.5613598673300166,0.5132669983416253,0.3839137645107794,0.7205638474295191,0.5066334991708126,0.4154228855721393,0.3706467661691542,0.4286898839137645,0.23797678275290216,0.24129353233830847,0.47180762852404645,0.4461028192371476,0.5,0.3540630182421227,0.533167495854063,0.5248756218905473,0.5,0.48175787728026537,0.49502487562189057,0.5008291873963516,0.2810945273631841,0.49502487562189057,0.5679933665008292,0.27114427860696516,0.49585406301824214,0.3142620232172471,0.3009950248756219,0.5,0.5265339966832504,0.49917081260364843,0.5265339966832504,0.45688225538971805,0.5613598673300166,0.5,0.6525704809286899,0.6044776119402985,0.4975124378109453,0.478441127694859,0.28689883913764513,0.44029850746268656,0.3043117744610282,0.3474295190713101,0.49585406301824214,0.29270315091210614,0.5,0.36069651741293535,0.49834162520729686,0.26616915422885573,0.44029850746268656,0.2877280265339967,0.27114427860696516,0.22719734660033167,0.49834162520729686,0.45356550580431176,0.25538971807628524,0.4021558872305141,0.06218905472636816,0.05555555555555555,0.5008291873963516,0.4651741293532338,0.48839137645107794,0.4154228855721393,0.38474295190713104,0.3308457711442786,0.4286898839137645,0.5008291873963516,0.0472636815920398,0.9029850746268657,0.38723051409618575,0.5008291873963516,0.8565505804311775,0.33167495854063017,0.05555555555555555,0.23466003316749584,0.26533996683250416,0.3275290215588723,0.28441127694859036,0.3034825870646766,0.4386401326699834,0.5132669983416253,0.23797678275290216,0.4759535655058043,0.5016583747927031,0.5066334991708126,0.4320066334991708,0.5398009950248757,0.32587064676616917,0.06218905472636816,0.5696517412935324,0.4767827529021559,0.2752902155887231,0.04228855721393035,0.25456053067993367,0.2230514096185738,0.08540630182421227,0.6907131011608624,0.1318407960199005,0.24129353233830847,0.47180762852404645,0.45107794361525705,0.6144278606965174,0.0472636815920398,0.33747927031509123,0.5008291873963516,0.7205638474295191,0.4427860696517413,0.35903814262023215,0.3839137645107794,0.8814262023217247,0.05555555555555555,0.5613598673300166,0.33913764510779437,0.8598673300165838,0.4154228855721393,0.32172470978441126,0.08208955223880597,0.5613598673300166,0.884742951907131,0.4925373134328358,0.3034825870646766,0.3076285240464345,0.3341625207296849,0.3706467661691542,0.11857379767827529,0.25538971807628524,0.9145936981757877,0.24129353233830847,0.3407960199004975,0.3706467661691542,0.4046434494195688,0.5447761194029851,0.35655058043117743,0.42703150912106136,0.5207296849087893,0.35655058043117743,0.29767827529021557,0.2603648424543947,0.5223880597014925,0.45688225538971805,0.41708126036484244,0.23217247097844113,0.5597014925373134,0.24046434494195687,0.8631840796019901,0.4966832504145937,0.3167495854063018,0.44029850746268656,0.4046434494195688,0.4792703150912106,0.560530679933665,0.21227197346600332,0.6832504145936982,0.6907131011608624,0.6061359867330016,0.31923714759535654,0.6160862354892206,0.5149253731343284,0.44776119402985076,0.675787728026534,0.39054726368159204,0.3175787728026534,0.3092868988391376,0.48756218905472637,0.5348258706467661,0.48756218905472637,0.6169154228855721,0.33250414593698174,0.48092868988391374,0.4427860696517413,0.6310116086235489,0.6160862354892206,0.4461028192371476,0.6409618573797679,0.39054726368159204,0.34577114427860695,0.433665008291874,0.5041459369817579,0.8731343283582089,0.7976782752902156,0.5920398009950248,0.7835820895522388,0.8698175787728026,0.3275290215588723,0.3208955223880597,0.3018242122719735,0.24461028192371476,0.22719734660033167,0.2570480928689884,0.27611940298507465,0.2960199004975124,0.24129353233830847,0.26533996683250416,0.42039800995024873,0.2512437810945274,0.9046434494195689,0.40630182421227196,0.39054726368159204,0.6376451077943616,0.3034825870646766,0.26533996683250416,0.3482587064676617,0.25538971807628524,0.48092868988391374,0.44029850746268656,0.3034825870646766,0.2512437810945274,0.33250414593698174,0.2777777777777778,0.33167495854063017,0.9145936981757877,0.6169154228855721,0.9046434494195689,0.8839137645107794,0.3175787728026534,0.9245439469320066,0.8441127694859039,0.3092868988391376,0.14759535655058043,0.19734660033167495,0.5422885572139303,0.3888888888888889,0.09286898839137644,0.48756218905472637,0.4427860696517413,0.09535655058043117,0.7860696517412935,0.33747927031509123,0.27611940298507465,0.32338308457711445,0.48756218905472637,0.7263681592039801,0.3101160862354892,0.5348258706467661,0.8159203980099502
141,201147,Corey Brewer,32,72,2018,2614,OKC,1610612760,32.0,81.0,186.0,Florida,USA,2007,1,7,46.21270084162204,5.432287681713849,12.08875286916603,1.1859219586840093,4.208110175975516,2.486610558530987,3.442999234889059,1.6449885233358836,4.2463657230298395,5.891354246365723,2.486610558530987,1.874521805661821,3.0221882172915073,0.5355776587605203,0.9563886763580719,5.31752104055088,3.442999234889059,14.537107880642694,-2.1423106350420813,0.0,0.0,0.07651109410864575,3.9403213465952565,4.131599081866871,4.131599081866871,-0.07651109410864575,4.131599081866871,4.016832440703902,3.2899770466717673,0.4973221117061974,4.016832440703902,3.9403213465952565,-0.07651109410864575,-0.07651109410864575,3.9403213465952565,4.016832440703902,0.1530221882172915,0.03825554705432287,0.19127773527161437,1.0711553175210407,0.19127773527161437,0.4590665646518745,0.38255547054322875,6.618209640397858,0.4973221117061974,0.8798775822494261,1.7214996174445294,0.11476664116296863,3.8638102524866107,0.9563886763580719,1.3006885998469777,0.0,3.0221882172915073,0.22953328232593725,0.0,0.0,0.0,0.0,0.0,0.26778882938026016,0.0,0.7651109410864575,0.0,3.9020657995409334,0.11476664116296863,0.19127773527161437,1.0711553175210407,0.03825554705432287,0.1530221882172915,0.0,0.1530221882172915,0.0,0.4973221117061974,0.0,0.0,0.19127773527161437,3.2899770466717673,0.0,0.0,0.0,6.885998469778118,5.011476664116297,2.8309104820198927,0.306044376434583,28.423871461361898,28.423871461361898,0.07651109410864575,6.159143075745983,0.19127773527161437,0.26778882938026016,1.0711553175210407,1.3006885998469777,4.2463657230298395,2.3335883703136955,0.19127773527161437,0.22953328232593725,0.38255547054322875,2.218821729150727,44.68247895944912,0.03825554705432287,14.537107880642694,1.4537107880642692,0.03825554705432287,2.9074215761285385,28.117827084927313,1.0328997704667178,0.03825554705432287,0.0,0.0,0.0,0.0,0.7268553940321346,0.26778882938026016,4.475899005355776,0.07651109410864575,5.31752104055088,0.38255547054322875,0.8033664881407804,1.1094108645753635,0.306044376434583,1.3389441469013006,12.547819433817903,0.8033664881407804,3.366488140780413,7.421576128538638,0.5355776587605203,0.0,0.0,0.0,0.8033664881407804,0.8033664881407804,0.0,1.4154552410099464,1.4154552410099464,0.0,1.7214996174445294,0.0,0.306044376434583,3.481254781943382,0.0,1.6832440703902065,3.175210405508799,0.0,0.03825554705432287,0.0,1.7597551644988523,1.874521805661821,0.5738332058148432,0.0,1.3771996939556235,1.9510328997704667,0.0,3.6342769701606734,0.4590665646518745,0.38255547054322875,0.9563886763580719,0.5738332058148432,0.0,2.6013771996939554,0.0,2.1423106350420813,0.0,0.38255547054322875,0.34429992348890587,0.8033664881407804,0.19127773527161437,0.0,1.9510328997704667,0.5355776587605203,0.0,3.5577658760520277,1.0711553175210407,1.9510328997704667,0.0,1.1859219586840093,3.8255547054322876,3.8638102524866107,1.1859219586840093,34.12394797245601,0.8033664881407804,0.0,3.8638102524866107,2.5631216526396328,17921.882172915073,0.0,1.6832440703902065,0.0,1.7597551644988523,1.5684774292272379,0.0,2.180566182096404,1.7980107115531752,0.0,3.366488140780413,0.38255547054322875,3.366488140780413,0.1530221882172915,0.26778882938026016,0.306044376434583,0.03825554705432287,0.38255547054322875,0.34429992348890587,1.0711553175210407,1.6449885233358836,6.159143075745983,0.1530221882172915,7.421576128538638,4.2463657230298395,0.0,44.68247895944912,0.8033664881407804,1.3006885998469777,7.421576128538638,0.5355776587605203,0.1530221882172915,22.5707727620505,3.3282325937260904,0.0,0.0,1.1094108645753635,0.1530221882172915,5.891354246365723,0.8033664881407804,0.42081101759755163,1.9510328997704667,5.31752104055088,1.2624330527926548,6.235654169854629,1.3389441469013006,0.03825554705432287,3.5577658760520277,12.394797245600612,4.934965570007651,0.7268553940321346,0.0,0.7268553940321346,0.0,0.07651109410864575,2.5248661055853097,0.0,1.7597551644988523,1.6449885233358836,4.475899005355776,12.547819433817903,0.444,0.449,0.282,0.722,10.4,0.06,0.073,0.089,10.4,0.534,0.498,0.139,0.033,0.136,0.5,0.0,0.214,0.316,0.584,0.289,0.353,0.217,0.1,0.087,0.55,0.5,0.306,0.063,0.045,0.483,0.054,0.47,0.326,0.309,0.572,0.189,0.634,0.502,0.314,0.227,0.568,0.568,0.0,0.568,0.495,0.5,0.53,0.125,0.735,0.616,0.326,0.537,0.833,0.368,0.268,0.478,0.238,0.0,0.238,0.333,0.307,0.476,0.0,0.498,0.549,0.62,0.31,0.46,0.892,0.0,0.0,0.448,0.0,0.314,-0.001,0.0,0.549,0.502,0.313,0.0,0.479,0.634,0.62,0.441,0.47,1.0,0.367,0.326,0.455,0.34,0.569,0.449,0.263,0.189,0.227,0.521,0.687,0.0,0.108,0.825,0.309,0.175,0.5,0.572,0.515,0.1583747927031509,0.2810945273631841,0.2462686567164179,0.3888888888888889,0.38225538971807627,0.49336650082918737,0.49502487562189057,0.5696517412935324,0.2512437810945274,0.3524046434494196,0.32587064676616917,0.3142620232172471,0.906301824212272,0.44029850746268656,0.5597014925373134,0.7437810945273632,0.5398009950248757,0.291044776119403,0.44859038142620233,0.31260364842454397,0.47512437810945274,0.3524046434494196,0.45356550580431176,0.45107794361525705,0.45107794361525705,0.43532338308457713,0.45107794361525705,0.4502487562189055,0.4552238805970149,0.4054726368159204,0.4502487562189055,0.4552238805970149,0.43532338308457713,0.44029850746268656,0.45356550580431176,0.4519071310116086,0.1583747927031509,0.49834162520729686,0.2131011608623549,0.25456053067993367,0.23134328358208955,0.8034825870646766,0.1550580431177446,0.6890547263681592,0.8300165837479271,0.20315091210613598,0.8930348258706468,0.8565505804311775,0.6791044776119403,0.8233830845771144,0.8532338308457711,0.4966832504145937,0.8897180762852405,0.2860696517412935,0.13681592039800994,0.4867330016583748,0.4966832504145937,0.4917081260364842,0.48756218905472637,0.2230514096185738,0.4925373134328358,0.2562189054726368,0.4925373134328358,0.6658374792703151,0.31260364842454397,0.8980099502487562,0.5713101160862355,0.6708126036484245,0.25290215588723053,0.4286898839137645,0.18325041459369817,0.48839137645107794,0.2131011608623549,0.49834162520729686,0.49917081260364843,0.30265339966832505,0.6343283582089553,0.49336650082918737,0.42371475953565507,0.4925373134328358,0.6724709784411277,0.36069651741293535,0.3275290215588723,0.763681592039801,0.09535655058043117,0.08374792703150911,0.21144278606965175,0.3275290215588723,0.3723051409618574,0.43532338308457713,0.49834162520729686,0.48009950248756217,0.4286898839137645,0.4684908789386401,0.4187396351575456,0.42703150912106136,0.42371475953565507,0.46683250414593697,0.08540630182421227,0.21144278606965175,0.2943615257048093,0.1799336650082919,0.533167495854063,0.5381426202321725,0.09535655058043117,0.4361525704809287,0.32172470978441126,0.4792703150912106,0.43781094527363185,0.49917081260364843,0.4734660033167496,0.4925373134328358,0.5016583747927031,0.3407960199004975,0.3706467661691542,0.5613598673300166,0.5132669983416253,0.3839137645107794,0.7205638474295191,0.5066334991708126,0.4154228855721393,0.3706467661691542,0.4286898839137645,0.23797678275290216,0.24129353233830847,0.47180762852404645,0.4461028192371476,0.5,0.3540630182421227,0.533167495854063,0.5248756218905473,0.5,0.48175787728026537,0.49502487562189057,0.5008291873963516,0.2810945273631841,0.49502487562189057,0.5679933665008292,0.27114427860696516,0.49585406301824214,0.3142620232172471,0.3009950248756219,0.5,0.5265339966832504,0.49917081260364843,0.5265339966832504,0.45688225538971805,0.5613598673300166,0.5,0.6525704809286899,0.6044776119402985,0.4975124378109453,0.478441127694859,0.28689883913764513,0.44029850746268656,0.3043117744610282,0.3474295190713101,0.49585406301824214,0.29270315091210614,0.5,0.36069651741293535,0.49834162520729686,0.26616915422885573,0.44029850746268656,0.2877280265339967,0.27114427860696516,0.22719734660033167,0.49834162520729686,0.45356550580431176,0.25538971807628524,0.4021558872305141,0.06218905472636816,0.05555555555555555,0.5008291873963516,0.4651741293532338,0.48839137645107794,0.4154228855721393,0.38474295190713104,0.3308457711442786,0.4286898839137645,0.5008291873963516,0.0472636815920398,0.9029850746268657,0.38723051409618575,0.5008291873963516,0.8565505804311775,0.33167495854063017,0.05555555555555555,0.23466003316749584,0.26533996683250416,0.3275290215588723,0.28441127694859036,0.3034825870646766,0.4386401326699834,0.5132669983416253,0.23797678275290216,0.4759535655058043,0.5016583747927031,0.5066334991708126,0.4320066334991708,0.5398009950248757,0.32587064676616917,0.06218905472636816,0.5696517412935324,0.4767827529021559,0.2752902155887231,0.04228855721393035,0.25456053067993367,0.2230514096185738,0.08540630182421227,0.6907131011608624,0.06053067993366501,0.24129353233830847,0.47180762852404645,0.45107794361525705,0.6144278606965174,0.0472636815920398,0.33747927031509123,0.5008291873963516,0.7205638474295191,0.4427860696517413,0.35903814262023215,0.3839137645107794,0.8814262023217247,0.05555555555555555,0.5613598673300166,0.33913764510779437,0.8598673300165838,0.4154228855721393,0.32172470978441126,0.08208955223880597,0.5613598673300166,0.884742951907131,0.4925373134328358,0.3034825870646766,0.3076285240464345,0.3341625207296849,0.3706467661691542,0.05555555555555555,0.25538971807628524,0.9145936981757877,0.24129353233830847,0.3407960199004975,0.3706467661691542,0.4046434494195688,0.5447761194029851,0.35655058043117743,0.42703150912106136,0.5207296849087893,0.35655058043117743,0.29767827529021557,0.2603648424543947,0.5223880597014925,0.45688225538971805,0.41708126036484244,0.23217247097844113,0.5597014925373134,0.24046434494195687,0.8631840796019901,0.4966832504145937,0.3167495854063018,0.44029850746268656,0.4046434494195688,0.4792703150912106,0.560530679933665,0.21227197346600332,0.6832504145936982,0.6907131011608624,0.6061359867330016,0.31923714759535654,0.6160862354892206,0.5149253731343284,0.44776119402985076,0.675787728026534,0.39054726368159204,0.3175787728026534,0.3092868988391376,0.48756218905472637,0.5348258706467661,0.48756218905472637,0.6169154228855721,0.33250414593698174,0.48092868988391374,0.4427860696517413,0.6310116086235489,0.6160862354892206,0.4461028192371476,0.6409618573797679,0.39054726368159204,0.34577114427860695,0.433665008291874,0.5041459369817579,0.8731343283582089,0.7976782752902156,0.5920398009950248,0.7835820895522388,0.8698175787728026,0.3275290215588723,0.3208955223880597,0.3018242122719735,0.24461028192371476,0.22719734660033167,0.2570480928689884,0.27611940298507465,0.2960199004975124,0.24129353233830847,0.26533996683250416,0.42039800995024873,0.2512437810945274,0.9046434494195689,0.40630182421227196,0.39054726368159204,0.6376451077943616,0.3034825870646766,0.26533996683250416,0.3482587064676617,0.25538971807628524,0.48092868988391374,0.44029850746268656,0.3034825870646766,0.2512437810945274,0.33250414593698174,0.2777777777777778,0.33167495854063017,0.9145936981757877,0.6169154228855721,0.9046434494195689,0.8839137645107794,0.3175787728026534,0.9245439469320066,0.8441127694859039,0.3092868988391376,0.14759535655058043,0.0912106135986733,0.6907131011608624,0.3888888888888889,0.09286898839137644,0.48756218905472637,0.4427860696517413,0.09535655058043117,0.7860696517412935,0.33747927031509123,0.27611940298507465,0.32338308457711445,0.48756218905472637,0.7263681592039801,0.3101160862354892,0.5348258706467661,0.24958540630182421
77,201147,Corey Brewer,13,31,2019,1066,SAC,1610612758,33.0,81.0,186.0,Florida,USA,2007,1,7,46.06003752345216,4.971857410881801,11.538461538461538,1.3133208255159474,4.127579737335835,2.9080675422138835,4.033771106941838,2.4390243902439024,4.690431519699812,7.129455909943715,3.658536585365854,1.7823639774859288,3.0018761726078798,0.6566604127579737,0.9380863039399625,5.909943714821764,3.095684803001876,14.165103189493433,0.09380863039399624,0.0,0.0,0.09380863039399624,9.75609756097561,9.943714821763603,9.943714821763603,0.0,10.037523452157599,9.943714821763603,8.067542213883677,1.7823639774859288,9.943714821763603,9.662288930581614,0.0,0.0,9.75609756097561,10.037523452157599,0.37523452157598497,0.18761726078799248,0.18761726078799248,2.4390243902439024,0.09380863039399624,0.28142589118198874,0.5628517823639775,5.159474671669794,0.28142589118198874,1.6885553470919326,1.0318949343339587,0.0,3.377110694183865,0.5628517823639775,0.6566604127579737,0.0,1.6885553470919326,0.7504690431519699,0.09380863039399624,0.0,0.0,0.0,0.0,0.18761726078799248,0.0,1.594746716697936,0.0,3.377110694183865,0.09380863039399624,0.0,0.6566604127579737,0.0,0.09380863039399624,0.0,0.46904315196998125,0.0,1.125703564727955,0.0,0.0,0.6566604127579737,2.720450281425891,0.0,0.09380863039399624,0.0,5.347091932457786,6.285178236397749,4.221388367729831,0.18761726078799248,31.80112570356473,34.80300187617261,0.46904315196998125,8.536585365853659,0.6566604127579737,0.28142589118198874,0.6566604127579737,2.345215759849906,5.159474671669794,1.9699812382739212,0.37523452157598497,0.37523452157598497,0.7504690431519699,2.1575984990619137,50.37523452157598,0.18761726078799248,14.165103189493433,1.6885553470919326,0.09380863039399624,3.9399624765478425,34.146341463414636,0.7504690431519699,0.0,0.0,0.0,0.0,0.0,0.8442776735459663,0.6566604127579737,5.159474671669794,0.0,4.784240150093809,0.6566604127579737,0.7504690431519699,1.2195121951219512,0.6566604127579737,1.9699812382739212,11.819887429643527,0.8442776735459663,3.9399624765478425,7.5046904315197,1.2195121951219512,0.0,0.0,0.0,0.37523452157598497,0.37523452157598497,0.0,0.9380863039399625,0.9380863039399625,0.0,1.9699812382739212,0.0,0.5628517823639775,4.690431519699812,0.0,1.7823639774859288,4.127579737335835,0.0,0.18761726078799248,0.0,1.3133208255159474,1.594746716697936,0.46904315196998125,0.0,1.0318949343339587,1.5009380863039399,0.0,2.9080675422138835,0.7504690431519699,0.46904315196998125,1.125703564727955,0.6566604127579737,0.0,3.0018761726078798,0.0,2.25140712945591,0.0,0.37523452157598497,0.46904315196998125,1.3133208255159474,0.18761726078799248,0.0,2.9080675422138835,0.37523452157598497,0.0,3.9399624765478425,2.720450281425891,4.971857410881801,0.0,1.3133208255159474,3.5647279549718576,3.75234521575985,1.3133208255159474,37.3358348968105,0.8442776735459663,0.0,9.193245778611633,2.0637898686679175,18744.746716697937,0.0,1.6885553470919326,0.0,4.50281425891182,3.0018761726078798,0.0,1.4071294559099436,1.3133208255159474,0.0,3.4709193245778613,0.6566604127579737,3.9399624765478425,0.37523452157598497,0.6566604127579737,0.6566604127579737,0.0,0.09380863039399624,0.28142589118198874,2.720450281425891,2.4390243902439024,4.971857410881801,0.28142589118198874,16.604127579737337,4.690431519699812,0.0,50.37523452157598,1.125703564727955,3.5647279549718576,7.5046904315197,1.2195121951219512,0.37523452157598497,0.0,7.5046904315197,0.0,0.0,1.2195121951219512,0.37523452157598497,7.129455909943715,0.7504690431519699,0.37523452157598497,4.971857410881801,4.784240150093809,0.9380863039399625,5.347091932457786,1.9699812382739212,0.0,7.410881801125703,10.318949343339588,6.472795497185741,0.8442776735459663,0.0,0.5628517823639775,0.0,0.0,6.378986866791744,0.0,0.9380863039399625,1.7823639774859288,5.159474671669794,11.819887429643527,0.419,0.431,0.318,0.721,9.5,0.07,0.107,0.098,9.5,0.532,0.488,0.134,0.045,0.13,0.167,0.0,0.308,0.333,0.655,0.273,0.429,0.111,0.121,0.105,0.382,0.875,0.455,0.055,0.073,0.304,0.073,0.603,0.5,0.51,0.625,0.16,0.704,0.65,0.51,0.276,0.4,0.4,0.0,0.4,0.42,0.44,0.432,0.333,0.647,0.597,0.357,0.516,0.625,0.375,0.292,0.484,0.143,0.0,0.143,1.0,0.341,0.577,0.0,0.488,0.547,0.612,0.368,0.525,0.769,0.0,0.0,0.452,0.0,0.51,0.003,0.0,0.547,0.65,0.545,0.0,0.446,0.704,0.612,0.405,0.603,0.0,0.357,0.5,0.49,0.384,0.576,0.449,0.299,0.16,0.276,0.554,0.455,0.0,0.231,0.933,0.51,0.067,0.521,0.625,0.559,0.31886792452830187,0.16226415094339622,0.14433962264150943,0.33584905660377357,0.3018867924528302,0.569811320754717,0.569811320754717,0.6924528301886792,0.2849056603773585,0.44150943396226416,0.5283018867924528,0.3113207547169811,0.9679245283018868,0.4811320754716981,0.5811320754716981,0.8339622641509434,0.4660377358490566,0.1830188679245283,0.5792452830188679,0.25566037735849056,0.4660377358490566,0.4075471698113208,0.6886792452830188,0.6886792452830188,0.6886792452830188,0.5792452830188679,0.690566037735849,0.6962264150943396,0.6886792452830188,0.7528301886792453,0.6962264150943396,0.6867924528301886,0.5792452830188679,0.5783018867924529,0.6886792452830188,0.6981132075471698,0.6716981132075471,0.8377358490566038,0.15283018867924528,0.269811320754717,0.16792452830188678,0.6547169811320754,0.17547169811320754,0.5188679245283019,0.6264150943396226,0.36981132075471695,0.7339622641509433,0.28867924528301886,0.5886792452830188,0.6037735849056604,0.539622641509434,0.48867924528301887,0.6245283018867924,0.30754716981132074,0.24339622641509434,0.49056603773584906,0.49339622641509434,0.49528301886792453,0.49056603773584906,0.17358490566037735,0.49056603773584906,0.2509433962264151,0.4839622641509434,0.5622641509433962,0.29056603773584905,0.27169811320754716,0.3622641509433962,0.2858490566037736,0.18490566037735848,0.4075471698113208,0.27358490566037735,0.47924528301886793,0.42452830188679247,0.49528301886792453,0.5,0.33584905660377357,0.4962264150943396,0.4971698113207547,0.9773584905660377,0.4877358490566038,0.4830188679245283,0.4981132075471698,0.5169811320754717,0.6283018867924528,0.10943396226415095,0.09811320754716982,0.560377358490566,0.4811320754716981,0.5716981132075472,0.4169811320754717,0.3433962264150943,0.5679245283018868,0.47735849056603774,0.39433962264150946,0.530188679245283,0.4849056603773585,0.5150943396226415,0.44528301886792454,0.05849056603773585,0.6867924528301886,0.1830188679245283,0.21509433962264152,0.7132075471698113,0.6188679245283019,0.17358490566037735,0.30943396226415093,0.12264150943396226,0.4641509433962264,0.4037735849056604,0.4990566037735849,0.47641509433962265,0.5226415094339623,0.7132075471698113,0.4188679245283019,0.11320754716981132,0.6056603773584905,0.690566037735849,0.3320754716981132,0.8216981132075472,0.7056603773584905,0.5094339622641509,0.3754716981132076,0.36981132075471695,0.30566037735849055,0.24150943396226415,0.6650943396226415,0.4188679245283019,0.5009433962264151,0.32169811320754715,0.29245283018867924,0.2811320754716981,0.5009433962264151,0.24339622641509434,0.2660377358490566,0.5009433962264151,0.30566037735849055,0.4962264150943396,0.7094339622641509,0.35660377358490564,0.4971698113207547,0.29056603773584905,0.35283018867924526,0.5,0.7679245283018868,0.5,0.4075471698113208,0.3622641509433962,0.49245283018867925,0.5009433962264151,0.49056603773584906,0.4188679245283019,0.5,0.31886792452830187,0.569811320754717,0.6283018867924528,0.2830188679245283,0.2792452830188679,0.5,0.27547169811320754,0.5009433962264151,0.29056603773584905,0.5,0.22075471698113208,0.41132075471698115,0.3132075471698113,0.22830188679245284,0.17169811320754716,0.5943396226415094,0.3283018867924528,0.22547169811320755,0.4018867924528302,0.09056603773584905,0.13962264150943396,0.5009433962264151,0.45660377358490567,0.39622641509433965,0.3622641509433962,0.4,0.41132075471698115,0.36981132075471695,0.5009433962264151,0.18490566037735848,0.8283018867924529,0.4811320754716981,0.5009433962264151,0.8566037735849057,0.2943396226415094,0.12830188679245283,0.8981132075471698,0.23867924528301887,0.21320754716981133,0.20943396226415095,0.2858490566037736,0.42830188679245285,0.690566037735849,0.30566037735849055,0.7188679245283018,0.7132075471698113,0.7056603773584905,0.1632075471698113,0.4056603773584906,0.30943396226415093,0.09056603773584905,0.6924528301886792,0.33773584905660375,0.4339622641509434,0.35283018867924526,0.28867924528301886,0.17264150943396225,0.05849056603773585,0.9150943396226415,0.17358490566037735,0.24150943396226415,0.6650943396226415,0.6886792452830188,0.23867924528301887,0.33962264150943394,0.2981132075471698,0.5009433962264151,0.8216981132075472,0.6886792452830188,0.44150943396226416,0.3320754716981132,0.9188679245283019,0.13962264150943396,0.6056603773584905,0.2622641509433962,0.6849056603773584,0.5094339622641509,0.12264150943396226,0.8056603773584906,0.4037735849056604,0.9905660377358491,0.5226415094339623,0.2783018867924528,0.2641509433962264,0.29056603773584905,0.11320754716981132,0.15849056603773584,0.22547169811320755,0.6075471698113207,0.2830188679245283,0.4188679245283019,0.3754716981132076,0.31981132075471697,0.4556603773584906,0.4066037735849057,0.41226415094339625,0.4858490566037736,0.4339622641509434,0.4839622641509434,0.30566037735849055,0.49150943396226415,0.4160377358490566,0.330188679245283,0.14433962264150943,0.6613207547169812,0.14339622641509434,0.15754716981132075,0.48867924528301887,0.4169811320754717,0.480188679245283,0.7037735849056603,0.4179245283018868,0.7528301886792453,0.11320754716981132,0.8056603773584906,0.8075471698113208,0.24339622641509434,0.8179245283018868,0.8037735849056604,0.33490566037735847,0.5820754716981132,0.16981132075471697,0.49433962264150944,0.8367924528301887,0.5141509433962265,0.910377358490566,0.6566037735849056,0.35377358490566035,0.8056603773584906,0.8481132075471698,0.8849056603773585,0.5405660377358491,0.4377358490566038,0.43113207547169813,0.4188679245283019,0.4509433962264151,0.24622641509433962,0.25660377358490566,0.21037735849056605,0.8,0.7981132075471699,0.8283018867924529,0.730188679245283,0.7981132075471699,0.6424528301886793,0.32547169811320753,0.2962264150943396,0.2688679245283019,0.1650943396226415,0.17169811320754716,0.1650943396226415,0.9650943396226415,0.44339622641509435,0.37735849056603776,0.23867924528301887,0.3320754716981132,0.2037735849056604,0.7018867924528301,0.6481132075471698,0.5839622641509434,0.15,0.2783018867924528,0.23867924528301887,0.4075471698113208,0.22547169811320755,0.8849056603773585,0.5075471698113208,0.2858490566037736,0.2037735849056604,0.8481132075471698,0.8330188679245283,0.2943396226415094,0.9150943396226415,0.8056603773584906,0.7018867924528301,0.8547169811320755,0.8367924528301887,0.1632075471698113,0.719811320754717,0.5141509433962265,0.3009433962264151,0.10377358490566038,0.8226415094339623,0.3858490566037736,0.08962264150943396,0.35377358490566035,0.5405660377358491,0.1,0.22169811320754718,0.2981132075471698,0.5084905660377359,0.529245283018868,0.910377358490566,0.5122641509433963,0.6915094339622642,0.6566037735849056,0.4858490566037736
82,201147,Corey Brewer,2,5,2020,74,SAC,1610612758,34.0,81.0,188.0,Florida,USA,2007,1,7,43.24324324324324,2.7027027027027026,5.405405405405405,0.0,1.3513513513513513,1.3513513513513513,4.054054054054054,2.7027027027027026,8.108108108108109,10.81081081081081,2.7027027027027026,2.7027027027027026,5.405405405405405,0.0,0.0,9.45945945945946,5.405405405405405,6.756756756756757,6.756756756756757,0.0,0.0,0.0,150.0,148.64864864864865,148.64864864864865,14.864864864864865,159.45945945945945,163.51351351351352,124.32432432432432,29.72972972972973,163.51351351351352,143.24324324324326,14.864864864864865,5.405405405405405,150.0,166.21621621621622,0.0,1.3513513513513513,0.0,0.0,0.0,0.0,0.0,4.054054054054054,0.0,0.0,0.0,0.0,2.7027027027027026,0.0,1.3513513513513513,0.0,1.3513513513513513,0.0,0.0,0.0,0.0,0.0,0.0,0.0,0.0,0.0,0.0,2.7027027027027026,0.0,0.0,0.0,0.0,0.0,0.0,0.0,0.0,0.0,0.0,0.0,0.0,1.3513513513513513,0.0,0.0,0.0,4.054054054054054,8.108108108108109,2.7027027027027026,0.0,31.08108108108108,45.945945945945944,0.0,5.405405405405405,0.0,0.0,0.0,4.054054054054054,4.054054054054054,0.0,0.0,0.0,0.0,0.0,54.054054054054056,1.3513513513513513,6.756756756756757,1.3513513513513513,1.3513513513513513,2.7027027027027026,29.72972972972973,0.0,0.0,0.0,0.0,0.0,0.0,0.0,10.81081081081081,9.45945945945946,0.0,5.405405405405405,16.216216216216218,1.3513513513513513,2.7027027027027026,12.162162162162161,1.3513513513513513,14.864864864864865,0.0,6.756756756756757,9.45945945945946,0.0,0.0,0.0,0.0,0.0,0.0,0.0,1.3513513513513513,1.3513513513513513,0.0,1.3513513513513513,0.0,0.0,1.3513513513513513,0.0,1.3513513513513513,1.3513513513513513,0.0,0.0,0.0,0.0,1.3513513513513513,0.0,0.0,1.3513513513513513,1.3513513513513513,0.0,1.3513513513513513,0.0,0.0,0.0,0.0,0.0,1.3513513513513513,0.0,1.3513513513513513,0.0,2.7027027027027026,0.0,1.3513513513513513,1.3513513513513513,0.0,1.3513513513513513,0.0,0.0,0.0,2.7027027027027026,2.7027027027027026,0.0,0.0,1.3513513513513513,1.3513513513513513,0.0,36.486486486486484,0.0,0.0,4.054054054054054,5.405405405405405,18386.486486486487,0.0,1.3513513513513513,0.0,2.7027027027027026,4.054054054054054,0.0,0.0,0.0,0.0,2.7027027027027026,16.216216216216218,6.756756756756757,5.405405405405405,10.81081081081081,12.162162162162161,0.0,0.0,0.0,2.7027027027027026,2.7027027027027026,6.756756756756757,0.0,13.513513513513514,8.108108108108109,0.0,54.054054054054056,1.3513513513513513,2.7027027027027026,9.45945945945946,0.0,5.405405405405405,0.0,6.756756756756757,0.0,0.0,2.7027027027027026,5.405405405405405,10.81081081081081,1.3513513513513513,1.3513513513513513,2.7027027027027026,5.405405405405405,0.0,5.405405405405405,1.3513513513513513,0.0,9.45945945945946,12.162162162162161,9.45945945945946,0.0,0.0,0.0,0.0,0.0,2.7027027027027026,0.0,4.054054054054054,1.3513513513513513,9.45945945945946,14.864864864864865,0.4,0.5,0.0,0.333,22.2,0.127,0.063,0.2,21.5,0.47,0.5,0.091,0.061,0.085,0.0,0.0,0.0,0.0,0.667,0.0,0.0,0.0,0.059,0.059,0.0,0.0,1.0,0.0,0.0,0.0,0.0,0.727,0.0,0.5,0.857,0.167,0.857,0.727,0.5,0.125,0.0,0.0,0.0,0.0,1.0,1.0,1.0,0.0,1.0,1.0,0.0,1.0,0.0,0.0,0.0,0.0,1.0,0.0,1.0,0.0,0.0,0.0,0.0,0.5,1.0,0.565,0.0,0.0,0.0,0.0,0.0,0.5,0.0,0.5,0.069,0.0,1.0,0.727,0.25,0.0,0.7,0.857,0.565,0.429,0.727,0.0,0.349,0.0,0.667,0.2,0.544,0.431,0.2,0.167,0.125,0.3,0.75,0.0,0.0,0.0,0.5,0.0,0.502,0.857,1.0,0.046313799621928164,0.024574669187145556,0.013232514177693762,0.06427221172022685,0.14177693761814744,0.18525519848771266,0.5897920604914934,0.7334593572778828,0.7296786389413988,0.7466918714555766,0.34782608695652173,0.5935727788279773,0.996219281663516,0.048204158790170135,0.04914933837429111,0.9848771266540642,0.8468809073724007,0.024574669187145556,0.8752362948960303,0.27599243856332706,0.47448015122873344,0.06899810964083176,0.941398865784499,0.941398865784499,0.941398865784499,0.9621928166351607,0.945179584120983,0.9508506616257089,0.9395085066162571,0.9716446124763705,0.9508506616257089,0.9376181474480151,0.9621928166351607,0.9489603024574669,0.941398865784499,0.9527410207939508,0.011342155009451797,0.9584120982986768,0.057655954631379965,0.03780718336483932,0.08128544423440454,0.13516068052930058,0.03969754253308128,0.3516068052930057,0.1446124763705104,0.027410207939508508,0.08412098298676748,0.30812854442344045,0.42344045368620037,0.10775047258979206,0.8733459357277883,0.4943289224952741,0.4914933837429111,0.07466918714555766,0.11153119092627599,0.48582230623818523,0.4924385633270321,0.4914933837429111,0.4829867674858223,0.07655954631379962,0.4877126654064272,0.04158790170132325,0.4867674858223062,0.3931947069943289,0.14744801512287334,0.28733459357277885,0.0831758034026465,0.3005671077504726,0.07466918714555766,0.40359168241965976,0.052930056710775046,0.4820415879017013,0.036862003780718335,0.4962192816635161,0.4952741020793951,0.07939508506616257,0.22495274102079396,0.4952741020793951,0.40737240075614367,0.4867674858223062,0.31190926275992437,0.6578449905482041,0.22117202268431002,0.08506616257088846,0.1342155009451796,0.3724007561436673,0.07844990548204159,0.1833648393194707,0.10491493383742911,0.0888468809073724,0.05860113421550094,0.7448015122873346,0.3724007561436673,0.04725897920604915,0.09924385633270322,0.09924385633270322,0.10113421550094517,0.03497164461247637,0.13988657844990549,0.8960302457466919,0.024574669187145556,0.12476370510396975,0.9376181474480151,0.5217391304347826,0.10775047258979206,0.05103969754253308,0.1389413988657845,0.4555765595463138,0.4007561436672968,0.500945179584121,0.46408317580340264,0.043478260869565216,0.9773156899810964,0.9281663516068053,0.13043478260869565,0.6805293005671077,0.9905482041587902,0.5444234404536862,0.9905482041587902,0.9792060491493384,0.32892249527410206,0.5916824196597353,0.038752362948960305,0.8260869565217391,0.4669187145557656,0.04725897920604915,0.4281663516068053,0.5,0.3487712665406427,0.06994328922495274,0.06805293005671077,0.5,0.5368620037807184,0.55765595463138,0.500945179584121,0.1323251417769376,0.498109640831758,0.12476370510396975,0.01890359168241966,0.498109640831758,0.17391304347826086,0.03969754253308128,0.500945179584121,0.23440453686200377,0.500945179584121,0.05103969754253308,0.33648393194706994,0.10680529300567108,0.500945179584121,0.6880907372400756,0.3440453686200378,0.500945179584121,0.07183364839319471,0.062381852551984876,0.0945179584120983,0.0444234404536862,0.07466918714555766,0.500945179584121,0.12476370510396975,0.500945179584121,0.1786389413988658,0.500945179584121,0.5841209829867675,0.09546313799621928,0.34782608695652173,0.6332703213610587,0.15879017013232513,0.3705103969754253,0.0888468809073724,0.24102079395085066,0.045368620037807186,0.09357277882797732,0.015122873345935728,0.500945179584121,0.06899810964083176,0.15122873345935728,0.10775047258979206,0.045368620037807186,0.3705103969754253,0.038752362948960305,0.500945179584121,0.011342155009451797,1.0,0.46880907372400754,0.500945179584121,0.1332703213610586,0.31474480151228734,0.022684310018903593,0.9678638941398866,0.2618147448015123,0.02835538752362949,0.030245746691871456,0.30907372400756145,0.06049149338374291,0.9905482041587902,0.8260869565217391,0.945179584120983,0.9773156899810964,0.9792060491493384,0.18714555765595464,0.1786389413988658,0.054820415879017016,0.09357277882797732,0.7334593572778828,0.6086956521739131,0.08790170132325142,0.09073724007561437,0.7391304347826086,0.20415879017013233,0.13988657844990549,0.9546313799621928,0.045368620037807186,0.4669187145557656,0.04725897920604915,0.941398865784499,0.23156899810964082,0.19092627599243855,0.31758034026465026,0.500945179584121,0.9905482041587902,0.9357277882797732,0.7504725897920604,0.5444234404536862,0.994328922495274,0.015122873345935728,0.6805293005671077,0.046313799621928164,0.7164461247637051,0.32892249527410206,0.1389413988657845,0.9640831758034026,0.6086956521739131,0.996219281663516,0.043478260869565216,0.30245746691871456,0.054820415879017016,0.31474480151228734,0.13043478260869565,0.013232514177693762,0.24102079395085066,1.0,0.08695652173913043,0.9281663516068053,0.5916824196597353,0.3506616257088847,0.7920604914933838,0.06427221172022685,0.05671077504725898,0.9801512287334594,0.8128544423440454,0.16068052930056712,0.8572778827977315,0.9792060491493384,0.1502835538752363,0.4017013232514178,0.026465028355387523,0.7627599243856332,0.01890359168241966,0.08128544423440454,0.4943289224952741,0.07466918714555766,0.10775047258979206,0.6975425330812854,0.1446124763705104,0.13516068052930058,0.057655954631379965,0.22967863894139887,0.32419659735349715,0.04725897920604915,0.10491493383742911,0.9933837429111532,0.0888468809073724,0.09924385633270322,0.05860113421550094,0.09924385633270322,0.944234404536862,0.04725897920604915,0.832703213610586,0.9612476370510397,0.33742911153119093,0.944234404536862,0.9177693761814745,0.8052930056710775,0.09168241965973535,0.06805293005671077,0.06994328922495274,0.4281663516068053,0.06805293005671077,0.995274102079395,0.995274102079395,0.9924385633270322,0.23440453686200377,0.9792060491493384,0.9896030245746692,0.10680529300567108,0.9905482041587902,0.0945179584120983,0.0444234404536862,0.07466918714555766,0.0444234404536862,0.9905482041587902,0.15879017013232513,0.9924385633270322,0.09546313799621928,0.045368620037807186,0.04253308128544423,0.2618147448015123,0.4007561436672968,0.9867674858223062,0.04725897920604915,0.06899810964083176,0.045368620037807186,0.046313799621928164,0.30245746691871456,0.2618147448015123,0.8166351606805293,0.24102079395085066,0.8052930056710775,0.9130434782608695,0.30907372400756145,0.9867674858223062,0.9177693761814745,0.11625708884688091,0.31474480151228734,0.996219281663516,0.944234404536862,0.04725897920604915,0.8799621928166351,0.944234404536862,0.18714555765595464,0.1947069943289225,0.04725897920604915,0.9631379962192816,0.015122873345935728,0.08412098298676748,0.06805293005671077,0.02835538752362949,0.33742911153119093,0.09168241965973535,0.00945179584120983,0.944234404536862,0.31758034026465026,0.08790170132325142,0.030245746691871456,0.832703213610586,0.1786389413988658,0.0888468809073724,0.9612476370510397,0.9924385633270322
