EntityId,TeamId,Name,ShortName,RowId,TeamAbbreviation,SecondsPlayed,GamesPlayed,Minutes,PlusMinus,OffPoss,DefPoss,PenaltyOffPoss,PenaltyDefPoss,SecondChanceOffPoss,TotalPoss,AtRimFGM,AtRimFGA,SecondChanceAtRimFGM,SecondChanceAtRimFGA,PenaltyAtRimFGM,PenaltyAtRimFGA,ShortMidRangeFGM,ShortMidRangeFGA,LongMidRangeFGM,LongMidRangeFGA,Corner3FGM,Corner3FGA,SecondChanceCorner3FGM,SecondChanceCorner3FGA,PenaltyCorner3FGM,PenaltyCorner3FGA,Arc3FGM,Arc3FGA,SecondChanceArc3FGM,SecondChanceArc3FGA,PenaltyArc3FGM,PenaltyArc3FGA,FG2M,FG2A,FG3M,FG3A,FtPoints,Points,OpponentPoints,SecondChanceFG2M,SecondChanceFG2A,SecondChanceFG3M,SecondChanceFG3A,SecondChanceFtPoints,SecondChancePoints,PenaltyFG2M,PenaltyFG2A,PenaltyFG3M,PenaltyFG3A,PenaltyFtPoints,PenaltyPoints,PtsAssisted2s,PtsUnassisted2s,PtsAssisted3s,PtsUnassisted3s,PtsPutbacks,NonHeaveArc3FGA,NonHeaveArc3FGM,Fg2aBlocked,TwoPtAssists,ThreePtAssists,Assists,Arc3Assists,Corner3Assists,AtRimAssists,ShortMidRangeAssists,LongMidRangeAssists,AssistPoints,OffThreePtRebounds,OffTwoPtRebounds,FTOffRebounds,DefThreePtRebounds,DefTwoPtRebounds,FTDefRebounds,DefRebounds,OffRebounds,Rebounds,SelfOReb,Steals,BadPassSteals,LostBallSteals,LiveBallTurnovers,BadPassOutOfBoundsTurnovers,BadPassTurnovers,DeadBallTurnovers,LostBallOutOfBoundsTurnovers,LostBallTurnovers,StepOutOfBoundsTurnovers,Travels,Turnovers,SecondChanceTurnovers,PenaltyTurnovers,ShootingFouls,BlockingFouls,Fouls,Charge Fouls,Loose Ball Fouls,Offensive Fouls,FoulsDrawn,Charge Fouls Drawn,Loose Ball Fouls Drawn,Offensive Fouls Drawn,BlockingFoulsDrawn,FTA,2pt And 1 Free Throw Trips,3pt And 1 Free Throw Trips,Technical Free Throw Trips,TwoPtShootingFoulsDrawn,ThreePtShootingFoulsDrawn,NonShootingFoulsDrawn,Blocked2s,Blocked3s,BlockedArc3,BlockedAtRim,BlockedShortMidRange,Blocks,RecoveredBlocks,DefensiveGoaltends,Defensive 3 Seconds Violations,FirstChancePoints,PenaltyPointsExcludingTakeFouls,PenaltyOffPossExcludingTakeFouls,NonShootingPenaltyNonTakeFouls,NonShootingPenaltyNonTakeFoulsDrawn,Assisted2sPct,NonPutbacksAssisted2sPct,Assisted3sPct,Fg3Pct,SecondChanceFg3Pct,PenaltyFg3Pct,NonHeaveFg3Pct,Fg2Pct,SecondChanceFg2Pct,PenaltyFg2Pct,EfgPct,SecondChanceEfgPct,PenaltyEfgPct,TsPct,SecondChanceTsPct,PenaltyTsPct,FG3APct,FG2APctBlocked,AtRimPctBlocked,ShortMidRangePctBlocked,LongMidRangePctBlocked,LiveBallTurnoverPct,DefFTReboundPct,OffFTReboundPct,DefTwoPtReboundPct,OffTwoPtReboundPct,DefThreePtReboundPct,OffThreePtReboundPct,DefFGReboundPct,OffFGReboundPct,OffAtRimReboundPct,OffShortMidRangeReboundPct,OffLongMidRangeReboundPct,OffArc3ReboundPct,OffCorner3ReboundPct,DefAtRimReboundPct,DefShortMidRangeReboundPct,DefLongMidRangeReboundPct,DefArc3ReboundPct,DefCorner3ReboundPct,SelfORebPct,Pace,BlocksRecoveredPct,SecondsPerPossOff,SecondsPerPossDef,SecondsExcludingORebsPerPossOff,SecondsExcludingORebsPerPossDef,AtRimFrequency,AtRimAccuracy,UnblockedAtRimAccuracy,AtRimPctAssisted,ShortMidRangeFrequency,ShortMidRangeAccuracy,UnblockedShortMidRangeAccuracy,ShortMidRangePctAssisted,LongMidRangeFrequency,LongMidRangeAccuracy,UnblockedLongMidRangeAccuracy,LongMidRangePctAssisted,Corner3Frequency,Corner3Accuracy,UnblockedCorner3Accuracy,Corner3PctAssisted,Arc3Frequency,Arc3Accuracy,UnblockedArc3Accuracy,Arc3PctAssisted,SecondChanceAtRimFrequency,SecondChanceAtRimAccuracy,SecondChanceAtRimPctAssisted,SecondChanceCorner3Frequency,SecondChanceCorner3Accuracy,SecondChanceCorner3PctAssisted,SecondChanceArc3Frequency,SecondChanceArc3Accuracy,SecondChanceArc3PctAssisted,PenaltyAtRimFrequency,PenaltyAtRimAccuracy,PenaltyCorner3Frequency,PenaltyCorner3Accuracy,PenaltyArc3Frequency,PenaltyArc3Accuracy,AtRimFG3AFrequency,NonHeaveArc3Accuracy,ShotQualityAvg,SecondChanceShotQualityAvg,PenaltyShotQualityAvg,ShootingFoulsDrawnPct,TwoPtShootingFoulsDrawnPct,ThreePtShootingFoulsDrawnPct,SecondChancePointsPct,PenaltyPointsPct,Avg2ptShotDistance,Avg3ptShotDistance,PenaltyOffPossPct,Fg3aBlocked,3SecondViolations,FG3APctBlocked,Arc3PctBlocked,HeaveAttempts,BlockedLongMidRange,Corner3PctBlocked,OffensiveGoaltends,team_id,year,season,team_vs
201567-202681-202684-2544-2747,1610612739,"Kevin Love, Kyrie Irving, Tristan Thompson, LeBron James, JR Smith","Love, Irving, Thompson, James, Smith",201567-202681-202684-2544-2747,CLE,27271.0,27,455.0,60.0,909.0,909.0,118.0,103.0,106.0,1818.0,152.0,234.0,26.0,44.0,22.0,25.0,53.0,150.0,71.0,147.0,43.0,91.0,4.0,12.0,7.0,14.0,93.0,219.0,8.0,23.0,15.0,28.0,276.0,531.0,136.0,310.0,146.0,1106.0,1046.0,34.0,70.0,12.0,35.0,18.0,122.0,28.0,48.0,22.0,42.0,46.0,168.0,280.0,272.0,354.0,54.0,38.0,219.0,93.0,39.0,140.0,118.0,258.0,78.0,40.0,91.0,25.0,24.0,634.0,43.0,80.0,3.0,116.0,185.0,20.0,321.0,126.0,447.0,10.0,73.0,51.0,22.0,71.0,15.0,51.0,49.0,4.0,20.0,1.0,6.0,120.0,11.0,14.0,73.0,5.0,150.0,7.0,11.0,9.0,191.0,5.0,10.0,11.0,4.0,194.0,27.0,1.0,4.0,91.0,3.0,14.0,36.0,1.0,1.0,29.0,7.0,37.0,19.0,1.0,1.0,984.0,168.0,118.0,6.0,12.0,0.5072463768115942,0.5447470817120622,0.8676470588235294,0.43870967741935485,0.34285714285714286,0.5238095238095238,0.43870967741935485,0.519774011299435,0.4857142857142857,0.5833333333333334,0.5707491082045184,0.49523809523809526,0.6777777777777778,0.5998914223669924,0.5304347826086957,0.717948717948718,0.3686087990487515,0.07344632768361582,0.08974358974358974,0.09333333333333334,0.027210884353741496,0.5916666666666667,0.9090909090909091,0.13043478260869565,0.6776556776556777,0.31620553359683795,0.7388535031847133,0.24855491329479767,0.7,0.2887323943661972,0.3902439024390244,0.2916666666666667,0.26666666666666666,0.232,0.2916666666666667,0.594059405940594,0.7127659574468085,0.7435897435897436,0.7542372881355932,0.6923076923076923,0.025839793281653745,95.99647977705256,0.5135135135135135,14.997799779977997,15.003300330033003,14.236523652365236,14.234323432343235,0.27824019024970276,0.6495726495726496,0.7136150234741784,0.5986842105263158,0.178359096313912,0.35333333333333333,0.3897058823529412,0.4716981132075472,0.17479191438763378,0.48299319727891155,0.4965034965034965,0.3380281690140845,0.10820451843043995,0.4725274725274725,0.4725274725274725,0.9302325581395349,0.26040428061831156,0.4246575342465753,0.4246575342465753,0.8387096774193549,0.41904761904761906,0.5909090909090909,0.19230769230769232,0.11428571428571428,0.3333333333333333,1.0,0.21904761904761905,0.34782608695652173,1.0,0.2777777777777778,0.88,0.15555555555555556,0.5,0.3111111111111111,0.5357142857142857,0.6468489892984542,0.4246575342465753,0.5434069129916568,0.5849614864864865,0.5706230337078652,0.10363836824696802,0.15294117647058825,0.009615384615384616,0.11030741410488246,0.1518987341772152,7.851789077212806,25.098387096774193,0.12981298129812982,,,,,,,,,1610612739,2017,2016-17,False
201567-202681-202684-202697-2544,1610612739,"Kevin Love, Kyrie Irving, Tristan Thompson, Iman Shumpert, LeBron James","Love, Irving, Thompson, Shumpert, James",201567-202681-202684-202697-2544,CLE,13605.0,30,227.0,13.0,451.0,456.0,88.0,42.0,65.0,907.0,78.0,124.0,19.0,26.0,12.0,22.0,33.0,70.0,35.0,68.0,20.0,54.0,,6.0,2.0,11.0,29.0,96.0,4.0,14.0,6.0,25.0,146.0,262.0,49.0,150.0,77.0,516.0,503.0,23.0,35.0,4.0,20.0,7.0,65.0,20.0,42.0,8.0,36.0,20.0,84.0,124.0,168.0,120.0,27.0,20.0,96.0,29.0,21.0,62.0,40.0,102.0,21.0,19.0,37.0,12.0,13.0,244.0,25.0,45.0,1.0,80.0,92.0,5.0,177.0,71.0,248.0,6.0,37.0,27.0,10.0,40.0,10.0,25.0,30.0,7.0,15.0,,3.0,70.0,14.0,18.0,34.0,2.0,80.0,7.0,6.0,,91.0,,6.0,5.0,4.0,105.0,10.0,,3.0,43.0,4.0,7.0,10.0,,,8.0,2.0,10.0,7.0,,1.0,451.0,84.0,88.0,5.0,6.0,0.4246575342465753,0.45588235294117646,0.8163265306122449,0.32666666666666666,0.2,0.2222222222222222,0.32666666666666666,0.5572519083969466,0.6571428571428571,0.47619047619047616,0.5327669902912622,0.5272727272727272,0.41025641025641024,0.5625,0.5327868852459017,0.44623655913978494,0.3640776699029126,0.08015267175572519,0.0967741935483871,0.11428571428571428,0.014705882352941176,0.5714285714285714,1.0,0.1,0.736,0.3879310344827586,0.7920792079207921,0.25,0.7610619469026548,0.32407407407407407,0.5434782608695652,0.2972972972972973,0.2727272727272727,0.208955223880597,0.3333333333333333,0.6470588235294118,0.8,0.7931034482758621,0.8208955223880597,0.7352941176470589,0.031088082901554404,96.0,0.7,14.623059866962306,15.37280701754386,13.643015521064301,14.774122807017545,0.30097087378640774,0.6290322580645161,0.6964285714285714,0.47435897435897434,0.16990291262135923,0.4714285714285714,0.532258064516129,0.36363636363636365,0.1650485436893204,0.5147058823529411,0.5223880597014925,0.37142857142857144,0.13106796116504854,0.37037037037037035,0.37037037037037035,0.95,0.23300970873786409,0.3020833333333333,0.30851063829787234,0.7241379310344828,0.4727272727272727,0.7307692307692307,0.2631578947368421,0.10909090909090909,,,0.2545454545454545,0.2857142857142857,0.75,0.28205128205128205,0.5454545454545454,0.14102564102564102,0.18181818181818182,0.32051282051282054,0.24,0.6650485436893204,0.3020833333333333,0.5338208737864077,0.5227641025641026,0.5274942307692309,0.10467706013363029,0.14576271186440679,0.025974025974025976,0.12596899224806202,0.16279069767441862,7.40381679389313,24.925333333333334,0.1951219512195122,2.0,1.0,0.013333333333333334,0.020833333333333332,,,,,1610612739,2017,2016-17,False
201567-202681-202684-202732-2544,1610612739,"Kevin Love, Kyrie Irving, Tristan Thompson, DeAndre Liggins, LeBron James","Love, Irving, Thompson, Liggins, James",201567-202681-202684-202732-2544,CLE,10879.0,12,181.0,118.0,365.0,366.0,38.0,11.0,51.0,731.0,64.0,100.0,13.0,19.0,6.0,11.0,25.0,60.0,23.0,45.0,21.0,50.0,3.0,8.0,2.0,7.0,41.0,77.0,4.0,6.0,3.0,5.0,112.0,205.0,62.0,127.0,72.0,482.0,364.0,18.0,31.0,7.0,14.0,8.0,65.0,10.0,20.0,5.0,12.0,22.0,57.0,100.0,124.0,153.0,33.0,10.0,77.0,41.0,17.0,50.0,51.0,101.0,31.0,20.0,33.0,14.0,3.0,253.0,22.0,36.0,1.0,60.0,79.0,3.0,142.0,59.0,201.0,2.0,42.0,29.0,13.0,30.0,11.0,25.0,24.0,2.0,5.0,4.0,2.0,54.0,6.0,3.0,20.0,5.0,42.0,2.0,2.0,1.0,77.0,2.0,4.0,4.0,,93.0,9.0,,2.0,39.0,4.0,5.0,18.0,,,12.0,6.0,18.0,10.0,1.0,,417.0,57.0,38.0,,4.0,0.44642857142857145,0.4672897196261682,0.8225806451612904,0.4881889763779528,0.5,0.4166666666666667,0.4881889763779528,0.5463414634146342,0.5806451612903226,0.5,0.6174698795180723,0.6333333333333333,0.546875,0.6469002695417789,0.6372549019607843,0.6333333333333333,0.3825301204819277,0.08292682926829269,0.13,0.05,0.022222222222222223,0.5555555555555556,0.75,0.125,0.7745098039215687,0.3870967741935484,0.8450704225352113,0.3384615384615385,0.8034682080924855,0.3670886075949367,0.4444444444444444,0.3142857142857143,0.4090909090909091,0.3055555555555556,0.3793103448275862,0.7058823529411765,0.7317073170731707,0.9259259259259259,0.8723404255319149,0.7916666666666666,0.014184397163120567,96.7588932806324,0.5555555555555556,14.457534246575342,15.306010928961749,13.605479452054794,14.912568306010929,0.30120481927710846,0.64,0.735632183908046,0.515625,0.18072289156626506,0.4166666666666667,0.43859649122807015,0.56,0.1355421686746988,0.5111111111111111,0.5227272727272727,0.13043478260869565,0.15060240963855423,0.42,0.42,0.9523809523809523,0.2319277108433735,0.5324675324675324,0.5324675324675324,0.7560975609756098,0.4222222222222222,0.6842105263157895,0.46153846153846156,0.17777777777777778,0.375,1.0,0.13333333333333333,0.6666666666666666,1.0,0.34375,0.5454545454545454,0.21875,0.2857142857142857,0.15625,0.6,0.6837349397590361,0.5324675324675324,0.5547671686746988,0.5663435483870968,0.558340625,0.11748633879781421,0.16595744680851063,0.030534351145038167,0.13485477178423236,0.11825726141078838,6.94780487804878,24.678740157480313,0.10410958904109589,,,,,,,,,1610612739,2017,2016-17,False
202681-202684-202697-2210-2544,1610612739,"Kyrie Irving, Tristan Thompson, Iman Shumpert, Richard Jefferson, LeBron James","Irving, Thompson, Shumpert, Jefferson, James",202681-202684-202697-2210-2544,CLE,7881.0,15,131.0,35.0,256.0,259.0,37.0,33.0,26.0,515.0,44.0,67.0,4.0,9.0,5.0,12.0,19.0,35.0,17.0,42.0,11.0,27.0,1.0,1.0,1.0,2.0,25.0,62.0,5.0,10.0,4.0,8.0,80.0,144.0,36.0,89.0,36.0,304.0,269.0,4.0,11.0,6.0,11.0,3.0,29.0,10.0,21.0,5.0,10.0,11.0,46.0,68.0,92.0,78.0,30.0,8.0,61.0,25.0,10.0,34.0,26.0,60.0,15.0,11.0,26.0,2.0,6.0,146.0,9.0,19.0,1.0,43.0,65.0,4.0,112.0,29.0,141.0,5.0,14.0,8.0,6.0,14.0,3.0,7.0,17.0,2.0,7.0,2.0,5.0,31.0,5.0,4.0,21.0,3.0,39.0,2.0,2.0,2.0,43.0,1.0,,4.0,5.0,52.0,6.0,,,24.0,2.0,2.0,13.0,,,11.0,2.0,13.0,7.0,,,275.0,44.0,36.0,2.0,1.0,0.425,0.4473684210526316,0.7222222222222222,0.4044943820224719,0.5454545454545454,0.5,0.4090909090909091,0.5555555555555556,0.36363636363636365,0.47619047619047616,0.575107296137339,0.5909090909090909,0.5645161290322581,0.596078431372549,0.6041666666666666,0.5897435897435898,0.38197424892703863,0.06944444444444445,0.13432835820895522,0.02857142857142857,,0.45161290322580644,1.0,0.08333333333333333,0.7222222222222222,0.30158730158730157,0.8269230769230769,0.17307692307692307,0.7605633802816901,0.24347826086956523,0.5454545454545454,0.3125,0.08,0.19444444444444445,0.125,0.6363636363636364,0.6774193548387096,0.8846153846153846,0.8181818181818182,0.875,0.047619047619047616,94.09973353635326,0.5384615384615384,14.9921875,15.61003861003861,14.3828125,15.034749034749035,0.2875536480686695,0.6567164179104478,0.7586206896551724,0.5909090909090909,0.15021459227467812,0.5428571428571428,0.5588235294117647,0.10526315789473684,0.18025751072961374,0.40476190476190477,0.40476190476190477,0.35294117647058826,0.11587982832618025,0.4074074074074074,0.4074074074074074,1.0,0.26609442060085836,0.4032258064516129,0.4032258064516129,0.6,0.4090909090909091,0.4444444444444444,,0.045454545454545456,1.0,1.0,0.45454545454545453,0.5,0.6,0.3870967741935484,0.4166666666666667,0.06451612903225806,0.5,0.25806451612903225,0.5,0.6695278969957081,0.4098360655737705,0.5417309523809524,0.5196625,0.5370283333333333,0.10276679841897234,0.14814814814814814,0.02197802197802198,0.09539473684210527,0.1513157894736842,7.932638888888889,25.286516853932586,0.14453125,,,,,1.0,,,,1610612739,2017,2016-17,False
101112-202681-202684-202697-2544,1610612739,"Channing Frye, Kyrie Irving, Tristan Thompson, Iman Shumpert, LeBron James","Frye, Irving, Thompson, Shumpert, James",101112-202681-202684-202697-2544,CLE,6282.0,14,105.0,21.0,201.0,203.0,21.0,11.0,25.0,404.0,36.0,55.0,9.0,13.0,5.0,7.0,9.0,24.0,11.0,22.0,13.0,27.0,,1.0,1.0,1.0,27.0,68.0,2.0,7.0,1.0,6.0,56.0,101.0,40.0,95.0,25.0,257.0,236.0,11.0,16.0,2.0,8.0,3.0,31.0,7.0,10.0,2.0,7.0,5.0,25.0,56.0,56.0,99.0,21.0,10.0,68.0,27.0,8.0,28.0,33.0,61.0,20.0,13.0,17.0,6.0,5.0,155.0,15.0,13.0,,19.0,53.0,3.0,75.0,28.0,103.0,4.0,10.0,7.0,3.0,5.0,2.0,4.0,14.0,2.0,1.0,2.0,1.0,19.0,3.0,4.0,18.0,,36.0,4.0,3.0,2.0,29.0,,2.0,3.0,3.0,33.0,4.0,,2.0,15.0,1.0,1.0,12.0,,,10.0,1.0,12.0,6.0,,,226.0,25.0,21.0,1.0,1.0,0.5,0.5490196078431373,0.825,0.42105263157894735,0.25,0.2857142857142857,0.42105263157894735,0.5544554455445545,0.6875,0.7,0.5918367346938775,0.5833333333333334,0.5882352941176471,0.6100478468899522,0.62,0.625,0.4846938775510204,0.07920792079207921,0.12727272727272726,0.041666666666666664,,0.2631578947368421,1.0,,0.726027397260274,0.28888888888888886,0.7307692307692307,0.2727272727272727,0.7272727272727273,0.28,0.42105263157894735,0.13333333333333333,0.2727272727272727,0.2926829268292683,0.21428571428571427,0.6190476190476191,0.7727272727272727,0.7666666666666667,0.7894736842105263,0.5714285714285714,0.043478260869565216,92.60744985673352,0.5,15.542288557213931,15.556650246305418,14.840796019900498,14.916256157635468,0.28061224489795916,0.6545454545454545,0.75,0.4722222222222222,0.12244897959183673,0.375,0.391304347826087,0.6666666666666666,0.11224489795918367,0.5,0.5,0.45454545454545453,0.1377551020408163,0.48148148148148145,0.48148148148148145,1.0,0.3469387755102041,0.39705882352941174,0.39705882352941174,0.7407407407407407,0.5416666666666666,0.6923076923076923,0.4444444444444444,0.041666666666666664,,,0.2916666666666667,0.2857142857142857,1.0,0.4117647058823529,0.7142857142857143,0.058823529411764705,1.0,0.35294117647058826,0.16666666666666666,0.7653061224489796,0.39705882352941174,0.556440306122449,0.5641857142857143,0.6141294117647059,0.07692307692307693,0.13392857142857142,0.010416666666666666,0.12062256809338522,0.09727626459143969,6.62970297029703,24.783157894736842,0.1044776119402985,,,,,,1.0,,,1610612739,2017,2016-17,False
101112-201567-202681-2544-2747,1610612739,"Channing Frye, Kevin Love, Kyrie Irving, LeBron James, JR Smith","Frye, Love, Irving, James, Smith",101112-201567-202681-2544-2747,CLE,4286.0,9,71.0,52.0,147.0,142.0,35.0,23.0,23.0,289.0,35.0,43.0,3.0,8.0,11.0,12.0,8.0,17.0,2.0,11.0,8.0,24.0,2.0,4.0,2.0,4.0,17.0,48.0,2.0,4.0,3.0,13.0,45.0,71.0,25.0,72.0,21.0,186.0,134.0,3.0,13.0,4.0,8.0,9.0,27.0,13.0,22.0,5.0,17.0,3.0,44.0,42.0,48.0,66.0,9.0,2.0,48.0,17.0,4.0,21.0,22.0,43.0,14.0,8.0,18.0,2.0,1.0,108.0,15.0,12.0,,25.0,32.0,2.0,59.0,27.0,86.0,1.0,10.0,7.0,3.0,14.0,2.0,8.0,8.0,1.0,6.0,,1.0,22.0,4.0,4.0,8.0,2.0,20.0,1.0,2.0,1.0,26.0,2.0,,2.0,,23.0,3.0,,,13.0,,,6.0,,,5.0,1.0,6.0,4.0,,,159.0,44.0,35.0,3.0,,0.4666666666666667,0.4772727272727273,0.88,0.3472222222222222,0.5,0.29411764705882354,0.3472222222222222,0.6338028169014085,0.23076923076923078,0.5909090909090909,0.5769230769230769,0.42857142857142855,0.5256410256410257,0.6078431372549019,0.54,0.55,0.5034965034965035,0.056338028169014086,0.06976744186046512,0.058823529411764705,,0.6363636363636364,1.0,,0.7272727272727273,0.46153846153846156,0.8064516129032258,0.3333333333333333,0.76,0.38028169014084506,0.5,0.5555555555555556,0.3333333333333333,0.3,0.4,0.7368421052631579,0.875,0.6470588235294118,0.8,0.8181818181818182,0.015151515151515152,97.09752683154456,0.6666666666666666,14.653061224489797,15.014084507042254,13.571428571428571,14.492957746478874,0.3006993006993007,0.813953488372093,0.875,0.5142857142857142,0.11888111888111888,0.47058823529411764,0.5,0.25,0.07692307692307693,0.18181818181818182,0.18181818181818182,0.5,0.16783216783216784,0.3333333333333333,0.34782608695652173,1.0,0.3356643356643357,0.3541666666666667,0.3541666666666667,0.8235294117647058,0.38095238095238093,0.375,0.6666666666666666,0.19047619047619047,0.5,1.0,0.19047619047619047,0.5,1.0,0.3076923076923077,0.9166666666666666,0.10256410256410256,0.5,0.3333333333333333,0.23076923076923078,0.8041958041958042,0.3541666666666667,0.5653912587412587,0.5535791666666666,0.5560179487179487,0.08496732026143791,0.16049382716049382,,0.14516129032258066,0.23655913978494625,5.261971830985916,24.648611111111112,0.23809523809523808,1.0,,0.013888888888888888,,,,0.041666666666666664,,1610612739,2017,2016-17,False
101112-202681-202697-2210-2544,1610612739,"Channing Frye, Kyrie Irving, Iman Shumpert, Richard Jefferson, LeBron James","Frye, Irving, Shumpert, Jefferson, James",101112-202681-202697-2210-2544,CLE,3853.0,15,64.0,29.0,125.0,121.0,21.0,21.0,12.0,246.0,34.0,45.0,5.0,8.0,8.0,9.0,4.0,12.0,9.0,15.0,6.0,12.0,,,,,13.0,33.0,1.0,2.0,2.0,7.0,47.0,72.0,19.0,45.0,28.0,179.0,150.0,6.0,11.0,1.0,2.0,,15.0,8.0,13.0,2.0,7.0,6.0,28.0,58.0,36.0,54.0,3.0,6.0,33.0,13.0,7.0,29.0,18.0,47.0,12.0,6.0,20.0,2.0,7.0,112.0,6.0,8.0,,18.0,25.0,1.0,44.0,14.0,58.0,2.0,6.0,4.0,2.0,5.0,,3.0,3.0,1.0,2.0,,,8.0,,1.0,12.0,1.0,20.0,,3.0,1.0,26.0,,,1.0,3.0,35.0,5.0,,1.0,16.0,1.0,2.0,2.0,,,1.0,1.0,2.0,,,,164.0,26.0,20.0,2.0,1.0,0.6170212765957447,0.6590909090909091,0.9473684210526315,0.4222222222222222,0.5,0.2857142857142857,0.4222222222222222,0.6527777777777778,0.5454545454545454,0.6153846153846154,0.6452991452991453,0.5769230769230769,0.55,0.6793893129770993,0.5769230769230769,0.6086956521739131,0.38461538461538464,0.09722222222222222,0.08888888888888889,0.25,,0.625,1.0,,0.7352941176470589,0.3333333333333333,0.72,0.23076923076923078,0.7288135593220338,0.28,0.45454545454545453,0.2857142857142857,0.16666666666666666,0.25,0.16666666666666666,0.36363636363636365,0.7142857142857143,1.0,0.7222222222222222,0.7142857142857143,0.045454545454545456,91.93874902673241,,15.256,16.082644628099175,14.896,14.983471074380166,0.38461538461538464,0.7555555555555555,0.8292682926829268,0.5882352941176471,0.10256410256410256,0.3333333333333333,0.4444444444444444,0.5,0.1282051282051282,0.6,0.6,0.7777777777777778,0.10256410256410256,0.5,0.5,1.0,0.28205128205128205,0.3939393939393939,0.3939393939393939,0.9230769230769231,0.6153846153846154,0.625,0.4,,,,0.15384615384615385,0.5,1.0,0.45,0.8888888888888888,,,0.35,0.2857142857142857,0.7692307692307693,0.3939393939393939,0.5662435897435898,0.5516714285714286,0.581125,0.13178294573643412,0.1927710843373494,0.021739130434782608,0.08379888268156424,0.1564245810055866,5.522222222222222,25.195555555555554,0.168,,,,,,,,,1610612739,2017,2016-17,False
201567-202681-202684-202697-2210,1610612739,"Kevin Love, Kyrie Irving, Tristan Thompson, Iman Shumpert, Richard Jefferson","Love, Irving, Thompson, Shumpert, Jefferson",201567-202681-202684-202697-2210,CLE,2784.0,15,46.0,-2.0,94.0,100.0,47.0,17.0,17.0,194.0,13.0,26.0,2.0,11.0,4.0,12.0,6.0,17.0,3.0,16.0,3.0,6.0,1.0,1.0,1.0,2.0,10.0,27.0,1.0,2.0,5.0,13.0,22.0,59.0,13.0,33.0,24.0,107.0,109.0,6.0,16.0,2.0,3.0,3.0,21.0,9.0,29.0,6.0,15.0,16.0,52.0,12.0,32.0,21.0,18.0,2.0,27.0,10.0,4.0,6.0,7.0,13.0,5.0,2.0,2.0,1.0,3.0,33.0,3.0,17.0,,12.0,22.0,1.0,35.0,20.0,55.0,5.0,10.0,6.0,4.0,6.0,3.0,3.0,4.0,,3.0,,,10.0,,4.0,13.0,1.0,19.0,,1.0,,16.0,,1.0,,,26.0,3.0,,,8.0,1.0,5.0,5.0,,,4.0,,5.0,4.0,,,86.0,52.0,47.0,2.0,5.0,0.2727272727272727,0.2857142857142857,0.5384615384615384,0.3939393939393939,0.6666666666666666,0.4,0.3939393939393939,0.3728813559322034,0.375,0.3103448275862069,0.45108695652173914,0.47368421052631576,0.4090909090909091,0.5194174757281553,0.5,0.5,0.358695652173913,0.06779661016949153,0.07692307692307693,0.058823529411764705,0.0625,0.6,1.0,,0.7333333333333333,0.4594594594594595,0.8,0.15,0.7555555555555555,0.3508771929824561,0.5384615384615384,0.6363636363636364,0.23076923076923078,0.11764705882352941,0.3333333333333333,0.6923076923076923,0.5555555555555556,1.0,0.8181818181818182,0.75,0.09433962264150944,100.3448275862069,0.8,14.957446808510639,13.78,13.882978723404255,13.38,0.2826086956521739,0.5,0.5416666666666666,0.15384615384615385,0.18478260869565216,0.35294117647058826,0.375,0.16666666666666666,0.17391304347826086,0.1875,0.2,1.0,0.06521739130434782,0.5,0.5,0.6666666666666666,0.29347826086956524,0.37037037037037035,0.37037037037037035,0.5,0.5789473684210527,0.18181818181818182,0.5,0.05263157894736842,1.0,1.0,0.10526315789473684,0.5,1.0,0.2727272727272727,0.3333333333333333,0.045454545454545456,0.5,0.29545454545454547,0.38461538461538464,0.6413043478260869,0.37037037037037035,0.5123989130434783,0.54081875,0.5141965909090909,0.09183673469387756,0.125,0.029411764705882353,0.19626168224299065,0.48598130841121495,7.937288135593221,25.430303030303033,0.5,,,,,,1.0,,,1610612739,2017,2016-17,False
202681-202684-2210-2544-2747,1610612739,"Kyrie Irving, Tristan Thompson, Richard Jefferson, LeBron James, JR Smith","Irving, Thompson, Jefferson, James, Smith",202681-202684-2210-2544-2747,CLE,2693.0,12,45.0,13.0,93.0,91.0,28.0,25.0,16.0,184.0,22.0,30.0,3.0,4.0,6.0,8.0,1.0,10.0,5.0,12.0,4.0,10.0,1.0,1.0,,,6.0,16.0,1.0,3.0,2.0,5.0,28.0,52.0,10.0,26.0,28.0,114.0,101.0,4.0,7.0,2.0,4.0,6.0,20.0,8.0,10.0,2.0,5.0,12.0,34.0,18.0,38.0,21.0,9.0,4.0,16.0,6.0,3.0,9.0,7.0,16.0,3.0,4.0,9.0,,,39.0,7.0,7.0,,12.0,20.0,3.0,35.0,14.0,49.0,,3.0,3.0,,8.0,3.0,3.0,6.0,1.0,5.0,,,14.0,2.0,7.0,2.0,,8.0,,2.0,2.0,25.0,,2.0,4.0,2.0,31.0,3.0,,4.0,10.0,,5.0,4.0,,,4.0,,4.0,3.0,,,94.0,34.0,28.0,2.0,5.0,0.32142857142857145,0.34615384615384615,0.7,0.38461538461538464,0.5,0.4,0.38461538461538464,0.5384615384615384,0.5714285714285714,0.8,0.5512820512820513,0.6363636363636364,0.7333333333333333,0.6111111111111112,0.7142857142857143,0.8095238095238095,0.3333333333333333,0.057692307692307696,0.06666666666666667,0.1,,0.5714285714285714,1.0,,0.7407407407407407,0.2916666666666667,0.7058823529411765,0.4375,0.7272727272727273,0.35,0.375,0.3333333333333333,0.14285714285714285,0.4,0.5,0.7692307692307693,0.6666666666666666,0.8,0.75,0.6,,98.38841440772373,0.75,15.838709677419354,13.406593406593407,14.419354838709678,13.12087912087912,0.38461538461538464,0.7333333333333333,0.7857142857142857,0.4090909090909091,0.1282051282051282,0.1,0.1111111111111111,,0.15384615384615385,0.4166666666666667,0.4166666666666667,,0.1282051282051282,0.4,0.4,1.0,0.20512820512820512,0.375,0.375,0.5,0.36363636363636365,0.75,,0.09090909090909091,1.0,1.0,0.2727272727272727,0.3333333333333333,,0.5333333333333333,0.75,,,0.3333333333333333,0.4,0.717948717948718,0.375,0.5682253246753246,0.48715714285714284,0.58167,0.11764705882352941,0.1694915254237288,,0.17543859649122806,0.2982456140350877,6.225,25.53076923076923,0.3010752688172043,,,,,,,,,1610612739,2017,2016-17,False
201567-202681-202684-2544-2594,1610612739,"Kevin Love, Kyrie Irving, Tristan Thompson, LeBron James, Kyle Korver","Love, Irving, Thompson, James, Korver",201567-202681-202684-2544-2594,CLE,2660.0,11,44.0,-8.0,84.0,85.0,49.0,32.0,14.0,169.0,17.0,26.0,5.0,6.0,6.0,10.0,10.0,15.0,3.0,14.0,2.0,13.0,,2.0,2.0,9.0,7.0,12.0,,,5.0,9.0,30.0,55.0,9.0,25.0,15.0,102.0,110.0,8.0,10.0,,2.0,4.0,20.0,14.0,26.0,7.0,18.0,13.0,62.0,32.0,28.0,24.0,3.0,4.0,12.0,7.0,8.0,16.0,8.0,24.0,6.0,2.0,11.0,2.0,3.0,56.0,7.0,7.0,,8.0,15.0,1.0,24.0,14.0,38.0,1.0,6.0,5.0,1.0,6.0,2.0,4.0,3.0,1.0,2.0,,,9.0,,5.0,7.0,,17.0,,,,15.0,,,,,20.0,2.0,,,8.0,,3.0,3.0,,,3.0,,3.0,2.0,,,82.0,62.0,49.0,4.0,3.0,0.5333333333333333,0.5714285714285714,0.8888888888888888,0.36,,0.3888888888888889,0.36,0.5454545454545454,0.8,0.5384615384615384,0.54375,0.6666666666666666,0.5568181818181818,0.5730337078651685,0.7142857142857143,0.5849056603773585,0.3125,0.14545454545454545,0.2692307692307692,0.06666666666666667,,0.6666666666666666,1.0,,0.5357142857142857,0.28,0.6666666666666666,0.4375,0.575,0.34146341463414637,0.3333333333333333,0.2,0.2727272727272727,0.6,0.36363636363636365,0.47058823529411764,0.7142857142857143,0.5,0.625,0.75,0.030303030303030304,91.48872180451127,0.6666666666666666,15.857142857142858,15.623529411764705,14.952380952380953,14.788235294117648,0.325,0.6538461538461539,0.8947368421052632,0.6470588235294118,0.1875,0.6666666666666666,0.7142857142857143,0.2,0.175,0.21428571428571427,0.21428571428571427,1.0,0.1625,0.15384615384615385,0.15384615384615385,1.0,0.15,0.5833333333333334,0.5833333333333334,0.8571428571428571,0.5,0.8333333333333334,0.2,0.16666666666666666,,,,,,0.22727272727272727,0.6,0.20454545454545456,0.2222222222222222,0.20454545454545456,0.5555555555555556,0.6375,0.5833333333333334,0.4944325,0.5464833333333333,0.4841352272727273,0.09302325581395349,0.13114754098360656,,0.19607843137254902,0.6078431372549019,8.092727272727274,24.752,0.5833333333333334,,,,,,,,,1610612739,2017,2016-17,False
201567-202681-202697-2544-2747,1610612739,"Kevin Love, Kyrie Irving, Iman Shumpert, LeBron James, JR Smith","Love, Irving, Shumpert, James, Smith",201567-202681-202697-2544-2747,CLE,2530.0,13,42.0,1.0,87.0,85.0,46.0,56.0,7.0,172.0,16.0,20.0,2.0,3.0,10.0,13.0,2.0,6.0,3.0,10.0,1.0,6.0,,,,2.0,10.0,23.0,1.0,2.0,6.0,10.0,21.0,36.0,11.0,29.0,28.0,103.0,102.0,3.0,5.0,1.0,2.0,3.0,12.0,13.0,22.0,6.0,12.0,20.0,64.0,16.0,26.0,21.0,12.0,4.0,23.0,10.0,1.0,8.0,7.0,15.0,6.0,1.0,7.0,,1.0,37.0,2.0,6.0,,18.0,15.0,,33.0,8.0,41.0,1.0,6.0,4.0,2.0,7.0,2.0,5.0,5.0,1.0,2.0,,,12.0,,6.0,15.0,,27.0,1.0,,1.0,23.0,,3.0,2.0,1.0,38.0,,,2.0,11.0,,7.0,3.0,,,3.0,,3.0,1.0,,,91.0,62.0,45.0,3.0,6.0,0.38095238095238093,0.42105263157894735,0.6363636363636364,0.3793103448275862,0.5,0.5,0.3793103448275862,0.5833333333333334,0.6,0.5909090909090909,0.5769230769230769,0.6428571428571429,0.6470588235294118,0.608433734939759,0.6666666666666666,0.6739130434782609,0.4461538461538462,0.027777777777777776,0.05,,,0.5833333333333334,,,0.75,0.4,0.75,0.1111111111111111,0.75,0.24242424242424243,0.5,0.5,0.2857142857142857,0.15384615384615385,,0.6666666666666666,0.7777777777777778,0.8,0.7777777777777778,0.6666666666666666,0.03125,97.89723320158103,0.3333333333333333,15.632183908045977,13.764705882352942,14.942528735632184,13.211764705882352,0.3076923076923077,0.8,0.8421052631578947,0.4375,0.09230769230769231,0.3333333333333333,0.3333333333333333,,0.15384615384615385,0.3,0.3,0.3333333333333333,0.09230769230769231,0.16666666666666666,0.16666666666666666,1.0,0.35384615384615387,0.43478260869565216,0.43478260869565216,0.6,0.42857142857142855,0.6666666666666666,,,,,0.2857142857142857,0.5,,0.38235294117647056,0.7692307692307693,0.058823529411764705,,0.29411764705882354,0.6,0.7538461538461538,0.43478260869565216,0.5460353846153846,0.6129333333333333,0.556514705882353,0.14473684210526316,0.23404255319148937,,0.11650485436893204,0.6213592233009708,7.208333333333333,25.220689655172414,0.5287356321839081,,,,,,,,,1610612739,2017,2016-17,False
101112-1627770-2210-2544-2594,1610612739,"Channing Frye, Kay Felder, Richard Jefferson, LeBron James, Kyle Korver","Frye, Felder, Jefferson, James, Korver",101112-1627770-2210-2544-2594,CLE,2394.0,6,40.0,-8.0,85.0,84.0,5.0,6.0,8.0,169.0,13.0,20.0,,1.0,,,1.0,7.0,5.0,9.0,4.0,11.0,,,,1.0,10.0,22.0,1.0,3.0,,1.0,19.0,36.0,14.0,33.0,8.0,88.0,96.0,,2.0,1.0,3.0,1.0,4.0,,,,2.0,1.0,1.0,8.0,30.0,42.0,,,22.0,10.0,2.0,4.0,14.0,18.0,10.0,4.0,3.0,,1.0,50.0,3.0,3.0,1.0,8.0,27.0,1.0,36.0,7.0,43.0,1.0,2.0,1.0,1.0,8.0,2.0,5.0,8.0,1.0,3.0,,,16.0,2.0,2.0,9.0,2.0,18.0,2.0,,3.0,15.0,1.0,1.0,1.0,,18.0,2.0,,1.0,8.0,,2.0,3.0,,,,2.0,3.0,2.0,,1.0,84.0,1.0,5.0,,1.0,0.21052631578947367,0.21052631578947367,1.0,0.42424242424242425,0.3333333333333333,,0.42424242424242425,0.5277777777777778,,,0.5797101449275363,0.3,,0.564935064935065,0.2857142857142857,0.125,0.4782608695652174,0.05555555555555555,0.1,,,0.5,1.0,0.16666666666666666,0.84375,0.17647058823529413,0.6666666666666666,0.15789473684210525,0.7954545454545454,0.16666666666666666,0.2857142857142857,0.16666666666666666,,0.16666666666666666,0.14285714285714285,1.0,0.7692307692307693,0.8461538461538461,0.7142857142857143,0.6,0.029411764705882353,101.65413533834587,0.6666666666666666,13.552941176470588,14.785714285714286,13.0,14.261904761904763,0.2898550724637681,0.65,0.7222222222222222,0.23076923076923078,0.10144927536231885,0.14285714285714285,0.14285714285714285,,0.13043478260869565,0.5555555555555556,0.5555555555555556,0.2,0.15942028985507245,0.36363636363636365,0.36363636363636365,1.0,0.3188405797101449,0.45454545454545453,0.45454545454545453,1.0,0.2,,,,,,0.6,0.3333333333333333,1.0,,,0.5,,0.5,,0.7681159420289855,0.45454545454545453,0.5593898550724639,0.5450333333333334,0.556275,0.10666666666666667,0.19047619047619047,,0.045454545454545456,0.011363636363636364,6.941666666666666,24.65757575757576,0.058823529411764705,,,,,,1.0,,,1610612739,2017,2016-17,False
202681-202684-202697-2544-2747,1610612739,"Kyrie Irving, Tristan Thompson, Iman Shumpert, LeBron James, JR Smith","Irving, Thompson, Shumpert, James, Smith",202681-202684-202697-2544-2747,CLE,2379.0,15,40.0,-12.0,80.0,85.0,34.0,26.0,8.0,165.0,13.0,20.0,2.0,3.0,3.0,6.0,4.0,8.0,3.0,8.0,3.0,5.0,,2.0,1.0,2.0,7.0,27.0,1.0,3.0,2.0,11.0,20.0,36.0,10.0,32.0,11.0,81.0,93.0,2.0,3.0,1.0,5.0,,7.0,5.0,12.0,3.0,13.0,5.0,24.0,18.0,22.0,21.0,9.0,4.0,27.0,7.0,1.0,9.0,7.0,16.0,4.0,3.0,7.0,2.0,,39.0,2.0,7.0,,10.0,18.0,3.0,31.0,9.0,40.0,2.0,7.0,5.0,2.0,7.0,,5.0,4.0,1.0,2.0,,,11.0,,6.0,5.0,1.0,14.0,1.0,,2.0,18.0,,1.0,2.0,,23.0,2.0,,1.0,9.0,,3.0,5.0,,,2.0,3.0,5.0,4.0,,,74.0,24.0,34.0,1.0,3.0,0.45,0.5,0.7,0.3125,0.2,0.23076923076923078,0.3125,0.5555555555555556,0.6666666666666666,0.4166666666666667,0.5147058823529411,0.4375,0.38,0.5192307692307693,0.4375,0.3870967741935484,0.47058823529411764,0.027777777777777776,0.05,,,0.6363636363636364,1.0,,0.75,0.4375,0.9090909090909091,0.09523809523809523,0.8,0.24324324324324326,0.5714285714285714,0.25,0.4,0.10526315789473684,,0.5714285714285714,0.9,0.7142857142857143,0.9,1.0,0.05555555555555555,99.87389659520808,0.8,14.9375,13.929411764705883,14.5125,13.658823529411764,0.29411764705882354,0.65,0.6842105263157895,0.5384615384615384,0.11764705882352941,0.5,0.5,0.5,0.11764705882352941,0.375,0.375,,0.07352941176470588,0.6,0.6,1.0,0.39705882352941174,0.25925925925925924,0.25925925925925924,0.5714285714285714,0.375,0.6666666666666666,,0.25,,,0.375,0.3333333333333333,1.0,0.24,0.5,0.08,0.5,0.44,0.18181818181818182,0.7647058823529411,0.25925925925925924,0.5543823529411764,0.58995,0.5443760000000001,0.12,0.20930232558139536,,0.08641975308641975,0.2962962962962963,6.758333333333334,25.6625,0.425,,,,,,,,,1610612739,2017,2016-17,False
201567-202681-202684-202697-2747,1610612739,"Kevin Love, Kyrie Irving, Tristan Thompson, Iman Shumpert, JR Smith","Love, Irving, Thompson, Shumpert, Smith",201567-202681-202684-202697-2747,CLE,2377.0,13,40.0,4.0,77.0,74.0,35.0,4.0,9.0,151.0,14.0,25.0,2.0,4.0,5.0,8.0,5.0,12.0,6.0,13.0,2.0,4.0,,1.0,1.0,1.0,10.0,24.0,,1.0,6.0,12.0,25.0,50.0,12.0,28.0,12.0,98.0,94.0,3.0,6.0,,2.0,,6.0,10.0,20.0,7.0,13.0,8.0,49.0,14.0,36.0,21.0,15.0,2.0,24.0,10.0,4.0,7.0,7.0,14.0,6.0,1.0,4.0,3.0,,35.0,4.0,5.0,,7.0,17.0,,24.0,9.0,33.0,1.0,6.0,5.0,1.0,1.0,2.0,1.0,2.0,,,,,3.0,1.0,1.0,3.0,,10.0,,,,12.0,,,1.0,,12.0,2.0,,,3.0,2.0,1.0,5.0,,,4.0,,5.0,3.0,,,92.0,49.0,35.0,1.0,1.0,0.28,0.2916666666666667,0.5833333333333334,0.42857142857142855,,0.5384615384615384,0.42857142857142855,0.5,0.5,0.5,0.5512820512820513,0.375,0.6212121212121212,0.5975609756097561,0.375,0.6805555555555556,0.358974358974359,0.08,0.16,,,0.3333333333333333,,,0.7083333333333334,0.2,0.4666666666666667,0.25,0.6153846153846154,0.21951219512195122,0.2727272727272727,0.2857142857142857,,0.21428571428571427,0.5,0.4444444444444444,1.0,0.8181818181818182,0.36363636363636365,0.75,0.02702702702702703,91.47665124106015,0.6,15.64935064935065,15.837837837837839,14.896103896103897,14.77027027027027,0.32051282051282054,0.56,0.6666666666666666,0.2857142857142857,0.15384615384615385,0.4166666666666667,0.4166666666666667,0.6,0.16666666666666666,0.46153846153846156,0.46153846153846156,,0.05128205128205128,0.5,0.5,0.5,0.3076923076923077,0.4166666666666667,0.4166666666666667,0.6,0.5,0.5,0.5,0.125,,,0.125,,,0.24242424242424243,0.625,0.030303030303030304,1.0,0.36363636363636365,0.5,0.6794871794871795,0.4166666666666667,0.5267192307692308,0.58443,0.49713787878787885,0.06172839506172839,0.058823529411764705,0.06666666666666667,0.061224489795918366,0.5,7.184,25.97142857142857,0.45454545454545453,,,,,,1.0,,,1610612739,2017,2016-17,False
101112-202682-2210-2544-2594,1610612739,"Channing Frye, Derrick Williams, Richard Jefferson, LeBron James, Kyle Korver","Frye, Williams, Jefferson, James, Korver",101112-202682-2210-2544-2594,CLE,2322.0,5,39.0,28.0,82.0,85.0,29.0,,1.0,167.0,23.0,27.0,1.0,2.0,7.0,8.0,,,6.0,8.0,2.0,6.0,,,,2.0,9.0,19.0,,,3.0,8.0,29.0,35.0,11.0,25.0,16.0,107.0,79.0,1.0,2.0,,,,2.0,10.0,12.0,3.0,10.0,2.0,31.0,38.0,20.0,33.0,,,19.0,9.0,2.0,19.0,11.0,30.0,9.0,2.0,15.0,,4.0,71.0,1.0,1.0,,11.0,26.0,1.0,38.0,2.0,40.0,,4.0,3.0,1.0,9.0,1.0,7.0,8.0,3.0,2.0,1.0,,17.0,,6.0,9.0,,15.0,,,2.0,29.0,1.0,1.0,3.0,2.0,19.0,4.0,,,9.0,1.0,1.0,2.0,,,1.0,1.0,2.0,2.0,,,105.0,31.0,29.0,,1.0,0.6551724137931034,0.6551724137931034,1.0,0.44,,0.3,0.44,0.8285714285714286,0.5,0.8333333333333334,0.7583333333333333,0.5,0.6590909090909091,0.7985074626865671,0.5,0.6739130434782609,0.4166666666666667,0.05714285714285714,0.07407407407407407,,,0.5294117647058824,1.0,,0.8387096774193549,0.16666666666666666,0.8461538461538461,0.07142857142857142,0.8409090909090909,0.1,0.25,,,,0.25,0.75,0.875,0.9090909090909091,0.8333333333333334,1.0,,103.56589147286822,1.0,12.487804878048781,15.270588235294118,12.28048780487805,14.929411764705883,0.45,0.8518518518518519,0.92,0.6521739130434783,,,,,0.13333333333333333,0.75,0.75,0.6666666666666666,0.1,0.3333333333333333,0.3333333333333333,1.0,0.31666666666666665,0.47368421052631576,0.5,1.0,1.0,0.5,1.0,,,,,,,0.36363636363636365,0.875,0.09090909090909091,,0.36363636363636365,0.375,0.8666666666666667,0.47368421052631576,0.6036699999999999,0.8752,0.5824886363636363,0.15151515151515152,0.225,0.038461538461538464,0.018691588785046728,0.2897196261682243,5.057142857142857,24.908,0.35365853658536583,1.0,,0.04,0.05263157894736842,,,,,1610612739,2017,2016-17,False
201567-202684-202732-203895-2544,1610612739,"Kevin Love, Tristan Thompson, DeAndre Liggins, Jordan McRae, LeBron James","Love, Thompson, Liggins, McRae, James",201567-202684-202732-203895-2544,CLE,2232.0,2,37.0,,70.0,70.0,9.0,4.0,7.0,140.0,14.0,22.0,2.0,5.0,3.0,3.0,6.0,16.0,2.0,9.0,2.0,8.0,,2.0,1.0,1.0,6.0,17.0,1.0,1.0,1.0,1.0,22.0,47.0,8.0,25.0,10.0,78.0,78.0,2.0,5.0,1.0,3.0,,7.0,4.0,5.0,2.0,2.0,1.0,15.0,20.0,24.0,15.0,9.0,2.0,17.0,6.0,5.0,10.0,5.0,15.0,3.0,2.0,7.0,2.0,1.0,35.0,2.0,9.0,,6.0,20.0,,26.0,11.0,37.0,1.0,6.0,2.0,4.0,1.0,2.0,1.0,3.0,,,1.0,,4.0,2.0,1.0,3.0,,10.0,,1.0,,14.0,,,1.0,,13.0,3.0,,,7.0,,1.0,,,,,,,,1.0,,71.0,15.0,9.0,1.0,1.0,0.45454545454545453,0.47619047619047616,0.625,0.32,0.3333333333333333,1.0,0.32,0.46808510638297873,0.4,0.8,0.4722222222222222,0.4375,1.0,0.5064935064935064,0.4375,0.9375,0.3472222222222222,0.10638297872340426,0.13636363636363635,0.125,,0.25,,,0.8333333333333334,0.36,0.6666666666666666,0.11764705882352941,0.7878787878787878,0.2619047619047619,0.5,0.4,0.14285714285714285,0.18181818181818182,,1.0,0.7692307692307693,0.6666666666666666,0.8333333333333334,0.3333333333333333,0.02702702702702703,90.32258064516128,,17.4,14.485714285714286,16.585714285714285,14.17142857142857,0.3055555555555556,0.6363636363636364,0.7368421052631579,0.5,0.2222222222222222,0.375,0.42857142857142855,0.3333333333333333,0.125,0.2222222222222222,0.2222222222222222,0.5,0.1111111111111111,0.25,0.25,1.0,0.2361111111111111,0.35294117647058826,0.35294117647058826,0.5,0.625,0.4,0.5,0.25,,,0.125,1.0,1.0,0.42857142857142855,1.0,0.14285714285714285,1.0,0.14285714285714285,1.0,0.6527777777777778,0.35294117647058826,0.5382638888888889,0.6209571428571429,0.5887428571428571,0.09210526315789473,0.13725490196078433,,0.08974358974358974,0.19230769230769232,6.631914893617021,24.824,0.12857142857142856,,,,,,,,,1610612739,2017,2016-17,False
101112-201567-202681-202697-2544,1610612739,"Channing Frye, Kevin Love, Kyrie Irving, Iman Shumpert, LeBron James","Frye, Love, Irving, Shumpert, James",101112-201567-202681-202697-2544,CLE,2185.0,10,36.0,-9.0,69.0,65.0,32.0,14.0,10.0,134.0,16.0,20.0,3.0,4.0,6.0,9.0,2.0,8.0,1.0,9.0,5.0,13.0,,2.0,2.0,5.0,5.0,18.0,1.0,4.0,2.0,7.0,19.0,37.0,10.0,31.0,20.0,88.0,97.0,3.0,5.0,1.0,6.0,3.0,12.0,7.0,17.0,4.0,12.0,15.0,41.0,14.0,24.0,24.0,6.0,6.0,18.0,5.0,2.0,7.0,8.0,15.0,3.0,5.0,7.0,,,38.0,6.0,6.0,,9.0,6.0,2.0,17.0,12.0,29.0,,5.0,4.0,1.0,4.0,,2.0,3.0,1.0,2.0,,,7.0,,3.0,7.0,,10.0,1.0,,,20.0,,1.0,2.0,,25.0,3.0,,2.0,7.0,,6.0,1.0,,,1.0,,1.0,,,,76.0,41.0,32.0,1.0,6.0,0.3684210526315789,0.4375,0.8,0.3225806451612903,0.16666666666666666,0.3333333333333333,0.3225806451612903,0.5135135135135135,0.6,0.4117647058823529,0.5,0.4090909090909091,0.4482758620689655,0.5576923076923077,0.5,0.5540540540540541,0.45588235294117646,0.05405405405405406,0.05,0.125,,0.5714285714285714,1.0,,0.46153846153846156,0.3333333333333333,0.75,0.3,0.6,0.3157894736842105,0.5,0.3333333333333333,0.25,0.25,0.375,0.3333333333333333,0.5,0.5,0.9,,,88.31121281464532,,16.855072463768117,15.723076923076922,15.579710144927537,14.861538461538462,0.29411764705882354,0.8,0.8421052631578947,0.4375,0.11764705882352941,0.25,0.2857142857142857,,0.1323529411764706,0.1111111111111111,0.1111111111111111,,0.19117647058823528,0.38461538461538464,0.4166666666666667,1.0,0.2647058823529412,0.2777777777777778,0.2777777777777778,0.6,0.36363636363636365,0.75,,0.18181818181818182,,,0.36363636363636365,0.25,1.0,0.3103448275862069,0.6666666666666666,0.1724137931034483,0.4,0.2413793103448276,0.2857142857142857,0.75,0.2777777777777778,0.5084036764705883,0.46577857142857143,0.4785448275862069,0.09722222222222222,0.17073170731707318,,0.13636363636363635,0.4659090909090909,6.956756756756756,24.5258064516129,0.463768115942029,1.0,,0.03225806451612903,,,,0.07692307692307693,,1610612739,2017,2016-17,False
101112-202681-202684-202697-2210,1610612739,"Channing Frye, Kyrie Irving, Tristan Thompson, Iman Shumpert, Richard Jefferson","Frye, Irving, Thompson, Shumpert, Jefferson",101112-202681-202684-202697-2210,CLE,2125.0,8,35.0,-7.0,71.0,71.0,10.0,4.0,3.0,142.0,8.0,14.0,,2.0,1.0,1.0,3.0,9.0,8.0,13.0,2.0,7.0,,,,,4.0,18.0,,,,1.0,19.0,36.0,6.0,25.0,18.0,74.0,81.0,1.0,3.0,,,,2.0,2.0,5.0,,1.0,6.0,10.0,8.0,30.0,18.0,,,18.0,4.0,3.0,4.0,6.0,10.0,4.0,2.0,1.0,,3.0,26.0,3.0,2.0,,12.0,21.0,1.0,34.0,5.0,39.0,1.0,1.0,,1.0,2.0,,,6.0,1.0,2.0,1.0,,8.0,1.0,1.0,6.0,2.0,12.0,2.0,,1.0,21.0,,2.0,2.0,,20.0,3.0,,,9.0,1.0,1.0,2.0,,,1.0,1.0,2.0,2.0,,,72.0,10.0,10.0,,1.0,0.21052631578947367,0.21052631578947367,1.0,0.24,,,0.24,0.5277777777777778,0.3333333333333333,0.4,0.45901639344262296,0.3333333333333333,0.3333333333333333,0.5362318840579711,0.3333333333333333,0.5555555555555556,0.4098360655737705,0.08333333333333333,0.07142857142857142,0.2222222222222222,,0.25,1.0,,0.84,0.11764705882352941,0.8,0.15789473684210525,0.825,0.1388888888888889,0.3333333333333333,,,0.14285714285714285,0.2,0.6666666666666666,0.8181818181818182,0.9090909090909091,0.8181818181818182,0.75,0.030303030303030304,96.22588235294118,1.0,15.04225352112676,14.887323943661972,14.366197183098592,14.464788732394366,0.22950819672131148,0.5714285714285714,0.6153846153846154,0.125,0.14754098360655737,0.3333333333333333,0.42857142857142855,,0.21311475409836064,0.6153846153846154,0.6153846153846154,0.375,0.11475409836065574,0.2857142857142857,0.2857142857142857,1.0,0.29508196721311475,0.2222222222222222,0.2222222222222222,1.0,0.6666666666666666,,,,,,,,,0.16666666666666666,1.0,,,0.16666666666666666,,0.639344262295082,0.2222222222222222,0.5308204918032786,0.4831666666666667,0.49794999999999995,0.14705882352941177,0.21428571428571427,0.038461538461538464,0.02702702702702703,0.13513513513513514,8.744444444444445,25.048000000000002,0.14084507042253522,,,,,,,,,1610612739,2017,2016-17,False
101112-202732-2210-2544-2594,1610612739,"Channing Frye, DeAndre Liggins, Richard Jefferson, LeBron James, Kyle Korver","Frye, Liggins, Jefferson, James, Korver",101112-202732-2210-2544-2594,CLE,2045.0,4,34.0,-26.0,67.0,66.0,11.0,7.0,7.0,133.0,10.0,18.0,,2.0,4.0,4.0,,4.0,2.0,5.0,3.0,7.0,1.0,1.0,1.0,2.0,9.0,23.0,1.0,2.0,,5.0,12.0,27.0,12.0,30.0,7.0,67.0,93.0,,4.0,2.0,3.0,1.0,7.0,4.0,5.0,1.0,7.0,1.0,12.0,14.0,10.0,33.0,3.0,,23.0,9.0,5.0,7.0,11.0,18.0,8.0,3.0,5.0,,2.0,47.0,5.0,4.0,,10.0,8.0,2.0,20.0,9.0,29.0,,3.0,2.0,1.0,7.0,2.0,4.0,9.0,1.0,3.0,1.0,2.0,16.0,1.0,1.0,10.0,,19.0,2.0,1.0,1.0,18.0,1.0,1.0,,1.0,11.0,2.0,1.0,,5.0,1.0,1.0,1.0,,,1.0,,1.0,,,,60.0,12.0,11.0,,1.0,0.5833333333333334,0.5833333333333334,0.9166666666666666,0.4,0.6666666666666666,0.14285714285714285,0.4,0.4444444444444444,,0.8,0.5263157894736842,0.42857142857142855,0.4583333333333333,0.5491803278688525,0.4375,0.46153846153846156,0.5263157894736842,0.18518518518518517,0.16666666666666666,0.25,0.2,0.4375,1.0,,0.6153846153846154,0.26666666666666666,0.8333333333333334,0.2777777777777778,0.72,0.2727272727272727,0.25,0.25,0.3333333333333333,0.35714285714285715,,0.5,1.0,0.6,0.875,0.75,,93.65281173594131,,16.26865671641791,14.469696969696969,15.298507462686567,13.681818181818182,0.3157894736842105,0.5555555555555556,0.6666666666666666,0.5,0.07017543859649122,,,,0.08771929824561403,0.4,0.5,1.0,0.12280701754385964,0.42857142857142855,0.42857142857142855,1.0,0.40350877192982454,0.391304347826087,0.391304347826087,0.8888888888888888,0.2857142857142857,,,0.14285714285714285,1.0,1.0,0.2857142857142857,0.5,1.0,0.3333333333333333,1.0,0.16666666666666666,0.5,0.4166666666666667,,0.8421052631578947,0.391304347826087,0.555178947368421,0.5125333333333334,0.6076583333333333,0.1,0.16666666666666666,0.03333333333333333,0.1044776119402985,0.1791044776119403,5.625925925925926,25.453333333333333,0.16417910447761194,,,,,,,,,1610612739,2017,2016-17,False
201567-202681-202684-2210-2544,1610612739,"Kevin Love, Kyrie Irving, Tristan Thompson, Richard Jefferson, LeBron James","Love, Irving, Thompson, Jefferson, James",201567-202681-202684-2210-2544,CLE,1987.0,6,33.0,1.0,68.0,66.0,22.0,15.0,12.0,134.0,17.0,31.0,4.0,10.0,5.0,10.0,4.0,9.0,4.0,8.0,1.0,8.0,1.0,1.0,,2.0,4.0,11.0,,,1.0,1.0,25.0,48.0,5.0,19.0,13.0,78.0,77.0,4.0,13.0,1.0,1.0,5.0,16.0,8.0,17.0,1.0,3.0,9.0,28.0,16.0,34.0,9.0,6.0,6.0,11.0,4.0,4.0,8.0,3.0,11.0,2.0,1.0,7.0,1.0,,25.0,7.0,10.0,1.0,6.0,17.0,2.0,25.0,18.0,43.0,3.0,4.0,2.0,2.0,7.0,1.0,4.0,5.0,1.0,3.0,,1.0,12.0,,3.0,3.0,1.0,7.0,,1.0,2.0,15.0,,,1.0,,17.0,3.0,,,9.0,,1.0,5.0,,,4.0,1.0,5.0,2.0,,,62.0,28.0,22.0,,1.0,0.32,0.36363636363636365,0.6,0.2631578947368421,1.0,0.3333333333333333,0.2631578947368421,0.5208333333333334,0.3076923076923077,0.47058823529411764,0.48507462686567165,0.39285714285714285,0.475,0.527027027027027,0.47058823529411764,0.5833333333333334,0.2835820895522388,0.08333333333333333,0.0967741935483871,0.1111111111111111,,0.5833333333333334,1.0,0.5,0.6538461538461539,0.43478260869565216,0.75,0.5,0.6764705882352942,0.4594594594594595,0.6428571428571429,0.2,,0.2857142857142857,0.7142857142857143,0.5,0.6363636363636364,0.8571428571428571,0.6666666666666666,1.0,0.09090909090909091,97.1112229491696,0.4,14.647058823529411,15.015151515151516,13.647058823529411,14.378787878787879,0.4626865671641791,0.5483870967741935,0.6071428571428571,0.4117647058823529,0.13432835820895522,0.4444444444444444,0.5,0.25,0.11940298507462686,0.5,0.5,,0.11940298507462686,0.125,0.125,1.0,0.16417910447761194,0.36363636363636365,0.36363636363636365,0.5,0.7142857142857143,0.4,0.25,0.07142857142857142,1.0,1.0,,,,0.5,0.5,0.1,,0.05,1.0,0.746268656716418,0.36363636363636365,0.5467597014925373,0.533615,0.53461,0.1232876712328767,0.16666666666666666,,0.20512820512820512,0.358974358974359,6.0375000000000005,24.86315789473684,0.3235294117647059,,,,,,,,,1610612739,2017,2016-17,False
201567-202681-202684-2210-2594,1610612739,"Kevin Love, Kyrie Irving, Tristan Thompson, Richard Jefferson, Kyle Korver","Love, Irving, Thompson, Jefferson, Korver",201567-202681-202684-2210-2594,CLE,1804.0,6,30.0,8.0,69.0,66.0,42.0,25.0,5.0,135.0,9.0,13.0,1.0,1.0,4.0,7.0,5.0,7.0,5.0,15.0,2.0,6.0,1.0,1.0,2.0,5.0,5.0,13.0,,,3.0,6.0,19.0,35.0,7.0,19.0,16.0,75.0,67.0,2.0,3.0,1.0,1.0,2.0,9.0,10.0,22.0,5.0,11.0,13.0,48.0,14.0,24.0,12.0,9.0,2.0,13.0,5.0,1.0,7.0,4.0,11.0,2.0,2.0,3.0,2.0,2.0,26.0,2.0,2.0,,10.0,19.0,1.0,30.0,4.0,34.0,,4.0,3.0,1.0,10.0,3.0,7.0,4.0,,3.0,,1.0,14.0,,8.0,8.0,,12.0,,,,19.0,,2.0,2.0,,17.0,2.0,,1.0,5.0,,4.0,2.0,,,2.0,,2.0,1.0,,,66.0,44.0,40.0,,2.0,0.3684210526315789,0.3888888888888889,0.5714285714285714,0.3684210526315789,1.0,0.45454545454545453,0.3684210526315789,0.5428571428571428,0.6666666666666666,0.45454545454545453,0.5462962962962963,0.875,0.5303030303030303,0.6065573770491803,0.9,0.6025641025641025,0.35185185185185186,0.02857142857142857,0.07692307692307693,,,0.7142857142857143,1.0,,0.7916666666666666,0.125,0.8333333333333334,0.2222222222222222,0.8055555555555556,0.16,,0.5,0.1,0.16666666666666666,0.3333333333333333,0.7777777777777778,0.75,0.8571428571428571,0.8888888888888888,0.6666666666666666,,107.76053215077606,0.5,14.434782608695652,12.242424242424242,13.971014492753623,11.545454545454545,0.24074074074074073,0.6923076923076923,0.75,0.3333333333333333,0.12962962962962962,0.7142857142857143,0.7142857142857143,0.4,0.2777777777777778,0.3333333333333333,0.3333333333333333,0.4,0.1111111111111111,0.3333333333333333,0.3333333333333333,1.0,0.24074074074074073,0.38461538461538464,0.4166666666666667,0.4,0.25,1.0,,0.25,1.0,1.0,,,,0.21212121212121213,0.5714285714285714,0.15151515151515152,0.4,0.18181818181818182,0.5,0.5925925925925926,0.38461538461538464,0.48340833333333333,0.3811,0.4555212121212121,0.08771929824561403,0.13157894736842105,,0.12,0.64,10.254285714285714,26.010526315789473,0.6086956521739131,1.0,,0.05263157894736842,0.07692307692307693,,,,,1610612739,2017,2016-17,False
101114-202697-2210-2544-2594,1610612739,"Deron Williams, Iman Shumpert, Richard Jefferson, LeBron James, Kyle Korver","Williams, Shumpert, Jefferson, James, Korver",101114-202697-2210-2544-2594,CLE,1750.0,5,29.0,,55.0,53.0,2.0,3.0,5.0,108.0,12.0,18.0,1.0,1.0,,,1.0,1.0,3.0,4.0,4.0,9.0,,1.0,,1.0,5.0,14.0,3.0,3.0,,2.0,16.0,23.0,9.0,23.0,4.0,63.0,63.0,1.0,1.0,3.0,4.0,,11.0,,,,3.0,,,24.0,8.0,24.0,3.0,2.0,14.0,5.0,,12.0,8.0,20.0,4.0,4.0,10.0,,2.0,48.0,4.0,1.0,,7.0,11.0,,18.0,5.0,23.0,2.0,2.0,1.0,1.0,7.0,2.0,4.0,5.0,2.0,3.0,,,12.0,,,3.0,,8.0,,,1.0,4.0,,,,,4.0,,,,2.0,,,4.0,,,2.0,2.0,4.0,2.0,,,52.0,,2.0,,,0.75,0.8,0.8888888888888888,0.391304347826087,0.75,,0.391304347826087,0.6956521739130435,1.0,,0.6413043478260869,1.1,,0.65625,1.1,,0.5,,,,,0.5833333333333334,,,0.8461538461538461,0.14285714285714285,0.7,0.2857142857142857,0.782608695652174,0.23809523809523808,0.16666666666666666,,,0.2222222222222222,0.4,0.8,1.0,0.6666666666666666,0.625,1.0,0.09523809523809523,88.86857142857143,0.5,16.727272727272727,15.660377358490566,15.872727272727273,14.867924528301886,0.391304347826087,0.6666666666666666,0.6666666666666666,0.8333333333333334,0.021739130434782608,1.0,1.0,,0.08695652173913043,0.75,0.75,0.6666666666666666,0.1956521739130435,0.4444444444444444,0.4444444444444444,1.0,0.30434782608695654,0.35714285714285715,0.35714285714285715,0.8,0.2,1.0,,0.2,,,0.6,1.0,0.6666666666666666,,,0.3333333333333333,,0.6666666666666666,,0.8913043478260869,0.35714285714285715,0.5691566666666666,0.4904,0.43324999999999997,0.041666666666666664,0.08,,0.1746031746031746,,4.756521739130435,25.030434782608697,0.03636363636363636,,,,,,,,,1610612739,2017,2016-17,False
101112-101114-202684-202697-2747,1610612739,"Channing Frye, Deron Williams, Tristan Thompson, Iman Shumpert, JR Smith","Frye, Williams, Thompson, Shumpert, Smith",101112-101114-202684-202697-2747,CLE,1636.0,2,27.0,-11.0,50.0,51.0,,5.0,4.0,101.0,5.0,6.0,1.0,1.0,,,4.0,9.0,6.0,13.0,,2.0,,,,,5.0,16.0,,1.0,,,15.0,28.0,5.0,18.0,,45.0,56.0,1.0,1.0,,1.0,,2.0,,,,,,,16.0,14.0,12.0,3.0,2.0,16.0,5.0,,8.0,4.0,12.0,4.0,,2.0,3.0,3.0,28.0,3.0,1.0,,7.0,9.0,5.0,21.0,4.0,25.0,,3.0,2.0,1.0,5.0,,3.0,2.0,2.0,2.0,,,7.0,2.0,,4.0,1.0,12.0,,,,6.0,1.0,,1.0,,2.0,,,,1.0,,,,,,,,,,,,43.0,,,3.0,,0.5333333333333333,0.5714285714285714,0.8,0.2777777777777778,,,0.2777777777777778,0.5357142857142857,1.0,,0.4891304347826087,0.5,,0.4787234042553192,0.5,,0.391304347826087,,,,,0.7142857142857143,1.0,,0.8181818181818182,0.07692307692307693,0.7777777777777778,0.23076923076923078,0.8,0.15384615384615385,,0.2,,0.2727272727272727,,0.6666666666666666,1.0,0.8333333333333334,0.7142857142857143,1.0,,88.8997555012225,,17.64,14.784313725490197,17.24,14.294117647058824,0.13043478260869565,0.8333333333333334,0.8333333333333334,0.4,0.1956521739130435,0.4444444444444444,0.4444444444444444,0.75,0.2826086956521739,0.46153846153846156,0.46153846153846156,0.5,0.043478260869565216,,,,0.34782608695652173,0.3125,0.3125,0.8,0.5,1.0,,,,,0.5,,,,,,,,,0.5217391304347826,0.3125,0.48360326086956523,0.5789,,0.02127659574468085,0.034482758620689655,,0.044444444444444446,,11.317857142857141,25.055555555555557,,,,,,,,,,1610612739,2017,2016-17,False
202681-202684-202697-2544-2594,1610612739,"Kyrie Irving, Tristan Thompson, Iman Shumpert, LeBron James, Kyle Korver","Irving, Thompson, Shumpert, James, Korver",202681-202684-202697-2544-2594,CLE,1632.0,8,27.0,-8.0,56.0,57.0,14.0,17.0,3.0,113.0,10.0,14.0,2.0,2.0,4.0,4.0,4.0,9.0,,4.0,3.0,3.0,,,1.0,1.0,6.0,17.0,,2.0,2.0,6.0,14.0,27.0,9.0,20.0,9.0,64.0,72.0,2.0,2.0,,2.0,,4.0,6.0,7.0,3.0,7.0,4.0,25.0,14.0,14.0,21.0,6.0,2.0,17.0,6.0,4.0,7.0,7.0,14.0,4.0,3.0,6.0,1.0,,35.0,3.0,1.0,,9.0,5.0,,14.0,4.0,18.0,,6.0,4.0,2.0,4.0,1.0,4.0,3.0,,,,2.0,7.0,,1.0,3.0,,6.0,,1.0,,10.0,1.0,1.0,1.0,,11.0,1.0,,,4.0,,2.0,3.0,,,3.0,,3.0,,,,60.0,21.0,12.0,,,0.5,0.5384615384615384,0.7777777777777778,0.45,,0.42857142857142855,0.45,0.5185185185185185,1.0,0.8571428571428571,0.5851063829787234,0.5,0.75,0.6153846153846154,0.5,0.78125,0.425531914893617,0.14814814814814814,0.07142857142857142,0.2222222222222222,0.25,0.5714285714285714,,,0.5,0.07692307692307693,0.75,0.2727272727272727,0.6363636363636364,0.16666666666666666,,0.2,,0.2727272727272727,,0.4,1.0,0.3333333333333333,0.7142857142857143,0.8,,99.70588235294117,,14.571428571428571,14.31578947368421,14.285714285714286,13.771929824561404,0.2978723404255319,0.7142857142857143,0.7692307692307693,0.6,0.19148936170212766,0.4444444444444444,0.5714285714285714,0.25,0.0851063829787234,,,,0.06382978723404255,1.0,1.0,1.0,0.3617021276595745,0.35294117647058826,0.35294117647058826,0.6666666666666666,0.5,1.0,0.5,,,,0.5,,,0.2857142857142857,1.0,0.07142857142857142,1.0,0.42857142857142855,0.3333333333333333,0.723404255319149,0.35294117647058826,0.5453851063829787,0.597,0.5691464285714286,0.08,0.13333333333333333,,0.0625,0.390625,5.718518518518518,25.18,0.25,,,,,,,,,1610612739,2017,2016-17,False
101112-202697-203895-2210-2544,1610612739,"Channing Frye, Iman Shumpert, Jordan McRae, Richard Jefferson, LeBron James","Frye, Shumpert, McRae, Jefferson, James",101112-202697-203895-2210-2544,CLE,1597.0,5,27.0,-2.0,50.0,49.0,13.0,6.0,5.0,99.0,5.0,9.0,1.0,1.0,1.0,2.0,3.0,8.0,1.0,6.0,3.0,8.0,,1.0,,2.0,7.0,15.0,,,2.0,2.0,9.0,23.0,10.0,23.0,9.0,57.0,59.0,3.0,4.0,,1.0,,6.0,2.0,4.0,2.0,4.0,4.0,14.0,6.0,12.0,27.0,3.0,2.0,15.0,7.0,2.0,3.0,9.0,12.0,6.0,3.0,1.0,2.0,,33.0,2.0,4.0,,4.0,17.0,,21.0,6.0,27.0,,1.0,,1.0,2.0,,2.0,1.0,,,1.0,,3.0,,1.0,5.0,,8.0,,1.0,,13.0,,2.0,,,13.0,1.0,,,5.0,,2.0,5.0,,,3.0,2.0,5.0,3.0,,1.0,51.0,14.0,13.0,,2.0,0.3333333333333333,0.375,0.9,0.43478260869565216,,0.5,0.43478260869565216,0.391304347826087,0.75,0.5,0.5217391304347826,0.6,0.625,0.5480769230769231,0.6,0.6363636363636364,0.5,0.08695652173913043,0.1111111111111111,0.125,,0.6666666666666666,,,0.7083333333333334,0.2857142857142857,0.8,0.15384615384615385,0.7241379310344828,0.2222222222222222,0.25,0.4,0.2,0.25,,0.5454545454545454,0.7142857142857143,1.0,0.75,1.0,,89.26737633061991,0.6,17.68,14.551020408163266,16.64,13.46938775510204,0.1956521739130435,0.5555555555555556,0.625,0.2,0.17391304347826086,0.375,0.42857142857142855,0.6666666666666666,0.13043478260869565,0.16666666666666666,0.16666666666666666,,0.17391304347826086,0.375,0.375,1.0,0.32608695652173914,0.4666666666666667,0.4666666666666667,0.8571428571428571,0.2,1.0,,0.2,,,,,,0.25,0.5,0.25,,0.25,1.0,0.6956521739130435,0.4666666666666667,0.5207326086956522,0.41765,0.51574375,0.1,0.18518518518518517,,0.10526315789473684,0.24561403508771928,8.469565217391304,24.695652173913043,0.26,,,,,,,,,1610612739,2017,2016-17,False
101112-202681-202684-2544-2747,1610612739,"Channing Frye, Kyrie Irving, Tristan Thompson, LeBron James, JR Smith","Frye, Irving, Thompson, James, Smith",101112-202681-202684-2544-2747,CLE,1547.0,5,26.0,-4.0,52.0,52.0,19.0,22.0,5.0,104.0,10.0,12.0,,,4.0,6.0,,4.0,3.0,7.0,1.0,4.0,,1.0,,1.0,5.0,17.0,,1.0,2.0,7.0,13.0,23.0,6.0,21.0,12.0,56.0,60.0,2.0,2.0,,2.0,,4.0,6.0,9.0,2.0,8.0,9.0,27.0,10.0,16.0,15.0,3.0,,17.0,5.0,1.0,5.0,5.0,10.0,4.0,1.0,4.0,,1.0,25.0,3.0,2.0,,3.0,15.0,2.0,20.0,5.0,25.0,,2.0,2.0,,4.0,,4.0,3.0,1.0,,,,7.0,1.0,1.0,2.0,,10.0,,2.0,2.0,13.0,2.0,,1.0,,17.0,,,3.0,3.0,2.0,1.0,2.0,,,1.0,1.0,2.0,2.0,,1.0,52.0,27.0,19.0,5.0,1.0,0.38461538461538464,0.38461538461538464,0.8333333333333334,0.2857142857142857,,0.25,0.2857142857142857,0.5652173913043478,1.0,0.6666666666666666,0.5,0.5,0.5294117647058824,0.54,0.5,0.6190476190476191,0.4772727272727273,0.043478260869565216,0.08333333333333333,,,0.5714285714285714,0.6666666666666666,,0.8823529411764706,0.2,0.6,0.2,0.8181818181818182,0.2,0.5,0.25,,0.16666666666666666,0.3333333333333333,1.0,1.0,0.6,1.0,0.3333333333333333,,96.80672268907563,1.0,14.942307692307692,14.807692307692308,14.038461538461538,13.73076923076923,0.2727272727272727,0.8333333333333334,0.9090909090909091,0.4,0.09090909090909091,,,,0.1590909090909091,0.42857142857142855,0.42857142857142855,0.3333333333333333,0.09090909090909091,0.25,0.25,1.0,0.38636363636363635,0.29411764705882354,0.29411764705882354,0.8,,,,0.25,,,0.25,,,0.35294117647058826,0.6666666666666666,0.058823529411764705,,0.4117647058823529,0.2857142857142857,0.75,0.29411764705882354,0.5621988636363636,0.3753,0.5582735294117648,0.10204081632653061,0.11538461538461539,0.08695652173913043,0.07142857142857142,0.48214285714285715,7.5826086956521745,24.90952380952381,0.36538461538461536,,,,,,,,,1610612739,2017,2016-17,False
101112-202697-2210-2399-2544,1610612739,"Channing Frye, Iman Shumpert, Richard Jefferson, Mike Dunleavy, LeBron James","Frye, Shumpert, Jefferson, Dunleavy, James",101112-202697-2210-2399-2544,CLE,1519.0,8,25.0,21.0,56.0,51.0,23.0,10.0,2.0,107.0,6.0,10.0,,,3.0,3.0,2.0,3.0,2.0,4.0,4.0,5.0,,,3.0,3.0,8.0,15.0,,,3.0,8.0,10.0,17.0,12.0,20.0,17.0,73.0,52.0,,,,,3.0,3.0,4.0,5.0,6.0,11.0,5.0,31.0,8.0,12.0,36.0,,,15.0,8.0,,4.0,12.0,16.0,8.0,4.0,4.0,,,44.0,,2.0,,7.0,11.0,,18.0,2.0,20.0,1.0,4.0,4.0,,6.0,2.0,3.0,3.0,,3.0,,,9.0,,3.0,5.0,1.0,11.0,1.0,1.0,,16.0,,3.0,2.0,,20.0,,,,8.0,,2.0,1.0,,,1.0,,1.0,1.0,,,70.0,31.0,23.0,,2.0,0.4,0.4,1.0,0.6,,0.5454545454545454,0.6,0.5882352941176471,,0.8,0.7567567567567568,,0.8125,0.776595744680851,0.75,0.8157894736842105,0.5405405405405406,,,,,0.6666666666666666,,,0.9166666666666666,0.2857142857142857,0.875,,0.9,0.14285714285714285,0.25,,0.5,,,1.0,1.0,0.8571428571428571,0.875,,0.07142857142857142,101.4351547070441,1.0,12.732142857142858,15.803921568627452,12.732142857142858,15.352941176470589,0.2702702702702703,0.6,0.6,0.6666666666666666,0.08108108108108109,0.6666666666666666,0.6666666666666666,,0.10810810810810811,0.5,0.5,,0.13513513513513514,0.8,0.8,1.0,0.40540540540540543,0.5333333333333333,0.5333333333333333,1.0,,,,,,,,,,0.1875,1.0,0.1875,1.0,0.5,0.375,0.8108108108108109,0.5333333333333333,0.5217513513513513,,0.53788125,0.17777777777777778,0.32,,0.0410958904109589,0.4246575342465753,6.81764705882353,25.34,0.4107142857142857,,,,,,,,,1610612739,2017,2016-17,False
101112-101114-2210-2544-2747,1610612739,"Channing Frye, Deron Williams, Richard Jefferson, LeBron James, JR Smith","Frye, Williams, Jefferson, James, Smith",101112-101114-2210-2544-2747,CLE,1517.0,4,25.0,-1.0,49.0,48.0,4.0,5.0,1.0,97.0,11.0,13.0,,1.0,1.0,1.0,,2.0,,3.0,2.0,7.0,,,,,5.0,14.0,,,1.0,2.0,11.0,18.0,7.0,21.0,4.0,47.0,48.0,,1.0,,,,,1.0,2.0,1.0,2.0,,5.0,6.0,16.0,18.0,3.0,,14.0,5.0,,3.0,6.0,9.0,4.0,2.0,3.0,,,24.0,1.0,,,6.0,11.0,5.0,22.0,1.0,23.0,,4.0,2.0,2.0,3.0,1.0,3.0,4.0,1.0,,1.0,1.0,7.0,,,5.0,,8.0,,1.0,,10.0,,,,,8.0,,,,4.0,,,2.0,,,2.0,,2.0,1.0,,1.0,47.0,5.0,4.0,,,0.2727272727272727,0.2727272727272727,0.8571428571428571,0.3333333333333333,,0.5,0.3333333333333333,0.6111111111111112,,0.5,0.5512820512820513,,0.625,0.5465116279069767,,0.625,0.5384615384615384,,,,,0.42857142857142855,1.0,,0.7333333333333333,,1.0,0.07142857142857142,0.8095238095238095,0.047619047619047616,,,,,0.2,0.5,0.8,1.0,1.0,1.0,,92.07646671061305,0.5,15.428571428571429,15.854166666666666,15.36734693877551,15.645833333333334,0.3333333333333333,0.8461538461538461,0.8461538461538461,0.2727272727272727,0.05128205128205128,,,,0.07692307692307693,,,,0.1794871794871795,0.2857142857142857,0.2857142857142857,1.0,0.358974358974359,0.35714285714285715,0.38461538461538464,0.8,1.0,,,,,,,,,0.25,1.0,,,0.5,0.5,0.8717948717948718,0.35714285714285715,0.5803538461538462,,0.5656,0.09302325581395349,0.18181818181818182,,,0.10638297872340426,5.333333333333333,24.990476190476187,0.08163265306122448,1.0,,0.047619047619047616,0.07142857142857142,,,,,1610612739,2017,2016-17,False
201567-202681-2544-2594-2747,1610612739,"Kevin Love, Kyrie Irving, LeBron James, Kyle Korver, JR Smith","Love, Irving, James, Korver, Smith",201567-202681-2544-2594-2747,CLE,1500.0,5,25.0,4.0,51.0,50.0,7.0,19.0,5.0,101.0,9.0,17.0,2.0,3.0,2.0,3.0,3.0,7.0,2.0,6.0,2.0,5.0,,,,,3.0,8.0,,2.0,1.0,1.0,14.0,30.0,5.0,13.0,14.0,57.0,53.0,2.0,3.0,,2.0,,4.0,2.0,3.0,1.0,1.0,5.0,12.0,16.0,12.0,12.0,3.0,2.0,8.0,3.0,4.0,8.0,4.0,12.0,2.0,2.0,6.0,1.0,1.0,28.0,,6.0,,11.0,7.0,2.0,20.0,6.0,26.0,1.0,4.0,3.0,1.0,4.0,1.0,4.0,4.0,,,,1.0,8.0,,1.0,6.0,,13.0,,1.0,1.0,13.0,1.0,1.0,,,16.0,3.0,,,7.0,1.0,1.0,2.0,,,2.0,,2.0,2.0,1.0,,53.0,10.0,6.0,,,0.5714285714285714,0.6153846153846154,0.8,0.38461538461538464,,1.0,0.38461538461538464,0.4666666666666667,0.6666666666666666,0.6666666666666666,0.5,0.4,0.875,0.5816326530612245,0.4,1.0,0.3023255813953488,0.13333333333333333,0.17647058823529413,0.14285714285714285,,0.5,1.0,,0.5,0.375,0.8461538461538461,,0.6666666666666666,0.25,0.25,0.5,0.5,,,0.4444444444444444,1.0,0.3333333333333333,0.9,0.6666666666666666,0.05,96.96,1.0,15.764705882352942,13.92,14.980392156862745,13.56,0.3953488372093023,0.5294117647058824,0.6428571428571429,0.6666666666666666,0.16279069767441862,0.42857142857142855,0.5,0.3333333333333333,0.13953488372093023,0.3333333333333333,0.3333333333333333,0.5,0.11627906976744186,0.4,0.4,1.0,0.18604651162790697,0.375,0.375,0.6666666666666666,0.6,0.6666666666666666,0.5,,,,0.4,,,0.75,0.6666666666666666,,,0.25,1.0,0.6976744186046512,0.375,0.49670000000000003,0.5293300000000001,0.460875,0.16666666666666666,0.20588235294117646,0.07142857142857142,0.07017543859649122,0.21052631578947367,6.4366666666666665,24.784615384615385,0.13725490196078433,,,,,,,,,1610612739,2017,2016-17,False
202681-202684-202697-2544-2592,1610612739,"Kyrie Irving, Tristan Thompson, Iman Shumpert, LeBron James, James Jones","Irving, Thompson, Shumpert, James, Jones",202681-202684-202697-2544-2592,CLE,1441.0,3,24.0,-1.0,48.0,48.0,,,4.0,96.0,6.0,9.0,,1.0,,,2.0,8.0,2.0,7.0,5.0,10.0,1.0,2.0,,,5.0,13.0,,1.0,,,10.0,24.0,10.0,23.0,2.0,52.0,53.0,,2.0,1.0,3.0,,3.0,,,,,,,8.0,12.0,27.0,3.0,,13.0,5.0,2.0,4.0,9.0,13.0,4.0,5.0,3.0,,1.0,35.0,2.0,4.0,,3.0,10.0,,13.0,6.0,19.0,,3.0,2.0,1.0,7.0,,5.0,,,2.0,,,7.0,,,5.0,,9.0,,,,11.0,,1.0,1.0,1.0,7.0,4.0,,1.0,5.0,,,4.0,,,4.0,,4.0,2.0,,,49.0,,,,,0.4,0.4,0.9,0.43478260869565216,0.3333333333333333,,0.43478260869565216,0.4166666666666667,,,0.5319148936170213,0.3,,0.5416666666666666,0.3,,0.48936170212765956,0.08333333333333333,0.1111111111111111,0.125,,1.0,,,0.5555555555555556,0.2857142857142857,1.0,0.15384615384615385,0.6190476190476191,0.2222222222222222,0.3333333333333333,0.16666666666666666,0.4,0.125,0.2,0.6666666666666666,0.5,0.42857142857142855,1.0,1.0,,95.93337959750174,0.5,15.583333333333334,14.4375,14.458333333333334,13.354166666666666,0.19148936170212766,0.6666666666666666,0.75,0.5,0.1702127659574468,0.25,0.2857142857142857,,0.14893617021276595,0.2857142857142857,0.2857142857142857,0.5,0.2127659574468085,0.5,0.5,1.0,0.2765957446808511,0.38461538461538464,0.38461538461538464,0.8,0.2,,,0.4,0.5,1.0,0.2,,,,,,,,,0.6808510638297872,0.38461538461538464,0.5447031914893617,0.503775,,0.10416666666666667,0.2,,0.057692307692307696,,8.4625,24.44782608695652,,,,,,,,,,1610612739,2017,2016-17,False
201567-202681-202684-203895-2544,1610612739,"Kevin Love, Kyrie Irving, Tristan Thompson, Jordan McRae, LeBron James","Love, Irving, Thompson, McRae, James",201567-202681-202684-203895-2544,CLE,1369.0,4,23.0,1.0,47.0,47.0,17.0,5.0,3.0,94.0,9.0,12.0,,,4.0,4.0,4.0,10.0,1.0,6.0,1.0,2.0,,,1.0,1.0,4.0,8.0,1.0,1.0,3.0,4.0,14.0,28.0,5.0,10.0,8.0,51.0,50.0,,,1.0,1.0,2.0,5.0,5.0,8.0,4.0,5.0,4.0,26.0,8.0,20.0,6.0,9.0,,8.0,4.0,,4.0,2.0,6.0,1.0,1.0,3.0,1.0,,14.0,1.0,1.0,,4.0,12.0,2.0,18.0,2.0,20.0,1.0,3.0,3.0,,4.0,,3.0,2.0,1.0,1.0,,1.0,6.0,,2.0,4.0,,5.0,,,,8.0,,,,1.0,10.0,1.0,,1.0,5.0,,,2.0,,,2.0,,2.0,1.0,,,46.0,26.0,17.0,,,0.2857142857142857,0.2857142857142857,0.4,0.5,1.0,0.8,0.5,0.5,,0.625,0.5657894736842105,1.5,0.8461538461538461,0.5952380952380952,1.25,0.8666666666666667,0.2631578947368421,,,,,0.6666666666666666,1.0,,0.7058823529411765,0.07142857142857142,0.8,0.2,0.7272727272727273,0.10526315789473684,0.3333333333333333,,,0.25,,0.5,0.8333333333333334,1.0,1.0,0.5,0.05263157894736842,98.87509130752375,0.5,16.106382978723403,13.02127659574468,15.617021276595745,12.574468085106384,0.3157894736842105,0.75,0.75,0.3333333333333333,0.2631578947368421,0.4,0.4,0.25,0.15789473684210525,0.16666666666666666,0.16666666666666666,,0.05263157894736842,0.5,0.5,1.0,0.21052631578947367,0.5,0.5,0.25,,,,,,,1.0,1.0,,0.3076923076923077,1.0,0.07692307692307693,1.0,0.3076923076923077,0.75,0.5789473684210527,0.5,0.4983947368421053,,0.5133730769230769,0.11904761904761904,0.15625,,0.09803921568627451,0.5098039215686274,7.05,24.330000000000002,0.3617021276595745,,,,,,,,,1610612739,2017,2016-17,False
101112-1627770-202697-2210-2544,1610612739,"Channing Frye, Kay Felder, Iman Shumpert, Richard Jefferson, LeBron James","Frye, Felder, Shumpert, Jefferson, James",101112-1627770-202697-2210-2544,CLE,1367.0,6,23.0,,43.0,45.0,16.0,7.0,3.0,88.0,9.0,13.0,1.0,1.0,1.0,2.0,4.0,5.0,1.0,3.0,1.0,3.0,1.0,2.0,1.0,1.0,2.0,11.0,,,2.0,8.0,14.0,21.0,3.0,14.0,9.0,46.0,46.0,1.0,2.0,1.0,2.0,,5.0,4.0,6.0,3.0,9.0,2.0,19.0,4.0,24.0,9.0,,2.0,11.0,2.0,1.0,2.0,3.0,5.0,2.0,1.0,1.0,1.0,,13.0,3.0,1.0,,7.0,8.0,3.0,18.0,4.0,22.0,,3.0,2.0,1.0,5.0,1.0,4.0,3.0,,1.0,,1.0,8.0,,2.0,8.0,,10.0,1.0,,,12.0,1.0,,,,11.0,3.0,,,7.0,,,4.0,,,4.0,,4.0,3.0,,,41.0,19.0,16.0,,,0.14285714285714285,0.15384615384615385,1.0,0.21428571428571427,0.5,0.3333333333333333,0.21428571428571427,0.6666666666666666,0.5,0.6666666666666666,0.5285714285714286,0.625,0.5666666666666667,0.5897435897435898,0.625,0.6333333333333333,0.4,0.047619047619047616,0.07692307692307693,,,0.625,1.0,,0.5714285714285714,0.14285714285714285,0.875,0.2727272727272727,0.6818181818181818,0.2222222222222222,0.25,,,0.2222222222222222,0.5,0.5714285714285714,0.6666666666666666,0.5,0.875,,,92.69934162399414,0.75,16.186046511627907,14.911111111111111,15.418604651162791,14.422222222222222,0.37142857142857144,0.6923076923076923,0.75,0.1111111111111111,0.14285714285714285,0.8,0.8,0.25,0.08571428571428572,0.3333333333333333,0.3333333333333333,,0.08571428571428572,0.3333333333333333,0.3333333333333333,1.0,0.3142857142857143,0.18181818181818182,0.18181818181818182,1.0,0.25,1.0,,0.5,0.5,1.0,,,,0.13333333333333333,0.5,0.06666666666666667,1.0,0.5333333333333333,0.25,0.7714285714285715,0.18181818181818182,0.5541828571428571,0.3719,0.5121933333333334,0.1794871794871795,0.28,,0.10869565217391304,0.41304347826086957,4.9904761904761905,25.25,0.37209302325581395,,,,,,,,,1610612739,2017,2016-17,False
202681-202682-202684-2210-2594,1610612739,"Kyrie Irving, Derrick Williams, Tristan Thompson, Richard Jefferson, Kyle Korver","Irving, Williams, Thompson, Jefferson, Korver",202681-202682-202684-2210-2594,CLE,1352.0,6,23.0,6.0,45.0,42.0,19.0,20.0,3.0,87.0,2.0,2.0,,,1.0,1.0,4.0,8.0,3.0,6.0,,1.0,,,,1.0,12.0,21.0,1.0,1.0,3.0,8.0,9.0,16.0,12.0,22.0,15.0,69.0,63.0,1.0,1.0,1.0,1.0,2.0,7.0,4.0,6.0,3.0,9.0,6.0,23.0,4.0,14.0,24.0,12.0,,20.0,12.0,,2.0,8.0,10.0,8.0,,1.0,1.0,,28.0,3.0,1.0,,5.0,7.0,,12.0,4.0,16.0,1.0,2.0,2.0,,,1.0,,4.0,,,1.0,,4.0,,2.0,2.0,,6.0,,,2.0,10.0,,,,,18.0,,,,5.0,2.0,1.0,,,,,,,,,,62.0,23.0,19.0,,1.0,0.2222222222222222,0.2222222222222222,0.6666666666666666,0.5454545454545454,1.0,0.3333333333333333,0.5714285714285714,0.5625,1.0,0.6666666666666666,0.7105263157894737,1.25,0.5666666666666667,0.75,1.1666666666666667,0.6388888888888888,0.5789473684210527,,,,,,,,0.875,0.16666666666666666,0.7142857142857143,0.3333333333333333,0.8,0.26666666666666666,,0.3333333333333333,,0.375,,1.0,0.6666666666666666,1.0,0.75,0.6666666666666666,0.06666666666666667,92.66272189349112,,15.222222222222221,15.880952380952381,14.844444444444445,15.285714285714286,0.05263157894736842,1.0,1.0,0.5,0.21052631578947367,0.5,0.5,0.25,0.15789473684210525,0.5,0.5,,0.02631578947368421,,,,0.5526315789473685,0.5714285714285714,0.5714285714285714,0.6666666666666666,,,,,,,0.5,1.0,1.0,0.06666666666666667,1.0,0.06666666666666667,,0.5333333333333333,0.375,0.631578947368421,0.6,0.47637567567567574,0.4407,0.43531071428571433,0.15555555555555556,0.23809523809523808,0.08333333333333333,0.10144927536231885,0.3333333333333333,11.15625,26.818181818181817,0.4222222222222222,,,,,1.0,,,,1610612739,2017,2016-17,False
101112-202697-203895-2399-2544,1610612739,"Channing Frye, Iman Shumpert, Jordan McRae, Mike Dunleavy, LeBron James","Frye, Shumpert, McRae, Dunleavy, James",101112-202697-203895-2399-2544,CLE,1348.0,3,22.0,-7.0,42.0,42.0,1.0,2.0,3.0,84.0,6.0,12.0,,1.0,,,1.0,5.0,4.0,5.0,,3.0,,,,,7.0,13.0,2.0,2.0,1.0,1.0,11.0,22.0,7.0,16.0,6.0,49.0,56.0,,1.0,2.0,2.0,1.0,7.0,,,1.0,1.0,1.0,4.0,14.0,8.0,21.0,,,13.0,7.0,3.0,7.0,7.0,14.0,7.0,,4.0,1.0,2.0,35.0,1.0,2.0,,6.0,5.0,2.0,13.0,3.0,16.0,,3.0,,3.0,4.0,2.0,3.0,3.0,,1.0,,,7.0,,,6.0,1.0,13.0,,1.0,,13.0,,,1.0,,8.0,3.0,,1.0,5.0,,,2.0,,,,2.0,2.0,1.0,,,42.0,4.0,1.0,,,0.6363636363636364,0.6363636363636364,1.0,0.4375,1.0,1.0,0.4375,0.5,,,0.5657894736842105,1.0,1.5,0.6,1.0,1.0,0.42105263157894735,0.13636363636363635,0.16666666666666666,0.2,,0.5714285714285714,1.0,,0.45454545454545453,0.2,0.8571428571428571,0.1111111111111111,0.6111111111111112,0.15789473684210525,,0.6666666666666666,,0.16666666666666666,,1.0,0.5714285714285714,,0.8,1.0,,89.73293768545994,0.5,16.738095238095237,15.357142857142858,16.19047619047619,13.928571428571429,0.3157894736842105,0.5,0.6,0.6666666666666666,0.13157894736842105,0.2,0.25,1.0,0.13157894736842105,0.8,0.8,0.5,0.07894736842105263,,,,0.34210526315789475,0.5384615384615384,0.5384615384615384,1.0,0.3333333333333333,,,,,,0.6666666666666666,1.0,1.0,,,,,1.0,1.0,0.7368421052631579,0.5384615384615384,0.5313447368421053,0.49245,0.5817,0.125,0.20833333333333334,,0.14285714285714285,0.08163265306122448,6.954545454545454,24.85,0.023809523809523808,,,,,,,,,1610612739,2017,2016-17,False
202681-202684-202732-2210-2544,1610612739,"Kyrie Irving, Tristan Thompson, DeAndre Liggins, Richard Jefferson, LeBron James","Irving, Thompson, Liggins, Jefferson, James",202681-202684-202732-2210-2544,CLE,1293.0,3,22.0,11.0,38.0,39.0,13.0,,5.0,77.0,12.0,19.0,2.0,5.0,4.0,4.0,2.0,7.0,1.0,2.0,4.0,5.0,,,2.0,2.0,2.0,7.0,,,2.0,3.0,15.0,28.0,6.0,12.0,4.0,52.0,41.0,2.0,6.0,,,2.0,6.0,5.0,6.0,4.0,5.0,,22.0,12.0,18.0,12.0,6.0,4.0,7.0,2.0,1.0,6.0,4.0,10.0,2.0,2.0,6.0,,,24.0,1.0,7.0,,6.0,11.0,,17.0,8.0,25.0,2.0,1.0,,1.0,2.0,,2.0,2.0,1.0,,,1.0,4.0,1.0,2.0,4.0,1.0,7.0,,1.0,,9.0,,2.0,,,7.0,,,1.0,3.0,,,4.0,,,3.0,,4.0,2.0,,,46.0,22.0,13.0,,,0.4,0.46153846153846156,0.6666666666666666,0.5,,0.8,0.5,0.5357142857142857,0.3333333333333333,0.8333333333333334,0.6,0.3333333333333333,1.0,0.5930232558139535,0.35714285714285715,0.9166666666666666,0.3,0.03571428571428571,0.05263157894736842,,,0.5,,,0.6470588235294118,0.5384615384615384,0.75,0.16666666666666666,0.68,0.42105263157894735,0.7142857142857143,0.4,,0.2,,0.5555555555555556,0.6666666666666666,0.8,0.8,0.6666666666666666,0.1111111111111111,85.75406032482599,0.5,16.81578947368421,16.76923076923077,16.07894736842105,15.76923076923077,0.475,0.631578947368421,0.6666666666666666,0.5,0.175,0.2857142857142857,0.2857142857142857,,0.05,0.5,0.5,,0.125,0.8,0.8,0.5,0.175,0.2857142857142857,0.2857142857142857,1.0,0.8333333333333334,0.4,,,,,,,,0.36363636363636365,1.0,0.18181818181818182,1.0,0.2727272727272727,0.6666666666666666,0.775,0.2857142857142857,0.56804,0.6502333333333333,0.5989636363636364,0.06976744186046512,0.0967741935483871,,0.11538461538461539,0.4230769230769231,4.2178571428571425,24.891666666666666,0.34210526315789475,,,,,,1.0,,,1610612739,2017,2016-17,False
202681-202682-202684-2544-2594,1610612739,"Kyrie Irving, Derrick Williams, Tristan Thompson, LeBron James, Kyle Korver","Irving, Williams, Thompson, James, Korver",202681-202682-202684-2544-2594,CLE,1272.0,7,21.0,2.0,39.0,41.0,16.0,8.0,3.0,80.0,8.0,12.0,1.0,1.0,2.0,4.0,2.0,3.0,2.0,5.0,3.0,6.0,1.0,1.0,1.0,2.0,3.0,6.0,,,1.0,2.0,12.0,20.0,6.0,12.0,9.0,51.0,49.0,1.0,1.0,1.0,1.0,1.0,6.0,3.0,8.0,2.0,4.0,6.0,18.0,6.0,18.0,12.0,6.0,2.0,6.0,3.0,1.0,3.0,4.0,7.0,2.0,2.0,2.0,,1.0,18.0,1.0,2.0,,9.0,6.0,3.0,18.0,3.0,21.0,,3.0,3.0,,2.0,,2.0,2.0,1.0,,,,4.0,,1.0,7.0,,10.0,1.0,,,8.0,,1.0,,,11.0,,,,2.0,1.0,2.0,5.0,,,4.0,1.0,5.0,3.0,,,45.0,18.0,16.0,1.0,2.0,0.25,0.2727272727272727,0.6666666666666666,0.5,1.0,0.5,0.5,0.6,1.0,0.375,0.65625,1.25,0.5,0.6891891891891891,1.0,0.5625,0.375,0.05,0.08333333333333333,,,0.5,0.75,,0.5454545454545454,0.25,0.8181818181818182,0.16666666666666666,0.6818181818181818,0.21428571428571427,0.25,,0.3333333333333333,,0.3333333333333333,0.7142857142857143,,0.5,0.8,1.0,,90.56603773584906,0.6,16.256410256410255,15.560975609756097,15.435897435897436,14.317073170731707,0.375,0.6666666666666666,0.7272727272727273,0.25,0.09375,0.6666666666666666,0.6666666666666666,,0.15625,0.4,0.4,0.5,0.1875,0.5,0.5,0.6666666666666666,0.1875,0.5,0.5,0.6666666666666666,0.5,1.0,,0.5,1.0,1.0,,,,0.3333333333333333,0.5,0.16666666666666666,0.5,0.16666666666666666,0.5,0.75,0.5,0.558071875,0.74245,0.5602041666666667,0.08571428571428572,0.09090909090909091,0.07692307692307693,0.11764705882352941,0.35294117647058826,6.55,24.275000000000002,0.41025641025641024,,,,,,,,,1610612739,2017,2016-17,False
101112-201567-202681-202697-2210,1610612739,"Channing Frye, Kevin Love, Kyrie Irving, Iman Shumpert, Richard Jefferson","Frye, Love, Irving, Shumpert, Jefferson",101112-201567-202681-202697-2210,CLE,1171.0,9,20.0,-7.0,42.0,42.0,9.0,10.0,5.0,84.0,4.0,12.0,,3.0,1.0,2.0,1.0,6.0,5.0,5.0,,2.0,,,,,3.0,16.0,1.0,2.0,1.0,6.0,10.0,23.0,3.0,18.0,4.0,33.0,40.0,1.0,4.0,1.0,2.0,,5.0,3.0,4.0,1.0,6.0,2.0,11.0,8.0,12.0,9.0,,,16.0,3.0,6.0,4.0,3.0,7.0,3.0,,2.0,1.0,1.0,17.0,3.0,4.0,,5.0,10.0,2.0,17.0,7.0,24.0,,2.0,1.0,1.0,3.0,2.0,1.0,4.0,,2.0,,,7.0,1.0,1.0,3.0,,8.0,,,2.0,9.0,1.0,1.0,,,5.0,1.0,,,3.0,,,1.0,,,1.0,,1.0,1.0,,,28.0,11.0,9.0,1.0,,0.4,0.4,1.0,0.16666666666666666,0.5,0.16666666666666666,0.16666666666666666,0.43478260869565216,0.25,0.75,0.35365853658536583,0.4166666666666667,0.45,0.38372093023255816,0.4166666666666667,0.5,0.43902439024390244,0.2608695652173913,0.3333333333333333,0.3333333333333333,,0.42857142857142855,1.0,,0.8333333333333334,0.3333333333333333,0.7142857142857143,0.2,0.7894736842105263,0.25925925925925924,0.2857142857142857,0.4,,0.23076923076923078,,0.6666666666666666,0.5,1.0,0.7142857142857143,,,103.29632792485056,1.0,15.119047619047619,12.761904761904763,14.0,12.333333333333334,0.2926829268292683,0.3333333333333333,0.5,0.5,0.14634146341463414,0.16666666666666666,0.25,1.0,0.12195121951219512,1.0,1.0,0.2,0.04878048780487805,,,,0.3902439024390244,0.1875,0.1875,1.0,0.5,,,,,,0.3333333333333333,0.5,1.0,0.2,0.5,,,0.6,0.16666666666666666,0.7317073170731707,0.1875,0.51051875,0.5035,0.49894499999999997,0.06976744186046512,0.12,,0.15151515151515152,0.3333333333333333,7.613043478260869,25.094444444444445,0.21428571428571427,,,,,,,,,1610612739,2017,2016-17,False
201567-202684-202732-2544-2747,1610612739,"Kevin Love, Tristan Thompson, DeAndre Liggins, LeBron James, JR Smith","Love, Thompson, Liggins, James, Smith",201567-202684-202732-2544-2747,CLE,1163.0,1,19.0,7.0,38.0,40.0,6.0,,4.0,78.0,6.0,9.0,2.0,3.0,3.0,3.0,,6.0,4.0,6.0,2.0,5.0,,,,,1.0,4.0,,2.0,,,10.0,21.0,3.0,9.0,8.0,37.0,30.0,2.0,3.0,,2.0,,4.0,3.0,4.0,,,2.0,8.0,8.0,12.0,9.0,,4.0,4.0,1.0,2.0,4.0,3.0,7.0,1.0,2.0,4.0,,,17.0,1.0,5.0,,7.0,10.0,,17.0,6.0,23.0,1.0,4.0,1.0,3.0,7.0,2.0,4.0,3.0,1.0,3.0,,,10.0,,1.0,2.0,,4.0,,,,8.0,,,2.0,,8.0,,,,3.0,,1.0,2.0,,,1.0,1.0,2.0,,,,33.0,8.0,6.0,,1.0,0.4,0.5,1.0,0.3333333333333333,,,0.3333333333333333,0.47619047619047616,0.6666666666666666,0.75,0.48333333333333334,0.4,0.75,0.5441176470588235,0.4,0.8,0.3,0.09523809523809523,0.1111111111111111,0.16666666666666666,,0.7,,,0.6666666666666666,0.45454545454545453,1.0,0.16666666666666666,0.7727272727272727,0.35294117647058826,0.6666666666666666,0.5,,0.3333333333333333,,0.6,0.6666666666666666,0.7142857142857143,1.0,,0.06666666666666667,96.57781599312123,,14.789473684210526,15.025,14.421052631578947,14.5,0.3,0.6666666666666666,0.75,0.6666666666666666,0.2,,,,0.2,0.6666666666666666,0.6666666666666666,,0.16666666666666666,0.4,0.4,1.0,0.13333333333333333,0.25,0.25,1.0,0.6,0.6666666666666666,,,,,0.4,,,0.75,1.0,,,,,0.6,0.25,0.5034816666666667,0.5313625,0.650975,0.09090909090909091,0.125,,0.10810810810810811,0.21621621621621623,7.676190476190476,25.044444444444444,0.15789473684210525,,,,,,,,,1610612739,2017,2016-17,False
101112-101114-2210-2544-2594,1610612739,"Channing Frye, Deron Williams, Richard Jefferson, LeBron James, Kyle Korver","Frye, Williams, Jefferson, James, Korver",101112-101114-2210-2544-2594,CLE,1153.0,4,19.0,-2.0,39.0,40.0,4.0,3.0,2.0,79.0,11.0,13.0,,,1.0,1.0,1.0,4.0,,2.0,1.0,4.0,,,,,5.0,9.0,,,,1.0,12.0,19.0,6.0,13.0,4.0,46.0,48.0,1.0,1.0,,,,2.0,1.0,1.0,,1.0,2.0,4.0,12.0,12.0,18.0,,,9.0,5.0,1.0,6.0,6.0,12.0,5.0,1.0,6.0,,,30.0,1.0,1.0,,3.0,9.0,1.0,13.0,2.0,15.0,,4.0,4.0,,4.0,1.0,4.0,3.0,,,1.0,,7.0,1.0,1.0,5.0,,8.0,,1.0,1.0,6.0,,,1.0,,4.0,,,,1.0,,1.0,3.0,,,3.0,,3.0,3.0,,,44.0,4.0,4.0,,1.0,0.5,0.5,1.0,0.46153846153846156,,,0.46153846153846156,0.631578947368421,1.0,1.0,0.65625,1.0,0.5,0.6764705882352942,1.0,0.6666666666666666,0.40625,0.05263157894736842,,0.25,,0.5714285714285714,1.0,,0.8181818181818182,0.14285714285714285,0.6,0.14285714285714285,0.75,0.14285714285714285,,,0.5,,0.3333333333333333,0.6666666666666666,1.0,1.0,0.6,,,98.66435385949697,1.0,15.512820512820513,13.7,15.333333333333334,13.1,0.40625,0.8461538461538461,0.8461538461538461,0.5454545454545454,0.125,0.25,0.3333333333333333,,0.0625,,,,0.125,0.25,0.25,1.0,0.28125,0.5555555555555556,0.5555555555555556,1.0,,,,,,,,,,0.5,1.0,,,0.5,,0.8125,0.5555555555555556,0.6049671875,0.4473,0.622625,0.030303030303030304,0.05,,0.043478260869565216,0.08695652173913043,4.552631578947368,24.876923076923074,0.10256410256410256,,,,,,,,,1610612739,2017,2016-17,False
101114-202682-2210-2544-2594,1610612739,"Deron Williams, Derrick Williams, Richard Jefferson, LeBron James, Kyle Korver","Williams, Williams, Jefferson, James, Korver",101114-202682-2210-2544-2594,CLE,1125.0,2,19.0,6.0,36.0,35.0,,,2.0,71.0,8.0,16.0,2.0,2.0,,,,,,,4.0,8.0,,,,,4.0,8.0,,,,,8.0,16.0,8.0,16.0,5.0,45.0,39.0,2.0,2.0,,,1.0,5.0,,,,,,,10.0,6.0,24.0,,4.0,8.0,4.0,4.0,5.0,8.0,13.0,4.0,4.0,5.0,,,34.0,,2.0,,3.0,7.0,1.0,11.0,2.0,13.0,1.0,1.0,1.0,,1.0,1.0,1.0,3.0,1.0,,1.0,,4.0,,,8.0,,11.0,,,,5.0,1.0,,,,7.0,2.0,,1.0,4.0,,,2.0,,,1.0,1.0,2.0,1.0,,,40.0,,,,,0.625,0.8333333333333334,1.0,0.5,,,0.5,0.5,1.0,,0.625,1.0,,0.6470588235294118,1.25,,0.5,0.25,0.25,,,0.25,1.0,,0.6363636363636364,0.25,0.6,,0.625,0.125,0.25,,,,,1.0,0.3333333333333333,1.0,0.6,,0.08333333333333333,90.88,0.5,15.972222222222221,15.714285714285714,15.944444444444445,14.8,0.5,0.5,0.6666666666666666,0.625,,,,,,,,,0.25,0.5,0.5,1.0,0.25,0.5,0.5,1.0,1.0,1.0,,,,,,,,,,,,,,1.0,0.5,0.5837796875,0.6363,,0.11764705882352941,0.2222222222222222,,0.1111111111111111,,1.40625,24.2125,,,,,,,,,,1610612739,2017,2016-17,False
101112-101114-202697-2210-2544,1610612739,"Channing Frye, Deron Williams, Iman Shumpert, Richard Jefferson, LeBron James","Frye, Williams, Shumpert, Jefferson, James",101112-101114-202697-2210-2544,CLE,1123.0,5,19.0,-10.0,36.0,40.0,6.0,1.0,1.0,76.0,4.0,7.0,,,1.0,1.0,2.0,2.0,1.0,1.0,,3.0,,,,,5.0,14.0,,,,4.0,7.0,10.0,5.0,17.0,8.0,37.0,47.0,,,,,2.0,2.0,1.0,1.0,,4.0,2.0,4.0,4.0,10.0,15.0,,,14.0,5.0,1.0,2.0,5.0,7.0,5.0,,2.0,,,19.0,,1.0,,4.0,12.0,,16.0,1.0,17.0,,3.0,2.0,1.0,4.0,,3.0,1.0,,1.0,1.0,,5.0,,,4.0,,5.0,,,,10.0,,,,,12.0,2.0,,,7.0,,,1.0,,,1.0,,1.0,,,,35.0,4.0,6.0,,,0.2857142857142857,0.2857142857142857,1.0,0.29411764705882354,,,0.29411764705882354,0.7,,1.0,0.5370370370370371,,0.2,0.578125,1.0,0.3333333333333333,0.6296296296296297,0.1,0.14285714285714285,,,0.8,,,0.6666666666666666,0.3333333333333333,0.5,,0.6153846153846154,0.06666666666666667,0.3333333333333333,,,,,0.6666666666666666,0.5,0.7777777777777778,0.5714285714285714,,,97.453250222618,,15.305555555555555,14.3,15.277777777777779,13.1,0.25925925925925924,0.5714285714285714,0.6666666666666666,0.5,0.07407407407407407,1.0,1.0,,0.037037037037037035,1.0,1.0,,0.1111111111111111,,,,0.5185185185185185,0.35714285714285715,0.35714285714285715,1.0,,,,,,,,,,0.2,1.0,,,0.8,,0.8888888888888888,0.35714285714285715,0.574137037037037,,0.60911,0.21875,0.4666666666666667,,0.05405405405405406,0.10810810810810811,4.15,25.00588235294118,0.16666666666666666,,,,,,,,,1610612739,2017,2016-17,False
201567-202684-202697-202732-2544,1610612739,"Kevin Love, Tristan Thompson, Iman Shumpert, DeAndre Liggins, LeBron James","Love, Thompson, Shumpert, Liggins, James",201567-202684-202697-202732-2544,CLE,1097.0,4,18.0,9.0,37.0,35.0,,8.0,4.0,72.0,7.0,11.0,1.0,2.0,,,3.0,6.0,1.0,3.0,3.0,7.0,,,,,2.0,7.0,,1.0,,,11.0,20.0,5.0,14.0,7.0,44.0,35.0,1.0,4.0,,1.0,,2.0,,,,,,,8.0,14.0,6.0,9.0,2.0,7.0,2.0,2.0,4.0,2.0,6.0,,2.0,4.0,,,14.0,4.0,1.0,,5.0,9.0,,14.0,5.0,19.0,,2.0,2.0,,1.0,1.0,,3.0,1.0,1.0,,1.0,4.0,,,4.0,,5.0,,1.0,,9.0,,2.0,2.0,,8.0,,,,4.0,,,,,,,,,,,,42.0,,,,,0.36363636363636365,0.4,0.4,0.35714285714285715,,,0.35714285714285715,0.55,0.25,,0.5441176470588235,0.2,,0.5789473684210527,0.2,,0.4117647058823529,0.1,0.18181818181818182,,,0.25,,,0.6923076923076923,0.1111111111111111,0.8333333333333334,0.4444444444444444,0.7368421052631579,0.2777777777777778,0.25,,,0.4,0.5,,0.4,0.875,0.75,1.0,,94.51230628988148,,16.216216216216218,14.2,15.378378378378379,14.0,0.3235294117647059,0.6363636363636364,0.7777777777777778,0.5714285714285714,0.17647058823529413,0.5,0.5,,0.08823529411764706,0.3333333333333333,0.3333333333333333,,0.20588235294117646,0.42857142857142855,0.42857142857142855,0.6666666666666666,0.20588235294117646,0.2857142857142857,0.2857142857142857,,0.4,0.5,,,,,0.2,,,,,,,,,0.7352941176470589,0.2857142857142857,0.5513602941176471,0.542125,,0.10526315789473684,0.16666666666666666,,0.045454545454545456,,7.005,24.271428571428572,,,,,,,,,,1610612739,2017,2016-17,False
101112-101114-201567-202697-2747,1610612739,"Channing Frye, Deron Williams, Kevin Love, Iman Shumpert, JR Smith","Frye, Williams, Love, Shumpert, Smith",101112-101114-201567-202697-2747,CLE,1092.0,1,18.0,-5.0,39.0,40.0,7.0,7.0,3.0,79.0,3.0,3.0,1.0,1.0,,,2.0,8.0,6.0,12.0,,3.0,,1.0,,,1.0,4.0,,,,,11.0,23.0,1.0,7.0,7.0,32.0,37.0,1.0,1.0,,1.0,,2.0,1.0,3.0,,,4.0,6.0,6.0,16.0,3.0,,2.0,4.0,1.0,1.0,3.0,1.0,4.0,1.0,,1.0,1.0,1.0,9.0,1.0,2.0,,6.0,7.0,2.0,15.0,3.0,18.0,,3.0,3.0,,2.0,3.0,2.0,6.0,1.0,,,,8.0,1.0,2.0,4.0,,7.0,,,2.0,9.0,3.0,1.0,,,8.0,,,,2.0,,2.0,,,,,,,,,,30.0,6.0,7.0,,2.0,0.2727272727272727,0.3,1.0,0.14285714285714285,,,0.14285714285714285,0.4782608695652174,1.0,0.3333333333333333,0.4166666666666667,0.5,0.3333333333333333,0.47058823529411764,0.5,0.6,0.23333333333333334,0.043478260869565216,,0.125,,0.25,1.0,,0.875,0.16666666666666666,0.8571428571428571,0.16666666666666666,0.8666666666666667,0.16666666666666666,,0.3333333333333333,,,0.3333333333333333,,1.0,1.0,1.0,0.8,,104.17582417582418,,14.384615384615385,13.275,13.974358974358974,13.05,0.1,1.0,1.0,0.3333333333333333,0.26666666666666666,0.25,0.2857142857142857,0.5,0.4,0.5,0.5,0.16666666666666666,0.1,,,,0.13333333333333333,0.25,0.25,1.0,0.5,1.0,,0.5,,,,,,,,,,,,0.3333333333333333,0.25,0.46452166666666667,0.5267,0.3941666666666667,0.0625,0.08,,0.0625,0.1875,12.617391304347825,24.057142857142857,0.1794871794871795,1.0,,0.14285714285714285,,,,0.3333333333333333,,1610612739,2017,2016-17,False
101112-202684-202732-2399-2747,1610612739,"Channing Frye, Tristan Thompson, DeAndre Liggins, Mike Dunleavy, JR Smith","Frye, Thompson, Liggins, Dunleavy, Smith",101112-202684-202732-2399-2747,CLE,1060.0,1,18.0,-6.0,31.0,31.0,8.0,1.0,4.0,62.0,3.0,6.0,,,1.0,1.0,2.0,6.0,1.0,7.0,,,,,,,2.0,8.0,,1.0,,2.0,6.0,19.0,2.0,8.0,6.0,24.0,30.0,,2.0,,1.0,2.0,2.0,1.0,4.0,,2.0,1.0,3.0,2.0,10.0,3.0,3.0,,8.0,2.0,,1.0,1.0,2.0,1.0,,,1.0,,5.0,1.0,3.0,,2.0,9.0,1.0,12.0,4.0,16.0,1.0,5.0,4.0,1.0,3.0,,3.0,,,,,,3.0,,,3.0,,6.0,,,,9.0,,,,,10.0,,,,5.0,,,,,,,,,,,,22.0,3.0,8.0,1.0,,0.16666666666666666,0.16666666666666666,0.5,0.25,,,0.25,0.3157894736842105,,0.25,0.3333333333333333,,0.16666666666666666,0.375,0.25,0.1875,0.2962962962962963,,,,,1.0,1.0,,0.6923076923076923,0.23076923076923078,1.0,0.16666666666666666,0.7333333333333333,0.21052631578947367,0.6666666666666666,0.25,,0.16666666666666666,,0.6666666666666666,,0.875,,1.0,0.05263157894736842,84.22641509433961,,17.516129032258064,16.677419354838708,15.741935483870968,16.548387096774192,0.2222222222222222,0.5,0.5,,0.2222222222222222,0.3333333333333333,0.3333333333333333,0.5,0.25925925925925924,0.14285714285714285,0.14285714285714285,,,,,,0.2962962962962963,0.25,0.25,0.5,,,,,,,0.3333333333333333,,,0.16666666666666666,1.0,,,0.3333333333333333,,0.5185185185185185,0.25,0.47927592592592594,0.5043,0.4584166666666667,0.15625,0.20833333333333334,,0.08333333333333333,0.125,10.75263157894737,25.4125,0.25806451612903225,,,,,,,,,1610612739,2017,2016-17,False
1627770-202732-203895-2210-2592,1610612739,"Kay Felder, DeAndre Liggins, Jordan McRae, Richard Jefferson, James Jones","Felder, Liggins, McRae, Jefferson, Jones",1627770-202732-203895-2210-2592,CLE,1054.0,8,18.0,-4.0,38.0,36.0,21.0,33.0,1.0,74.0,3.0,8.0,,,1.0,3.0,,1.0,4.0,7.0,1.0,4.0,,1.0,1.0,3.0,5.0,10.0,,,4.0,6.0,7.0,16.0,6.0,14.0,2.0,34.0,38.0,,,,1.0,,,4.0,6.0,5.0,9.0,1.0,24.0,6.0,8.0,15.0,3.0,,10.0,5.0,3.0,3.0,5.0,8.0,4.0,1.0,3.0,,,21.0,,1.0,,2.0,7.0,,9.0,1.0,10.0,,3.0,2.0,1.0,2.0,,2.0,2.0,,,,,4.0,,3.0,2.0,,7.0,,,1.0,4.0,,,1.0,,5.0,1.0,,,3.0,,,1.0,,,,1.0,1.0,,,,34.0,24.0,21.0,4.0,,0.42857142857142855,0.42857142857142855,0.8333333333333334,0.42857142857142855,,0.5555555555555556,0.42857142857142855,0.4375,,0.6666666666666666,0.5333333333333333,,0.7666666666666667,0.53125,,0.7058823529411765,0.4666666666666667,0.1875,0.25,1.0,,0.5,,,0.5833333333333334,0.1111111111111111,0.4,,0.5294117647058824,0.0625,,,0.3333333333333333,,,0.5,,0.8571428571428571,0.4,,,101.10056925996206,,15.68421052631579,12.722222222222221,15.31578947368421,11.75,0.26666666666666666,0.375,0.5,1.0,0.03333333333333333,,,,0.23333333333333334,0.5714285714285714,0.5714285714285714,,0.13333333333333333,0.25,0.25,1.0,0.3333333333333333,0.5,0.5,0.8,,,,1.0,,,,,,0.2,0.3333333333333333,0.2,0.3333333333333333,0.4,0.6666666666666666,0.7333333333333333,0.5,0.47896,0.53655,0.4455,0.09375,0.16666666666666666,,,0.7058823529411765,9.09375,25.435714285714287,0.5526315789473685,,,,,,,,,1610612739,2017,2016-17,False
201567-202681-202684-202732-2210,1610612739,"Kevin Love, Kyrie Irving, Tristan Thompson, DeAndre Liggins, Richard Jefferson","Love, Irving, Thompson, Liggins, Jefferson",201567-202681-202684-202732-2210,CLE,994.0,3,17.0,2.0,34.0,30.0,7.0,6.0,7.0,64.0,5.0,11.0,2.0,4.0,,2.0,2.0,7.0,1.0,3.0,1.0,5.0,1.0,2.0,,1.0,3.0,6.0,1.0,1.0,,,8.0,21.0,4.0,11.0,7.0,35.0,33.0,2.0,5.0,2.0,3.0,1.0,11.0,1.0,3.0,,1.0,4.0,6.0,10.0,6.0,6.0,6.0,2.0,6.0,3.0,4.0,5.0,2.0,7.0,1.0,1.0,2.0,2.0,1.0,16.0,3.0,6.0,1.0,2.0,9.0,1.0,12.0,10.0,22.0,1.0,4.0,3.0,1.0,5.0,,3.0,3.0,,2.0,1.0,1.0,8.0,1.0,2.0,1.0,,6.0,1.0,,,8.0,,1.0,,,8.0,,,,2.0,,2.0,1.0,,,1.0,,1.0,1.0,,,24.0,6.0,7.0,,2.0,0.625,0.7142857142857143,0.5,0.36363636363636365,0.6666666666666666,,0.36363636363636365,0.38095238095238093,0.4,0.3333333333333333,0.4375,0.625,0.25,0.4861111111111111,0.6111111111111112,0.5,0.34375,0.19047619047619047,0.2727272727272727,0.14285714285714285,,0.625,1.0,1.0,0.9,0.46153846153846156,0.6666666666666666,0.42857142857142855,0.8461538461538461,0.45,0.5,0.6,,0.3333333333333333,0.5,0.8,1.0,1.0,1.0,,0.0625,92.71629778672032,1.0,16.264705882352942,14.7,14.941176470588236,14.533333333333333,0.34375,0.45454545454545453,0.625,0.4,0.21875,0.2857142857142857,0.3333333333333333,1.0,0.09375,0.3333333333333333,0.3333333333333333,1.0,0.15625,0.2,0.2,1.0,0.1875,0.5,0.5,0.3333333333333333,0.5,0.5,0.5,0.25,0.5,1.0,0.125,1.0,1.0,0.5,,0.25,,,,0.6875,0.5,0.54208125,0.57799,0.5039125,0.058823529411764705,0.08695652173913043,,0.3142857142857143,0.17142857142857143,5.423809523809524,25.10909090909091,0.20588235294117646,,,,,,,,,1610612739,2017,2016-17,False
1627770-202684-202697-2210-2544,1610612739,"Kay Felder, Tristan Thompson, Iman Shumpert, Richard Jefferson, LeBron James","Felder, Thompson, Shumpert, Jefferson, James",1627770-202684-202697-2210-2544,CLE,980.0,5,16.0,4.0,27.0,26.0,2.0,6.0,6.0,53.0,3.0,6.0,,1.0,,,,5.0,4.0,6.0,1.0,3.0,,,,,1.0,4.0,,2.0,,1.0,7.0,17.0,2.0,7.0,4.0,24.0,20.0,,1.0,,2.0,2.0,2.0,,1.0,,1.0,2.0,2.0,4.0,10.0,3.0,3.0,,4.0,1.0,,2.0,1.0,3.0,,1.0,1.0,,1.0,7.0,2.0,5.0,,5.0,6.0,1.0,12.0,7.0,19.0,2.0,3.0,2.0,1.0,2.0,1.0,1.0,6.0,2.0,1.0,,1.0,8.0,3.0,,3.0,,11.0,,,2.0,4.0,,2.0,,,5.0,,,,,1.0,1.0,,,,,,,,,,22.0,2.0,2.0,,1.0,0.2857142857142857,0.2857142857142857,0.5,0.2857142857142857,,,0.2857142857142857,0.4117647058823529,,,0.4166666666666667,,,0.46153846153846156,0.25,0.3333333333333333,0.2916666666666667,,,,,0.25,1.0,,0.75,0.5,0.8333333333333334,0.4,0.7857142857142857,0.4666666666666667,0.6666666666666666,0.6,,,1.0,1.0,0.5,1.0,0.8,1.0,0.13333333333333333,77.87755102040816,,19.40740740740741,17.53846153846154,16.703703703703702,16.5,0.25,0.5,0.5,0.3333333333333333,0.20833333333333334,,,,0.25,0.6666666666666666,0.6666666666666666,0.25,0.125,0.3333333333333333,0.3333333333333333,1.0,0.16666666666666666,0.25,0.25,,0.3333333333333333,,,,,,0.6666666666666666,,,,,,,0.5,,0.5416666666666666,0.25,0.4818354166666667,0.612775,0.490075,0.04,,0.125,0.08333333333333333,0.08333333333333333,9.576470588235296,25.24285714285714,0.07407407407407407,,,,,,,,,1610612739,2017,2016-17,False
201567-202684-202697-2544-2747,1610612739,"Kevin Love, Tristan Thompson, Iman Shumpert, LeBron James, JR Smith","Love, Thompson, Shumpert, James, Smith",201567-202684-202697-2544-2747,CLE,945.0,6,16.0,10.0,30.0,31.0,17.0,7.0,4.0,61.0,4.0,4.0,1.0,1.0,3.0,3.0,,2.0,1.0,2.0,2.0,6.0,,,1.0,3.0,5.0,12.0,,,2.0,7.0,5.0,8.0,7.0,18.0,8.0,39.0,29.0,1.0,1.0,,,5.0,7.0,4.0,5.0,3.0,10.0,7.0,24.0,4.0,6.0,15.0,6.0,,12.0,5.0,,2.0,5.0,7.0,4.0,1.0,2.0,,,19.0,4.0,,,12.0,3.0,,15.0,4.0,19.0,1.0,2.0,1.0,1.0,2.0,,2.0,3.0,,,,,5.0,1.0,3.0,2.0,,5.0,,1.0,1.0,5.0,,,,1.0,9.0,,,1.0,3.0,,1.0,1.0,,,1.0,,1.0,1.0,,,32.0,24.0,17.0,,1.0,0.4,0.4,0.7142857142857143,0.3888888888888889,,0.3,0.3888888888888889,0.625,1.0,0.8,0.5961538461538461,1.0,0.5666666666666667,0.6333333333333333,0.875,0.631578947368421,0.6923076923076923,,,,,0.4,,,0.6,,0.9230769230769231,0.36363636363636365,0.8333333333333334,0.2857142857142857,,,,0.2857142857142857,0.5,1.0,0.5,,1.0,0.8,0.07142857142857142,92.95238095238095,1.0,15.766666666666667,15.225806451612904,14.933333333333334,14.612903225806452,0.15384615384615385,1.0,1.0,0.5,0.07692307692307693,,,,0.07692307692307693,0.5,0.5,,0.23076923076923078,0.3333333333333333,0.3333333333333333,0.5,0.46153846153846156,0.4166666666666667,0.4166666666666667,0.8,1.0,1.0,,,,,,,,0.2,1.0,0.2,0.3333333333333333,0.4666666666666667,0.2857142857142857,0.8461538461538461,0.4166666666666667,0.5521923076923076,0.6234,0.5771866666666666,0.10344827586206896,0.2727272727272727,,0.1794871794871795,0.6153846153846154,7.3375,24.961111111111112,0.5666666666666667,,,,,,,,,1610612739,2017,2016-17,False
101112-101114-202682-2544-2747,1610612739,"Channing Frye, Deron Williams, Derrick Williams, LeBron James, JR Smith","Frye, Williams, Williams, James, Smith",101112-101114-202682-2544-2747,CLE,944.0,4,16.0,8.0,33.0,33.0,,,,66.0,6.0,7.0,,,,,1.0,1.0,2.0,3.0,,4.0,,,,,7.0,12.0,,,,,9.0,11.0,7.0,16.0,3.0,42.0,34.0,,,,,,,,,,,,,14.0,4.0,18.0,3.0,,12.0,7.0,1.0,7.0,6.0,13.0,6.0,,5.0,,2.0,32.0,,,,7.0,11.0,,18.0,,18.0,,1.0,1.0,,2.0,,1.0,2.0,,1.0,1.0,1.0,4.0,,,6.0,,9.0,,,,6.0,,,,,4.0,,,,2.0,,,1.0,,,,1.0,1.0,1.0,,,42.0,,,,,0.7777777777777778,0.7777777777777778,0.8571428571428571,0.4375,,,0.4375,0.8181818181818182,,,0.7222222222222222,,,0.7241379310344828,,,0.5925925925925926,0.09090909090909091,0.14285714285714285,,,0.5,,,0.8461538461538461,,1.0,,0.9,,,,,,,1.0,0.75,0.8,1.0,1.0,,100.67796610169492,1.0,13.545454545454545,15.06060606060606,13.545454545454545,14.909090909090908,0.25925925925925924,0.8571428571428571,1.0,0.8333333333333334,0.037037037037037035,1.0,1.0,,0.1111111111111111,0.6666666666666666,0.6666666666666666,1.0,0.14814814814814814,,,,0.4444444444444444,0.5833333333333334,0.5833333333333334,0.8571428571428571,,,,,,,,,,,,,,,,0.8518518518518519,0.5833333333333334,0.5783388888888888,,,0.06896551724137931,0.15384615384615385,,,,7.081818181818182,24.98125,,,,,,,,,,1610612739,2017,2016-17,False
101112-201567-202697-2210-2544,1610612739,"Channing Frye, Kevin Love, Iman Shumpert, Richard Jefferson, LeBron James","Frye, Love, Shumpert, Jefferson, James",101112-201567-202697-2210-2544,CLE,925.0,6,15.0,14.0,32.0,30.0,9.0,2.0,2.0,62.0,9.0,10.0,1.0,1.0,2.0,3.0,,,1.0,2.0,3.0,4.0,,,,,4.0,9.0,,1.0,1.0,3.0,10.0,12.0,7.0,13.0,4.0,45.0,31.0,1.0,1.0,,1.0,,2.0,2.0,3.0,1.0,3.0,4.0,11.0,6.0,14.0,21.0,,2.0,9.0,4.0,,3.0,7.0,10.0,4.0,3.0,2.0,,1.0,27.0,2.0,1.0,,5.0,8.0,1.0,14.0,3.0,17.0,1.0,3.0,3.0,,3.0,2.0,2.0,2.0,,1.0,,,5.0,1.0,1.0,4.0,,5.0,,,,6.0,,1.0,,,6.0,,,,1.0,,2.0,1.0,,,,1.0,1.0,1.0,,,43.0,11.0,9.0,,2.0,0.3,0.3333333333333333,1.0,0.5384615384615384,,0.3333333333333333,0.5384615384615384,0.8333333333333334,1.0,0.6666666666666666,0.82,0.5,0.5833333333333334,0.8035714285714286,0.5,0.6111111111111112,0.52,,,,,0.6,1.0,,0.8888888888888888,0.5,0.5555555555555556,0.3333333333333333,0.7222222222222222,0.375,1.0,,,0.4,,1.0,1.0,0.8333333333333334,0.5,0.6666666666666666,0.125,96.51891891891893,1.0,13.21875,16.733333333333334,12.8125,15.033333333333333,0.4,0.9,0.9,0.2222222222222222,,,,,0.08,0.5,0.5,1.0,0.16,0.75,0.75,1.0,0.36,0.4444444444444444,0.4444444444444444,1.0,0.5,1.0,,,,,0.5,,,0.5,0.6666666666666666,,,0.5,0.3333333333333333,0.92,0.4444444444444444,0.5848960000000001,0.67905,0.5347583333333333,0.038461538461538464,0.07692307692307693,,0.044444444444444446,0.24444444444444444,3.875,24.907692307692308,0.28125,,,,,,,,,1610612739,2017,2016-17,False
101112-202684-202732-203895-2544,1610612739,"Channing Frye, Tristan Thompson, DeAndre Liggins, Jordan McRae, LeBron James","Frye, Thompson, Liggins, McRae, James",101112-202684-202732-203895-2544,CLE,909.0,2,15.0,-4.0,26.0,25.0,3.0,,8.0,51.0,4.0,10.0,1.0,4.0,,2.0,2.0,6.0,,2.0,1.0,5.0,,1.0,,1.0,3.0,7.0,1.0,1.0,,,6.0,18.0,4.0,12.0,7.0,31.0,35.0,2.0,6.0,1.0,2.0,1.0,8.0,1.0,5.0,,1.0,,2.0,4.0,8.0,9.0,3.0,,7.0,3.0,3.0,2.0,3.0,5.0,2.0,1.0,2.0,,,13.0,2.0,7.0,,3.0,4.0,,7.0,9.0,16.0,1.0,2.0,1.0,1.0,1.0,,1.0,1.0,,,,,2.0,2.0,,2.0,,6.0,,,,7.0,,,1.0,,9.0,1.0,,,5.0,,,1.0,,,1.0,,1.0,,,,23.0,2.0,3.0,,,0.3333333333333333,0.3333333333333333,0.75,0.3333333333333333,0.5,,0.3333333333333333,0.3333333333333333,0.3333333333333333,0.2,0.4,0.4375,0.16666666666666666,0.45588235294117646,0.4444444444444444,0.16666666666666666,0.4,0.16666666666666666,0.1,0.16666666666666666,0.5,0.5,,,0.5714285714285714,0.6363636363636364,0.75,0.25,0.6363636363636364,0.47368421052631576,0.6666666666666666,0.75,,0.25,0.25,,0.3333333333333333,1.0,0.6666666666666666,1.0,0.058823529411764705,80.79207920792079,,17.423076923076923,18.24,14.807692307692308,17.48,0.3333333333333333,0.4,0.4444444444444444,0.5,0.2,0.3333333333333333,0.4,,0.06666666666666667,,,,0.16666666666666666,0.2,0.2,1.0,0.23333333333333334,0.42857142857142855,0.42857142857142855,0.6666666666666666,0.5,0.25,1.0,0.125,,,0.125,1.0,,0.3333333333333333,,0.16666666666666666,,,,0.7333333333333333,0.42857142857142855,0.5554383333333334,0.53205,0.469325,0.14705882352941177,0.22727272727272727,,0.25806451612903225,0.06451612903225806,5.161111111111111,24.683333333333334,0.11538461538461539,,,,,,,,,1610612739,2017,2016-17,False
201567-202681-202684-2399-2544,1610612739,"Kevin Love, Kyrie Irving, Tristan Thompson, Mike Dunleavy, LeBron James","Love, Irving, Thompson, Dunleavy, James",201567-202681-202684-2399-2544,CLE,896.0,2,15.0,2.0,30.0,30.0,1.0,,6.0,60.0,4.0,9.0,1.0,1.0,,,4.0,4.0,2.0,7.0,,1.0,,,,,2.0,9.0,,2.0,,,10.0,20.0,2.0,10.0,3.0,29.0,27.0,1.0,3.0,,2.0,3.0,5.0,,1.0,,,,,14.0,6.0,3.0,3.0,2.0,9.0,2.0,2.0,7.0,1.0,8.0,1.0,,3.0,2.0,2.0,17.0,4.0,3.0,,4.0,12.0,1.0,17.0,7.0,24.0,,2.0,2.0,,5.0,,3.0,,,2.0,,,5.0,,,6.0,1.0,8.0,,,,6.0,1.0,,,,4.0,,,,2.0,,,3.0,,,2.0,1.0,3.0,2.0,,,24.0,,1.0,,,0.7,0.7777777777777778,0.5,0.2,,,0.2,0.5,0.3333333333333333,,0.43333333333333335,0.2,,0.453125,0.35714285714285715,,0.3333333333333333,0.1,0.2222222222222222,,,1.0,1.0,,0.9230769230769231,0.3,1.0,0.5,0.9411764705882353,0.3888888888888889,0.4,,0.2,0.42857142857142855,1.0,0.6666666666666666,1.0,1.0,1.0,1.0,,96.42857142857143,0.6666666666666666,13.533333333333333,16.333333333333332,12.533333333333333,15.9,0.3,0.4444444444444444,0.5714285714285714,0.75,0.13333333333333333,1.0,1.0,0.5,0.23333333333333334,0.2857142857142857,0.2857142857142857,1.0,0.03333333333333333,,,,0.3,0.2222222222222222,0.2222222222222222,0.5,0.2,1.0,,,,,0.4,,,,,,,,,0.6333333333333333,0.2222222222222222,0.5354066666666667,0.7127,0.4163,0.0625,0.09090909090909091,,0.1724137931034483,,8.245000000000001,26.060000000000002,0.03333333333333333,,,,,,,,,1610612739,2017,2016-17,False
201567-202681-202697-2210-2544,1610612739,"Kevin Love, Kyrie Irving, Iman Shumpert, Richard Jefferson, LeBron James","Love, Irving, Shumpert, Jefferson, James",201567-202681-202697-2210-2544,CLE,884.0,6,15.0,5.0,31.0,30.0,12.0,15.0,5.0,61.0,10.0,13.0,2.0,3.0,2.0,3.0,1.0,2.0,1.0,2.0,2.0,4.0,,,1.0,1.0,2.0,8.0,,,1.0,3.0,12.0,17.0,4.0,12.0,7.0,43.0,38.0,2.0,3.0,,,1.0,5.0,3.0,6.0,2.0,4.0,2.0,14.0,16.0,8.0,6.0,6.0,,8.0,2.0,2.0,8.0,2.0,10.0,,2.0,7.0,,1.0,22.0,3.0,1.0,,3.0,3.0,,6.0,4.0,10.0,,5.0,5.0,,2.0,,1.0,1.0,,1.0,,,3.0,2.0,2.0,2.0,,3.0,,,,11.0,,1.0,,,8.0,2.0,,,5.0,,,,,,,,,,,,38.0,14.0,12.0,,,0.6666666666666666,0.6666666666666666,0.5,0.3333333333333333,,0.5,0.3333333333333333,0.7058823529411765,0.6666666666666666,0.5,0.6206896551724138,0.6666666666666666,0.6,0.671875,0.8333333333333334,0.6363636363636364,0.41379310344827586,0.11764705882352941,0.07692307692307693,0.5,,0.6666666666666666,,,0.75,0.2,0.6,0.375,0.6666666666666666,0.3076923076923077,,1.0,,0.16666666666666666,1.0,,1.0,0.6666666666666666,0.3333333333333333,1.0,,99.36651583710407,,16.225806451612904,12.7,15.774193548387096,11.8,0.4482758620689655,0.7692307692307693,0.8333333333333334,0.7,0.06896551724137931,0.5,1.0,,0.06896551724137931,0.5,0.5,1.0,0.13793103448275862,0.5,0.5,1.0,0.27586206896551724,0.25,0.25,,1.0,0.6666666666666666,1.0,,,,,,,0.3,0.6666666666666666,0.1,1.0,0.3,0.3333333333333333,0.8620689655172413,0.25,0.581198275862069,0.8871,0.47685000000000005,0.15625,0.25,,0.11627906976744186,0.32558139534883723,3.9647058823529413,25.316666666666666,0.3870967741935484,,,,,,,,,1610612739,2017,2016-17,False
201567-202684-202697-2210-2399,1610612739,"Kevin Love, Tristan Thompson, Iman Shumpert, Richard Jefferson, Mike Dunleavy","Love, Thompson, Shumpert, Jefferson, Dunleavy",201567-202684-202697-2210-2399,CLE,882.0,6,15.0,1.0,30.0,28.0,15.0,7.0,3.0,58.0,3.0,7.0,1.0,2.0,,2.0,5.0,8.0,1.0,3.0,,1.0,,,,1.0,1.0,3.0,,,1.0,1.0,9.0,18.0,1.0,4.0,6.0,27.0,26.0,1.0,3.0,,,,2.0,2.0,6.0,1.0,2.0,3.0,10.0,6.0,12.0,3.0,,2.0,3.0,1.0,2.0,3.0,1.0,4.0,1.0,,1.0,2.0,,9.0,1.0,2.0,,5.0,5.0,,10.0,3.0,13.0,,2.0,,2.0,4.0,1.0,1.0,3.0,1.0,3.0,,,7.0,,5.0,3.0,,5.0,,,1.0,7.0,1.0,,1.0,,8.0,,,,3.0,,1.0,,,,,,,,,,25.0,10.0,15.0,1.0,1.0,0.3333333333333333,0.375,1.0,0.25,,0.5,0.25,0.5,0.3333333333333333,0.3333333333333333,0.4772727272727273,0.3333333333333333,0.4375,0.5192307692307693,0.3333333333333333,0.5,0.18181818181818182,0.1111111111111111,0.2857142857142857,,,0.5714285714285714,,,1.0,0.2222222222222222,0.8333333333333334,0.3333333333333333,0.9090909090909091,0.25,0.25,0.3333333333333333,,0.5,,1.0,,1.0,0.8333333333333334,,,94.6938775510204,,15.666666666666666,14.714285714285714,15.166666666666666,14.142857142857142,0.3181818181818182,0.42857142857142855,0.6,0.3333333333333333,0.36363636363636365,0.625,0.625,0.4,0.13636363636363635,0.3333333333333333,0.3333333333333333,,0.045454545454545456,,,,0.13636363636363635,0.3333333333333333,0.3333333333333333,1.0,0.6666666666666666,0.5,,,,,,,,0.25,,0.125,,0.125,1.0,0.5,0.3333333333333333,0.49641818181818187,0.6994,0.473225,0.12,0.14285714285714285,,0.07407407407407407,0.37037037037037035,8.666666666666666,25.025,0.5,,,,,,,,,1610612739,2017,2016-17,False
101112-202681-202697-2544-2594,1610612739,"Channing Frye, Kyrie Irving, Iman Shumpert, LeBron James, Kyle Korver","Frye, Irving, Shumpert, James, Korver",101112-202681-202697-2544-2594,CLE,879.0,7,15.0,23.0,31.0,31.0,18.0,10.0,,62.0,9.0,10.0,,,5.0,5.0,2.0,2.0,1.0,1.0,3.0,4.0,,,1.0,1.0,2.0,7.0,,,1.0,4.0,12.0,13.0,5.0,11.0,9.0,48.0,25.0,,,,,,,7.0,7.0,2.0,5.0,8.0,28.0,14.0,10.0,15.0,,,7.0,2.0,,7.0,5.0,12.0,2.0,3.0,6.0,,1.0,29.0,,,,5.0,8.0,,13.0,,13.0,,3.0,1.0,2.0,3.0,,2.0,,,1.0,,,3.0,,2.0,1.0,,2.0,,1.0,,6.0,,,,,11.0,1.0,,,4.0,,2.0,,,,,,,,,1.0,48.0,26.0,17.0,,1.0,0.5833333333333334,0.5833333333333334,1.0,0.45454545454545453,,0.4,0.45454545454545453,0.9230769230769231,,1.0,0.8125,,0.8333333333333334,0.8275862068965517,,0.875,0.4583333333333333,,,,,1.0,,,0.8888888888888888,,0.625,,0.7647058823529411,,,,,,,1.0,1.0,0.75,0.5,0.75,,101.56996587030716,,13.870967741935484,14.483870967741936,13.870967741935484,13.387096774193548,0.4166666666666667,0.9,0.9,0.6666666666666666,0.08333333333333333,1.0,1.0,,0.041666666666666664,1.0,1.0,1.0,0.16666666666666666,0.75,0.75,1.0,0.2916666666666667,0.2857142857142857,0.2857142857142857,1.0,,,,,,,,,,0.4166666666666667,1.0,0.08333333333333333,1.0,0.3333333333333333,0.25,0.875,0.2857142857142857,0.6103999999999999,,0.6304083333333333,0.14814814814814814,0.25,,,0.5833333333333334,3.5076923076923077,24.936363636363637,0.5806451612903226,,,,,,,,,1610612739,2017,2016-17,False
201567-202681-2210-2544-2747,1610612739,"Kevin Love, Kyrie Irving, Richard Jefferson, LeBron James, JR Smith","Love, Irving, Jefferson, James, Smith",201567-202681-2210-2544-2747,CLE,878.0,7,15.0,-8.0,30.0,31.0,7.0,8.0,3.0,61.0,7.0,8.0,2.0,2.0,3.0,3.0,,2.0,,4.0,2.0,7.0,,,,,1.0,7.0,,,1.0,2.0,7.0,14.0,3.0,14.0,4.0,27.0,35.0,2.0,3.0,,,1.0,5.0,3.0,4.0,1.0,2.0,,9.0,4.0,10.0,9.0,,2.0,7.0,1.0,2.0,2.0,3.0,5.0,1.0,2.0,2.0,,,13.0,3.0,2.0,1.0,3.0,5.0,1.0,9.0,6.0,15.0,,3.0,2.0,1.0,2.0,,1.0,2.0,,1.0,,,4.0,,1.0,7.0,,9.0,1.0,,,8.0,1.0,1.0,1.0,,8.0,,,,4.0,,,2.0,,,2.0,,2.0,1.0,,,22.0,9.0,7.0,,,0.2857142857142857,0.3333333333333333,1.0,0.21428571428571427,,0.5,0.21428571428571427,0.5,0.6666666666666666,0.75,0.4107142857142857,0.6666666666666666,0.75,0.421875,0.625,0.75,0.5,0.14285714285714285,0.125,0.5,,0.5,1.0,0.3333333333333333,0.8333333333333334,0.2857142857142857,1.0,0.2727272727272727,0.8888888888888888,0.2777777777777778,1.0,0.5,,0.16666666666666666,0.4,0.6666666666666666,1.0,1.0,1.0,1.0,,100.04555808656036,0.5,14.966666666666667,13.838709677419354,14.533333333333333,13.35483870967742,0.2857142857142857,0.875,1.0,0.2857142857142857,0.07142857142857142,,,,0.14285714285714285,,,,0.25,0.2857142857142857,0.2857142857142857,1.0,0.25,0.14285714285714285,0.14285714285714285,1.0,0.6666666666666666,1.0,,,,,,,,0.5,1.0,,,0.3333333333333333,0.5,0.7857142857142857,0.14285714285714285,0.5670392857142857,0.57125,0.6275083333333333,0.125,0.2222222222222222,,0.18518518518518517,0.3333333333333333,6.492857142857143,24.707142857142856,0.23333333333333334,,,,,,,,,1610612739,2017,2016-17,False
101112-202697-202732-2210-2544,1610612739,"Channing Frye, Iman Shumpert, DeAndre Liggins, Richard Jefferson, LeBron James","Frye, Shumpert, Liggins, Jefferson, James",101112-202697-202732-2210-2544,CLE,862.0,4,14.0,-3.0,28.0,26.0,,,1.0,54.0,7.0,8.0,1.0,1.0,,,,1.0,1.0,2.0,2.0,4.0,,,,,2.0,7.0,,1.0,,,8.0,11.0,4.0,11.0,3.0,31.0,34.0,1.0,1.0,,1.0,,2.0,,,,,,,6.0,10.0,12.0,,,7.0,2.0,1.0,3.0,4.0,7.0,2.0,2.0,2.0,,1.0,18.0,2.0,,,4.0,3.0,1.0,8.0,2.0,10.0,,1.0,1.0,,2.0,,1.0,4.0,,1.0,1.0,1.0,6.0,,,3.0,,9.0,1.0,,1.0,7.0,,,,,5.0,1.0,,,3.0,,,,,,,,,,,,29.0,,,,,0.375,0.375,1.0,0.36363636363636365,,,0.36363636363636365,0.7272727272727273,1.0,,0.6363636363636364,0.5,,0.6458333333333334,0.5,,0.5,0.09090909090909091,0.125,,,0.3333333333333333,1.0,,0.6,,0.8,0.2857142857142857,0.7,0.2,,,,0.2,0.5,,1.0,0.6666666666666666,0.75,1.0,,90.20881670533642,,15.714285714285714,16.23076923076923,14.892857142857142,15.461538461538462,0.36363636363636365,0.875,1.0,0.2857142857142857,0.045454545454545456,,,,0.09090909090909091,0.5,0.5,1.0,0.18181818181818182,0.5,0.5,1.0,0.3181818181818182,0.2857142857142857,0.2857142857142857,1.0,0.5,1.0,,,,,0.5,,,,,,,,,0.8636363636363636,0.2857142857142857,0.562209090909091,,,0.125,0.23076923076923078,,0.06451612903225806,,5.336363636363637,25.39090909090909,,,,,,,,,,1610612739,2017,2016-17,False
201567-202681-202684-2210-2747,1610612739,"Kevin Love, Kyrie Irving, Tristan Thompson, Richard Jefferson, JR Smith","Love, Irving, Thompson, Jefferson, Smith",201567-202681-202684-2210-2747,CLE,839.0,6,14.0,9.0,27.0,25.0,13.0,2.0,3.0,52.0,3.0,4.0,,,,,2.0,7.0,4.0,4.0,,1.0,,,,1.0,2.0,6.0,,,1.0,2.0,9.0,15.0,2.0,7.0,7.0,31.0,22.0,1.0,2.0,,,1.0,3.0,4.0,7.0,1.0,3.0,1.0,12.0,6.0,12.0,6.0,,,6.0,2.0,4.0,3.0,2.0,5.0,2.0,,1.0,1.0,1.0,12.0,1.0,3.0,,3.0,6.0,,9.0,4.0,13.0,1.0,2.0,2.0,,2.0,1.0,1.0,3.0,,1.0,,,5.0,,4.0,1.0,,4.0,,,,6.0,,,1.0,1.0,8.0,,,1.0,1.0,1.0,1.0,,,,,,,,,,28.0,12.0,13.0,,1.0,0.3333333333333333,0.3333333333333333,1.0,0.2857142857142857,,0.3333333333333333,0.2857142857142857,0.6,0.5,0.5714285714285714,0.5454545454545454,0.5,0.55,0.6,0.5,0.5454545454545454,0.3181818181818182,0.26666666666666666,0.25,0.42857142857142855,,0.4,,,0.75,0.5,1.0,0.2,0.8181818181818182,0.36363636363636365,,0.6,,,1.0,0.5,1.0,1.0,1.0,,0.14285714285714285,89.24910607866508,,14.925925925925926,17.44,14.555555555555555,17.44,0.18181818181818182,0.75,1.0,0.3333333333333333,0.3181818181818182,0.2857142857142857,0.5,0.5,0.18181818181818182,1.0,1.0,0.25,0.045454545454545456,,,,0.2727272727272727,0.3333333333333333,0.3333333333333333,1.0,,,,,,,,,,,,0.1,,0.2,0.5,0.5,0.3333333333333333,0.4846704545454546,0.33355,0.41801000000000005,0.08333333333333333,0.0625,0.125,0.0967741935483871,0.3870967741935484,8.68,25.5,0.48148148148148145,,,,,,,,,1610612739,2017,2016-17,False
101112-1627770-201567-202697-2210,1610612739,"Channing Frye, Kay Felder, Kevin Love, Iman Shumpert, Richard Jefferson","Frye, Felder, Love, Shumpert, Jefferson",101112-1627770-201567-202697-2210,CLE,820.0,2,14.0,7.0,26.0,26.0,,,3.0,52.0,5.0,9.0,1.0,1.0,,,2.0,4.0,4.0,6.0,2.0,3.0,,,,,2.0,4.0,,1.0,,,11.0,19.0,4.0,7.0,2.0,36.0,29.0,1.0,1.0,,1.0,,2.0,,,,,,,4.0,18.0,12.0,,2.0,4.0,2.0,3.0,2.0,4.0,6.0,2.0,2.0,,1.0,1.0,16.0,,3.0,,5.0,7.0,,12.0,3.0,15.0,1.0,1.0,1.0,,2.0,,2.0,,,,,,2.0,1.0,,3.0,,4.0,,,,2.0,,,,,2.0,,,,1.0,,,,,,,,,,,,34.0,,,,,0.18181818181818182,0.2,1.0,0.5714285714285714,,,0.5714285714285714,0.5789473684210527,1.0,,0.6538461538461539,0.5,,0.6666666666666666,0.5,,0.2692307692307692,0.15789473684210525,0.1111111111111111,0.25,0.16666666666666666,1.0,,,0.7,0.375,0.8333333333333334,,0.75,0.2727272727272727,0.5,0.5,,,,0.5,0.8,0.6666666666666666,0.6666666666666666,1.0,0.125,91.31707317073172,,14.653846153846153,16.884615384615383,14.461538461538462,16.153846153846153,0.34615384615384615,0.5555555555555556,0.625,,0.15384615384615385,0.5,0.6666666666666666,0.5,0.23076923076923078,0.6666666666666666,0.8,0.25,0.11538461538461539,0.6666666666666666,0.6666666666666666,1.0,0.15384615384615385,0.5,0.5,1.0,0.5,1.0,,,,,0.5,,,,,,,,,0.6153846153846154,0.5,0.5251826923076923,0.60485,,0.037037037037037035,0.05,,0.05555555555555555,,7.657894736842105,24.114285714285717,,,,,,,,,,1610612739,2017,2016-17,False
101112-101114-202681-202684-202697,1610612739,"Channing Frye, Deron Williams, Kyrie Irving, Tristan Thompson, Iman Shumpert","Frye, Williams, Irving, Thompson, Shumpert",101112-101114-202681-202684-202697,CLE,754.0,4,13.0,12.0,23.0,25.0,12.0,8.0,2.0,48.0,4.0,6.0,1.0,1.0,3.0,3.0,2.0,5.0,2.0,4.0,2.0,2.0,1.0,1.0,1.0,1.0,2.0,3.0,,,1.0,2.0,8.0,15.0,4.0,5.0,6.0,34.0,22.0,1.0,1.0,1.0,1.0,,5.0,5.0,7.0,2.0,3.0,3.0,19.0,6.0,10.0,12.0,,2.0,3.0,2.0,2.0,3.0,4.0,7.0,2.0,2.0,1.0,,2.0,18.0,,2.0,,4.0,8.0,,12.0,2.0,14.0,,2.0,1.0,1.0,2.0,1.0,,1.0,,2.0,,,3.0,,1.0,,,2.0,,,,4.0,,,,,7.0,2.0,,1.0,4.0,,,1.0,,,1.0,,1.0,1.0,,,29.0,19.0,12.0,,,0.375,0.42857142857142855,1.0,0.8,1.0,0.6666666666666666,0.8,0.5333333333333333,1.0,0.7142857142857143,0.7,1.25,0.8,0.75,1.25,0.8181818181818182,0.25,0.13333333333333333,0.16666666666666666,0.2,,0.6666666666666666,,,0.8,0.2857142857142857,1.0,,0.8571428571428571,0.25,0.5,,0.5,,,1.0,1.0,0.6666666666666666,1.0,,,91.6710875331565,1.0,13.434782608695652,17.8,13.217391304347826,16.48,0.3,0.6666666666666666,0.8,0.25,0.25,0.4,0.5,,0.2,0.5,0.5,1.0,0.1,1.0,1.0,1.0,0.15,0.6666666666666666,0.6666666666666666,1.0,0.5,1.0,,0.5,1.0,1.0,,,,0.3,1.0,0.1,1.0,0.2,0.5,0.55,0.6666666666666666,0.4911975,0.805175,0.47532500000000005,0.18181818181818182,0.23529411764705882,,0.14705882352941177,0.5588235294117647,8.026666666666667,24.68,0.5217391304347826,,,,,,,,,1610612739,2017,2016-17,False
1627770-202697-203895-2365-2592,1610612739,"Kay Felder, Iman Shumpert, Jordan McRae, Chris Andersen, James Jones","Felder, Shumpert, McRae, Andersen, Jones",1627770-202697-203895-2365-2592,CLE,749.0,1,12.0,13.0,26.0,27.0,11.0,11.0,,53.0,5.0,7.0,,,3.0,5.0,1.0,3.0,2.0,2.0,,,,,,,3.0,6.0,,,1.0,1.0,8.0,12.0,3.0,6.0,7.0,32.0,19.0,,,,,,,5.0,7.0,1.0,1.0,4.0,17.0,6.0,10.0,3.0,6.0,,6.0,3.0,,3.0,1.0,4.0,1.0,,2.0,,1.0,9.0,,,,4.0,5.0,1.0,10.0,,10.0,,3.0,3.0,,4.0,1.0,4.0,1.0,,,,,5.0,,1.0,2.0,,5.0,,,,8.0,,,1.0,,8.0,2.0,,,4.0,,1.0,1.0,1.0,1.0,1.0,,2.0,1.0,,,32.0,16.0,10.0,1.0,,0.375,0.375,0.3333333333333333,0.5,,1.0,0.5,0.6666666666666666,,0.7142857142857143,0.6944444444444444,,0.8125,0.7619047619047619,,0.85,0.3333333333333333,,,,,0.8,1.0,,0.5555555555555556,,0.8,,0.6428571428571429,,,,,,,0.5,0.5,0.6666666666666666,0.75,1.0,,101.89586114819761,0.5,11.73076923076923,16.444444444444443,11.73076923076923,15.851851851851851,0.3888888888888889,0.7142857142857143,0.7142857142857143,0.4,0.16666666666666666,0.3333333333333333,0.3333333333333333,,0.1111111111111111,1.0,1.0,0.5,,,,,0.3333333333333333,0.5,0.6,0.3333333333333333,,,,,,,,,,0.625,0.6,,,0.125,1.0,0.7222222222222222,0.5,0.5337583333333333,,0.55625,0.2,0.2857142857142857,,,0.53125,5.883333333333333,25.2,0.4230769230769231,1.0,,0.16666666666666666,0.16666666666666666,,,,,1610612739,2017,2016-17,False
201567-202684-202697-2544-2594,1610612739,"Kevin Love, Tristan Thompson, Iman Shumpert, LeBron James, Kyle Korver","Love, Thompson, Shumpert, James, Korver",201567-202684-202697-2544-2594,CLE,746.0,3,12.0,-3.0,25.0,26.0,16.0,14.0,3.0,51.0,3.0,6.0,1.0,3.0,2.0,2.0,2.0,2.0,1.0,3.0,2.0,6.0,,,2.0,3.0,1.0,5.0,,,,3.0,6.0,11.0,3.0,11.0,5.0,26.0,29.0,2.0,4.0,,,1.0,5.0,3.0,5.0,2.0,6.0,2.0,14.0,2.0,10.0,9.0,,2.0,5.0,1.0,2.0,1.0,3.0,4.0,1.0,2.0,1.0,,,11.0,3.0,1.0,,3.0,5.0,2.0,10.0,4.0,14.0,,,,,2.0,,1.0,2.0,,1.0,,,4.0,,4.0,,,4.0,,,,5.0,,2.0,,,5.0,1.0,,,2.0,,1.0,,,,,,,,,,21.0,14.0,16.0,2.0,1.0,0.16666666666666666,0.2,1.0,0.2727272727272727,,0.3333333333333333,0.2727272727272727,0.5454545454545454,0.5,0.6,0.4772727272727273,0.5,0.5454545454545454,0.5416666666666666,0.625,0.5833333333333334,0.5,0.18181818181818182,0.3333333333333333,,,0.5,1.0,,0.625,0.2,0.75,0.375,0.6666666666666666,0.3076923076923077,0.3333333333333333,,,0.25,0.5,0.25,1.0,1.0,0.75,,,98.44504021447722,,16.12,13.192307692307692,15.36,11.923076923076923,0.2727272727272727,0.5,0.75,0.3333333333333333,0.09090909090909091,1.0,1.0,,0.13636363636363635,0.3333333333333333,0.3333333333333333,,0.2727272727272727,0.3333333333333333,0.3333333333333333,1.0,0.22727272727272727,0.2,0.2,1.0,0.75,0.3333333333333333,,,,,,,,0.18181818181818182,1.0,0.2727272727272727,0.6666666666666666,0.2727272727272727,,0.7727272727272727,0.2,0.5618022727272728,0.4824,0.5398681818181819,0.08695652173913043,0.16666666666666666,,0.19230769230769232,0.5384615384615384,7.327272727272727,24.00909090909091,0.64,,,,,,,,,1610612739,2017,2016-17,False
201567-202681-2210-2544-2594,1610612739,"Kevin Love, Kyrie Irving, Richard Jefferson, LeBron James, Kyle Korver","Love, Irving, Jefferson, James, Korver",201567-202681-2210-2544-2594,CLE,726.0,3,12.0,13.0,24.0,24.0,6.0,1.0,3.0,48.0,7.0,10.0,2.0,2.0,2.0,2.0,2.0,3.0,,1.0,1.0,2.0,,,,,3.0,4.0,,,1.0,2.0,9.0,14.0,4.0,6.0,7.0,37.0,24.0,2.0,2.0,,,,4.0,3.0,4.0,1.0,2.0,2.0,11.0,8.0,10.0,6.0,6.0,2.0,4.0,3.0,3.0,4.0,2.0,6.0,1.0,1.0,3.0,1.0,,14.0,,3.0,,4.0,5.0,1.0,10.0,3.0,13.0,,2.0,1.0,1.0,1.0,,1.0,1.0,,,,,2.0,,,2.0,,5.0,,1.0,,6.0,,,,,11.0,,,,4.0,1.0,,,,,,,,,,,33.0,11.0,6.0,,,0.4444444444444444,0.5,0.5,0.6666666666666666,,0.5,0.6666666666666666,0.6428571428571429,1.0,0.75,0.75,1.0,0.75,0.74,0.6666666666666666,0.7857142857142857,0.3,0.21428571428571427,0.3,,,0.5,1.0,,1.0,0.6,0.8,,0.9,0.42857142857142855,0.6666666666666666,1.0,,,,1.0,1.0,,1.0,0.6666666666666666,,95.20661157024794,,13.416666666666666,16.833333333333332,13.25,16.708333333333332,0.5,0.7,1.0,0.42857142857142855,0.15,0.6666666666666666,0.6666666666666666,0.5,0.05,,,,0.1,0.5,0.5,1.0,0.2,0.75,0.75,0.3333333333333333,1.0,1.0,0.5,,,,,,,0.3333333333333333,1.0,,,0.3333333333333333,0.5,0.8,0.75,0.536245,0.6495,0.4519416666666667,0.2,0.2222222222222222,0.14285714285714285,0.10810810810810811,0.2972972972972973,4.628571428571428,25.516666666666666,0.25,,,,,,,,,1610612739,2017,2016-17,False
202681-202684-202697-2210-2747,1610612739,"Kyrie Irving, Tristan Thompson, Iman Shumpert, Richard Jefferson, JR Smith","Irving, Thompson, Shumpert, Jefferson, Smith",202681-202684-202697-2210-2747,CLE,723.0,8,12.0,-7.0,21.0,24.0,15.0,12.0,2.0,45.0,3.0,5.0,1.0,1.0,2.0,4.0,,5.0,3.0,4.0,,1.0,,,,1.0,1.0,4.0,,,,3.0,6.0,14.0,1.0,5.0,7.0,22.0,29.0,1.0,2.0,,,,2.0,3.0,11.0,,4.0,6.0,12.0,6.0,6.0,3.0,,,4.0,1.0,1.0,3.0,1.0,4.0,1.0,,2.0,,1.0,9.0,1.0,1.0,,2.0,6.0,,8.0,2.0,10.0,,2.0,1.0,1.0,1.0,,1.0,,,,,,1.0,,,2.0,,2.0,,,,5.0,,,,,9.0,1.0,,,4.0,,1.0,1.0,,,1.0,,1.0,,,,20.0,12.0,15.0,,1.0,0.5,0.5,1.0,0.2,,,0.2,0.42857142857142855,0.5,0.2727272727272727,0.39473684210526316,0.5,0.2,0.4782608695652174,0.5,0.3333333333333333,0.2631578947368421,0.07142857142857142,0.2,,,1.0,,,0.6,0.14285714285714285,0.5,0.25,0.5714285714285714,0.18181818181818182,,0.2,,,1.0,0.3333333333333333,0.3333333333333333,1.0,0.6666666666666666,,,89.6265560165975,,17.142857142857142,15.125,15.761904761904763,12.708333333333334,0.2631578947368421,0.6,0.75,0.6666666666666666,0.2631578947368421,,,,0.21052631578947367,0.75,0.75,0.3333333333333333,0.05263157894736842,,,,0.21052631578947367,0.25,0.25,1.0,0.5,1.0,1.0,,,,,,,0.26666666666666666,0.5,0.06666666666666667,,0.2,,0.5263157894736842,0.25,0.49213684210526315,0.3403,0.48411000000000004,0.18181818181818182,0.23529411764705882,,0.09090909090909091,0.5454545454545454,8.821428571428571,25.1,0.7142857142857143,,,,,,,,,1610612739,2017,2016-17,False
101112-1627770-203895-2399-2592,1610612739,"Channing Frye, Kay Felder, Jordan McRae, Mike Dunleavy, James Jones","Frye, Felder, McRae, Dunleavy, Jones",101112-1627770-203895-2399-2592,CLE,720.0,1,12.0,-21.0,25.0,25.0,3.0,17.0,1.0,50.0,2.0,3.0,,,,,1.0,4.0,4.0,5.0,,,,,,,1.0,8.0,,,,,7.0,12.0,1.0,8.0,4.0,21.0,42.0,,1.0,,,,,1.0,2.0,,,,2.0,6.0,8.0,3.0,,,8.0,1.0,2.0,3.0,1.0,4.0,1.0,,1.0,1.0,1.0,9.0,1.0,,,2.0,1.0,1.0,4.0,1.0,5.0,,1.0,1.0,,2.0,,2.0,1.0,,,,,3.0,,,4.0,,7.0,1.0,,,5.0,,,1.0,,5.0,1.0,,,3.0,,,2.0,,,2.0,,2.0,1.0,1.0,,21.0,2.0,3.0,1.0,,0.42857142857142855,0.42857142857142855,1.0,0.125,,,0.125,0.5833333333333334,,0.5,0.425,,0.5,0.4772727272727273,,0.5,0.4,0.16666666666666666,,0.5,,0.6666666666666666,1.0,,0.25,,0.6666666666666666,0.14285714285714285,0.42857142857142855,0.08333333333333333,,,,0.14285714285714285,,0.5,,,,1.0,,100.0,0.5,15.84,12.96,15.32,12.56,0.15,0.6666666666666666,0.6666666666666666,0.5,0.2,0.25,0.5,1.0,0.25,0.8,0.8,0.25,,,,,0.4,0.125,0.125,1.0,,,,,,,,,,,,,,,,0.55,0.125,0.48341500000000004,,0.35845,0.13636363636363635,0.21428571428571427,,,0.09523809523809523,9.508333333333333,24.95,0.12,,,,,,,,,1610612739,2017,2016-17,False
1627770-202682-202732-2210-2592,1610612739,"Kay Felder, Derrick Williams, DeAndre Liggins, Richard Jefferson, James Jones","Felder, Williams, Liggins, Jefferson, Jones",1627770-202682-202732-2210-2592,CLE,720.0,1,12.0,-12.0,26.0,25.0,8.0,1.0,1.0,51.0,5.0,6.0,,,2.0,2.0,,4.0,1.0,6.0,2.0,3.0,1.0,1.0,,,,3.0,,,,,6.0,16.0,2.0,6.0,2.0,20.0,32.0,,,1.0,1.0,,3.0,3.0,6.0,,,,6.0,6.0,6.0,6.0,,,3.0,,1.0,3.0,2.0,5.0,,2.0,3.0,,,12.0,,1.0,,3.0,,,3.0,1.0,4.0,,4.0,1.0,3.0,,,,4.0,,,,2.0,4.0,,2.0,3.0,,5.0,2.0,,,4.0,,,,,2.0,,,,1.0,,,,,,,,,,,,17.0,6.0,8.0,,,0.5,0.5,1.0,0.3333333333333333,1.0,,0.3333333333333333,0.375,,0.5,0.4090909090909091,1.5,0.5,0.43478260869565216,1.5,0.5,0.2727272727272727,0.0625,,0.25,,,,,,0.1,1.0,,0.75,0.07142857142857142,,0.25,,,,,,,1.0,1.0,,102.0,,12.923076923076923,15.36,12.73076923076923,15.32,0.2727272727272727,0.8333333333333334,0.8333333333333334,0.6,0.18181818181818182,,,,0.2727272727272727,0.16666666666666666,0.16666666666666666,,0.13636363636363635,0.6666666666666666,0.6666666666666666,1.0,0.13636363636363635,,,,,,,1.0,1.0,1.0,,,,0.3333333333333333,1.0,,,,,0.5454545454545454,,0.49548636363636367,0.5979,0.45206666666666667,0.043478260869565216,0.058823529411764705,,0.15,0.3,9.7875,23.933333333333334,0.3076923076923077,1.0,,0.16666666666666666,0.3333333333333333,,,,,1610612739,2017,2016-17,False
1627770-203895-2210-2365-2592,1610612739,"Kay Felder, Jordan McRae, Richard Jefferson, Chris Andersen, James Jones","Felder, McRae, Jefferson, Andersen, Jones",1627770-203895-2210-2365-2592,CLE,720.0,2,12.0,9.0,23.0,22.0,23.0,11.0,4.0,45.0,1.0,3.0,1.0,1.0,1.0,3.0,1.0,4.0,,3.0,3.0,3.0,1.0,1.0,3.0,3.0,4.0,6.0,,,4.0,6.0,2.0,10.0,7.0,9.0,8.0,33.0,24.0,2.0,3.0,1.0,1.0,,7.0,2.0,10.0,7.0,9.0,8.0,33.0,,4.0,21.0,,4.0,6.0,4.0,1.0,,7.0,7.0,4.0,3.0,,,,21.0,1.0,2.0,,3.0,5.0,,8.0,3.0,11.0,,1.0,1.0,,,2.0,,3.0,,,,,3.0,,3.0,1.0,,2.0,,,,4.0,,,,,8.0,,,,3.0,,1.0,1.0,,,,1.0,1.0,,,,26.0,33.0,23.0,1.0,1.0,,,1.0,0.7777777777777778,1.0,0.7777777777777778,0.7777777777777778,0.2,0.6666666666666666,0.2,0.6578947368421053,0.875,0.6578947368421053,0.717391304347826,0.875,0.717391304347826,0.47368421052631576,0.1,0.3333333333333333,,,,,,0.8333333333333334,0.2857142857142857,0.75,0.5,0.8,0.3333333333333333,0.5,,0.3333333333333333,0.5,,1.0,0.5,1.0,0.6666666666666666,1.0,,90.0,,13.0,19.136363636363637,12.173913043478262,17.818181818181817,0.15789473684210525,0.3333333333333333,0.5,,0.21052631578947367,0.25,0.25,,0.15789473684210525,,,,0.15789473684210525,1.0,1.0,1.0,0.3157894736842105,0.6666666666666666,0.6666666666666666,1.0,0.25,1.0,,0.25,1.0,1.0,,,,0.15789473684210525,0.3333333333333333,0.15789473684210525,1.0,0.3157894736842105,0.6666666666666666,0.631578947368421,0.6666666666666666,0.4956342105263158,0.6318166666666667,0.4956342105263158,0.13636363636363635,0.23076923076923078,,0.21212121212121213,1.0,9.18,25.166666666666668,1.0,,,,,,,,,1610612739,2017,2016-17,False
202682-204002-2210-2563-2592,1610612739,"Derrick Williams, Edy Tavares, Richard Jefferson, Dahntay Jones, James Jones","Williams, Tavares, Jefferson, Jones, Jones",202682-204002-2210-2563-2592,CLE,720.0,1,12.0,2.0,20.0,21.0,12.0,,2.0,41.0,4.0,4.0,1.0,1.0,1.0,1.0,1.0,7.0,1.0,2.0,,3.0,,1.0,,2.0,2.0,5.0,,1.0,2.0,3.0,6.0,13.0,2.0,8.0,7.0,25.0,23.0,2.0,2.0,,2.0,,4.0,1.0,5.0,2.0,5.0,5.0,13.0,10.0,2.0,6.0,,2.0,5.0,2.0,2.0,5.0,2.0,7.0,2.0,,3.0,1.0,1.0,16.0,1.0,2.0,1.0,2.0,7.0,,9.0,4.0,13.0,,,,,,1.0,,1.0,,,,,1.0,,,,,1.0,,,,7.0,,1.0,,1.0,9.0,4.0,,,5.0,1.0,,3.0,,,2.0,1.0,3.0,3.0,,,21.0,13.0,12.0,,,0.8333333333333334,1.0,1.0,0.25,,0.4,0.25,0.46153846153846156,1.0,0.2,0.42857142857142855,0.5,0.4,0.5434782608695652,0.5,0.5416666666666666,0.38095238095238093,0.15384615384615385,,0.2857142857142857,,,,0.5,0.7,0.2857142857142857,1.0,0.16666666666666666,0.75,0.23076923076923078,,0.16666666666666666,1.0,,0.3333333333333333,0.5,1.0,1.0,1.0,1.0,,82.0,1.0,19.15,16.047619047619047,17.35,15.80952380952381,0.19047619047619047,1.0,1.0,0.75,0.3333333333333333,0.14285714285714285,0.2,1.0,0.09523809523809523,0.5,0.5,1.0,0.14285714285714285,,,,0.23809523809523808,0.4,0.4,1.0,0.25,1.0,,0.25,,,0.25,,,0.1,1.0,0.2,,0.3,0.6666666666666666,0.5714285714285714,0.4,0.48805238095238096,0.57825,0.47001499999999996,0.2608695652173913,0.35714285714285715,0.1111111111111111,0.16,0.52,7.130769230769231,24.925,0.6,,,,,,,,,1610612739,2017,2016-17,False
202681-202684-2210-2544-2594,1610612739,"Kyrie Irving, Tristan Thompson, Richard Jefferson, LeBron James, Kyle Korver","Irving, Thompson, Jefferson, James, Korver",202681-202684-2210-2544-2594,CLE,710.0,8,12.0,8.0,22.0,22.0,6.0,1.0,4.0,44.0,6.0,9.0,1.0,2.0,,,2.0,3.0,2.0,3.0,1.0,2.0,,,,,2.0,5.0,,,,2.0,10.0,15.0,3.0,7.0,2.0,31.0,23.0,2.0,4.0,,,,4.0,3.0,5.0,,2.0,1.0,7.0,12.0,8.0,3.0,6.0,,5.0,2.0,1.0,6.0,1.0,7.0,,1.0,4.0,1.0,1.0,15.0,2.0,2.0,,3.0,3.0,1.0,7.0,4.0,11.0,1.0,3.0,2.0,1.0,3.0,,3.0,,,,,,3.0,,1.0,3.0,,4.0,,,,4.0,,,,,5.0,,,1.0,1.0,,1.0,1.0,,,1.0,,1.0,,,,27.0,7.0,6.0,,,0.6,0.6,0.3333333333333333,0.42857142857142855,,,0.42857142857142855,0.6666666666666666,0.5,0.6,0.6590909090909091,0.5,0.42857142857142855,0.625,0.5,0.42857142857142855,0.3181818181818182,0.06666666666666667,0.1111111111111111,,,1.0,1.0,,0.5,0.4,0.75,0.5,0.6,0.4444444444444444,0.3333333333333333,1.0,,0.3333333333333333,1.0,0.3333333333333333,0.5,1.0,0.75,,0.125,89.2394366197183,,15.045454545454545,17.227272727272727,13.363636363636363,16.227272727272727,0.4090909090909091,0.6666666666666666,0.75,0.6666666666666666,0.13636363636363635,0.6666666666666666,0.6666666666666666,0.5,0.13636363636363635,0.6666666666666666,0.6666666666666666,0.5,0.09090909090909091,0.5,0.5,1.0,0.22727272727272727,0.4,0.4,,0.5,0.5,1.0,,,,,,,,,,,0.2857142857142857,,0.7272727272727273,0.4,0.6040977272727273,0.5923999999999999,0.4341714285714286,0.043478260869565216,0.0625,,0.12903225806451613,0.22580645161290322,5.993333333333334,24.842857142857145,0.2727272727272727,,,,,,,,,1610612739,2017,2016-17,False
101112-202681-2210-2399-2544,1610612739,"Channing Frye, Kyrie Irving, Richard Jefferson, Mike Dunleavy, LeBron James","Frye, Irving, Jefferson, Dunleavy, James",101112-202681-2210-2399-2544,CLE,682.0,5,11.0,16.0,28.0,26.0,10.0,,5.0,54.0,10.0,16.0,3.0,6.0,2.0,4.0,1.0,1.0,,2.0,2.0,7.0,,1.0,1.0,4.0,,5.0,,,,1.0,11.0,19.0,2.0,12.0,2.0,30.0,14.0,3.0,7.0,,1.0,,6.0,3.0,6.0,1.0,5.0,1.0,10.0,12.0,10.0,6.0,,4.0,5.0,,,6.0,2.0,8.0,,2.0,6.0,,,18.0,2.0,5.0,,6.0,8.0,,14.0,7.0,21.0,1.0,5.0,4.0,1.0,2.0,,1.0,1.0,1.0,1.0,,,3.0,,1.0,2.0,,5.0,,,,3.0,,,,,3.0,1.0,,,1.0,,1.0,,,,,,,,,,24.0,10.0,10.0,,1.0,0.5454545454545454,0.6666666666666666,1.0,0.16666666666666666,,0.2,0.16666666666666666,0.5789473684210527,0.42857142857142855,0.5,0.45161290322580644,0.375,0.4090909090909091,0.46875,0.375,0.4166666666666667,0.3870967741935484,,,,,0.6666666666666666,,,1.0,0.625,1.0,0.2,1.0,0.3888888888888889,0.6666666666666666,,0.5,0.2,0.2,1.0,1.0,1.0,1.0,1.0,0.05555555555555555,114.01759530791789,,11.357142857142858,14.0,10.035714285714286,14.0,0.5161290322580645,0.625,0.625,0.6,0.03225806451612903,1.0,1.0,,0.06451612903225806,,,,0.22580645161290322,0.2857142857142857,0.2857142857142857,1.0,0.16129032258064516,,,,0.75,0.5,0.3333333333333333,0.125,,,,,,0.36363636363636365,0.5,0.36363636363636365,0.25,0.09090909090909091,,0.9032258064516129,,0.6446290322580644,0.6031416666666667,0.5988227272727272,0.03225806451612903,0.05263157894736842,,0.2,0.3333333333333333,3.026315789473684,24.21666666666667,0.35714285714285715,,,,,,,,,1610612739,2017,2016-17,False
101112-101114-202697-2544-2594,1610612739,"Channing Frye, Deron Williams, Iman Shumpert, LeBron James, Kyle Korver","Frye, Williams, Shumpert, James, Korver",101112-101114-202697-2544-2594,CLE,659.0,3,11.0,-11.0,20.0,20.0,,,,40.0,3.0,3.0,,,,,,,2.0,4.0,1.0,2.0,,,,,1.0,6.0,,,,,5.0,7.0,2.0,8.0,,16.0,27.0,,,,,,,,,,,,,6.0,4.0,6.0,,,6.0,1.0,,3.0,2.0,5.0,1.0,1.0,1.0,,2.0,12.0,,,,1.0,4.0,,5.0,,5.0,,3.0,3.0,,2.0,2.0,2.0,3.0,,,,,5.0,,,5.0,,7.0,,,1.0,4.0,,,,,,,,,,,,,,,,,,,,,16.0,,,,,0.6,0.6,1.0,0.25,,,0.25,0.7142857142857143,,,0.5333333333333333,,,0.5333333333333333,,,0.5333333333333333,,,,,0.4,,,0.8,,0.5,,0.7142857142857143,,,,,,,,0.75,1.0,1.0,,,87.4051593323217,,14.85,18.1,14.85,16.15,0.2,1.0,1.0,0.3333333333333333,,,,,0.26666666666666666,0.5,0.5,1.0,0.13333333333333333,0.5,0.5,1.0,0.4,0.16666666666666666,0.16666666666666666,1.0,,,,,,,,,,,,,,,,0.7333333333333333,0.16666666666666666,0.57627,,,,,,,,11.200000000000001,24.6625,,,,,,,,,,1610612739,2017,2016-17,False
101114-202684-202697-2592-2594,1610612739,"Deron Williams, Tristan Thompson, Iman Shumpert, James Jones, Kyle Korver","Williams, Thompson, Shumpert, Jones, Korver",101114-202684-202697-2592-2594,CLE,650.0,1,11.0,1.0,20.0,21.0,,,,41.0,2.0,2.0,,,,,6.0,7.0,1.0,1.0,1.0,1.0,,,,,3.0,7.0,,,,,9.0,10.0,4.0,8.0,2.0,32.0,31.0,,,,,,,,,,,,,6.0,12.0,12.0,,,7.0,3.0,,3.0,4.0,7.0,3.0,1.0,2.0,,1.0,18.0,,,,2.0,3.0,,5.0,,5.0,,2.0,2.0,,,1.0,,2.0,,,,,2.0,,,2.0,,4.0,,,,5.0,,,,,2.0,,,,1.0,,,,,,,,,,,,32.0,,,,,0.3333333333333333,0.3333333333333333,1.0,0.5,,,0.5,0.9,,,0.8333333333333334,,,0.8421052631578947,,,0.4444444444444444,,,,,,,,0.75,,1.0,,0.8333333333333334,,,,,,,,1.0,0.5,1.0,1.0,,90.83076923076922,,16.5,15.238095238095237,16.5,14.761904761904763,0.1111111111111111,1.0,1.0,1.0,0.3888888888888889,0.8571428571428571,0.8571428571428571,,0.05555555555555555,1.0,1.0,1.0,0.05555555555555555,1.0,1.0,1.0,0.3888888888888889,0.42857142857142855,0.42857142857142855,1.0,,,,,,,,,,,,,,,,0.5555555555555556,0.42857142857142855,0.5145611111111111,,,0.05263157894736842,0.09090909090909091,,,,8.84,24.7,,,,,,,,,,1610612739,2017,2016-17,False
101112-202681-202697-2210-2594,1610612739,"Channing Frye, Kyrie Irving, Iman Shumpert, Richard Jefferson, Kyle Korver","Frye, Irving, Shumpert, Jefferson, Korver",101112-202681-202697-2210-2594,CLE,648.0,5,11.0,6.0,22.0,20.0,7.0,5.0,4.0,42.0,2.0,9.0,,3.0,,,,1.0,2.0,3.0,3.0,5.0,,,,1.0,2.0,6.0,,1.0,1.0,3.0,4.0,13.0,5.0,11.0,4.0,27.0,21.0,,3.0,,1.0,1.0,1.0,1.0,2.0,1.0,4.0,,5.0,4.0,4.0,9.0,6.0,,5.0,2.0,1.0,2.0,3.0,5.0,,3.0,2.0,,,13.0,,6.0,,1.0,6.0,2.0,9.0,6.0,15.0,2.0,1.0,1.0,,1.0,,,2.0,1.0,1.0,,1.0,3.0,1.0,2.0,4.0,,6.0,,,,4.0,,1.0,,,5.0,1.0,,,3.0,,,1.0,,,1.0,,1.0,1.0,,,26.0,5.0,7.0,,,0.5,0.5,0.6,0.45454545454545453,,0.25,0.5,0.3076923076923077,,0.5,0.4791666666666667,,0.4166666666666667,0.5192307692307693,0.1,0.4166666666666667,0.4583333333333333,0.07692307692307693,0.1111111111111111,,,0.3333333333333333,1.0,,0.75,0.6666666666666666,0.3333333333333333,,0.6363636363636364,0.42857142857142855,0.7142857142857143,1.0,,,,0.6666666666666666,1.0,0.6666666666666666,0.5,,0.15384615384615385,93.33333333333333,1.0,13.045454545454545,18.05,12.590909090909092,17.1,0.375,0.2222222222222222,0.25,1.0,0.041666666666666664,,,,0.125,0.6666666666666666,0.6666666666666666,,0.20833333333333334,0.6,0.6,1.0,0.25,0.3333333333333333,0.3333333333333333,,0.75,,,,,,0.25,,,,,0.16666666666666666,,0.5,0.3333333333333333,0.8333333333333334,0.4,0.5698,0.587825,0.48963999999999996,0.11538461538461539,0.2,,0.037037037037037035,0.18518518518518517,5.446153846153846,25.6,0.3181818181818182,,,,,1.0,,,,1610612739,2017,2016-17,False
201567-202684-202697-2210-2747,1610612739,"Kevin Love, Tristan Thompson, Iman Shumpert, Richard Jefferson, JR Smith","Love, Thompson, Shumpert, Jefferson, Smith",201567-202684-202697-2210-2747,CLE,637.0,4,11.0,3.0,21.0,20.0,4.0,2.0,2.0,41.0,1.0,1.0,,,,,4.0,7.0,1.0,7.0,1.0,1.0,1.0,1.0,1.0,1.0,2.0,2.0,,,1.0,1.0,6.0,15.0,3.0,3.0,,21.0,18.0,,,1.0,1.0,,3.0,,3.0,2.0,2.0,,6.0,2.0,10.0,9.0,,,2.0,2.0,1.0,1.0,3.0,4.0,2.0,1.0,,1.0,,11.0,,2.0,,3.0,5.0,,8.0,2.0,10.0,1.0,1.0,1.0,,3.0,,1.0,2.0,,2.0,,,5.0,1.0,,,,2.0,,,1.0,2.0,,,,,,,,,,,,2.0,,,2.0,,2.0,,1.0,,18.0,6.0,4.0,,,0.16666666666666666,0.16666666666666666,1.0,1.0,1.0,1.0,1.0,0.4,,,0.5833333333333334,1.5,0.6,0.5833333333333334,1.5,0.6,0.16666666666666666,0.06666666666666667,,0.14285714285714285,,0.6,,,0.625,0.25,0.75,,0.6666666666666666,0.25,,0.6666666666666666,,,,0.3333333333333333,1.0,0.75,1.0,0.5,0.14285714285714285,92.68445839874411,,16.047619047619047,15.0,15.714285714285714,13.25,0.05555555555555555,1.0,1.0,,0.3888888888888889,0.5714285714285714,0.6666666666666666,0.25,0.3888888888888889,0.14285714285714285,0.14285714285714285,,0.05555555555555555,1.0,1.0,1.0,0.1111111111111111,1.0,1.0,1.0,,,,1.0,1.0,1.0,,,,,,0.2,1.0,0.2,1.0,0.2222222222222222,1.0,0.39701111111111115,0.5655,0.43171,,,,0.14285714285714285,0.2857142857142857,12.566666666666666,26.133333333333336,0.19047619047619047,,1.0,,,,,,,1610612739,2017,2016-17,False
201567-202681-202697-2210-2399,1610612739,"Kevin Love, Kyrie Irving, Iman Shumpert, Richard Jefferson, Mike Dunleavy","Love, Irving, Shumpert, Jefferson, Dunleavy",201567-202681-202697-2210-2399,CLE,628.0,5,10.0,-3.0,20.0,21.0,7.0,,,41.0,3.0,3.0,,,,,,1.0,1.0,1.0,,,,,,,3.0,10.0,,,,3.0,4.0,5.0,3.0,10.0,5.0,22.0,25.0,,,,,,,,1.0,,3.0,3.0,3.0,6.0,2.0,3.0,6.0,,10.0,3.0,,3.0,1.0,4.0,1.0,,3.0,,,9.0,,,,4.0,5.0,1.0,10.0,,10.0,,,,,1.0,2.0,1.0,2.0,,,,,3.0,,2.0,2.0,,4.0,,1.0,,8.0,,,1.0,1.0,6.0,,,,2.0,,1.0,,,,,,,,,1.0,22.0,3.0,7.0,,1.0,0.75,0.75,0.3333333333333333,0.3,,,0.3,0.8,,,0.5666666666666667,,,0.6111111111111112,,0.25,0.6666666666666666,,,,,0.3333333333333333,1.0,,1.0,,0.8,,0.9,,,,,,,1.0,1.0,1.0,0.8,,,94.01273885350318,,14.55,16.047619047619047,14.55,15.333333333333334,0.2,1.0,1.0,1.0,0.06666666666666667,,,,0.06666666666666667,1.0,1.0,,,,,,0.6666666666666666,0.3,0.3,0.3333333333333333,,,,,,,,,,,,,,0.75,,0.8666666666666667,0.3,0.5429566666666666,,0.496175,0.11764705882352941,0.2857142857142857,,,0.13636363636363635,5.5200000000000005,25.380000000000003,0.35,,,,,,,,,1610612739,2017,2016-17,False
201567-202684-202697-202732-2210,1610612739,"Kevin Love, Tristan Thompson, Iman Shumpert, DeAndre Liggins, Richard Jefferson","Love, Thompson, Shumpert, Liggins, Jefferson",201567-202684-202697-202732-2210,CLE,626.0,7,10.0,4.0,22.0,21.0,6.0,12.0,2.0,43.0,2.0,4.0,,,1.0,1.0,3.0,4.0,4.0,5.0,,,,,,,2.0,5.0,,1.0,,2.0,9.0,13.0,2.0,5.0,3.0,27.0,23.0,,,,1.0,1.0,1.0,2.0,3.0,,2.0,3.0,7.0,6.0,12.0,3.0,3.0,,5.0,2.0,1.0,3.0,1.0,4.0,1.0,,1.0,1.0,1.0,9.0,,2.0,,2.0,7.0,,9.0,2.0,11.0,,,,,1.0,1.0,,2.0,,1.0,,,3.0,,,5.0,,10.0,,1.0,1.0,2.0,,,,,4.0,,,,,,2.0,2.0,,,1.0,1.0,2.0,2.0,,,26.0,7.0,6.0,1.0,2.0,0.3333333333333333,0.3333333333333333,0.5,0.4,,,0.4,0.6923076923076923,,0.6666666666666666,0.6666666666666666,,0.4,0.675,0.25,0.5,0.2777777777777778,0.07692307692307693,0.25,,,0.3333333333333333,,,0.875,0.5,0.6666666666666666,,0.8181818181818182,0.3333333333333333,0.5,1.0,,,,1.0,0.75,1.0,0.6666666666666666,,,98.91373801916933,1.0,13.727272727272727,15.428571428571429,13.227272727272727,15.380952380952381,0.2222222222222222,0.5,0.6666666666666666,0.5,0.2222222222222222,0.75,0.75,0.3333333333333333,0.2777777777777778,0.8,0.8,0.25,,,,,0.2777777777777778,0.4,0.4,0.5,,,,,,,1.0,,,0.2,1.0,,,0.4,,0.5,0.4,0.4368944444444444,0.4344,0.41333000000000003,,,,0.037037037037037035,0.25925925925925924,10.015384615384615,25.56,0.2727272727272727,,,,,,,,,1610612739,2017,2016-17,False
202681-202682-202684-202697-2594,1610612739,"Kyrie Irving, Derrick Williams, Tristan Thompson, Iman Shumpert, Kyle Korver","Irving, Williams, Thompson, Shumpert, Korver",202681-202682-202684-202697-2594,CLE,626.0,5,10.0,-1.0,23.0,24.0,8.0,,1.0,47.0,2.0,3.0,,,,,1.0,1.0,3.0,6.0,3.0,6.0,,,,1.0,,5.0,,1.0,,2.0,6.0,10.0,3.0,11.0,2.0,23.0,24.0,,,,1.0,,,3.0,3.0,,3.0,2.0,8.0,4.0,8.0,9.0,,,5.0,,1.0,2.0,3.0,5.0,,3.0,1.0,,1.0,13.0,,1.0,,3.0,5.0,,8.0,1.0,9.0,,4.0,4.0,,2.0,,2.0,1.0,,,,,3.0,,2.0,1.0,,1.0,,,,4.0,,,1.0,,3.0,,,1.0,1.0,,,1.0,,,1.0,,1.0,1.0,,,23.0,8.0,8.0,,,0.3333333333333333,0.3333333333333333,1.0,0.2727272727272727,,,0.2727272727272727,0.6,,1.0,0.5,,0.5,0.5,,0.5,0.5238095238095238,0.1,0.3333333333333333,,,0.6666666666666666,,,1.0,0.25,0.75,,0.8888888888888888,0.08333333333333333,1.0,,,,,1.0,1.0,1.0,1.0,,,108.1150159744409,1.0,14.521739130434783,12.166666666666666,14.304347826086957,12.125,0.14285714285714285,0.6666666666666666,1.0,0.5,0.047619047619047616,1.0,1.0,,0.2857142857142857,0.5,0.5,0.3333333333333333,0.2857142857142857,0.5,0.5,1.0,0.23809523809523808,,,,,,,,,,1.0,,,,,0.16666666666666666,,0.3333333333333333,,0.6666666666666666,,0.5334476190476191,0.5394,0.46305833333333335,0.045454545454545456,0.09090909090909091,,,0.34782608695652173,12.52,25.063636363636363,0.34782608695652173,1.0,,0.09090909090909091,0.2,,,,,1610612739,2017,2016-17,False
202732-203895-2365-2399-2592,1610612739,"DeAndre Liggins, Jordan McRae, Chris Andersen, Mike Dunleavy, James Jones","Liggins, McRae, Andersen, Dunleavy, Jones",202732-203895-2365-2399-2592,CLE,623.0,2,10.0,-2.0,22.0,23.0,13.0,14.0,,45.0,5.0,7.0,,,2.0,3.0,1.0,4.0,1.0,3.0,1.0,1.0,,,,,1.0,3.0,,,1.0,1.0,7.0,14.0,2.0,4.0,3.0,23.0,25.0,,,,,,,4.0,9.0,1.0,1.0,2.0,13.0,6.0,8.0,6.0,,,2.0,1.0,,3.0,2.0,5.0,1.0,1.0,2.0,1.0,,12.0,,,,3.0,4.0,,7.0,,7.0,,2.0,2.0,,2.0,1.0,,1.0,,2.0,,,3.0,,1.0,1.0,1.0,5.0,,,,3.0,1.0,1.0,,,3.0,1.0,,,1.0,,1.0,2.0,,,1.0,1.0,2.0,1.0,,,23.0,13.0,13.0,2.0,1.0,0.42857142857142855,0.42857142857142855,1.0,0.5,,1.0,0.6666666666666666,0.5,,0.4444444444444444,0.5555555555555556,,0.55,0.6052631578947368,,0.5909090909090909,0.2222222222222222,,,,,0.6666666666666666,,,0.8,,0.75,,0.7777777777777778,,,,,,,1.0,0.5,1.0,0.75,,,104.01284109149279,0.5,15.363636363636363,12.391304347826088,15.363636363636363,12.347826086956522,0.3888888888888889,0.7142857142857143,0.7142857142857143,0.4,0.2222222222222222,0.25,0.25,1.0,0.16666666666666666,0.3333333333333333,0.3333333333333333,,0.05555555555555555,1.0,1.0,1.0,0.16666666666666666,0.3333333333333333,0.3333333333333333,1.0,,,,,,,,,,0.3,0.6666666666666666,,,0.1,1.0,0.6111111111111112,0.5,0.5308676470588235,,0.474775,0.05555555555555555,0.07142857142857142,,,0.5652173913043478,6.8,29.45,0.5909090909090909,,,,,1.0,,,,1610612739,2017,2016-17,False
1627770-202732-203895-2365-2592,1610612739,"Kay Felder, DeAndre Liggins, Jordan McRae, Chris Andersen, James Jones","Felder, Liggins, McRae, Andersen, Jones",1627770-202732-203895-2365-2592,CLE,621.0,3,10.0,-1.0,22.0,21.0,15.0,17.0,,43.0,3.0,4.0,,,2.0,3.0,,1.0,2.0,3.0,2.0,3.0,,,2.0,2.0,2.0,3.0,,,1.0,2.0,5.0,8.0,4.0,6.0,2.0,24.0,25.0,,,,,,,3.0,5.0,3.0,4.0,1.0,16.0,4.0,6.0,12.0,,,3.0,2.0,,2.0,4.0,6.0,2.0,2.0,1.0,,1.0,16.0,,,,4.0,3.0,,7.0,,7.0,,2.0,,2.0,,1.0,,4.0,,,,1.0,4.0,,2.0,1.0,,6.0,,,1.0,3.0,,,,1.0,5.0,1.0,,,2.0,,1.0,1.0,,,,,1.0,1.0,,,24.0,16.0,15.0,2.0,1.0,0.4,0.4,1.0,0.6666666666666666,,0.75,0.6666666666666666,0.625,,0.6,0.7857142857142857,,0.8333333333333334,0.75,,0.7272727272727273,0.42857142857142855,,,,,,,,0.75,,0.6666666666666666,,0.7,,,,,,,1.0,0.5,1.0,0.6666666666666666,,,99.71014492753623,1.0,14.818181818181818,14.047619047619047,14.818181818181818,13.095238095238095,0.2857142857142857,0.75,0.75,0.3333333333333333,0.07142857142857142,,,,0.21428571428571427,0.6666666666666666,0.6666666666666666,0.5,0.21428571428571427,0.6666666666666666,0.6666666666666666,1.0,0.21428571428571427,0.6666666666666666,0.6666666666666666,1.0,,,,,,,,,,0.3333333333333333,0.6666666666666666,0.2222222222222222,1.0,0.2222222222222222,0.5,0.7142857142857143,0.6666666666666666,0.5380607142857142,,0.5326944444444445,0.13333333333333333,0.2222222222222222,,,0.6666666666666666,7.6375,24.5,0.6818181818181818,,,,,,1.0,,,1610612739,2017,2016-17,False
201567-202697-2210-2399-2544,1610612739,"Kevin Love, Iman Shumpert, Richard Jefferson, Mike Dunleavy, LeBron James","Love, Shumpert, Jefferson, Dunleavy, James",201567-202697-2210-2399-2544,CLE,614.0,4,10.0,-6.0,18.0,19.0,1.0,,1.0,37.0,5.0,6.0,1.0,1.0,,,2.0,2.0,,3.0,,3.0,,,,,1.0,3.0,,1.0,,1.0,7.0,11.0,1.0,6.0,,17.0,23.0,1.0,1.0,,1.0,,2.0,,,,1.0,,,6.0,8.0,3.0,,2.0,3.0,1.0,,3.0,1.0,4.0,1.0,,2.0,1.0,,9.0,2.0,,,,5.0,,5.0,2.0,7.0,1.0,,,,2.0,1.0,1.0,1.0,,1.0,,,3.0,,,,,3.0,,,,3.0,,,1.0,,1.0,,,,,,1.0,,,,,,,,,,15.0,,1.0,,,0.42857142857142855,0.5,1.0,0.16666666666666666,,,0.16666666666666666,0.6363636363636364,1.0,,0.5,0.5,,0.4722222222222222,0.5,,0.35294117647058826,,,,,0.6666666666666666,,,0.8333333333333334,,,0.5,0.5555555555555556,0.25,,,,1.0,0.3333333333333333,,1.0,1.0,,,0.125,86.77524429967427,,16.5,16.68421052631579,16.166666666666668,14.473684210526315,0.35294117647058826,0.8333333333333334,0.8333333333333334,0.4,0.11764705882352941,1.0,1.0,0.5,0.17647058823529413,,,,0.17647058823529413,,,,0.17647058823529413,0.3333333333333333,0.3333333333333333,1.0,0.5,1.0,,,,,0.5,,,,,,,1.0,,0.7058823529411765,0.3333333333333333,0.5410235294117647,,0.1827,,,,0.11764705882352941,,6.290909090909091,24.816666666666666,0.05555555555555555,,,,,,,,,1610612739,2017,2016-17,False
101112-1627770-2544-2592-2594,1610612739,"Channing Frye, Kay Felder, LeBron James, James Jones, Kyle Korver","Frye, Felder, James, Jones, Korver",101112-1627770-2544-2592-2594,CLE,607.0,1,10.0,-4.0,20.0,21.0,10.0,,2.0,41.0,1.0,2.0,,,1.0,2.0,1.0,2.0,1.0,1.0,2.0,3.0,,,1.0,1.0,1.0,5.0,,,1.0,4.0,3.0,5.0,3.0,8.0,6.0,21.0,25.0,1.0,1.0,,,1.0,3.0,1.0,2.0,2.0,5.0,2.0,10.0,6.0,,9.0,,,5.0,1.0,,3.0,3.0,6.0,1.0,2.0,1.0,1.0,1.0,15.0,,1.0,1.0,4.0,3.0,,7.0,2.0,9.0,1.0,3.0,3.0,,2.0,1.0,2.0,2.0,1.0,,,,4.0,,2.0,1.0,,1.0,,,,9.0,,,,,13.0,,,,4.0,1.0,1.0,2.0,,,2.0,,2.0,1.0,,,18.0,10.0,10.0,,1.0,1.0,1.0,1.0,0.375,,0.4,0.375,0.6,1.0,0.5,0.5769230769230769,1.0,0.5714285714285714,0.5526315789473685,0.75,0.625,0.6153846153846154,,,,,0.5,,0.3333333333333333,0.75,0.5,1.0,,0.875,0.14285714285714285,,1.0,,,,0.5,1.0,1.0,1.0,1.0,0.14285714285714285,97.2652388797364,0.5,14.25,15.333333333333334,13.65,15.19047619047619,0.15384615384615385,0.5,0.5,1.0,0.15384615384615385,0.5,0.5,1.0,0.07692307692307693,1.0,1.0,1.0,0.23076923076923078,0.6666666666666666,0.6666666666666666,1.0,0.38461538461538464,0.2,0.2,1.0,,,,,,,,,,0.2857142857142857,0.5,0.14285714285714285,1.0,0.5714285714285714,0.25,0.7692307692307693,0.2,0.5519807692307692,0.4353,0.6250142857142856,0.2777777777777778,0.4444444444444444,0.1111111111111111,0.14285714285714285,0.47619047619047616,8.28,24.875,0.5,,,,,,,,,1610612739,2017,2016-17,False
101114-202681-202684-2544-2747,1610612739,"Deron Williams, Kyrie Irving, Tristan Thompson, LeBron James, JR Smith","Williams, Irving, Thompson, James, Smith",101114-202681-202684-2544-2747,CLE,569.0,5,9.0,-3.0,17.0,16.0,3.0,7.0,4.0,33.0,4.0,4.0,1.0,1.0,,,,4.0,4.0,5.0,1.0,3.0,,1.0,,,1.0,3.0,,1.0,,1.0,8.0,13.0,2.0,6.0,,22.0,25.0,1.0,1.0,,2.0,,2.0,2.0,3.0,,1.0,,4.0,4.0,12.0,6.0,,2.0,3.0,1.0,1.0,2.0,2.0,4.0,1.0,1.0,2.0,,,10.0,,3.0,,,2.0,,2.0,3.0,5.0,,,,,1.0,,1.0,,,,,,1.0,1.0,,1.0,,4.0,,1.0,,1.0,1.0,,,,,,,,,,,,,,,,,,,,20.0,4.0,3.0,,,0.25,0.2857142857142857,1.0,0.3333333333333333,,,0.3333333333333333,0.6153846153846154,1.0,0.6666666666666666,0.5789473684210527,0.3333333333333333,0.5,0.5789473684210527,0.3333333333333333,0.5,0.3157894736842105,0.07692307692307693,,,0.2,1.0,,,0.4,0.6,,,0.2,0.3333333333333333,,0.75,,,,0.5,,1.0,,,,83.51493848857646,,17.705882352941178,16.75,16.470588235294116,14.0,0.21052631578947367,1.0,1.0,0.5,0.21052631578947367,,,,0.2631578947368421,0.8,1.0,,0.15789473684210525,0.3333333333333333,0.3333333333333333,1.0,0.15789473684210525,0.3333333333333333,0.3333333333333333,1.0,0.3333333333333333,1.0,,0.3333333333333333,,,0.3333333333333333,,,,,,,0.25,,0.5263157894736842,0.3333333333333333,0.5129526315789473,0.6077,0.4019625,,,,0.09090909090909091,0.18181818181818182,9.923076923076923,24.233333333333334,0.17647058823529413,,,,,,,,,1610612739,2017,2016-17,False
201567-202681-2399-2544-2747,1610612739,"Kevin Love, Kyrie Irving, Mike Dunleavy, LeBron James, JR Smith","Love, Irving, Dunleavy, James, Smith",201567-202681-2399-2544-2747,CLE,564.0,3,9.0,-6.0,18.0,16.0,5.0,8.0,1.0,34.0,3.0,5.0,,1.0,,1.0,1.0,2.0,,1.0,1.0,1.0,,,,,2.0,4.0,,,,1.0,4.0,8.0,3.0,5.0,1.0,18.0,24.0,,1.0,,,,,1.0,2.0,,1.0,1.0,3.0,4.0,4.0,9.0,,,4.0,2.0,1.0,2.0,3.0,5.0,2.0,1.0,2.0,,,13.0,,,,1.0,1.0,1.0,3.0,,3.0,,1.0,1.0,,1.0,2.0,,3.0,,1.0,,,4.0,,1.0,4.0,1.0,9.0,,1.0,1.0,6.0,1.0,,,,3.0,1.0,,,1.0,,1.0,,,,,,,,,,18.0,3.0,5.0,2.0,1.0,0.5,0.5,1.0,0.6,,,0.6,0.5,,0.5,0.6538461538461539,,0.3333333333333333,0.6428571428571429,,0.375,0.38461538461538464,0.125,0.2,,,0.25,1.0,,0.5,,0.5,,0.5,,,,,,,,1.0,,1.0,,,86.80851063829788,,17.555555555555557,15.5,16.444444444444443,14.375,0.38461538461538464,0.6,0.75,0.6666666666666666,0.15384615384615385,0.5,0.5,,0.07692307692307693,,,,0.07692307692307693,1.0,1.0,1.0,0.3076923076923077,0.5,0.5,1.0,1.0,,,,,,,,,0.3333333333333333,,,,0.3333333333333333,,0.7692307692307693,0.5,0.45232307692307694,0.3439,0.37126666666666663,0.07692307692307693,0.125,,,0.16666666666666666,5.25,24.86,0.2777777777777778,,,,,,,,,1610612739,2017,2016-17,False
101112-202697-2210-2544-2594,1610612739,"Channing Frye, Iman Shumpert, Richard Jefferson, LeBron James, Kyle Korver","Frye, Shumpert, Jefferson, James, Korver",101112-202697-2210-2544-2594,CLE,555.0,4,9.0,1.0,20.0,19.0,7.0,1.0,2.0,39.0,4.0,5.0,1.0,1.0,1.0,1.0,,,1.0,3.0,1.0,4.0,,,1.0,2.0,3.0,7.0,,,1.0,3.0,5.0,8.0,4.0,11.0,1.0,23.0,22.0,1.0,1.0,,,,2.0,1.0,2.0,2.0,5.0,,8.0,6.0,4.0,3.0,9.0,2.0,7.0,3.0,,3.0,1.0,4.0,,1.0,3.0,,,9.0,2.0,,,4.0,1.0,,5.0,2.0,7.0,,1.0,1.0,,2.0,,1.0,,,1.0,,,2.0,,1.0,5.0,1.0,5.0,,,,6.0,,,1.0,,3.0,,,1.0,1.0,,,,,,,,,,,,21.0,8.0,7.0,,,0.6,0.75,0.25,0.36363636363636365,,0.4,0.36363636363636365,0.625,1.0,0.5,0.5789473684210527,1.0,0.5714285714285714,0.55,0.5,0.5714285714285714,0.5789473684210527,,,,,1.0,,,1.0,,0.8,0.2857142857142857,0.8333333333333334,0.2222222222222222,,,,,0.6666666666666666,,,1.0,0.6666666666666666,1.0,,101.1891891891892,,14.5,13.947368421052632,14.4,13.526315789473685,0.2631578947368421,0.8,0.8,0.75,,,,,0.15789473684210525,0.3333333333333333,0.3333333333333333,,0.21052631578947367,0.25,0.25,1.0,0.3684210526315789,0.42857142857142855,0.5,,1.0,1.0,,,,,,,,0.14285714285714285,1.0,0.2857142857142857,0.5,0.42857142857142855,0.3333333333333333,0.8421052631578947,0.42857142857142855,0.5333578947368421,,0.5686857142857142,0.05,0.1111111111111111,,0.08695652173913043,0.34782608695652173,6.8625,25.09090909090909,0.35,1.0,,0.09090909090909091,0.14285714285714285,,,,,1610612739,2017,2016-17,False
201567-202681-202684-202697-2399,1610612739,"Kevin Love, Kyrie Irving, Tristan Thompson, Iman Shumpert, Mike Dunleavy","Love, Irving, Thompson, Shumpert, Dunleavy",201567-202681-202684-202697-2399,CLE,554.0,4,9.0,,19.0,20.0,6.0,,3.0,39.0,4.0,6.0,1.0,2.0,1.0,1.0,,2.0,2.0,5.0,1.0,3.0,,,1.0,1.0,,3.0,,,,2.0,6.0,13.0,1.0,6.0,4.0,19.0,19.0,1.0,2.0,,,2.0,4.0,1.0,2.0,1.0,3.0,2.0,7.0,4.0,8.0,3.0,,2.0,3.0,,2.0,2.0,1.0,3.0,,1.0,2.0,,,7.0,2.0,1.0,,2.0,8.0,,10.0,3.0,13.0,,1.0,1.0,,,,,1.0,,,,,1.0,,1.0,1.0,,5.0,,,1.0,2.0,,1.0,,,4.0,,,,1.0,,1.0,3.0,,,1.0,2.0,3.0,2.0,,,15.0,7.0,6.0,,1.0,0.3333333333333333,0.4,1.0,0.16666666666666666,,0.3333333333333333,0.16666666666666666,0.46153846153846156,0.5,0.5,0.39473684210526316,0.5,0.5,0.4523809523809524,0.6666666666666666,0.5833333333333334,0.3157894736842105,0.15384615384615385,0.16666666666666666,0.5,,,,,0.8,0.14285714285714285,0.6666666666666666,0.4,0.7692307692307693,0.25,,,0.3333333333333333,0.6666666666666666,,1.0,0.7142857142857143,1.0,0.6666666666666666,,,101.37184115523466,0.6666666666666666,14.210526315789474,14.2,13.368421052631579,12.95,0.3157894736842105,0.6666666666666666,0.8,0.5,0.10526315789473684,,,,0.2631578947368421,0.4,0.4,,0.15789473684210525,0.3333333333333333,0.3333333333333333,1.0,0.15789473684210525,,,,1.0,0.5,,,,,,,,0.2,1.0,0.2,1.0,0.4,,0.631578947368421,,0.5544947368421053,0.6769,0.60517,0.05,0.07142857142857142,,0.21052631578947367,0.3684210526315789,8.623076923076923,24.849999999999998,0.3157894736842105,,,,,,,,,1610612739,2017,2016-17,False
1627770-202684-2210-2544-2594,1610612739,"Kay Felder, Tristan Thompson, Richard Jefferson, LeBron James, Kyle Korver","Felder, Thompson, Jefferson, James, Korver",1627770-202684-2210-2544-2594,CLE,543.0,4,9.0,-2.0,19.0,20.0,7.0,14.0,1.0,39.0,3.0,5.0,,,2.0,4.0,,3.0,2.0,2.0,2.0,3.0,,,,1.0,,3.0,,,,,5.0,10.0,2.0,6.0,3.0,19.0,21.0,,1.0,,,,,3.0,6.0,,1.0,,6.0,8.0,2.0,6.0,,,3.0,,2.0,4.0,2.0,6.0,,2.0,2.0,,2.0,14.0,,2.0,,2.0,4.0,,6.0,2.0,8.0,,2.0,1.0,1.0,4.0,,3.0,,,1.0,,,4.0,,2.0,1.0,,2.0,,,,4.0,,,1.0,,3.0,1.0,,,2.0,,,2.0,,,2.0,,2.0,,,,19.0,6.0,7.0,1.0,,0.8,0.8,1.0,0.3333333333333333,,,0.3333333333333333,0.5,,0.5,0.5,,0.42857142857142855,0.5588235294117647,,0.42857142857142855,0.375,0.2,0.2,0.3333333333333333,,1.0,,,0.6666666666666666,0.4,1.0,,0.75,0.2222222222222222,1.0,,,,,,1.0,1.0,1.0,,,103.42541436464087,,14.68421052631579,13.2,14.578947368421053,12.2,0.3125,0.6,0.75,0.6666666666666666,0.1875,,,,0.125,1.0,1.0,1.0,0.1875,0.6666666666666666,0.6666666666666666,1.0,0.1875,,,,,,,,,,,,,0.5714285714285714,0.5,0.14285714285714285,,,,0.6875,,0.512921875,0.4197,0.5078357142857143,0.11764705882352941,0.18181818181818182,,,0.3157894736842105,7.74,24.349999999999998,0.3684210526315789,,,,,,,,,1610612739,2017,2016-17,False
101112-202682-202697-2544-2594,1610612739,"Channing Frye, Derrick Williams, Iman Shumpert, LeBron James, Kyle Korver","Frye, Williams, Shumpert, James, Korver",101112-202682-202697-2544-2594,CLE,531.0,3,9.0,1.0,15.0,14.0,,,,29.0,4.0,5.0,,,,,,,1.0,3.0,1.0,1.0,,,,,,3.0,,,,,5.0,8.0,1.0,4.0,,13.0,12.0,,,,,,,,,,,,,6.0,4.0,3.0,,,3.0,,1.0,3.0,1.0,4.0,,1.0,2.0,,1.0,9.0,,,,1.0,3.0,,4.0,,4.0,,1.0,1.0,,,1.0,,3.0,1.0,,1.0,,3.0,,,1.0,,1.0,,,,2.0,,1.0,,,,,,,,,,,,,,,,,,,13.0,,,,,0.6,0.6,1.0,0.25,,,0.25,0.625,,,0.5416666666666666,,,0.5416666666666666,,,0.3333333333333333,0.125,,,0.3333333333333333,,,,0.6,,0.3333333333333333,,0.5,,,,,,,0.5,0.5,1.0,0.3333333333333333,,,78.64406779661017,,18.4,18.214285714285715,18.4,16.571428571428573,0.4166666666666667,0.8,0.8,0.5,,,,,0.25,0.3333333333333333,0.5,1.0,0.08333333333333333,1.0,1.0,1.0,0.25,,,,,,,,,,,,,,,,,,,0.75,,0.5633666666666667,,,,,,,,6.3625,25.825,,,,,,,,,,1610612739,2017,2016-17,False
202681-202684-202697-202732-2210,1610612739,"Kyrie Irving, Tristan Thompson, Iman Shumpert, DeAndre Liggins, Richard Jefferson","Irving, Thompson, Shumpert, Liggins, Jefferson",202681-202684-202697-202732-2210,CLE,523.0,3,9.0,-16.0,17.0,18.0,12.0,7.0,3.0,35.0,3.0,5.0,1.0,1.0,2.0,4.0,2.0,4.0,,5.0,,1.0,,,,1.0,,,,,,,5.0,14.0,,1.0,1.0,11.0,27.0,2.0,2.0,,,,4.0,4.0,9.0,,1.0,1.0,9.0,4.0,6.0,,,2.0,,,4.0,2.0,,2.0,,,,2.0,,4.0,,4.0,,1.0,2.0,,3.0,4.0,7.0,,1.0,1.0,,4.0,,3.0,,,1.0,,,4.0,1.0,3.0,2.0,,4.0,,,,3.0,,,1.0,,2.0,,,,1.0,,,2.0,,,2.0,,2.0,,,,7.0,9.0,12.0,1.0,,0.4,0.5,,,,,,0.35714285714285715,1.0,0.4444444444444444,0.3333333333333333,1.0,0.4,0.34375,1.0,0.4090909090909091,0.06666666666666667,0.2857142857142857,0.4,0.5,,1.0,,,0.4,0.4444444444444444,1.0,,0.5,0.4,,0.5,0.6,,,,,1.0,1.0,,,96.36711281070745,,19.352941176470587,10.777777777777779,18.470588235294116,10.666666666666666,0.3333333333333333,0.6,1.0,,0.26666666666666666,0.5,1.0,1.0,0.3333333333333333,,,,0.06666666666666667,,,,,,,,0.5,1.0,,,,,,,,0.4,0.5,0.1,,,,0.4,,0.49667666666666666,0.6065,0.500305,0.0625,0.06666666666666667,,0.36363636363636365,0.8181818181818182,9.521428571428572,22.5,0.7058823529411765,,,,,,,,,1610612739,2017,2016-17,False
202684-202697-2210-2399-2544,1610612739,"Tristan Thompson, Iman Shumpert, Richard Jefferson, Mike Dunleavy, LeBron James","Thompson, Shumpert, Jefferson, Dunleavy, James",202684-202697-2210-2399-2544,CLE,521.0,4,9.0,6.0,17.0,18.0,2.0,3.0,1.0,35.0,3.0,3.0,1.0,1.0,,,2.0,2.0,,1.0,,1.0,,,,,2.0,4.0,,,1.0,1.0,5.0,6.0,2.0,5.0,7.0,23.0,17.0,1.0,1.0,,,,2.0,,,1.0,1.0,1.0,4.0,4.0,6.0,3.0,3.0,,4.0,2.0,,2.0,1.0,3.0,1.0,,2.0,,,7.0,1.0,,,3.0,5.0,,8.0,1.0,9.0,,2.0,,2.0,3.0,1.0,3.0,1.0,,,,,4.0,,1.0,,,1.0,,1.0,,5.0,,,,1.0,8.0,,,,4.0,,,,,,,,,,,,21.0,4.0,2.0,,,0.4,0.4,0.5,0.4,,1.0,0.4,0.8333333333333334,1.0,,0.7272727272727273,1.0,1.5,0.7666666666666667,1.0,1.0,0.45454545454545453,,,,,0.75,,,0.8333333333333334,,1.0,0.3333333333333333,0.8888888888888888,0.25,,,,0.5,,1.0,1.0,0.75,1.0,,,96.73704414587331,,15.294117647058824,14.5,14.588235294117647,13.555555555555555,0.2727272727272727,1.0,1.0,0.6666666666666666,0.18181818181818182,1.0,1.0,,0.09090909090909091,,,,0.09090909090909091,,,,0.36363636363636365,0.5,0.6666666666666666,0.5,1.0,1.0,1.0,,,,,,,,,,,1.0,1.0,0.7272727272727273,0.5,0.5517318181818182,,0.40515,0.26666666666666666,0.4,,0.08695652173913043,0.17391304347826086,8.5,25.46,0.11764705882352941,1.0,,0.2,0.25,,,,,1610612739,2017,2016-17,False
202681-202697-2210-2544-2747,1610612739,"Kyrie Irving, Iman Shumpert, Richard Jefferson, LeBron James, JR Smith","Irving, Shumpert, Jefferson, James, Smith",202681-202697-2210-2544-2747,CLE,519.0,2,9.0,8.0,20.0,20.0,15.0,10.0,,40.0,6.0,6.0,,,5.0,5.0,,,2.0,2.0,,,,,,,2.0,4.0,,,2.0,3.0,8.0,8.0,2.0,4.0,10.0,32.0,24.0,,,,,,,5.0,5.0,2.0,3.0,10.0,26.0,4.0,12.0,,6.0,,4.0,2.0,,2.0,,2.0,,,1.0,,1.0,4.0,,,,2.0,4.0,2.0,8.0,,8.0,,1.0,1.0,,2.0,,1.0,,,1.0,,,2.0,,1.0,3.0,,5.0,,,,6.0,,,,,11.0,1.0,,,3.0,,3.0,,,,,,,,1.0,,32.0,26.0,15.0,1.0,3.0,0.25,0.25,,0.5,,0.6666666666666666,0.5,1.0,,1.0,0.9166666666666666,,1.0,0.9411764705882353,,1.0,0.3333333333333333,,,,,1.0,1.0,,0.8,,0.5,,0.6666666666666666,,,,,,,,0.6666666666666666,1.0,0.5,,,110.98265895953757,,11.3,14.65,11.3,14.5,0.5,1.0,1.0,0.16666666666666666,,,,,0.16666666666666666,1.0,1.0,0.5,,,,,0.3333333333333333,0.5,0.5,,,,,,,,,,,0.625,1.0,,,0.375,0.6666666666666666,0.8333333333333334,0.5,0.5886166666666667,,0.61959375,0.21428571428571427,0.3,,,0.8125,4.5,25.25,0.75,,,,,,,,,1610612739,2017,2016-17,False
101112-201567-202697-2210-2399,1610612739,"Channing Frye, Kevin Love, Iman Shumpert, Richard Jefferson, Mike Dunleavy","Frye, Love, Shumpert, Jefferson, Dunleavy",101112-201567-202697-2210-2399,CLE,517.0,4,9.0,-2.0,17.0,18.0,3.0,2.0,3.0,35.0,1.0,5.0,1.0,1.0,,,1.0,4.0,3.0,5.0,,1.0,,1.0,,,1.0,1.0,1.0,1.0,,,5.0,14.0,1.0,2.0,3.0,16.0,18.0,1.0,1.0,1.0,2.0,,5.0,1.0,2.0,,,1.0,3.0,8.0,2.0,3.0,,,1.0,1.0,,4.0,1.0,5.0,1.0,,1.0,1.0,2.0,11.0,,3.0,,2.0,6.0,1.0,9.0,3.0,12.0,1.0,,,,1.0,,1.0,1.0,,,1.0,,2.0,,,1.0,,2.0,,1.0,,2.0,,,,,4.0,,,,1.0,,1.0,2.0,,,1.0,,2.0,2.0,,,11.0,3.0,3.0,,1.0,0.8,0.8,1.0,0.5,0.5,,0.5,0.35714285714285715,1.0,0.5,0.40625,0.8333333333333334,0.5,0.4444444444444444,0.8333333333333334,0.5,0.125,,,,,0.5,1.0,,1.0,0.3333333333333333,0.5,,0.8,0.3,0.5,,0.5,,,1.0,1.0,1.0,0.3333333333333333,1.0,0.1,97.48549323017407,1.0,14.882352941176471,14.666666666666666,14.0,13.38888888888889,0.3125,0.2,0.2,1.0,0.25,0.25,0.25,1.0,0.3125,0.6,0.6,0.6666666666666666,0.0625,,,,0.0625,1.0,1.0,1.0,0.3333333333333333,1.0,1.0,0.3333333333333333,,,0.3333333333333333,1.0,1.0,,,,,,,0.4375,1.0,0.499703125,0.67455,0.3937,0.058823529411764705,0.06666666666666667,,0.3125,0.1875,9.135714285714286,24.8,0.17647058823529413,,,,,,1.0,,,1610612739,2017,2016-17,False
101112-202681-2210-2544-2594,1610612739,"Channing Frye, Kyrie Irving, Richard Jefferson, LeBron James, Kyle Korver","Frye, Irving, Jefferson, James, Korver",101112-202681-2210-2544-2594,CLE,515.0,6,9.0,2.0,17.0,14.0,4.0,1.0,2.0,31.0,3.0,4.0,1.0,1.0,,,,2.0,1.0,2.0,1.0,2.0,,,,,,2.0,,,,1.0,4.0,8.0,1.0,4.0,11.0,22.0,20.0,1.0,2.0,,,1.0,3.0,,,,1.0,4.0,4.0,2.0,6.0,3.0,,2.0,2.0,,,1.0,1.0,2.0,,1.0,1.0,,,5.0,1.0,2.0,,1.0,2.0,,3.0,3.0,6.0,2.0,1.0,1.0,,2.0,,2.0,,,,,,2.0,,,2.0,,4.0,,1.0,,7.0,,,,,12.0,,,,6.0,,,,,,,,,,,,19.0,4.0,4.0,,,0.25,0.3333333333333333,1.0,0.25,,,0.25,0.5,0.5,,0.4583333333333333,0.5,,0.6111111111111112,0.5,0.6666666666666666,0.3333333333333333,,,,,1.0,,,1.0,0.5,0.3333333333333333,0.5,0.6,0.5,1.0,,1.0,,1.0,,,1.0,,1.0,0.3333333333333333,86.67961165048543,,16.705882352941178,16.5,15.882352941176471,16.142857142857142,0.3333333333333333,0.75,0.75,0.3333333333333333,0.16666666666666666,,,,0.16666666666666666,0.5,0.5,,0.16666666666666666,0.5,0.5,1.0,0.16666666666666666,,,,0.5,1.0,,,,,,,,,,,,1.0,,0.6666666666666666,,0.5123125000000001,0.5989,0.3861,0.3333333333333333,0.42857142857142855,,0.13636363636363635,0.18181818181818182,8.2,23.825,0.23529411764705882,,,,,,,,,1610612739,2017,2016-17,False
101112-202681-202684-2210-2594,1610612739,"Channing Frye, Kyrie Irving, Tristan Thompson, Richard Jefferson, Kyle Korver","Frye, Irving, Thompson, Jefferson, Korver",101112-202681-202684-2210-2594,CLE,512.0,5,9.0,10.0,18.0,16.0,7.0,,2.0,34.0,4.0,6.0,1.0,1.0,2.0,4.0,1.0,4.0,2.0,3.0,,,,,,,2.0,5.0,,,,1.0,7.0,13.0,2.0,5.0,2.0,22.0,12.0,1.0,1.0,,,,2.0,4.0,7.0,,1.0,,8.0,8.0,6.0,6.0,,2.0,5.0,2.0,,4.0,2.0,6.0,2.0,,3.0,1.0,,14.0,,2.0,,1.0,6.0,,7.0,2.0,9.0,1.0,,,,,,,1.0,1.0,,,,1.0,1.0,,1.0,,3.0,,,,2.0,,1.0,,,2.0,,,,1.0,,,2.0,,,1.0,1.0,2.0,2.0,,,20.0,8.0,7.0,,,0.5714285714285714,0.6666666666666666,1.0,0.4,,,0.4,0.5384615384615384,1.0,0.5714285714285714,0.5555555555555556,1.0,0.5,0.5789473684210527,1.0,0.5,0.2777777777777778,,,,,,,,0.8571428571428571,0.3333333333333333,1.0,,0.875,0.2222222222222222,0.5,0.3333333333333333,,,,0.5,1.0,1.0,,1.0,0.1111111111111111,95.625,1.0,14.444444444444445,15.75,13.61111111111111,15.6875,0.3333333333333333,0.6666666666666666,0.6666666666666666,0.75,0.2222222222222222,0.25,0.25,1.0,0.16666666666666666,0.6666666666666666,0.6666666666666666,,,,,,0.2777777777777778,0.4,0.4,1.0,1.0,1.0,,,,,,,,0.5,0.5,,,0.125,,0.6111111111111112,0.4,0.5627222222222222,0.623,0.5582875,0.05263157894736842,0.07142857142857142,,0.09090909090909091,0.36363636363636365,6.2153846153846155,26.1,0.3888888888888889,,,,,,,,,1610612739,2017,2016-17,False
101112-202681-202682-2210-2594,1610612739,"Channing Frye, Kyrie Irving, Derrick Williams, Richard Jefferson, Kyle Korver","Frye, Irving, Williams, Jefferson, Korver",101112-202681-202682-2210-2594,CLE,507.0,3,8.0,-3.0,17.0,17.0,3.0,4.0,,34.0,2.0,3.0,,,1.0,2.0,1.0,3.0,2.0,4.0,,1.0,,,,,2.0,3.0,,,,,5.0,10.0,2.0,4.0,1.0,17.0,20.0,,,,,,,1.0,3.0,,,,2.0,4.0,6.0,6.0,,,3.0,2.0,,2.0,2.0,4.0,2.0,,1.0,,1.0,10.0,,,,1.0,4.0,,5.0,,5.0,,,,,2.0,,1.0,,,1.0,,,2.0,,,2.0,,4.0,,,,3.0,,,,,2.0,,,,1.0,,,2.0,,,2.0,,2.0,,,,17.0,2.0,3.0,,,0.4,0.4,1.0,0.5,,,0.5,0.5,,0.3333333333333333,0.5714285714285714,,0.3333333333333333,0.5666666666666667,,0.3333333333333333,0.2857142857142857,,,,,1.0,,,0.6666666666666666,,0.3333333333333333,,0.5555555555555556,,,,,,,0.5,1.0,1.0,1.0,,,96.56804733727812,,14.352941176470589,15.470588235294118,14.352941176470589,14.764705882352942,0.21428571428571427,0.6666666666666666,0.6666666666666666,0.5,0.21428571428571427,0.3333333333333333,0.3333333333333333,,0.2857142857142857,0.5,0.5,0.5,0.07142857142857142,,,,0.21428571428571427,0.6666666666666666,0.6666666666666666,1.0,,,,,,,,,,0.6666666666666666,0.5,,,,,0.5,0.6666666666666666,0.46461785714285714,,0.36236666666666667,0.06666666666666667,0.09090909090909091,,,0.11764705882352941,11.75,24.95,0.17647058823529413,,,,,,,,,1610612739,2017,2016-17,False
101112-202681-2210-2544-2747,1610612739,"Channing Frye, Kyrie Irving, Richard Jefferson, LeBron James, JR Smith","Frye, Irving, Jefferson, James, Smith",101112-202681-2210-2544-2747,CLE,505.0,7,8.0,12.0,16.0,14.0,1.0,1.0,1.0,30.0,3.0,3.0,,,,,,,1.0,2.0,3.0,4.0,,,,,2.0,5.0,1.0,1.0,,2.0,4.0,5.0,5.0,9.0,2.0,25.0,13.0,,,1.0,1.0,,3.0,,,,2.0,,,4.0,4.0,12.0,3.0,,4.0,2.0,,2.0,4.0,6.0,2.0,2.0,1.0,,1.0,16.0,,,,3.0,5.0,,8.0,,8.0,,,,,,,,1.0,,,,,1.0,,,2.0,,5.0,,,,,,,,,3.0,,,1.0,1.0,,,,,,,,,,,,22.0,,1.0,,,0.5,0.5,0.8,0.5555555555555556,1.0,,0.625,0.8,,,0.8214285714285714,1.5,,0.8,1.5,,0.6428571428571429,,,,,,,,0.5555555555555556,,0.75,,0.6153846153846154,,,,,,,0.6666666666666666,0.5,0.5,0.75,,,85.54455445544555,,13.625,20.5,13.125,18.571428571428573,0.21428571428571427,1.0,1.0,0.3333333333333333,,,,,0.14285714285714285,0.5,0.5,1.0,0.2857142857142857,0.75,0.75,0.6666666666666666,0.35714285714285715,0.4,0.4,1.0,,,,,,,1.0,1.0,1.0,,,,,1.0,,0.8571428571428571,0.5,0.5696307692307692,0.4116,0.4257,0.06666666666666667,0.16666666666666666,,0.12,,8.32,26.266666666666666,0.0625,,,,,1.0,,,,1610612739,2017,2016-17,False
101112-101114-202697-2594-2747,1610612739,"Channing Frye, Deron Williams, Iman Shumpert, Kyle Korver, JR Smith","Frye, Williams, Shumpert, Korver, Smith",101112-101114-202697-2594-2747,CLE,498.0,1,8.0,4.0,16.0,17.0,6.0,,1.0,33.0,1.0,2.0,,,,,,1.0,3.0,3.0,1.0,2.0,,1.0,1.0,2.0,3.0,7.0,,,,4.0,4.0,6.0,4.0,9.0,2.0,22.0,18.0,,,,1.0,,,,,1.0,6.0,2.0,5.0,2.0,6.0,9.0,3.0,,7.0,3.0,,1.0,3.0,4.0,2.0,1.0,,,1.0,11.0,2.0,,,4.0,5.0,,9.0,2.0,11.0,,1.0,1.0,,2.0,,2.0,,,,,,2.0,,1.0,1.0,,1.0,,,,3.0,,,,,4.0,,,,1.0,,1.0,1.0,,,,1.0,1.0,,,1.0,22.0,5.0,6.0,,1.0,0.25,0.25,0.75,0.4444444444444444,,0.16666666666666666,0.4444444444444444,0.6666666666666666,,,0.6666666666666666,,0.25,0.6470588235294118,,0.3125,0.6,,,,,1.0,,,0.8333333333333334,,1.0,0.4,0.9,0.2857142857142857,,,,0.5,,1.0,0.5,1.0,1.0,,,95.42168674698794,,13.6875,16.41176470588235,12.625,15.529411764705882,0.13333333333333333,0.5,0.5,,0.06666666666666667,,,,0.2,1.0,1.0,0.3333333333333333,0.13333333333333333,0.5,0.5,1.0,0.4666666666666667,0.42857142857142855,0.42857142857142855,0.6666666666666666,,,,1.0,,,,,,,,0.3333333333333333,0.5,0.6666666666666666,,0.7333333333333333,0.42857142857142855,0.5276233333333333,,0.5631,0.0625,0.14285714285714285,,,0.22727272727272727,10.216666666666667,24.422222222222224,0.375,,,,,,,,,1610612739,2017,2016-17,False
101114-202681-202682-202684-2747,1610612739,"Deron Williams, Kyrie Irving, Derrick Williams, Tristan Thompson, JR Smith","Williams, Irving, Williams, Thompson, Smith",101114-202681-202682-202684-2747,CLE,498.0,4,8.0,-18.0,18.0,17.0,4.0,4.0,1.0,35.0,,3.0,,1.0,,,,4.0,,1.0,,1.0,,,,,1.0,7.0,,,,1.0,,8.0,1.0,8.0,3.0,6.0,24.0,,1.0,,,,,,1.0,,1.0,2.0,2.0,,,3.0,,,7.0,1.0,1.0,,1.0,1.0,1.0,,,,,3.0,,3.0,,1.0,3.0,,4.0,3.0,7.0,,1.0,1.0,,2.0,,2.0,,,,,,2.0,1.0,1.0,3.0,,3.0,,,,5.0,,,1.0,,6.0,,,,3.0,,,,,,,,,,,,6.0,2.0,4.0,,,,,1.0,0.125,,,0.125,,,,0.09375,,,0.15789473684210525,,0.3333333333333333,0.5,0.125,,0.25,,1.0,,,0.75,0.375,1.0,,0.8,0.2,1.0,,,,,1.0,0.5,1.0,1.0,,,101.20481927710843,,18.833333333333332,9.352941176470589,17.88888888888889,9.294117647058824,0.1875,,,,0.25,,,,0.0625,,,,0.0625,,,,0.4375,0.14285714285714285,0.14285714285714285,1.0,1.0,,,,,,,,,,,,,0.5,,0.6875,0.14285714285714285,0.462303125,0.6573,0.397725,0.15789473684210525,0.2727272727272727,,,0.3333333333333333,6.0125,25.2625,0.2222222222222222,,,,,,,,,1610612739,2017,2016-17,False
101114-201567-2210-2544-2747,1610612739,"Deron Williams, Kevin Love, Richard Jefferson, LeBron James, JR Smith","Williams, Love, Jefferson, James, Smith",101114-201567-2210-2544-2747,CLE,494.0,3,8.0,3.0,15.0,17.0,4.0,4.0,2.0,32.0,7.0,10.0,1.0,1.0,2.0,3.0,,1.0,,,,,,,,,1.0,6.0,,1.0,,1.0,7.0,11.0,1.0,6.0,3.0,20.0,17.0,1.0,1.0,,1.0,,2.0,2.0,4.0,,1.0,3.0,7.0,10.0,4.0,3.0,,2.0,6.0,1.0,2.0,5.0,1.0,6.0,1.0,,5.0,,,13.0,,2.0,1.0,1.0,3.0,1.0,5.0,3.0,8.0,,2.0,1.0,1.0,1.0,,1.0,,,,,,1.0,,1.0,2.0,,2.0,,,,6.0,,,,,5.0,2.0,,,2.0,1.0,,,,,,,,,,,18.0,7.0,4.0,,,0.7142857142857143,0.8333333333333334,1.0,0.16666666666666666,,,0.16666666666666666,0.6363636363636364,1.0,0.5,0.5,0.5,0.4,0.5555555555555556,0.5,0.5833333333333334,0.35294117647058826,0.18181818181818182,0.2,,,1.0,1.0,0.5,1.0,0.5,0.3333333333333333,,0.6666666666666666,0.2222222222222222,0.6666666666666666,,,,,1.0,1.0,,,1.0,,93.27935222672066,,17.066666666666666,14.0,16.4,13.941176470588236,0.5882352941176471,0.7,0.875,0.7142857142857143,0.058823529411764705,,,,,,,,,,,,0.35294117647058826,0.16666666666666666,0.16666666666666666,1.0,0.5,1.0,,,,,0.5,,,0.6,0.6666666666666666,,,0.2,,0.9411764705882353,0.16666666666666666,0.6133205882352941,0.621325,0.57575,0.16666666666666666,0.18181818181818182,0.14285714285714285,0.1,0.35,1.6727272727272726,25.233333333333334,0.26666666666666666,,,,,,,,,1610612739,2017,2016-17,False
202681-202684-202697-2210-2594,1610612739,"Kyrie Irving, Tristan Thompson, Iman Shumpert, Richard Jefferson, Kyle Korver","Irving, Thompson, Shumpert, Jefferson, Korver",202681-202684-202697-2210-2594,CLE,490.0,3,8.0,-3.0,16.0,17.0,15.0,,1.0,33.0,1.0,1.0,,,1.0,1.0,2.0,3.0,,,1.0,1.0,,,1.0,1.0,1.0,5.0,,1.0,1.0,5.0,3.0,4.0,2.0,6.0,3.0,15.0,18.0,,,,1.0,,,3.0,4.0,2.0,6.0,3.0,15.0,4.0,2.0,6.0,,,5.0,1.0,,2.0,2.0,4.0,1.0,1.0,1.0,1.0,,10.0,1.0,,,4.0,3.0,,7.0,1.0,8.0,,1.0,1.0,,2.0,,2.0,3.0,,,,,5.0,,5.0,1.0,1.0,3.0,,,1.0,2.0,,,,,4.0,,,,1.0,,1.0,,,,,,,,,,15.0,15.0,15.0,,1.0,0.6666666666666666,0.6666666666666666,1.0,0.3333333333333333,,0.3333333333333333,0.3333333333333333,0.75,,0.75,0.6,,0.6,0.625,,0.625,0.6,,,,,0.4,,,0.75,,1.0,0.3333333333333333,0.875,0.25,,,,0.3333333333333333,,,1.0,0.5,1.0,1.0,,96.9795918367347,,15.0625,14.647058823529411,14.6875,14.235294117647058,0.1,1.0,1.0,1.0,0.3,0.6666666666666666,0.6666666666666666,0.5,,,,,0.1,1.0,1.0,1.0,0.5,0.2,0.2,1.0,,,,,,,1.0,,,0.1,1.0,0.1,1.0,0.5,0.2,0.7,0.2,0.469855,,0.469855,0.09090909090909091,0.2,,,1.0,8.025,25.233333333333334,0.9375,,1.0,,,,,,,1610612739,2017,2016-17,False
101112-202681-202684-2544-2594,1610612739,"Channing Frye, Kyrie Irving, Tristan Thompson, LeBron James, Kyle Korver","Frye, Irving, Thompson, James, Korver",101112-202681-202684-2544-2594,CLE,481.0,5,8.0,2.0,17.0,14.0,4.0,,4.0,31.0,6.0,6.0,2.0,2.0,1.0,1.0,1.0,4.0,,2.0,,4.0,,2.0,,1.0,,1.0,,,,,7.0,12.0,,5.0,2.0,16.0,14.0,2.0,2.0,,2.0,,4.0,1.0,2.0,,1.0,1.0,3.0,4.0,10.0,,,2.0,1.0,,,2.0,,2.0,,,2.0,,,4.0,1.0,2.0,,3.0,3.0,,6.0,3.0,9.0,,,,,1.0,1.0,,1.0,,1.0,,,2.0,,1.0,2.0,,2.0,,,,2.0,,,1.0,,3.0,,,1.0,,,1.0,2.0,,,2.0,,2.0,2.0,,,12.0,3.0,4.0,,1.0,0.2857142857142857,0.3333333333333333,,,,,,0.5833333333333334,1.0,0.5,0.4117647058823529,0.5,0.3333333333333333,0.4166666666666667,0.5,0.375,0.29411764705882354,,,,,0.5,,,0.75,0.4,0.6,0.2,0.6666666666666666,0.3,,0.3333333333333333,0.5,1.0,,1.0,,,0.5,1.0,,92.80665280665279,1.0,16.0,14.928571428571429,14.352941176470589,13.928571428571429,0.35294117647058826,1.0,1.0,0.3333333333333333,0.23529411764705882,0.25,0.25,,0.11764705882352941,,,,0.23529411764705882,,,,0.058823529411764705,,,,0.5,1.0,0.5,0.5,,,,,,0.3333333333333333,1.0,0.3333333333333333,,,,0.6470588235294118,,0.5641,0.5695333333333333,0.4724333333333333,,,,0.25,0.1875,6.016666666666667,24.1,0.23529411764705882,,,,,,,,,1610612739,2017,2016-17,False
201567-202681-202697-2210-2594,1610612739,"Kevin Love, Kyrie Irving, Iman Shumpert, Richard Jefferson, Kyle Korver","Love, Irving, Shumpert, Jefferson, Korver",201567-202681-202697-2210-2594,CLE,477.0,2,8.0,7.0,17.0,16.0,13.0,7.0,2.0,33.0,2.0,3.0,,,2.0,3.0,,2.0,,3.0,,,,,,,3.0,7.0,,,3.0,6.0,2.0,8.0,3.0,7.0,6.0,19.0,12.0,,,,,4.0,4.0,2.0,6.0,3.0,6.0,6.0,19.0,,4.0,6.0,3.0,,7.0,3.0,1.0,,2.0,2.0,2.0,,,,,6.0,1.0,1.0,,6.0,4.0,1.0,11.0,2.0,13.0,,,,,,,,1.0,,,,,1.0,,,1.0,,2.0,,,1.0,3.0,,,,,6.0,,,,2.0,,1.0,,,,,,,,,,15.0,19.0,13.0,,1.0,,,0.6666666666666666,0.42857142857142855,,0.5,0.42857142857142855,0.25,,0.3333333333333333,0.43333333333333335,,0.5416666666666666,0.5277777777777778,1.0,0.6333333333333333,0.4666666666666667,0.125,,,0.3333333333333333,,1.0,,1.0,0.16666666666666666,0.8571428571428571,0.25,0.9090909090909091,0.2,1.0,,,0.25,,,1.0,1.0,1.0,0.6666666666666666,,99.62264150943396,,15.0,13.875,14.941176470588236,13.5625,0.2,0.6666666666666666,0.6666666666666666,,0.13333333333333333,,,,0.2,,,,,,,,0.4666666666666667,0.42857142857142855,0.42857142857142855,0.6666666666666666,,,,,,,,,,0.25,0.6666666666666666,,,0.5,0.5,0.6666666666666666,0.42857142857142855,0.5003066666666667,,0.5107625,0.11764705882352941,0.2,,0.21052631578947367,1.0,10.15,25.185714285714287,0.7647058823529411,,,,,,,,,1610612739,2017,2016-17,False
202681-202697-202732-2210-2544,1610612739,"Kyrie Irving, Iman Shumpert, DeAndre Liggins, Richard Jefferson, LeBron James","Irving, Shumpert, Liggins, Jefferson, James",202681-202697-202732-2210-2544,CLE,475.0,2,8.0,4.0,16.0,16.0,2.0,3.0,2.0,32.0,6.0,8.0,,1.0,1.0,1.0,,1.0,,,1.0,2.0,,,,,,1.0,,,,,6.0,9.0,1.0,3.0,3.0,18.0,14.0,,1.0,,,,,1.0,1.0,,,1.0,3.0,12.0,,,3.0,,1.0,,,6.0,,6.0,,,6.0,,,12.0,1.0,1.0,,2.0,3.0,,5.0,2.0,7.0,,2.0,1.0,1.0,,,,4.0,2.0,,,1.0,4.0,1.0,,4.0,,6.0,,,1.0,4.0,,,,,5.0,1.0,,,3.0,,,1.0,,,1.0,,1.0,1.0,,,18.0,3.0,2.0,,,1.0,1.0,,0.3333333333333333,,,0.3333333333333333,0.6666666666666666,,1.0,0.625,,1.0,0.6428571428571429,,0.75,0.25,,,,,,,,0.3333333333333333,0.3333333333333333,1.0,0.5,0.45454545454545453,0.4,0.5,,,1.0,,0.25,0.5,,1.0,,,97.01052631578948,1.0,14.125,15.5625,13.6875,13.9375,0.6666666666666666,0.75,0.75,1.0,0.08333333333333333,,,,,,,,0.16666666666666666,0.5,0.5,,0.08333333333333333,,,,1.0,,,,,,,,,1.0,1.0,,,,,0.9166666666666666,,0.6896708333333333,,0.6703,0.21428571428571427,0.2727272727272727,,,0.16666666666666666,1.2000000000000002,25.066666666666666,0.125,,,,,,,,,1610612739,2017,2016-17,False
1627770-202697-2365-2399-2592,1610612739,"Kay Felder, Iman Shumpert, Chris Andersen, Mike Dunleavy, James Jones","Felder, Shumpert, Andersen, Dunleavy, Jones",1627770-202697-2365-2399-2592,CLE,474.0,1,8.0,3.0,16.0,15.0,,15.0,,31.0,2.0,2.0,,,,,,1.0,1.0,1.0,2.0,3.0,,,,,4.0,6.0,,,,,3.0,4.0,6.0,9.0,,24.0,21.0,,,,,,,,,,,,,2.0,4.0,9.0,9.0,,6.0,4.0,,1.0,3.0,4.0,2.0,1.0,1.0,,,11.0,,,,,2.0,1.0,3.0,,3.0,,3.0,2.0,1.0,,,,2.0,,,,,2.0,,,4.0,,5.0,,,1.0,,,,,,,,,,,,,1.0,,,1.0,,1.0,1.0,,,24.0,,,,,0.3333333333333333,0.3333333333333333,0.5,0.6666666666666666,,,0.6666666666666666,0.75,,,0.9230769230769231,,,0.9230769230769231,,,0.6923076923076923,,,,,,1.0,,0.2857142857142857,,,,0.2222222222222222,,,,,,,0.6666666666666666,,,,,,94.17721518987341,1.0,14.8125,15.8,14.8125,14.266666666666667,0.15384615384615385,1.0,1.0,0.5,0.07692307692307693,,,,0.07692307692307693,1.0,1.0,,0.23076923076923078,0.6666666666666666,0.6666666666666666,0.5,0.46153846153846156,0.6666666666666666,0.6666666666666666,0.5,,,,,,,,,,,,,,,,0.8461538461538461,0.6666666666666666,0.5273846153846153,,,,,,,,8.425,24.422222222222224,,,,,,,,,,1610612739,2017,2016-17,False
202681-202697-2210-2365-2399,1610612739,"Kyrie Irving, Iman Shumpert, Richard Jefferson, Chris Andersen, Mike Dunleavy","Irving, Shumpert, Jefferson, Andersen, Dunleavy",202681-202697-2210-2365-2399,CLE,474.0,1,8.0,1.0,16.0,15.0,6.0,3.0,2.0,31.0,3.0,4.0,1.0,1.0,1.0,1.0,1.0,2.0,1.0,3.0,,,,,,,1.0,4.0,,,,3.0,5.0,9.0,1.0,4.0,3.0,16.0,15.0,1.0,1.0,,,2.0,4.0,1.0,2.0,,3.0,2.0,4.0,4.0,6.0,3.0,,2.0,4.0,1.0,1.0,2.0,1.0,3.0,1.0,,1.0,,1.0,7.0,,2.0,,2.0,3.0,,5.0,2.0,7.0,,2.0,2.0,,1.0,,,2.0,,1.0,,,3.0,,1.0,3.0,,7.0,,1.0,2.0,4.0,,1.0,1.0,,5.0,1.0,,,2.0,,1.0,,,,,,,,,,12.0,4.0,6.0,,1.0,0.4,0.5,1.0,0.25,,,0.25,0.5555555555555556,1.0,0.5,0.5,1.0,0.2,0.5333333333333333,1.0,0.3333333333333333,0.3076923076923077,0.1111111111111111,0.25,,,0.3333333333333333,,,0.5,0.5,0.4,,0.45454545454545453,0.2857142857142857,1.0,,0.5,,,0.5,1.0,0.3333333333333333,0.4,,,94.17721518987341,,13.0,17.733333333333334,13.0,14.666666666666666,0.3076923076923077,0.75,1.0,0.3333333333333333,0.15384615384615385,0.5,0.5,,0.23076923076923078,0.3333333333333333,0.3333333333333333,1.0,,,,,0.3076923076923077,0.25,0.25,1.0,1.0,1.0,,,,,,,,0.2,1.0,,,0.6,,0.6153846153846154,0.25,0.5351884615384616,0.5849,0.49877000000000005,0.14285714285714285,0.2,,0.25,0.25,8.922222222222222,26.15,0.375,,,,,,,,,1610612739,2017,2016-17,False
1627770-202697-2210-2365-2592,1610612739,"Kay Felder, Iman Shumpert, Richard Jefferson, Chris Andersen, James Jones","Felder, Shumpert, Jefferson, Andersen, Jones",1627770-202697-2210-2365-2592,CLE,465.0,2,8.0,-9.0,14.0,14.0,8.0,1.0,,28.0,,,,,,,,1.0,1.0,3.0,1.0,1.0,,,,,2.0,3.0,,,1.0,1.0,1.0,4.0,3.0,4.0,4.0,15.0,24.0,,,,,,,1.0,4.0,1.0,1.0,3.0,8.0,,2.0,9.0,,,3.0,2.0,,,3.0,3.0,2.0,1.0,,,,9.0,,,,1.0,2.0,,3.0,,3.0,,,,,2.0,1.0,2.0,1.0,,,,,3.0,,1.0,2.0,,5.0,,,,5.0,,,,,8.0,,,,3.0,,1.0,,,,,,,,,,15.0,8.0,8.0,,1.0,,,1.0,0.75,,1.0,0.75,0.25,,0.25,0.6875,,0.5,0.625,,0.5,0.5,,,,,0.6666666666666666,,,0.6666666666666666,,0.5,,0.6,,,,,,,1.0,,0.5,0.5,,,86.70967741935483,,14.928571428571429,18.285714285714285,14.928571428571429,16.571428571428573,,,,,0.125,,,,0.375,0.3333333333333333,0.3333333333333333,,0.125,1.0,1.0,1.0,0.375,0.6666666666666666,0.6666666666666666,1.0,,,,,,,,,,,,,,0.2,1.0,0.5,0.6666666666666666,0.45266875,,0.41025999999999996,0.2727272727272727,0.42857142857142855,,,0.5333333333333333,16.125,25.2,0.5714285714285714,,,,,,,,,1610612739,2017,2016-17,False
101112-101114-202682-2210-2544,1610612739,"Channing Frye, Deron Williams, Derrick Williams, Richard Jefferson, LeBron James","Frye, Williams, Williams, Jefferson, James",101112-101114-202682-2210-2544,CLE,459.0,3,8.0,5.0,16.0,14.0,4.0,,,30.0,4.0,5.0,,,,,,,,1.0,1.0,2.0,,,,1.0,3.0,6.0,,,,2.0,4.0,6.0,4.0,8.0,2.0,22.0,17.0,,,,,,,,,,3.0,1.0,1.0,6.0,2.0,9.0,3.0,,6.0,3.0,,3.0,3.0,6.0,2.0,1.0,3.0,,,15.0,,1.0,,3.0,3.0,,6.0,1.0,7.0,,,,,,,,1.0,,,,,1.0,,,2.0,,4.0,,,1.0,6.0,,1.0,,,5.0,1.0,,,2.0,,1.0,,,,,,,,,,22.0,1.0,4.0,,1.0,0.75,0.75,0.75,0.5,,,0.5,0.6666666666666666,,,0.7142857142857143,,,0.6875,,0.125,0.5714285714285714,,,,,,,,1.0,0.5,0.6,,0.75,0.2,,,1.0,,,1.0,,1.0,0.6666666666666666,0.5,,94.11764705882352,,15.1875,15.428571428571429,15.1875,14.785714285714286,0.35714285714285715,0.8,0.8,0.75,,,,,0.07142857142857142,,,,0.14285714285714285,0.5,0.5,1.0,0.42857142857142855,0.5,0.5,0.6666666666666666,,,,,,,,,,,,0.3333333333333333,,0.6666666666666666,,0.9285714285714286,0.5,0.5832464285714286,,0.45995,0.13333333333333333,0.2857142857142857,,,0.045454545454545456,3.9333333333333336,25.275,0.25,,,,,,,,,1610612739,2017,2016-17,False
101112-101114-202682-202697-202732,1610612739,"Channing Frye, Deron Williams, Derrick Williams, Iman Shumpert, DeAndre Liggins","Frye, Williams, Williams, Shumpert, Liggins",101112-101114-202682-202697-202732,CLE,458.0,1,8.0,-8.0,15.0,15.0,,1.0,,30.0,3.0,3.0,,,,,,1.0,1.0,6.0,1.0,1.0,,,,,,1.0,,,,,4.0,10.0,1.0,2.0,,11.0,19.0,,,,,,,,,,,,,6.0,2.0,3.0,,,1.0,,,3.0,1.0,4.0,,1.0,2.0,,1.0,9.0,,,,1.0,3.0,1.0,5.0,,5.0,,1.0,1.0,,1.0,1.0,,2.0,,1.0,,,3.0,,,1.0,,3.0,,,,2.0,,,,,,,,,,,,,,,,,,,,,11.0,,,,,0.75,0.75,1.0,0.5,,,0.5,0.4,,,0.4583333333333333,,,0.4583333333333333,,,0.16666666666666666,,,,,0.3333333333333333,1.0,,1.0,,1.0,,1.0,,,,,,,,1.0,1.0,,1.0,,94.32314410480349,,17.4,13.133333333333333,17.4,13.133333333333333,0.25,1.0,1.0,0.6666666666666666,0.08333333333333333,,,,0.5,0.16666666666666666,0.16666666666666666,1.0,0.08333333333333333,1.0,1.0,1.0,0.08333333333333333,,,,,,,,,,,,,,,,,,,0.4166666666666667,,0.5049041666666666,,,,,,,,11.5,24.15,,,,,,,,,,1610612739,2017,2016-17,False
101112-202697-202732-2399-2544,1610612739,"Channing Frye, Iman Shumpert, DeAndre Liggins, Mike Dunleavy, LeBron James","Frye, Shumpert, Liggins, Dunleavy, James",101112-202697-202732-2399-2544,CLE,450.0,1,8.0,5.0,15.0,15.0,,,,30.0,1.0,2.0,,,,,,,1.0,1.0,2.0,5.0,,,,,1.0,4.0,,,,,2.0,3.0,3.0,9.0,1.0,14.0,9.0,,,,,,,,,,,,,2.0,2.0,6.0,3.0,,4.0,1.0,,1.0,2.0,3.0,,2.0,1.0,,,8.0,,,,2.0,5.0,,7.0,,7.0,,2.0,,2.0,1.0,1.0,1.0,1.0,,,,,2.0,,,2.0,,3.0,,,,3.0,,,1.0,,2.0,,,,1.0,,,1.0,,,1.0,,1.0,,,,14.0,,,,,0.5,0.5,0.6666666666666666,0.3333333333333333,,,0.3333333333333333,0.6666666666666666,,,0.5416666666666666,,,0.5384615384615384,,,0.75,,,,,0.5,,,0.7142857142857143,,0.6666666666666666,,0.7,,,,,,,0.6,,1.0,1.0,0.5,,96.0,,16.466666666666665,13.533333333333333,16.466666666666665,13.266666666666667,0.16666666666666666,0.5,0.5,1.0,,,,,0.08333333333333333,1.0,1.0,,0.4166666666666667,0.4,0.4,1.0,0.3333333333333333,0.25,0.25,,,,,,,,,,,,,,,,,0.9166666666666666,0.25,0.4894,,,0.07692307692307693,0.25,,,,6.766666666666667,24.866666666666667,,,,,,,,,,1610612739,2017,2016-17,False
101112-202681-202697-2399-2544,1610612739,"Channing Frye, Kyrie Irving, Iman Shumpert, Mike Dunleavy, LeBron James","Frye, Irving, Shumpert, Dunleavy, James",101112-202681-202697-2399-2544,CLE,432.0,5,7.0,-2.0,13.0,16.0,3.0,4.0,1.0,29.0,2.0,4.0,,,,,1.0,1.0,2.0,3.0,,,,,,,2.0,3.0,,1.0,,,5.0,8.0,2.0,3.0,1.0,17.0,19.0,,,,1.0,,,1.0,2.0,,,,2.0,8.0,2.0,6.0,,,3.0,2.0,2.0,4.0,2.0,6.0,2.0,,1.0,1.0,2.0,14.0,,1.0,,4.0,1.0,1.0,6.0,1.0,7.0,,2.0,1.0,1.0,2.0,,2.0,,,,,,2.0,,,2.0,,4.0,,,,4.0,,,,,2.0,,,,1.0,,,,,,,,,,,,17.0,2.0,3.0,,,0.8,0.8,1.0,0.6666666666666666,,,0.6666666666666666,0.625,,0.5,0.7272727272727273,,0.5,0.7083333333333334,,0.5,0.2727272727272727,0.25,0.5,,,1.0,1.0,,1.0,0.3333333333333333,0.8,,0.8333333333333334,0.25,0.5,,,,,1.0,,,0.75,1.0,,96.66666666666666,,16.23076923076923,13.8125,15.846153846153847,13.3125,0.36363636363636365,0.5,1.0,0.5,0.09090909090909091,1.0,1.0,1.0,0.2727272727272727,0.6666666666666666,0.6666666666666666,1.0,,,,,0.2727272727272727,0.6666666666666666,0.6666666666666666,1.0,,,,,,,1.0,,,,,,,,,0.6363636363636364,0.6666666666666666,0.5090318181818182,0.48135,0.41785,0.08333333333333333,0.1111111111111111,,,0.11764705882352941,7.7,26.666666666666668,0.23076923076923078,,,,,,,,,1610612739,2017,2016-17,False
202681-202697-2210-2399-2544,1610612739,"Kyrie Irving, Iman Shumpert, Richard Jefferson, Mike Dunleavy, LeBron James","Irving, Shumpert, Jefferson, Dunleavy, James",202681-202697-2210-2399-2544,CLE,423.0,2,7.0,5.0,14.0,13.0,,,2.0,27.0,4.0,4.0,,,,,,1.0,,,,,,,,,1.0,4.0,1.0,1.0,,,4.0,5.0,1.0,4.0,3.0,14.0,9.0,,,1.0,1.0,1.0,4.0,,,,,,,4.0,4.0,3.0,,,4.0,1.0,1.0,2.0,1.0,3.0,1.0,,2.0,,,7.0,1.0,1.0,,3.0,2.0,,5.0,2.0,7.0,,2.0,1.0,1.0,2.0,,2.0,2.0,,,,,4.0,,,,,2.0,1.0,,1.0,4.0,,,,,6.0,,,,3.0,,,,,,,,,,,,10.0,,,,,0.5,0.5,1.0,0.25,1.0,,0.25,0.8,,,0.6111111111111112,1.5,,0.5833333333333334,1.0,,0.4444444444444444,0.2,,1.0,,0.5,,,1.0,1.0,0.6,0.3333333333333333,0.7142857142857143,0.5,,1.0,,0.3333333333333333,,,,1.0,0.6666666666666666,0.5,,91.91489361702128,,15.071428571428571,16.307692307692307,14.571428571428571,16.307692307692307,0.4444444444444444,1.0,1.0,0.5,0.1111111111111111,,,,,,,,,,,,0.4444444444444444,0.25,0.25,1.0,,,,,,,1.0,1.0,1.0,,,,,,,0.8888888888888888,0.25,0.5241,0.44115,,0.25,0.375,,0.2857142857142857,,2.12,26.125,,,,,,,,,,1610612739,2017,2016-17,False
101112-1627770-202682-202732-2592,1610612739,"Channing Frye, Kay Felder, Derrick Williams, DeAndre Liggins, James Jones","Frye, Felder, Williams, Liggins, Jones",101112-1627770-202682-202732-2592,CLE,414.0,1,7.0,3.0,13.0,13.0,,10.0,1.0,26.0,4.0,7.0,,,,,,,2.0,4.0,,,,,,,,1.0,,,,,6.0,11.0,,1.0,,12.0,9.0,1.0,1.0,,,,2.0,,,,,,,2.0,10.0,,,,1.0,,1.0,1.0,,1.0,,,,,1.0,2.0,1.0,,,2.0,4.0,,6.0,1.0,7.0,,2.0,1.0,1.0,,,,2.0,,,,1.0,2.0,,,,,2.0,,,,1.0,,,,,,,,,,,,1.0,,,1.0,,1.0,1.0,,,10.0,,,,,0.16666666666666666,0.16666666666666666,,,,,,0.5454545454545454,1.0,,0.5,1.0,,0.5,1.0,,0.08333333333333333,0.09090909090909091,0.14285714285714285,,,,,,0.6666666666666666,,1.0,1.0,0.75,0.16666666666666666,,,,1.0,,0.5,0.5,1.0,1.0,,,90.43478260869564,1.0,13.846153846153847,18.0,12.615384615384615,15.846153846153847,0.5833333333333334,0.5714285714285714,0.6666666666666666,,,,,,0.3333333333333333,0.5,0.5,0.5,,,,,0.08333333333333333,,,,,,,,,,,,,,,,,,,0.6666666666666666,,0.621,0.3548,,,,,0.16666666666666666,,7.127272727272728,24.8,,,,,,,,,,1610612739,2017,2016-17,False
101112-202697-2210-2544-2747,1610612739,"Channing Frye, Iman Shumpert, Richard Jefferson, LeBron James, JR Smith","Frye, Shumpert, Jefferson, James, Smith",101112-202697-2210-2544-2747,CLE,412.0,4,7.0,-4.0,11.0,12.0,10.0,6.0,1.0,23.0,1.0,2.0,,,,1.0,2.0,3.0,1.0,3.0,,,,,,,,2.0,,,,2.0,4.0,8.0,,2.0,3.0,11.0,15.0,1.0,1.0,,,,2.0,3.0,7.0,,2.0,3.0,9.0,2.0,6.0,,,,2.0,,,1.0,,1.0,,,,1.0,,2.0,,1.0,,3.0,1.0,,4.0,1.0,5.0,,1.0,,1.0,,,,,,,,,,,,1.0,,1.0,,,,5.0,1.0,1.0,,1.0,7.0,,,1.0,,,3.0,,,,,,,,,,9.0,9.0,10.0,,3.0,0.25,0.25,,,,,,0.5,1.0,0.42857142857142855,0.4,1.0,0.3333333333333333,0.4230769230769231,1.0,0.375,0.2,,,,,,,,1.0,0.25,1.0,,1.0,0.16666666666666666,,,0.5,,,1.0,,,1.0,1.0,,80.38834951456312,,21.181818181818183,14.916666666666666,19.90909090909091,13.75,0.2,0.5,0.5,,0.3,0.6666666666666666,0.6666666666666666,0.5,0.3,0.3333333333333333,0.3333333333333333,,,,,,0.2,,,,,,,,,,,,,0.1111111111111111,,,,0.2222222222222222,,0.4,,0.44285500000000005,0.3999,0.42571666666666663,,,,0.18181818181818182,0.8181818181818182,10.8,25.75,0.9090909090909091,,,,,,,,,1610612739,2017,2016-17,False
101112-101114-202681-202697-2210,1610612739,"Channing Frye, Deron Williams, Kyrie Irving, Iman Shumpert, Richard Jefferson","Frye, Williams, Irving, Shumpert, Jefferson",101112-101114-202681-202697-2210,CLE,408.0,3,7.0,8.0,14.0,13.0,9.0,2.0,1.0,27.0,,,,,,,1.0,1.0,,1.0,2.0,3.0,,,2.0,2.0,4.0,7.0,,,4.0,7.0,1.0,2.0,6.0,10.0,2.0,22.0,14.0,,,,,2.0,2.0,,,6.0,9.0,,18.0,,2.0,18.0,,,7.0,4.0,,,6.0,6.0,4.0,2.0,,,,18.0,,,,3.0,2.0,1.0,6.0,,6.0,,1.0,1.0,,,,,,,,,,,,,2.0,,3.0,,,,2.0,,,,,4.0,,,,2.0,,,1.0,,,1.0,,1.0,1.0,,,20.0,18.0,9.0,1.0,,,,1.0,0.6,,0.6666666666666666,0.6,0.5,,,0.8333333333333334,,1.0,0.7857142857142857,1.0,1.0,0.8333333333333334,,,,,,1.0,,0.6666666666666666,,0.75,,0.7142857142857143,,,,,,,1.0,,1.0,1.0,,,95.29411764705883,1.0,15.285714285714286,14.923076923076923,14.857142857142858,13.846153846153847,,,,,0.08333333333333333,1.0,1.0,,0.08333333333333333,,,,0.25,0.6666666666666666,0.6666666666666666,1.0,0.5833333333333334,0.5714285714285714,0.5714285714285714,1.0,,,,,,,,,,,,0.2222222222222222,1.0,0.7777777777777778,0.5714285714285714,0.8333333333333334,0.5714285714285714,0.5155083333333333,,0.5308166666666667,0.14285714285714285,0.5,,0.09090909090909091,0.8181818181818182,13.25,24.98,0.6428571428571429,,,,,,,,,1610612739,2017,2016-17,False
101112-1627770-202684-202697-2544,1610612739,"Channing Frye, Kay Felder, Tristan Thompson, Iman Shumpert, LeBron James","Frye, Felder, Thompson, Shumpert, James",101112-1627770-202684-202697-2544,CLE,408.0,2,7.0,,16.0,15.0,7.0,,1.0,31.0,3.0,3.0,,,2.0,2.0,1.0,1.0,1.0,4.0,,2.0,,,,2.0,1.0,3.0,1.0,1.0,1.0,2.0,5.0,8.0,1.0,5.0,1.0,14.0,14.0,,,1.0,1.0,,3.0,3.0,4.0,1.0,4.0,,9.0,,10.0,3.0,,,3.0,1.0,,,1.0,1.0,1.0,,,,,3.0,1.0,,,1.0,5.0,,6.0,1.0,7.0,,2.0,1.0,1.0,2.0,,2.0,1.0,,,,,3.0,,,,,1.0,1.0,,,2.0,,,,,3.0,1.0,,,2.0,,,2.0,,,1.0,1.0,2.0,1.0,,,11.0,9.0,7.0,,,,,1.0,0.2,1.0,0.25,0.2,0.625,,0.75,0.5,1.5,0.5625,0.5,1.5,0.5625,0.38461538461538464,,,,,0.6666666666666666,,,0.625,,1.0,0.25,0.6666666666666666,0.14285714285714285,,,,,0.5,0.6666666666666666,,1.0,1.0,,,109.41176470588236,0.5,13.1875,13.133333333333333,12.5625,12.733333333333333,0.23076923076923078,1.0,1.0,,0.07692307692307693,1.0,1.0,,0.3076923076923077,0.25,0.25,,0.15384615384615385,,,,0.23076923076923078,0.3333333333333333,0.3333333333333333,1.0,,,,,,,1.0,1.0,1.0,0.25,1.0,0.25,,0.25,0.5,0.6153846153846154,0.3333333333333333,0.5044538461538461,,0.48146875,0.14285714285714285,0.2222222222222222,,0.21428571428571427,0.6428571428571429,9.75,24.84,0.4375,,,,,,,,,1610612739,2017,2016-17,False
1627770-202697-203895-2592-2594,1610612739,"Kay Felder, Iman Shumpert, Jordan McRae, James Jones, Kyle Korver","Felder, Shumpert, McRae, Jones, Korver",1627770-202697-203895-2592-2594,CLE,406.0,1,7.0,3.0,12.0,13.0,6.0,13.0,1.0,25.0,,1.0,,,,1.0,1.0,2.0,2.0,2.0,1.0,2.0,,,1.0,1.0,1.0,3.0,,,1.0,1.0,3.0,5.0,2.0,5.0,3.0,15.0,12.0,,,,,2.0,2.0,1.0,3.0,2.0,2.0,2.0,10.0,2.0,4.0,6.0,,,3.0,1.0,1.0,1.0,2.0,3.0,1.0,1.0,,,1.0,8.0,,1.0,,1.0,4.0,1.0,6.0,1.0,7.0,,,,,1.0,,,,,1.0,,,1.0,,1.0,3.0,,3.0,,,,2.0,,,,,4.0,,,,2.0,,,,,,,,,,,,13.0,10.0,6.0,,,0.3333333333333333,0.3333333333333333,1.0,0.4,,1.0,0.4,0.6,,0.3333333333333333,0.6,,0.8,0.625,1.0,0.8333333333333334,0.5,0.2,1.0,,,1.0,1.0,,1.0,0.5,0.3333333333333333,,0.7142857142857143,0.2,1.0,,,,,1.0,1.0,,,1.0,,88.66995073891626,,11.75,20.384615384615383,11.5,18.615384615384617,0.1,,,,0.2,0.5,0.5,,0.2,1.0,1.0,0.5,0.2,0.5,0.5,1.0,0.3,0.3333333333333333,0.3333333333333333,1.0,,,,,,,,,,0.2,,0.2,1.0,0.2,1.0,0.6,0.3333333333333333,0.48237500000000005,,0.48639,0.16666666666666666,0.2857142857142857,,0.13333333333333333,0.6666666666666666,12.24,24.1,0.5,,,,,,,,,1610612739,2017,2016-17,False
1627770-202682-202684-2592-2594,1610612739,"Kay Felder, Derrick Williams, Tristan Thompson, James Jones, Kyle Korver","Felder, Williams, Thompson, Jones, Korver",1627770-202682-202684-2592-2594,CLE,405.0,1,7.0,,12.0,12.0,,2.0,1.0,24.0,3.0,5.0,,1.0,,,,,2.0,2.0,1.0,1.0,1.0,1.0,,,2.0,3.0,,,,,5.0,7.0,3.0,4.0,,19.0,19.0,,1.0,1.0,1.0,,3.0,,,,,,,8.0,2.0,9.0,,,3.0,2.0,,4.0,3.0,7.0,2.0,1.0,3.0,,1.0,17.0,,2.0,,,2.0,,2.0,2.0,4.0,1.0,2.0,1.0,1.0,2.0,,2.0,1.0,1.0,,,,3.0,,,,,2.0,,,,,,,,,,,,,,,,,,,,,,,,,16.0,,,,,0.8,0.8,1.0,0.75,1.0,,0.75,0.7142857142857143,,,0.8636363636363636,0.75,,0.8636363636363636,0.75,,0.36363636363636365,,,,,0.6666666666666666,,,0.6666666666666666,1.0,,,0.6666666666666666,0.6666666666666666,1.0,,,,,,0.5,1.0,,,0.3333333333333333,85.33333333333333,,18.333333333333332,15.416666666666666,17.583333333333332,14.666666666666666,0.45454545454545453,0.6,0.6,1.0,,,,,0.18181818181818182,1.0,1.0,0.5,0.09090909090909091,1.0,1.0,1.0,0.2727272727272727,0.6666666666666666,0.6666666666666666,1.0,0.5,,,0.5,1.0,1.0,,,,,,,,,,0.8181818181818182,0.6666666666666666,0.6159454545454546,0.597275,,,,,0.15789473684210525,,6.357142857142857,24.125,,,,,,,,,,1610612739,2017,2016-17,False
201567-202684-202732-2399-2544,1610612739,"Kevin Love, Tristan Thompson, DeAndre Liggins, Mike Dunleavy, LeBron James","Love, Thompson, Liggins, Dunleavy, James",201567-202684-202732-2399-2544,CLE,404.0,2,7.0,6.0,15.0,14.0,14.0,11.0,2.0,29.0,1.0,4.0,,1.0,1.0,2.0,1.0,2.0,1.0,1.0,1.0,1.0,,,1.0,1.0,,1.0,,,,1.0,3.0,7.0,1.0,2.0,12.0,21.0,15.0,,1.0,,,2.0,2.0,3.0,5.0,1.0,2.0,11.0,20.0,,6.0,3.0,,,1.0,,,,1.0,1.0,,1.0,,,,3.0,,2.0,,5.0,3.0,1.0,9.0,2.0,11.0,,,,,1.0,,1.0,2.0,,,,,3.0,,3.0,2.0,,3.0,,,,8.0,,,,1.0,14.0,1.0,,1.0,3.0,,4.0,,,,,,,,,,19.0,20.0,14.0,1.0,4.0,,,1.0,0.5,,0.5,0.5,0.42857142857142855,,0.6,0.5,,0.6428571428571429,0.6666666666666666,0.3333333333333333,0.7916666666666666,0.2222222222222222,,,,,0.3333333333333333,1.0,,1.0,0.6666666666666666,1.0,,1.0,0.5,0.6666666666666666,,,,,1.0,1.0,,1.0,1.0,,103.36633663366337,,12.666666666666666,15.285714285714286,12.266666666666667,15.285714285714286,0.4444444444444444,0.25,0.25,,0.2222222222222222,0.5,0.5,,0.1111111111111111,1.0,1.0,,0.1111111111111111,1.0,1.0,1.0,0.1111111111111111,,,,1.0,,,,,,,,,0.2857142857142857,0.5,0.14285714285714285,1.0,0.14285714285714285,,0.6666666666666666,,0.45225,0.4907,0.46139285714285716,0.2727272727272727,0.3333333333333333,,0.09523809523809523,0.9523809523809523,5.771428571428571,24.55,0.9333333333333333,,1.0,,,,,,,1610612739,2017,2016-17,False
101112-202681-202684-202732-2544,1610612739,"Channing Frye, Kyrie Irving, Tristan Thompson, DeAndre Liggins, LeBron James","Frye, Irving, Thompson, Liggins, James",101112-202681-202684-202732-2544,CLE,403.0,2,7.0,-6.0,15.0,16.0,9.0,,,31.0,3.0,3.0,,,3.0,3.0,,,,1.0,,,,,,,2.0,6.0,,,,2.0,3.0,4.0,2.0,6.0,3.0,15.0,21.0,,,,,,,3.0,4.0,,2.0,1.0,7.0,2.0,4.0,,6.0,,6.0,2.0,,1.0,,1.0,,,1.0,,,2.0,,,,1.0,4.0,1.0,6.0,,6.0,,1.0,1.0,,2.0,,2.0,,,,,,2.0,,2.0,1.0,,2.0,,,,4.0,,,1.0,1.0,6.0,,,,3.0,,,,,,,,,,,,15.0,7.0,9.0,,,0.3333333333333333,0.3333333333333333,,0.3333333333333333,,,0.3333333333333333,0.75,,0.75,0.6,,0.5,0.5769230769230769,,0.5,0.6,,,,,1.0,1.0,,1.0,,1.0,,1.0,,,,,,,1.0,,1.0,1.0,,,110.76923076923077,,13.133333333333333,12.875,13.133333333333333,12.875,0.3,1.0,1.0,0.3333333333333333,,,,,0.1,,,,,,,,0.6,0.3333333333333333,0.3333333333333333,,,,,,,,,,,0.5,1.0,,,0.3333333333333333,,0.9,0.3333333333333333,0.5887100000000001,,0.6093083333333333,0.23076923076923078,0.42857142857142855,,,0.4666666666666667,4.225,25.3,0.6,,,,,,,,,1610612739,2017,2016-17,False
101114-202681-202684-2210-2544,1610612739,"Deron Williams, Kyrie Irving, Tristan Thompson, Richard Jefferson, LeBron James","Williams, Irving, Thompson, Jefferson, James",101114-202681-202684-2210-2544,CLE,403.0,2,7.0,7.0,13.0,14.0,13.0,4.0,2.0,27.0,1.0,1.0,,,1.0,1.0,,1.0,1.0,1.0,,2.0,,1.0,,1.0,2.0,6.0,,1.0,2.0,5.0,2.0,3.0,2.0,8.0,3.0,13.0,6.0,,,,2.0,,,2.0,3.0,2.0,6.0,3.0,13.0,4.0,,3.0,3.0,,6.0,2.0,,2.0,1.0,3.0,1.0,,1.0,,1.0,7.0,3.0,,,5.0,3.0,,8.0,3.0,11.0,,1.0,1.0,,2.0,,1.0,1.0,,1.0,,,3.0,1.0,3.0,2.0,,3.0,,1.0,,3.0,,1.0,,,4.0,,,,1.0,,1.0,,,,,,,,,,13.0,13.0,13.0,,1.0,1.0,1.0,0.5,0.25,,0.3333333333333333,0.25,0.6666666666666666,,0.6666666666666666,0.45454545454545453,,0.5555555555555556,0.5,,0.5909090909090909,0.7272727272727273,,,,,0.6666666666666666,,,0.75,,0.8333333333333334,0.5,0.8,0.42857142857142855,,,,0.25,1.0,1.0,,1.0,0.6666666666666666,1.0,,96.47642679900744,,11.615384615384615,18.0,9.846153846153847,17.0,0.09090909090909091,1.0,1.0,1.0,0.09090909090909091,,,,0.09090909090909091,1.0,1.0,1.0,0.18181818181818182,,,,0.5454545454545454,0.3333333333333333,0.3333333333333333,0.5,,,,0.5,,,0.5,,,0.1111111111111111,1.0,0.1111111111111111,,0.5555555555555556,0.4,0.8181818181818182,0.3333333333333333,0.5189454545454546,0.4545,0.5124166666666666,0.08333333333333333,0.25,,,1.0,8.9,25.9125,1.0,,,,,,,,,1610612739,2017,2016-17,False
101114-202697-204002-2592-2747,1610612739,"Deron Williams, Iman Shumpert, Edy Tavares, James Jones, JR Smith","Williams, Shumpert, Tavares, Jones, Smith",101114-202697-204002-2592-2747,CLE,401.0,1,7.0,1.0,13.0,12.0,,8.0,3.0,25.0,,,,,,,1.0,2.0,,1.0,1.0,5.0,,,,,2.0,4.0,1.0,1.0,,,1.0,3.0,3.0,9.0,1.0,12.0,11.0,,1.0,1.0,1.0,1.0,4.0,,,,,,,2.0,,6.0,3.0,,4.0,2.0,,1.0,2.0,3.0,1.0,1.0,,1.0,,8.0,2.0,1.0,,3.0,1.0,1.0,5.0,3.0,8.0,1.0,1.0,1.0,,2.0,2.0,2.0,2.0,,,,,4.0,1.0,,4.0,,6.0,,,,1.0,,,,,1.0,,1.0,,,1.0,,1.0,,,,1.0,1.0,1.0,,,8.0,,,,,1.0,1.0,0.6666666666666666,0.3333333333333333,1.0,,0.3333333333333333,0.3333333333333333,,,0.4583333333333333,0.75,,0.5,1.0,,0.75,,,,,0.5,1.0,,1.0,0.5,0.75,0.3333333333333333,0.8,0.375,,1.0,,0.5,0.25,,1.0,,1.0,0.6666666666666666,0.125,89.77556109725685,1.0,16.076923076923077,16.0,13.923076923076923,15.25,,,,,0.16666666666666666,0.5,0.5,1.0,0.08333333333333333,,,,0.4166666666666667,0.2,0.2,1.0,0.3333333333333333,0.5,0.5,0.5,,,,,,,0.5,1.0,,,,,,,,0.75,0.5,0.5131708333333334,,,0.08333333333333333,,0.1111111111111111,0.3333333333333333,,9.666666666666666,24.87777777777778,,,,,,,,,,1610612739,2017,2016-17,False
1627770-202732-203895-2365-2399,1610612739,"Kay Felder, DeAndre Liggins, Jordan McRae, Chris Andersen, Mike Dunleavy","Felder, Liggins, McRae, Andersen, Dunleavy",1627770-202732-203895-2365-2399,CLE,401.0,1,7.0,-1.0,13.0,15.0,1.0,2.0,3.0,28.0,3.0,7.0,2.0,2.0,,,1.0,1.0,1.0,2.0,,,,,,,1.0,2.0,,,,,5.0,10.0,1.0,2.0,4.0,17.0,18.0,2.0,2.0,,,3.0,7.0,,,,,1.0,1.0,2.0,8.0,3.0,,4.0,2.0,1.0,1.0,1.0,1.0,2.0,1.0,,1.0,,,5.0,1.0,2.0,,1.0,3.0,1.0,5.0,3.0,8.0,,,,,1.0,,1.0,1.0,,,,,2.0,,,2.0,,3.0,,,1.0,4.0,,1.0,,,5.0,1.0,,,2.0,,1.0,,,,,,,,,,10.0,1.0,1.0,,1.0,0.2,0.3333333333333333,1.0,0.5,,,0.5,0.5,1.0,,0.5416666666666666,1.0,,0.6071428571428571,1.1666666666666667,0.5,0.16666666666666666,0.1,0.14285714285714285,,,0.5,1.0,,1.0,0.4,1.0,1.0,1.0,0.5,0.5,,,1.0,,,1.0,1.0,1.0,,,100.54862842892767,,15.76923076923077,13.066666666666666,15.692307692307692,13.066666666666666,0.5833333333333334,0.42857142857142855,0.5,0.3333333333333333,0.08333333333333333,1.0,1.0,,0.16666666666666666,0.5,0.5,,,,,,0.16666666666666666,0.5,0.5,1.0,1.0,1.0,,,,,,,,,,,,,,0.75,0.5,0.5503291666666666,0.70515,,0.15384615384615385,0.18181818181818182,,0.4117647058823529,0.058823529411764705,5.3100000000000005,24.85,0.07692307692307693,,,,,,,,,1610612739,2017,2016-17,False
101112-202682-202732-2210-2592,1610612739,"Channing Frye, Derrick Williams, DeAndre Liggins, Richard Jefferson, James Jones","Frye, Williams, Liggins, Jefferson, Jones",101112-202682-202732-2210-2592,CLE,400.0,2,7.0,3.0,12.0,12.0,3.0,,,24.0,1.0,3.0,,,,1.0,1.0,1.0,1.0,1.0,,,,,,,2.0,3.0,,,1.0,1.0,3.0,5.0,2.0,3.0,2.0,14.0,11.0,,,,,,,,1.0,1.0,1.0,2.0,5.0,4.0,2.0,3.0,3.0,,3.0,2.0,,2.0,1.0,3.0,1.0,,1.0,1.0,,7.0,,,,2.0,2.0,,4.0,,4.0,,1.0,1.0,,,1.0,,3.0,1.0,,,1.0,3.0,,,,,,,,,2.0,,,,,2.0,,,,,,1.0,1.0,,,1.0,,1.0,,,,14.0,3.0,2.0,,,0.6666666666666666,0.6666666666666666,0.5,0.6666666666666666,,1.0,0.6666666666666666,0.6,,,0.75,,0.75,0.7777777777777778,,0.8333333333333334,0.375,,,,,,,,0.5,,1.0,,0.6666666666666666,,,,,,,,1.0,0.5,1.0,,,86.39999999999999,,14.333333333333334,19.0,14.333333333333334,18.666666666666668,0.375,0.3333333333333333,0.3333333333333333,1.0,0.125,1.0,1.0,1.0,0.125,1.0,1.0,,,,,,0.375,0.6666666666666666,0.6666666666666666,0.5,,,,,,,,,,0.5,,,,0.5,1.0,0.75,0.6666666666666666,0.4976,,0.43845,,,,,0.35714285714285715,6.659999999999999,27.133333333333336,0.25,,,,,,,,,1610612739,2017,2016-17,False
101112-101114-202697-202732-2544,1610612739,"Channing Frye, Deron Williams, Iman Shumpert, DeAndre Liggins, LeBron James","Frye, Williams, Shumpert, Liggins, James",101112-101114-202697-202732-2544,CLE,398.0,1,7.0,12.0,12.0,12.0,,,1.0,24.0,3.0,4.0,,,,,1.0,2.0,2.0,3.0,,1.0,,1.0,,,2.0,3.0,,,,,6.0,9.0,2.0,4.0,1.0,19.0,7.0,,,,1.0,,,,,,,,,8.0,4.0,6.0,,,3.0,2.0,1.0,4.0,2.0,6.0,2.0,,3.0,,1.0,14.0,,1.0,,5.0,2.0,1.0,8.0,1.0,9.0,,1.0,,1.0,,,,,,,,,,,,3.0,,4.0,,,,4.0,,1.0,,,3.0,3.0,,,3.0,,,,,,,,,,,,19.0,,,,,0.6666666666666666,0.6666666666666666,1.0,0.5,,,0.5,0.6666666666666666,,,0.6923076923076923,,,0.7307692307692307,,,0.3076923076923077,0.1111111111111111,0.25,,,,1.0,,1.0,0.3333333333333333,1.0,,1.0,0.2,,,1.0,,,1.0,1.0,,1.0,1.0,,86.83417085427135,,16.666666666666668,16.5,16.416666666666668,16.5,0.3076923076923077,0.75,1.0,1.0,0.15384615384615385,0.5,0.5,,0.23076923076923078,0.6666666666666666,0.6666666666666666,0.5,0.07692307692307693,,,,0.23076923076923078,0.6666666666666666,0.6666666666666666,1.0,,,,1.0,,,,,,,,,,,,0.6153846153846154,0.6666666666666666,0.4950307692307692,0.5835,,0.23076923076923078,0.3333333333333333,,,,7.833333333333333,25.6,,,,,,,,,,1610612739,2017,2016-17,False
101112-202681-202684-202697-2594,1610612739,"Channing Frye, Kyrie Irving, Tristan Thompson, Iman Shumpert, Kyle Korver","Frye, Irving, Thompson, Shumpert, Korver",101112-202681-202684-202697-2594,CLE,397.0,3,7.0,-5.0,13.0,14.0,4.0,,1.0,27.0,2.0,2.0,1.0,1.0,2.0,2.0,1.0,3.0,1.0,1.0,,1.0,,,,,2.0,5.0,,,1.0,3.0,4.0,6.0,2.0,6.0,,14.0,19.0,1.0,1.0,,,,2.0,2.0,2.0,1.0,3.0,,7.0,2.0,6.0,6.0,,,5.0,2.0,,1.0,2.0,3.0,2.0,,1.0,,,8.0,1.0,,,,4.0,,4.0,1.0,5.0,,1.0,,1.0,1.0,,1.0,1.0,,,,,2.0,,,1.0,,2.0,,,1.0,,,,,,,,,,,,,,,,,,,,,,12.0,7.0,4.0,,,0.25,0.25,1.0,0.3333333333333333,,0.3333333333333333,0.3333333333333333,0.6666666666666666,1.0,1.0,0.5833333333333334,1.0,0.7,0.5833333333333334,1.0,0.7,0.5,,,,,0.5,,,0.5714285714285714,,,0.25,0.5714285714285714,0.16666666666666666,,,,0.3333333333333333,,0.3333333333333333,1.0,0.5,,,,97.93450881612091,,15.461538461538462,14.0,13.615384615384615,13.785714285714286,0.16666666666666666,1.0,1.0,0.5,0.25,0.3333333333333333,0.3333333333333333,,0.08333333333333333,1.0,1.0,,0.08333333333333333,,,,0.4166666666666667,0.4,0.4,1.0,1.0,1.0,,,,,,,,0.4,1.0,,,0.6,0.3333333333333333,0.6666666666666666,0.4,0.5218125,,0.5880799999999999,,,,0.14285714285714285,0.5,7.666666666666667,26.433333333333334,0.3076923076923077,,,,,,,,,1610612739,2017,2016-17,False
101114-202681-202684-2210-2747,1610612739,"Deron Williams, Kyrie Irving, Tristan Thompson, Richard Jefferson, JR Smith","Williams, Irving, Thompson, Jefferson, Smith",101114-202681-202684-2210-2747,CLE,395.0,2,7.0,-5.0,14.0,13.0,4.0,4.0,2.0,27.0,1.0,2.0,,,,1.0,,2.0,1.0,5.0,,1.0,,,,1.0,1.0,3.0,,,,,2.0,9.0,1.0,4.0,,7.0,12.0,,1.0,,,,,,2.0,,1.0,,,,4.0,3.0,,,3.0,1.0,1.0,,1.0,1.0,1.0,,,,,3.0,,2.0,,2.0,5.0,,7.0,2.0,9.0,,,,,1.0,,1.0,1.0,,,,,2.0,1.0,,1.0,,3.0,,1.0,,2.0,,,,,2.0,,,,1.0,,,,,,,,,,,,7.0,,4.0,,,,,1.0,0.25,,,0.25,0.2222222222222222,,,0.2692307692307692,,,0.25,,,0.3076923076923077,0.1111111111111111,,0.5,,0.5,,,0.5555555555555556,0.4,1.0,,0.6363636363636364,0.25,,0.5,0.3333333333333333,,,0.6666666666666666,,1.0,1.0,,,98.43037974683544,,12.714285714285714,16.692307692307693,12.642857142857142,16.0,0.15384615384615385,0.5,0.5,,0.15384615384615385,,,,0.38461538461538464,0.2,0.2,,0.07692307692307693,,,,0.23076923076923078,0.3333333333333333,0.3333333333333333,1.0,,,,,,,,,,0.3333333333333333,,0.3333333333333333,,,,0.46153846153846156,0.3333333333333333,0.4812923076923077,0.3041,0.5899333333333333,0.07142857142857142,0.1,,,,13.899999999999999,25.125,0.2857142857142857,,,,,,,,,1610612739,2017,2016-17,False
201567-202681-202697-2544-2594,1610612739,"Kevin Love, Kyrie Irving, Iman Shumpert, LeBron James, Kyle Korver","Love, Irving, Shumpert, James, Korver",201567-202681-202697-2544-2594,CLE,386.0,6,6.0,-3.0,18.0,14.0,13.0,7.0,,32.0,1.0,5.0,,,1.0,3.0,,1.0,1.0,1.0,,2.0,,,,2.0,2.0,5.0,,,2.0,5.0,2.0,7.0,2.0,7.0,4.0,14.0,17.0,,,,,,,2.0,4.0,2.0,7.0,2.0,12.0,4.0,,6.0,,,5.0,2.0,2.0,2.0,2.0,4.0,2.0,,1.0,,1.0,10.0,,,,2.0,1.0,1.0,4.0,,4.0,,1.0,1.0,,,,,,,,,,,,,2.0,,3.0,,,,3.0,,,1.0,,4.0,,,,2.0,,,,,,,,,,,,14.0,12.0,13.0,,,1.0,1.0,1.0,0.2857142857142857,,0.2857142857142857,0.2857142857142857,0.2857142857142857,,0.5,0.35714285714285715,,0.45454545454545453,0.4375,,0.5,0.5,0.2857142857142857,0.4,,,,1.0,,0.3333333333333333,,0.6666666666666666,,0.5,,,,,,,,0.5,,0.5,1.0,,119.37823834196891,,13.61111111111111,10.071428571428571,13.61111111111111,9.785714285714286,0.35714285714285715,0.2,0.3333333333333333,1.0,0.07142857142857142,,,,0.07142857142857142,1.0,1.0,1.0,0.14285714285714285,,,,0.35714285714285715,0.4,0.4,1.0,,,,,,,,,,0.2727272727272727,0.3333333333333333,0.18181818181818182,,0.45454545454545453,0.4,0.8571428571428571,0.4,0.4433214285714286,,0.41706363636363636,0.125,0.2222222222222222,,,0.8571428571428571,4.614285714285714,25.385714285714283,0.7222222222222222,,,,,,,,,1610612739,2017,2016-17,False
101112-201567-202681-202697-2399,1610612739,"Channing Frye, Kevin Love, Kyrie Irving, Iman Shumpert, Mike Dunleavy","Frye, Love, Irving, Shumpert, Dunleavy",101112-201567-202681-202697-2399,CLE,385.0,2,6.0,-5.0,14.0,14.0,,,2.0,28.0,2.0,3.0,1.0,1.0,,,,2.0,,1.0,1.0,2.0,,,,,,3.0,,,,,2.0,6.0,1.0,5.0,2.0,9.0,14.0,1.0,1.0,,,,2.0,,,,,,,,4.0,3.0,,2.0,3.0,,,,1.0,1.0,,1.0,,,,3.0,,2.0,,2.0,3.0,1.0,6.0,2.0,8.0,,1.0,1.0,,1.0,1.0,1.0,3.0,,,,1.0,4.0,1.0,,3.0,,4.0,,,1.0,1.0,,,,,2.0,,,,1.0,,,1.0,,,1.0,,1.0,,,,7.0,,,,,,,1.0,0.2,,,0.2,0.3333333333333333,1.0,,0.3181818181818182,1.0,,0.375,1.0,,0.45454545454545453,,,,,0.25,1.0,,0.75,0.5,0.6666666666666666,,0.7142857142857143,0.25,1.0,0.5,,,,0.6666666666666666,1.0,,0.6666666666666666,,,104.72727272727272,,11.5,16.0,11.285714285714286,15.214285714285714,0.2727272727272727,0.6666666666666666,0.6666666666666666,,0.18181818181818182,,,,0.09090909090909091,,,,0.18181818181818182,0.5,0.5,1.0,0.2727272727272727,,,,1.0,1.0,,,,,,,,,,,,,,0.7272727272727273,,0.5705045454545454,0.6318,,0.08333333333333333,0.14285714285714285,,0.2222222222222222,,6.566666666666666,25.68,,,,,,,,,,1610612739,2017,2016-17,False
202684-202697-203895-2210-2544,1610612739,"Tristan Thompson, Iman Shumpert, Jordan McRae, Richard Jefferson, LeBron James","Thompson, Shumpert, McRae, Jefferson, James",202684-202697-203895-2210-2544,CLE,379.0,2,6.0,-3.0,10.0,10.0,,,1.0,20.0,2.0,5.0,1.0,2.0,,,,,2.0,2.0,1.0,1.0,,,,,,1.0,,,,,4.0,7.0,1.0,2.0,1.0,12.0,15.0,1.0,2.0,,,,2.0,,,,,,,6.0,2.0,3.0,,2.0,1.0,,,3.0,1.0,4.0,,1.0,1.0,,2.0,9.0,,2.0,,1.0,1.0,,2.0,2.0,4.0,,1.0,1.0,,1.0,,1.0,1.0,1.0,,,,2.0,,,,,,,,,1.0,,,,,2.0,,,,1.0,,,,,,,,,,,,10.0,,,,,0.75,1.0,1.0,0.5,,,0.5,0.5714285714285714,0.5,,0.6111111111111112,0.5,,0.6,0.5,,0.2222222222222222,,,,,0.5,,,0.3333333333333333,0.6666666666666666,0.5,,0.4,0.5,0.6666666666666666,,,,,,,1.0,0.5,,,75.98944591029024,,16.7,21.2,16.6,19.2,0.5555555555555556,0.4,0.4,0.5,,,,,0.2222222222222222,1.0,1.0,1.0,0.1111111111111111,1.0,1.0,1.0,0.1111111111111111,,,,1.0,0.5,,,,,,,,,,,,,,0.7777777777777778,,0.5389444444444444,0.61955,,0.1,0.125,,0.16666666666666666,,5.314285714285715,24.3,,,,,,,,,,1610612739,2017,2016-17,False
202732-203895-2210-2365-2399,1610612739,"DeAndre Liggins, Jordan McRae, Richard Jefferson, Chris Andersen, Mike Dunleavy","Liggins, McRae, Jefferson, Andersen, Dunleavy",202732-203895-2210-2365-2399,CLE,369.0,1,6.0,-2.0,11.0,11.0,11.0,11.0,2.0,22.0,1.0,4.0,,3.0,1.0,4.0,,,1.0,4.0,,,,,,,1.0,3.0,,,1.0,3.0,2.0,8.0,1.0,3.0,2.0,9.0,11.0,,3.0,,,,,2.0,8.0,1.0,3.0,2.0,9.0,,4.0,3.0,,,3.0,1.0,2.0,,1.0,1.0,1.0,,,,,3.0,1.0,2.0,,2.0,,,2.0,3.0,5.0,1.0,1.0,1.0,,,1.0,,2.0,,,1.0,,2.0,,2.0,1.0,,3.0,,,,2.0,,,1.0,,2.0,,,,1.0,,,1.0,,,1.0,,1.0,,1.0,,9.0,9.0,11.0,2.0,,,,1.0,0.3333333333333333,,0.3333333333333333,0.3333333333333333,0.25,,0.25,0.3181818181818182,,0.3181818181818182,0.375,,0.375,0.2727272727272727,0.25,0.25,,0.25,,,,,0.3333333333333333,1.0,0.5,0.4,0.375,0.3333333333333333,,0.3333333333333333,0.5,,,,,1.0,1.0,0.16666666666666666,85.85365853658536,,17.545454545454547,16.0,16.181818181818183,15.454545454545455,0.36363636363636365,0.25,0.3333333333333333,,,,,,0.36363636363636365,0.25,0.3333333333333333,,,,,,0.2727272727272727,0.3333333333333333,0.3333333333333333,1.0,1.0,,,,,,,,,0.36363636363636365,0.25,,,0.2727272727272727,0.3333333333333333,0.6363636363636364,0.3333333333333333,0.5088454545454545,0.591,0.5088454545454545,0.08333333333333333,0.1111111111111111,,,1.0,10.075,24.766666666666666,1.0,,,,,,,,,1610612739,2017,2016-17,False
101112-201567-202697-2544-2594,1610612739,"Channing Frye, Kevin Love, Iman Shumpert, LeBron James, Kyle Korver","Frye, Love, Shumpert, James, Korver",101112-201567-202697-2544-2594,CLE,368.0,3,6.0,-1.0,13.0,11.0,4.0,3.0,2.0,24.0,2.0,3.0,1.0,1.0,,,,,,1.0,1.0,1.0,,,,,1.0,6.0,,,,2.0,2.0,4.0,2.0,7.0,3.0,13.0,14.0,1.0,1.0,,,1.0,3.0,,,,2.0,2.0,2.0,2.0,2.0,6.0,,,6.0,1.0,,1.0,2.0,3.0,1.0,1.0,1.0,,,8.0,2.0,,,,2.0,1.0,3.0,2.0,5.0,,1.0,1.0,,,,,2.0,1.0,,,,2.0,,1.0,,,,,,,2.0,,,,,4.0,,,,2.0,,,,,,,,,,,,10.0,2.0,4.0,,,0.5,0.5,1.0,0.2857142857142857,,,0.2857142857142857,0.5,1.0,,0.45454545454545453,1.0,,0.5,0.75,0.3333333333333333,0.6363636363636364,,,,,,1.0,,1.0,,,0.4,0.6666666666666666,0.3333333333333333,,,,0.4,,1.0,,1.0,,,,93.91304347826086,,15.615384615384615,15.0,15.0,14.727272727272727,0.2727272727272727,0.6666666666666666,0.6666666666666666,0.5,,,,,0.09090909090909091,,,,0.09090909090909091,1.0,1.0,1.0,0.5454545454545454,0.16666666666666666,0.16666666666666666,1.0,1.0,1.0,1.0,,,,,,,,,,,1.0,,0.9090909090909091,0.16666666666666666,0.5654045454545454,,0.5385,0.15384615384615385,0.3333333333333333,,0.23076923076923078,0.15384615384615385,6.4,25.071428571428573,0.3076923076923077,,,,,,,,,1610612739,2017,2016-17,False
1627770-2210-2544-2592-2594,1610612739,"Kay Felder, Richard Jefferson, LeBron James, James Jones, Kyle Korver","Felder, Jefferson, James, Jones, Korver",1627770-2210-2544-2592-2594,CLE,363.0,1,6.0,8.0,11.0,12.0,,,,23.0,2.0,2.0,,,,,,,1.0,1.0,,,,,,,2.0,4.0,,,,,3.0,3.0,2.0,4.0,3.0,15.0,7.0,,,,,,,,,,,,,4.0,2.0,6.0,,,4.0,2.0,,2.0,2.0,4.0,2.0,,1.0,,1.0,10.0,,,,2.0,3.0,,5.0,,5.0,,2.0,1.0,1.0,1.0,,,,,1.0,,,1.0,,,1.0,1.0,4.0,,,,6.0,,,,,6.0,,,,3.0,,,2.0,,,1.0,1.0,2.0,1.0,,,15.0,,,,,0.6666666666666666,0.6666666666666666,1.0,0.5,,,0.5,1.0,,,0.8571428571428571,,,0.75,,,0.5714285714285714,,,,,1.0,,,0.5,,1.0,,0.625,,,,,,,,0.3333333333333333,1.0,1.0,,,91.2396694214876,0.5,13.818181818181818,17.583333333333332,13.818181818181818,15.666666666666666,0.2857142857142857,1.0,1.0,0.5,,,,,0.14285714285714285,1.0,1.0,1.0,,,,,0.5714285714285714,0.5,0.5,1.0,,,,,,,,,,,,,,,,0.8571428571428571,0.5,0.5658785714285715,,,0.3,0.5,,,,7.466666666666666,27.45,,,,,,,,,,1610612739,2017,2016-17,False
202336-202682-202697-202732-2592,1610612739,"Larry Sanders, Derrick Williams, Iman Shumpert, DeAndre Liggins, James Jones","Sanders, Williams, Shumpert, Liggins, Jones",202336-202682-202697-202732-2592,CLE,362.0,2,6.0,-9.0,13.0,14.0,13.0,14.0,1.0,27.0,2.0,4.0,,1.0,2.0,4.0,,1.0,1.0,3.0,1.0,1.0,,,1.0,1.0,,,,,,,3.0,8.0,1.0,1.0,,9.0,18.0,,1.0,,,,,3.0,8.0,1.0,1.0,,9.0,,6.0,3.0,,,,,1.0,,1.0,1.0,,1.0,,,,3.0,,1.0,,,2.0,1.0,3.0,1.0,4.0,,,,,4.0,,3.0,1.0,,1.0,,1.0,5.0,,5.0,3.0,,5.0,,1.0,,,,,,,,,,,,,,,,,,,,,,,9.0,9.0,13.0,2.0,,,,1.0,1.0,,1.0,1.0,0.375,,0.375,0.5,,0.5,0.5,,0.5,0.1111111111111111,0.125,0.25,,,0.8,1.0,,0.6666666666666666,0.2,,,0.5,0.2,,,0.5,,,,,1.0,,,,107.40331491712708,,16.615384615384617,10.428571428571429,16.384615384615383,10.071428571428571,0.4444444444444444,0.5,0.6666666666666666,,0.1111111111111111,,,,0.3333333333333333,0.3333333333333333,0.3333333333333333,,0.1111111111111111,1.0,1.0,1.0,,,,,1.0,,,,,,,,,0.4444444444444444,0.5,0.1111111111111111,1.0,,,0.5555555555555556,,0.4495555555555556,0.4135,0.4495555555555556,,,,,1.0,9.0375,22.8,1.0,,,,,,,,,1610612739,2017,2016-17,False
101112-203895-2210-2544-2594,1610612739,"Channing Frye, Jordan McRae, Richard Jefferson, LeBron James, Kyle Korver","Frye, McRae, Jefferson, James, Korver",101112-203895-2210-2544-2594,CLE,356.0,2,6.0,-8.0,10.0,11.0,4.0,,1.0,21.0,,1.0,,,,,,1.0,2.0,2.0,1.0,1.0,,,,,,3.0,,,,3.0,2.0,4.0,1.0,4.0,5.0,12.0,20.0,1.0,1.0,,,,2.0,1.0,2.0,,3.0,,2.0,2.0,2.0,3.0,,,3.0,,2.0,1.0,1.0,2.0,,1.0,,,1.0,5.0,1.0,,,,3.0,,3.0,1.0,4.0,,,,,,,,,,,,,,,,2.0,,2.0,,,,5.0,,,,,7.0,,,1.0,3.0,,,1.0,,,1.0,,1.0,1.0,,,10.0,2.0,4.0,,,0.5,0.5,1.0,0.25,,,0.25,0.5,1.0,0.5,0.4375,1.0,0.2,0.5,1.0,0.2,0.5,0.5,1.0,1.0,,,,,1.0,,,0.3333333333333333,1.0,0.2,,,,0.3333333333333333,,1.0,1.0,1.0,,,,84.9438202247191,1.0,18.8,15.272727272727273,16.8,15.272727272727273,0.125,,,,0.125,,,,0.25,1.0,1.0,0.5,0.125,1.0,1.0,1.0,0.375,,,,,,,,,,,,,,,,,0.6,,0.625,,0.466875,,0.46130000000000004,0.2727272727272727,0.42857142857142855,,0.16666666666666666,0.16666666666666666,12.35,25.85,0.4,,,,,,,,,1610612739,2017,2016-17,False
101112-201567-202681-202697-2594,1610612739,"Channing Frye, Kevin Love, Kyrie Irving, Iman Shumpert, Kyle Korver","Frye, Love, Irving, Shumpert, Korver",101112-201567-202681-202697-2594,CLE,352.0,2,6.0,,13.0,12.0,1.0,4.0,1.0,25.0,,,,,,,,1.0,,,,2.0,,,,,3.0,7.0,,,,1.0,,1.0,3.0,9.0,7.0,16.0,16.0,,,,,3.0,3.0,,,,1.0,,,,,6.0,3.0,,7.0,3.0,,,2.0,2.0,2.0,,,,,6.0,1.0,,,3.0,,,3.0,1.0,4.0,,1.0,1.0,,,1.0,,1.0,,,,,1.0,,,1.0,,1.0,,,,5.0,,1.0,,,7.0,,,,2.0,1.0,,,,,,,,,,,13.0,,1.0,,,,,0.6666666666666666,0.3333333333333333,,,0.3333333333333333,,,,0.45,,,0.6153846153846154,1.5,,0.9,,,,,,,,,,1.0,0.16666666666666666,0.75,0.14285714285714285,,,,,0.5,,,,1.0,,,102.27272727272728,,12.76923076923077,15.5,12.538461538461538,15.0,,,,,0.1,,,,,,,,0.2,,,,0.7,0.42857142857142855,0.42857142857142855,0.6666666666666666,,,,,,,,,,,,,,1.0,,0.9,0.42857142857142855,0.48635,,0.1161,0.23076923076923078,0.6666666666666666,0.1,0.1875,,13.4,26.133333333333333,0.07692307692307693,,,,,,,,,1610612739,2017,2016-17,False
201567-202681-202682-202684-2594,1610612739,"Kevin Love, Kyrie Irving, Derrick Williams, Tristan Thompson, Kyle Korver","Love, Irving, Williams, Thompson, Korver",201567-202681-202682-202684-2594,CLE,347.0,2,6.0,-11.0,12.0,12.0,12.0,2.0,1.0,24.0,1.0,3.0,,1.0,1.0,3.0,,1.0,1.0,1.0,,1.0,,1.0,,1.0,1.0,1.0,,,1.0,1.0,2.0,5.0,1.0,2.0,4.0,11.0,22.0,,2.0,,1.0,,,2.0,5.0,1.0,2.0,4.0,11.0,2.0,2.0,3.0,,,1.0,1.0,2.0,1.0,1.0,2.0,1.0,,,,1.0,5.0,1.0,2.0,,,2.0,,2.0,3.0,5.0,,,,,2.0,1.0,2.0,2.0,,,,,4.0,,4.0,5.0,,5.0,,,,3.0,,,,,6.0,,,,1.0,,2.0,,,,,,,,,,11.0,11.0,12.0,,2.0,0.5,0.5,1.0,0.5,,0.5,0.5,0.4,,0.4,0.5,,0.5,0.55,,0.55,0.2857142857142857,0.4,0.6666666666666666,,,0.5,,,0.6666666666666666,0.6666666666666666,,1.0,0.3333333333333333,0.75,1.0,,,,1.0,1.0,0.5,,,,,99.59654178674351,,13.666666666666666,15.25,12.083333333333334,13.25,0.42857142857142855,0.3333333333333333,1.0,,0.14285714285714285,,,,0.14285714285714285,1.0,1.0,1.0,0.14285714285714285,,,,0.14285714285714285,1.0,1.0,1.0,0.3333333333333333,,,0.3333333333333333,,,,,,0.42857142857142855,0.3333333333333333,0.14285714285714285,,0.14285714285714285,1.0,0.7142857142857143,1.0,0.5117357142857143,0.47885,0.5117357142857143,0.125,0.16666666666666666,,,1.0,6.8,24.5,1.0,,,,,,,,1.0,1610612739,2017,2016-17,False
101112-1627770-202684-202732-203895,1610612739,"Channing Frye, Kay Felder, Tristan Thompson, DeAndre Liggins, Jordan McRae","Frye, Felder, Thompson, Liggins, McRae",101112-1627770-202684-202732-203895,CLE,346.0,1,6.0,2.0,10.0,11.0,1.0,3.0,2.0,21.0,,2.0,,,,,,,1.0,2.0,1.0,1.0,1.0,1.0,,,2.0,2.0,1.0,1.0,1.0,1.0,1.0,4.0,3.0,3.0,5.0,16.0,14.0,,1.0,2.0,2.0,,6.0,,,1.0,1.0,,3.0,,2.0,9.0,,,2.0,2.0,2.0,,3.0,3.0,2.0,1.0,,,,9.0,,3.0,,2.0,2.0,,4.0,3.0,7.0,,,,,,1.0,,3.0,1.0,,,,3.0,,,,,1.0,1.0,,,3.0,,,,,6.0,,,,3.0,,,,,,,,,,,,10.0,3.0,1.0,,,,,1.0,1.0,1.0,1.0,1.0,0.25,,,0.7857142857142857,1.0,1.5,0.8,1.0,1.5,0.42857142857142855,0.5,1.0,,,,,,0.5,1.0,1.0,,0.6666666666666666,1.0,1.0,,1.0,,,,,1.0,1.0,,,87.39884393063583,,15.7,17.181818181818183,14.7,17.0,0.2857142857142857,,,,,,,,0.2857142857142857,0.5,0.5,,0.14285714285714285,1.0,1.0,1.0,0.2857142857142857,1.0,1.0,1.0,,,,0.3333333333333333,1.0,1.0,0.3333333333333333,1.0,1.0,,,,,1.0,1.0,0.7142857142857143,1.0,0.5146714285714286,0.4577,0.4254,0.3,0.42857142857142855,,0.375,0.1875,9.325,26.666666666666668,0.1,,,,,,,,,1610612739,2017,2016-17,False
101112-1627770-202697-2210-2592,1610612739,"Channing Frye, Kay Felder, Iman Shumpert, Richard Jefferson, James Jones","Frye, Felder, Shumpert, Jefferson, Jones",101112-1627770-202697-2210-2592,CLE,343.0,2,6.0,,12.0,11.0,,,,23.0,3.0,4.0,,,,,,1.0,2.0,3.0,,,,,,,1.0,4.0,,,,,5.0,8.0,1.0,4.0,1.0,14.0,14.0,,,,,,,,,,,,,2.0,8.0,3.0,,,4.0,1.0,,1.0,1.0,2.0,1.0,,1.0,,,5.0,,,,1.0,5.0,,6.0,,6.0,,,,,,,,,,,,,,,,2.0,,3.0,,,,1.0,,,,,1.0,1.0,,,1.0,,,,,,,,,,,,14.0,,,,,0.2,0.2,1.0,0.25,,,0.25,0.625,,,0.5416666666666666,,,0.5833333333333334,,,0.3333333333333333,,,,,,,,0.8333333333333334,,1.0,,0.8571428571428571,,,,,,,0.6666666666666666,1.0,1.0,1.0,,,96.5597667638484,,13.833333333333334,16.09090909090909,13.833333333333334,15.818181818181818,0.3333333333333333,0.75,0.75,0.3333333333333333,0.08333333333333333,,,,0.25,0.6666666666666666,0.6666666666666666,,,,,,0.3333333333333333,0.25,0.25,1.0,,,,,,,,,,,,,,,,0.6666666666666666,0.25,0.5431958333333333,,,0.08333333333333333,0.125,,,,8.7125,25.275,,,,,,,,,,1610612739,2017,2016-17,False
1627770-202697-203895-2399-2592,1610612739,"Kay Felder, Iman Shumpert, Jordan McRae, Mike Dunleavy, James Jones","Felder, Shumpert, McRae, Dunleavy, Jones",1627770-202697-203895-2399-2592,CLE,339.0,1,6.0,3.0,12.0,12.0,5.0,8.0,,24.0,1.0,1.0,,,1.0,1.0,,2.0,1.0,2.0,1.0,1.0,,,,,,1.0,,,,1.0,2.0,5.0,1.0,2.0,8.0,15.0,12.0,,,,,,,1.0,2.0,,1.0,4.0,6.0,2.0,2.0,3.0,,,1.0,,,1.0,1.0,2.0,,1.0,,,1.0,5.0,,,,,6.0,,6.0,,6.0,,,,,2.0,,,,,2.0,,,2.0,,1.0,,,2.0,,,,5.0,,,1.0,,8.0,,,,4.0,,,1.0,,,1.0,,1.0,,,,15.0,6.0,5.0,1.0,,0.5,0.5,1.0,0.5,,,0.5,0.4,,0.5,0.5,,0.3333333333333333,0.6818181818181818,,0.6,0.2857142857142857,,,,,1.0,,,0.8571428571428571,,,,0.8571428571428571,,,,,,,0.5,1.0,1.0,,,,101.94690265486724,,13.166666666666666,15.083333333333334,13.166666666666666,14.25,0.14285714285714285,1.0,1.0,,0.2857142857142857,,,,0.2857142857142857,0.5,0.5,1.0,0.14285714285714285,1.0,1.0,1.0,0.14285714285714285,,,,,,,,,,,,,0.3333333333333333,1.0,,,0.3333333333333333,,0.42857142857142855,,0.43855714285714287,,0.45868333333333333,0.36363636363636365,0.4444444444444444,,,0.4,10.8,25.7,0.4166666666666667,,,,,,,,,1610612739,2017,2016-17,False
201567-202681-202697-202732-2210,1610612739,"Kevin Love, Kyrie Irving, Iman Shumpert, DeAndre Liggins, Richard Jefferson","Love, Irving, Shumpert, Liggins, Jefferson",201567-202681-202697-202732-2210,CLE,333.0,2,6.0,,12.0,12.0,,3.0,1.0,24.0,2.0,2.0,1.0,1.0,,,,2.0,,,,2.0,,,,,2.0,4.0,,,,,2.0,4.0,2.0,6.0,,10.0,10.0,1.0,1.0,,,,2.0,,,,,,,4.0,,6.0,,,4.0,2.0,,2.0,2.0,4.0,2.0,,2.0,,,10.0,1.0,,,1.0,6.0,,7.0,1.0,8.0,,,,,2.0,,2.0,1.0,1.0,,,,3.0,,,2.0,,4.0,,,,,,,,,,,,,,,,1.0,,,1.0,,1.0,1.0,,,8.0,,,,,1.0,1.0,1.0,0.3333333333333333,,,0.3333333333333333,0.5,1.0,,0.5,1.0,,0.5,1.0,,0.6,,,,,0.6666666666666666,,,1.0,,1.0,0.25,1.0,0.16666666666666666,,,,0.5,,1.0,1.0,1.0,1.0,,,103.78378378378379,1.0,16.0,11.75,15.75,11.75,0.2,1.0,1.0,1.0,0.2,,,,,,,,0.2,,,,0.4,0.5,0.5,1.0,1.0,1.0,1.0,,,,,,,,,,,,,0.8,0.5,0.578665,,,,,,0.2,,3.925,24.7,,,,,,,,,,1610612739,2017,2016-17,False
101112-1627770-202697-2210-2594,1610612739,"Channing Frye, Kay Felder, Iman Shumpert, Richard Jefferson, Kyle Korver","Frye, Felder, Shumpert, Jefferson, Korver",101112-1627770-202697-2210-2594,CLE,330.0,2,6.0,-2.0,10.0,11.0,,3.0,,21.0,1.0,1.0,,,,,,2.0,,,,,,,,,3.0,4.0,,,,,1.0,3.0,3.0,4.0,1.0,12.0,14.0,,,,,,,,,,,,,2.0,,9.0,,,4.0,3.0,,1.0,3.0,4.0,3.0,,1.0,,,11.0,,,,,3.0,1.0,4.0,,4.0,,,,,,,,2.0,1.0,,,,2.0,,,1.0,,3.0,,,1.0,3.0,,,1.0,,2.0,,,,1.0,,,2.0,,,1.0,1.0,2.0,1.0,,,12.0,,,,,1.0,1.0,1.0,0.75,,,0.75,0.3333333333333333,,,0.7857142857142857,,,0.75,,,0.5714285714285714,,,,,,1.0,,0.6,,,,0.5,,,,,,,,0.5,1.0,,,,91.63636363636364,0.5,13.9,17.363636363636363,13.9,16.545454545454547,0.14285714285714285,1.0,1.0,1.0,0.2857142857142857,,,,,,,,,,,,0.5714285714285714,0.75,0.75,1.0,,,,,,,,,,,,,,,,0.7142857142857143,0.75,0.5348428571428572,,,0.125,0.25,,,,5.166666666666667,24.725,,,,,,,,,,1610612739,2017,2016-17,False
201567-202697-2399-2544-2747,1610612739,"Kevin Love, Iman Shumpert, Mike Dunleavy, LeBron James, JR Smith","Love, Shumpert, Dunleavy, James, Smith",201567-202697-2399-2544-2747,CLE,330.0,2,6.0,2.0,12.0,10.0,8.0,2.0,,22.0,3.0,3.0,,,3.0,3.0,,,,,1.0,1.0,,,1.0,1.0,1.0,3.0,,,1.0,1.0,3.0,3.0,2.0,4.0,5.0,17.0,15.0,,,,,,,3.0,3.0,2.0,2.0,5.0,17.0,2.0,4.0,6.0,,,3.0,1.0,,1.0,2.0,3.0,1.0,1.0,1.0,,,8.0,,,,1.0,1.0,,2.0,,2.0,,2.0,2.0,,1.0,,,2.0,,1.0,1.0,,3.0,,1.0,,,2.0,1.0,,,2.0,,,,,5.0,,,,,1.0,1.0,,,,,,,,,,17.0,17.0,8.0,,1.0,0.3333333333333333,0.3333333333333333,1.0,0.5,,1.0,0.5,1.0,,1.0,0.8571428571428571,,1.2,0.9444444444444444,,1.2142857142857142,0.5714285714285714,,,,,0.3333333333333333,,,0.5,,0.5,,0.5,,,,,,,,1.0,,0.5,,,96.0,,15.333333333333334,14.6,15.333333333333334,13.6,0.42857142857142855,1.0,1.0,0.3333333333333333,,,,,,,,,0.14285714285714285,1.0,1.0,1.0,0.42857142857142855,0.3333333333333333,0.3333333333333333,1.0,,,,,,,,,,0.6,1.0,0.2,1.0,0.2,1.0,1.0,0.3333333333333333,0.5781642857142858,,0.62235,0.125,,0.2,,1.0,0.9333333333333332,25.725,0.6666666666666666,,,,,,,,,1610612739,2017,2016-17,False
202681-202684-2544-2592-2747,1610612739,"Kyrie Irving, Tristan Thompson, LeBron James, James Jones, JR Smith","Irving, Thompson, James, Jones, Smith",202681-202684-2544-2592-2747,CLE,328.0,1,5.0,2.0,11.0,10.0,,,,21.0,1.0,1.0,,,,,,,1.0,2.0,,,,,,,2.0,6.0,,,,,2.0,3.0,2.0,6.0,,10.0,8.0,,,,,,,,,,,,,,4.0,6.0,,,6.0,2.0,,,2.0,2.0,2.0,,,,,6.0,,,,,4.0,,4.0,,4.0,,1.0,1.0,,1.0,,1.0,1.0,,,,,2.0,,,,,2.0,,,,,,,,,,,,,,,,,,,,,,,,,10.0,,,,,,,1.0,0.3333333333333333,,,0.3333333333333333,0.6666666666666666,,,0.5555555555555556,,,0.5555555555555556,,,0.6666666666666666,,,,,0.5,,,0.8,,,,0.8,,,,,,,1.0,0.5,1.0,,,,92.1951219512195,,16.818181818181817,14.3,16.818181818181817,14.0,0.1111111111111111,1.0,1.0,,,,,,0.2222222222222222,0.5,0.5,,,,,,0.6666666666666666,0.3333333333333333,0.3333333333333333,1.0,,,,,,,,,,,,,,,,0.7777777777777778,0.3333333333333333,0.5060833333333333,,,,,,,,12.200000000000001,26.333333333333332,,,,,,,,,,1610612739,2017,2016-17,False
101112-101114-202682-202697-2747,1610612739,"Channing Frye, Deron Williams, Derrick Williams, Iman Shumpert, JR Smith","Frye, Williams, Williams, Shumpert, Smith",101112-101114-202682-202697-2747,CLE,323.0,2,5.0,-4.0,7.0,9.0,,,,16.0,1.0,1.0,,,,,1.0,2.0,1.0,1.0,,,,,,,1.0,2.0,,,,,3.0,4.0,1.0,2.0,,9.0,13.0,,,,,,,,,,,,,,6.0,3.0,,,2.0,1.0,,,1.0,1.0,1.0,,,,,3.0,,,,,2.0,,2.0,,2.0,,,,,1.0,,1.0,,,,,,1.0,,,,,3.0,,1.0,,2.0,,,1.0,,,,,,,,,1.0,,,1.0,,1.0,,,,9.0,,,,,,,1.0,0.5,,,0.5,0.75,,,0.75,,,0.75,,,0.3333333333333333,,,,,1.0,,,0.4,,,,0.4,,,,,,,,1.0,1.0,,,,71.3312693498452,,23.428571428571427,17.666666666666668,23.428571428571427,16.22222222222222,0.16666666666666666,1.0,1.0,,0.3333333333333333,0.5,0.5,,0.16666666666666666,1.0,1.0,,,,,,0.3333333333333333,0.5,0.5,1.0,,,,,,,,,,,,,,,,0.5,0.5,0.4481916666666667,,,,,,,,9.65,25.15,,,,,,,,,,1610612739,2017,2016-17,False
202682-202697-204002-2210-2592,1610612739,"Derrick Williams, Iman Shumpert, Edy Tavares, Richard Jefferson, James Jones","Williams, Shumpert, Tavares, Jefferson, Jones",202682-202697-204002-2210-2592,CLE,319.0,1,5.0,1.0,11.0,11.0,4.0,11.0,,22.0,1.0,3.0,,,1.0,2.0,,,2.0,2.0,,,,,,,,1.0,,,,1.0,3.0,5.0,,1.0,6.0,12.0,11.0,,,,,,,1.0,2.0,,1.0,1.0,3.0,2.0,4.0,,,,1.0,,,1.0,,1.0,,,,,1.0,2.0,,,,2.0,3.0,,5.0,,5.0,,1.0,1.0,,,1.0,,1.0,,,,,1.0,,,,,,,,,4.0,,,,1.0,8.0,,,,3.0,,1.0,3.0,,,2.0,1.0,3.0,2.0,,,12.0,3.0,4.0,,1.0,0.3333333333333333,0.3333333333333333,,,,,,0.6,,0.5,0.5,,0.3333333333333333,0.6,,0.375,0.16666666666666666,,,,,,,,0.75,,1.0,,0.8333333333333334,,,,,,,0.5,1.0,,1.0,,,99.3103448275862,0.6666666666666666,12.727272727272727,16.272727272727273,12.727272727272727,16.272727272727273,0.5,0.3333333333333333,0.3333333333333333,,,,,,0.3333333333333333,1.0,1.0,0.5,,,,,0.16666666666666666,,,,,,,,,,,,,0.6666666666666666,0.5,,,0.3333333333333333,,0.6666666666666666,,0.50805,,0.5891000000000001,0.3333333333333333,0.375,,,0.25,8.76,25.3,0.36363636363636365,,,,,,,,,1610612739,2017,2016-17,False
101114-201567-202682-2210-2594,1610612739,"Deron Williams, Kevin Love, Derrick Williams, Richard Jefferson, Kyle Korver","Williams, Love, Williams, Jefferson, Korver",101114-201567-202682-2210-2594,CLE,318.0,1,5.0,-16.0,10.0,10.0,,,,20.0,,1.0,,,,,2.0,3.0,,,,,,,,,,2.0,,,,,2.0,4.0,,2.0,,4.0,20.0,,,,,,,,,,,,,4.0,,,,,2.0,,,2.0,,2.0,,,,2.0,,4.0,,,,1.0,1.0,,2.0,,2.0,,,,,1.0,2.0,1.0,3.0,,,,,4.0,,,1.0,,4.0,,2.0,1.0,4.0,,,,,,,,,,,,1.0,,,1.0,,1.0,,,,4.0,,,,,1.0,1.0,,,,,,0.5,,,0.3333333333333333,,,0.3333333333333333,,,0.3333333333333333,,,,,0.25,,,0.3333333333333333,,0.5,,0.4,,,,,,,,0.5,,0.5,,,90.56603773584906,,17.0,14.8,17.0,13.3,0.16666666666666666,,,,0.5,0.6666666666666666,0.6666666666666666,1.0,,,,,,,,,0.3333333333333333,,,,,,,,,,,,,,,,,,,0.5,,0.45915,,,,,,,,4.775,24.5,,,,,,,,,,1610612739,2017,2016-17,False
101114-202682-202684-2210-2594,1610612739,"Deron Williams, Derrick Williams, Tristan Thompson, Richard Jefferson, Kyle Korver","Williams, Williams, Thompson, Jefferson, Korver",101114-202682-202684-2210-2594,CLE,316.0,1,5.0,2.0,11.0,11.0,6.0,11.0,2.0,22.0,1.0,1.0,,,,,,4.0,1.0,4.0,,,,,,,,2.0,,,,1.0,2.0,9.0,,2.0,1.0,5.0,3.0,,,,,1.0,1.0,,5.0,,1.0,1.0,1.0,2.0,2.0,,,,2.0,,1.0,1.0,,1.0,,,1.0,,,2.0,,2.0,,4.0,5.0,,9.0,2.0,11.0,,,,,,,,1.0,,,,,1.0,1.0,1.0,,,,,,,3.0,1.0,1.0,,,3.0,1.0,,,1.0,,1.0,1.0,,,1.0,,1.0,1.0,,,4.0,1.0,6.0,,1.0,0.5,0.5,,,,,,0.2222222222222222,,,0.18181818181818182,,,0.20833333333333334,0.5,0.07142857142857142,0.18181818181818182,0.1111111111111111,,0.25,,,,,1.0,0.3333333333333333,0.8,,0.9,0.25,,0.25,0.5,,,1.0,1.0,1.0,0.8,,,100.25316455696202,1.0,16.0,12.727272727272727,15.909090909090908,12.090909090909092,0.09090909090909091,1.0,1.0,1.0,0.36363636363636365,,,,0.36363636363636365,0.25,0.25,,,,,,0.18181818181818182,,,,,,,,,,,,,,,,,0.16666666666666666,,0.2727272727272727,,0.45845,,0.398175,0.09090909090909091,0.1111111111111111,,0.2,0.2,13.055555555555555,24.9,0.5454545454545454,,,,,,,,,1610612739,2017,2016-17,False
101112-202681-202697-2399-2592,1610612739,"Channing Frye, Kyrie Irving, Iman Shumpert, Mike Dunleavy, James Jones","Frye, Irving, Shumpert, Dunleavy, Jones",101112-202681-202697-2399-2592,CLE,312.0,1,5.0,-5.0,12.0,12.0,,,,24.0,2.0,4.0,,,,,,2.0,,,,,,,,,2.0,4.0,,,,,2.0,6.0,2.0,4.0,,10.0,15.0,,,,,,,,,,,,,2.0,2.0,6.0,,,4.0,2.0,,1.0,2.0,3.0,2.0,,1.0,,,8.0,,,,1.0,4.0,,5.0,,5.0,,1.0,1.0,,2.0,,1.0,,,1.0,,,2.0,,,1.0,,2.0,,,,1.0,,,,,1.0,1.0,,,1.0,,,,,,,,,,,,10.0,,,,,0.5,0.5,1.0,0.5,,,0.5,0.3333333333333333,,,0.5,,,0.5,,,0.4,,,,,1.0,,,1.0,,1.0,,1.0,,,,,,,,1.0,1.0,1.0,,,110.76923076923076,,12.75,13.25,12.75,13.25,0.4,0.5,0.5,0.5,0.2,,,,,,,,,,,,0.4,0.5,0.5,1.0,,,,,,,,,,,,,,,,0.8,0.5,0.563175,,,0.1,0.16666666666666666,,,,3.733333333333333,26.075,,,,,,,,,,1610612739,2017,2016-17,False
101114-201567-202697-2544-2594,1610612739,"Deron Williams, Kevin Love, Iman Shumpert, LeBron James, Kyle Korver","Williams, Love, Shumpert, James, Korver",101114-201567-202697-2544-2594,CLE,312.0,3,5.0,,11.0,11.0,1.0,2.0,2.0,22.0,1.0,2.0,1.0,1.0,,,2.0,2.0,,1.0,,2.0,,,,1.0,,3.0,,,,,3.0,5.0,,5.0,1.0,7.0,7.0,1.0,2.0,,,,2.0,,1.0,,1.0,,,,6.0,,,2.0,3.0,,,,,,,,,,,,2.0,,,3.0,2.0,,5.0,2.0,7.0,,1.0,,1.0,,,,2.0,1.0,,,,2.0,,,,,2.0,,,1.0,2.0,,,1.0,,2.0,,,,1.0,,,,,,,,,,,,5.0,,1.0,,,,,,,,,,0.6,0.5,,0.3,0.5,,0.3181818181818182,0.5,,0.5,,,,,,,,1.0,,1.0,0.4,1.0,0.3333333333333333,,,,0.3333333333333333,0.5,,,1.0,1.0,1.0,,101.53846153846153,,16.818181818181817,11.545454545454545,16.181818181818183,11.545454545454545,0.2,0.5,0.5,,0.2,1.0,1.0,,0.1,,,,0.2,,,,0.3,,,,0.5,1.0,,,,,,,,,,0.5,,,,0.7,,0.51589,,0.4372,0.09090909090909091,0.16666666666666666,,0.2857142857142857,,6.279999999999999,24.96,0.09090909090909091,,,,,,,,,1610612739,2017,2016-17,False
202681-202682-202684-202697-2544,1610612739,"Kyrie Irving, Derrick Williams, Tristan Thompson, Iman Shumpert, LeBron James","Irving, Williams, Thompson, Shumpert, James",202681-202682-202684-202697-2544,CLE,311.0,3,5.0,-7.0,8.0,9.0,1.0,2.0,2.0,17.0,1.0,3.0,1.0,2.0,,,,,,1.0,,2.0,,,,,1.0,3.0,,,,1.0,1.0,4.0,1.0,5.0,2.0,7.0,14.0,1.0,2.0,,,,2.0,,,,1.0,,,2.0,,3.0,,,3.0,1.0,,1.0,1.0,2.0,1.0,,1.0,,,5.0,2.0,1.0,,3.0,1.0,,4.0,3.0,7.0,1.0,,,,1.0,,,,,1.0,,,1.0,,,1.0,,3.0,,,,4.0,,1.0,,,2.0,,,,1.0,,,,,,,,,,,,5.0,,1.0,,,1.0,1.0,1.0,0.2,,,0.2,0.25,0.5,,0.2777777777777778,0.5,,0.35,0.5,,0.5555555555555556,,,,,1.0,,,1.0,0.3333333333333333,1.0,0.5,1.0,0.42857142857142855,0.5,,,,1.0,1.0,,,1.0,,0.14285714285714285,78.71382636655949,,21.25,15.666666666666666,20.625,15.666666666666666,0.3333333333333333,0.3333333333333333,0.3333333333333333,1.0,,,,,0.1111111111111111,,,,0.2222222222222222,,,,0.3333333333333333,0.3333333333333333,0.3333333333333333,1.0,1.0,0.5,1.0,,,,,,,,,,,1.0,,0.8888888888888888,0.3333333333333333,0.5433555555555556,0.383,0.46305,0.1,0.2,,0.2857142857142857,,6.25,25.580000000000002,0.125,,,,,,,,,1610612739,2017,2016-17,False
201567-202681-202684-202732-203895,1610612739,"Kevin Love, Kyrie Irving, Tristan Thompson, DeAndre Liggins, Jordan McRae","Love, Irving, Thompson, Liggins, McRae",201567-202681-202684-202732-203895,CLE,309.0,1,5.0,2.0,11.0,11.0,,,1.0,22.0,2.0,4.0,,,,,1.0,1.0,1.0,4.0,1.0,1.0,,,,,,,,,,,4.0,9.0,1.0,1.0,,11.0,9.0,,1.0,,,,,,,,,,,6.0,2.0,,3.0,,,,2.0,3.0,,3.0,,,2.0,1.0,,6.0,,1.0,,3.0,3.0,,6.0,1.0,7.0,,,,,,,,1.0,1.0,,,,1.0,,,,,,,,,3.0,1.0,,,,2.0,,,,1.0,,,1.0,,,1.0,,1.0,1.0,,,11.0,,,,,0.75,0.75,,1.0,,,1.0,0.4444444444444444,,,0.55,,,0.5,,,0.1,0.2222222222222222,0.5,,,,,,1.0,0.2,1.0,,1.0,0.2,0.5,,,,,1.0,1.0,,1.0,1.0,,102.52427184466019,1.0,14.0,14.090909090909092,13.545454545454545,14.090909090909092,0.4,0.5,1.0,1.0,0.1,1.0,1.0,1.0,0.4,0.25,0.25,,0.1,1.0,1.0,,,,,,,,,,,,,,,,,,,,,0.5,,0.52848,0.3717,,0.09090909090909091,0.1,,,,9.377777777777778,22.6,,,,,,,,,,1610612739,2017,2016-17,False
101114-202681-202682-202684-2544,1610612739,"Deron Williams, Kyrie Irving, Derrick Williams, Tristan Thompson, LeBron James","Williams, Irving, Williams, Thompson, James",101114-202681-202682-202684-2544,CLE,306.0,2,5.0,6.0,9.0,8.0,4.0,4.0,3.0,17.0,,1.0,,,,,1.0,2.0,,1.0,,2.0,,,,,2.0,2.0,,,2.0,2.0,1.0,4.0,2.0,4.0,2.0,10.0,4.0,1.0,1.0,,,1.0,3.0,,2.0,2.0,2.0,,6.0,,2.0,6.0,,,2.0,2.0,1.0,,2.0,2.0,2.0,,,,,6.0,1.0,2.0,,3.0,3.0,,6.0,3.0,9.0,,,,,,,,3.0,1.0,,,,3.0,2.0,1.0,,,2.0,2.0,,,2.0,,,,,3.0,1.0,,,2.0,,,,,,,,,,,,7.0,6.0,4.0,,,,,1.0,0.5,,1.0,0.5,0.25,1.0,,0.5,1.0,0.75,0.5555555555555556,1.5,0.75,0.5,0.25,1.0,,,,,,1.0,0.6666666666666666,1.0,0.5,1.0,0.6,1.0,1.0,,,0.5,1.0,,1.0,1.0,,,80.0,,18.333333333333332,17.625,15.333333333333334,17.625,0.125,,,,0.25,0.5,0.5,,0.125,,,,0.25,,,,0.25,1.0,1.0,1.0,,,,,,,,,,,,,,0.5,1.0,0.625,1.0,0.48078125,,0.4717625,0.2222222222222222,0.4,,0.3,0.6,7.425,24.575,0.4444444444444444,,,,,,,,,1610612739,2017,2016-17,False
201567-202681-202697-2399-2544,1610612739,"Kevin Love, Kyrie Irving, Iman Shumpert, Mike Dunleavy, LeBron James","Love, Irving, Shumpert, Dunleavy, James",201567-202681-202697-2399-2544,CLE,304.0,4,5.0,1.0,10.0,10.0,5.0,3.0,1.0,20.0,3.0,3.0,,,1.0,1.0,1.0,1.0,,,2.0,4.0,1.0,1.0,2.0,3.0,,2.0,,,,1.0,4.0,4.0,2.0,6.0,,14.0,13.0,,,1.0,1.0,,3.0,1.0,1.0,2.0,4.0,,8.0,2.0,6.0,6.0,,,2.0,,,1.0,2.0,3.0,,2.0,1.0,,,8.0,1.0,,,,2.0,1.0,3.0,1.0,4.0,1.0,1.0,1.0,,,,,1.0,1.0,,,,1.0,,1.0,,,,,,,3.0,,,1.0,1.0,,,,,,,,,,,,,,,,,11.0,8.0,5.0,,,0.25,0.25,1.0,0.3333333333333333,1.0,0.5,0.3333333333333333,1.0,,1.0,0.7,1.5,0.8,0.7,1.5,0.8,0.6,,,,,,1.0,,0.6666666666666666,,,0.25,0.3333333333333333,0.25,,,,0.5,,1.0,0.5,,,,0.25,94.73684210526316,,17.3,13.1,17.2,11.9,0.3,1.0,1.0,0.3333333333333333,0.1,1.0,1.0,,,,,,0.4,0.5,0.5,1.0,0.2,,,,,,,1.0,1.0,1.0,,,,0.2,1.0,0.6,0.6666666666666666,0.2,,0.9,,0.618465,,0.60546,,,,0.21428571428571427,0.5714285714285714,2.8,24.566666666666666,0.5,,,,,,,,,1610612739,2017,2016-17,False
201567-202681-202684-202697-2594,1610612739,"Kevin Love, Kyrie Irving, Tristan Thompson, Iman Shumpert, Kyle Korver","Love, Irving, Thompson, Shumpert, Korver",201567-202681-202684-202697-2594,CLE,303.0,3,5.0,-6.0,7.0,10.0,6.0,,1.0,17.0,1.0,1.0,,,,,,1.0,,1.0,,,,,,,1.0,3.0,,,1.0,2.0,1.0,3.0,1.0,3.0,2.0,7.0,13.0,,,,,2.0,2.0,,2.0,1.0,2.0,2.0,5.0,2.0,,3.0,,,3.0,1.0,,1.0,1.0,2.0,1.0,,1.0,,,5.0,1.0,1.0,,,3.0,,3.0,2.0,5.0,,,,,1.0,,1.0,,,,,,1.0,,1.0,2.0,,3.0,,,,4.0,,2.0,,,4.0,,,,1.0,,1.0,1.0,,,1.0,,1.0,,,,5.0,5.0,6.0,,1.0,1.0,1.0,1.0,0.3333333333333333,,0.5,0.3333333333333333,0.3333333333333333,,,0.4166666666666667,,0.375,0.4375,1.0,0.4166666666666667,0.5,,,,,1.0,,,0.5,0.5,,0.5,0.5,0.5,,1.0,,0.5,,0.3333333333333333,1.0,0.5,,,,80.79207920792079,,18.714285714285715,17.2,18.714285714285715,13.0,0.16666666666666666,1.0,1.0,1.0,0.16666666666666666,,,,0.16666666666666666,,,,,,,,0.5,0.3333333333333333,0.3333333333333333,1.0,,,,,,,,,,,,,,0.5,0.5,0.6666666666666666,0.3333333333333333,0.5018916666666667,,0.463125,0.14285714285714285,0.25,,0.2857142857142857,0.7142857142857143,10.033333333333333,24.900000000000002,0.8571428571428571,,,,,,,,,1610612739,2017,2016-17,False
101112-1627770-202697-2399-2544,1610612739,"Channing Frye, Kay Felder, Iman Shumpert, Mike Dunleavy, LeBron James","Frye, Felder, Shumpert, Dunleavy, James",101112-1627770-202697-2399-2544,CLE,302.0,1,5.0,-2.0,11.0,11.0,,,1.0,22.0,2.0,3.0,,,,,,,,2.0,,,,,,,1.0,5.0,,,,,2.0,5.0,1.0,5.0,,7.0,9.0,,,,,,,,,,,,,4.0,,3.0,,,5.0,1.0,,2.0,1.0,3.0,1.0,,2.0,,,7.0,1.0,,,1.0,4.0,,5.0,1.0,6.0,,2.0,2.0,,,1.0,,2.0,,,,,2.0,1.0,,1.0,,2.0,,,,1.0,,1.0,,,,,,,,,,,,,,,,,,,7.0,,,,,1.0,1.0,1.0,0.2,,,0.2,0.4,,,0.35,,,0.35,,,0.5,,,,,,,,1.0,,1.0,0.25,1.0,0.14285714285714285,,,,0.25,,,1.0,1.0,1.0,,,104.90066225165563,,12.636363636363637,14.818181818181818,12.181818181818182,14.818181818181818,0.3,0.6666666666666666,0.6666666666666666,1.0,,,,,0.2,,,,,,,,0.5,0.2,0.2,1.0,,,,,,,,,,,,,,,,0.8,0.2,0.577685,,,,,,,,6.92,26.4,,,1.0,,,,,,,1610612739,2017,2016-17,False
101112-202682-203895-2544-2594,1610612739,"Channing Frye, Derrick Williams, Jordan McRae, LeBron James, Kyle Korver","Frye, Williams, McRae, James, Korver",101112-202682-203895-2544-2594,CLE,299.0,1,5.0,6.0,11.0,12.0,6.0,,1.0,23.0,3.0,5.0,1.0,1.0,2.0,3.0,,2.0,,,,,,,,,1.0,2.0,,,,,3.0,7.0,1.0,2.0,3.0,12.0,6.0,1.0,1.0,,,1.0,3.0,2.0,5.0,,,3.0,7.0,4.0,2.0,,3.0,2.0,2.0,1.0,,2.0,,2.0,,,2.0,,,4.0,,1.0,,2.0,4.0,,6.0,1.0,7.0,,3.0,3.0,,1.0,1.0,1.0,1.0,,,,,2.0,,1.0,,,1.0,,1.0,,2.0,,,,,3.0,1.0,,,2.0,,,,,,,,,,,,9.0,7.0,6.0,,,0.6666666666666666,1.0,,0.5,,,0.5,0.42857142857142855,1.0,0.4,0.5,1.0,0.4,0.6,1.5,0.5833333333333334,0.2222222222222222,,,,,0.5,,,0.5,0.25,0.5,,0.5,0.2,0.5,,,,,0.3333333333333333,0.5,0.6666666666666666,0.6666666666666666,,,110.76923076923077,,11.363636363636363,14.5,11.363636363636363,11.083333333333334,0.5555555555555556,0.6,0.6,0.6666666666666666,0.2222222222222222,,,,,,,,,,,,0.2222222222222222,0.5,0.5,,1.0,1.0,,,,,,,,0.6,0.6666666666666666,,,,,0.7777777777777778,0.5,0.5522555555555555,0.5189,0.57728,0.2,0.25,,0.25,0.5833333333333334,3.542857142857143,24.45,0.5454545454545454,,,,,,,,,1610612739,2017,2016-17,False
202681-202684-202697-2210-2399,1610612739,"Kyrie Irving, Tristan Thompson, Iman Shumpert, Richard Jefferson, Mike Dunleavy","Irving, Thompson, Shumpert, Jefferson, Dunleavy",202681-202684-202697-2210-2399,CLE,296.0,2,5.0,-6.0,9.0,9.0,,,1.0,18.0,,1.0,,,,,,2.0,,2.0,,1.0,,,,,2.0,3.0,1.0,1.0,,,,5.0,2.0,4.0,2.0,8.0,14.0,,,1.0,1.0,,3.0,,,,,,,,,3.0,3.0,,2.0,2.0,,,1.0,1.0,1.0,,,,,3.0,,1.0,,,2.0,,2.0,1.0,3.0,,,,,1.0,,,,,1.0,,,1.0,,,,,1.0,,,,2.0,,,,,2.0,,,,1.0,,,,,,,,,,,,5.0,,,,,,,0.5,0.5,1.0,,0.6666666666666666,,,,0.3333333333333333,1.5,,0.4,1.5,,0.4444444444444444,,,,,1.0,,,0.5,0.2,,,0.5,0.16666666666666666,,0.5,,,,,0.5,1.0,,,,87.56756756756756,,18.11111111111111,14.777777777777779,17.555555555555557,14.222222222222221,0.1111111111111111,,,,0.2222222222222222,,,,0.2222222222222222,,,,0.1111111111111111,,,,0.3333333333333333,0.6666666666666666,0.6666666666666666,0.5,,,,,,,1.0,1.0,1.0,,,,,,,0.5555555555555556,1.0,0.4829125,0.5781,,0.1,0.16666666666666666,,0.375,,11.26,34.175,,,,,,1.0,,,,1610612739,2017,2016-17,False
101112-202681-202697-2210-2399,1610612739,"Channing Frye, Kyrie Irving, Iman Shumpert, Richard Jefferson, Mike Dunleavy","Frye, Irving, Shumpert, Jefferson, Dunleavy",101112-202681-202697-2210-2399,CLE,290.0,2,5.0,-2.0,8.0,9.0,,,,17.0,2.0,2.0,,,,,1.0,2.0,,,,,,,,,,,,,,,3.0,4.0,,,3.0,9.0,11.0,,,,,,,,,,,,,2.0,4.0,,,,,,,1.0,,1.0,,,,1.0,,2.0,,,,1.0,3.0,,4.0,,4.0,,,,,1.0,,1.0,1.0,1.0,,,,2.0,,,2.0,,3.0,,,,2.0,,,,1.0,4.0,,,,2.0,,,,,,,,,,,,9.0,,,,,0.3333333333333333,0.3333333333333333,,,,,,0.75,,,0.75,,,0.75,,,,,,,,0.5,,,1.0,,1.0,,1.0,,,,,,,,1.0,1.0,1.0,,,84.41379310344828,,17.75,16.444444444444443,17.75,16.444444444444443,0.5,1.0,1.0,,0.5,0.5,0.5,1.0,,,,,,,,,,,,,,,,,,,,,,,,,,,,0.5,,0.492825,,,0.3333333333333333,0.3333333333333333,,,,4.15,,,,,,,,,,,1610612739,2017,2016-17,False
202681-202682-202684-202697-2210,1610612739,"Kyrie Irving, Derrick Williams, Tristan Thompson, Iman Shumpert, Richard Jefferson","Irving, Williams, Thompson, Shumpert, Jefferson",202681-202682-202684-202697-2210,CLE,285.0,3,5.0,,9.0,9.0,6.0,2.0,,18.0,,,,,,,,1.0,1.0,2.0,1.0,1.0,,,,,1.0,1.0,,,,,1.0,3.0,2.0,2.0,4.0,12.0,12.0,,,,,,,1.0,3.0,,,2.0,4.0,,2.0,6.0,,,1.0,1.0,1.0,,2.0,2.0,1.0,1.0,,,,6.0,,,,,3.0,1.0,4.0,,4.0,,,,,,1.0,,2.0,,,,,2.0,,2.0,1.0,,2.0,,,1.0,2.0,,,,,5.0,,,,1.0,1.0,,1.0,,,,1.0,1.0,1.0,,,12.0,4.0,6.0,,,,,1.0,1.0,,,1.0,0.3333333333333333,,0.3333333333333333,0.8,,0.3333333333333333,0.8571428571428571,,0.5,0.4,0.3333333333333333,,1.0,,,1.0,,0.42857142857142855,,,,0.42857142857142855,,,,,,,0.5,0.3333333333333333,,,,,90.94736842105263,1.0,14.333333333333334,17.333333333333332,14.333333333333334,17.0,,,,,0.2,,,,0.4,0.5,0.5,,0.2,1.0,1.0,1.0,0.2,1.0,1.0,1.0,,,,,,,,,,,,,,,,0.4,1.0,0.48297,,0.4293,0.2857142857142857,0.25,0.3333333333333333,,0.3333333333333333,12.033333333333333,25.2,0.6666666666666666,,,,,,,,,1610612739,2017,2016-17,False
101112-202681-202697-2210-2747,1610612739,"Channing Frye, Kyrie Irving, Iman Shumpert, Richard Jefferson, JR Smith","Frye, Irving, Shumpert, Jefferson, Smith",101112-202681-202697-2210-2747,CLE,281.0,2,5.0,-9.0,9.0,10.0,2.0,1.0,1.0,19.0,2.0,3.0,1.0,1.0,1.0,1.0,,1.0,,3.0,1.0,1.0,,,,,1.0,3.0,,,,2.0,2.0,7.0,2.0,4.0,,10.0,19.0,1.0,1.0,,,,2.0,1.0,2.0,,2.0,,2.0,,4.0,6.0,,,2.0,1.0,,,2.0,2.0,1.0,1.0,,,,6.0,,1.0,,,,1.0,1.0,1.0,2.0,1.0,,,,,,,,,,,,,,,,,1.0,,1.0,,,,,,,,,,,,,,,,,,,,,,,8.0,2.0,2.0,,,,,1.0,0.5,,,0.6666666666666666,0.2857142857142857,1.0,0.5,0.45454545454545453,1.0,0.25,0.45454545454545453,1.0,0.25,0.36363636363636365,,,,,,1.0,,,0.25,,,,0.2,,1.0,,,,,,,,,0.2,97.36654804270462,,16.22222222222222,13.5,15.88888888888889,13.5,0.2727272727272727,0.6666666666666666,0.6666666666666666,,0.09090909090909091,,,,0.2727272727272727,,,,0.09090909090909091,1.0,1.0,1.0,0.2727272727272727,0.3333333333333333,0.3333333333333333,1.0,1.0,1.0,,,,,,,,0.25,1.0,,,0.5,,0.6363636363636364,0.5,0.5079100000000001,0.7155,0.5615666666666667,,,,0.2,0.2,9.314285714285715,29.2,0.2222222222222222,,,,,1.0,,,,1610612739,2017,2016-17,False
101112-101114-202697-2210-2747,1610612739,"Channing Frye, Deron Williams, Iman Shumpert, Richard Jefferson, JR Smith","Frye, Williams, Shumpert, Jefferson, Smith",101112-101114-202697-2210-2747,CLE,275.0,2,5.0,-3.0,11.0,10.0,7.0,5.0,,21.0,,,,,,,2.0,3.0,1.0,2.0,1.0,1.0,,,,,,3.0,,,,3.0,3.0,5.0,1.0,4.0,3.0,12.0,15.0,,,,,,,2.0,3.0,,3.0,2.0,6.0,,6.0,3.0,,,3.0,,,,1.0,1.0,,1.0,,,,3.0,,,,,2.0,,2.0,,2.0,,1.0,1.0,,1.0,,,,,1.0,,,1.0,,,4.0,,4.0,,,,2.0,,,,1.0,3.0,1.0,,,1.0,,1.0,,,,,,,,,,12.0,6.0,7.0,,1.0,,,1.0,0.25,,,0.25,0.6,,0.6666666666666666,0.5,,0.3333333333333333,0.6,,0.42857142857142855,0.4444444444444444,,,,,1.0,,,1.0,,,,1.0,,,,,,,,,1.0,,,,109.96363636363637,,12.545454545454545,13.7,12.545454545454545,13.7,,,,,0.3333333333333333,0.6666666666666666,0.6666666666666666,,0.2222222222222222,0.5,0.5,,0.1111111111111111,1.0,1.0,1.0,0.3333333333333333,,,,,,,,,,,,,,,,,0.5,,0.4444444444444444,,0.47787777777777785,,0.47290000000000004,0.1111111111111111,0.2,,,0.5,12.68,24.475,0.6363636363636364,,,,,,,,,1610612739,2017,2016-17,False
201567-202684-202732-2210-2544,1610612739,"Kevin Love, Tristan Thompson, DeAndre Liggins, Richard Jefferson, LeBron James","Love, Thompson, Liggins, Jefferson, James",201567-202684-202732-2210-2544,CLE,275.0,4,5.0,3.0,8.0,9.0,5.0,1.0,1.0,17.0,3.0,3.0,,,3.0,3.0,,2.0,,,,,,,,,,3.0,,,,2.0,3.0,5.0,,3.0,1.0,7.0,4.0,,1.0,,,,,3.0,3.0,,2.0,1.0,7.0,4.0,2.0,,,,3.0,,1.0,2.0,,2.0,,,2.0,,,4.0,1.0,,,2.0,3.0,,5.0,1.0,6.0,,1.0,1.0,,1.0,,1.0,,,,,,1.0,,1.0,,,1.0,,,,3.0,1.0,,,1.0,1.0,1.0,,,1.0,,,,,,,,,,,,7.0,7.0,5.0,1.0,,0.6666666666666666,0.6666666666666666,,,,,,0.6,,1.0,0.375,,0.6,0.4375,,0.7,0.375,0.2,,0.5,,1.0,,,1.0,,0.6666666666666666,0.5,0.8333333333333334,0.25,,,,0.5,,1.0,1.0,,0.5,1.0,,89.01818181818183,,18.0,14.555555555555555,16.25,13.222222222222221,0.375,1.0,1.0,0.6666666666666666,0.25,,,,,,,,,,,,0.375,,,,,,,,,,,,,0.6,1.0,,,0.4,,0.75,,0.4933375,,0.52416,0.125,0.2,,,1.0,3.46,27.366666666666664,0.625,,,,,,,,,1610612739,2017,2016-17,False
101112-202681-202732-2210-2544,1610612739,"Channing Frye, Kyrie Irving, DeAndre Liggins, Richard Jefferson, LeBron James","Frye, Irving, Liggins, Jefferson, James",101112-202681-202732-2210-2544,CLE,273.0,3,5.0,-1.0,9.0,9.0,2.0,1.0,,18.0,,,,,,,2.0,3.0,,,,,,,,,2.0,4.0,,,,,2.0,3.0,2.0,4.0,2.0,12.0,13.0,,,,,,,2.0,2.0,,,,4.0,4.0,,3.0,3.0,,4.0,2.0,,2.0,1.0,3.0,1.0,,,2.0,,7.0,,,,2.0,,1.0,3.0,,3.0,,,,,1.0,,1.0,,,,,,1.0,,,2.0,1.0,2.0,,,,2.0,,,,1.0,2.0,,,,1.0,,,,,,,,,,,,12.0,4.0,2.0,,,1.0,1.0,0.5,0.5,,,0.5,0.6666666666666666,,1.0,0.7142857142857143,,1.0,0.75,,1.0,0.5714285714285714,,,,,1.0,1.0,,,,1.0,,1.0,,,,,,,,,,1.0,1.0,,94.94505494505495,,15.444444444444445,14.88888888888889,15.444444444444445,14.88888888888889,,,,,0.42857142857142855,0.6666666666666666,0.6666666666666666,1.0,,,,,,,,,0.5714285714285714,0.5,0.5,0.5,,,,,,,,,,,,,,,,0.5714285714285714,0.5,0.46410714285714283,,0.3508,0.125,0.25,,,0.3333333333333333,7.333333333333333,26.575,0.2222222222222222,,,,,,,,,1610612739,2017,2016-17,False
101112-101114-202681-202682-2747,1610612739,"Channing Frye, Deron Williams, Kyrie Irving, Derrick Williams, JR Smith","Frye, Williams, Irving, Williams, Smith",101112-101114-202681-202682-2747,CLE,272.0,2,5.0,12.0,10.0,10.0,9.0,5.0,1.0,20.0,,2.0,,,,2.0,1.0,1.0,,,,,,,,,3.0,4.0,,,3.0,4.0,1.0,3.0,3.0,4.0,4.0,15.0,3.0,,,,,2.0,2.0,1.0,3.0,3.0,4.0,2.0,13.0,2.0,,6.0,3.0,,4.0,3.0,,1.0,2.0,3.0,2.0,,,1.0,,8.0,,,,1.0,5.0,,6.0,,6.0,,1.0,,1.0,1.0,,1.0,,,,,,1.0,,1.0,,1.0,1.0,,,,2.0,,,,,4.0,,,,2.0,,,,,,,,,,,,13.0,13.0,9.0,,,1.0,1.0,0.6666666666666666,0.75,,0.75,0.75,0.3333333333333333,,0.3333333333333333,0.7857142857142857,,0.7857142857142857,0.8333333333333334,1.0,0.8125,0.5714285714285714,,,,,1.0,,,1.0,,1.0,,1.0,,,,,,,,1.0,1.0,1.0,,,105.88235294117648,,12.1,15.1,10.7,15.1,0.2857142857142857,,,,0.14285714285714285,1.0,1.0,1.0,,,,,,,,,0.5714285714285714,0.75,0.75,0.6666666666666666,,,,,,,,,,0.2857142857142857,,,,0.5714285714285714,0.75,0.8571428571428571,0.75,0.5097285714285714,,0.5097285714285714,0.2222222222222222,0.4,,0.13333333333333333,0.8666666666666667,5.0,26.9,0.9,,,,,,,,,1610612739,2017,2016-17,False
101112-101114-202682-202732-2592,1610612739,"Channing Frye, Deron Williams, Derrick Williams, DeAndre Liggins, James Jones","Frye, Williams, Williams, Liggins, Jones",101112-101114-202682-202732-2592,CLE,272.0,1,5.0,3.0,7.0,8.0,,,1.0,15.0,,,,,,,2.0,3.0,2.0,2.0,,,,,,,,2.0,,,,,4.0,5.0,,2.0,,8.0,5.0,1.0,1.0,,,,2.0,,,,,,,2.0,6.0,,,,2.0,,,1.0,,1.0,,,,,1.0,2.0,1.0,,,3.0,2.0,,5.0,1.0,6.0,,,,,1.0,,1.0,,,,,,1.0,,,,,,,,,2.0,,,1.0,,1.0,1.0,,,1.0,,,,,,,,,,,,6.0,,,,,0.25,0.25,,,,,,0.8,1.0,,0.5714285714285714,1.0,,0.5714285714285714,1.0,,0.2857142857142857,,,,,1.0,,,0.6666666666666666,,0.75,0.5,0.7142857142857143,0.3333333333333333,,,,0.5,,0.5,1.0,,0.75,,,79.41176470588235,,18.428571428571427,17.875,16.714285714285715,16.5,,,,,0.42857142857142855,0.6666666666666666,0.6666666666666666,,0.2857142857142857,1.0,1.0,0.5,,,,,0.2857142857142857,,,,,,,,,,,,,,,,,,,0.2857142857142857,,0.4274857142857143,,,0.14285714285714285,0.2,,0.25,,13.34,24.3,,,,,,,,,,1610612739,2017,2016-17,False
101112-1627770-202684-2210-2594,1610612739,"Channing Frye, Kay Felder, Tristan Thompson, Richard Jefferson, Kyle Korver","Frye, Felder, Thompson, Jefferson, Korver",101112-1627770-202684-2210-2594,CLE,271.0,2,5.0,-1.0,9.0,8.0,,1.0,3.0,17.0,2.0,3.0,1.0,2.0,,,,3.0,,3.0,,,,,,,,1.0,,,,,2.0,9.0,,1.0,,4.0,5.0,1.0,2.0,,,,2.0,,,,,,,,4.0,,,,1.0,,2.0,,,,,,,,,,,4.0,,4.0,,,4.0,4.0,8.0,,1.0,1.0,,1.0,,1.0,2.0,,,,,3.0,1.0,,1.0,,3.0,,1.0,1.0,1.0,,,,,,,,,,,,,,,,,,,,,2.0,,,,,,,,,,,,0.2222222222222222,0.5,,0.2,0.5,,0.2,0.5,,0.1,0.2222222222222222,0.3333333333333333,0.3333333333333333,,0.3333333333333333,,,,0.5714285714285714,0.8,,0.5,0.5,,0.6666666666666666,0.6666666666666666,,,,,,0.8,,,90.33210332103322,,15.88888888888889,16.0,13.88888888888889,14.5,0.3,0.6666666666666666,1.0,,0.3,,,,0.3,,,,,,,,0.1,,,,1.0,0.5,,,,,,,,,,,,,,0.4,,0.45296000000000003,0.59255,,,,,0.5,,10.11111111111111,24.9,,,,,,,,,,1610612739,2017,2016-17,False
101112-201567-202681-202732-2210,1610612739,"Channing Frye, Kevin Love, Kyrie Irving, DeAndre Liggins, Richard Jefferson","Frye, Love, Irving, Liggins, Jefferson",101112-201567-202681-202732-2210,CLE,270.0,2,4.0,2.0,10.0,9.0,3.0,,1.0,19.0,,1.0,,,,,1.0,3.0,1.0,1.0,1.0,1.0,,,,,,2.0,,,,,2.0,5.0,1.0,3.0,4.0,11.0,9.0,1.0,1.0,,,,2.0,2.0,3.0,,,2.0,6.0,,4.0,3.0,,,2.0,,1.0,,1.0,1.0,,1.0,,,,3.0,,1.0,,,1.0,,1.0,1.0,2.0,,1.0,1.0,,1.0,,1.0,,,,,,1.0,,,2.0,,2.0,,,,3.0,,,,,4.0,,,,1.0,,1.0,,,,,,,,,,9.0,6.0,3.0,,1.0,,,1.0,0.3333333333333333,,,0.3333333333333333,0.4,1.0,0.6666666666666666,0.4375,1.0,0.6666666666666666,0.55,1.0,0.75,0.375,0.2,,0.3333333333333333,,1.0,,,1.0,0.3333333333333333,,,1.0,0.2,,0.5,,,,1.0,,,,,,101.33333333333333,,17.2,10.88888888888889,16.9,10.88888888888889,0.125,,,,0.375,0.3333333333333333,0.5,,0.125,1.0,1.0,,0.125,1.0,1.0,1.0,0.25,,,,,,,,,,,,,,,,,,,0.5,,0.43659375,0.3095,0.3500666666666667,0.1111111111111111,0.16666666666666666,,0.18181818181818182,0.5454545454545454,7.06,24.8,0.3,,,,,,,,,1610612739,2017,2016-17,False
101112-202681-202682-2544-2594,1610612739,"Channing Frye, Kyrie Irving, Derrick Williams, LeBron James, Kyle Korver","Frye, Irving, Williams, James, Korver",101112-202681-202682-2544-2594,CLE,270.0,4,4.0,4.0,11.0,7.0,7.0,,,18.0,4.0,5.0,,,2.0,2.0,,,,1.0,,1.0,,,,1.0,,1.0,,,,,4.0,6.0,,2.0,5.0,13.0,9.0,,,,,,,2.0,3.0,,1.0,4.0,8.0,4.0,4.0,,,,1.0,,,2.0,,2.0,,,2.0,,,4.0,,,,1.0,2.0,,3.0,,3.0,,,,,,,,1.0,,,1.0,,1.0,,1.0,1.0,,2.0,,1.0,,3.0,,,,,5.0,1.0,,,1.0,,2.0,2.0,,,2.0,,2.0,,,,13.0,8.0,7.0,,2.0,0.5,0.5,,,,,,0.6666666666666666,,0.6666666666666666,0.5,,0.5,0.65,,0.6666666666666666,0.25,,,,,,,,0.3333333333333333,,1.0,,0.42857142857142855,,,,,,,,0.5,,1.0,,,96.0,,13.727272727272727,17.0,13.727272727272727,13.428571428571429,0.625,0.8,0.8,0.5,,,,,0.125,,,,0.125,,,,0.125,,,,,,,,,,,,,0.5,1.0,0.25,,,,0.875,,0.52043125,,0.4678875,0.125,0.16666666666666666,,,0.6153846153846154,5.416666666666667,24.8,0.6363636363636364,,,,,,,,,1610612739,2017,2016-17,False
1627770-202684-202697-2210-2592,1610612739,"Kay Felder, Tristan Thompson, Iman Shumpert, Richard Jefferson, James Jones","Felder, Thompson, Shumpert, Jefferson, Jones",1627770-202684-202697-2210-2592,CLE,270.0,1,4.0,5.0,9.0,9.0,,2.0,3.0,18.0,3.0,4.0,,,,,,1.0,1.0,2.0,,,,,,,,3.0,,2.0,,,4.0,7.0,,3.0,2.0,10.0,5.0,,,,2.0,,,,,,,,,,8.0,,,,3.0,,,,,,,,,,,,,3.0,,3.0,2.0,,5.0,3.0,8.0,,1.0,1.0,,1.0,,,1.0,,1.0,,,2.0,1.0,,2.0,,3.0,,,1.0,3.0,,,,,2.0,1.0,,1.0,1.0,,,,,,,,,,,,10.0,,,,,,,,,,,,0.5714285714285714,,,0.4,,,0.45,,,0.3,,,,,0.5,,,1.0,1.0,1.0,,1.0,0.6,1.0,1.0,1.0,,,,,1.0,1.0,1.0,,96.0,,15.555555555555555,14.444444444444445,14.0,12.444444444444445,0.4,0.75,0.75,,0.1,,,,0.2,0.5,0.5,,,,,,0.3,,,,,,,,,,1.0,,,,,,,,,0.7,,0.50034,0.495375,,0.1,0.14285714285714285,,,,7.2,25.433333333333334,,,,,,,,,,1610612739,2017,2016-17,False
101112-202732-203895-2544-2594,1610612739,"Channing Frye, DeAndre Liggins, Jordan McRae, LeBron James, Kyle Korver","Frye, Liggins, McRae, James, Korver",101112-202732-203895-2544-2594,CLE,267.0,1,4.0,-1.0,8.0,8.0,,,1.0,16.0,,,,,,,,1.0,,1.0,2.0,3.0,,,,,2.0,2.0,,,,,,2.0,4.0,5.0,,12.0,13.0,,1.0,,,,,,,,,,,,,12.0,,,2.0,2.0,,,4.0,4.0,2.0,2.0,,,,12.0,,1.0,,2.0,,,2.0,1.0,3.0,,,,,2.0,,2.0,,,,,,2.0,,,2.0,,2.0,,,,1.0,,1.0,,,,,,,,,,,,,,,,,,,12.0,,,,,,,1.0,0.8,,,0.8,,,,0.8571428571428571,,,0.8571428571428571,,,0.7142857142857143,,,,,1.0,,,,0.5,1.0,,0.6666666666666666,0.3333333333333333,,1.0,,,,,,,1.0,,,86.29213483146067,,17.875,15.5,17.125,15.5,,,,,0.14285714285714285,,,,0.14285714285714285,,,,0.42857142857142855,0.6666666666666666,0.6666666666666666,1.0,0.2857142857142857,1.0,1.0,1.0,,,,,,,,,,,,,,,,0.7142857142857143,1.0,0.4925285714285715,0.4047,,,,,,,17.15,23.5,,,,,,,,,,1610612739,2017,2016-17,False
101112-202697-2210-2544-2592,1610612739,"Channing Frye, Iman Shumpert, Richard Jefferson, LeBron James, James Jones","Frye, Shumpert, Jefferson, James, Jones",101112-202697-2210-2544-2592,CLE,266.0,1,4.0,3.0,8.0,9.0,4.0,7.0,,17.0,1.0,1.0,,,,,,1.0,,,1.0,1.0,,,,,1.0,1.0,,,1.0,1.0,1.0,2.0,2.0,2.0,3.0,11.0,8.0,,,,,,,,,1.0,1.0,1.0,4.0,2.0,,6.0,,,1.0,1.0,,1.0,2.0,3.0,1.0,1.0,1.0,,,8.0,,,,1.0,,,1.0,,1.0,,1.0,1.0,,,,,1.0,1.0,,,,1.0,,1.0,1.0,,1.0,,,,5.0,,,,,6.0,,,,1.0,,2.0,,,,,,,,,,11.0,4.0,4.0,,2.0,1.0,1.0,1.0,1.0,,1.0,1.0,0.5,,,1.0,,1.5,0.7857142857142857,,0.6666666666666666,0.5,,,,,,,,,,1.0,,1.0,,,,,,,,,,1.0,,,92.03007518796991,,18.125,13.444444444444445,18.125,13.444444444444445,0.25,1.0,1.0,1.0,0.25,,,,,,,,0.25,1.0,1.0,1.0,0.25,1.0,1.0,1.0,,,,,,,,,,,,,,1.0,1.0,0.75,1.0,0.5207125,,0.489,0.2,0.3333333333333333,,,0.36363636363636365,3.95,25.25,0.5,,,,,,,,,1610612739,2017,2016-17,False
1627770-203895-2365-2399-2592,1610612739,"Kay Felder, Jordan McRae, Chris Andersen, Mike Dunleavy, James Jones","Felder, McRae, Andersen, Dunleavy, Jones",1627770-203895-2365-2399-2592,CLE,264.0,1,4.0,5.0,7.0,7.0,,4.0,1.0,14.0,2.0,4.0,,1.0,,,,,2.0,2.0,1.0,1.0,,,,,,,,,,,4.0,6.0,1.0,1.0,,11.0,6.0,,1.0,,,,,,,,,,,6.0,2.0,3.0,,,,,1.0,3.0,1.0,4.0,,1.0,1.0,,2.0,9.0,,1.0,,2.0,,,2.0,1.0,3.0,,1.0,1.0,,,,,,,,,,,,,2.0,,3.0,,,,,,,,,,,,,,,,2.0,,,2.0,,2.0,,,,11.0,,,,,0.75,0.75,1.0,1.0,,,1.0,0.6666666666666666,,,0.7857142857142857,,,0.7857142857142857,,,0.14285714285714285,0.16666666666666666,0.25,,,,,,,0.5,0.5,,0.2222222222222222,0.5,0.5,,,,,,,,0.6666666666666666,,,76.36363636363636,,15.428571428571429,22.285714285714285,14.0,16.142857142857142,0.5714285714285714,0.5,0.6666666666666666,0.5,,,,,0.2857142857142857,1.0,1.0,1.0,0.14285714285714285,1.0,1.0,1.0,,,,,1.0,,,,,,,,,,,,,,,0.7142857142857143,,0.6273142857142858,0.8766,,,,,,,6.016666666666667,23.4,,,,,,,,,,1610612739,2017,2016-17,False
101112-201567-202681-202697-202732,1610612739,"Channing Frye, Kevin Love, Kyrie Irving, Iman Shumpert, DeAndre Liggins","Frye, Love, Irving, Shumpert, Liggins",101112-201567-202681-202697-202732,CLE,262.0,1,4.0,-4.0,9.0,9.0,6.0,2.0,1.0,18.0,,1.0,,,,1.0,1.0,1.0,,1.0,,2.0,,,,1.0,1.0,3.0,1.0,1.0,1.0,3.0,1.0,3.0,1.0,5.0,,5.0,9.0,,,1.0,1.0,,3.0,,2.0,1.0,4.0,,3.0,,2.0,3.0,,,3.0,1.0,,,1.0,1.0,1.0,,,,,3.0,,1.0,,2.0,1.0,1.0,4.0,1.0,5.0,1.0,1.0,,1.0,1.0,,1.0,,,,,,1.0,,,,,2.0,,,,2.0,,,,,3.0,1.0,,,1.0,,1.0,,,,,,,,,,2.0,3.0,6.0,1.0,1.0,,,1.0,0.2,1.0,0.25,0.2,0.3333333333333333,,,0.3125,1.5,0.25,0.2777777777777778,1.5,0.21428571428571427,0.625,,,,,1.0,1.0,,1.0,0.5,1.0,,1.0,0.16666666666666666,1.0,,,,,,,1.0,1.0,,0.16666666666666666,98.93129770992367,,13.11111111111111,16.0,12.222222222222221,16.0,0.125,,,,0.125,1.0,1.0,,0.125,,,,0.25,,,,0.375,0.3333333333333333,0.3333333333333333,1.0,,,,,,,1.0,1.0,1.0,0.16666666666666666,,0.16666666666666666,,0.5,0.3333333333333333,0.75,0.3333333333333333,0.49201875,0.5112,0.49115833333333336,0.125,0.3333333333333333,,0.6,0.6,10.6,25.28,0.6666666666666666,,,,,,,,,1610612739,2017,2016-17,False
101112-201567-202697-2544-2747,1610612739,"Channing Frye, Kevin Love, Iman Shumpert, LeBron James, JR Smith","Frye, Love, Shumpert, James, Smith",101112-201567-202697-2544-2747,CLE,261.0,2,4.0,,8.0,8.0,8.0,5.0,1.0,16.0,1.0,2.0,,1.0,1.0,2.0,2.0,2.0,1.0,1.0,,1.0,,,,1.0,,3.0,,,,3.0,4.0,5.0,,4.0,,8.0,8.0,1.0,2.0,,,,2.0,4.0,5.0,,4.0,,8.0,,8.0,,,2.0,3.0,,1.0,,,,,,,,,,1.0,1.0,,1.0,1.0,,2.0,2.0,4.0,,,,,1.0,,,,,1.0,,,1.0,,1.0,,,,,,,4.0,,,2.0,,1.0,1.0,,,1.0,,,,,,,,,,,,6.0,8.0,8.0,,,,,,,,,,0.8,0.5,0.8,0.4444444444444444,0.5,0.4444444444444444,0.4444444444444444,0.5,0.4444444444444444,0.4444444444444444,0.2,0.5,,,1.0,,,1.0,1.0,1.0,0.25,1.0,0.4,1.0,,,0.3333333333333333,,,1.0,,,1.0,,88.27586206896552,,19.5,13.125,19.125,13.125,0.2222222222222222,0.5,1.0,,0.2222222222222222,1.0,1.0,,0.1111111111111111,1.0,1.0,,0.1111111111111111,,,,0.3333333333333333,,,,0.5,,,,,,,,,0.2222222222222222,0.5,0.1111111111111111,,0.3333333333333333,,0.6666666666666666,,0.4425611111111111,0.3835,0.4425611111111111,0.1111111111111111,0.2,,0.25,1.0,8.16,24.775,1.0,,,,,,,,,1610612739,2017,2016-17,False
101114-202684-202697-2592-2747,1610612739,"Deron Williams, Tristan Thompson, Iman Shumpert, James Jones, JR Smith","Williams, Thompson, Shumpert, Jones, Smith",101114-202684-202697-2592-2747,CLE,261.0,1,4.0,-6.0,7.0,7.0,7.0,1.0,1.0,14.0,1.0,1.0,,,1.0,1.0,,,,,,4.0,,1.0,,4.0,,2.0,,,,2.0,1.0,1.0,,6.0,1.0,3.0,9.0,,,,1.0,,,1.0,1.0,,6.0,1.0,3.0,2.0,,,,,2.0,,,1.0,,1.0,,,1.0,,,2.0,1.0,,,1.0,,,1.0,1.0,2.0,,,,,,,,,,,,,,,,,,1.0,,,,2.0,,,1.0,,2.0,,,,,,1.0,,,,,,,,,,3.0,3.0,7.0,,1.0,1.0,1.0,,,,,,1.0,,1.0,0.14285714285714285,,0.14285714285714285,0.1875,,0.1875,0.8571428571428571,,,,,,,,,,0.5,0.16666666666666666,0.5,0.16666666666666666,,,,,0.25,,,,0.5,,,77.24137931034484,,19.285714285714285,18.0,18.571428571428573,16.714285714285715,0.14285714285714285,1.0,1.0,1.0,,,,,,,,,0.5714285714285714,,,,0.2857142857142857,,,,,,,1.0,,,,,,0.14285714285714285,1.0,0.5714285714285714,,0.2857142857142857,,1.0,,0.6116142857142857,,0.6116142857142857,,,,,1.0,0.1,24.599999999999998,1.0,,,,,,,,,1610612739,2017,2016-17,False
101112-202681-2210-2592-2594,1610612739,"Channing Frye, Kyrie Irving, Richard Jefferson, James Jones, Kyle Korver","Frye, Irving, Jefferson, Jones, Korver",101112-202681-2210-2592-2594,CLE,259.0,1,4.0,4.0,8.0,8.0,7.0,,,16.0,2.0,2.0,,,2.0,2.0,,,,,1.0,2.0,,,1.0,2.0,,1.0,,,,1.0,2.0,2.0,1.0,3.0,6.0,13.0,9.0,,,,,,,2.0,2.0,1.0,3.0,4.0,11.0,2.0,2.0,3.0,,,1.0,,,1.0,1.0,2.0,,1.0,1.0,,,5.0,,,,1.0,2.0,,3.0,,3.0,,1.0,1.0,,,,,,,,,,,,,,,1.0,,,,3.0,,,,1.0,7.0,,,,1.0,1.0,1.0,1.0,,,1.0,,1.0,1.0,,,13.0,11.0,7.0,,1.0,0.5,0.5,1.0,0.3333333333333333,,0.3333333333333333,0.3333333333333333,1.0,,1.0,0.7,,0.7,0.8125,,0.7857142857142857,0.6,,,,,,,,1.0,,0.5,,0.75,,,,,,,1.0,1.0,,0.5,,,88.95752895752896,1.0,12.875,19.5,12.875,16.5,0.4,1.0,1.0,0.5,,,,,,,,,0.4,0.5,0.5,1.0,0.2,,,,,,,,,,,,,0.4,1.0,0.4,0.5,0.2,,1.0,,0.56737,,0.56737,0.2857142857142857,0.3333333333333333,0.25,,0.8461538461538461,1.65,23.3,0.875,,,,,,,,,1610612739,2017,2016-17,False
101114-202336-202682-202732-2592,1610612739,"Deron Williams, Larry Sanders, Derrick Williams, DeAndre Liggins, James Jones","Williams, Sanders, Williams, Liggins, Jones",101114-202336-202682-202732-2592,CLE,259.0,2,4.0,6.0,8.0,8.0,5.0,4.0,1.0,16.0,,,,,,,2.0,2.0,1.0,2.0,,,,,,,,,,,,,3.0,4.0,,,4.0,10.0,4.0,1.0,1.0,,,,2.0,2.0,3.0,,,2.0,6.0,2.0,4.0,,,,,,,1.0,,1.0,,,,1.0,,2.0,,1.0,,1.0,2.0,,3.0,1.0,4.0,,1.0,1.0,,2.0,,2.0,1.0,,,,,3.0,,2.0,,,1.0,1.0,,,2.0,,,,,4.0,,,,1.0,,1.0,1.0,,,1.0,,1.0,1.0,,,8.0,6.0,5.0,,1.0,0.3333333333333333,0.3333333333333333,,,,,,0.75,1.0,0.6666666666666666,0.75,1.0,0.6666666666666666,0.8333333333333334,1.0,0.75,,,,,,0.6666666666666666,,,0.6666666666666666,1.0,1.0,,0.75,1.0,,,1.0,,,1.0,,0.5,1.0,,,88.95752895752896,1.0,12.875,19.5,11.0,16.875,,,,,0.5,1.0,1.0,0.5,0.5,0.5,0.5,,,,,,,,,,,,,,,,,,,,,,,,,,,0.3847,0.3883,0.38543333333333335,0.2,0.2,,0.2,0.6,13.2,,0.625,,,,,,,,,1610612739,2017,2016-17,False
101112-202682-202697-202732-2592,1610612739,"Channing Frye, Derrick Williams, Iman Shumpert, DeAndre Liggins, James Jones","Frye, Williams, Shumpert, Liggins, Jones",101112-202682-202697-202732-2592,CLE,258.0,1,4.0,6.0,8.0,8.0,3.0,,,16.0,,1.0,,,,1.0,,,,1.0,,,,,,,2.0,3.0,,,1.0,1.0,,2.0,2.0,3.0,4.0,10.0,4.0,,,,,,,,1.0,1.0,1.0,1.0,4.0,,,6.0,,,3.0,2.0,,,2.0,2.0,2.0,,,,,6.0,,,,2.0,2.0,,4.0,,4.0,,,,,,,,,,,,,,,,,,1.0,,,,4.0,,,1.0,,7.0,,,,2.0,1.0,,,,,,,,,,,10.0,4.0,3.0,,,,,1.0,0.6666666666666666,,1.0,0.6666666666666666,,,,0.6,,0.75,0.625,,0.6666666666666666,0.6,,,,,,,,0.5,,1.0,,0.6666666666666666,,,,,,,,1.0,0.5,1.0,,,89.30232558139535,,16.25,16.0,16.25,15.125,0.2,,,,,,,,0.2,,,,,,,,0.6,0.6666666666666666,0.6666666666666666,1.0,,,,,,,,,,0.5,,,,0.5,1.0,0.8,0.6666666666666666,0.52328,,0.595475,0.375,0.5,0.25,,0.4,9.25,25.03333333333333,0.375,,,,,,,,,1610612739,2017,2016-17,False
101114-202682-202697-202732-2210,1610612739,"Deron Williams, Derrick Williams, Iman Shumpert, DeAndre Liggins, Richard Jefferson","Williams, Williams, Shumpert, Liggins, Jefferson",101114-202682-202697-202732-2210,CLE,257.0,1,4.0,1.0,8.0,8.0,8.0,8.0,,16.0,,1.0,,,,1.0,1.0,1.0,2.0,4.0,,,,,,,,,,,,,3.0,6.0,,,3.0,9.0,8.0,,,,,,,3.0,6.0,,,3.0,9.0,4.0,2.0,,,,,,,2.0,,2.0,,,,,2.0,4.0,,,,2.0,1.0,,3.0,,3.0,,,,,,,,,,,,,,,,,,2.0,,,,2.0,,,,,3.0,1.0,,,2.0,,,,,,,,,,,,9.0,9.0,8.0,2.0,,0.6666666666666666,0.6666666666666666,,,,,,0.5,,0.5,0.5,,0.5,0.6428571428571429,,0.6428571428571429,,,,,,,,,0.5,,1.0,,0.75,,,,,,,,,0.5,1.0,,,89.64980544747083,,17.125,15.0,17.125,14.25,0.16666666666666666,,,,0.16666666666666666,1.0,1.0,,0.6666666666666666,0.5,0.5,1.0,,,,,,,,,,,,,,,,,,0.16666666666666666,,,,,,0.16666666666666666,,0.40475,,0.40475,0.2857142857142857,0.2857142857142857,,,1.0,14.533333333333333,,1.0,,,,,,,,,1610612739,2017,2016-17,False
101112-201567-202681-2210-2544,1610612739,"Channing Frye, Kevin Love, Kyrie Irving, Richard Jefferson, LeBron James","Frye, Love, Irving, Jefferson, James",101112-201567-202681-2210-2544,CLE,256.0,1,4.0,10.0,9.0,7.0,6.0,1.0,,16.0,3.0,3.0,,,2.0,2.0,,,,,1.0,2.0,,,1.0,2.0,2.0,2.0,,,1.0,1.0,3.0,3.0,3.0,4.0,3.0,18.0,8.0,,,,,,,2.0,2.0,2.0,3.0,1.0,11.0,6.0,,9.0,,,2.0,2.0,,3.0,3.0,6.0,2.0,1.0,3.0,,,15.0,,,,1.0,2.0,,3.0,,3.0,,,,,,,,,,,,,,,,1.0,,2.0,,,,3.0,,,,,5.0,,,1.0,2.0,,,1.0,,,,1.0,1.0,1.0,,,18.0,11.0,6.0,,,1.0,1.0,1.0,0.75,,0.6666666666666666,0.75,1.0,,1.0,1.0714285714285714,,1.0,1.0,,0.9166666666666666,0.5714285714285714,,,,,,,,1.0,,1.0,,1.0,,,,,,,,1.0,1.0,,1.0,,90.0,1.0,13.333333333333334,19.428571428571427,13.333333333333334,19.428571428571427,0.42857142857142855,1.0,1.0,1.0,,,,,,,,,0.2857142857142857,0.5,0.5,1.0,0.2857142857142857,1.0,1.0,1.0,,,,,,,,,,0.4,1.0,0.4,0.5,0.2,1.0,1.0,1.0,0.5445,,0.5613699999999999,0.2222222222222222,0.4,,,0.6111111111111112,1.0999999999999999,25.4,0.6666666666666666,,,,,,,,,1610612739,2017,2016-17,False
101112-202681-202697-203895-2210,1610612739,"Channing Frye, Kyrie Irving, Iman Shumpert, Jordan McRae, Richard Jefferson","Frye, Irving, Shumpert, McRae, Jefferson",101112-202681-202697-203895-2210,CLE,254.0,2,4.0,7.0,10.0,7.0,6.0,7.0,,17.0,2.0,3.0,,,1.0,2.0,1.0,2.0,,,1.0,2.0,,,1.0,1.0,1.0,2.0,,,1.0,1.0,3.0,5.0,2.0,4.0,1.0,13.0,6.0,,,,,,,2.0,3.0,2.0,2.0,1.0,11.0,4.0,2.0,6.0,,,2.0,1.0,1.0,2.0,2.0,4.0,1.0,1.0,2.0,,,10.0,,,,1.0,4.0,,5.0,,5.0,,,,,,,,1.0,,,,,1.0,,1.0,1.0,,2.0,,1.0,,1.0,,,,,1.0,1.0,,,1.0,,,1.0,,,,,1.0,1.0,,,13.0,11.0,6.0,1.0,,0.6666666666666666,0.6666666666666666,1.0,0.5,,1.0,0.5,0.6,,0.6666666666666666,0.6666666666666666,,1.0,0.7222222222222222,,1.1,0.4444444444444444,0.2,0.3333333333333333,,,,,,1.0,,1.0,,1.0,,,,,,,1.0,1.0,1.0,1.0,,,96.37795275590551,1.0,14.3,15.857142857142858,14.3,15.857142857142858,0.3333333333333333,0.6666666666666666,1.0,1.0,0.2222222222222222,0.5,0.5,,,,,,0.2222222222222222,0.5,0.5,1.0,0.2222222222222222,0.5,0.5,1.0,,,,,,,,,,0.4,0.5,0.2,1.0,0.2,1.0,0.7777777777777778,0.5,0.5510666666666667,,0.56576,0.1111111111111111,0.2,,,0.8461538461538461,4.12,24.1,0.6,,,,,,1.0,,,1610612739,2017,2016-17,False
101112-202681-202697-202732-2544,1610612739,"Channing Frye, Kyrie Irving, Iman Shumpert, DeAndre Liggins, LeBron James","Frye, Irving, Shumpert, Liggins, James",101112-202681-202697-202732-2544,CLE,253.0,2,4.0,8.0,7.0,6.0,,,2.0,13.0,1.0,3.0,,1.0,,,,,1.0,1.0,1.0,1.0,,,,,1.0,4.0,,1.0,,,2.0,4.0,2.0,5.0,,10.0,2.0,,1.0,,1.0,,,,,,,,,,4.0,6.0,,,4.0,1.0,,,2.0,2.0,1.0,1.0,,,,6.0,1.0,1.0,,2.0,2.0,,4.0,2.0,6.0,,,,,,,,,,,,,,,,,,,,,,,,,,,,,,,,,,,,,,,,,,,10.0,,,,,,,1.0,0.4,,,0.4,0.5,,,0.5555555555555556,,,0.5555555555555556,,,0.5555555555555556,,,,,,,,1.0,0.5,0.5,0.3333333333333333,0.6666666666666666,0.4,0.5,,,0.3333333333333333,,1.0,,,1.0,0.3333333333333333,,73.99209486166008,,17.857142857142858,21.333333333333332,16.857142857142858,18.166666666666668,0.3333333333333333,0.3333333333333333,0.3333333333333333,,,,,,0.1111111111111111,1.0,1.0,,0.1111111111111111,1.0,1.0,1.0,0.4444444444444444,0.25,0.25,1.0,0.5,,,,,,0.5,,,,,,,,,0.8888888888888888,0.25,0.5135722222222223,0.4972,,,,,,,6.125,25.54,,,,,,,,,,1610612739,2017,2016-17,False
101112-202732-2210-2399-2544,1610612739,"Channing Frye, DeAndre Liggins, Richard Jefferson, Mike Dunleavy, LeBron James","Frye, Liggins, Jefferson, Dunleavy, James",101112-202732-2210-2399-2544,CLE,252.0,1,4.0,1.0,7.0,8.0,,,,15.0,1.0,2.0,,,,,1.0,1.0,,,1.0,1.0,,,,,1.0,2.0,,,,,2.0,3.0,2.0,3.0,1.0,11.0,10.0,,,,,,,,,,,,,2.0,2.0,6.0,,,2.0,1.0,,1.0,2.0,3.0,1.0,1.0,1.0,,,8.0,,,,2.0,2.0,,4.0,,4.0,,,,,,,,1.0,,,,,1.0,,,1.0,,3.0,,,1.0,3.0,,,,,2.0,,,,1.0,,,1.0,,,,1.0,1.0,,,,11.0,,,,,0.5,0.5,1.0,0.6666666666666666,,,0.6666666666666666,0.6666666666666666,,,0.8333333333333334,,,0.7857142857142857,,,0.5,,,,,,,,0.5,,0.6666666666666666,,0.5714285714285714,,,,,,,1.0,,,1.0,,,85.71428571428571,,18.428571428571427,15.375,18.428571428571427,12.5,0.3333333333333333,0.5,0.5,1.0,0.16666666666666666,1.0,1.0,,,,,,0.16666666666666666,1.0,1.0,1.0,0.3333333333333333,0.5,0.5,1.0,,,,,,,,,,,,,,,,0.8333333333333334,0.5,0.5771416666666667,,,0.14285714285714285,0.25,,,,3.033333333333333,24.766666666666666,,,,,,,,,,1610612739,2017,2016-17,False
101114-202681-202684-202697-2210,1610612739,"Deron Williams, Kyrie Irving, Tristan Thompson, Iman Shumpert, Richard Jefferson","Williams, Irving, Thompson, Shumpert, Jefferson",101114-202681-202684-202697-2210,CLE,251.0,3,4.0,1.0,9.0,8.0,1.0,4.0,,17.0,1.0,2.0,,,,,2.0,3.0,,,1.0,1.0,,,,,,2.0,,,,1.0,3.0,5.0,1.0,3.0,3.0,12.0,11.0,,,,,,,,,,1.0,,,2.0,4.0,,3.0,,2.0,,1.0,1.0,,1.0,,,,1.0,,2.0,,,,2.0,1.0,,3.0,,3.0,,,,,,,,,,,,,,,,1.0,,1.0,,,,2.0,,,,,3.0,1.0,,,2.0,,,,,,,,,,,,12.0,,1.0,,,0.3333333333333333,0.3333333333333333,,0.3333333333333333,,,0.3333333333333333,0.6,,,0.5625,,,0.6666666666666666,,,0.375,0.2,0.5,,,,,,0.3333333333333333,,1.0,,0.6,,,,,,,,1.0,,1.0,1.0,,97.52988047808765,,13.0,16.75,13.0,16.5,0.25,0.5,1.0,,0.375,0.6666666666666666,0.6666666666666666,0.5,,,,,0.125,1.0,1.0,,0.25,,,,,,,,,,,,,,,,,1.0,,0.625,,0.5048375,,0.5436,0.2222222222222222,0.3333333333333333,,,,5.96,24.633333333333336,0.1111111111111111,,,,,,,,,1610612739,2017,2016-17,False
101114-2210-2544-2594-2747,1610612739,"Deron Williams, Richard Jefferson, LeBron James, Kyle Korver, JR Smith","Williams, Jefferson, James, Korver, Smith",101114-2210-2544-2594-2747,CLE,251.0,1,4.0,-2.0,8.0,8.0,,,,16.0,2.0,3.0,,,,,,,1.0,1.0,1.0,1.0,,,,,,1.0,,,,,3.0,4.0,1.0,2.0,2.0,11.0,13.0,,,,,,,,,,,,,4.0,2.0,3.0,,,1.0,,,2.0,1.0,3.0,,1.0,2.0,,,7.0,,,,,1.0,,1.0,,1.0,,,,,1.0,,1.0,,,,,,1.0,,,2.0,,2.0,,,,3.0,,,,,3.0,,,1.0,1.0,,,,,,,,,,,,11.0,,,,,0.6666666666666666,0.6666666666666666,1.0,0.5,,,0.5,0.75,,,0.75,,,0.7142857142857143,,,0.3333333333333333,,,,,1.0,,,1.0,,,,1.0,,,,,,,,,1.0,,,,91.79282868525895,,17.25,14.125,17.25,14.125,0.5,0.6666666666666666,0.6666666666666666,1.0,,,,,0.16666666666666666,1.0,1.0,,0.16666666666666666,1.0,1.0,1.0,0.16666666666666666,,,,,,,,,,,,,,,,,,,0.8333333333333334,,0.5906333333333333,,,0.14285714285714285,0.2,,,,5.4,24.45,,,,,,,,,,1610612739,2017,2016-17,False
101112-202682-202684-202732-2210,1610612739,"Channing Frye, Derrick Williams, Tristan Thompson, DeAndre Liggins, Richard Jefferson","Frye, Williams, Thompson, Liggins, Jefferson",101112-202682-202684-202732-2210,CLE,250.0,1,4.0,2.0,7.0,7.0,7.0,7.0,,14.0,1.0,1.0,,,1.0,1.0,1.0,2.0,,,,,,,,,2.0,2.0,,,2.0,2.0,2.0,3.0,2.0,2.0,,10.0,8.0,,,,,,,2.0,3.0,2.0,2.0,,10.0,,4.0,6.0,,,2.0,2.0,1.0,,2.0,2.0,2.0,,,,,6.0,,,,,1.0,,1.0,,1.0,,,,,,,,1.0,,,,,1.0,,1.0,,,2.0,,,1.0,2.0,,,,1.0,3.0,1.0,,,2.0,,,,,,,,,,,,10.0,10.0,7.0,1.0,,,,1.0,1.0,,1.0,1.0,0.6666666666666666,,0.6666666666666666,1.0,,1.0,0.8333333333333334,,0.8333333333333334,0.4,0.3333333333333333,,0.5,,,,,0.25,,,,0.25,,,,,,,,,1.0,,,,80.64,,16.714285714285715,19.0,16.714285714285715,17.285714285714285,0.2,1.0,1.0,,0.4,0.5,1.0,,,,,,,,,,0.4,1.0,1.0,1.0,,,,,,,,,,0.2,1.0,,,0.4,1.0,0.6,1.0,0.50979,,0.50979,0.3333333333333333,0.5,,,1.0,7.3,24.95,1.0,,,,,,,,,1610612739,2017,2016-17,False
202682-202684-202732-2210-2592,1610612739,"Derrick Williams, Tristan Thompson, DeAndre Liggins, Richard Jefferson, James Jones","Williams, Thompson, Liggins, Jefferson, Jones",202682-202684-202732-2210-2592,CLE,248.0,2,4.0,-6.0,6.0,8.0,,2.0,2.0,14.0,1.0,2.0,,,,,,2.0,,,,,,,,,,1.0,,,,,1.0,4.0,,1.0,2.0,4.0,10.0,,,,,2.0,2.0,,,,,,,2.0,,,,,1.0,,1.0,1.0,,1.0,,,1.0,,,2.0,,2.0,,1.0,3.0,,4.0,2.0,6.0,,,,,1.0,,1.0,,,,,,1.0,,,1.0,,3.0,,,,2.0,,,,,4.0,,,,2.0,,,,,,,,,,,,2.0,,,,,1.0,1.0,,,,,,0.25,,,0.2,,,0.2857142857142857,0.5,,0.2,0.25,,0.5,,1.0,,,1.0,0.6666666666666666,1.0,,1.0,0.5,1.0,0.5,,,,1.0,1.0,1.0,1.0,,,81.29032258064515,,14.333333333333334,20.25,14.0,20.25,0.4,0.5,0.5,1.0,0.4,,,,,,,,,,,,0.2,,,,,,,,,,,,,,,,,,,0.6,,0.52269,,,0.2857142857142857,0.3333333333333333,,0.5,,3.15,24.8,,,,,,,,,,1610612739,2017,2016-17,False
101112-101114-202681-2210-2747,1610612739,"Channing Frye, Deron Williams, Kyrie Irving, Richard Jefferson, JR Smith","Frye, Williams, Irving, Jefferson, Smith",101112-101114-202681-2210-2747,CLE,247.0,2,4.0,-3.0,8.0,8.0,,6.0,,16.0,1.0,1.0,,,,,,,,,1.0,1.0,,,,,1.0,4.0,,,,,1.0,1.0,2.0,5.0,2.0,10.0,13.0,,,,,,,,,,,,,,2.0,6.0,,,4.0,1.0,,,2.0,2.0,1.0,1.0,,,,6.0,,,,,3.0,,3.0,,3.0,,,,,,,,1.0,,,,,1.0,,,1.0,,2.0,,,1.0,1.0,,,,,2.0,,,,1.0,,,,,,,,,,,,10.0,,,,,,,1.0,0.4,,,0.4,1.0,,,0.6666666666666666,,,0.7142857142857143,,,0.8333333333333334,,,,,,,,1.0,,,,0.75,,,,,,,1.0,1.0,1.0,,,,93.27935222672066,,16.125,14.75,16.125,13.0,0.16666666666666666,1.0,1.0,,,,,,,,,,0.16666666666666666,1.0,1.0,1.0,0.6666666666666666,0.25,0.25,1.0,,,,,,,,,,,,,,,,1.0,0.25,0.5350583333333333,,,0.14285714285714285,0.5,,,,1.7,25.04,,,,,,,,,,1610612739,2017,2016-17,False
101112-1627770-203895-2210-2544,1610612739,"Channing Frye, Kay Felder, Jordan McRae, Richard Jefferson, LeBron James","Frye, Felder, McRae, Jefferson, James",101112-1627770-203895-2210-2544,CLE,246.0,2,4.0,8.0,9.0,6.0,5.0,1.0,1.0,15.0,2.0,3.0,,,1.0,1.0,,,,,1.0,2.0,,,,,,1.0,,,,1.0,2.0,3.0,1.0,3.0,5.0,12.0,4.0,,,,,2.0,2.0,1.0,1.0,,1.0,2.0,4.0,,4.0,3.0,,,1.0,,1.0,,1.0,1.0,,1.0,,,,3.0,,1.0,,1.0,2.0,,3.0,1.0,4.0,,,,,,1.0,,1.0,,,,,1.0,,1.0,,,,,,,4.0,,,,,7.0,1.0,,,4.0,,,,,,,,,,,,10.0,4.0,5.0,,,,,1.0,0.3333333333333333,,,0.3333333333333333,0.6666666666666666,,1.0,0.5833333333333334,,0.5,0.6666666666666666,1.0,0.5,0.5,0.3333333333333333,0.3333333333333333,,,,,,0.6666666666666666,1.0,1.0,,0.75,0.3333333333333333,1.0,,,,,,1.0,0.5,,1.0,,87.8048780487805,,14.444444444444445,19.333333333333332,13.777777777777779,19.333333333333332,0.5,0.6666666666666666,1.0,,,,,,,,,,0.3333333333333333,0.5,0.5,1.0,0.16666666666666666,,,,,,,,,,,,,0.5,1.0,,,0.5,,1.0,,0.5466416666666667,,0.5497,0.4444444444444444,0.6666666666666666,,0.16666666666666666,0.3333333333333333,1.6333333333333335,24.133333333333336,0.5555555555555556,,,,,,,,,1610612739,2017,2016-17,False
202684-202732-2210-2544-2594,1610612739,"Tristan Thompson, DeAndre Liggins, Richard Jefferson, LeBron James, Kyle Korver","Thompson, Liggins, Jefferson, James, Korver",202684-202732-2210-2544-2594,CLE,246.0,2,4.0,-16.0,6.0,8.0,,,,14.0,,1.0,,,,,,,,,,,,,,,,3.0,,,,,,1.0,,3.0,,,16.0,,,,,,,,,,,,,,,,,,3.0,,,,,,,,,,,,,,,1.0,,,1.0,,1.0,,,,,,,,1.0,,,,,1.0,,,,,2.0,1.0,,,1.0,,,,,2.0,,,,1.0,,,,,,,,,,,,,,,,,,,,,,,,,,,,,,,,,0.75,,,,,,,,,,1.0,,1.0,,,,,,,,,,1.0,,,81.95121951219512,,20.666666666666668,15.25,20.666666666666668,15.25,0.25,,,,,,,,,,,,,,,,0.75,,,,,,,,,,,,,,,,,,,1.0,,0.524025,,,0.2,0.5,,,,1.1,25.96666666666667,,,,,,,,,,1610612739,2017,2016-17,False
101112-202681-202697-202732-2210,1610612739,"Channing Frye, Kyrie Irving, Iman Shumpert, DeAndre Liggins, Richard Jefferson","Frye, Irving, Shumpert, Liggins, Jefferson",101112-202681-202697-202732-2210,CLE,243.0,2,4.0,2.0,8.0,9.0,,,,17.0,2.0,3.0,,,,,,,,,1.0,1.0,,,,,1.0,2.0,,,,,2.0,3.0,2.0,3.0,,10.0,8.0,,,,,,,,,,,,,,4.0,3.0,3.0,,2.0,1.0,,,1.0,1.0,,1.0,,,,3.0,,,,3.0,,,3.0,,3.0,,1.0,1.0,,1.0,,,1.0,,1.0,1.0,,2.0,,,3.0,,3.0,,,,1.0,1.0,,,,,,,,,,,1.0,,,1.0,,1.0,,,,10.0,,,,,,,0.5,0.6666666666666666,,,0.6666666666666666,0.6666666666666666,,,0.8333333333333334,,,0.8333333333333334,,,0.5,,,,,0.5,,,,,1.0,,0.75,,,,,,,,,,1.0,,,100.74074074074075,,14.5,14.11111111111111,14.5,13.444444444444445,0.5,0.6666666666666666,0.6666666666666666,,,,,,,,,,0.16666666666666666,1.0,1.0,1.0,0.3333333333333333,0.5,0.5,,,,,,,,,,,,,,,,,1.0,0.5,0.4968166666666667,,,,,,,,2.3666666666666667,24.46666666666667,,,,,,,,,,1610612739,2017,2016-17,False
1627770-202682-202697-202732-2592,1610612739,"Kay Felder, Derrick Williams, Iman Shumpert, DeAndre Liggins, James Jones","Felder, Williams, Shumpert, Liggins, Jones",1627770-202682-202697-202732-2592,CLE,243.0,2,4.0,-8.0,10.0,9.0,5.0,9.0,1.0,19.0,,1.0,,,,,,,,4.0,,1.0,,,,,1.0,1.0,,,,,,5.0,1.0,2.0,,3.0,11.0,,,,,,,,3.0,,,,,,,3.0,,,1.0,1.0,,,1.0,1.0,1.0,,,,,3.0,,1.0,,2.0,,1.0,3.0,1.0,4.0,,1.0,1.0,,1.0,,1.0,,,,,,1.0,,1.0,,,2.0,,,,1.0,,,,,2.0,,,,1.0,,,1.0,1.0,1.0,1.0,,2.0,1.0,,,3.0,,5.0,1.0,,,,1.0,0.5,,,0.5,,,,0.21428571428571427,,,0.1875,,,0.2857142857142857,,,,,1.0,1.0,,,0.2,1.0,,0.6666666666666666,0.16666666666666666,,,0.25,,,,,,1.0,,,112.5925925925926,0.5,14.2,11.222222222222221,14.2,10.11111111111111,0.14285714285714285,,,,,,,,0.5714285714285714,,,,0.14285714285714285,,,,0.14285714285714285,1.0,1.0,1.0,,,,,,,,,,,,,,,,0.42857142857142855,1.0,0.43655,,0.3472,0.125,0.16666666666666666,,,,15.280000000000001,24.55,0.5,,,,,,,,,1610612739,2017,2016-17,False
1627770-201567-202684-2210-2594,1610612739,"Kay Felder, Kevin Love, Tristan Thompson, Richard Jefferson, Kyle Korver","Felder, Love, Thompson, Jefferson, Korver",1627770-201567-202684-2210-2594,CLE,242.0,2,4.0,-9.0,7.0,8.0,6.0,1.0,1.0,15.0,1.0,3.0,1.0,1.0,1.0,3.0,,,,1.0,,1.0,,,,1.0,,,,,,,1.0,4.0,,1.0,,2.0,11.0,1.0,1.0,,,,2.0,1.0,4.0,,1.0,,2.0,,2.0,,,2.0,,,2.0,,,,,,,,,,,1.0,,2.0,1.0,,3.0,1.0,4.0,,,,,2.0,,,1.0,,2.0,,,3.0,,2.0,2.0,,3.0,,,1.0,,,,,,,,,,,,,,,,,,,,1.0,,,2.0,6.0,,,,,,,,,,0.25,1.0,0.25,0.2,1.0,0.2,0.2,1.0,0.2,0.2,0.5,0.6666666666666666,,,0.6666666666666666,,,1.0,0.3333333333333333,1.0,,1.0,0.25,,,1.0,,,,1.0,,1.0,,,89.25619834710744,,20.142857142857142,12.625,20.0,10.375,0.6,0.3333333333333333,1.0,,,,,,0.2,,,,0.2,,,,,,,,1.0,1.0,,,,,,,,0.6,0.3333333333333333,0.2,,,,0.8,,0.51644,0.6326,0.51644,,,,1.0,1.0,6.95,24.7,0.8571428571428571,,,,,,,,,1610612739,2017,2016-17,False
101114-201567-202681-202684-202697,1610612739,"Deron Williams, Kevin Love, Kyrie Irving, Tristan Thompson, Iman Shumpert","Williams, Love, Irving, Thompson, Shumpert",101114-201567-202681-202684-202697,CLE,241.0,2,4.0,-2.0,7.0,7.0,7.0,,3.0,14.0,1.0,3.0,1.0,2.0,1.0,3.0,,2.0,1.0,1.0,,1.0,,,,1.0,,2.0,,1.0,,1.0,2.0,6.0,,3.0,1.0,5.0,7.0,1.0,3.0,,1.0,,2.0,2.0,6.0,,2.0,1.0,5.0,,4.0,,,2.0,2.0,,1.0,,,,,,,,,,1.0,3.0,,,4.0,,4.0,4.0,8.0,,,,,1.0,,,,,1.0,,,1.0,,1.0,,,1.0,,,,2.0,,,,,2.0,,,,,,1.0,,,,,,,,,,3.0,5.0,7.0,,1.0,,,,,,,,0.3333333333333333,0.3333333333333333,0.3333333333333333,0.2222222222222222,0.25,0.25,0.25,0.25,0.2777777777777778,0.3333333333333333,0.16666666666666666,0.3333333333333333,,,1.0,,,1.0,0.75,,0.3333333333333333,1.0,0.5714285714285714,1.0,0.5,,0.5,,1.0,1.0,1.0,,,,83.65145228215768,,21.0,13.428571428571429,15.714285714285714,13.428571428571429,0.3333333333333333,0.3333333333333333,0.5,,0.2222222222222222,,,,0.1111111111111111,1.0,1.0,,0.1111111111111111,,,,0.2222222222222222,,,,0.5,0.5,,,,,0.25,,,0.375,0.3333333333333333,0.125,,0.125,,0.6666666666666666,,0.5528166666666666,0.65345,0.5513625,,,,0.4,1.0,5.633333333333333,24.46666666666667,1.0,,,,,,,,,1610612739,2017,2016-17,False
101114-201567-202697-2594-2747,1610612739,"Deron Williams, Kevin Love, Iman Shumpert, Kyle Korver, JR Smith","Williams, Love, Shumpert, Korver, Smith",101114-201567-202697-2594-2747,CLE,241.0,1,4.0,2.0,9.0,9.0,9.0,4.0,3.0,18.0,1.0,2.0,1.0,1.0,1.0,2.0,1.0,2.0,,1.0,,,,,,,,2.0,,,,2.0,2.0,5.0,,2.0,2.0,6.0,4.0,1.0,1.0,,,,2.0,2.0,5.0,,2.0,2.0,6.0,,4.0,,,2.0,2.0,,,,,,,,,,,,1.0,1.0,,2.0,2.0,,4.0,2.0,6.0,1.0,1.0,,1.0,2.0,,2.0,,,,,,2.0,1.0,2.0,1.0,,2.0,,,,2.0,1.0,,,,2.0,,,,,,1.0,1.0,,,,1.0,1.0,,,,4.0,6.0,9.0,,1.0,,,,,,,,0.4,1.0,0.4,0.2857142857142857,1.0,0.2857142857142857,0.375,1.0,0.375,0.2857142857142857,,,,,1.0,,,0.6666666666666666,0.3333333333333333,0.6666666666666666,0.5,0.6666666666666666,0.4,1.0,,,0.5,,1.0,0.5,,0.6666666666666666,,0.2,107.55186721991701,,10.777777777777779,16.0,9.777777777777779,14.444444444444445,0.2857142857142857,0.5,0.5,,0.2857142857142857,0.5,0.5,,0.14285714285714285,,,,,,,,0.2857142857142857,,,,1.0,1.0,,,,,,,,0.2857142857142857,0.5,,,0.2857142857142857,,0.5714285714285714,,0.4698785714285714,0.5892,0.4698785714285714,,,,0.3333333333333333,1.0,7.779999999999999,25.2,1.0,,,,,,,,,1610612739,2017,2016-17,False
202732-203895-2210-2365-2592,1610612739,"DeAndre Liggins, Jordan McRae, Richard Jefferson, Chris Andersen, James Jones","Liggins, McRae, Jefferson, Andersen, Jones",202732-203895-2210-2365-2592,CLE,241.0,1,4.0,-8.0,9.0,9.0,9.0,,1.0,18.0,1.0,3.0,,,1.0,3.0,1.0,2.0,1.0,2.0,,,,,,,,1.0,,,,1.0,3.0,7.0,,1.0,,6.0,14.0,1.0,1.0,,,,2.0,3.0,7.0,,1.0,,6.0,4.0,2.0,,,,1.0,,2.0,2.0,,2.0,,,,1.0,1.0,4.0,,1.0,,2.0,1.0,,3.0,1.0,4.0,,,,,1.0,,1.0,,,,,,1.0,,1.0,1.0,,1.0,,,,1.0,,,,,1.0,1.0,,,1.0,,,1.0,,,,1.0,1.0,1.0,,,4.0,6.0,9.0,,,0.6666666666666666,0.6666666666666666,,,,,,0.42857142857142855,1.0,0.42857142857142855,0.375,1.0,0.375,0.375,1.0,0.375,0.125,0.2857142857142857,0.6666666666666666,,,1.0,,,1.0,0.25,1.0,,1.0,0.2,0.5,,,,,,1.0,,1.0,,,107.55186721991701,1.0,15.666666666666666,11.11111111111111,15.333333333333334,11.11111111111111,0.375,0.3333333333333333,1.0,,0.25,0.5,0.5,1.0,0.25,0.5,0.5,1.0,,,,,0.125,,,,,,,,,,,,,0.375,0.3333333333333333,,,0.125,,0.5,,0.47585625,0.3773,0.47585625,0.125,0.14285714285714285,,0.3333333333333333,1.0,9.014285714285714,25.3,1.0,,,,,,,,,1610612739,2017,2016-17,False
101114-202684-202697-2210-2594,1610612739,"Deron Williams, Tristan Thompson, Iman Shumpert, Richard Jefferson, Kyle Korver","Williams, Thompson, Shumpert, Jefferson, Korver",101114-202684-202697-2210-2594,CLE,240.0,1,4.0,-8.0,6.0,7.0,,,1.0,13.0,1.0,3.0,,1.0,,,1.0,2.0,,,,,,,,,,,,,,,2.0,5.0,,,,4.0,12.0,,1.0,,,,,,,,,,,4.0,,,,,,,,2.0,,2.0,,,1.0,1.0,,4.0,,2.0,,2.0,,,2.0,2.0,4.0,1.0,,,,2.0,,2.0,1.0,,,,1.0,3.0,1.0,,,,,,,,1.0,,,,,,,,,,,,,,,,,,,,,4.0,,,,,1.0,1.0,,,,,,0.4,,,0.4,,,0.4,,,,,,,,0.6666666666666666,,,,0.6666666666666666,0.6666666666666666,,0.4,0.6666666666666666,1.0,,,,,,,,,1.0,0.3333333333333333,78.0,,18.0,18.857142857142858,17.5,17.571428571428573,0.6,0.3333333333333333,0.3333333333333333,1.0,0.4,0.5,0.5,1.0,,,,,,,,,,,,,1.0,,,,,,,,,,,,,,,0.6,,0.6115,0.6264,,,,,,,5.68,,,,,,,,,,,1610612739,2017,2016-17,False
202681-202682-202684-2592-2594,1610612739,"Kyrie Irving, Derrick Williams, Tristan Thompson, James Jones, Kyle Korver","Irving, Williams, Thompson, Jones, Korver",202681-202682-202684-2592-2594,CLE,240.0,2,4.0,-5.0,10.0,9.0,,,,19.0,1.0,2.0,,,,,,1.0,,,2.0,3.0,,,,,,1.0,,,,,1.0,3.0,2.0,4.0,1.0,9.0,14.0,,,,,,,,,,,,,2.0,,6.0,,,1.0,,1.0,1.0,2.0,3.0,,2.0,1.0,,,8.0,,,,,2.0,1.0,3.0,,3.0,,1.0,1.0,,1.0,,,,,1.0,,,1.0,,,2.0,,3.0,,,,3.0,,1.0,,,2.0,,,,1.0,,,,,,,,,,,,9.0,,,,,1.0,1.0,1.0,0.5,,,0.5,0.3333333333333333,,,0.5714285714285714,,,0.5625,,,0.5714285714285714,0.3333333333333333,,1.0,,1.0,1.0,,1.0,,,,1.0,,,,,,,1.0,,1.0,,,,114.0,,15.1,9.88888888888889,15.1,9.88888888888889,0.2857142857142857,0.5,0.5,1.0,0.14285714285714285,,,,,,,,0.42857142857142855,0.6666666666666666,0.6666666666666666,1.0,0.14285714285714285,,,,,,,,,,,,,,,,,,,0.8571428571428571,,0.5076214285714286,,,0.125,0.25,,,,2.8000000000000003,23.625,,,,,,,,,,1610612739,2017,2016-17,False
101112-101114-202697-2544-2747,1610612739,"Channing Frye, Deron Williams, Iman Shumpert, LeBron James, JR Smith","Frye, Williams, Shumpert, James, Smith",101112-101114-202697-2544-2747,CLE,239.0,1,4.0,,6.0,7.0,,3.0,1.0,13.0,,,,,,,,,1.0,2.0,1.0,2.0,,,,,,2.0,,1.0,,,1.0,2.0,1.0,4.0,,5.0,5.0,,,,1.0,,,,,,,,,2.0,,3.0,,,2.0,,,1.0,1.0,2.0,,1.0,,,1.0,5.0,1.0,,,,4.0,,4.0,1.0,5.0,1.0,,,,1.0,,,,,1.0,,,1.0,,,1.0,,3.0,,,,,,,,,,,,,,,,,,,,,,,,,5.0,,,,,1.0,1.0,1.0,0.25,,,0.25,0.5,,,0.4166666666666667,,,0.4166666666666667,,,0.6666666666666666,,,,,1.0,,,0.8,,,0.3333333333333333,0.6666666666666666,0.25,,,,0.5,,,1.0,1.0,,,0.25,78.32635983263599,,16.666666666666668,19.857142857142858,15.833333333333334,18.857142857142858,,,,,,,,,0.3333333333333333,0.5,0.5,1.0,0.3333333333333333,0.5,0.5,1.0,0.3333333333333333,,,,,,,,,,1.0,,,,,,,,,0.6666666666666666,,0.4935333333333333,,,,,,,,22.1,23.475,,,,,,,,,,1610612739,2017,2016-17,False
202682-202697-2210-2592-2594,1610612739,"Derrick Williams, Iman Shumpert, Richard Jefferson, James Jones, Kyle Korver","Williams, Shumpert, Jefferson, Jones, Korver",202682-202697-2210-2592-2594,CLE,236.0,1,4.0,,9.0,9.0,,,,18.0,,1.0,,,,,,,,3.0,1.0,1.0,,,,,1.0,2.0,,,,,,4.0,2.0,3.0,,6.0,6.0,,,,,,,,,,,,,,,6.0,,,2.0,1.0,,,2.0,2.0,1.0,1.0,,,,6.0,,,,2.0,3.0,,5.0,,5.0,,1.0,1.0,,1.0,1.0,1.0,1.0,,,,,2.0,,,1.0,,1.0,,,,2.0,,,,,,,,,,,,,,,,,,,,,6.0,,,,,,,1.0,0.6666666666666666,,,0.6666666666666666,,,,0.42857142857142855,,,0.42857142857142855,,,0.42857142857142855,,,,,0.5,,,0.6,,1.0,,0.7142857142857143,,,,,,,1.0,,0.6666666666666666,1.0,1.0,,109.83050847457628,,12.222222222222221,14.0,12.222222222222221,13.11111111111111,0.14285714285714285,,,,,,,,0.42857142857142855,,,,0.14285714285714285,1.0,1.0,1.0,0.2857142857142857,0.5,0.5,1.0,,,,,,,,,,,,,,,,0.5714285714285714,0.5,0.5178428571428572,,,,,,,,14.275,25.433333333333334,,,,,,,,,,1610612739,2017,2016-17,False
202682-202684-202697-202732-2210,1610612739,"Derrick Williams, Tristan Thompson, Iman Shumpert, DeAndre Liggins, Richard Jefferson","Williams, Thompson, Shumpert, Liggins, Jefferson",202682-202684-202697-202732-2210,CLE,234.0,2,4.0,4.0,7.0,6.0,,,1.0,13.0,2.0,3.0,,1.0,,,,,1.0,2.0,,,,,,,,,,,,,3.0,5.0,,,2.0,8.0,4.0,,1.0,,,,,,,,,,,,6.0,,,,,,1.0,,,,,,,,,,,,,2.0,2.0,,4.0,,4.0,,,,,,,,1.0,,,,,1.0,,,,,1.0,1.0,,,2.0,,,,1.0,2.0,,,,1.0,,,,,,,,,,,,8.0,,,,,,,,,,,,0.6,,,0.6,,,0.6666666666666666,,,,0.2,0.3333333333333333,,,,,,0.6666666666666666,,1.0,,0.8,,,,,,,,1.0,1.0,1.0,1.0,,80.0,,15.285714285714286,21.166666666666668,11.142857142857142,21.0,0.6,0.6666666666666666,1.0,,,,,,0.4,0.5,0.5,,,,,,,,,,1.0,,,,,,,,,,,,,,,0.6,,0.51574,0.5149,,0.16666666666666666,0.16666666666666666,,,,8.540000000000001,,,,,,,,,,,1610612739,2017,2016-17,False
202682-202684-202697-2544-2594,1610612739,"Derrick Williams, Tristan Thompson, Iman Shumpert, LeBron James, Kyle Korver","Williams, Thompson, Shumpert, James, Korver",202682-202684-202697-2544-2594,CLE,234.0,3,4.0,1.0,7.0,8.0,1.0,,2.0,15.0,2.0,4.0,1.0,3.0,,,,,1.0,4.0,,1.0,,1.0,,,,,,,,,3.0,8.0,,1.0,,6.0,5.0,1.0,3.0,,1.0,,2.0,,,,,,,4.0,2.0,,,,,,,2.0,,2.0,,,1.0,,1.0,4.0,,4.0,,2.0,3.0,,5.0,4.0,9.0,2.0,,,,,,,1.0,1.0,,,,1.0,,,,,,,,,2.0,,,1.0,,,,,,,,,1.0,,,1.0,,1.0,1.0,,,4.0,,1.0,,,0.6666666666666666,0.6666666666666666,,,,,,0.375,0.3333333333333333,,0.3333333333333333,0.25,,0.3333333333333333,0.25,,0.1111111111111111,,,,,,,,0.75,0.8,1.0,,0.8333333333333334,0.6666666666666666,1.0,,0.6666666666666666,,,1.0,,0.5,1.0,,0.3333333333333333,92.3076923076923,1.0,19.142857142857142,12.5,16.428571428571427,11.5,0.4444444444444444,0.5,0.5,0.5,,,,,0.4444444444444444,0.25,0.25,1.0,0.1111111111111111,,,,,,,,0.75,0.3333333333333333,,0.25,,,,,,,,,,,,0.5555555555555556,,0.5219388888888888,0.5816125,,,,,0.3333333333333333,,9.85,22.7,0.14285714285714285,,,,,,,,,1610612739,2017,2016-17,False
101114-202681-202684-2544-2594,1610612739,"Deron Williams, Kyrie Irving, Tristan Thompson, LeBron James, Kyle Korver","Williams, Irving, Thompson, James, Korver",101114-202681-202684-2544-2594,CLE,227.0,2,4.0,-10.0,8.0,8.0,5.0,8.0,3.0,16.0,1.0,2.0,,1.0,1.0,2.0,,1.0,1.0,2.0,,1.0,,1.0,,1.0,1.0,3.0,,,1.0,2.0,2.0,5.0,1.0,4.0,2.0,9.0,19.0,,1.0,,1.0,2.0,2.0,1.0,4.0,1.0,3.0,2.0,7.0,,4.0,3.0,,,3.0,1.0,,,1.0,1.0,1.0,,,,,3.0,1.0,2.0,,,,,,3.0,3.0,,,,,,,,1.0,1.0,,,,1.0,,,2.0,,5.0,,1.0,,2.0,,,,,2.0,,,,1.0,,,,,,,,,,,,7.0,7.0,5.0,2.0,,,,1.0,0.25,,0.3333333333333333,0.25,0.4,,0.25,0.3888888888888889,,0.35714285714285715,0.45,0.3333333333333333,0.4375,0.4444444444444444,,,,,,,,,1.0,,0.3333333333333333,,0.6,,1.0,1.0,0.5,,,,,,,,101.4977973568282,,18.75,9.625,15.875,9.625,0.2222222222222222,0.5,0.5,,0.1111111111111111,,,,0.2222222222222222,0.5,0.5,,0.1111111111111111,,,,0.3333333333333333,0.3333333333333333,0.3333333333333333,1.0,0.5,,,0.5,,,,,,0.2857142857142857,0.5,0.14285714285714285,,0.2857142857142857,0.5,0.6666666666666666,0.3333333333333333,0.42545,0.4662,0.42895714285714287,0.1,0.16666666666666666,,0.2222222222222222,0.7777777777777778,10.78,24.85,0.625,,,,,,,,,1610612739,2017,2016-17,False
101112-202682-202697-202732-2210,1610612739,"Channing Frye, Derrick Williams, Iman Shumpert, DeAndre Liggins, Richard Jefferson","Frye, Williams, Shumpert, Liggins, Jefferson",101112-202682-202697-202732-2210,CLE,225.0,1,4.0,-7.0,9.0,8.0,5.0,3.0,,17.0,1.0,2.0,,,,,1.0,1.0,,1.0,1.0,1.0,,,1.0,1.0,,,,,,,2.0,4.0,1.0,1.0,2.0,9.0,16.0,,,,,,,1.0,2.0,1.0,1.0,2.0,7.0,,4.0,3.0,,,,,,,1.0,1.0,,1.0,,,,3.0,,,,,1.0,,1.0,,1.0,,1.0,1.0,,1.0,,1.0,2.0,,,,,3.0,,1.0,1.0,,3.0,1.0,,1.0,1.0,,,,,2.0,,,,1.0,,,,,,,,,,,,9.0,7.0,5.0,,,,,1.0,1.0,,1.0,1.0,0.5,,0.5,0.7,,0.8333333333333334,0.75,,0.875,0.2,,,,,0.3333333333333333,,,0.5,,,,0.5,,,,,,,1.0,,,,,,108.8,,12.0,14.625,12.0,14.5,0.4,0.5,0.5,,0.2,1.0,1.0,,0.2,,,,0.2,1.0,1.0,1.0,,,,,,,,,,,,,,,,0.3333333333333333,1.0,,,0.6,,0.49284,,0.41186666666666666,0.16666666666666666,0.2,,,0.7777777777777778,7.75,22.9,0.5555555555555556,,,,,,,,,1610612739,2017,2016-17,False
201567-202684-202697-202732-2747,1610612739,"Kevin Love, Tristan Thompson, Iman Shumpert, DeAndre Liggins, JR Smith","Love, Thompson, Shumpert, Liggins, Smith",201567-202684-202697-202732-2747,CLE,224.0,2,4.0,8.0,7.0,7.0,6.0,3.0,3.0,14.0,2.0,3.0,1.0,1.0,2.0,3.0,1.0,2.0,,1.0,1.0,1.0,1.0,1.0,1.0,1.0,1.0,1.0,,,1.0,1.0,3.0,6.0,2.0,2.0,3.0,15.0,7.0,1.0,1.0,1.0,1.0,,5.0,2.0,5.0,2.0,2.0,2.0,12.0,2.0,4.0,6.0,,2.0,1.0,1.0,2.0,1.0,2.0,3.0,1.0,1.0,1.0,,,8.0,,3.0,,1.0,2.0,1.0,4.0,3.0,7.0,,,,,,,,1.0,,,,,1.0,1.0,1.0,2.0,,3.0,,,,1.0,,,,,4.0,1.0,,1.0,2.0,,,1.0,,,1.0,,1.0,,,,10.0,12.0,6.0,,,0.3333333333333333,0.5,1.0,1.0,1.0,1.0,1.0,0.5,1.0,0.4,0.75,1.25,0.7142857142857143,0.7777777777777778,1.25,0.7857142857142857,0.25,0.3333333333333333,0.3333333333333333,0.5,,,1.0,,0.6666666666666666,1.0,0.5,,0.6,1.0,1.0,1.0,1.0,,,,,1.0,0.5,,,90.0,,15.428571428571429,16.571428571428573,14.142857142857142,14.714285714285714,0.375,0.6666666666666666,1.0,0.5,0.25,0.5,1.0,,0.125,,,,0.125,1.0,1.0,1.0,0.125,1.0,1.0,1.0,0.5,1.0,,0.5,1.0,1.0,,,,0.42857142857142855,0.6666666666666666,0.14285714285714285,1.0,0.14285714285714285,1.0,0.625,1.0,0.51508125,0.594475,0.5344928571428571,0.2222222222222222,0.2857142857142857,,0.3333333333333333,0.8,7.1000000000000005,25.55,0.8571428571428571,,,,,,,,,1610612739,2017,2016-17,False
101114-202681-202682-2544-2594,1610612739,"Deron Williams, Kyrie Irving, Derrick Williams, LeBron James, Kyle Korver","Williams, Irving, Williams, James, Korver",101114-202681-202682-2544-2594,CLE,223.0,2,4.0,,7.0,7.0,,,1.0,14.0,3.0,3.0,1.0,1.0,,,,1.0,,,,,,,,,,3.0,,,,,3.0,4.0,,3.0,2.0,8.0,8.0,1.0,1.0,,,,2.0,,,,,,,2.0,4.0,,,2.0,3.0,,,1.0,,1.0,,,1.0,,,2.0,1.0,,,,2.0,,2.0,1.0,3.0,,1.0,,1.0,,,,,,,,,,,,1.0,,1.0,,,,2.0,1.0,,,,2.0,,,,1.0,,,,,,,,,,,,6.0,,,,,0.3333333333333333,0.5,,,,,,0.75,1.0,,0.42857142857142855,1.0,,0.5,1.0,,0.42857142857142855,,,,,,,,1.0,,,0.3333333333333333,1.0,0.25,,,,0.3333333333333333,,,1.0,,,,,90.40358744394618,,12.571428571428571,19.285714285714285,12.428571428571429,19.285714285714285,0.42857142857142855,1.0,1.0,0.3333333333333333,0.14285714285714285,,,,,,,,,,,,0.42857142857142855,,,,1.0,1.0,,,,,,,,,,,,,,0.8571428571428571,,0.6012500000000001,,,0.125,0.2,,0.25,,4.4,24.733333333333334,,,,,,,,,,1610612739,2017,2016-17,False
1627770-202682-202732-203895-2592,1610612739,"Kay Felder, Derrick Williams, DeAndre Liggins, Jordan McRae, James Jones","Felder, Williams, Liggins, McRae, Jones",1627770-202682-202732-203895-2592,CLE,223.0,2,4.0,1.0,7.0,7.0,7.0,5.0,,14.0,1.0,3.0,,,1.0,3.0,,,,1.0,1.0,1.0,,,1.0,1.0,1.0,1.0,,,1.0,1.0,1.0,4.0,2.0,2.0,,8.0,7.0,,,,,,,1.0,4.0,2.0,2.0,,8.0,2.0,,6.0,,,1.0,1.0,,1.0,2.0,3.0,1.0,1.0,1.0,,,8.0,,,,,2.0,2.0,4.0,,4.0,,,,,,,,,,,,,,,,2.0,,4.0,,1.0,,,,,,,,,,,,,,,,,,,,,,,8.0,8.0,7.0,1.0,,1.0,1.0,1.0,1.0,,1.0,1.0,0.25,,0.25,0.6666666666666666,,0.6666666666666666,0.6666666666666666,,0.6666666666666666,0.3333333333333333,,,,,,1.0,,1.0,,,,0.5,,,,,,,1.0,,1.0,,,,90.40358744394618,,15.571428571428571,16.285714285714285,15.571428571428571,15.0,0.5,0.3333333333333333,0.3333333333333333,1.0,,,,,0.16666666666666666,,,,0.16666666666666666,1.0,1.0,1.0,0.16666666666666666,1.0,1.0,1.0,,,,,,,,,,0.5,0.3333333333333333,0.16666666666666666,1.0,0.16666666666666666,1.0,0.8333333333333334,1.0,0.48012499999999997,,0.48012499999999997,,,,,1.0,6.1,23.65,1.0,,,,,,,,,1610612739,2017,2016-17,False
101112-202681-202697-202732-2399,1610612739,"Channing Frye, Kyrie Irving, Iman Shumpert, DeAndre Liggins, Mike Dunleavy","Frye, Irving, Shumpert, Liggins, Dunleavy",101112-202681-202697-202732-2399,CLE,222.0,2,4.0,2.0,8.0,7.0,,3.0,,15.0,,,,,,,1.0,1.0,1.0,2.0,1.0,1.0,,,,,,2.0,,,,,2.0,3.0,1.0,3.0,2.0,9.0,7.0,,,,,,,,,,,,,2.0,2.0,3.0,,,1.0,,,1.0,1.0,2.0,,1.0,,,1.0,5.0,,,,2.0,1.0,1.0,4.0,,4.0,,,,,1.0,,1.0,2.0,,,,,3.0,,,2.0,,3.0,,,1.0,2.0,,,,,2.0,,,,1.0,,,,,,,,,,,,9.0,,,,,0.5,0.5,1.0,0.3333333333333333,,,0.5,0.6666666666666666,,,0.5833333333333334,,,0.6428571428571429,,,0.5,,,,,0.3333333333333333,1.0,,0.25,,1.0,,0.5,,,,,,,0.5,,,1.0,1.0,,97.29729729729729,,16.375,13.0,16.375,12.142857142857142,,,,,0.16666666666666666,1.0,1.0,,0.3333333333333333,0.5,0.5,1.0,0.16666666666666666,1.0,1.0,1.0,0.3333333333333333,,,,,,,,,,,,,,,,,,,0.5,,0.40488,,,0.14285714285714285,0.25,,,,12.966666666666667,30.666666666666668,,,,,,1.0,,,,1610612739,2017,2016-17,False
101112-202681-203895-2544-2594,1610612739,"Channing Frye, Kyrie Irving, Jordan McRae, LeBron James, Kyle Korver","Frye, Irving, McRae, James, Korver",101112-202681-203895-2544-2594,CLE,222.0,2,4.0,1.0,7.0,6.0,,3.0,2.0,13.0,1.0,2.0,,,,,,1.0,,,1.0,1.0,,,,,,1.0,,,,,1.0,3.0,1.0,2.0,3.0,8.0,7.0,,,,,1.0,1.0,,,,,,,2.0,,3.0,,,1.0,,1.0,1.0,1.0,2.0,,1.0,1.0,,,5.0,1.0,1.0,,2.0,1.0,,3.0,2.0,5.0,,,,,,1.0,,2.0,,,,,2.0,1.0,,,,1.0,,,1.0,3.0,,,,,4.0,,,,2.0,,,,,,,,,,,,7.0,,,,,1.0,1.0,1.0,0.5,,,0.5,0.3333333333333333,,,0.5,,,0.5714285714285714,0.5,,0.4,0.3333333333333333,0.5,,,,,,0.5,0.5,1.0,1.0,0.75,0.6666666666666666,1.0,,,1.0,,,1.0,,1.0,,,84.32432432432432,,14.571428571428571,20.0,13.142857142857142,20.0,0.4,0.5,1.0,1.0,0.2,,,,,,,,0.2,1.0,1.0,1.0,0.2,,,,,,,,,,,,,,,,,,,0.8,,0.5529499999999999,,,0.2857142857142857,0.4,,0.125,,4.933333333333334,24.2,,,,,,,,,,1610612739,2017,2016-17,False
101112-101114-201567-202697-2544,1610612739,"Channing Frye, Deron Williams, Kevin Love, Iman Shumpert, LeBron James","Frye, Williams, Love, Shumpert, James",101112-101114-201567-202697-2544,CLE,220.0,1,4.0,1.0,7.0,7.0,,,,14.0,2.0,3.0,,,,,1.0,1.0,1.0,1.0,,,,,,,,,,,,,4.0,5.0,,,,8.0,7.0,,,,,,,,,,,,,8.0,,,,,,,,4.0,,4.0,,,2.0,1.0,1.0,8.0,,,,1.0,2.0,,3.0,,3.0,,1.0,1.0,,2.0,,1.0,,,1.0,,,2.0,,,,,2.0,,1.0,,1.0,,,,,2.0,,,,1.0,,,4.0,,,4.0,,4.0,,,,8.0,,,,,1.0,1.0,,,,,,0.8,,,0.8,,,0.6666666666666666,,,,,,,,1.0,,,0.3333333333333333,,0.5,,0.375,,,,,,,,1.0,,0.5,,,91.63636363636364,,13.571428571428571,17.857142857142858,13.571428571428571,15.857142857142858,0.6,0.6666666666666666,0.6666666666666666,1.0,0.2,1.0,1.0,1.0,0.2,1.0,1.0,1.0,,,,,,,,,,,,,,,,,,,,,,,,0.6,,0.5302800000000001,,,0.16666666666666666,0.16666666666666666,,,,6.540000000000001,,,,,,,,,,,1610612739,2017,2016-17,False
101112-1627770-202697-203895-2592,1610612739,"Channing Frye, Kay Felder, Iman Shumpert, Jordan McRae, James Jones","Frye, Felder, Shumpert, McRae, Jones",101112-1627770-202697-203895-2592,CLE,214.0,1,4.0,-3.0,8.0,9.0,8.0,6.0,,17.0,1.0,2.0,,,1.0,2.0,,,,1.0,,1.0,,,,1.0,1.0,3.0,,,1.0,3.0,1.0,3.0,1.0,4.0,1.0,6.0,9.0,,,,,,,1.0,3.0,1.0,4.0,1.0,6.0,2.0,,3.0,,,3.0,1.0,1.0,1.0,1.0,2.0,1.0,,1.0,,,5.0,,,,2.0,2.0,1.0,5.0,,5.0,,,,,,,,,,,,,,,,2.0,,3.0,,,,1.0,,,,,2.0,,,,1.0,,,,,,,,,,,,6.0,6.0,8.0,1.0,,1.0,1.0,1.0,0.25,,0.25,0.25,0.3333333333333333,,0.3333333333333333,0.35714285714285715,,0.35714285714285715,0.375,,0.375,0.5714285714285714,0.3333333333333333,0.5,,,,1.0,,0.6666666666666666,,1.0,,0.8,,,,,,,0.6666666666666666,,,1.0,1.0,,114.39252336448598,,11.625,13.444444444444445,11.625,13.444444444444445,0.2857142857142857,0.5,1.0,1.0,,,,,0.14285714285714285,,,,0.14285714285714285,,,,0.42857142857142855,0.3333333333333333,0.3333333333333333,1.0,,,,,,,,,,0.2857142857142857,0.5,0.14285714285714285,,0.42857142857142855,0.3333333333333333,0.8571428571428571,0.3333333333333333,0.5392714285714286,,0.5392714285714286,0.125,0.25,,,1.0,6.233333333333333,24.45,1.0,,,,,,,,,1610612739,2017,2016-17,False
101114-202682-202697-2544-2594,1610612739,"Deron Williams, Derrick Williams, Iman Shumpert, LeBron James, Kyle Korver","Williams, Williams, Shumpert, James, Korver",101114-202682-202697-2544-2594,CLE,214.0,1,4.0,1.0,7.0,6.0,,,1.0,13.0,1.0,2.0,1.0,1.0,,,,,1.0,2.0,1.0,1.0,,,,,,,,,,,2.0,4.0,1.0,1.0,4.0,11.0,10.0,1.0,1.0,,,,2.0,,,,,,,2.0,2.0,3.0,,,,,1.0,1.0,1.0,2.0,,1.0,1.0,,,5.0,,1.0,,,2.0,,2.0,1.0,3.0,,,,,1.0,,1.0,,,,,,1.0,,,,,,,,,3.0,,,,1.0,4.0,,,,2.0,,,,,,,,,,,,9.0,,,,,0.5,0.5,1.0,1.0,,,1.0,0.5,1.0,,0.7,1.0,,0.7857142857142857,1.0,,0.2,0.25,0.5,,,1.0,,,0.6666666666666666,0.5,,,0.6666666666666666,0.5,1.0,,,,,1.0,,1.0,,,,87.47663551401868,,14.714285714285714,18.5,14.285714285714286,18.0,0.4,0.5,1.0,1.0,,,,,0.4,0.5,0.5,,0.2,1.0,1.0,1.0,,,,,1.0,1.0,1.0,,,,,,,,,,,,,0.6,,0.52938,0.6431,,0.2857142857142857,0.3333333333333333,,0.18181818181818182,,8.675,23.0,,,,,,,,,,1610612739,2017,2016-17,False
101112-202684-203895-2544-2594,1610612739,"Channing Frye, Tristan Thompson, Jordan McRae, LeBron James, Kyle Korver","Frye, Thompson, McRae, James, Korver",101112-202684-203895-2544-2594,CLE,207.0,1,3.0,-6.0,7.0,7.0,,,,14.0,1.0,1.0,,,,,,,1.0,1.0,,1.0,,,,,,2.0,,,,,2.0,2.0,,3.0,,4.0,10.0,,,,,,,,,,,,,,4.0,,,,2.0,,,,,,,,,,,,,,,1.0,1.0,,2.0,,2.0,,,,,1.0,1.0,,1.0,,1.0,,,2.0,,,1.0,,3.0,,1.0,,,,,,,,,,,,,,1.0,,,1.0,,1.0,1.0,,,4.0,,,,,,,,,,,,1.0,,,0.4,,,0.4,,,0.6,,,,,0.5,,,1.0,,1.0,,1.0,,,,,,,1.0,,,,1.0,,97.39130434782608,1.0,14.571428571428571,15.0,14.571428571428571,15.0,0.2,1.0,1.0,,,,,,0.2,1.0,1.0,,0.2,,,,0.4,,,,,,,,,,,,,,,,,,,0.8,,0.5297,,,,,,,,10.65,24.766666666666666,,,,,,,,,,1610612739,2017,2016-17,False
101112-1627770-202684-202697-2210,1610612739,"Channing Frye, Kay Felder, Tristan Thompson, Iman Shumpert, Richard Jefferson","Frye, Felder, Thompson, Shumpert, Jefferson",101112-1627770-202684-202697-2210,CLE,206.0,3,3.0,-1.0,7.0,7.0,1.0,2.0,,14.0,,1.0,,,,,,1.0,,2.0,1.0,1.0,,,,,,,,,,,,4.0,1.0,1.0,1.0,4.0,5.0,,,,,,,,1.0,,,,,,,3.0,,,,,,,1.0,1.0,,1.0,,,,3.0,,,,2.0,1.0,,3.0,,3.0,,2.0,2.0,,1.0,,1.0,,,,,,1.0,,,,,2.0,,,,1.0,,,,,2.0,,,,1.0,,,,,,,,,,,,4.0,,1.0,,,,,1.0,1.0,,,1.0,,,,0.3,,,0.3333333333333333,,,0.2,,,,,1.0,,,1.0,,1.0,,1.0,,,,,,,,,1.0,1.0,1.0,,97.86407766990291,,15.285714285714286,14.142857142857142,15.285714285714286,14.142857142857142,0.2,,,,0.2,,,,0.4,,,,0.2,1.0,1.0,1.0,,,,,,,,,,,,,,,,,,,,0.4,,0.48385999999999996,,0.4154,0.16666666666666666,0.2,,,,8.7,22.8,0.14285714285714285,,,,,,,,,1610612739,2017,2016-17,False
202681-202697-203895-2544-2594,1610612739,"Kyrie Irving, Iman Shumpert, Jordan McRae, LeBron James, Kyle Korver","Irving, Shumpert, McRae, James, Korver",202681-202697-203895-2544-2594,CLE,206.0,1,3.0,-1.0,7.0,7.0,6.0,7.0,,14.0,1.0,2.0,,,1.0,2.0,,1.0,,,,1.0,,,,1.0,1.0,1.0,,,1.0,1.0,1.0,3.0,1.0,2.0,2.0,7.0,8.0,,,,,,,1.0,3.0,1.0,2.0,,5.0,,2.0,3.0,,,1.0,1.0,,,1.0,1.0,1.0,,,,,3.0,,,,2.0,1.0,1.0,4.0,,4.0,,,,,1.0,,,,,1.0,,,1.0,,1.0,1.0,,1.0,,,,1.0,,,,,2.0,,,,1.0,,,,,,,,,,,,7.0,5.0,6.0,,,,,1.0,0.5,,0.5,0.5,0.3333333333333333,,0.3333333333333333,0.5,,0.5,0.5833333333333334,,0.5,0.4,,,,,1.0,1.0,,1.0,,0.6666666666666666,,0.75,,,,,,,,1.0,,0.6666666666666666,,,97.86407766990291,,12.571428571428571,16.857142857142858,12.571428571428571,16.714285714285715,0.4,0.5,0.5,,0.2,,,,,,,,0.2,,,,0.2,1.0,1.0,1.0,,,,,,,,,,0.4,0.5,0.2,,0.2,1.0,0.8,1.0,0.47156000000000003,,0.47156000000000003,0.16666666666666666,0.25,,,0.7142857142857143,4.033333333333333,24.2,0.8571428571428571,,,,,,,,,1610612739,2017,2016-17,False
101112-202681-202682-2592-2594,1610612739,"Channing Frye, Kyrie Irving, Derrick Williams, James Jones, Kyle Korver","Frye, Irving, Williams, Jones, Korver",101112-202681-202682-2592-2594,CLE,205.0,2,3.0,,7.0,7.0,3.0,,,14.0,1.0,2.0,,,,,,,1.0,2.0,,1.0,,,,,,1.0,,,,1.0,2.0,4.0,,2.0,,4.0,4.0,,,,,,,1.0,2.0,,1.0,,2.0,,4.0,,,,1.0,,,,,,,,,,,,,,,1.0,2.0,,3.0,,3.0,,1.0,1.0,,,1.0,,1.0,,,,,1.0,,,1.0,,1.0,,,,,,,,,,,,,,,,1.0,,,,,1.0,,,,4.0,2.0,3.0,,,,,,,,,,0.5,,0.5,0.3333333333333333,,0.3333333333333333,0.3333333333333333,,0.3333333333333333,0.3333333333333333,,,,,,,,0.2857142857142857,,1.0,,0.375,,,,,,,0.5,,,,1.0,,98.34146341463415,,8.142857142857142,21.142857142857142,8.142857142857142,20.571428571428573,0.3333333333333333,0.5,0.5,,,,,,0.3333333333333333,0.5,0.5,,0.16666666666666666,,,,0.16666666666666666,,,,,,,,,,,,,,,,,0.3333333333333333,,0.6666666666666666,,0.5140083333333333,,0.40063333333333334,,,,,0.5,8.975,23.55,0.42857142857142855,,,,,,1.0,,,1610612739,2017,2016-17,False
201567-202681-2544-2592-2747,1610612739,"Kevin Love, Kyrie Irving, LeBron James, James Jones, JR Smith","Love, Irving, James, Jones, Smith",201567-202681-2544-2592-2747,CLE,203.0,1,3.0,-2.0,6.0,7.0,,,,13.0,1.0,1.0,,,,,,2.0,,,1.0,1.0,,,,,1.0,2.0,,,,,1.0,3.0,2.0,3.0,,8.0,10.0,,,,,,,,,,,,,2.0,,6.0,,,2.0,1.0,,1.0,2.0,3.0,1.0,1.0,1.0,,,8.0,,,,1.0,1.0,,2.0,,2.0,,,,,,,,,,,,,,,,1.0,,1.0,,,,2.0,,,1.0,,,,,,,,,,,,,,,,,,8.0,,,,,1.0,1.0,1.0,0.6666666666666666,,,0.6666666666666666,0.3333333333333333,,,0.6666666666666666,,,0.6666666666666666,,,0.5,,,,,,,,0.5,,1.0,,0.6666666666666666,,,,,,,,,1.0,1.0,,,92.21674876847291,,14.166666666666666,16.857142857142858,14.166666666666666,14.714285714285714,0.16666666666666666,1.0,1.0,1.0,0.3333333333333333,,,,,,,,0.16666666666666666,1.0,1.0,1.0,0.3333333333333333,0.5,0.5,1.0,,,,,,,,,,,,,,,,0.6666666666666666,0.5,0.5230750000000001,,,,,,,,6.266666666666667,24.666666666666668,,,,,,,,,,1610612739,2017,2016-17,False
1627770-202732-203895-2592-2594,1610612739,"Kay Felder, DeAndre Liggins, Jordan McRae, James Jones, Kyle Korver","Felder, Liggins, McRae, Jones, Korver",1627770-202732-203895-2592-2594,CLE,199.0,1,3.0,8.0,7.0,7.0,5.0,,,14.0,2.0,2.0,,,2.0,2.0,,,1.0,2.0,,,,,,,1.0,1.0,,,1.0,1.0,3.0,4.0,1.0,1.0,1.0,10.0,2.0,,,,,,,2.0,3.0,1.0,1.0,,7.0,2.0,4.0,3.0,,,1.0,1.0,,1.0,1.0,2.0,1.0,,1.0,,,5.0,,,,2.0,1.0,,3.0,,3.0,,2.0,1.0,1.0,1.0,,,,,1.0,,,1.0,,1.0,,,,,,,1.0,,,,,2.0,,,,1.0,,,,,,,,,,,,10.0,7.0,5.0,,,0.3333333333333333,0.3333333333333333,1.0,1.0,,1.0,1.0,0.75,,0.6666666666666666,0.9,,0.875,0.8333333333333334,,0.875,0.2,,,,,1.0,,,0.5,,1.0,,0.75,,,,,,,1.0,,,1.0,,,101.30653266331657,,10.571428571428571,17.857142857142858,10.571428571428571,17.714285714285715,0.4,1.0,1.0,0.5,,,,,0.4,0.5,0.5,,,,,,0.2,1.0,1.0,1.0,,,,,,,,,,0.5,1.0,,,0.25,1.0,0.6,1.0,0.5597000000000001,,0.605075,0.16666666666666666,0.2,,,0.7,9.75,24.7,0.7142857142857143,,,,,,,,,1610612739,2017,2016-17,False
101112-101114-202681-202697-2544,1610612739,"Channing Frye, Deron Williams, Kyrie Irving, Iman Shumpert, LeBron James","Frye, Williams, Irving, Shumpert, James",101112-101114-202681-202697-2544,CLE,197.0,3,3.0,3.0,8.0,6.0,1.0,3.0,2.0,14.0,,1.0,,,,,1.0,1.0,1.0,1.0,,1.0,,,,,1.0,4.0,,,,1.0,2.0,3.0,1.0,5.0,2.0,9.0,6.0,1.0,1.0,,,1.0,3.0,,,,1.0,,,,4.0,3.0,,,3.0,1.0,,,1.0,1.0,1.0,,,,,3.0,2.0,,,,2.0,2.0,4.0,2.0,6.0,1.0,,,,,,,,,,,,,,,2.0,,3.0,,,,3.0,,,,,3.0,1.0,,,2.0,,,1.0,,,,,1.0,,,,6.0,,1.0,1.0,,,,1.0,0.2,,,0.25,0.6666666666666666,1.0,,0.4375,1.0,,0.5,1.5,,0.625,,,,,,1.0,,0.5,,,0.6666666666666666,0.5,0.5,,,,1.0,,0.5,1.0,,,,0.25,102.33502538071066,,13.75,14.5,12.0,13.166666666666666,0.125,,,,0.125,1.0,1.0,,0.125,1.0,1.0,,0.125,,,,0.5,0.25,0.25,1.0,,,,,,,,,,,,,,1.0,,0.75,0.3333333333333333,0.49547857142857143,,,0.2222222222222222,0.5,,0.3333333333333333,,8.700000000000001,28.3,0.125,,,,,1.0,1.0,,,1610612739,2017,2016-17,False
201567-202681-2210-2399-2544,1610612739,"Kevin Love, Kyrie Irving, Richard Jefferson, Mike Dunleavy, LeBron James","Love, Irving, Jefferson, Dunleavy, James",201567-202681-2210-2399-2544,CLE,196.0,2,3.0,1.0,8.0,6.0,,,2.0,14.0,2.0,3.0,1.0,1.0,,,,,,,,5.0,,,,,,1.0,,1.0,,,2.0,3.0,,6.0,,4.0,3.0,1.0,1.0,,1.0,,2.0,,,,,,,2.0,2.0,,,,1.0,,1.0,1.0,,1.0,,,1.0,,,2.0,2.0,,,1.0,2.0,,3.0,2.0,5.0,1.0,1.0,,1.0,,1.0,,1.0,,,,,1.0,,,,,,,,,,,,,,,,,,,,,,,,,,,,,,2.0,,,,,0.5,0.5,,,,,,0.6666666666666666,1.0,,0.2222222222222222,0.5,,0.2222222222222222,0.5,,0.6666666666666666,0.3333333333333333,0.3333333333333333,,,,,,0.6666666666666666,,1.0,0.3333333333333333,0.75,0.2857142857142857,,,,,0.4,,1.0,,1.0,,0.16666666666666666,102.85714285714286,,12.75,15.666666666666666,11.75,15.666666666666666,0.3333333333333333,0.6666666666666666,1.0,0.5,,,,,,,,,0.5555555555555556,,,,0.1111111111111111,,,,0.5,1.0,,,,,0.5,,,,,,,,,1.0,,0.6123999999999999,,,,,,0.5,,0.8666666666666667,24.116666666666664,,,,,,,,,,1610612739,2017,2016-17,False
202681-202684-202732-2210-2594,1610612739,"Kyrie Irving, Tristan Thompson, DeAndre Liggins, Richard Jefferson, Kyle Korver","Irving, Thompson, Liggins, Jefferson, Korver",202681-202684-202732-2210-2594,CLE,196.0,1,3.0,3.0,7.0,6.0,,,1.0,13.0,2.0,2.0,1.0,1.0,,,,2.0,1.0,2.0,1.0,1.0,,,,,,,,,,,3.0,6.0,1.0,1.0,2.0,11.0,8.0,1.0,1.0,,,,2.0,,,,,,,2.0,4.0,3.0,,2.0,,,2.0,1.0,1.0,2.0,,1.0,,,1.0,5.0,,1.0,,,1.0,,1.0,1.0,2.0,,1.0,1.0,,,,,,,,,,,,,,,,,,,1.0,,,,,3.0,,,,,1.0,,,,,,,,,,,9.0,,,,,0.3333333333333333,0.5,1.0,1.0,,,1.0,0.5,1.0,,0.6428571428571429,1.0,,0.6875,1.0,,0.14285714285714285,0.3333333333333333,,1.0,,,,,1.0,0.3333333333333333,,,1.0,0.3333333333333333,,,1.0,,,,,1.0,,,,95.51020408163265,,15.142857142857142,15.0,15.142857142857142,15.0,0.2857142857142857,1.0,1.0,,0.2857142857142857,,,,0.2857142857142857,0.5,0.5,1.0,0.14285714285714285,1.0,1.0,1.0,,,,,1.0,1.0,,,,,,,,,,,,,,0.42857142857142855,,0.45465,0.5331,,0.125,,0.5,0.18181818181818182,,7.7,23.5,,,,,,,,,,1610612739,2017,2016-17,False
202684-202732-203895-2210-2544,1610612739,"Tristan Thompson, DeAndre Liggins, Jordan McRae, Richard Jefferson, LeBron James","Thompson, Liggins, McRae, Jefferson, James",202684-202732-203895-2210-2544,CLE,196.0,3,3.0,-5.0,6.0,7.0,5.0,6.0,,13.0,,,,,,,,,,,,,,,,,,2.0,,,,2.0,,,,2.0,4.0,4.0,9.0,,,,,,,,,,2.0,3.0,3.0,,,,,,1.0,,,,,,,,,,,,,,,1.0,1.0,,2.0,,2.0,,1.0,1.0,,,1.0,,1.0,,,,,1.0,,1.0,1.0,,1.0,,,,3.0,,,,,6.0,,,,3.0,,,1.0,,,1.0,,1.0,,,,4.0,3.0,5.0,,,,,,,,,,,,,,,,0.4,,0.375,1.0,,,,,,,,0.5,,0.5,,0.5,,,,,,,,,1.0,,1.0,,95.51020408163265,,12.666666666666666,17.142857142857142,12.666666666666666,15.571428571428571,,,,,,,,,,,,,,,,,1.0,,,,,,,,,,,,,,,,,1.0,,1.0,,0.35475,,0.35475,0.6,1.0,,,0.75,,40.05,0.8333333333333334,,,,,1.0,,,,1610612739,2017,2016-17,False
202684-202697-202732-2210-2544,1610612739,"Tristan Thompson, Iman Shumpert, DeAndre Liggins, Richard Jefferson, LeBron James","Thompson, Shumpert, Liggins, Jefferson, James",202684-202697-202732-2210-2544,CLE,195.0,5,3.0,-5.0,6.0,8.0,3.0,3.0,1.0,14.0,,2.0,,1.0,,2.0,,,,2.0,,,,,,,,1.0,,,,,,4.0,,1.0,2.0,2.0,7.0,,1.0,,,,,,3.0,,,,,,,,,,1.0,,2.0,,,,,,,,,,,2.0,,1.0,2.0,1.0,4.0,2.0,6.0,,,,,,,,1.0,,,,,1.0,,1.0,1.0,,1.0,,,,1.0,,,,,2.0,,,,1.0,,,,,,,,,,,,2.0,,3.0,,,,,,,,,,,,,,,,0.16666666666666666,,,0.2,0.5,1.0,,,,1.0,,1.0,0.5,1.0,,1.0,0.4,0.5,,0.5,,,,1.0,1.0,,1.0,,103.38461538461539,,22.833333333333332,7.25,21.5,7.25,0.4,,,,,,,,0.4,,,,,,,,0.2,,,,1.0,,,,,,,,,0.6666666666666666,,,,,,0.6,,0.39605,0.3306,0.3515333333333333,0.16666666666666666,0.2,,,,9.775,24.7,0.5,,,,,,,,,1610612739,2017,2016-17,False
202684-202697-2210-2544-2747,1610612739,"Tristan Thompson, Iman Shumpert, Richard Jefferson, LeBron James, JR Smith","Thompson, Shumpert, Jefferson, James, Smith",202684-202697-2210-2544-2747,CLE,194.0,3,3.0,,5.0,7.0,,,2.0,12.0,,,,,,,1.0,2.0,,2.0,,,,,,,2.0,2.0,,,,,1.0,4.0,2.0,2.0,2.0,10.0,10.0,1.0,1.0,,,2.0,4.0,,,,,,,2.0,,6.0,,,2.0,2.0,1.0,1.0,2.0,3.0,2.0,,,1.0,,8.0,,2.0,,1.0,1.0,,2.0,2.0,4.0,,,,,,,,,,,,,,,,1.0,,1.0,,,,2.0,,,,,3.0,1.0,,,2.0,,,1.0,,,,1.0,1.0,,,,6.0,,,,,1.0,1.0,1.0,1.0,,,1.0,0.25,1.0,,0.6666666666666666,1.0,,0.7142857142857143,1.0,,0.3333333333333333,0.25,,0.5,,,,,0.5,0.6666666666666666,1.0,,0.6666666666666666,0.6666666666666666,,1.0,0.5,,,,0.5,,1.0,,,89.0721649484536,,19.6,13.714285714285714,16.2,10.428571428571429,,,,,0.3333333333333333,0.5,1.0,1.0,0.3333333333333333,,,,,,,,0.3333333333333333,1.0,1.0,1.0,,,,,,,,,,,,,,,,0.3333333333333333,1.0,0.45013333333333333,0.4226,,0.2857142857142857,0.4,,0.4,,12.0,26.85,,,,,,,,,,1610612739,2017,2016-17,False
101114-202682-202732-2210-2594,1610612739,"Deron Williams, Derrick Williams, DeAndre Liggins, Richard Jefferson, Kyle Korver","Williams, Williams, Liggins, Jefferson, Korver",101114-202682-202732-2210-2594,CLE,192.0,1,3.0,,7.0,6.0,,,1.0,13.0,,2.0,,1.0,,,,2.0,,,,,,,,,1.0,3.0,,,,,,4.0,1.0,3.0,2.0,5.0,5.0,,2.0,,,,,,,,,,,,,3.0,,,3.0,1.0,2.0,,1.0,1.0,1.0,,,,,3.0,1.0,1.0,,2.0,1.0,,3.0,2.0,5.0,,,,,1.0,,1.0,,,,,,1.0,,,,,1.0,,,,1.0,,,,,2.0,,,,1.0,,,,,,,,,,,,5.0,,,,,,,1.0,0.3333333333333333,,,0.3333333333333333,,,,0.21428571428571427,,,0.3125,,,0.42857142857142855,0.5,0.5,0.5,,1.0,,,1.0,0.25,1.0,0.5,1.0,0.3333333333333333,,0.5,,0.5,,,,1.0,1.0,1.0,,97.5,,19.142857142857142,9.666666666666666,15.428571428571429,9.666666666666666,0.2857142857142857,,,,0.2857142857142857,,,,,,,,,,,,0.42857142857142855,0.3333333333333333,0.3333333333333333,1.0,0.5,,,,,,,,,,,,,,,0.7142857142857143,0.3333333333333333,0.5165857142857143,0.4837,,0.125,0.2,,,,3.9,24.866666666666664,,,,,,,,,,1610612739,2017,2016-17,False
201567-202684-202697-2210-2544,1610612739,"Kevin Love, Tristan Thompson, Iman Shumpert, Richard Jefferson, LeBron James","Love, Thompson, Shumpert, Jefferson, James",201567-202684-202697-2210-2544,CLE,192.0,2,3.0,-5.0,7.0,8.0,3.0,4.0,,15.0,,,,,,,,1.0,,,,,,,,,,1.0,,,,,,1.0,,1.0,6.0,6.0,11.0,,,,,,,,,,,5.0,5.0,,,,,,1.0,,,,,,,,,,,,,,,1.0,1.0,,2.0,,2.0,,,,,,,,1.0,1.0,,,,1.0,,,2.0,1.0,2.0,,,,6.0,,,,,8.0,,,,1.0,,3.0,1.0,,,,1.0,1.0,1.0,,,6.0,5.0,3.0,,3.0,,,,,,,,,,,,,,0.5,,0.8333333333333334,0.5,,,,,,,,0.5,,1.0,,0.6666666666666666,,,,,,,,0.5,,1.0,,,112.5,1.0,16.0,10.0,16.0,10.0,,,,,0.5,,,,,,,,,,,,0.5,,,,,,,,,,,,,,,,,,,0.5,,0.429125,,,0.3333333333333333,0.5,,,0.8333333333333334,12.7,26.6,0.42857142857142855,,,,,,,,,1610612739,2017,2016-17,False
101112-101114-202697-2592-2594,1610612739,"Channing Frye, Deron Williams, Iman Shumpert, James Jones, Kyle Korver","Frye, Williams, Shumpert, Jones, Korver",101112-101114-202697-2592-2594,CLE,191.0,1,3.0,-5.0,5.0,5.0,1.0,3.0,,10.0,,,,,,,,,1.0,1.0,,1.0,,,,1.0,1.0,3.0,,,,,1.0,1.0,1.0,4.0,,5.0,10.0,,,,,,,,,,1.0,,,2.0,,3.0,,,3.0,1.0,,1.0,1.0,2.0,1.0,,,,1.0,5.0,,,,,,,,,,,,,,,,,,,,,,,,,,,1.0,,,,1.0,,,,,,,,,,,,,,,,,,,,,5.0,,1.0,,,1.0,1.0,1.0,0.25,,,0.25,1.0,,,0.5,,,0.5,,,0.8,,,,,,,,,,,,,,,,,,,,,,,,,75.39267015706807,,16.4,21.8,16.4,20.2,,,,,,,,,0.2,1.0,1.0,1.0,0.2,,,,0.6,0.3333333333333333,0.3333333333333333,1.0,,,,,,,,,,,,1.0,,,,0.8,0.3333333333333333,0.53551,,0.57315,,,,,,20.3,24.375,0.2,,,,,,,,,1610612739,2017,2016-17,False
201567-202681-202684-202697-203895,1610612739,"Kevin Love, Kyrie Irving, Tristan Thompson, Iman Shumpert, Jordan McRae","Love, Irving, Thompson, Shumpert, McRae",201567-202681-202684-202697-203895,CLE,189.0,1,3.0,-3.0,7.0,8.0,,,1.0,15.0,,1.0,,1.0,,,,2.0,1.0,1.0,,,,,,,1.0,3.0,,,,,1.0,4.0,1.0,3.0,,5.0,8.0,,1.0,,,,,,,,,,,,2.0,3.0,,,3.0,1.0,,,1.0,1.0,1.0,,,,,3.0,1.0,,,1.0,1.0,1.0,3.0,1.0,4.0,,,,,,,,,,,,,,,,1.0,1.0,1.0,,,,1.0,,,,,2.0,,,,1.0,,,,,,,,,,,,5.0,,,,,,,1.0,0.3333333333333333,,,0.3333333333333333,0.25,,,0.35714285714285715,,,0.3125,,,0.42857142857142855,,,,,,1.0,,0.5,,1.0,0.5,0.6666666666666666,0.2,,,,0.5,,,0.5,,,1.0,,114.28571428571429,,16.571428571428573,9.125,16.285714285714285,9.125,0.14285714285714285,,,,0.2857142857142857,,,,0.14285714285714285,1.0,1.0,,,,,,0.42857142857142855,0.3333333333333333,0.3333333333333333,1.0,1.0,,,,,,,,,,,,,,,0.5714285714285714,0.3333333333333333,0.49942857142857144,,,0.125,0.2,,,,8.6,25.833333333333332,,,,,,,,,,1610612739,2017,2016-17,False
101112-101114-202682-2592-2747,1610612739,"Channing Frye, Deron Williams, Derrick Williams, James Jones, JR Smith","Frye, Williams, Williams, Jones, Smith",101112-101114-202682-2592-2747,CLE,186.0,1,3.0,-1.0,7.0,6.0,,,,13.0,,1.0,,,,,,,2.0,4.0,,1.0,,,,,,,,,,,2.0,5.0,,1.0,,4.0,5.0,,,,,,,,,,,,,2.0,2.0,,,,,,,1.0,,1.0,,,,,1.0,2.0,,,,1.0,1.0,,2.0,,2.0,,2.0,2.0,,1.0,,1.0,,,,,,1.0,,,1.0,,1.0,,,,1.0,,,,,,,,,,,,,,,,,,,,,4.0,,,,,0.5,0.5,,,,,,0.4,,,0.3333333333333333,,,0.3333333333333333,,,0.16666666666666666,,,,,1.0,,,0.5,,1.0,,0.6666666666666666,,,,,,,,,1.0,1.0,,,100.64516129032258,,11.571428571428571,17.5,11.571428571428571,17.5,0.16666666666666666,,,,,,,,0.6666666666666666,0.5,0.5,0.5,0.16666666666666666,,,,,,,,,,,,,,,,,,,,,,,0.3333333333333333,,0.48795000000000005,,,,,,,,14.540000000000001,23.4,,,,,,,,,,1610612739,2017,2016-17,False
101112-1627770-202732-203895-2210,1610612739,"Channing Frye, Kay Felder, DeAndre Liggins, Jordan McRae, Richard Jefferson","Frye, Felder, Liggins, McRae, Jefferson",101112-1627770-202732-203895-2210,CLE,186.0,1,3.0,-8.0,7.0,6.0,,2.0,,13.0,3.0,3.0,,,,,,,,,,1.0,,,,,,2.0,,,,,3.0,3.0,,3.0,,6.0,14.0,,,,,,,,,,,,,2.0,4.0,,,,2.0,,,1.0,,1.0,,,1.0,,,2.0,,,,,,,,,,,,,,,,,,,,,,,,,1.0,1.0,2.0,,,,,,,,,,,,,,,,1.0,,,1.0,,1.0,,,,6.0,,,1.0,,0.3333333333333333,0.3333333333333333,,,,,,1.0,,,0.5,,,0.5,,,0.5,,,,,,,,,,,,,,,,,,,,,,,,,100.64516129032258,,20.142857142857142,7.5,20.142857142857142,7.0,0.5,1.0,1.0,0.3333333333333333,,,,,,,,,0.16666666666666666,,,,0.3333333333333333,,,,,,,,,,,,,,,,,,,1.0,,0.5764916666666667,,,,,,,,0.7333333333333334,24.900000000000002,,,,,,,,,,1610612739,2017,2016-17,False
202681-202697-203895-2210-2544,1610612739,"Kyrie Irving, Iman Shumpert, Jordan McRae, Richard Jefferson, LeBron James","Irving, Shumpert, McRae, Jefferson, James",202681-202697-203895-2210-2544,CLE,186.0,2,3.0,4.0,6.0,5.0,,1.0,,11.0,2.0,2.0,,,,,,1.0,,,1.0,1.0,,,,,1.0,1.0,,,,,2.0,3.0,2.0,2.0,,10.0,6.0,,,,,,,,,,,,,4.0,,6.0,,,1.0,1.0,,2.0,2.0,4.0,1.0,1.0,2.0,,,10.0,,,,1.0,,,1.0,,1.0,,1.0,,1.0,1.0,,1.0,,,,,,1.0,,,,1.0,1.0,,,,,,,,,,,,,,,,,,,,,,,,,10.0,,,,,1.0,1.0,1.0,1.0,,,1.0,0.6666666666666666,,,1.0,,,1.0,,,0.4,,,,,1.0,,,,,1.0,,0.3333333333333333,,,,,,,,,,1.0,,,85.16129032258064,,17.333333333333332,16.4,17.333333333333332,15.4,0.4,1.0,1.0,1.0,0.2,,,,,,,,0.2,1.0,1.0,1.0,0.2,1.0,1.0,1.0,,,,,,,,,,,,,,,,0.8,1.0,0.62489,,,,,,,,3.5,24.4,,,,,,,,,,1610612739,2017,2016-17,False
101112-1627770-201567-2210-2594,1610612739,"Channing Frye, Kay Felder, Kevin Love, Richard Jefferson, Kyle Korver","Frye, Felder, Love, Jefferson, Korver",101112-1627770-201567-2210-2594,CLE,185.0,2,3.0,5.0,5.0,6.0,2.0,3.0,1.0,11.0,1.0,1.0,1.0,1.0,1.0,1.0,,,,,,1.0,,,,1.0,2.0,3.0,,,,1.0,1.0,1.0,2.0,4.0,2.0,10.0,5.0,1.0,1.0,,,,2.0,1.0,1.0,,2.0,,2.0,,2.0,6.0,,2.0,3.0,2.0,,,2.0,2.0,2.0,,,,,6.0,1.0,,,,2.0,,2.0,1.0,3.0,,,,,,,,,,,,,,,,1.0,,1.0,,,,2.0,,,,,2.0,,,,1.0,,,,,,,,,,,,8.0,2.0,2.0,,,,,1.0,0.5,,,0.5,1.0,1.0,1.0,0.8,1.0,0.3333333333333333,0.8333333333333334,1.0,0.3333333333333333,0.8,,,,,,,,0.6666666666666666,,,0.5,0.4,0.5,,,,,1.0,,,1.0,,,,85.62162162162161,,11.8,21.0,11.8,20.333333333333332,0.2,1.0,1.0,,,,,,,,,,0.2,,,,0.6,0.6666666666666666,0.6666666666666666,1.0,1.0,1.0,,,,,,,,0.3333333333333333,1.0,0.3333333333333333,,0.3333333333333333,,1.0,0.6666666666666666,0.54718,,0.5316666666666666,0.16666666666666666,0.5,,0.2,0.2,2.3,24.525,0.4,,,,,,,,,1610612739,2017,2016-17,False
101112-1627770-202682-2544-2594,1610612739,"Channing Frye, Kay Felder, Derrick Williams, LeBron James, Kyle Korver","Frye, Felder, Williams, James, Korver",101112-1627770-202682-2544-2594,CLE,185.0,1,3.0,-2.0,7.0,6.0,,,,13.0,2.0,2.0,,,,,,,,,,,,,,,,1.0,,,,,2.0,2.0,,1.0,6.0,10.0,12.0,,,,,,,,,,,,,2.0,2.0,,,,1.0,,,1.0,,1.0,,,1.0,,,2.0,,,,,1.0,,1.0,,1.0,,,,,,,,,,,,,,,,,1.0,1.0,,,,4.0,,,,1.0,8.0,,,,4.0,,,,,,,,,,,,10.0,,,,,0.5,0.5,,,,,,1.0,,,0.6666666666666666,,,0.7142857142857143,,,0.3333333333333333,,,,,,,,1.0,,,,1.0,,,,,,,,,1.0,,,,101.18918918918918,,15.714285714285714,12.5,15.714285714285714,12.5,0.6666666666666666,1.0,1.0,0.5,,,,,,,,,,,,,0.3333333333333333,,,,,,,,,,,,,,,,,,,1.0,,0.6966,,,0.5714285714285714,0.6666666666666666,,,,0.65,25.4,,,,,,,,,,1610612739,2017,2016-17,False
101112-1627770-202697-203895-2544,1610612739,"Channing Frye, Kay Felder, Iman Shumpert, Jordan McRae, LeBron James","Frye, Felder, Shumpert, McRae, James",101112-1627770-202697-203895-2544,CLE,185.0,1,3.0,-3.0,6.0,6.0,,,1.0,12.0,1.0,2.0,,,,,,,,1.0,,1.0,,,,,,2.0,,1.0,,,1.0,3.0,,3.0,2.0,4.0,7.0,,,,1.0,,,,,,,,,2.0,,,,,2.0,,,1.0,,1.0,,,1.0,,,2.0,,1.0,,1.0,2.0,,3.0,1.0,4.0,1.0,,,,,,,,,,,,,,,,,,,,,1.0,,,,,2.0,,,,1.0,,,,,,,,,,,,4.0,,,,,1.0,1.0,,,,,,0.3333333333333333,,,0.16666666666666666,,,0.2857142857142857,,,0.5,,,,,,,,1.0,0.5,1.0,,1.0,0.2,1.0,,,,,1.0,,1.0,1.0,,0.2,93.4054054054054,,15.0,15.833333333333334,14.166666666666666,15.833333333333334,0.3333333333333333,0.5,0.5,1.0,,,,,0.16666666666666666,,,,0.16666666666666666,,,,0.3333333333333333,,,,,,,,,,1.0,,,,,,,,,0.8333333333333334,,0.5594333333333333,0.5637,,0.14285714285714285,0.25,,,,8.066666666666666,24.666666666666668,,,,,,,,,,1610612739,2017,2016-17,False
101112-1627770-202697-2399-2592,1610612739,"Channing Frye, Kay Felder, Iman Shumpert, Mike Dunleavy, James Jones","Frye, Felder, Shumpert, Dunleavy, Jones",101112-1627770-202697-2399-2592,CLE,184.0,1,3.0,-7.0,7.0,7.0,3.0,4.0,,14.0,,,,,,,,1.0,,2.0,,1.0,,,,1.0,,,,,,,,3.0,,1.0,2.0,2.0,9.0,,,,,,,,2.0,,1.0,,,,,,,,,,,,,,,,,,,,,,,2.0,,,2.0,,2.0,,,,,1.0,,1.0,,,,,,1.0,,,,,2.0,,1.0,,2.0,,,,,4.0,,,,2.0,,,,,,,,,,,,2.0,,3.0,1.0,,,,,,,,,,,,,,,0.16666666666666666,,,0.25,,,,,1.0,,,,,1.0,,1.0,,,,,,,,,,1.0,1.0,,109.56521739130434,,12.857142857142858,13.428571428571429,12.857142857142858,13.428571428571429,,,,,0.25,,,,0.5,,,,0.25,,,,,,,,,,,,,,,,,,,0.3333333333333333,,,,0.25,,0.4243875,,0.4279833333333333,0.3333333333333333,0.4,,,,14.4,23.7,0.42857142857142855,,,,,,,,,1610612739,2017,2016-17,False
101112-202684-202697-2210-2399,1610612739,"Channing Frye, Tristan Thompson, Iman Shumpert, Richard Jefferson, Mike Dunleavy","Frye, Thompson, Shumpert, Jefferson, Dunleavy",101112-202684-202697-2210-2399,CLE,184.0,1,3.0,-1.0,6.0,7.0,1.0,2.0,,13.0,,,,,,,2.0,3.0,,,,,,,,,,2.0,,,,,2.0,3.0,,2.0,,4.0,5.0,,,,,,,,1.0,,,,,4.0,,,,,2.0,,,2.0,,2.0,,,,2.0,,4.0,,,,,2.0,1.0,3.0,,3.0,,1.0,,1.0,,,,1.0,,,,,1.0,,,1.0,,2.0,,,1.0,1.0,,,,,,,,,,,,,,,,,,,,,4.0,,1.0,,,1.0,1.0,,,,,,0.6666666666666666,,,0.4,,,0.4,,,0.4,,,,,,1.0,,1.0,,,,1.0,,,,,,,1.0,,,,,,101.7391304347826,,17.333333333333332,11.428571428571429,17.333333333333332,11.428571428571429,,,,,0.6,0.6666666666666666,0.6666666666666666,1.0,,,,,,,,,0.4,,,,,,,,,,,,,,,,,,,0.4,,0.45365,,0.3895,,,,,,10.166666666666666,24.95,0.16666666666666666,,,,,,,,,1610612739,2017,2016-17,False
201567-202681-202684-203895-2594,1610612739,"Kevin Love, Kyrie Irving, Tristan Thompson, Jordan McRae, Kyle Korver","Love, Irving, Thompson, McRae, Korver",201567-202681-202684-203895-2594,CLE,182.0,1,3.0,1.0,7.0,7.0,,7.0,1.0,14.0,,,,,,,1.0,2.0,,,2.0,2.0,,,,,,3.0,,1.0,,,1.0,2.0,2.0,5.0,,8.0,7.0,,,,1.0,,,,,,,,,,2.0,6.0,,,3.0,,,,2.0,2.0,,2.0,,,,6.0,1.0,,,1.0,1.0,,2.0,1.0,3.0,,,,,1.0,,,,,1.0,,,1.0,,,1.0,,2.0,,,,1.0,,,,,,,,,,,,,,,,,,,,,8.0,,,,,,,1.0,0.4,,,0.4,0.5,,,0.5714285714285714,,,0.5714285714285714,,,0.7142857142857143,,,,,1.0,,,1.0,,1.0,0.3333333333333333,1.0,0.25,,,,0.3333333333333333,,,1.0,,1.0,,,110.76923076923077,,15.0,11.0,14.142857142857142,11.0,,,,,0.2857142857142857,0.5,0.5,,,,,,0.2857142857142857,1.0,1.0,1.0,0.42857142857142855,,,,,,,,,,1.0,,,,,,,,,0.7142857142857143,,0.52115,,,,,,,,12.8,24.759999999999998,,,,,,,,,,1610612739,2017,2016-17,False
101112-1627770-202697-203895-2365,1610612739,"Channing Frye, Kay Felder, Iman Shumpert, Jordan McRae, Chris Andersen","Frye, Felder, Shumpert, McRae, Andersen",101112-1627770-202697-203895-2365,CLE,181.0,1,3.0,-4.0,7.0,7.0,5.0,,2.0,14.0,,2.0,,1.0,,2.0,,1.0,2.0,4.0,,,,,,,,,,,,,2.0,7.0,,,,4.0,8.0,,1.0,,,,,2.0,5.0,,,,4.0,,4.0,,,,,,,,,,,,,,,,,2.0,,1.0,1.0,,2.0,2.0,4.0,,,,,2.0,,1.0,,,1.0,,,2.0,1.0,1.0,,,,,,,2.0,,1.0,1.0,,,,,,,,,,,,,,,,,,4.0,4.0,5.0,,,,,,,,,,0.2857142857142857,,0.4,0.2857142857142857,,0.4,0.2857142857142857,,0.4,,,,,,1.0,,,1.0,0.4,1.0,,1.0,0.4,,1.0,0.5,,,,1.0,,1.0,,,111.38121546961327,,11.857142857142858,14.0,11.571428571428571,14.0,0.2857142857142857,,,,0.14285714285714285,,,,0.5714285714285714,0.5,0.5,,,,,,,,,,1.0,,,,,,,,,0.4,,,,,,0.2857142857142857,,0.4406,0.6098,0.44977999999999996,,,,,1.0,11.585714285714285,,0.7142857142857143,,,,,,,,,1610612739,2017,2016-17,False
201567-202697-2210-2544-2747,1610612739,"Kevin Love, Iman Shumpert, Richard Jefferson, LeBron James, JR Smith","Love, Shumpert, Jefferson, James, Smith",201567-202697-2210-2544-2747,CLE,181.0,1,3.0,1.0,7.0,7.0,,7.0,1.0,14.0,1.0,1.0,,,,,1.0,2.0,,,,2.0,,,,,,,,,,,2.0,3.0,,2.0,,4.0,3.0,,,,,,,,,,,,,2.0,2.0,,,,,,,1.0,,1.0,,,1.0,,,2.0,1.0,,,1.0,2.0,2.0,5.0,1.0,6.0,,1.0,,1.0,2.0,,1.0,2.0,1.0,1.0,,,4.0,1.0,,1.0,,1.0,,,,1.0,,1.0,,,,,,,,,,,,,,,,,,,4.0,,,,,0.5,0.5,,,,,,0.6666666666666666,,,0.4,,,0.4,,,0.4,,,,,0.5,1.0,,1.0,,0.5,1.0,0.75,0.5,,,,,1.0,1.0,,1.0,0.5,,,111.38121546961327,,13.0,12.857142857142858,12.142857142857142,12.428571428571429,0.2,1.0,1.0,1.0,0.4,0.5,0.5,,,,,,0.4,,,,,,,,,,,,,,,,,,,,,,,0.6,,0.51981,,,,,,,,8.033333333333333,23.15,,,,,,,,,,1610612739,2017,2016-17,False
101114-201567-202697-2544-2747,1610612739,"Deron Williams, Kevin Love, Iman Shumpert, LeBron James, JR Smith","Williams, Love, Shumpert, James, Smith",101114-201567-202697-2544-2747,CLE,180.0,2,3.0,5.0,7.0,5.0,,,2.0,12.0,1.0,5.0,,2.0,,,,,,,1.0,1.0,,,,,,2.0,,,,,1.0,5.0,1.0,3.0,2.0,7.0,2.0,,2.0,,,2.0,2.0,,,,,,,2.0,,3.0,,,2.0,,1.0,1.0,1.0,2.0,,1.0,1.0,,,5.0,,3.0,,3.0,,,3.0,3.0,6.0,1.0,1.0,1.0,,,,,,,,,,,,,,,1.0,,,,1.0,,,,,2.0,,,,1.0,,,1.0,,,1.0,,1.0,,,,5.0,,,,,1.0,1.0,1.0,0.3333333333333333,,,0.3333333333333333,0.2,,,0.3125,,,0.3888888888888889,0.3333333333333333,,0.375,0.2,0.2,,,,,,,0.75,1.0,,0.75,0.5,0.75,,,,,,,,1.0,1.0,0.2,96.0,,12.285714285714286,18.8,11.428571428571429,18.8,0.625,0.2,0.25,1.0,,,,,,,,,0.125,1.0,1.0,1.0,0.25,,,,1.0,,,,,,,,,,,,,,,1.0,,0.5639375,0.49465,,0.1111111111111111,0.16666666666666666,,0.2857142857142857,,1.64,25.566666666666666,,,,,,,,,,1610612739,2017,2016-17,False
201567-202681-202684-2399-2747,1610612739,"Kevin Love, Kyrie Irving, Tristan Thompson, Mike Dunleavy, JR Smith","Love, Irving, Thompson, Dunleavy, Smith",201567-202681-202684-2399-2747,CLE,180.0,1,3.0,-4.0,5.0,5.0,,,1.0,10.0,,2.0,,1.0,,,,1.0,1.0,1.0,1.0,2.0,,,,,,,,,,,1.0,4.0,1.0,2.0,,5.0,9.0,,1.0,,,,,,,,,,,,2.0,3.0,,,,,2.0,,1.0,1.0,,1.0,,,,3.0,,1.0,,1.0,1.0,,2.0,1.0,3.0,,,,,,,,,,,,,,,,,,1.0,,,,,,,,,,,,,,,,,,,,,,,,,5.0,,,,,,,1.0,0.5,,,0.5,0.25,,,0.4166666666666667,,,0.4166666666666667,,,0.3333333333333333,0.5,0.5,1.0,,,,,0.5,0.3333333333333333,0.5,,0.5,0.25,0.5,,,,,0.5,,,1.0,,,80.0,,15.4,20.6,14.6,19.2,0.3333333333333333,,,,0.16666666666666666,,,,0.16666666666666666,1.0,1.0,,0.3333333333333333,0.5,0.5,1.0,,,,,1.0,,,,,,,,,,,,,,,0.6666666666666666,,0.4416083333333333,0.4189,,,,,,,7.775,24.25,,,,,,,,,,1610612739,2017,2016-17,False
201567-202697-202732-2210-2365,1610612739,"Kevin Love, Iman Shumpert, DeAndre Liggins, Richard Jefferson, Chris Andersen","Love, Shumpert, Liggins, Jefferson, Andersen",201567-202697-202732-2210-2365,CLE,179.0,1,3.0,6.0,5.0,6.0,5.0,5.0,1.0,11.0,1.0,1.0,1.0,1.0,1.0,1.0,1.0,2.0,1.0,2.0,,,,,,,,,,,,,3.0,5.0,,,2.0,8.0,2.0,1.0,1.0,,,,2.0,3.0,5.0,,,2.0,8.0,2.0,4.0,,,2.0,,,,1.0,,1.0,,,,,1.0,2.0,,1.0,,1.0,1.0,1.0,3.0,1.0,4.0,1.0,1.0,,1.0,,,,,,,,,,,,,,,,,,1.0,,,,,2.0,,,,,,1.0,1.0,,,1.0,,1.0,1.0,,,6.0,8.0,5.0,,1.0,0.3333333333333333,0.5,,,,,,0.6,1.0,0.6,0.6,1.0,0.6,0.6666666666666666,1.0,0.6666666666666666,,,,,,,1.0,,1.0,0.5,0.5,,0.6666666666666666,0.5,,1.0,,,,1.0,,,0.5,,0.5,88.49162011173185,1.0,16.8,15.833333333333334,16.8,14.5,0.2,1.0,1.0,,0.4,0.5,0.5,,0.4,0.5,0.5,1.0,,,,,,,,,1.0,1.0,,,,,,,,0.2,1.0,,,,,0.2,,0.43772,0.6096,0.43772,,,,0.25,1.0,11.76,,1.0,,,,,,,,,1610612739,2017,2016-17,False
202681-202684-2210-2594-2747,1610612739,"Kyrie Irving, Tristan Thompson, Richard Jefferson, Kyle Korver, JR Smith","Irving, Thompson, Jefferson, Korver, Smith",202681-202684-2210-2594-2747,CLE,179.0,1,3.0,5.0,5.0,6.0,,,,11.0,,,,,,,,,1.0,1.0,1.0,1.0,,,,,1.0,2.0,,,,,1.0,1.0,2.0,3.0,,8.0,3.0,,,,,,,,,,,,,2.0,,6.0,,,2.0,1.0,,1.0,2.0,3.0,1.0,1.0,,,1.0,8.0,,,,3.0,1.0,,4.0,,4.0,,1.0,,1.0,,1.0,,1.0,,,,,1.0,,,,,,,,,1.0,,,,,,,,,,,,,,,,,,,,,8.0,,,,,1.0,1.0,1.0,0.6666666666666666,,,0.6666666666666666,1.0,,,1.0,,,1.0,,,0.75,,,,,,,,1.0,,1.0,,1.0,,,,,,,,,1.0,1.0,1.0,,88.49162011173185,,18.4,14.5,18.4,12.5,,,,,,,,,0.25,1.0,1.0,1.0,0.25,1.0,1.0,1.0,0.5,0.5,0.5,1.0,,,,,,,,,,,,,,,,0.75,0.5,0.4840125,,,,,,,,16.3,26.366666666666664,,,,,,,,,,1610612739,2017,2016-17,False
101112-202681-202682-202684-2544,1610612739,"Channing Frye, Kyrie Irving, Derrick Williams, Tristan Thompson, LeBron James","Frye, Irving, Williams, Thompson, James",101112-202681-202682-202684-2544,CLE,178.0,1,3.0,2.0,5.0,5.0,,5.0,1.0,10.0,2.0,2.0,1.0,1.0,,,,,,1.0,1.0,1.0,,,,,1.0,2.0,,,,,2.0,3.0,2.0,3.0,,10.0,8.0,1.0,1.0,,,,2.0,,,,,,,,4.0,3.0,3.0,2.0,2.0,1.0,,,1.0,1.0,,1.0,,,,3.0,,1.0,,,2.0,,2.0,1.0,3.0,,,,,,,,,,,,,,,,1.0,,1.0,,,,,,,,,,,,,,,,,,,,,,,,,8.0,,,,,,,0.5,0.6666666666666666,,,0.6666666666666666,0.6666666666666666,1.0,,0.8333333333333334,1.0,,0.8333333333333334,1.0,,0.5,,,,,,,,1.0,1.0,,,1.0,0.5,,,1.0,,,,,1.0,,,,80.89887640449437,,20.6,15.0,20.6,15.0,0.3333333333333333,1.0,1.0,,,,,,0.16666666666666666,,,,0.16666666666666666,1.0,1.0,1.0,0.3333333333333333,0.5,0.5,,1.0,1.0,,,,,,,,,,,,,,0.8333333333333334,0.5,0.5513750000000001,0.6113,,,,,0.2,,6.633333333333333,24.866666666666664,,,,,,,,,,1610612739,2017,2016-17,False
101114-201567-202681-2210-2594,1610612739,"Deron Williams, Kevin Love, Kyrie Irving, Richard Jefferson, Kyle Korver","Williams, Love, Irving, Jefferson, Korver",101114-201567-202681-2210-2594,CLE,178.0,1,3.0,3.0,7.0,7.0,3.0,7.0,1.0,14.0,2.0,2.0,,,1.0,1.0,1.0,2.0,,,1.0,1.0,,,,,,2.0,,,,1.0,3.0,4.0,1.0,3.0,1.0,10.0,7.0,,,,,,,1.0,2.0,,1.0,,2.0,,6.0,3.0,,,2.0,,1.0,,1.0,1.0,,1.0,,,,3.0,1.0,,,,1.0,,1.0,1.0,2.0,,2.0,,2.0,1.0,,1.0,,,,,,1.0,1.0,1.0,1.0,,1.0,,,,2.0,,,,,2.0,2.0,,,2.0,,,,,,,,,,,,10.0,2.0,3.0,,,,,1.0,0.3333333333333333,,,0.3333333333333333,0.75,,0.5,0.6428571428571429,,0.3333333333333333,0.7142857142857143,,0.3333333333333333,0.42857142857142855,0.25,,0.5,,1.0,,,0.5,,,1.0,0.3333333333333333,0.5,,,,1.0,,0.5,,,,,,113.25842696629213,,12.142857142857142,13.285714285714286,12.0,12.428571428571429,0.2857142857142857,1.0,1.0,,0.2857142857142857,0.5,1.0,,,,,,0.14285714285714285,1.0,1.0,1.0,0.2857142857142857,,,,,,,,,,,,,0.3333333333333333,1.0,,,0.3333333333333333,,0.7142857142857143,,0.5232571428571429,,0.5754833333333333,0.2857142857142857,0.5,,,0.2,3.8,25.5,0.42857142857142855,,,,,,,,,1610612739,2017,2016-17,False
101114-201567-202682-2210-2544,1610612739,"Deron Williams, Kevin Love, Derrick Williams, Richard Jefferson, LeBron James","Williams, Love, Williams, Jefferson, James",101114-201567-202682-2210-2544,CLE,178.0,1,3.0,,5.0,5.0,,,2.0,10.0,2.0,2.0,1.0,1.0,,,1.0,2.0,,1.0,,1.0,,,,,,,,,,,3.0,5.0,,1.0,,6.0,6.0,1.0,1.0,,,,2.0,,,,,,,2.0,4.0,,,,,,,1.0,,1.0,,,,1.0,,2.0,1.0,1.0,,1.0,,1.0,2.0,2.0,4.0,,,,,,1.0,,1.0,,,,,1.0,1.0,,2.0,,3.0,,1.0,,2.0,,,,,,,,,,,,,,,,,,,,,4.0,,,,,0.3333333333333333,0.3333333333333333,,,,,,0.6,1.0,,0.5,1.0,,0.5,1.0,,0.16666666666666666,,,,,,1.0,,,0.5,1.0,1.0,1.0,0.6666666666666666,,1.0,,,1.0,,,,1.0,,,80.89887640449437,,21.2,14.4,19.8,14.4,0.3333333333333333,1.0,1.0,,0.3333333333333333,0.5,0.5,1.0,0.16666666666666666,,,,0.16666666666666666,,,,,,,,1.0,1.0,,,,,,,,,,,,,,0.5,,0.55255,0.6629,,,,,0.3333333333333333,,5.4,22.9,,,,,,,,,,1610612739,2017,2016-17,False
201567-202681-2210-2594-2747,1610612739,"Kevin Love, Kyrie Irving, Richard Jefferson, Kyle Korver, JR Smith","Love, Irving, Jefferson, Korver, Smith",201567-202681-2210-2594-2747,CLE,178.0,2,3.0,-3.0,10.0,8.0,4.0,6.0,,18.0,1.0,1.0,,,1.0,1.0,,2.0,,,,,,,,,2.0,3.0,,,1.0,1.0,1.0,3.0,2.0,3.0,3.0,11.0,14.0,,,,,,,1.0,1.0,1.0,1.0,,5.0,,2.0,3.0,3.0,,3.0,2.0,,,1.0,1.0,1.0,,,,,3.0,,,,2.0,,,2.0,,2.0,,,,,1.0,,1.0,1.0,,,,,2.0,,2.0,1.0,,3.0,1.0,,,2.0,,,,1.0,4.0,,,,2.0,,,,,,,,,,,,11.0,5.0,4.0,,,,,0.5,0.6666666666666666,,1.0,0.6666666666666666,0.3333333333333333,,1.0,0.6666666666666666,,1.25,0.6875,,1.25,0.5,,,,,0.5,,,,,1.0,,0.6666666666666666,,,,,,,,,,1.0,,,145.61797752808988,,11.0,8.5,11.0,8.25,0.16666666666666666,1.0,1.0,,0.3333333333333333,,,,,,,,,,,,0.5,0.6666666666666666,0.6666666666666666,0.5,,,,,,,,,,0.5,1.0,,,0.5,1.0,0.6666666666666666,0.6666666666666666,0.46020000000000005,,0.5999,0.25,0.4,,,0.45454545454545453,6.6000000000000005,28.599999999999998,0.4,,,,,,,,,1610612739,2017,2016-17,False
101112-201567-202681-2210-2594,1610612739,"Channing Frye, Kevin Love, Kyrie Irving, Richard Jefferson, Kyle Korver","Frye, Love, Irving, Jefferson, Korver",101112-201567-202681-2210-2594,CLE,175.0,3,3.0,1.0,7.0,6.0,7.0,,1.0,13.0,,1.0,,1.0,,1.0,,2.0,,,,,,,,,1.0,2.0,,,1.0,2.0,,3.0,1.0,2.0,3.0,6.0,5.0,,1.0,,,2.0,2.0,,3.0,1.0,2.0,3.0,6.0,,,,3.0,,1.0,1.0,,,,,,,,,,,,2.0,,,2.0,,2.0,2.0,4.0,1.0,1.0,1.0,,1.0,,1.0,,,,,,1.0,,1.0,1.0,,1.0,,,,3.0,,1.0,,,4.0,,,,1.0,,1.0,,,,,,,,,,4.0,6.0,7.0,,1.0,,,,0.5,,0.5,1.0,,,,0.3,,0.3,0.42857142857142855,0.5,0.42857142857142855,0.4,,,,,1.0,,,0.6666666666666666,0.6666666666666666,,,0.6666666666666666,0.6666666666666666,1.0,0.5,,,,,1.0,1.0,,,0.3333333333333333,106.97142857142858,,9.285714285714286,18.333333333333332,8.714285714285714,18.333333333333332,0.2,,,,0.4,,,,,,,,,,,,0.4,0.5,0.5,,1.0,,,,,,,,,0.2,,,,0.4,0.5,0.6,1.0,0.4314125,0.4397,0.4314125,0.16666666666666666,0.25,,0.3333333333333333,1.0,7.733333333333333,37.85,1.0,,,,,1.0,,,,1610612739,2017,2016-17,False
202681-202682-2210-2544-2594,1610612739,"Kyrie Irving, Derrick Williams, Richard Jefferson, LeBron James, Kyle Korver","Irving, Williams, Jefferson, James, Korver",202681-202682-2210-2544-2594,CLE,175.0,2,3.0,3.0,5.0,5.0,,,1.0,10.0,2.0,2.0,,,,,,,,1.0,1.0,1.0,,,,,,1.0,,,,,2.0,3.0,1.0,2.0,2.0,9.0,6.0,,,,,2.0,2.0,,,,,,,2.0,2.0,,3.0,,1.0,,,1.0,,1.0,,,1.0,,,2.0,,1.0,,1.0,,,1.0,1.0,2.0,,1.0,,1.0,,,,,,,,,,,,,,,,,,1.0,,,,,2.0,,,,1.0,,,,1.0,1.0,,,1.0,1.0,,,7.0,,,,,0.5,0.5,,0.5,,,0.5,0.6666666666666666,,,0.7,,,0.75,1.0,,0.4,,,,,,,,,1.0,1.0,,1.0,0.5,,,1.0,,,,,,1.0,,,82.28571428571429,1.0,15.8,19.2,15.8,19.2,0.4,1.0,1.0,0.5,,,,,0.2,,,,0.2,1.0,1.0,,0.2,,,,,,,,,,,,,,,,,,,0.8,,0.62072,,,0.16666666666666666,0.25,,0.2222222222222222,,5.266666666666667,24.15,,,,,,,,,,1610612739,2017,2016-17,False
101112-203895-2210-2544-2747,1610612739,"Channing Frye, Jordan McRae, Richard Jefferson, LeBron James, JR Smith","Frye, McRae, Jefferson, James, Smith",101112-203895-2210-2544-2747,CLE,174.0,1,3.0,3.0,6.0,6.0,,,1.0,12.0,2.0,4.0,,2.0,,,,1.0,,,1.0,1.0,,,,,1.0,2.0,,,,,2.0,5.0,2.0,3.0,1.0,11.0,8.0,,2.0,,,,,,,,,,,,4.0,3.0,3.0,,2.0,1.0,,,1.0,1.0,,1.0,,,,3.0,1.0,1.0,,,1.0,,1.0,2.0,3.0,1.0,1.0,1.0,,,,,,,,,,,,,,,,,,,2.0,,1.0,,,1.0,1.0,,,1.0,,,,,,,,,,,,11.0,,,,,,,0.5,0.6666666666666666,,,0.6666666666666666,0.4,,,0.625,,,0.6875,,,0.375,,,,,,,,1.0,0.3333333333333333,,1.0,1.0,0.5,0.5,,,1.0,,,,1.0,,,0.25,99.3103448275862,,16.0,13.0,13.333333333333334,13.0,0.5,0.5,0.5,,0.125,,,,,,,,0.125,1.0,1.0,1.0,0.25,0.5,0.5,,1.0,,,,,,,,,,,,,,,0.875,0.5,0.60800625,0.5913,,0.125,0.2,,,,2.48,24.866666666666664,,,,,,,,,,1610612739,2017,2016-17,False
1627770-201567-202682-2210-2594,1610612739,"Kay Felder, Kevin Love, Derrick Williams, Richard Jefferson, Kyle Korver","Felder, Love, Williams, Jefferson, Korver",1627770-201567-202682-2210-2594,CLE,172.0,1,3.0,8.0,4.0,5.0,1.0,,,9.0,1.0,1.0,,,,,,,1.0,2.0,,,,,,,1.0,1.0,,,1.0,1.0,2.0,3.0,1.0,1.0,1.0,8.0,,,,,,,,,,1.0,1.0,,3.0,2.0,2.0,3.0,,,1.0,1.0,,1.0,1.0,2.0,1.0,,1.0,,,5.0,,,,1.0,3.0,,4.0,,4.0,,,,,,,,,,,,,,,,,,,,,,2.0,,,,,1.0,1.0,,,1.0,,,,,,,,,,,,8.0,3.0,1.0,,,0.5,0.5,1.0,1.0,,1.0,1.0,0.6666666666666666,,,0.875,,1.5,1.0,,1.5,0.25,,,,,,,,1.0,,0.5,,0.8,,,,,,,,1.0,1.0,0.5,,,75.34883720930233,,17.75,20.2,17.75,18.4,0.25,1.0,1.0,1.0,,,,,0.5,0.5,0.5,,,,,,0.25,1.0,1.0,1.0,,,,,,,,,,,,,,1.0,1.0,0.5,1.0,0.44825,,0.525,0.25,0.3333333333333333,,,0.375,13.433333333333332,24.1,0.25,,,,,,,,,1610612739,2017,2016-17,False
202681-202684-202697-2399-2544,1610612739,"Kyrie Irving, Tristan Thompson, Iman Shumpert, Mike Dunleavy, LeBron James","Irving, Thompson, Shumpert, Dunleavy, James",202681-202684-202697-2399-2544,CLE,171.0,2,3.0,-1.0,4.0,5.0,,1.0,,9.0,,,,,,,,1.0,,,,,,,,,2.0,3.0,,,,,,1.0,2.0,3.0,,6.0,7.0,,,,,,,,,,,,,,,3.0,3.0,,3.0,2.0,,,1.0,1.0,1.0,,,,,3.0,,,,,1.0,,1.0,,1.0,,,,,,,,,,,,,,,,2.0,,3.0,,,,1.0,,,1.0,,,,,,,,,,,,,,,,,,6.0,,,,,,,0.5,0.6666666666666666,,,0.6666666666666666,,,,0.75,,,0.75,,,0.75,,,,,,,,1.0,,,,0.5,,,,,,,1.0,,,,,,75.78947368421052,,17.0,20.6,17.0,19.8,,,,,0.25,,,,,,,,,,,,0.75,0.6666666666666666,0.6666666666666666,0.5,,,,,,,,,,,,,,,,0.75,0.6666666666666666,0.493725,,,,,,,,11.9,25.833333333333332,,,,,,,,,,1610612739,2017,2016-17,False
201567-202684-2399-2544-2747,1610612739,"Kevin Love, Tristan Thompson, Mike Dunleavy, LeBron James, JR Smith","Love, Thompson, Dunleavy, James, Smith",201567-202684-2399-2544-2747,CLE,170.0,1,3.0,-3.0,6.0,7.0,2.0,,1.0,13.0,,,,,,,,,,,2.0,2.0,,,,,,2.0,,,,2.0,,,2.0,4.0,,6.0,9.0,,,,,,,,,,2.0,,,,,6.0,,,2.0,,,,2.0,2.0,,2.0,,,,6.0,1.0,,,2.0,,,2.0,1.0,3.0,,,,,1.0,,1.0,,,,,,1.0,1.0,1.0,,,,,,,3.0,,,,,4.0,,,,2.0,,,,,,,,,,,,6.0,,2.0,,1.0,,,1.0,0.5,,,0.5,,,,0.75,,,0.5,,,1.0,,,,,1.0,,,,,1.0,0.5,1.0,0.5,,,,0.5,,,,,1.0,1.0,,110.11764705882352,,14.5,11.857142857142858,13.0,11.857142857142858,,,,,,,,,,,,,0.5,1.0,1.0,1.0,0.5,,,,,,,,,,,,,,,,,1.0,,1.0,,0.57465,,0.561,0.3333333333333333,1.0,,,,,25.2,0.3333333333333333,,,,,,,,,1610612739,2017,2016-17,False
101112-101114-202682-2210-2594,1610612739,"Channing Frye, Deron Williams, Derrick Williams, Richard Jefferson, Kyle Korver","Frye, Williams, Williams, Jefferson, Korver",101112-101114-202682-2210-2594,CLE,168.0,1,3.0,1.0,5.0,4.0,,,,9.0,1.0,1.0,,,,,,,1.0,1.0,,,,,,,,3.0,,,,,2.0,2.0,,3.0,1.0,5.0,4.0,,,,,,,,,,,,,,4.0,,,,3.0,,,,,,,,,,,,,,,2.0,,,2.0,,2.0,,,,,,,,,,,,,,,,,,1.0,,,,2.0,,,,,1.0,1.0,,,1.0,,,,,,,,,,,,5.0,,,,,,,,,,,,1.0,,,0.4,,,0.5,,,0.6,,,,,,,,,,1.0,,0.6666666666666666,,,,,,,,,,1.0,,,77.14285714285715,,14.8,23.5,14.8,23.5,0.2,1.0,1.0,,,,,,0.2,1.0,1.0,,,,,,0.6,,,,,,,,,,,,,,,,,,,0.8,,0.5022599999999999,,,0.2,0.5,,,,9.95,25.733333333333334,,,,,,,,,,1610612739,2017,2016-17,False
202681-202684-202697-203895-2210,1610612739,"Kyrie Irving, Tristan Thompson, Iman Shumpert, Jordan McRae, Richard Jefferson","Irving, Thompson, Shumpert, McRae, Jefferson",202681-202684-202697-203895-2210,CLE,167.0,2,3.0,-6.0,5.0,5.0,4.0,,,10.0,1.0,2.0,,,1.0,2.0,,,,1.0,,1.0,,,,1.0,,1.0,,,,,1.0,3.0,,2.0,,2.0,8.0,,,,,,,1.0,3.0,,1.0,,2.0,,2.0,,,,1.0,,,,,,,,,,,,,,,,1.0,,1.0,,1.0,,,,,,,,,,,,,,,,1.0,1.0,1.0,,,,1.0,,,,,,,,,,,,1.0,,,1.0,,1.0,1.0,,,2.0,2.0,4.0,,,,,,,,,,0.3333333333333333,,0.3333333333333333,0.2,,0.25,0.2,,0.25,0.4,,,,,,,,0.5,,,,0.3333333333333333,,,,,,,1.0,,,,,,86.22754491017965,1.0,16.0,17.4,16.0,12.6,0.4,0.5,0.5,,,,,,0.2,,,,0.2,,,,0.2,,,,,,,,,,,,,0.5,0.5,0.25,,,,0.8,,0.43544,,0.4196125,,,,,1.0,6.666666666666667,24.65,0.8,,,,,,,,,1610612739,2017,2016-17,False
201567-202681-202697-2210-2365,1610612739,"Kevin Love, Kyrie Irving, Iman Shumpert, Richard Jefferson, Chris Andersen","Love, Irving, Shumpert, Jefferson, Andersen",201567-202681-202697-2210-2365,CLE,166.0,2,3.0,3.0,5.0,5.0,5.0,2.0,1.0,10.0,,1.0,,1.0,,1.0,1.0,1.0,,,,,,,,,1.0,2.0,,,1.0,2.0,1.0,2.0,1.0,2.0,2.0,7.0,4.0,,1.0,,,,,1.0,2.0,1.0,2.0,2.0,7.0,,2.0,,3.0,,2.0,1.0,,,,,,,,,,,1.0,,,3.0,1.0,,4.0,1.0,5.0,,,,,,1.0,,1.0,,,,,1.0,,1.0,1.0,,2.0,,,,1.0,,,,,2.0,,,,,,1.0,,,,,,,,,,7.0,7.0,5.0,,1.0,,,,0.5,,0.5,0.5,0.5,,0.5,0.625,,0.625,0.7,,0.7,0.5,,,,,,,,1.0,,1.0,1.0,1.0,1.0,,,,1.0,,,,1.0,1.0,,,86.74698795180723,,13.6,19.6,13.6,19.6,0.25,,,,0.25,1.0,1.0,,,,,,,,,,0.5,0.5,0.5,,1.0,,,,,,,,,0.25,,,,0.5,0.5,0.75,0.5,0.4423875,,0.4423875,,,,,1.0,2.55,25.6,1.0,,,,,,,,,1610612739,2017,2016-17,False
202681-202684-202697-2210-2592,1610612739,"Kyrie Irving, Tristan Thompson, Iman Shumpert, Richard Jefferson, James Jones","Irving, Thompson, Shumpert, Jefferson, Jones",202681-202684-202697-2210-2592,CLE,166.0,1,3.0,4.0,5.0,5.0,,,,10.0,3.0,3.0,,,,,,,1.0,2.0,,,,,,,,,,,,,4.0,5.0,,,,8.0,4.0,,,,,,,,,,,,,2.0,6.0,,,,,,,1.0,,1.0,,,1.0,,,2.0,,,,1.0,1.0,,2.0,,2.0,,1.0,1.0,,,,,,,,,,,,,,,1.0,,,,,,,,,,,,,,,,1.0,,,1.0,,1.0,,,,8.0,,,,,0.25,0.25,,,,,,0.8,,,0.8,,,0.8,,,,,,,,,,,0.3333333333333333,,1.0,,0.5,,,,,,,0.3333333333333333,,,,1.0,,86.74698795180723,,15.4,17.8,15.4,17.0,0.6,1.0,1.0,0.3333333333333333,,,,,0.4,0.5,0.5,,,,,,,,,,,,,,,,,,,,,,,,,0.6,,0.54958,,,,,,,,7.56,,,,,,,,,,,1610612739,2017,2016-17,False
101112-201567-202732-203895-2544,1610612739,"Channing Frye, Kevin Love, DeAndre Liggins, Jordan McRae, LeBron James","Frye, Love, Liggins, McRae, James",101112-201567-202732-203895-2544,CLE,165.0,1,3.0,11.0,7.0,7.0,7.0,,,14.0,4.0,4.0,,,4.0,4.0,,,,,,,,,,,,1.0,,,,1.0,4.0,4.0,,1.0,3.0,11.0,,,,,,,,4.0,4.0,,1.0,3.0,11.0,8.0,,,,,1.0,,,4.0,,4.0,,,4.0,,,8.0,,,,1.0,3.0,,4.0,,4.0,,2.0,,2.0,,,,1.0,,,,,1.0,,1.0,,,2.0,,,1.0,2.0,,,1.0,,3.0,,,1.0,,,1.0,1.0,,,,1.0,1.0,,,,11.0,11.0,7.0,,1.0,1.0,1.0,,,,,,1.0,,1.0,0.8,,0.8,0.8333333333333334,,0.8333333333333334,0.2,,,,,,,,0.5,,1.0,,0.5714285714285714,,,,,,,,0.6666666666666666,0.5,1.0,,,122.18181818181819,,6.428571428571429,17.142857142857142,6.428571428571429,15.714285714285714,0.8,1.0,1.0,1.0,,,,,,,,,,,,,0.2,,,,,,,,,,,,,0.8,1.0,,,0.2,,1.0,,0.68073,,0.68073,,,,,1.0,1.875,24.7,1.0,,,,,,,,,1610612739,2017,2016-17,False
201567-202681-202697-2592-2594,1610612739,"Kevin Love, Kyrie Irving, Iman Shumpert, James Jones, Kyle Korver","Love, Irving, Shumpert, Jones, Korver",201567-202681-202697-2592-2594,CLE,165.0,1,3.0,-3.0,5.0,5.0,2.0,5.0,1.0,10.0,2.0,5.0,,1.0,,3.0,,1.0,,,,,,,,,,,,,,,2.0,6.0,,,,4.0,7.0,,1.0,,,,,,3.0,,,,,4.0,,,,,,,,2.0,,2.0,,,2.0,,,4.0,,1.0,,,2.0,,2.0,1.0,3.0,,,,,,,,,,,,,,,,,,,,,,1.0,,,,,,,,,,,,1.0,,,,,1.0,1.0,,,4.0,,2.0,,,1.0,1.0,,,,,,0.3333333333333333,,,0.3333333333333333,,,0.3333333333333333,,,,,,,,,,,1.0,0.25,,,1.0,0.25,0.3333333333333333,,,,,,,1.0,,,,87.27272727272727,1.0,18.0,15.0,16.8,15.0,0.8333333333333334,0.4,0.4,1.0,0.16666666666666666,,,,,,,,,,,,,,,,1.0,,,,,,,,,1.0,,,,,,0.8333333333333334,,0.6195499999999999,0.608,0.6152,,,,,,2.1666666666666665,,0.4,,,,,,1.0,,,1610612739,2017,2016-17,False
101112-101114-202682-202684-2210,1610612739,"Channing Frye, Deron Williams, Derrick Williams, Tristan Thompson, Richard Jefferson","Frye, Williams, Williams, Thompson, Jefferson",101112-101114-202682-202684-2210,CLE,164.0,1,3.0,-2.0,7.0,7.0,1.0,7.0,1.0,14.0,1.0,1.0,1.0,1.0,,,,1.0,,,,,,,,,,,,,,,1.0,2.0,,,5.0,7.0,9.0,1.0,1.0,,,,2.0,,,,,2.0,2.0,,2.0,,,2.0,,,,,,,,,,,,,,1.0,,,1.0,2.0,3.0,1.0,4.0,,,,,1.0,1.0,1.0,2.0,,,,1.0,3.0,,,,,2.0,,,,3.0,,,,,7.0,,,,2.0,1.0,,,,,,,,,,,5.0,2.0,1.0,1.0,,,,,,,,,0.5,1.0,,0.5,1.0,,0.7,1.0,1.0,,,,,,0.3333333333333333,1.0,,0.5,1.0,,,0.5,1.0,,1.0,,,,,,0.5,,,,122.92682926829268,,16.285714285714285,7.142857142857143,16.142857142857142,7.142857142857143,0.5,1.0,1.0,,0.5,,,,,,,,,,,,,,,,1.0,1.0,,,,,,,,,,,,,,0.5,,0.52355,0.6075,,0.6,0.5,1.0,0.2857142857142857,0.2857142857142857,4.6,,0.14285714285714285,,,,,,,,,1610612739,2017,2016-17,False
101112-202697-202732-2210-2399,1610612739,"Channing Frye, Iman Shumpert, DeAndre Liggins, Richard Jefferson, Mike Dunleavy","Frye, Shumpert, Liggins, Jefferson, Dunleavy",101112-202697-202732-2210-2399,CLE,164.0,1,3.0,7.0,6.0,6.0,,,,12.0,1.0,1.0,,,,,,,,,1.0,1.0,,,,,1.0,1.0,,,,,1.0,1.0,2.0,2.0,3.0,11.0,4.0,,,,,,,,,,,,,,2.0,6.0,,,1.0,1.0,,,2.0,2.0,1.0,1.0,,,,6.0,,,,,4.0,1.0,5.0,,5.0,,,,,1.0,1.0,,1.0,,1.0,,,2.0,,,1.0,,1.0,,,,2.0,,,,,3.0,1.0,,,2.0,,,,,,,,,,,,11.0,,,,,,,1.0,1.0,,,1.0,1.0,,,1.3333333333333333,,,1.375,,,0.6666666666666666,,,,,0.5,1.0,,1.0,,,,1.0,,,,,,,1.0,1.0,1.0,,,,105.36585365853658,,11.166666666666666,16.166666666666668,11.166666666666666,16.166666666666668,0.3333333333333333,1.0,1.0,,,,,,,,,,0.3333333333333333,1.0,1.0,1.0,0.3333333333333333,1.0,1.0,1.0,,,,,,,,,,,,,,,,1.0,1.0,0.6186333333333334,,,0.5,1.0,,,,1.2,25.45,,,,,,,,,,1610612739,2017,2016-17,False
202681-202697-2210-2365-2544,1610612739,"Kyrie Irving, Iman Shumpert, Richard Jefferson, Chris Andersen, LeBron James","Irving, Shumpert, Jefferson, Andersen, James",202681-202697-2210-2365-2544,CLE,164.0,2,3.0,-3.0,5.0,6.0,,1.0,2.0,11.0,1.0,2.0,1.0,1.0,,,,1.0,,1.0,,1.0,,1.0,,,,1.0,,,,,1.0,4.0,,2.0,2.0,4.0,7.0,1.0,1.0,,1.0,,2.0,,,,,,,,2.0,,,2.0,1.0,,,,,,,,,,,,1.0,1.0,,1.0,1.0,,2.0,2.0,4.0,,,,,,1.0,,1.0,,,,,1.0,,1.0,1.0,,1.0,,,,1.0,,,,,2.0,,,,1.0,,,,,,,,,,,,2.0,,,,,,,,,,,,0.25,1.0,,0.16666666666666666,0.5,,0.2857142857142857,0.5,,0.3333333333333333,,,,,,,,0.5,0.3333333333333333,0.5,0.5,0.5,0.4,1.0,,,1.0,,,0.5,,,1.0,,96.58536585365853,,17.2,13.0,15.2,12.166666666666666,0.3333333333333333,0.5,0.5,,0.16666666666666666,,,,0.16666666666666666,,,,0.16666666666666666,,,,0.16666666666666666,,,,0.5,1.0,,0.5,,,,,,,,,,,,0.6666666666666666,,0.4871666666666667,0.5355,,0.14285714285714285,0.2,,0.5,,8.95,24.85,,,,,,,,,,1610612739,2017,2016-17,False
202682-202684-202732-2592-2594,1610612739,"Derrick Williams, Tristan Thompson, DeAndre Liggins, James Jones, Kyle Korver","Williams, Thompson, Liggins, Jones, Korver",202682-202684-202732-2592-2594,CLE,164.0,1,3.0,-2.0,7.0,6.0,3.0,3.0,1.0,13.0,1.0,2.0,,1.0,1.0,1.0,,1.0,,,,,,,,,1.0,2.0,,,1.0,1.0,1.0,3.0,1.0,2.0,2.0,7.0,9.0,,1.0,,,,,1.0,1.0,1.0,1.0,,5.0,2.0,,3.0,,,2.0,1.0,,1.0,1.0,2.0,1.0,,1.0,,,5.0,1.0,,,1.0,1.0,,2.0,1.0,3.0,,,,,,1.0,,2.0,,,,,2.0,,1.0,,,1.0,,,1.0,2.0,,,,,2.0,,,,1.0,,,,,,,,,,,,7.0,5.0,3.0,,,1.0,1.0,1.0,0.5,,1.0,0.5,0.3333333333333333,,1.0,0.5,,1.25,0.5833333333333334,,1.25,0.4,,,,,,,,1.0,,1.0,1.0,1.0,0.3333333333333333,,,,1.0,,,,1.0,1.0,,,114.14634146341463,,15.571428571428571,9.166666666666666,14.857142857142858,9.166666666666666,0.4,0.5,0.5,1.0,0.2,,,,,,,,,,,,0.4,0.5,0.5,1.0,1.0,,,,,,,,,0.5,1.0,,,0.5,1.0,0.8,0.5,0.58909,,0.55435,0.16666666666666666,0.25,,,0.7142857142857143,2.2666666666666666,25.35,0.42857142857142855,,,,,,,,,1610612739,2017,2016-17,False
101112-101114-201567-2210-2544,1610612739,"Channing Frye, Deron Williams, Kevin Love, Richard Jefferson, LeBron James","Frye, Williams, Love, Jefferson, James",101112-101114-201567-2210-2544,CLE,163.0,1,3.0,4.0,4.0,5.0,2.0,5.0,,9.0,1.0,2.0,,1.0,,1.0,1.0,1.0,,,,1.0,,,,1.0,1.0,2.0,,,1.0,1.0,2.0,3.0,1.0,3.0,1.0,8.0,4.0,,1.0,,,1.0,1.0,1.0,2.0,1.0,2.0,1.0,6.0,2.0,2.0,3.0,,,2.0,1.0,,1.0,1.0,2.0,1.0,,,1.0,,5.0,1.0,1.0,,,2.0,,2.0,2.0,4.0,1.0,1.0,,1.0,,,,,,,,,,,,,,1.0,,,,2.0,,,,1.0,2.0,,,,,,1.0,,,,,,,,,,7.0,6.0,2.0,1.0,1.0,0.5,0.5,1.0,0.3333333333333333,,0.5,0.3333333333333333,0.6666666666666666,,0.5,0.5833333333333334,,0.625,0.5714285714285714,0.25,0.6,0.5,,,,,,,,1.0,1.0,,0.5,0.6666666666666666,0.6666666666666666,1.0,,,,1.0,1.0,,,,,0.3333333333333333,79.50920245398773,,16.75,19.2,16.0,19.2,0.3333333333333333,0.5,0.5,,0.16666666666666666,1.0,1.0,1.0,,,,,0.16666666666666666,,,,0.3333333333333333,0.5,0.5,1.0,1.0,,,,,,,,,0.25,,0.25,,0.25,1.0,0.8333333333333334,0.5,0.5822416666666667,,0.5701375,,,,0.125,0.75,2.9,24.266666666666666,0.5,,,,,,,,,1610612739,2017,2016-17,False
101112-101114-202682-2544-2594,1610612739,"Channing Frye, Deron Williams, Derrick Williams, LeBron James, Kyle Korver","Frye, Williams, Williams, James, Korver",101112-101114-202682-2544-2594,CLE,163.0,1,3.0,-1.0,6.0,7.0,,,2.0,13.0,,,,,,,,1.0,,,,1.0,,,,,,,,,,,,1.0,,1.0,4.0,4.0,5.0,,,,,1.0,1.0,,,,,,,,,,,,,,,,,,,,,,,,1.0,1.0,,2.0,1.0,1.0,4.0,2.0,6.0,,,,,1.0,1.0,1.0,2.0,1.0,,,,3.0,1.0,,1.0,,1.0,,,,3.0,,,,,6.0,,,,3.0,,,,,,,,,,,,3.0,,,,,,,,,,,,,,,,,,0.4,0.5,,0.5,,,,,0.3333333333333333,1.0,,1.0,1.0,1.0,1.0,1.0,1.0,,1.0,,,1.0,,1.0,,1.0,1.0,,114.84662576687116,,15.166666666666666,10.285714285714286,14.666666666666666,7.857142857142857,,,,,0.5,,,,,,,,0.5,,,,,,,,,,,,,,,,,,,,,,,0.5,,0.485075,,,0.6,0.75,,0.25,,12.1,24.0,,,,,,,,,,1610612739,2017,2016-17,False
101112-202681-202682-202684-2594,1610612739,"Channing Frye, Kyrie Irving, Derrick Williams, Tristan Thompson, Kyle Korver","Frye, Irving, Williams, Thompson, Korver",101112-202681-202682-202684-2594,CLE,163.0,2,3.0,-5.0,5.0,5.0,,,1.0,10.0,1.0,2.0,1.0,1.0,,,,1.0,1.0,1.0,,1.0,,,,,,,,,,,2.0,4.0,,1.0,,4.0,9.0,1.0,1.0,,,,2.0,,,,,,,,4.0,,,2.0,,,,,,,,,,,,,,1.0,,1.0,1.0,,2.0,1.0,3.0,,,,,1.0,,1.0,,,,,,1.0,,,,,,,,,1.0,,,,,,,,,,,,,,,,,,,,,2.0,,,,,,,,,,,,0.5,1.0,,0.4,1.0,,0.4,1.0,,0.2,,,,,1.0,,,0.5,0.5,1.0,,0.6666666666666666,0.3333333333333333,,1.0,,,,,,1.0,,1.0,,88.34355828220859,,17.6,15.0,17.6,14.8,0.4,0.5,0.5,,0.2,,,,0.2,1.0,1.0,,0.2,,,,,,,,1.0,1.0,,,,,,,,,,,,,,0.6,,0.53978,0.7394,,,,,0.5,,6.0,23.9,,,,,,,,,,1610612739,2017,2016-17,False
202684-202732-2399-2592-2747,1610612739,"Tristan Thompson, DeAndre Liggins, Mike Dunleavy, James Jones, JR Smith","Thompson, Liggins, Dunleavy, Jones, Smith",202684-202732-2399-2592-2747,CLE,163.0,1,3.0,3.0,5.0,5.0,5.0,,2.0,10.0,1.0,3.0,,,1.0,3.0,,1.0,,1.0,1.0,2.0,,1.0,1.0,2.0,,,,,,,1.0,5.0,1.0,2.0,1.0,6.0,3.0,,1.0,,1.0,1.0,1.0,1.0,5.0,1.0,2.0,1.0,6.0,,2.0,3.0,,,,,1.0,,1.0,1.0,,1.0,,,,3.0,1.0,1.0,1.0,,3.0,,3.0,3.0,6.0,,,,,,,,,,,,,,,,,,,,,,2.0,,,,,3.0,1.0,,,1.0,,1.0,,,,,,,,,,5.0,6.0,5.0,,1.0,,,1.0,0.5,,0.5,0.5,0.2,,0.2,0.35714285714285715,,0.35714285714285715,0.375,0.16666666666666666,0.375,0.2857142857142857,0.2,0.3333333333333333,,,,,0.5,1.0,0.25,,1.0,1.0,0.4,0.5,,,,1.0,1.0,,,,,,88.34355828220859,,19.8,12.8,13.8,12.8,0.42857142857142855,0.3333333333333333,0.5,,0.14285714285714285,,,,0.14285714285714285,,,,0.2857142857142857,0.5,0.5,1.0,,,,,,,,0.5,,,,,,0.42857142857142855,0.3333333333333333,0.2857142857142857,0.5,,,0.7142857142857143,,0.5252857142857142,0.55725,0.5252857142857142,0.14285714285714285,0.2,,0.16666666666666666,1.0,7.32,24.15,1.0,,,,,,,,,1610612739,2017,2016-17,False
101112-201567-202681-202697-2747,1610612739,"Channing Frye, Kevin Love, Kyrie Irving, Iman Shumpert, JR Smith","Frye, Love, Irving, Shumpert, Smith",101112-201567-202681-202697-2747,CLE,162.0,2,3.0,2.0,3.0,5.0,1.0,3.0,,8.0,2.0,2.0,,,1.0,1.0,1.0,1.0,,,,,,,,,,,,,,,3.0,3.0,,,1.0,7.0,5.0,,,,,,,1.0,1.0,,,1.0,3.0,2.0,4.0,,,,,,,1.0,,1.0,,,1.0,,,2.0,,,,,1.0,,1.0,,1.0,,,,,,,,,,,,,,,,,,,,,,2.0,,,,,1.0,1.0,,,1.0,,,1.0,,,,1.0,1.0,,,,7.0,3.0,1.0,,,0.3333333333333333,0.3333333333333333,,,,,,1.0,,1.0,1.0,,1.0,1.1666666666666667,,1.5,,,,,,,,,0.3333333333333333,,,,0.25,,,,,,,,0.3333333333333333,,,,,71.1111111111111,,19.333333333333332,20.8,19.333333333333332,17.0,0.6666666666666666,1.0,1.0,0.5,0.3333333333333333,1.0,1.0,,,,,,,,,,,,,,,,,,,,,,,1.0,1.0,,,,,0.6666666666666666,,0.47526666666666667,,0.6908,0.3333333333333333,0.3333333333333333,,,0.42857142857142855,4.833333333333333,,0.3333333333333333,,,,,,,,,1610612739,2017,2016-17,False
101114-201567-202684-2544-2747,1610612739,"Deron Williams, Kevin Love, Tristan Thompson, LeBron James, JR Smith","Williams, Love, Thompson, James, Smith",101114-201567-202684-2544-2747,CLE,162.0,3,3.0,-3.0,6.0,5.0,6.0,2.0,1.0,11.0,1.0,1.0,,,1.0,1.0,,1.0,,,,1.0,,,,1.0,,3.0,,,,3.0,1.0,2.0,,4.0,,2.0,5.0,,,,,,,1.0,2.0,,4.0,,2.0,2.0,,,,,3.0,,,1.0,,1.0,,,1.0,,,2.0,1.0,,,2.0,1.0,,3.0,1.0,4.0,,,,,,,,,,,,,,,,1.0,,2.0,,,,,,,,,,,,,,,,,,,,,,,,,2.0,2.0,6.0,1.0,,1.0,1.0,,,,,,0.5,,0.5,0.16666666666666666,,0.16666666666666666,0.16666666666666666,,0.16666666666666666,0.6666666666666666,,,,,,,,0.5,,0.6666666666666666,0.25,0.6,0.2,,,,,1.0,1.0,,,0.5,1.0,,97.77777777777777,,13.333333333333334,16.4,13.166666666666666,15.0,0.16666666666666666,1.0,1.0,1.0,0.16666666666666666,,,,,,,,0.16666666666666666,,,,0.5,,,,,,,,,,,,,0.16666666666666666,1.0,0.16666666666666666,,0.5,,0.8333333333333334,,0.5566,,0.5566,,,,,1.0,2.9,24.575,1.0,,,,,,,,,1610612739,2017,2016-17,False
101112-201567-202682-2544-2594,1610612739,"Channing Frye, Kevin Love, Derrick Williams, LeBron James, Kyle Korver","Frye, Love, Williams, James, Korver",101112-201567-202682-2544-2594,CLE,161.0,1,3.0,2.0,5.0,6.0,5.0,6.0,,11.0,3.0,3.0,,,3.0,3.0,,,,,,1.0,,,,1.0,1.0,1.0,,,1.0,1.0,3.0,3.0,1.0,2.0,,9.0,7.0,,,,,,,3.0,3.0,1.0,2.0,,9.0,2.0,4.0,3.0,,,1.0,1.0,,1.0,1.0,2.0,1.0,,1.0,,,5.0,,,,2.0,,,2.0,,2.0,,,,,,,,,,,,,,,,,,,,,,1.0,,,,,1.0,1.0,,,1.0,,,,,,,,,,,,9.0,9.0,5.0,,,0.3333333333333333,0.3333333333333333,1.0,0.5,,0.5,0.5,1.0,,1.0,0.9,,0.9,0.9,,0.9,0.4,,,,,,,,,,1.0,,0.6666666666666666,,,,,,,,,,1.0,,,98.38509316770187,,16.4,13.166666666666666,16.4,13.166666666666666,0.6,1.0,1.0,0.3333333333333333,,,,,,,,,0.2,,,,0.2,1.0,1.0,1.0,,,,,,,,,,0.6,1.0,0.2,,0.2,1.0,1.0,1.0,0.59728,,0.59728,0.2,0.3333333333333333,,,1.0,1.3666666666666665,23.1,1.0,,,,,,,,,1610612739,2017,2016-17,False
201567-202732-2210-2399-2544,1610612739,"Kevin Love, DeAndre Liggins, Richard Jefferson, Mike Dunleavy, LeBron James","Love, Liggins, Jefferson, Dunleavy, James",201567-202732-2210-2399-2544,CLE,161.0,2,3.0,3.0,6.0,6.0,6.0,4.0,,12.0,,,,,,,,,,,1.0,1.0,,,1.0,1.0,1.0,4.0,,,1.0,4.0,,,2.0,5.0,4.0,10.0,7.0,,,,,,,,,2.0,5.0,4.0,10.0,,,6.0,,,4.0,1.0,,,2.0,2.0,1.0,1.0,,,,6.0,,,1.0,,1.0,1.0,2.0,1.0,3.0,,1.0,1.0,,,,,,,,,,,,,2.0,1.0,3.0,,,,3.0,,1.0,,,4.0,,,,1.0,,1.0,,,,,,,,,,10.0,10.0,6.0,,1.0,,,1.0,0.4,,0.4,0.4,,,,0.6,,0.6,0.7142857142857143,,0.7142857142857143,1.0,,,,,,1.0,1.0,0.5,,,,0.5,,,,,,,,0.5,,,,,107.32919254658385,,14.166666666666666,12.666666666666666,14.166666666666666,12.666666666666666,,,,,,,,,,,,,0.2,1.0,1.0,1.0,0.8,0.25,0.25,1.0,,,,,,,,,,,,0.2,1.0,0.8,0.25,1.0,0.25,0.45948,,0.45948,0.16666666666666666,1.0,,,1.0,,25.6,1.0,,,,,,,,,1610612739,2017,2016-17,False
101112-101114-202681-202684-2210,1610612739,"Channing Frye, Deron Williams, Kyrie Irving, Tristan Thompson, Richard Jefferson","Frye, Williams, Irving, Thompson, Jefferson",101112-101114-202681-202684-2210,CLE,160.0,1,3.0,-5.0,5.0,5.0,,1.0,,10.0,1.0,1.0,,,,,,,,1.0,,,,,,,,2.0,,,,,1.0,2.0,,2.0,,2.0,7.0,,,,,,,,,,,,,2.0,,,,,2.0,,,1.0,,1.0,,,1.0,,,2.0,,,,1.0,1.0,,2.0,,2.0,,,,,1.0,,,,,1.0,,,1.0,,,,,1.0,,,,,,,,,,,,,,,,,,,,,,,,,2.0,,,,,1.0,1.0,,,,,,0.5,,,0.25,,,0.25,,,0.5,,,,,1.0,,,0.3333333333333333,,1.0,,0.5,,,,,,,0.5,,,,1.0,,90.0,,12.6,19.4,12.6,18.2,0.25,1.0,1.0,1.0,,,,,0.25,,,,,,,,0.5,,,,,,,,,,,,,,,,,,,0.75,,0.4727,,,,,,,,8.0,29.65,,,,,,,,,,1610612739,2017,2016-17,False
101112-201567-202681-2544-2594,1610612739,"Channing Frye, Kevin Love, Kyrie Irving, LeBron James, Kyle Korver","Frye, Love, Irving, James, Korver",101112-201567-202681-2544-2594,CLE,160.0,4,3.0,1.0,9.0,6.0,6.0,2.0,2.0,15.0,1.0,4.0,1.0,2.0,,2.0,,1.0,,1.0,,1.0,,,,,1.0,2.0,,,1.0,2.0,1.0,6.0,1.0,3.0,2.0,7.0,6.0,1.0,2.0,,,,2.0,,3.0,1.0,2.0,2.0,5.0,2.0,,3.0,,,2.0,1.0,1.0,1.0,1.0,2.0,1.0,,1.0,,,5.0,1.0,2.0,,,2.0,,2.0,3.0,5.0,,,,,2.0,,2.0,,,,,,2.0,1.0,2.0,2.0,,4.0,,,,2.0,,,,,4.0,,,,,,2.0,1.0,,,,1.0,1.0,1.0,,,5.0,5.0,6.0,,2.0,1.0,1.0,1.0,0.3333333333333333,,0.5,0.3333333333333333,0.16666666666666666,0.5,,0.2777777777777778,0.5,0.3,0.3181818181818182,0.5,0.35714285714285715,0.3333333333333333,0.16666666666666666,0.25,,,1.0,,,1.0,0.4,,0.5,1.0,0.42857142857142855,0.6666666666666666,,,1.0,,,1.0,,,,,135.0,1.0,12.0,8.666666666666666,11.555555555555555,8.666666666666666,0.4444444444444444,0.25,0.3333333333333333,1.0,0.1111111111111111,,,,0.1111111111111111,,,,0.1111111111111111,,,,0.2222222222222222,0.5,0.5,1.0,1.0,0.5,1.0,,,,,,,0.4,,,,0.4,0.5,0.7777777777777778,0.5,0.5237888888888889,0.9289,0.45572999999999997,,,,0.2857142857142857,0.7142857142857143,4.6499999999999995,27.53333333333333,0.6666666666666666,,,,,,,,,1610612739,2017,2016-17,False
101112-201567-202697-202732-2210,1610612739,"Channing Frye, Kevin Love, Iman Shumpert, DeAndre Liggins, Richard Jefferson","Frye, Love, Shumpert, Liggins, Jefferson",101112-201567-202697-202732-2210,CLE,160.0,3,3.0,,6.0,7.0,,2.0,,13.0,2.0,3.0,,1.0,,,,1.0,,1.0,,,,,,,,2.0,,,,,2.0,5.0,,2.0,3.0,7.0,7.0,,1.0,,,,,,,,,,,2.0,2.0,,,,2.0,,1.0,1.0,,1.0,,,1.0,,,2.0,1.0,,,1.0,,1.0,2.0,1.0,3.0,,2.0,1.0,1.0,,,,,,,,,,,,,,,,,,2.0,,,,,3.0,1.0,,,2.0,,,,,,,,,,,,7.0,,,,,0.5,0.5,,,,,,0.4,,,0.2857142857142857,,,0.4375,,,0.2857142857142857,0.2,,1.0,,,1.0,,,,0.5,0.5,0.25,0.25,,,,0.5,,,,,0.5,,,117.0,,15.166666666666666,9.857142857142858,15.166666666666666,7.285714285714286,0.42857142857142855,0.6666666666666666,0.6666666666666666,0.5,0.14285714285714285,,,,0.14285714285714285,,,,,,,,0.2857142857142857,,,,1.0,,,,,,,,,,,,,,,0.7142857142857143,,0.54485,,,0.25,0.3333333333333333,,,,6.0600000000000005,31.7,,,,,,,,,,1610612739,2017,2016-17,False
101114-201567-2210-2594-2747,1610612739,"Deron Williams, Kevin Love, Richard Jefferson, Kyle Korver, JR Smith","Williams, Love, Jefferson, Korver, Smith",101114-201567-2210-2594-2747,CLE,160.0,1,3.0,5.0,5.0,5.0,1.0,3.0,,10.0,,,,,,,,,,,1.0,2.0,,,,,2.0,2.0,,,1.0,1.0,,,3.0,4.0,4.0,13.0,8.0,,,,,,,,,1.0,1.0,1.0,4.0,,,6.0,3.0,,2.0,2.0,,,2.0,2.0,1.0,1.0,,,,6.0,,,,,1.0,,1.0,,1.0,,,,,,,,,,,,,,,,2.0,,2.0,,,,3.0,,,,,4.0,,2.0,,1.0,2.0,,,,,,,,,,,13.0,4.0,1.0,,,,,0.6666666666666666,0.75,,1.0,0.75,,,,1.125,,1.5,1.3,,2.0,1.0,,,,,,,,0.5,,,,0.5,,,,,,,,0.5,,,,,90.0,,13.0,19.0,13.0,18.8,,,,,,,,,,,,,0.5,0.5,0.5,1.0,0.5,1.0,1.0,0.5,,,,,,,,,,,,,,1.0,1.0,1.0,1.0,0.4943625,,0.4944,0.6,1.0,0.5,,0.3076923076923077,,24.075,0.2,,,,,,,,,1610612739,2017,2016-17,False
101114-202681-202684-202697-2747,1610612739,"Deron Williams, Kyrie Irving, Tristan Thompson, Iman Shumpert, JR Smith","Williams, Irving, Thompson, Shumpert, Smith",101114-202681-202684-202697-2747,CLE,160.0,2,3.0,-4.0,5.0,6.0,4.0,3.0,1.0,11.0,3.0,4.0,1.0,1.0,3.0,4.0,,,,1.0,,,,,,,,,,,,,3.0,5.0,,,,6.0,10.0,1.0,1.0,,,,2.0,3.0,4.0,,,,6.0,2.0,4.0,,,2.0,,,1.0,1.0,,1.0,,,1.0,,,2.0,,1.0,,,2.0,,2.0,1.0,3.0,,,,,1.0,,,,,1.0,,,1.0,,1.0,,,,,,,1.0,,,,,,,,,,,,2.0,,,2.0,,2.0,1.0,,,4.0,6.0,4.0,,,0.3333333333333333,0.5,,,,,,0.6,1.0,0.75,0.6,1.0,0.75,0.6,1.0,0.75,,0.2,0.25,,,1.0,,,0.4,0.5,,,0.4,0.5,1.0,,,,,0.25,,1.0,,,,99.0,0.5,15.6,13.666666666666666,15.2,11.666666666666666,0.8,0.75,1.0,0.3333333333333333,,,,,0.2,,,,,,,,,,,,1.0,1.0,,,,,,,,1.0,0.75,,,,,0.8,,0.66552,0.846,0.727925,,,,0.3333333333333333,1.0,4.64,,0.8,,,,,,,,,1610612739,2017,2016-17,False
101114-202681-202697-2210-2544,1610612739,"Deron Williams, Kyrie Irving, Iman Shumpert, Richard Jefferson, LeBron James","Williams, Irving, Shumpert, Jefferson, James",101114-202681-202697-2210-2544,CLE,159.0,2,3.0,4.0,7.0,7.0,6.0,7.0,,14.0,2.0,2.0,,,2.0,2.0,,,,,,,,,,,2.0,4.0,,,2.0,4.0,2.0,2.0,2.0,4.0,,10.0,6.0,,,,,,,2.0,2.0,2.0,4.0,,10.0,2.0,2.0,6.0,,,4.0,2.0,,1.0,2.0,3.0,2.0,,1.0,,,8.0,,,,1.0,2.0,,3.0,,3.0,,,,,1.0,,1.0,,,,,,1.0,,,2.0,,3.0,,,,,,,,,,,,,,,,1.0,,,1.0,,1.0,1.0,,,10.0,10.0,6.0,,,0.5,0.5,1.0,0.5,,0.5,0.5,1.0,,1.0,0.8333333333333334,,0.8333333333333334,0.8333333333333334,,0.8333333333333334,0.6666666666666666,,,,,1.0,,,0.6666666666666666,,0.5,,0.6,,,,,,,0.6666666666666666,,,0.5,,,126.79245283018868,1.0,12.142857142857142,10.571428571428571,12.142857142857142,10.0,0.3333333333333333,1.0,1.0,0.5,,,,,,,,,,,,,0.6666666666666666,0.5,0.5,1.0,,,,,,,,,,0.3333333333333333,1.0,,,0.6666666666666666,0.5,1.0,0.5,0.50032,,0.50032,,,,,1.0,2.4,25.575,0.8571428571428571,,,,,,,,,1610612739,2017,2016-17,False
1627770-201567-202684-202697-2544,1610612739,"Kay Felder, Kevin Love, Tristan Thompson, Iman Shumpert, LeBron James","Felder, Love, Thompson, Shumpert, James",1627770-201567-202684-202697-2544,CLE,159.0,2,3.0,4.0,5.0,5.0,2.0,,2.0,10.0,1.0,2.0,1.0,1.0,,,1.0,1.0,1.0,2.0,,,,,,,,1.0,,1.0,,,3.0,5.0,,1.0,1.0,7.0,3.0,1.0,1.0,,1.0,1.0,3.0,1.0,1.0,,,,2.0,,6.0,,,2.0,1.0,,1.0,,,,,,,,,,1.0,2.0,,2.0,2.0,,4.0,3.0,7.0,,,,,,,,1.0,1.0,,,,1.0,,,,,1.0,,,,1.0,,,,,1.0,1.0,,,1.0,,,,,,,,,,,,4.0,2.0,2.0,,,,,,,,,,0.6,1.0,1.0,0.5,0.5,1.0,0.5833333333333334,0.75,1.0,0.16666666666666666,0.2,0.5,,,,,,1.0,1.0,1.0,1.0,1.0,1.0,1.0,,1.0,1.0,,,1.0,,1.0,,,90.56603773584906,,15.0,16.8,14.0,16.8,0.3333333333333333,0.5,1.0,,0.16666666666666666,1.0,1.0,,0.3333333333333333,0.5,0.5,,,,,,0.16666666666666666,,,,0.5,1.0,,,,,0.5,,,,,,,,,0.5,,0.47045833333333337,0.50925,0.4207,0.16666666666666666,0.2,,0.42857142857142855,0.2857142857142857,11.22,27.9,0.4,,,,,,,,,1610612739,2017,2016-17,False
101112-202681-202684-202732-203895,1610612739,"Channing Frye, Kyrie Irving, Tristan Thompson, DeAndre Liggins, Jordan McRae","Frye, Irving, Thompson, Liggins, McRae",101112-202681-202684-202732-203895,CLE,158.0,1,3.0,,5.0,5.0,,,,10.0,1.0,1.0,,,,,,1.0,1.0,1.0,,,,,,,,,,,,,2.0,3.0,,,3.0,7.0,7.0,,,,,,,,,,,,,2.0,2.0,,,,,,,1.0,,1.0,,,1.0,,,2.0,,,,,1.0,,1.0,,1.0,,,,,1.0,,,,,1.0,,,1.0,,,1.0,,2.0,,,,1.0,,,,,4.0,,,1.0,,1.0,,,,,,,,,,,7.0,,,,,0.5,0.5,,,,,,0.6666666666666666,,,0.6666666666666666,,,0.75,,,,,,,,1.0,,,0.5,,,,0.3333333333333333,,,,,,,,0.5,,,,,91.13924050632912,,15.8,15.8,15.8,12.8,0.3333333333333333,1.0,1.0,1.0,0.3333333333333333,,,,0.3333333333333333,1.0,1.0,,,,,,,,,,,,,,,,,,,,,,,,,0.3333333333333333,,0.5010666666666667,,,0.25,,1.0,,,10.5,,,,,,,,,,,1610612739,2017,2016-17,False
201567-202684-202697-203895-2544,1610612739,"Kevin Love, Tristan Thompson, Iman Shumpert, Jordan McRae, LeBron James","Love, Thompson, Shumpert, McRae, James",201567-202684-202697-203895-2544,CLE,158.0,1,3.0,6.0,5.0,4.0,2.0,2.0,1.0,9.0,1.0,2.0,,1.0,,,,,1.0,2.0,,1.0,,1.0,,,2.0,2.0,,,2.0,2.0,2.0,4.0,2.0,3.0,1.0,11.0,5.0,1.0,2.0,,1.0,,2.0,,,2.0,2.0,,6.0,,4.0,3.0,3.0,,2.0,2.0,,,1.0,1.0,1.0,,,,,3.0,1.0,1.0,,,,,,2.0,2.0,1.0,1.0,1.0,,,,,,,,,,,,,1.0,,2.0,,1.0,,,,,,,2.0,,,2.0,,,,,,,,,,,,,9.0,6.0,2.0,1.0,,,,0.5,0.6666666666666666,,1.0,0.6666666666666666,0.5,0.5,,0.7142857142857143,0.3333333333333333,1.5,0.7142857142857143,0.3333333333333333,1.5,0.42857142857142855,,,,,,,,,0.5,,1.0,,0.6666666666666666,1.0,,,,1.0,,,,,,0.3333333333333333,82.0253164556962,,22.6,11.25,16.2,11.25,0.2857142857142857,0.5,0.5,,,,,,0.2857142857142857,0.5,0.5,,0.14285714285714285,,,,0.2857142857142857,1.0,1.0,0.5,0.3333333333333333,,,0.3333333333333333,,,,,,,,,,1.0,1.0,0.7142857142857143,1.0,0.4970642857142857,0.39655,0.513375,,,,0.18181818181818182,0.5454545454545454,10.35,24.7,0.4,,,,,,,,,1610612739,2017,2016-17,False
202684-202732-2210-2544-2592,1610612739,"Tristan Thompson, DeAndre Liggins, Richard Jefferson, LeBron James, James Jones","Thompson, Liggins, Jefferson, James, Jones",202684-202732-2210-2544-2592,CLE,158.0,1,3.0,-1.0,5.0,5.0,,5.0,,10.0,,1.0,,,,,,1.0,,,,,,,,,1.0,1.0,,,,,,2.0,1.0,1.0,,3.0,4.0,,,,,,,,,,,,,,,3.0,,,1.0,1.0,,,1.0,1.0,1.0,,,,,3.0,,,,2.0,1.0,,3.0,,3.0,,,,,,1.0,,2.0,,,,,2.0,,,,,1.0,,,,1.0,,,,,,,,,,,,,,,,,,,,,3.0,,,1.0,,,,1.0,1.0,,,1.0,,,,0.5,,,0.5,,,0.3333333333333333,,,,,,,,1.0,,0.6666666666666666,,0.75,,,,,,,,1.0,,0.6666666666666666,,,91.13924050632912,,14.8,16.8,14.8,16.8,0.3333333333333333,,,,0.3333333333333333,,,,,,,,,,,,0.3333333333333333,1.0,1.0,1.0,,,,,,,,,,,,,,,,0.6666666666666666,1.0,0.5456333333333333,,,,,,,,6.3,25.2,,,,,,,,,,1610612739,2017,2016-17,False
101112-202684-202697-2544-2747,1610612739,"Channing Frye, Tristan Thompson, Iman Shumpert, LeBron James, JR Smith","Frye, Thompson, Shumpert, James, Smith",101112-202684-202697-2544-2747,CLE,157.0,1,3.0,6.0,5.0,5.0,5.0,4.0,,10.0,1.0,1.0,,,1.0,1.0,,1.0,,,2.0,2.0,,,2.0,2.0,,,,,,,1.0,2.0,2.0,2.0,2.0,10.0,4.0,,,,,,,1.0,2.0,2.0,2.0,2.0,10.0,,2.0,6.0,,,,,,,2.0,2.0,,2.0,,,,6.0,,,,1.0,1.0,,2.0,,2.0,,1.0,,1.0,,,,,,,,,,,,,,1.0,,,,1.0,,,,,2.0,,,,1.0,,,,,,,,,,,,10.0,10.0,5.0,,,,,1.0,1.0,,1.0,1.0,0.5,,0.5,1.0,,1.0,1.0,,1.0,0.5,,,,,,,,0.5,,1.0,,0.6666666666666666,,,,,,,,,1.0,1.0,,,91.71974522292993,,13.8,17.6,13.8,17.6,0.25,1.0,1.0,,0.25,,,,,,,,0.5,1.0,1.0,1.0,,,,,,,,,,,,,,0.25,1.0,0.5,1.0,,,0.75,,0.57985,,0.57985,0.2,0.3333333333333333,,,1.0,4.1,24.1,1.0,,,,,,,,,1610612739,2017,2016-17,False
101112-1627770-202697-2210-2399,1610612739,"Channing Frye, Kay Felder, Iman Shumpert, Richard Jefferson, Mike Dunleavy","Frye, Felder, Shumpert, Jefferson, Dunleavy",101112-1627770-202697-2210-2399,CLE,156.0,1,3.0,,6.0,5.0,,,,11.0,1.0,1.0,,,,,1.0,1.0,,,,,,,,,,1.0,,,,,2.0,2.0,,1.0,2.0,6.0,6.0,,,,,,,,,,,,,2.0,2.0,,,,1.0,,,1.0,,1.0,,,,1.0,,2.0,,,,,2.0,,2.0,,2.0,,,,,1.0,,1.0,1.0,,,,,2.0,,,,,1.0,,,,1.0,,,,,2.0,,,,1.0,,,,,,,,,,,,6.0,,,,,0.5,0.5,,,,,,1.0,,,0.6666666666666666,,,0.75,,,0.3333333333333333,,,,,0.5,,,1.0,,,,1.0,,,,,,,,1.0,,,,,101.53846153846153,,13.666666666666666,14.8,13.666666666666666,14.8,0.3333333333333333,1.0,1.0,,0.3333333333333333,1.0,1.0,1.0,,,,,,,,,0.3333333333333333,,,,,,,,,,,,,,,,,,,0.6666666666666666,,0.6081666666666666,,,0.25,0.3333333333333333,,,,4.0,26.5,,,,,,,,,,1610612739,2017,2016-17,False
1627770-201567-202684-202697-2210,1610612739,"Kay Felder, Kevin Love, Tristan Thompson, Iman Shumpert, Richard Jefferson","Felder, Love, Thompson, Shumpert, Jefferson",1627770-201567-202684-202697-2210,CLE,156.0,2,3.0,-1.0,5.0,6.0,3.0,,,11.0,,,,,,,1.0,2.0,,,,,,,,,,2.0,,,,1.0,1.0,2.0,,2.0,2.0,4.0,5.0,,,,,,,1.0,1.0,,1.0,2.0,4.0,,2.0,,,,2.0,,,,,,,,,,,,,,,2.0,1.0,,3.0,,3.0,,,,,,,,,,,,,,,,,,,,,,1.0,,,,,2.0,,,,,,1.0,,,,,,,,,,4.0,4.0,3.0,,1.0,,,,,,,,0.5,,1.0,0.25,,0.5,0.4,,0.6666666666666666,0.5,,,,,,,,1.0,,1.0,,1.0,,,,,,,,1.0,,1.0,1.0,,101.53846153846153,,16.4,12.333333333333334,16.4,12.333333333333334,,,,,0.5,0.5,0.5,,,,,,,,,,0.5,,,,,,,,,,,,,,,,,0.5,,0.5,,0.4774,,0.46755,,,,,1.0,7.35,24.8,0.6,,,,,,,,,1610612739,2017,2016-17,False
101112-202684-202732-2544-2594,1610612739,"Channing Frye, Tristan Thompson, DeAndre Liggins, LeBron James, Kyle Korver","Frye, Thompson, Liggins, James, Korver",101112-202684-202732-2544-2594,CLE,155.0,1,3.0,-7.0,5.0,5.0,,,,10.0,,1.0,,,,,,,,1.0,,,,,,,,2.0,,,,,,2.0,,2.0,,,7.0,,,,,,,,,,,,,,,,,,2.0,,,,,,,,,,,,,,,,2.0,,2.0,,2.0,,,,,1.0,,1.0,,,,,,1.0,,,,,,,,,,,,,,,,,,,,,1.0,,,1.0,,1.0,1.0,,,,,,,,,,,,,,,,,,,,,,,,0.5,,,,,1.0,,,1.0,,,,1.0,,,,,,,1.0,,1.0,,,,92.9032258064516,1.0,14.2,16.8,14.2,16.8,0.25,,,,,,,,0.25,,,,,,,,0.5,,,,,,,,,,,,,,,,,,,0.75,,0.4727125,,,,,,,,8.4,26.3,,,,,,,,,,1610612739,2017,2016-17,False
1627770-201567-202684-2399-2544,1610612739,"Kay Felder, Kevin Love, Tristan Thompson, Mike Dunleavy, LeBron James","Felder, Love, Thompson, Dunleavy, James",1627770-201567-202684-2399-2544,CLE,155.0,1,3.0,-2.0,4.0,5.0,4.0,,1.0,9.0,1.0,2.0,,,1.0,2.0,,1.0,,2.0,,,,,,,,,,,,,1.0,5.0,,,,2.0,4.0,,1.0,,,,,1.0,5.0,,,,2.0,2.0,,,,,,,,1.0,,1.0,,,1.0,,,2.0,,1.0,,2.0,1.0,,3.0,1.0,4.0,,,,,1.0,,1.0,,,,,,1.0,,1.0,,,,,,,,,,,,,,,,,,,,,,,,,,,,2.0,2.0,4.0,,,1.0,1.0,,,,,,0.2,,0.2,0.2,,0.2,0.2,,0.2,,,,,,1.0,,,0.5,0.3333333333333333,1.0,,0.75,0.3333333333333333,,,1.0,,,0.5,,,1.0,,,83.61290322580645,,23.5,12.2,17.75,11.4,0.4,0.5,0.5,1.0,0.2,,,,0.4,,,,,,,,,,,,,,,,,,,,,0.4,0.5,,,,,0.4,,0.40352,0.3486,0.40352,,,,,1.0,9.26,,1.0,,,,,,,,,1610612739,2017,2016-17,False
202684-202697-2544-2592-2594,1610612739,"Tristan Thompson, Iman Shumpert, LeBron James, James Jones, Kyle Korver","Thompson, Shumpert, James, Jones, Korver",202684-202697-2544-2592-2594,CLE,155.0,1,3.0,-4.0,5.0,6.0,,3.0,1.0,11.0,1.0,1.0,1.0,1.0,,,,,,,,1.0,,,,,,2.0,,,,,1.0,1.0,,3.0,1.0,3.0,7.0,1.0,1.0,,,,2.0,,,,,,,,2.0,,,2.0,2.0,,,,,,,,,,,,1.0,,,1.0,1.0,1.0,3.0,1.0,4.0,,,,,1.0,,1.0,,,,,,1.0,,,3.0,1.0,3.0,,,,2.0,1.0,,,1.0,2.0,,,,1.0,,,,,,,,,,,,1.0,,,,,,,,,,,,1.0,1.0,,0.25,1.0,,0.3,1.0,,0.75,,,,,1.0,1.0,,1.0,,1.0,0.3333333333333333,1.0,0.3333333333333333,,,,0.5,,1.0,,,,1.0,,102.19354838709677,,17.4,11.333333333333334,17.0,11.333333333333334,0.25,1.0,1.0,,,,,,,,,,0.25,,,,0.5,,,,1.0,1.0,,,,,,,,,,,,,,1.0,,0.582025,,,0.2,0.5,,0.6666666666666666,,1.2,24.0,,1.0,,0.3333333333333333,0.5,,,,,1610612739,2017,2016-17,False
202682-202684-2210-2544-2594,1610612739,"Derrick Williams, Tristan Thompson, Richard Jefferson, LeBron James, Kyle Korver","Williams, Thompson, Jefferson, James, Korver",202682-202684-2210-2544-2594,CLE,154.0,2,3.0,-2.0,6.0,4.0,3.0,,,10.0,1.0,2.0,,,1.0,1.0,,1.0,,1.0,,,,,,,,,,,,,1.0,4.0,,,1.0,3.0,5.0,,,,,,,1.0,2.0,,,1.0,3.0,,2.0,,,,,,,,,,,,,,,,,,,,2.0,,2.0,,2.0,,,,,,,,2.0,1.0,,,1.0,2.0,,1.0,,,,,,,1.0,,,,,1.0,1.0,,,1.0,,,,,,,,,,,,3.0,3.0,3.0,,,,,,,,,,0.25,,0.5,0.25,,0.5,0.375,,0.75,,,,,,,,,1.0,,,,1.0,,,,,,,1.0,1.0,,,,,93.5064935064935,,14.333333333333334,17.0,14.333333333333334,17.0,0.5,0.5,0.5,,0.25,,,,0.25,,,,,,,,,,,,,,,,,,,,,0.5,1.0,,,,,0.5,,0.480225,,0.42835,0.25,0.25,,,1.0,7.15,,0.5,,,,,,,,,1610612739,2017,2016-17,False
1627770-202682-2210-2592-2747,1610612739,"Kay Felder, Derrick Williams, Richard Jefferson, James Jones, JR Smith","Felder, Williams, Jefferson, Jones, Smith",1627770-202682-2210-2592-2747,CLE,153.0,1,3.0,2.0,7.0,7.0,,,,14.0,2.0,2.0,,,,,,,1.0,3.0,,,,,,,,2.0,,,,,3.0,5.0,,2.0,,6.0,4.0,,,,,,,,,,,,,,6.0,,,,2.0,,,,,,,,,,,,,,,1.0,2.0,1.0,4.0,,4.0,,,,,,,,,,,,,,,,1.0,,1.0,,,,,,,,,,,,,,,,,,,,,,,,,6.0,,,,,,,,,,,,0.6,,,0.42857142857142855,,,0.42857142857142855,,,0.2857142857142857,,,,,,1.0,,1.0,,1.0,,1.0,,,,,,,1.0,,1.0,,1.0,,131.76470588235296,,13.428571428571429,8.428571428571429,13.428571428571429,8.428571428571429,0.2857142857142857,1.0,1.0,,,,,,0.42857142857142855,0.3333333333333333,0.3333333333333333,,,,,,0.2857142857142857,,,,,,,,,,,,,,,,,,,0.5714285714285714,,0.4816142857142857,,,,,,,,10.940000000000001,24.7,,,,,,,,,,1610612739,2017,2016-17,False
201567-202681-202682-202684-202732,1610612739,"Kevin Love, Kyrie Irving, Derrick Williams, Tristan Thompson, DeAndre Liggins","Love, Irving, Williams, Thompson, Liggins",201567-202681-202682-202684-202732,CLE,153.0,1,3.0,,6.0,6.0,6.0,,,12.0,1.0,2.0,,,1.0,2.0,,,,1.0,,,,,,,1.0,4.0,,,1.0,4.0,1.0,3.0,1.0,4.0,,5.0,5.0,,,,,,,1.0,3.0,1.0,4.0,,5.0,2.0,,3.0,,,4.0,1.0,,1.0,1.0,2.0,1.0,,1.0,,,5.0,,,,1.0,3.0,,4.0,,4.0,,,,,,,,,,,,,,,,,,,,,,,,,,,,,,,,,,,,,,,,,,,5.0,5.0,6.0,,,1.0,1.0,1.0,0.25,,0.25,0.25,0.3333333333333333,,0.3333333333333333,0.35714285714285715,,0.35714285714285715,0.35714285714285715,,0.35714285714285715,0.5714285714285714,,,,,,,,1.0,,1.0,,1.0,,,,,,,1.0,1.0,,1.0,,,112.94117647058825,,12.166666666666666,13.333333333333334,12.166666666666666,13.333333333333334,0.2857142857142857,0.5,0.5,1.0,,,,,0.14285714285714285,,,,,,,,0.5714285714285714,0.25,0.25,1.0,,,,,,,,,,0.2857142857142857,0.5,,,0.5714285714285714,0.25,0.8571428571428571,0.25,0.5691583333333333,,0.5691583333333333,,,,,1.0,6.933333333333334,29.8,1.0,,,,,,,,,1610612739,2017,2016-17,False
101112-1627770-202681-202697-2399,1610612739,"Channing Frye, Kay Felder, Kyrie Irving, Iman Shumpert, Mike Dunleavy","Frye, Felder, Irving, Shumpert, Dunleavy",101112-1627770-202681-202697-2399,CLE,151.0,1,3.0,-5.0,4.0,5.0,,,,9.0,,,,,,,,,,,,,,,,,1.0,2.0,,,,,,,1.0,2.0,,3.0,8.0,,,,,,,,,,,,,,,3.0,,,2.0,1.0,,,1.0,1.0,1.0,,,,,3.0,,,,1.0,1.0,,2.0,,2.0,,,,,1.0,,,1.0,,1.0,,,2.0,,,,,2.0,,,1.0,,,,,,,,,,,,,,,,,,,,,,3.0,,,,,,,1.0,0.5,,,0.5,,,,0.75,,,0.75,,,1.0,,,,,0.5,,,0.5,,1.0,,0.6666666666666666,,,,,,,,,0.5,1.0,,,85.82781456953643,,15.5,17.8,15.5,16.6,,,,,,,,,,,,,,,,,1.0,0.5,0.5,1.0,,,,,,,,,,,,,,,,1.0,0.5,0.523275,,,,,,,,,26.55,,,,,,,,,,1610612739,2017,2016-17,False
202697-202732-203895-2365-2399,1610612739,"Iman Shumpert, DeAndre Liggins, Jordan McRae, Chris Andersen, Mike Dunleavy","Shumpert, Liggins, McRae, Andersen, Dunleavy",202697-202732-203895-2365-2399,CLE,150.0,2,2.0,-2.0,5.0,5.0,,,,10.0,1.0,1.0,,,,,,,,2.0,,1.0,,,,,,,,,,,1.0,3.0,,1.0,2.0,4.0,6.0,,,,,,,,,,,,,2.0,,,,,,,,1.0,,1.0,,,1.0,,,2.0,,,,1.0,1.0,,2.0,,2.0,,,,,,,,,,,,,,,,1.0,,1.0,,,,1.0,,,,,2.0,,,,1.0,,,2.0,,,1.0,1.0,2.0,,,,4.0,,,,,1.0,1.0,,,,,,0.3333333333333333,,,0.25,,,0.4,,,0.25,,,,,,,,0.2,,0.5,,0.2857142857142857,,,,,,,,,1.0,0.5,,,96.0,,12.8,17.2,12.8,14.2,0.25,1.0,1.0,1.0,,,,,0.5,,,,0.25,,,,,,,,,,,,,,,,,,,,,,,0.5,,0.5689,,,0.2,0.25,,,,10.9,24.0,,,,,,,,,,1610612739,2017,2016-17,False
201567-202684-202697-202732-2594,1610612739,"Kevin Love, Tristan Thompson, Iman Shumpert, DeAndre Liggins, Kyle Korver","Love, Thompson, Shumpert, Liggins, Korver",201567-202684-202697-202732-2594,CLE,149.0,2,2.0,-1.0,4.0,5.0,3.0,3.0,1.0,9.0,2.0,3.0,1.0,1.0,1.0,1.0,1.0,2.0,,,,,,,,,,,,,,,3.0,5.0,,,,6.0,7.0,1.0,1.0,,,,2.0,2.0,3.0,,,,4.0,2.0,4.0,,,2.0,,,,1.0,,1.0,,,,1.0,,2.0,,1.0,,,,,,1.0,1.0,,1.0,,1.0,,,,,,,,,,,,1.0,,1.0,,,,,,,,,,,,,,,,,,,,,,,,,4.0,4.0,3.0,,,0.3333333333333333,0.5,,,,,,0.6,1.0,0.6666666666666666,0.6,1.0,0.6666666666666666,0.6,1.0,0.6666666666666666,,,,,,,,,,0.5,,,,0.5,1.0,,,,,,,,,,,86.97986577181207,,19.5,14.2,19.25,14.2,0.6,0.6666666666666666,0.6666666666666666,,0.4,0.5,0.5,1.0,,,,,,,,,,,,,1.0,1.0,,,,,,,,0.3333333333333333,1.0,,,,,0.6,,0.61524,0.868,0.5227333333333334,,,,0.3333333333333333,0.6666666666666666,4.46,,0.75,,,,,,,,,1610612739,2017,2016-17,False
101112-101114-202681-2544-2594,1610612739,"Channing Frye, Deron Williams, Kyrie Irving, LeBron James, Kyle Korver","Frye, Williams, Irving, James, Korver",101112-101114-202681-2544-2594,CLE,148.0,1,2.0,2.0,5.0,5.0,,,,10.0,2.0,2.0,,,,,,,1.0,1.0,1.0,1.0,,,,,,,,,,,3.0,3.0,1.0,1.0,1.0,10.0,8.0,,,,,,,,,,,,,4.0,2.0,3.0,,,,,,2.0,1.0,3.0,,1.0,2.0,,,7.0,,,,,2.0,,2.0,,2.0,,,,,,,,,,,,,,,,,,,,,,1.0,,,,,2.0,,,,1.0,,,1.0,,,1.0,,1.0,1.0,,,10.0,,,,,0.6666666666666666,0.6666666666666666,1.0,1.0,,,1.0,1.0,,,1.125,,,1.0,,,0.25,,,,,,,,0.6666666666666666,,,,0.6666666666666666,,,,,,,1.0,,,,,,97.29729729729729,1.0,12.6,17.0,12.6,16.8,0.5,1.0,1.0,1.0,,,,,0.25,1.0,1.0,,0.25,1.0,1.0,1.0,,,,,,,,,,,,,,,,,,,,0.75,,0.573,,,0.2,0.25,,,,6.333333333333333,23.3,,,,,,,,,,1610612739,2017,2016-17,False
101112-202681-202682-202697-2594,1610612739,"Channing Frye, Kyrie Irving, Derrick Williams, Iman Shumpert, Kyle Korver","Frye, Irving, Williams, Shumpert, Korver",101112-202681-202682-202697-2594,CLE,148.0,1,2.0,-9.0,5.0,5.0,5.0,,,10.0,,1.0,,,,1.0,,1.0,,,,,,,,,,,,,,,,2.0,,,1.0,1.0,10.0,,,,,,,,2.0,,,1.0,1.0,,,,,,,,,,,,,,,,,,,,,,1.0,,1.0,,1.0,,,,,,,,1.0,,,,,1.0,,1.0,,,1.0,,,1.0,1.0,,,,1.0,2.0,,,,,,1.0,,,,,,,,,,1.0,1.0,5.0,,1.0,,,,,,,,,,,,,,0.16666666666666666,,0.16666666666666666,,,,,,,,,1.0,,,,1.0,,,,,,,,,1.0,,,,97.29729729729729,,13.8,15.8,13.8,15.8,0.5,,,,0.5,,,,,,,,,,,,,,,,,,,,,,,,,0.5,,,,,,0.5,,0.511,,0.511,,,,,1.0,3.65,,1.0,,,,,,,,,1610612739,2017,2016-17,False
101112-202681-202697-2544-2747,1610612739,"Channing Frye, Kyrie Irving, Iman Shumpert, LeBron James, JR Smith","Frye, Irving, Shumpert, James, Smith",101112-202681-202697-2544-2747,CLE,147.0,4,2.0,,5.0,5.0,1.0,4.0,1.0,10.0,1.0,1.0,,,,,,,,,1.0,1.0,,,,,,1.0,,,,1.0,1.0,1.0,1.0,2.0,2.0,7.0,7.0,,,,,2.0,2.0,,,,1.0,2.0,2.0,,2.0,3.0,,,1.0,,,,1.0,1.0,,1.0,,,,3.0,1.0,,,,1.0,,1.0,1.0,2.0,,1.0,,1.0,1.0,,1.0,1.0,,,,,2.0,,,,,1.0,,,1.0,2.0,,,,,2.0,,,,,,1.0,,,,,,,,,,5.0,2.0,1.0,,1.0,,,1.0,0.5,,,0.5,1.0,,,0.8333333333333334,,,0.875,1.0,0.5,0.6666666666666666,,,,,0.5,,,1.0,,,1.0,1.0,1.0,,,,1.0,,1.0,,,,,,97.95918367346938,,17.2,12.2,17.2,12.2,0.3333333333333333,1.0,1.0,,,,,,,,,,0.3333333333333333,1.0,1.0,1.0,0.3333333333333333,,,,,,,,,,,,,,,,,1.0,,1.0,,0.5830166666666666,,0.57015,,,,0.2857142857142857,0.2857142857142857,1.1,24.45,0.2,,,,,,,,,1610612739,2017,2016-17,False
101112-202684-202732-203895-2747,1610612739,"Channing Frye, Tristan Thompson, DeAndre Liggins, Jordan McRae, JR Smith","Frye, Thompson, Liggins, McRae, Smith",101112-202684-202732-203895-2747,CLE,147.0,1,2.0,-6.0,4.0,5.0,4.0,5.0,,9.0,1.0,2.0,,,1.0,2.0,,,,,,1.0,,,,1.0,,1.0,,,,1.0,1.0,2.0,,2.0,,2.0,8.0,,,,,,,1.0,2.0,,2.0,,2.0,,2.0,,,,1.0,,1.0,,,,,,,,,,,,,,,1.0,1.0,,1.0,,,,,,,,,,,,,,,,,,,,,,,,,,,,,,,,,,,,,,,,,,,2.0,2.0,4.0,,,,,,,,,,0.5,,0.5,0.25,,0.25,0.25,,0.25,0.5,0.5,0.5,,,,1.0,,,,,,,,,,,,,,,,,,,88.16326530612244,,23.0,11.0,23.0,11.0,0.5,0.5,1.0,,,,,,,,,,0.25,,,,0.25,,,,,,,,,,,,,0.5,0.5,0.25,,0.25,,1.0,,0.5689625,,0.5689625,,,,,1.0,1.25,23.8,1.0,,,,,,,,,1610612739,2017,2016-17,False
202681-2210-2544-2592-2747,1610612739,"Kyrie Irving, Richard Jefferson, LeBron James, James Jones, JR Smith","Irving, Jefferson, James, Jones, Smith",202681-2210-2544-2592-2747,CLE,146.0,1,2.0,-3.0,5.0,5.0,4.0,5.0,,10.0,1.0,1.0,,,1.0,1.0,,1.0,,1.0,,,,,,,,,,,,,1.0,3.0,,,3.0,5.0,8.0,,,,,,,1.0,3.0,,,1.0,3.0,,2.0,,,,,,,,,,,,,,,,,,,,1.0,,1.0,,1.0,,,,,,,,,,,,,,,,1.0,,3.0,,,,2.0,,,,,4.0,,,,2.0,,,,,,,,,,,,5.0,3.0,4.0,2.0,,,,,,,,,0.3333333333333333,,0.3333333333333333,0.3333333333333333,,0.3333333333333333,0.5,,0.375,,,,,,,,,1.0,,,,0.5,,,,,,,1.0,,,,,,98.63013698630138,,16.2,13.0,16.2,12.0,0.3333333333333333,1.0,1.0,,0.3333333333333333,,,,0.3333333333333333,,,,,,,,,,,,,,,,,,,,,0.3333333333333333,1.0,,,,,0.3333333333333333,,0.3837,,0.3837,0.4,0.4,,,0.6,10.4,,0.8,,,,,,,,,1610612739,2017,2016-17,False
101114-202682-202684-2594-2747,1610612739,"Deron Williams, Derrick Williams, Tristan Thompson, Kyle Korver, JR Smith","Williams, Williams, Thompson, Korver, Smith",101114-202682-202684-2594-2747,CLE,145.0,1,2.0,-1.0,5.0,5.0,,,,10.0,,,,,,,1.0,2.0,,,,2.0,,,,,1.0,1.0,,,,,1.0,2.0,1.0,3.0,,5.0,6.0,,,,,,,,,,,,,2.0,,3.0,,,1.0,1.0,,1.0,1.0,2.0,1.0,,,1.0,,5.0,,,,1.0,1.0,,2.0,,2.0,,,,,,,,,,,,,,,,,,,,,,,,,,,,,,,,,,,,,,,,,,,5.0,,,,,1.0,1.0,1.0,0.3333333333333333,,,0.3333333333333333,0.5,,,0.5,,,0.5,,,0.6,,,,,,,,1.0,,1.0,,1.0,,,,,,,,,1.0,1.0,,,99.3103448275862,,15.2,13.8,15.2,13.8,,,,,0.4,0.5,0.5,1.0,,,,,0.4,,,,0.2,1.0,1.0,1.0,,,,,,,,,,,,,,,,0.6,1.0,0.52299,,,,,,,,8.6,23.53333333333333,,,,,,,,,,1610612739,2017,2016-17,False
202697-202732-203895-2365-2592,1610612739,"Iman Shumpert, DeAndre Liggins, Jordan McRae, Chris Andersen, James Jones","Shumpert, Liggins, McRae, Andersen, Jones",202697-202732-203895-2365-2592,CLE,145.0,1,2.0,-4.0,5.0,5.0,5.0,,,10.0,,,,,,,,2.0,1.0,1.0,,,,,,,,1.0,,,,1.0,1.0,3.0,,1.0,,2.0,6.0,,,,,,,1.0,3.0,,1.0,,2.0,2.0,,,,,1.0,,,1.0,,1.0,,,,,1.0,2.0,,,,,2.0,,2.0,,2.0,,,,,1.0,,1.0,,,,,,1.0,,1.0,2.0,,2.0,,,,2.0,,,,,,,,,,,,,,,,,,,,,2.0,2.0,5.0,,,1.0,1.0,,,,,,0.3333333333333333,,0.3333333333333333,0.25,,0.25,0.25,,0.25,0.25,,,,,1.0,,,1.0,,,,0.6666666666666666,,,,,,,,1.0,1.0,,,,99.3103448275862,,14.6,14.4,14.6,10.8,,,,,0.5,,,,0.25,1.0,1.0,1.0,,,,,0.25,,,,,,,,,,,,,,,,,0.25,,0.25,,0.420175,,0.420175,,,,,1.0,12.200000000000001,25.4,1.0,,,,,,,,,1610612739,2017,2016-17,False
101112-202681-202682-202697-2210,1610612739,"Channing Frye, Kyrie Irving, Derrick Williams, Iman Shumpert, Richard Jefferson","Frye, Irving, Williams, Shumpert, Jefferson",101112-202681-202682-202697-2210,CLE,144.0,2,2.0,-1.0,5.0,7.0,,3.0,1.0,12.0,1.0,1.0,,,,,,,,,,,,,,,1.0,2.0,,,,,1.0,1.0,1.0,2.0,,5.0,6.0,,,,,,,,,,,,,,2.0,3.0,,,2.0,1.0,,,1.0,1.0,1.0,,,,,3.0,,,,1.0,1.0,1.0,3.0,,3.0,,,,,1.0,,,1.0,,1.0,,,2.0,1.0,,1.0,,2.0,1.0,,,2.0,,,,,,,,,,,,,,,,,,,,,5.0,,,,,,,1.0,0.5,,,0.5,1.0,,,0.8333333333333334,,,0.8333333333333334,,,0.6666666666666666,,,,,0.5,1.0,,1.0,,1.0,,1.0,,,,,,,,,1.0,1.0,,,120.0,,15.4,9.571428571428571,13.8,9.571428571428571,0.3333333333333333,1.0,1.0,,,,,,,,,,,,,,0.6666666666666666,0.5,0.5,1.0,,,,,,,,,,,,,,,,1.0,0.5,0.5412333333333333,,,,,,,,1.8,24.1,,,,,,,,,,1610612739,2017,2016-17,False
101112-202681-202684-203895-2594,1610612739,"Channing Frye, Kyrie Irving, Tristan Thompson, Jordan McRae, Kyle Korver","Frye, Irving, Thompson, McRae, Korver",101112-202681-202684-203895-2594,CLE,141.0,1,2.0,-5.0,5.0,5.0,5.0,2.0,,10.0,,,,,,,,1.0,1.0,1.0,,,,,,,,2.0,,,,2.0,1.0,2.0,,2.0,,2.0,7.0,,,,,,,1.0,2.0,,2.0,,2.0,,2.0,,,,2.0,,,,,,,,,,,,,,,1.0,1.0,,2.0,,2.0,,,,,1.0,,1.0,,,,,,1.0,,1.0,,,1.0,,,,,,,,,,,,,,,,1.0,,,1.0,,1.0,1.0,,,2.0,2.0,5.0,,,,,,,,,,0.5,,0.5,0.25,,0.25,0.25,,0.25,0.5,,,,,1.0,,,1.0,,1.0,,1.0,,,,,,,1.0,,,1.0,,,102.12765957446808,1.0,16.2,12.0,16.2,12.0,,,,,0.25,,,,0.25,1.0,1.0,,,,,,0.5,,,,,,,,,,,,,,,,,0.5,,0.5,,0.3828375,,0.3828375,,,,,1.0,15.35,24.35,1.0,,,,,,,,,1610612739,2017,2016-17,False
101114-202681-202697-2210-2594,1610612739,"Deron Williams, Kyrie Irving, Iman Shumpert, Richard Jefferson, Kyle Korver","Williams, Irving, Shumpert, Jefferson, Korver",101114-202681-202697-2210-2594,CLE,140.0,3,2.0,-2.0,6.0,6.0,6.0,3.0,,12.0,1.0,1.0,,,1.0,1.0,1.0,2.0,1.0,1.0,,,,,,,,1.0,,,,1.0,3.0,4.0,,1.0,,6.0,8.0,,,,,,,3.0,4.0,,1.0,,6.0,,6.0,,,,1.0,,1.0,,,,,,,,,,,,,1.0,,,1.0,,1.0,,1.0,1.0,,,,,,,,,,,,,3.0,1.0,3.0,,,,,,,,,,,,,,,,1.0,,,1.0,,1.0,,,,6.0,6.0,6.0,,,,,,,,,,0.75,,0.75,0.6,,0.6,0.6,,0.6,0.2,0.25,,0.5,,,,,,,1.0,,0.5,,,,,,,,,,1.0,,,123.42857142857142,,10.833333333333334,12.5,10.833333333333334,12.333333333333334,0.2,1.0,1.0,,0.4,0.5,1.0,,0.2,1.0,1.0,,,,,,0.2,,,,,,,,,,,,,0.2,1.0,,,0.2,,0.4,,0.4429,,0.4429,,,,,1.0,10.1,25.3,1.0,,,,,,,,,1610612739,2017,2016-17,False
101114-202681-2544-2594-2747,1610612739,"Deron Williams, Kyrie Irving, LeBron James, Kyle Korver, JR Smith","Williams, Irving, James, Korver, Smith",101114-202681-2544-2594-2747,CLE,140.0,1,2.0,-3.0,4.0,4.0,2.0,,1.0,8.0,,,,,,,,1.0,,,1.0,1.0,,,,,,3.0,,1.0,,2.0,,1.0,1.0,4.0,,3.0,6.0,,,,1.0,,,,,,2.0,,,,,3.0,,,3.0,,,,1.0,1.0,,1.0,,,,3.0,1.0,,,,1.0,,1.0,1.0,2.0,,,,,,,,,,,,,,,,1.0,,1.0,,,,1.0,,1.0,,,,,,,,,,,,,,,,,,,3.0,,2.0,,,,,1.0,0.25,,,0.25,,,,0.3,,,0.3,,,0.8,,,,,,,,0.3333333333333333,,,0.3333333333333333,0.3333333333333333,0.25,,,,0.3333333333333333,,1.0,,,,,,82.28571428571428,,20.25,14.75,16.0,14.5,,,,,0.2,,,,,,,,0.2,1.0,1.0,1.0,0.6,,,,,,,,,,1.0,,,,,,,1.0,,0.8,,0.49031,0.5037,0.4893,,,,,,10.0,24.575,0.5,,,,,,,,,1610612739,2017,2016-17,False
201567-202684-2210-2544-2594,1610612739,"Kevin Love, Tristan Thompson, Richard Jefferson, LeBron James, Kyle Korver","Love, Thompson, Jefferson, James, Korver",201567-202684-2210-2544-2594,CLE,139.0,1,2.0,7.0,5.0,4.0,5.0,3.0,1.0,9.0,,,,,,,,1.0,1.0,1.0,1.0,1.0,,,1.0,1.0,1.0,2.0,,1.0,1.0,2.0,1.0,2.0,2.0,3.0,2.0,10.0,3.0,,,,1.0,,,1.0,2.0,2.0,3.0,2.0,10.0,2.0,,6.0,,,2.0,1.0,,1.0,2.0,3.0,1.0,1.0,,,1.0,8.0,,1.0,,,2.0,,2.0,1.0,3.0,,1.0,1.0,,,,,,,,,,,,,,,1.0,,,,1.0,,,,,2.0,,,,1.0,,,1.0,,,1.0,,1.0,1.0,,,10.0,10.0,5.0,,,1.0,1.0,1.0,0.6666666666666666,,0.6666666666666666,0.6666666666666666,0.5,,0.5,0.8,,0.8,0.8333333333333334,,0.8333333333333334,0.6,,,,,,,,1.0,1.0,,,1.0,0.5,,1.0,,,,1.0,1.0,,,,,93.23741007194243,1.0,14.0,17.25,12.8,17.25,,,,,0.2,,,,0.2,1.0,1.0,1.0,0.2,1.0,1.0,1.0,0.4,0.5,0.5,1.0,,,,,,,1.0,,,,,0.2,1.0,0.4,0.5,0.6,0.5,0.47904,0.5538,0.47904,0.16666666666666666,0.3333333333333333,,,1.0,14.0,26.066666666666666,1.0,,,,,,,,,1610612739,2017,2016-17,False
101112-202684-202697-203895-2544,1610612739,"Channing Frye, Tristan Thompson, Iman Shumpert, Jordan McRae, LeBron James","Frye, Thompson, Shumpert, McRae, James",101112-202684-202697-203895-2544,CLE,138.0,1,2.0,,6.0,6.0,6.0,6.0,,12.0,1.0,1.0,,,1.0,1.0,,,,1.0,,,,,,,,2.0,,,,2.0,1.0,2.0,,2.0,4.0,6.0,6.0,,,,,,,1.0,2.0,,2.0,4.0,6.0,2.0,,,,,2.0,,,1.0,,1.0,,,1.0,,,2.0,,,,1.0,1.0,,2.0,,2.0,,1.0,1.0,,,,,,,,,,,,,,,,,,,2.0,,,,,4.0,,,,,,2.0,,,,,,,,,,6.0,6.0,6.0,,2.0,1.0,1.0,,,,,,0.5,,0.5,0.25,,0.25,0.5,,0.5,0.5,,,,,,,,0.3333333333333333,,1.0,,0.5,,,,,,,0.3333333333333333,,,1.0,,,125.21739130434784,,13.166666666666666,9.833333333333334,13.166666666666666,9.333333333333334,0.25,1.0,1.0,1.0,,,,,0.25,,,,,,,,0.5,,,,,,,,,,,,,0.25,1.0,,,0.5,,0.75,,0.61385,,0.61385,,,,,1.0,9.75,24.25,1.0,,,,,,,,,1610612739,2017,2016-17,False
101112-101114-202684-202697-2210,1610612739,"Channing Frye, Deron Williams, Tristan Thompson, Iman Shumpert, Richard Jefferson","Frye, Williams, Thompson, Shumpert, Jefferson",101112-101114-202684-202697-2210,CLE,136.0,1,2.0,,4.0,4.0,,,,8.0,1.0,1.0,,,,,,,,1.0,,,,,,,,3.0,,,,,1.0,2.0,,3.0,,2.0,2.0,,,,,,,,,,,,,2.0,,,,,3.0,,,1.0,,1.0,,,1.0,,,2.0,,1.0,,2.0,,,2.0,1.0,3.0,,,,,,,,,,,,,,,,,,1.0,,1.0,,1.0,,1.0,,,,,,,,,,,,,,,,,,,2.0,,,,,1.0,1.0,,,,,,0.5,,,0.2,,,0.2,,,0.6,,,,,,,,,1.0,1.0,,0.5,0.25,,,1.0,,,,,,1.0,,,84.70588235294117,,18.5,15.5,18.5,13.5,0.2,1.0,1.0,1.0,,,,,0.2,,,,,,,,0.6,,,,,,,,,,,,,,,,,,,0.8,,0.6092500000000001,,,,,,,,9.15,24.666666666666668,,,,,,,,,,1610612739,2017,2016-17,False
202682-202684-202697-2210-2594,1610612739,"Derrick Williams, Tristan Thompson, Iman Shumpert, Richard Jefferson, Kyle Korver","Williams, Thompson, Shumpert, Jefferson, Korver",202682-202684-202697-2210-2594,CLE,133.0,1,2.0,-2.0,4.0,4.0,,,,8.0,2.0,2.0,,,,,,1.0,,,,1.0,,,,,,,,,,,2.0,3.0,,1.0,,4.0,6.0,,,,,,,,,,,,,2.0,2.0,,,,,,,1.0,,1.0,,,1.0,,,2.0,,,,,,,,,,,,,,,,,,,,,,,,,,,,,,,,,,,,,,,,,,,,,,,,,,,,4.0,,,,,0.5,0.5,,,,,,0.6666666666666666,,,0.5,,,0.5,,,0.25,,,,,,,,,,,,,,,,,,,,,,,,,86.61654135338345,,18.0,15.25,18.0,15.25,0.5,1.0,1.0,0.5,0.25,,,,,,,,0.25,,,,,,,,,,,,,,,,,,,,,,,0.75,,0.6139375,,,,,,,,4.666666666666667,22.8,,,,,,,,,,1610612739,2017,2016-17,False
101114-202684-2210-2592-2747,1610612739,"Deron Williams, Tristan Thompson, Richard Jefferson, James Jones, JR Smith","Williams, Thompson, Jefferson, Jones, Smith",101114-202684-2210-2592-2747,CLE,127.0,1,2.0,-6.0,5.0,5.0,,,,10.0,,,,,,,,2.0,,,,,,,,,,,,,,,,2.0,,,,,6.0,,,,,,,,,,,,,,,,,,,,,,,,,,,,,,,,,1.0,,,1.0,,1.0,,,,,2.0,,1.0,,,1.0,,,2.0,,,1.0,,1.0,,,,1.0,,,,,2.0,,,,1.0,,,,,,,,,,,,,,,,,,,,,,,,,,,,,,,,,,,,,,1.0,,,,,1.0,,0.3333333333333333,,,,,,,,,,1.0,,,113.38582677165354,,15.2,10.2,15.2,9.8,,,,,1.0,,,,,,,,,,,,,,,,,,,,,,,,,,,,,,,,,0.4126,,,0.3333333333333333,0.3333333333333333,,,,7.05,,,,,,,,,,,1610612739,2017,2016-17,False
201567-202684-202697-2399-2544,1610612739,"Kevin Love, Tristan Thompson, Iman Shumpert, Mike Dunleavy, LeBron James","Love, Thompson, Shumpert, Dunleavy, James",201567-202684-202697-2399-2544,CLE,127.0,1,2.0,-3.0,3.0,4.0,,,,7.0,,1.0,,,,,,1.0,1.0,1.0,,,,,,,,,,,,,1.0,3.0,,,1.0,3.0,6.0,,,,,,,,,,,,,,2.0,,,,,,,,,,,,,,,,,,,2.0,,,2.0,,2.0,,,,,,,,,,,,,,,,,,,,,,1.0,,,,,2.0,,,,1.0,,,,,,,,,,,,3.0,,,,,,,,,,,,0.3333333333333333,,,0.3333333333333333,,,0.375,,,,,,,,,,,,,1.0,,1.0,,,,,,,,,,1.0,1.0,,79.37007874015748,,25.666666666666668,12.5,25.666666666666668,12.5,0.3333333333333333,,,,0.3333333333333333,,,,0.3333333333333333,1.0,1.0,,,,,,,,,,,,,,,,,,,,,,,,,0.3333333333333333,,0.4602333333333333,,,0.25,0.25,,,,8.5,,,,,,,,,,,1610612739,2017,2016-17,False
101112-202682-202732-2592-2594,1610612739,"Channing Frye, Derrick Williams, DeAndre Liggins, James Jones, Kyle Korver","Frye, Williams, Liggins, Jones, Korver",101112-202682-202732-2592-2594,CLE,125.0,2,2.0,-4.0,3.0,3.0,1.0,2.0,,6.0,,1.0,,,,,,,,,,,,,,,,1.0,,,,1.0,,1.0,,1.0,,,4.0,,,,,,,,,,1.0,,,,,,,,1.0,,,,,,,,,,,,,,,,,,,,,,,,,,1.0,,1.0,,,,,1.0,,,1.0,,1.0,,,,,,,,,,,,,,,,,,,,,,,,,,,1.0,,,,,,,,,,,,,,,,,,,0.5,,,,,,,,,,,,,,,,,,,,,,,,,69.11999999999999,,18.333333333333332,23.333333333333332,18.333333333333332,15.333333333333334,0.5,,,,,,,,,,,,,,,,0.5,,,,,,,,,,,,,,,,,1.0,,1.0,,0.5472,,0.5265,,,,,,1.9,24.3,0.3333333333333333,,,,,,,,,1610612739,2017,2016-17,False
101114-202682-202684-202697-2594,1610612739,"Deron Williams, Derrick Williams, Tristan Thompson, Iman Shumpert, Kyle Korver","Williams, Williams, Thompson, Shumpert, Korver",101114-202682-202684-202697-2594,CLE,125.0,2,2.0,-8.0,5.0,5.0,,2.0,1.0,10.0,,,,,,,1.0,1.0,,2.0,1.0,2.0,1.0,1.0,,,,,,,,,1.0,3.0,1.0,2.0,,5.0,13.0,,,1.0,1.0,,3.0,,,,,,,2.0,,3.0,,,,,,1.0,1.0,2.0,,1.0,,1.0,,5.0,,,,,,,,,,,,,,,,,,,,,,,,,1.0,,2.0,,,,,,,,,,,,,,,,,,,,,,,,,2.0,,,,,1.0,1.0,1.0,0.5,1.0,,0.5,0.3333333333333333,,,0.5,1.5,,0.5,1.5,,0.4,,,,,,,,,,,,,,,,,,,,,,,,,115.19999999999999,,11.6,13.4,10.0,13.4,,,,,0.2,1.0,1.0,1.0,0.4,,,,0.4,0.5,0.5,1.0,,,,,,,,1.0,1.0,1.0,,,,,,,,,,0.4,,0.47678000000000004,0.56745,,,,,0.6,,14.066666666666668,22.75,,,,,,,,,,1610612739,2017,2016-17,False
1627770-201567-202684-202732-2399,1610612739,"Kay Felder, Kevin Love, Tristan Thompson, DeAndre Liggins, Mike Dunleavy","Felder, Love, Thompson, Liggins, Dunleavy",1627770-201567-202684-202732-2399,CLE,125.0,1,2.0,3.0,4.0,5.0,3.0,5.0,,9.0,1.0,1.0,,,1.0,1.0,,,,,1.0,1.0,,,1.0,1.0,,,,,,,1.0,1.0,1.0,1.0,2.0,7.0,4.0,,,,,,,1.0,1.0,1.0,1.0,,5.0,2.0,,3.0,,,,,,1.0,1.0,2.0,,1.0,1.0,,,5.0,,,,1.0,,,1.0,,1.0,,1.0,1.0,,,,,1.0,,,1.0,,1.0,,1.0,,,,,,,1.0,,,,,2.0,,,,1.0,,,,,,,,,,,,7.0,5.0,3.0,,,1.0,1.0,1.0,1.0,,1.0,1.0,1.0,,1.0,1.25,,1.25,1.1666666666666667,,1.25,0.5,,,,,,,,,,1.0,,1.0,,,,,,,,,,1.0,,,103.67999999999999,,12.5,15.0,12.5,15.0,0.5,1.0,1.0,1.0,,,,,,,,,0.5,1.0,1.0,1.0,,,,,,,,,,,,,,0.5,1.0,0.5,1.0,,,1.0,,0.64205,,0.64205,0.3333333333333333,0.5,,,0.7142857142857143,0.9,24.4,0.75,,,,,,,,,1610612739,2017,2016-17,False
101112-202681-202697-2544-2592,1610612739,"Channing Frye, Kyrie Irving, Iman Shumpert, LeBron James, James Jones","Frye, Irving, Shumpert, James, Jones",101112-202681-202697-2544-2592,CLE,123.0,1,2.0,-3.0,5.0,5.0,,5.0,1.0,10.0,2.0,2.0,1.0,1.0,,,,,,,1.0,1.0,,,,,,2.0,,,,,2.0,2.0,1.0,3.0,,7.0,10.0,1.0,1.0,,,,2.0,,,,,,,,4.0,3.0,,,2.0,,,,1.0,1.0,,1.0,,,,3.0,,,,,,1.0,1.0,,1.0,,,,,,,,,,,,,,,,1.0,,3.0,,1.0,,,,,,,,,,,,,,,,,,,,,,,5.0,,,2.0,,,,1.0,0.3333333333333333,,,0.3333333333333333,1.0,1.0,,0.7,1.0,,0.7,1.0,,0.6,,,,,,1.0,,,,,,,,,,,,,,,,,,,117.07317073170732,,12.0,12.6,9.6,9.4,0.4,1.0,1.0,,,,,,,,,,0.2,1.0,1.0,1.0,0.4,,,,1.0,1.0,,,,,,,,,,,,,,1.0,,0.62137,0.6376,,,,,0.2857142857142857,,0.8,24.599999999999998,,,,,,,,,,1610612739,2017,2016-17,False
201567-202732-2210-2544-2592,1610612739,"Kevin Love, DeAndre Liggins, Richard Jefferson, LeBron James, James Jones","Love, Liggins, Jefferson, James, Jones",201567-202732-2210-2544-2592,CLE,123.0,1,2.0,-3.0,5.0,5.0,,,,10.0,,1.0,,,,,,,,1.0,,1.0,,,,,,,,,,,,2.0,,1.0,2.0,2.0,5.0,,,,,,,,,,,,,,,,,,,,,,,,,,,,,,,,,1.0,,,1.0,,1.0,,,,,,1.0,,2.0,,,1.0,,2.0,,,,,,,,,2.0,,,,,3.0,,,1.0,1.0,,,,,,,,,,,,2.0,,,,,,,,,,,,,,,,,,0.125,,,0.3333333333333333,,,,,,,,,,1.0,,1.0,,,,,,,,,,,1.0,,117.07317073170732,,14.0,10.6,14.0,10.6,0.3333333333333333,,,,,,,,0.3333333333333333,,,,0.3333333333333333,,,,,,,,,,,,,,,,,,,,,,,0.6666666666666666,,0.5028333333333334,,,0.25,0.3333333333333333,,,,12.65,23.8,,,,,,,,,,1610612739,2017,2016-17,False
101112-202681-202684-202697-2747,1610612739,"Channing Frye, Kyrie Irving, Tristan Thompson, Iman Shumpert, JR Smith","Frye, Irving, Thompson, Shumpert, Smith",101112-202681-202684-202697-2747,CLE,122.0,2,2.0,,4.0,3.0,,2.0,1.0,7.0,,1.0,,,,,,1.0,,1.0,,1.0,,,,,1.0,1.0,1.0,1.0,,,,3.0,1.0,2.0,,3.0,3.0,,,1.0,1.0,,3.0,,,,,,,,,3.0,,,1.0,1.0,2.0,,1.0,1.0,1.0,,,,,3.0,,1.0,,2.0,,,2.0,1.0,3.0,,,,,,,,1.0,,,,,1.0,,,1.0,,1.0,,,,,,,,,,,,,,,,,,,,,,,,,,,,,,,,1.0,0.5,1.0,,0.5,,,,0.3,1.5,,0.3,1.5,,0.4,0.6666666666666666,1.0,1.0,,,,,,0.5,0.6666666666666666,,0.6666666666666666,0.5,1.0,,,,,,,,1.0,,,82.62295081967214,,14.0,22.0,13.5,19.333333333333332,0.2,,,,0.2,,,,0.2,,,,0.2,,,,0.2,1.0,1.0,1.0,,,,,,,1.0,1.0,1.0,,,,,,,0.6,1.0,0.48361,0.4917,,,,,1.0,,8.333333333333334,25.15,,,,,,,,,,1610612739,2017,2016-17,False
201567-202681-202684-202697-202732,1610612739,"Kevin Love, Kyrie Irving, Tristan Thompson, Iman Shumpert, DeAndre Liggins","Love, Irving, Thompson, Shumpert, Liggins",201567-202681-202684-202697-202732,CLE,122.0,2,2.0,6.0,5.0,5.0,1.0,5.0,1.0,10.0,1.0,1.0,,,,,,2.0,1.0,1.0,,,,,,,,,,,,,2.0,4.0,,,4.0,8.0,2.0,,,,,2.0,2.0,,1.0,,,2.0,2.0,2.0,2.0,,,,,,,1.0,,1.0,,,1.0,,,2.0,,1.0,,2.0,,,2.0,1.0,3.0,,1.0,1.0,,,,,,,,,,,,,,,,,,,2.0,,,,,4.0,,,,2.0,,,,,,,,,,,,6.0,2.0,1.0,,,0.5,0.5,,,,,,0.5,,,0.5,,,0.6666666666666666,1.0,0.5,,,,,,,,,,0.5,1.0,,1.0,0.5,,0.5,,,,,,,1.0,1.0,,118.03278688524591,,12.0,12.4,12.0,12.4,0.25,1.0,1.0,1.0,0.5,,,,0.25,1.0,1.0,,,,,,,,,,,,,,,,,,,,,,,,,0.25,,0.471675,,0.3903,0.3333333333333333,0.3333333333333333,,0.25,0.25,6.775,,0.2,,,,,,,,,1610612739,2017,2016-17,False
101112-1627770-202732-203895-2592,1610612739,"Channing Frye, Kay Felder, DeAndre Liggins, Jordan McRae, James Jones","Frye, Felder, Liggins, McRae, Jones",101112-1627770-202732-203895-2592,CLE,118.0,1,2.0,-4.0,4.0,4.0,,3.0,,8.0,,,,,,,1.0,1.0,1.0,2.0,,,,,,,,1.0,,,,,2.0,3.0,,1.0,,4.0,8.0,,,,,,,,,,,,,2.0,2.0,,,,1.0,,,1.0,,1.0,,,,,1.0,2.0,,,,,,,,,,,,,,,,,,,,,,,,,1.0,,1.0,,,,1.0,,,,,,,,,,,,,,,,,,,,,4.0,,,,,0.5,0.5,,,,,,0.6666666666666666,,,0.5,,,0.5,,,0.25,,,,,,,,,,,,,,,,,,,,,,,,,97.6271186440678,,16.75,12.75,16.75,12.75,,,,,0.25,1.0,1.0,,0.5,0.5,0.5,1.0,,,,,0.25,,,,,,,,,,,,,,,,,,,0.25,,0.4412125,,,,,,,,17.233333333333334,24.5,,,,,,,,,,1610612739,2017,2016-17,False
202681-202684-202697-203895-2544,1610612739,"Kyrie Irving, Tristan Thompson, Iman Shumpert, Jordan McRae, LeBron James","Irving, Thompson, Shumpert, McRae, James",202681-202684-202697-203895-2544,CLE,118.0,1,2.0,1.0,2.0,3.0,2.0,,1.0,5.0,,1.0,,,,1.0,,,1.0,1.0,,,,,,,,1.0,,,,1.0,1.0,2.0,,1.0,1.0,3.0,2.0,,,,,,,1.0,2.0,,1.0,1.0,3.0,2.0,,,,,1.0,,,1.0,,1.0,,,,,1.0,2.0,1.0,1.0,,1.0,,,1.0,2.0,3.0,,1.0,,1.0,,,,,,,,,,,,,,,,,,2.0,,2.0,,,5.0,,,1.0,,,2.0,,,,,,,,,,3.0,3.0,2.0,,2.0,1.0,1.0,,,,,,0.5,,0.5,0.3333333333333333,,0.3333333333333333,0.2,,0.2,0.3333333333333333,,,,,,,,,1.0,1.0,1.0,1.0,1.0,1.0,,,1.0,,,,,1.0,,,61.016949152542374,,32.0,18.0,31.5,18.0,0.3333333333333333,,,,,,,,0.3333333333333333,1.0,1.0,1.0,,,,,0.3333333333333333,,,,,,,,,,,,,0.3333333333333333,,,,0.3333333333333333,,0.6666666666666666,,0.48636666666666667,,0.48636666666666667,,,,,1.0,12.7,24.5,1.0,,,,,,,,,1610612739,2017,2016-17,False
101112-202684-202697-2210-2544,1610612739,"Channing Frye, Tristan Thompson, Iman Shumpert, Richard Jefferson, LeBron James","Frye, Thompson, Shumpert, Jefferson, James",101112-202684-202697-2210-2544,CLE,117.0,1,2.0,-6.0,5.0,5.0,5.0,5.0,,10.0,,,,,,,,1.0,,1.0,,,,,,,,1.0,,,,1.0,,2.0,,1.0,2.0,2.0,8.0,,,,,,,,2.0,,1.0,2.0,2.0,,,,,,1.0,,,,,,,,,,,,,,,,,,,,,,,,,1.0,,1.0,,,,,,1.0,,1.0,,,1.0,,1.0,,1.0,,,,,2.0,,,,,,1.0,,,,,,,,,,2.0,2.0,5.0,1.0,1.0,,,,,,,,,,,,,,0.25,,0.25,0.3333333333333333,,,,,1.0,,,,,,,,,,,,,,,,,,,,123.07692307692308,,16.0,7.4,16.0,7.4,,,,,0.3333333333333333,,,,0.3333333333333333,,,,,,,,0.3333333333333333,,,,,,,,,,,,,,,,,0.3333333333333333,,0.3333333333333333,,0.4235166666666667,,0.4235166666666667,,,,,1.0,14.45,29.1,1.0,,,,,,,,,1610612739,2017,2016-17,False
101112-202681-202732-2210-2594,1610612739,"Channing Frye, Kyrie Irving, DeAndre Liggins, Richard Jefferson, Kyle Korver","Frye, Irving, Liggins, Jefferson, Korver",101112-202681-202732-2210-2594,CLE,116.0,2,2.0,-9.0,4.0,5.0,1.0,3.0,1.0,9.0,,3.0,,,,,,,,1.0,,1.0,,1.0,,,,,,,,,,4.0,,1.0,,,9.0,,,,1.0,,,,1.0,,,,,,,,,,,,,,,,,,,,,,,1.0,,,,1.0,1.0,1.0,2.0,,,,,,,,,,,,,,,,1.0,,1.0,,,,2.0,,,,,,,,,,,,,,,,,,,1.0,,,,1.0,,,,,,,,,,,,,,,,,,,0.2,,,,,,1.0,,,0.3333333333333333,,,,0.25,0.3333333333333333,,,,,,,,,,,111.72413793103448,,22.0,5.6,20.5,5.2,0.6,,,,,,,,0.2,,,,0.2,,,,,,,,,,,1.0,,,,,,,,,,,,0.8,,0.53472,0.6369,0.2724,,,,,,4.725,24.3,0.25,,,,,,,,,1610612739,2017,2016-17,False
101112-202681-202682-202697-2747,1610612739,"Channing Frye, Kyrie Irving, Derrick Williams, Iman Shumpert, JR Smith","Frye, Irving, Williams, Shumpert, Smith",101112-202681-202682-202697-2747,CLE,115.0,1,2.0,-7.0,4.0,5.0,,,,9.0,1.0,1.0,,,,,,,,,,,,,,,,3.0,,,,,1.0,1.0,,3.0,,2.0,9.0,,,,,,,,,,,,,2.0,,,,,3.0,,,1.0,,1.0,,,1.0,,,2.0,,,,1.0,,,1.0,,1.0,,,,,,,,,,,,,,,,,,,,,,,,,,,,,,,,,,,,,,,,,,,2.0,,,,,1.0,1.0,,,,,,1.0,,,0.25,,,0.25,,,0.75,,,,,,,,,,1.0,,1.0,,,,,,,,,,1.0,,,112.69565217391303,,18.25,8.4,18.25,8.4,0.25,1.0,1.0,1.0,,,,,,,,,,,,,0.75,,,,,,,,,,,,,,,,,,,1.0,,0.61475,,,,,,,,0.1,26.0,,,,,,,,,,1610612739,2017,2016-17,False
202681-202684-2399-2544-2747,1610612739,"Kyrie Irving, Tristan Thompson, Mike Dunleavy, LeBron James, JR Smith","Irving, Thompson, Dunleavy, James, Smith",202681-202684-2399-2544-2747,CLE,115.0,1,2.0,,5.0,4.0,,,,9.0,1.0,2.0,,,,,,1.0,,,,,,,,,,,,,,,1.0,3.0,,,,2.0,2.0,,,,,,,,,,,,,2.0,,,,,,,1.0,1.0,,1.0,,,1.0,,,2.0,,,,,3.0,,3.0,,3.0,,,,,,2.0,,2.0,,,,,2.0,,,,,,,,,,,,,,,,,,,,,1.0,,,1.0,,1.0,1.0,,,2.0,,,,,1.0,1.0,,,,,,0.3333333333333333,,,0.3333333333333333,,,0.3333333333333333,,,,0.3333333333333333,0.5,,,,,,0.75,,,,0.75,,,,,,,1.0,0.6666666666666666,,,,,112.69565217391303,1.0,12.0,13.75,12.0,13.0,0.6666666666666666,0.5,1.0,1.0,0.3333333333333333,,,,,,,,,,,,,,,,,,,,,,,,,,,,,,,0.6666666666666666,,0.6957,,,,,,,,2.433333333333333,,,,,,,,,,,1610612739,2017,2016-17,False
101112-202684-202732-2210-2399,1610612739,"Channing Frye, Tristan Thompson, DeAndre Liggins, Richard Jefferson, Mike Dunleavy","Frye, Thompson, Liggins, Jefferson, Dunleavy",101112-202684-202732-2210-2399,CLE,114.0,1,2.0,4.0,4.0,4.0,4.0,,,8.0,2.0,2.0,,,2.0,2.0,,1.0,,,,,,,,,,1.0,,,,1.0,2.0,3.0,,1.0,3.0,7.0,3.0,,,,,,,2.0,3.0,,1.0,3.0,7.0,,4.0,,,,,,,,,,,,,,,,,,,,2.0,,2.0,,2.0,,1.0,1.0,,,,,,,,,,,,,,,,,,,2.0,,,,,4.0,1.0,,,1.0,1.0,,,,,,,,,,,7.0,7.0,4.0,,,,,,,,,,0.6666666666666666,,0.6666666666666666,0.5,,0.5,0.7,,0.7,0.25,,,,,,,,0.5,,,,0.5,,,,,,,0.3333333333333333,,1.0,,,,101.05263157894737,,9.75,18.75,9.75,18.0,0.5,1.0,1.0,,0.25,,,,,,,,,,,,0.25,,,,,,,,,,,,,0.5,1.0,,,0.25,,0.75,,0.5183666666666666,,0.5183666666666666,0.4,0.3333333333333333,0.5,,1.0,3.1999999999999997,44.2,1.0,,,,,1.0,,,,1610612739,2017,2016-17,False
101112-202697-2399-2544-2747,1610612739,"Channing Frye, Iman Shumpert, Mike Dunleavy, LeBron James, JR Smith","Frye, Shumpert, Dunleavy, James, Smith",101112-202697-2399-2544-2747,CLE,113.0,1,2.0,-1.0,3.0,4.0,3.0,4.0,,7.0,,,,,,,,,,1.0,,,,,,,2.0,3.0,,,2.0,3.0,,1.0,2.0,3.0,,6.0,7.0,,,,,,,,1.0,2.0,3.0,,6.0,,,6.0,,,2.0,2.0,,,2.0,2.0,2.0,,,,,6.0,,,,1.0,,,1.0,,1.0,,,,,,,,,,,,,,,,2.0,1.0,2.0,,,,,,,,,,,,,,,,,,,,,,,,,6.0,6.0,3.0,,,,,1.0,0.6666666666666666,,0.6666666666666666,1.0,,,,0.75,,0.75,0.75,,0.75,0.75,,,,,,,,,,1.0,,1.0,,,,,,,,,,,1.0,,89.20353982300885,,18.333333333333332,14.5,18.333333333333332,14.5,,,,,,,,,0.25,,,,,,,,0.75,0.6666666666666666,0.6666666666666666,1.0,,,,,,,,,,,,,,0.75,0.6666666666666666,0.75,1.0,0.42585,,0.42585,,,,,1.0,17.6,30.900000000000002,1.0,,,,,1.0,,,,1610612739,2017,2016-17,False
1627770-202684-202697-203895-2592,1610612739,"Kay Felder, Tristan Thompson, Iman Shumpert, Jordan McRae, James Jones","Felder, Thompson, Shumpert, McRae, Jones",1627770-202684-202697-203895-2592,CLE,112.0,2,2.0,-6.0,4.0,4.0,4.0,3.0,,8.0,,,,,,,,1.0,,,,1.0,,,,1.0,,1.0,,,,1.0,,1.0,,2.0,2.0,2.0,8.0,,,,,,,,1.0,,2.0,2.0,2.0,,,,,,1.0,,,,,,,,,,,,,,,1.0,,,1.0,,1.0,,,,,,,,,,,,,,,,1.0,,1.0,,,,1.0,,,,,2.0,,,,1.0,,,,,,,,,,,,2.0,2.0,4.0,,,,,,,,,,,,,,,,0.25,,0.25,0.6666666666666666,,,,,,,,,,1.0,,1.0,,,,,,,,,,1.0,,,102.85714285714286,,16.75,11.25,16.75,9.25,,,,,0.3333333333333333,,,,,,,,0.3333333333333333,,,,0.3333333333333333,,,,,,,,,,,,,,,0.3333333333333333,,0.3333333333333333,,0.6666666666666666,,0.4991666666666667,,0.4991666666666667,0.25,0.5,,,1.0,13.1,24.4,1.0,,,,,,,,,1610612739,2017,2016-17,False
201567-202697-202732-2210-2544,1610612739,"Kevin Love, Iman Shumpert, DeAndre Liggins, Richard Jefferson, LeBron James","Love, Shumpert, Liggins, Jefferson, James",201567-202697-202732-2210-2544,CLE,112.0,1,2.0,-1.0,3.0,3.0,,3.0,1.0,6.0,1.0,1.0,,,,,,,,1.0,,1.0,,,,,1.0,1.0,1.0,1.0,,,1.0,2.0,1.0,2.0,,5.0,6.0,,,1.0,1.0,,3.0,,,,,,,2.0,,3.0,,,1.0,1.0,,1.0,1.0,2.0,1.0,,1.0,,,5.0,1.0,,,,,,,1.0,1.0,,,,,,,,,,,,,,,,1.0,,2.0,,,,,,,,,1.0,,,1.0,,,,,,,,,,,,,2.0,,,1.0,,1.0,1.0,1.0,0.5,1.0,,0.5,0.5,,,0.625,1.5,,0.625,1.5,,0.5,,,,,,,,,,,1.0,,0.5,,,,,1.0,,,,,,,77.14285714285714,,25.666666666666668,11.666666666666666,21.0,7.666666666666667,0.25,1.0,1.0,1.0,,,,,0.25,,,,0.25,,,,0.25,1.0,1.0,1.0,,,,,,,1.0,1.0,1.0,,,,,,,0.75,1.0,0.4165875,,,,,,0.6,,9.95,24.25,,,,,,,,,,1610612739,2017,2016-17,False
101112-202682-2210-2544-2747,1610612739,"Channing Frye, Derrick Williams, Richard Jefferson, LeBron James, JR Smith","Frye, Williams, Jefferson, James, Smith",101112-202682-2210-2544-2747,CLE,111.0,1,2.0,-4.0,4.0,5.0,,4.0,,9.0,,2.0,,,,,,,,1.0,,,,,,,,1.0,,,,,,3.0,,1.0,,,4.0,,,,,,,,,,,,,,,,,,1.0,,,,,,,,,,,,,,,,2.0,1.0,3.0,,3.0,,,,,,,,,,,,,,,,1.0,,1.0,,,,,,,,,,,,,,,,,,,,,,,,,,,,,,,,,,,,,,,,,,,,,,0.25,,,,,,1.0,,0.6666666666666666,,,,0.5,,,,,,,,1.0,1.0,,,,116.75675675675676,,16.25,9.2,16.25,7.2,0.5,,,,,,,,0.25,,,,,,,,0.25,,,,,,,,,,,,,,,,,,,0.75,,0.6169,,,,,,,,8.266666666666667,25.9,,,,,,,,,,1610612739,2017,2016-17,False
101112-202681-202697-2210-2592,1610612739,"Channing Frye, Kyrie Irving, Iman Shumpert, Richard Jefferson, James Jones","Frye, Irving, Shumpert, Jefferson, Jones",101112-202681-202697-2210-2592,CLE,110.0,1,2.0,-4.0,3.0,4.0,3.0,3.0,,7.0,1.0,2.0,,,1.0,2.0,,,,,,1.0,,,,1.0,,,,,,,1.0,2.0,,1.0,,2.0,6.0,,,,,,,1.0,2.0,,1.0,,2.0,,2.0,,,,,,,,,,,,,,,,,,,1.0,,,1.0,,1.0,,,,,,,,,,,,,,,,,,2.0,,,,,,,,,,,,,,,,,,,,,,,,,2.0,2.0,3.0,1.0,,,,,,,,,0.5,,0.5,0.3333333333333333,,0.3333333333333333,0.3333333333333333,,0.3333333333333333,0.3333333333333333,,,,,,,,,,1.0,,0.3333333333333333,,,,,,,,,,1.0,,,91.63636363636364,,11.666666666666666,18.75,11.666666666666666,14.5,0.6666666666666666,0.5,0.5,,,,,,,,,,0.3333333333333333,,,,,,,,,,,,,,,,,0.6666666666666666,0.5,0.3333333333333333,,,,1.0,,0.6558499999999999,,0.6558499999999999,,,,,1.0,0.75,24.6,1.0,,,,,,,,,1610612739,2017,2016-17,False
202684-202697-203895-2210-2592,1610612739,"Tristan Thompson, Iman Shumpert, Jordan McRae, Richard Jefferson, James Jones","Thompson, Shumpert, McRae, Jefferson, Jones",202684-202697-203895-2210-2592,CLE,108.0,1,2.0,5.0,5.0,4.0,5.0,3.0,1.0,9.0,1.0,1.0,,,1.0,1.0,,,1.0,1.0,,,,,,,1.0,2.0,1.0,1.0,1.0,2.0,2.0,2.0,1.0,2.0,,7.0,2.0,,,1.0,1.0,,3.0,2.0,2.0,1.0,2.0,,7.0,,4.0,3.0,,,2.0,1.0,,,1.0,1.0,1.0,,,,,3.0,1.0,,,,2.0,,2.0,1.0,3.0,,,,,2.0,,,,,2.0,,,2.0,,2.0,1.0,,1.0,,,,1.0,,,,,1.0,1.0,,,1.0,,,1.0,,,,1.0,1.0,1.0,,,4.0,7.0,5.0,,,,,1.0,0.5,1.0,0.5,0.5,1.0,,1.0,0.875,1.5,0.875,0.875,1.5,0.875,0.5,,,,,1.0,,,1.0,,,1.0,1.0,1.0,,,,1.0,,,1.0,1.0,,,,120.0,1.0,12.6,11.25,11.6,11.25,0.25,1.0,1.0,,,,,,0.25,1.0,1.0,,,,,,0.5,0.5,0.5,1.0,,,,,,,1.0,1.0,1.0,0.25,1.0,,,0.5,0.5,0.75,0.5,0.528775,,0.528775,0.25,0.5,,0.42857142857142855,1.0,9.05,25.35,1.0,,,,,,,,,1610612739,2017,2016-17,False
101112-1627770-202684-202697-2399,1610612739,"Channing Frye, Kay Felder, Tristan Thompson, Iman Shumpert, Mike Dunleavy","Frye, Felder, Thompson, Shumpert, Dunleavy",101112-1627770-202684-202697-2399,CLE,106.0,1,2.0,-1.0,4.0,4.0,3.0,,,8.0,,,,,,,,1.0,,2.0,,,,,,,,,,,,,,3.0,,,2.0,2.0,3.0,,,,,,,,3.0,,,,,,,,,,,,1.0,,,,,,,,,,,,,,2.0,,2.0,,2.0,,,,,,,,,,,,,,,,,,,,,,1.0,,,,,2.0,,,,1.0,,,,,,,,,,,,2.0,,3.0,,,,,,,,,,,,,,,,0.25,,,,0.3333333333333333,,,0.5,,,,1.0,,,,1.0,,,,,,,,1.0,1.0,,,,108.67924528301887,,12.0,14.5,12.0,14.5,,,,,0.3333333333333333,,,,0.6666666666666666,,,,,,,,,,,,,,,,,,,,,,,,,,,,,0.39736666666666665,,0.39736666666666665,0.25,0.25,,,,13.033333333333333,,0.75,,,,,,,,,1610612739,2017,2016-17,False
101112-202697-2544-2592-2594,1610612739,"Channing Frye, Iman Shumpert, LeBron James, James Jones, Kyle Korver","Frye, Shumpert, James, Jones, Korver",101112-202697-2544-2592-2594,CLE,106.0,1,2.0,-3.0,4.0,4.0,,4.0,,8.0,,1.0,,,,,,,1.0,1.0,,,,,,,,1.0,,,,,1.0,2.0,,1.0,,2.0,5.0,,,,,,,,,,,,,2.0,,,,,1.0,,,1.0,,1.0,,,,,1.0,2.0,,,,,1.0,,1.0,,1.0,,,,,1.0,,1.0,,,,,,1.0,,,,,,,,,,,,,,,,,,,,,,,,,,,,,,2.0,,,,,1.0,1.0,,,,,,0.5,,,0.3333333333333333,,,0.3333333333333333,,,0.3333333333333333,,,,,1.0,,,1.0,,,,1.0,,,,,,,,,1.0,,,,108.67924528301887,,14.0,12.5,14.0,12.5,0.3333333333333333,,,,,,,,0.3333333333333333,1.0,1.0,1.0,,,,,0.3333333333333333,,,,,,,,,,,,,,,,,,,0.6666666666666666,,0.49629999999999996,,,,,,,,12.15,24.8,,,,,,,,,,1610612739,2017,2016-17,False
1627770-201567-202697-2210-2399,1610612739,"Kay Felder, Kevin Love, Iman Shumpert, Richard Jefferson, Mike Dunleavy","Felder, Love, Shumpert, Jefferson, Dunleavy",1627770-201567-202697-2210-2399,CLE,105.0,2,2.0,2.0,5.0,3.0,4.0,,1.0,8.0,2.0,2.0,,,1.0,1.0,1.0,1.0,,,,,,,,,,1.0,,,,1.0,3.0,3.0,,1.0,,6.0,4.0,1.0,1.0,,,,2.0,2.0,2.0,,1.0,,4.0,,6.0,,,2.0,1.0,,,,,,,,,,,,1.0,,,,1.0,,1.0,1.0,2.0,,,,,,,,1.0,,,1.0,,1.0,,1.0,,,,,,,,,,,,,,,,,,,,,,,,,,,,4.0,4.0,4.0,,,,,,,,,,1.0,1.0,1.0,0.75,1.0,0.6666666666666666,0.75,1.0,0.6666666666666666,0.25,,,,,,,,1.0,,,1.0,1.0,1.0,,,,1.0,,,,1.0,,,,109.71428571428571,,9.6,19.0,9.2,19.0,0.5,1.0,1.0,,0.25,1.0,1.0,,,,,,,,,,0.25,,,,,,,,,,,,,0.3333333333333333,1.0,,,0.3333333333333333,,0.75,,0.536475,,0.5619333333333333,,,,0.3333333333333333,0.6666666666666666,2.3000000000000003,25.4,0.8,,,,,,,,,1610612739,2017,2016-17,False
202682-202684-202697-202732-2594,1610612739,"Derrick Williams, Tristan Thompson, Iman Shumpert, DeAndre Liggins, Kyle Korver","Williams, Thompson, Shumpert, Liggins, Korver",202682-202684-202697-202732-2594,CLE,104.0,1,2.0,-1.0,4.0,4.0,2.0,2.0,,8.0,,,,,,,,,,1.0,,1.0,,,,1.0,,,,,,,,1.0,,1.0,1.0,1.0,2.0,,,,,,,,1.0,,1.0,,,,,,,,,,,,,,,,,,,,,,,1.0,1.0,1.0,3.0,,3.0,,,,,,,,1.0,,,,,1.0,,,,,1.0,,,1.0,1.0,,,,,2.0,,,,1.0,,,,,,,,,,,,1.0,,2.0,,,,,,,,,,,,,,,,0.16666666666666666,,,0.5,,,,,,1.0,,1.0,,1.0,,1.0,,,,,,,,,1.0,1.0,,,110.76923076923076,,13.5,12.5,13.5,12.5,,,,,,,,,0.5,,,,0.5,,,,,,,,,,,,,,,,,,,0.5,,,,0.5,,0.475525,,0.475525,0.3333333333333333,0.5,,,,17.0,23.4,0.5,,,,,,,,,1610612739,2017,2016-17,False
101112-1627770-203895-2210-2594,1610612739,"Channing Frye, Kay Felder, Jordan McRae, Richard Jefferson, Kyle Korver","Frye, Felder, McRae, Jefferson, Korver",101112-1627770-203895-2210-2594,CLE,103.0,1,2.0,-4.0,4.0,5.0,,,1.0,9.0,1.0,1.0,1.0,1.0,,,,,1.0,1.0,,,,,,,,1.0,,,,,2.0,2.0,,1.0,,4.0,8.0,1.0,1.0,,,,2.0,,,,,,,2.0,2.0,,,2.0,1.0,,,1.0,,1.0,,,,,1.0,2.0,1.0,,,,,,,1.0,1.0,,,,,2.0,,1.0,,,1.0,,,2.0,,,1.0,,1.0,,,,1.0,,,1.0,,,,,,,,,,,,,,,,,,2.0,,,,,0.5,1.0,,,,,,1.0,1.0,,0.6666666666666666,1.0,,0.6666666666666666,1.0,,0.3333333333333333,,,,,1.0,,,,,,1.0,,1.0,,,,1.0,,,,,,,,125.8252427184466,,15.0,8.6,15.0,8.6,0.3333333333333333,1.0,1.0,,,,,,0.3333333333333333,1.0,1.0,1.0,,,,,0.3333333333333333,,,,1.0,1.0,,,,,,,,,,,,,,0.6666666666666666,,0.5081,,,,,,0.5,,9.85,25.4,,,,,,,,,,1610612739,2017,2016-17,False
101114-202684-2210-2544-2594,1610612739,"Deron Williams, Tristan Thompson, Richard Jefferson, LeBron James, Kyle Korver","Williams, Thompson, Jefferson, James, Korver",101114-202684-2210-2544-2594,CLE,103.0,1,2.0,-6.0,3.0,3.0,1.0,,1.0,6.0,,1.0,,1.0,,1.0,,,1.0,1.0,,,,,,,,1.0,,,,1.0,1.0,2.0,,1.0,,2.0,8.0,,1.0,,,,,,1.0,,1.0,,,,2.0,,,,1.0,,1.0,,,,,,,,,,1.0,,,,,,,1.0,1.0,,,,,,,,,,,,,,,,,,1.0,,,,1.0,,,,,2.0,,,,1.0,,,1.0,,,1.0,,1.0,,,,2.0,,1.0,,,,,,,,,,0.5,,,0.3333333333333333,,,0.25,,,0.3333333333333333,0.5,1.0,,,,,,,,,1.0,,0.5,,,,1.0,,,,,,,,83.88349514563107,,20.0,14.333333333333334,17.0,14.333333333333334,0.3333333333333333,,,,,,,,0.3333333333333333,1.0,1.0,,,,,,0.3333333333333333,,,,1.0,,,,,,,,,0.5,,,,0.5,,0.6666666666666666,,0.4474,0.4846,0.50315,0.25,0.3333333333333333,,,,9.4,24.8,0.3333333333333333,,,,,,,,,1610612739,2017,2016-17,False
1627770-202697-203895-2210-2592,1610612739,"Kay Felder, Iman Shumpert, Jordan McRae, Richard Jefferson, James Jones","Felder, Shumpert, McRae, Jefferson, Jones",1627770-202697-203895-2210-2592,CLE,103.0,1,2.0,-3.0,3.0,4.0,,3.0,,7.0,1.0,1.0,,,,,,1.0,,,,,,,,,,1.0,,,,,1.0,2.0,,1.0,,2.0,5.0,,,,,,,,,,,,,,2.0,,,,1.0,,,,,,,,,,,,,,,,,1.0,1.0,,1.0,,,,,,,,,,,,,,,,,,,,,,,,,,,,,,,,,,,,,,,,,,,2.0,,,,,,,,,,,,0.5,,,0.3333333333333333,,,0.3333333333333333,,,0.3333333333333333,,,,,,1.0,,,,,,,,,,,,,,,,,,,97.86407766990291,,23.0,8.5,23.0,8.5,0.3333333333333333,1.0,1.0,,0.3333333333333333,,,,,,,,,,,,0.3333333333333333,,,,,,,,,,,,,,,,,,,0.6666666666666666,,0.4303666666666666,,,,,,,,6.55,25.1,,,,,,,,,,1610612739,2017,2016-17,False
101114-201567-202681-202697-2594,1610612739,"Deron Williams, Kevin Love, Kyrie Irving, Iman Shumpert, Kyle Korver","Williams, Love, Irving, Shumpert, Korver",101114-201567-202681-202697-2594,CLE,100.0,1,2.0,2.0,3.0,3.0,3.0,3.0,,6.0,,,,,,,,,,,1.0,1.0,,,1.0,1.0,1.0,2.0,,,1.0,2.0,,,2.0,3.0,1.0,7.0,5.0,,,,,,,,,2.0,3.0,1.0,7.0,,,3.0,3.0,,2.0,1.0,,,1.0,1.0,,1.0,,,,3.0,,,,1.0,,,1.0,,1.0,,,,,,,,,,,,,,,,,,,,,,1.0,,,,,2.0,,,,1.0,,,,,,,,,,,,7.0,7.0,3.0,,,,,0.5,0.6666666666666666,,0.6666666666666666,0.6666666666666666,,,,1.0,,1.0,0.875,,0.875,1.0,,,,,,,,,,1.0,,1.0,,,,,,,,,,,1.0,,86.39999999999999,,22.666666666666668,10.666666666666666,22.666666666666668,10.666666666666666,,,,,,,,,,,,,0.3333333333333333,1.0,1.0,1.0,0.6666666666666666,0.5,0.5,,,,,,,,,,,,,0.3333333333333333,1.0,0.6666666666666666,0.5,1.0,0.5,0.55635,,0.55635,0.25,1.0,,,1.0,,23.900000000000002,1.0,,,,,,,,,1610612739,2017,2016-17,False
101112-202684-202732-2210-2544,1610612739,"Channing Frye, Tristan Thompson, DeAndre Liggins, Richard Jefferson, LeBron James","Frye, Thompson, Liggins, Jefferson, James",101112-202684-202732-2210-2544,CLE,99.0,1,2.0,,4.0,4.0,,,,8.0,1.0,1.0,,,,,1.0,2.0,,,,,,,,,,,,,,,2.0,3.0,,,,4.0,4.0,,,,,,,,,,,,,,4.0,,,,,,,,,,,,,,,,,,,,,1.0,1.0,,1.0,,1.0,1.0,,1.0,,1.0,,,,,,1.0,,,,,1.0,,1.0,,,,,,,,,,,,,,,,,,,,,,,4.0,,,,,,,,,,,,0.6666666666666666,,,0.6666666666666666,,,0.6666666666666666,,,,,,,,1.0,1.0,,,,,,,,,,,,,,,,,,,116.36363636363637,,14.25,10.5,14.25,10.0,0.3333333333333333,1.0,1.0,,0.6666666666666666,0.5,0.5,,,,,,,,,,,,,,,,,,,,,,,,,,,,,0.3333333333333333,,0.5033666666666666,,,,,,,,4.633333333333334,,,,,,,,,,,1610612739,2017,2016-17,False
101114-201567-2544-2594-2747,1610612739,"Deron Williams, Kevin Love, LeBron James, Kyle Korver, JR Smith","Williams, Love, James, Korver, Smith",101114-201567-2544-2594-2747,CLE,99.0,1,2.0,,3.0,3.0,,,,6.0,1.0,1.0,,,,,,,,,1.0,1.0,,,,,,1.0,,,,,1.0,1.0,1.0,2.0,,5.0,5.0,,,,,,,,,,,,,2.0,,,3.0,,1.0,,,1.0,,1.0,,,1.0,,,2.0,,,,1.0,,,1.0,,1.0,,,,,,,,,,,,,,,,,,,,,,,,,,,,,,,,,,,,,,,,,,,5.0,,,,,1.0,1.0,,0.5,,,0.5,1.0,,,0.8333333333333334,,,0.8333333333333334,,,0.6666666666666666,,,,,,,,,,1.0,,1.0,,,,,,,,,,,1.0,,87.27272727272728,,16.0,17.0,16.0,17.0,0.3333333333333333,1.0,1.0,1.0,,,,,,,,,0.3333333333333333,1.0,1.0,,0.3333333333333333,,,,,,,,,,,,,,,,,,,1.0,,0.59985,,,,,,,,0.8,24.75,,,,,,,,,,1610612739,2017,2016-17,False
1627770-202732-203895-2399-2592,1610612739,"Kay Felder, DeAndre Liggins, Jordan McRae, Mike Dunleavy, James Jones","Felder, Liggins, McRae, Dunleavy, Jones",1627770-202732-203895-2399-2592,CLE,99.0,1,2.0,-5.0,4.0,4.0,3.0,4.0,1.0,8.0,,2.0,,1.0,,2.0,,,,1.0,,,,,,,,,,,,,,3.0,,,,,5.0,,1.0,,,,,,3.0,,,,,,,,,,,,1.0,,,,,,,,,,,1.0,,,,1.0,1.0,1.0,2.0,,,,,,1.0,,1.0,,,,,1.0,,1.0,1.0,,1.0,,,,,,,,,,,,,,,,,,,,,,,,,,,3.0,,,,,,,,,,,,,,,,,,,,0.3333333333333333,0.5,,,,1.0,,,0.3333333333333333,,,,0.3333333333333333,0.5,,,,,,,,,,,116.36363636363637,,16.0,8.75,15.25,8.75,0.6666666666666666,,,,,,,,0.3333333333333333,,,,,,,,,,,,1.0,,,,,,,,,0.6666666666666666,,,,,,0.6666666666666666,,0.5454333333333333,0.7786,0.5454333333333333,,,,,,6.1000000000000005,,0.75,,,,,,,,,1610612739,2017,2016-17,False
101114-201567-202697-2210-2594,1610612739,"Deron Williams, Kevin Love, Iman Shumpert, Richard Jefferson, Kyle Korver","Williams, Love, Shumpert, Jefferson, Korver",101114-201567-202697-2210-2594,CLE,97.0,2,2.0,,4.0,3.0,2.0,3.0,,7.0,1.0,1.0,,,,,,1.0,,,,,,,,,1.0,1.0,,,,,1.0,2.0,1.0,1.0,,5.0,5.0,,,,,,,,1.0,,,,,2.0,,,3.0,,1.0,1.0,,1.0,,1.0,,,1.0,,,2.0,,,,,,,,,,,,,,,,,1.0,,,,,1.0,,1.0,,,1.0,1.0,,,1.0,,,,,,,,,,,,,,,,,,,,,5.0,,2.0,,,1.0,1.0,,1.0,,,1.0,0.5,,,0.8333333333333334,,,0.8333333333333334,,,0.3333333333333333,,,,,,,,,,,,,,,,,,,,,,,,,103.91752577319588,,16.0,11.0,16.0,11.0,0.3333333333333333,1.0,1.0,1.0,0.3333333333333333,,,,,,,,,,,,0.3333333333333333,1.0,1.0,,,,,,,,,,,,,,,,,0.6666666666666666,1.0,0.47669999999999996,,0.4433,,,,,,2.75,24.9,0.5,,,,,,,,,1610612739,2017,2016-17,False
101114-202682-2592-2594-2747,1610612739,"Deron Williams, Derrick Williams, James Jones, Kyle Korver, JR Smith","Williams, Williams, Jones, Korver, Smith",101114-202682-2592-2594-2747,CLE,96.0,1,2.0,-2.0,3.0,3.0,,,,6.0,,,,,,,,,1.0,1.0,,,,,,,,1.0,,,,,1.0,1.0,,1.0,2.0,4.0,6.0,,,,,,,,,,,,,,2.0,,,,1.0,,,,,,,,,,,,,,,,,,,,,,,,,,,,,,,,,,,,1.0,,1.0,,,,1.0,,,,,2.0,,,,1.0,,,,,,,,,,,,4.0,,,,,,,,,,,,1.0,,,0.5,,,0.6666666666666666,,,0.5,,,,,,,,,,,,,,,,,,,,,,,,,90.0,,19.666666666666668,12.333333333333334,19.666666666666668,12.333333333333334,,,,,,,,,0.5,1.0,1.0,,,,,,0.5,,,,,,,,,,,,,,,,,,,0.5,,0.46525,,,0.3333333333333333,0.5,,,,14.2,24.2,,,,,,,,,,1610612739,2017,2016-17,False
101112-202681-202684-2210-2544,1610612739,"Channing Frye, Kyrie Irving, Tristan Thompson, Richard Jefferson, LeBron James","Frye, Irving, Thompson, Jefferson, James",101112-202681-202684-2210-2544,CLE,95.0,2,2.0,-1.0,3.0,4.0,,1.0,,7.0,,,,,,,1.0,2.0,,,,,,,,,,1.0,,,,,1.0,2.0,,1.0,,2.0,3.0,,,,,,,,,,,,,2.0,,,,,1.0,,1.0,1.0,,1.0,,,,1.0,,2.0,,,,,2.0,,2.0,,2.0,,,,,,,,,,,,,,,,,,,,,,,,,,,,,,,,,,,,,,,,,,,2.0,,,,,1.0,1.0,,,,,,0.5,,,0.3333333333333333,,,0.3333333333333333,,,0.3333333333333333,0.5,,0.5,,,,,0.6666666666666666,,,,0.6666666666666666,,,,,,,1.0,,1.0,,,,106.10526315789474,,13.333333333333334,13.75,13.333333333333334,12.5,,,,,0.6666666666666666,0.5,1.0,1.0,,,,,,,,,0.3333333333333333,,,,,,,,,,,,,,,,,,,0.3333333333333333,,0.46258333333333335,,,,,,,,8.15,24.9,,,,,,,,,,1610612739,2017,2016-17,False
101112-201567-2210-2544-2747,1610612739,"Channing Frye, Kevin Love, Richard Jefferson, LeBron James, JR Smith","Frye, Love, Jefferson, James, Smith",101112-201567-2210-2544-2747,CLE,93.0,1,2.0,4.0,4.0,4.0,4.0,,,8.0,,,,,,,,,,,,,,,,,1.0,2.0,,,1.0,2.0,,,1.0,2.0,3.0,6.0,2.0,,,,,,,,,1.0,2.0,3.0,6.0,,,,3.0,,2.0,1.0,,,,,,,,,,,,,,,3.0,,3.0,,3.0,,,,,,,,,,,,,,,,,,,,,,2.0,,,,,4.0,,,,1.0,,1.0,,,,,,,,,,6.0,6.0,4.0,,1.0,,,,0.5,,0.5,0.5,,,,0.75,,0.75,0.75,,0.75,1.0,,,,,,,,1.0,,,,1.0,,,,,,,1.0,1.0,1.0,,,,123.87096774193547,,7.25,16.0,7.25,16.0,,,,,,,,,,,,,,,,,1.0,0.5,0.5,,,,,,,,,,,,,,,1.0,0.5,1.0,0.5,0.514725,,0.514725,0.3333333333333333,1.0,,,1.0,,28.8,1.0,,,,,,,,,1610612739,2017,2016-17,False
101114-202682-202732-2210-2592,1610612739,"Deron Williams, Derrick Williams, DeAndre Liggins, Richard Jefferson, James Jones","Williams, Williams, Liggins, Jefferson, Jones",101114-202682-202732-2210-2592,CLE,92.0,1,2.0,-2.0,3.0,2.0,3.0,2.0,,5.0,,,,,,,,,,1.0,,1.0,,,,1.0,,,,,,,,1.0,,1.0,,,2.0,,,,,,,,1.0,,1.0,,,,,,,,,,,,,,,,,,,,,,,1.0,,,1.0,,1.0,,,,,,,,,,,,,,,,,,,,,,,,,,,,,,,,,,,,,,,,,,,,,3.0,,,,,,,,,,,,,,,,,,,0.5,,,,,,,,,,0.5,,0.5,,,,,,,,,,,1.0,,78.26086956521739,,20.666666666666668,15.0,20.666666666666668,11.5,,,,,,,,,0.5,,,,0.5,,,,,,,,,,,,,,,,,,,0.5,,,,0.5,,0.3888,,0.3888,,,,,,18.1,23.2,1.0,,,,,,,,,1610612739,2017,2016-17,False
101112-101114-2210-2592-2747,1610612739,"Channing Frye, Deron Williams, Richard Jefferson, James Jones, JR Smith","Frye, Williams, Jefferson, Jones, Smith",101112-101114-2210-2592-2747,CLE,91.0,1,2.0,-5.0,4.0,5.0,2.0,2.0,,9.0,,,,,,,,,,1.0,,,,,,,1.0,1.0,,,1.0,1.0,,1.0,1.0,1.0,,3.0,8.0,,,,,,,,,1.0,1.0,,3.0,,,3.0,,,1.0,1.0,,,1.0,1.0,1.0,,,,,3.0,,,,,,,,,,,,,,2.0,,,,,2.0,,,2.0,,1.0,1.0,,1.0,,,,,,,,,,,,,,,,,,,,,,,,,3.0,3.0,2.0,,,,,1.0,1.0,,1.0,1.0,,,,0.75,,1.5,0.75,,1.5,0.5,,,,,1.0,,,,,,,,,,,,,,,,,,,,142.41758241758242,,11.25,9.2,11.25,9.2,,,,,,,,,0.5,,,,,,,,0.5,1.0,1.0,1.0,,,,,,,,,,,,,,1.0,1.0,0.5,1.0,0.3967,,0.3966,,,,,1.0,20.6,25.1,0.5,,,,,,,,,1610612739,2017,2016-17,False
101112-1627770-201567-202732-203895,1610612739,"Channing Frye, Kay Felder, Kevin Love, DeAndre Liggins, Jordan McRae","Frye, Felder, Love, Liggins, McRae",101112-1627770-201567-202732-203895,CLE,91.0,1,2.0,,3.0,3.0,,3.0,,6.0,,,,,,,,,1.0,1.0,,1.0,,,,,,,,,,,1.0,1.0,,1.0,,2.0,2.0,,,,,,,,,,,,,2.0,,,,,,,,1.0,,1.0,,,,,1.0,2.0,,,,1.0,1.0,,2.0,,2.0,,,,,,,,1.0,,,,1.0,1.0,,,,,,,,,,,,,,,,,,,,,,,,,,,,,,2.0,,,,,1.0,1.0,,,,,,1.0,,,0.5,,,0.5,,,0.5,,,,,,,,1.0,,1.0,,1.0,,,,,,,,,1.0,1.0,,,94.94505494505495,,14.666666666666666,15.666666666666666,14.666666666666666,15.666666666666666,,,,,,,,,0.5,1.0,1.0,1.0,0.5,,,,,,,,,,,,,,,,,,,,,,,0.5,,0.492325,,,,,,,,18.9,24.5,,,,,,,,,,1610612739,2017,2016-17,False
101112-202684-202732-2210-2594,1610612739,"Channing Frye, Tristan Thompson, DeAndre Liggins, Richard Jefferson, Kyle Korver","Frye, Thompson, Liggins, Jefferson, Korver",101112-202684-202732-2210-2594,CLE,91.0,1,2.0,,4.0,4.0,4.0,3.0,,8.0,,1.0,,,,1.0,,,,1.0,,,,,,,,1.0,,,,1.0,,2.0,,1.0,2.0,2.0,2.0,,,,,,,,2.0,,1.0,2.0,2.0,,,,,,1.0,,1.0,,,,,,,,,,,,,,2.0,,2.0,,2.0,,1.0,,1.0,,,,,,,,,,,,,,1.0,,,,1.0,,,,,2.0,,,,,,1.0,,,,,,,,,,2.0,2.0,4.0,,1.0,,,,,,,,,,,,,,0.25,,0.25,0.3333333333333333,0.5,1.0,,,,,,1.0,,,,1.0,,,,,,,1.0,,1.0,,,,126.5934065934066,,9.25,13.5,9.25,13.5,0.3333333333333333,,,,,,,,0.3333333333333333,,,,,,,,0.3333333333333333,,,,,,,,,,,,,0.3333333333333333,,,,0.3333333333333333,,0.6666666666666666,,0.5363,,0.5363,,,,,1.0,8.35,25.0,1.0,,,,,,,,,1610612739,2017,2016-17,False
101112-202681-202697-203895-2594,1610612739,"Channing Frye, Kyrie Irving, Iman Shumpert, Jordan McRae, Kyle Korver","Frye, Irving, Shumpert, McRae, Korver",101112-202681-202697-203895-2594,CLE,90.0,1,2.0,5.0,3.0,4.0,2.0,,1.0,7.0,1.0,1.0,,,1.0,1.0,,,,,,,,,,,,1.0,,,,,1.0,1.0,,1.0,3.0,5.0,,,,,,,,1.0,1.0,,,3.0,5.0,,2.0,,,,1.0,,,,,,,,,,,,1.0,,,2.0,1.0,,3.0,1.0,4.0,,,,,1.0,,,,,1.0,,,1.0,1.0,,,,,,,,1.0,,,,,3.0,,,,,1.0,,,,,,,,,,,5.0,5.0,2.0,,,,,,,,,,1.0,,1.0,0.5,,1.0,0.8333333333333334,,1.25,0.5,,,,,1.0,,,1.0,,1.0,1.0,1.0,1.0,,,,1.0,,,1.0,,1.0,,,112.0,,9.0,15.75,8.0,15.75,0.5,1.0,1.0,,,,,,,,,,,,,,0.5,,,,,,,,,,,,,1.0,1.0,,,,,1.0,,0.623625,,0.6984,0.3333333333333333,,0.5,,1.0,0.9,24.5,0.6666666666666666,,,,,,,,,1610612739,2017,2016-17,False
101112-101114-2210-2544-2592,1610612739,"Channing Frye, Deron Williams, Richard Jefferson, LeBron James, James Jones","Frye, Williams, Jefferson, James, Jones",101112-101114-2210-2544-2592,CLE,89.0,1,1.0,-1.0,4.0,4.0,4.0,4.0,2.0,8.0,,2.0,,1.0,,2.0,,,,,,,,,,,,1.0,,,,1.0,,2.0,,1.0,2.0,2.0,3.0,,1.0,,,,,,2.0,,1.0,2.0,2.0,,,,,,1.0,,,,,,,,,,,,1.0,,,,1.0,,1.0,1.0,2.0,,1.0,1.0,,,,,,,,,,,,,,,,,,,2.0,,,1.0,,2.0,,,,1.0,,,,,,,,,,,,2.0,2.0,4.0,,,,,,,,,,,,,,,,0.25,,0.25,0.3333333333333333,,,,,,,,1.0,,,1.0,1.0,0.3333333333333333,,,,1.0,,,1.0,,,,,129.43820224719101,,9.25,13.0,8.75,13.0,0.6666666666666666,,,,,,,,,,,,,,,,0.3333333333333333,,,,1.0,,,,,,,,,0.6666666666666666,,,,0.3333333333333333,,1.0,,0.6226333333333333,,0.6226333333333333,0.25,0.3333333333333333,,,1.0,1.15,24.9,1.0,,,,,,,,,1610612739,2017,2016-17,False
101114-202682-202684-2544-2594,1610612739,"Deron Williams, Derrick Williams, Tristan Thompson, LeBron James, Kyle Korver","Williams, Williams, Thompson, James, Korver",101114-202682-202684-2544-2594,CLE,89.0,1,1.0,2.0,4.0,3.0,,3.0,1.0,7.0,2.0,4.0,1.0,2.0,,,,,,,,,,,,,,,,,,,2.0,4.0,,,,4.0,2.0,1.0,2.0,,,,2.0,,,,,,,2.0,2.0,,,2.0,,,1.0,1.0,,1.0,,,1.0,,,2.0,,2.0,,,1.0,,1.0,2.0,3.0,1.0,,,,2.0,,2.0,,,,,,2.0,,,,,,,,,,,,,,,,,,,,,,,,,,,,,,2.0,,,,,0.5,1.0,,,,,,0.5,0.5,,0.5,0.5,,0.5,0.5,,,0.25,0.25,,,1.0,,,1.0,1.0,,,1.0,1.0,1.0,,,,,1.0,,,,,1.0,113.25842696629213,,13.0,12.333333333333334,12.25,12.333333333333334,1.0,0.5,0.6666666666666666,0.5,,,,,,,,,,,,,,,,,1.0,0.5,,,,,,,,,,,,,,1.0,,0.516075,0.53835,,,,,0.5,,2.1,,,,,,,,,,,1610612739,2017,2016-17,False
201567-202681-202697-2544-2592,1610612739,"Kevin Love, Kyrie Irving, Iman Shumpert, LeBron James, James Jones","Love, Irving, Shumpert, James, Jones",201567-202681-202697-2544-2592,CLE,89.0,1,1.0,1.0,2.0,3.0,,3.0,,5.0,1.0,1.0,,,,,,,,,1.0,1.0,,,,,,,,,,,1.0,1.0,1.0,1.0,,5.0,4.0,,,,,,,,,,,,,,2.0,3.0,,,,,,,1.0,1.0,,1.0,,,,3.0,,,,,1.0,,1.0,,1.0,,,,,,,,,,,,,,,,,,,,,,1.0,,,,,,,,,,,,,,,,,,,,,5.0,,,,,,,1.0,1.0,,,1.0,1.0,,,1.25,,,1.25,,,0.5,,,,,,,,1.0,,,,1.0,,,,,,,,1.0,,,,,80.89887640449437,,16.0,19.0,16.0,19.0,0.5,1.0,1.0,,,,,,,,,,0.5,1.0,1.0,1.0,,,,,,,,,,,,,,,,,,,,1.0,,0.617375,,,,,,,,1.1,24.6,,,,,,,,,,1610612739,2017,2016-17,False
101114-201567-202681-2544-2747,1610612739,"Deron Williams, Kevin Love, Kyrie Irving, LeBron James, JR Smith","Williams, Love, Irving, James, Smith",101114-201567-202681-2544-2747,CLE,88.0,2,1.0,,3.0,3.0,1.0,,,6.0,,,,,,,1.0,1.0,,1.0,,,,,,,,1.0,,,,,1.0,2.0,,1.0,,2.0,2.0,,,,,,,1.0,1.0,,,,2.0,2.0,,,,,1.0,,,1.0,,1.0,,,,1.0,,2.0,,,,,1.0,,1.0,,1.0,,,,,,,,,,,,,,,,,,,,,,,,,,,,,,,,,,,,,,,,,,,2.0,2.0,1.0,,,1.0,1.0,,,,,,0.5,,1.0,0.3333333333333333,,1.0,0.3333333333333333,,1.0,0.3333333333333333,,,,,,,,1.0,,,,1.0,,,,,,,,,1.0,,,,98.18181818181819,,15.333333333333334,14.0,15.333333333333334,14.0,,,,,0.3333333333333333,1.0,1.0,1.0,0.3333333333333333,,,,,,,,0.3333333333333333,,,,,,,,,,,,,,,,,,,0.3333333333333333,,0.38998333333333335,,0.2555,,,,,1.0,14.25,25.6,0.3333333333333333,,,,,,,,,1610612739,2017,2016-17,False
101112-201567-202681-202732-203895,1610612739,"Channing Frye, Kevin Love, Kyrie Irving, DeAndre Liggins, Jordan McRae","Frye, Love, Irving, Liggins, McRae",101112-201567-202681-202732-203895,CLE,86.0,1,1.0,-6.0,3.0,3.0,,1.0,,6.0,,1.0,,,,,,,,,,,,,,,,1.0,,,,,,1.0,,1.0,,,6.0,,,,,,,,,,,,,,,,,,1.0,,,,,,,,,,,,,,,,,,,,,,,,,,,,1.0,,,,,1.0,,,,,1.0,,,1.0,,,,,,,,,,,,,,,,,,,,,,,,,,,,,,,,,,,,,,,,,,,0.5,,,,,,,,,,,,,,,,,,,,,,,,,100.46511627906976,,17.333333333333332,11.333333333333334,17.333333333333332,11.333333333333334,0.5,,,,,,,,,,,,,,,,0.5,,,,,,,,,,,,,,,,,,,1.0,,0.4528,,,,,,,,3.0,26.9,,,,,,,,,,1610612739,2017,2016-17,False
202682-202732-2210-2592-2747,1610612739,"Derrick Williams, DeAndre Liggins, Richard Jefferson, James Jones, JR Smith","Williams, Liggins, Jefferson, Jones, Smith",202682-202732-2210-2592-2747,CLE,86.0,1,1.0,-2.0,2.0,2.0,,,,4.0,,,,,,,,,,1.0,,,,,,,,1.0,,,,,,1.0,,1.0,,,2.0,,,,,,,,,,,,,,,,,,1.0,,,,,,,,,,,,,,,1.0,1.0,,2.0,,2.0,,,,,,,,,,,,,,,,1.0,,1.0,,,,,,,,,,,,,,,,,,,,,,,,,,,,,,,,,,,,,,,,,,,,,,0.5,,,,,,,,1.0,,1.0,,1.0,,,,,,,,1.0,,1.0,,,66.97674418604652,,15.0,28.0,15.0,28.0,,,,,,,,,0.5,,,,,,,,0.5,,,,,,,,,,,,,,,,,,,0.5,,0.46585,,,,,,,,21.9,24.3,,,,,,,,,,1610612739,2017,2016-17,False
101112-201567-202732-2210-2594,1610612739,"Channing Frye, Kevin Love, DeAndre Liggins, Richard Jefferson, Kyle Korver","Frye, Love, Liggins, Jefferson, Korver",101112-201567-202732-2210-2594,CLE,84.0,1,1.0,2.0,2.0,3.0,2.0,1.0,1.0,5.0,1.0,2.0,,1.0,1.0,2.0,,,,1.0,,,,,,,,,,,,,1.0,3.0,,,,2.0,,,1.0,,,,,1.0,3.0,,,,2.0,2.0,,,,,,,,1.0,,1.0,,,1.0,,,2.0,,1.0,,1.0,1.0,,2.0,1.0,3.0,,,,,,,,,,,,,,,,,,1.0,,,,,,,,,,,,,,,,,,,,,,,,,2.0,2.0,2.0,,,1.0,1.0,,,,,,0.3333333333333333,,0.3333333333333333,0.3333333333333333,,0.3333333333333333,0.3333333333333333,,0.3333333333333333,,,,,,,,,1.0,0.5,1.0,,1.0,0.5,,,1.0,,,,,1.0,1.0,,,85.71428571428572,,17.0,16.666666666666668,15.5,16.666666666666668,0.6666666666666666,0.5,0.5,1.0,,,,,0.3333333333333333,,,,,,,,,,,,1.0,,,,,,,,,0.6666666666666666,0.5,,,,,0.6666666666666666,,0.5994333333333334,0.5509,0.5994333333333334,,,,,1.0,7.8,,1.0,,,,,,,,,1610612739,2017,2016-17,False
101112-1627770-201567-202697-2399,1610612739,"Channing Frye, Kay Felder, Kevin Love, Iman Shumpert, Mike Dunleavy","Frye, Felder, Love, Shumpert, Dunleavy",101112-1627770-201567-202697-2399,CLE,82.0,1,1.0,,3.0,3.0,,3.0,,6.0,,,,,,,,,,1.0,,,,,,,,1.0,,,,,,1.0,,1.0,,,,,,,,,,,,,,,,,,,,,1.0,,,,,,,,,,,,,,,,2.0,,2.0,,2.0,,,,,,1.0,,1.0,,,,,1.0,,,,,,,,,1.0,,,1.0,,,,,,,,,,,,,,,,,,,,,,,,,,,,,,,,,,,,,,,0.5,,,,,,,,1.0,,,,1.0,,,,,,,1.0,1.0,,,,,105.36585365853658,,15.333333333333334,12.0,15.333333333333334,12.0,,,,,,,,,0.5,,,,,,,,0.5,,,,,,,,,,,,,,,,,,,0.5,,0.4747,,,,,,,,16.8,24.2,,,,,,,,,,1610612739,2017,2016-17,False
1627770-202697-202732-203895-2592,1610612739,"Kay Felder, Iman Shumpert, DeAndre Liggins, Jordan McRae, James Jones","Felder, Shumpert, Liggins, McRae, Jones",1627770-202697-202732-203895-2592,CLE,82.0,2,1.0,-2.0,2.0,4.0,2.0,4.0,,6.0,,1.0,,,,1.0,,,,1.0,,,,,,,,,,,,,,2.0,,,,,2.0,,,,,,,,2.0,,,,,,,,,,,,,,,,,,,,,,,,,,1.0,,1.0,,1.0,,,,,,,,,,,,,,,,,,,,,,,,,,,,,,,,,,,,,,,,,,,,,2.0,,,,,,,,,,,,,,,,,,,,,,,,,,,1.0,,,,1.0,,,,,,,1.0,,,,,,105.36585365853658,,9.5,15.75,9.5,15.25,0.5,,,,,,,,0.5,,,,,,,,,,,,,,,,,,,,,0.5,,,,,,0.5,,0.46365,,0.46365,,,,,,9.35,,1.0,,,,,,,,,1610612739,2017,2016-17,False
202684-202697-2210-2544-2594,1610612739,"Tristan Thompson, Iman Shumpert, Richard Jefferson, LeBron James, Kyle Korver","Thompson, Shumpert, Jefferson, James, Korver",202684-202697-2210-2544-2594,CLE,82.0,2,1.0,4.0,2.0,3.0,,,,5.0,1.0,1.0,,,,,,,1.0,1.0,,,,,,,,,,,,,2.0,2.0,,,,4.0,,,,,,,,,,,,,,2.0,2.0,,,,,,,1.0,,1.0,,,1.0,,,2.0,,,,1.0,2.0,,3.0,,3.0,,,,,,,,,,,,,,,,,,1.0,,,,,,,,,,,,,,,,,,,,,,,,,4.0,,,,,0.5,0.5,,,,,,1.0,,,1.0,,,1.0,,,,,,,,,,,0.3333333333333333,,1.0,,0.42857142857142855,,,,,,,0.2,,1.0,1.0,,,87.80487804878048,,15.0,17.333333333333332,15.0,13.666666666666666,0.5,1.0,1.0,1.0,,,,,0.5,1.0,1.0,,,,,,,,,,,,,,,,,,,,,,,,,0.5,,0.6498,,,,,,,,10.75,,,,,,,,,,,1610612739,2017,2016-17,False
101112-202732-203895-2544-2592,1610612739,"Channing Frye, DeAndre Liggins, Jordan McRae, LeBron James, James Jones","Frye, Liggins, McRae, James, Jones",101112-202732-203895-2544-2592,CLE,81.0,1,1.0,2.0,3.0,3.0,3.0,,1.0,6.0,1.0,2.0,,,1.0,2.0,,,,,,,,,,,,,,,,,1.0,2.0,,,2.0,4.0,2.0,,,,,2.0,2.0,1.0,2.0,,,2.0,4.0,,2.0,,,,,,1.0,,,,,,,,,,,1.0,,,2.0,,2.0,1.0,3.0,,,,,1.0,,1.0,,,,,,1.0,,1.0,,,,,,,1.0,,,,,2.0,,,,,,1.0,,,,,,,,,,2.0,4.0,3.0,,1.0,,,,,,,,0.5,,0.5,0.5,,0.5,0.6666666666666666,1.0,0.6666666666666666,,0.5,0.5,,,1.0,,,1.0,1.0,,,1.0,1.0,1.0,,,,,,,1.0,,,,106.66666666666666,,12.666666666666666,14.333333333333334,10.0,14.333333333333334,1.0,0.5,1.0,,,,,,,,,,,,,,,,,,,,,,,,,,,1.0,0.5,,,,,1.0,,0.40965,,0.40965,,,,0.5,1.0,3.15,,1.0,,,,,,,,,1610612739,2017,2016-17,False
101112-202684-202697-202732-2544,1610612739,"Channing Frye, Tristan Thompson, Iman Shumpert, DeAndre Liggins, LeBron James","Frye, Thompson, Shumpert, Liggins, James",101112-202684-202697-202732-2544,CLE,80.0,1,1.0,3.0,3.0,4.0,3.0,,,7.0,,,,,,,,,,,,,,,,,1.0,1.0,,,1.0,1.0,,,1.0,1.0,,3.0,,,,,,,,,,1.0,1.0,,3.0,,,3.0,,,1.0,1.0,,,1.0,1.0,1.0,,,,,3.0,,,,1.0,2.0,,3.0,,3.0,,,,,,2.0,,2.0,,,,,2.0,,2.0,,,,,,,,,,,,,,,,,,,,,,,,,,,,3.0,3.0,3.0,,,,,1.0,1.0,,1.0,1.0,,,,1.5,,1.5,1.5,,1.5,1.0,,,,,,,,1.0,,1.0,,1.0,,,,,,,,1.0,1.0,1.0,,,126.0,,11.666666666666666,11.25,11.666666666666666,11.25,,,,,,,,,,,,,,,,,1.0,1.0,1.0,1.0,,,,,,,,,,,,,,1.0,1.0,1.0,1.0,0.4563,,0.4563,,,,,1.0,,25.4,1.0,,,,,,,,,1610612739,2017,2016-17,False
101112-202684-202697-202732-2594,1610612739,"Channing Frye, Tristan Thompson, Iman Shumpert, DeAndre Liggins, Kyle Korver","Frye, Thompson, Shumpert, Liggins, Korver",101112-202684-202697-202732-2594,CLE,80.0,1,1.0,-3.0,3.0,2.0,2.0,,1.0,5.0,,,,,,,,,,2.0,,,,,,,1.0,2.0,,,,1.0,,2.0,1.0,2.0,,3.0,6.0,,1.0,,,,,,2.0,,1.0,,,,,3.0,,,2.0,1.0,,,1.0,1.0,1.0,,,,,3.0,,1.0,,,,,,1.0,1.0,,,,,,,,,,,,,,,,1.0,,1.0,,,,1.0,,,,,,,,,,,,,,,,,,,,,3.0,,2.0,,,,,1.0,0.5,,,0.5,,,,0.375,,,0.375,,,0.5,,,,,,,,,0.5,,,,0.3333333333333333,,,0.5,,,,,,,,,90.0,,17.0,14.5,13.666666666666666,14.5,,,,,,,,,0.5,,,,,,,,0.5,0.5,0.5,1.0,,,,,,,,,,,,,,0.3333333333333333,,0.5,0.5,0.4745625,0.4081,0.4633,,,,,,18.35,24.25,0.6666666666666666,,,,,,,,,1610612739,2017,2016-17,False
1627770-202684-203895-2210-2544,1610612739,"Kay Felder, Tristan Thompson, Jordan McRae, Richard Jefferson, LeBron James","Felder, Thompson, McRae, Jefferson, James",1627770-202684-203895-2210-2544,CLE,79.0,1,1.0,-4.0,2.0,3.0,2.0,3.0,1.0,5.0,,3.0,,1.0,,3.0,,,,,,,,,,,,,,,,,,3.0,,,,,4.0,,1.0,,,,,,3.0,,,,,,,,,,,,,,,,,,,,,,,1.0,,,,,,1.0,1.0,1.0,,,,,,,,,,,,,,,,,,,,,,,,,,,,,,,,,,,,,,,,,,,,2.0,,,,,,,,,,,,,,,,,,,,,,,,,,,,0.3333333333333333,,,,0.3333333333333333,0.3333333333333333,,,,,,,,,,0.3333333333333333,91.13924050632912,,16.0,15.666666666666666,16.0,15.666666666666666,1.0,,,,,,,,,,,,,,,,,,,,1.0,,,,,,,,,1.0,,,,,,1.0,,0.5784333333333334,0.6153,0.5784333333333334,,,,,,1.6333333333333335,,1.0,,,,,,,,,1610612739,2017,2016-17,False
101112-202681-202682-203895-2544,1610612739,"Channing Frye, Kyrie Irving, Derrick Williams, Jordan McRae, LeBron James","Frye, Irving, Williams, McRae, James",101112-202681-202682-203895-2544,CLE,78.0,1,1.0,,3.0,3.0,3.0,,,6.0,,1.0,,,,1.0,,,,1.0,,,,,,,1.0,1.0,,,1.0,1.0,,2.0,1.0,1.0,,3.0,3.0,,,,,,,,2.0,1.0,1.0,,3.0,,,3.0,,,1.0,1.0,1.0,,1.0,1.0,1.0,,,,,3.0,,,,1.0,1.0,,2.0,,2.0,,,,,,,,,,,,,,,,,,1.0,,,,,,,,,,,,,,,,,,,,,,,,,3.0,3.0,3.0,,,,,1.0,1.0,,1.0,1.0,,,,0.5,,0.5,0.5,,0.5,0.3333333333333333,0.5,1.0,,,,,,1.0,,1.0,,1.0,,,,,,,,,1.0,1.0,,,110.76923076923076,,9.666666666666666,16.333333333333332,9.666666666666666,16.333333333333332,0.3333333333333333,,,,,,,,0.3333333333333333,,,,,,,,0.3333333333333333,1.0,1.0,1.0,,,,,,,,,,0.3333333333333333,,,,0.3333333333333333,1.0,0.6666666666666666,1.0,0.5531,,0.5531,,,,,1.0,7.8,24.2,1.0,,,,,,,,,1610612739,2017,2016-17,False
101114-201567-202681-2544-2594,1610612739,"Deron Williams, Kevin Love, Kyrie Irving, LeBron James, Kyle Korver","Williams, Love, Irving, James, Korver",101114-201567-202681-2544-2594,CLE,78.0,2,1.0,-1.0,3.0,3.0,1.0,1.0,,6.0,1.0,1.0,,,1.0,1.0,,,,,,,,,,,,,,,,,1.0,1.0,,,,2.0,3.0,,,,,,,1.0,1.0,,,,2.0,,2.0,,,,,,,,,,,,,,,,,,,1.0,,,1.0,,1.0,,,,,1.0,,1.0,,,,,,1.0,,,1.0,,1.0,,,,,,,,,,,,,,,,,,,,,,,,,2.0,2.0,1.0,,,,,,,,,,1.0,,1.0,1.0,,1.0,1.0,,1.0,,,,,,1.0,,,,,1.0,,1.0,,,,,,,,,,1.0,,,110.76923076923076,,13.333333333333334,12.666666666666666,13.333333333333334,12.666666666666666,1.0,1.0,1.0,,,,,,,,,,,,,,,,,,,,,,,,,,,1.0,1.0,,,,,1.0,,0.6174,,0.6174,,,,,1.0,1.4,,0.3333333333333333,,,,,,,,,1610612739,2017,2016-17,False
101112-101114-202682-202732-2210,1610612739,"Channing Frye, Deron Williams, Derrick Williams, DeAndre Liggins, Richard Jefferson","Frye, Williams, Williams, Liggins, Jefferson",101112-101114-202682-202732-2210,CLE,76.0,1,1.0,,2.0,3.0,,,,5.0,1.0,1.0,,,,,,,,,,,,,,,,,,,,,1.0,1.0,,,,2.0,2.0,,,,,,,,,,,,,,2.0,,,,,,,,,,,,,,,,,,,2.0,,,2.0,,2.0,,,,,1.0,,1.0,,,,,,1.0,,,,,,,,,,,,,,,,,,,,,,,,,,,,,,2.0,,,,,,,,,,,,1.0,,,1.0,,,1.0,,,,,,,,1.0,,,,,1.0,,1.0,,,,,,,,,,1.0,,,94.73684210526316,,5.5,21.666666666666668,5.5,21.666666666666668,1.0,1.0,1.0,,,,,,,,,,,,,,,,,,,,,,,,,,,,,,,,,1.0,,0.6178,,,,,,,,1.7,,,,,,,,,,,1610612739,2017,2016-17,False
101112-202697-203895-2210-2592,1610612739,"Channing Frye, Iman Shumpert, Jordan McRae, Richard Jefferson, James Jones","Frye, Shumpert, McRae, Jefferson, Jones",101112-202697-203895-2210-2592,CLE,75.0,1,1.0,-1.0,2.0,2.0,2.0,,,4.0,,1.0,,,,1.0,,,1.0,1.0,,,,,,,,,,,,,1.0,2.0,,,,2.0,3.0,,,,,,,1.0,2.0,,,,2.0,,2.0,,,,,,,,,,,,,,,,,,,,,,,,,,,,,,,,,,,,,,,,,,,,,,,,,,,,,,,,,,,,,,,,,,,2.0,2.0,2.0,,,,,,,,,,0.5,,0.5,0.5,,0.5,0.5,,0.5,,,,,,,,,,,,,,,,,,,,,,,,,,76.8,,20.0,17.5,20.0,17.5,0.5,,,,,,,,0.5,1.0,1.0,,,,,,,,,,,,,,,,,,,0.5,,,,,,0.5,,0.5284,,0.5284,,,,,1.0,9.3,,1.0,,,,,,,,,1610612739,2017,2016-17,False
1627770-202336-2210-2594-2747,1610612739,"Kay Felder, Larry Sanders, Richard Jefferson, Kyle Korver, JR Smith","Felder, Sanders, Jefferson, Korver, Smith",1627770-202336-2210-2594-2747,CLE,71.0,1,1.0,-2.0,3.0,3.0,,,1.0,6.0,1.0,3.0,1.0,2.0,,,,,,,,,,,,,,,,,,,1.0,3.0,,,,2.0,4.0,1.0,2.0,,,,2.0,,,,,,,,2.0,,,2.0,,,1.0,,,,,,,,,,,2.0,,,,,,2.0,2.0,1.0,1.0,,1.0,1.0,,1.0,1.0,1.0,,,,2.0,,,1.0,,1.0,,,,,,,,,,,,,,,,,,,,,,,,,,,,,,,,,,,,,0.3333333333333333,0.5,,0.3333333333333333,0.5,,0.3333333333333333,0.5,,,0.3333333333333333,0.3333333333333333,,,0.5,,,,1.0,,,,1.0,1.0,,,,,,,,,,1.0,121.69014084507042,,15.333333333333334,8.333333333333334,14.333333333333334,8.333333333333334,1.0,0.3333333333333333,0.5,,,,,,,,,,,,,,,,,,1.0,0.5,,,,,,,,,,,,,,1.0,,0.6351,0.5454,,,,,1.0,,1.5,,,,,,,,,,,1610612739,2017,2016-17,False
201567-202681-202697-202732-2544,1610612739,"Kevin Love, Kyrie Irving, Iman Shumpert, DeAndre Liggins, LeBron James","Love, Irving, Shumpert, Liggins, James",201567-202681-202697-202732-2544,CLE,71.0,1,1.0,-3.0,3.0,3.0,3.0,,,6.0,,1.0,,,,1.0,,,,,,,,,,,,,,,,,,1.0,,,2.0,2.0,5.0,,,,,,,,1.0,,,2.0,2.0,,,,,,,,1.0,,,,,,,,,,,,,1.0,,,1.0,,1.0,,,,,,,,1.0,,,,,1.0,,1.0,,,1.0,,,1.0,1.0,,,,,2.0,,,,,,1.0,,,,,,,,,,2.0,2.0,3.0,,1.0,,,,,,,,,,,,,,0.5,,0.5,,1.0,1.0,,,,,,,,1.0,,1.0,,,,,,,,,,1.0,,,121.69014084507042,,11.666666666666666,12.0,11.666666666666666,12.0,1.0,,,,,,,,,,,,,,,,,,,,,,,,,,,,,1.0,,,,,,1.0,,0.5329,,0.5329,,,,,1.0,1.9,,1.0,,,,,,,,,1610612739,2017,2016-17,False
101112-202681-202732-203895-2365,1610612739,"Channing Frye, Kyrie Irving, DeAndre Liggins, Jordan McRae, Chris Andersen","Frye, Irving, Liggins, McRae, Andersen",101112-202681-202732-203895-2365,CLE,70.0,1,1.0,,2.0,2.0,,,,4.0,1.0,1.0,,,,,,,,,,,,,,,,,,,,,1.0,1.0,,,,2.0,2.0,,,,,,,,,,,,,2.0,,,,,,,,1.0,,1.0,,,1.0,,,2.0,,,,,1.0,,1.0,,1.0,,,,,,,,1.0,,,,,1.0,,,,,1.0,1.0,,,,,,,,,,,,,,,1.0,,,1.0,,1.0,1.0,,,2.0,,,,,1.0,1.0,,,,,,1.0,,,1.0,,,1.0,,,,,,,,,,,1.0,,,,1.0,,,,,,,1.0,,,,,,82.28571428571428,1.0,15.0,20.0,15.0,20.0,1.0,1.0,1.0,1.0,,,,,,,,,,,,,,,,,,,,,,,,,,,,,,,,1.0,,0.6206,,,,,,,,1.1,,,,,,,,,,,1610612739,2017,2016-17,False
101112-202681-2544-2594-2747,1610612739,"Channing Frye, Kyrie Irving, LeBron James, Kyle Korver, JR Smith","Frye, Irving, James, Korver, Smith",101112-202681-2544-2594-2747,CLE,70.0,1,1.0,-2.0,2.0,3.0,,,,5.0,1.0,1.0,,,,,,,,,,1.0,,,,,,,,,,,1.0,1.0,,1.0,,2.0,4.0,,,,,,,,,,,,,2.0,,,,,,,,1.0,,1.0,,,1.0,,,2.0,,,,1.0,,,1.0,,1.0,,,,,,,,,,,,,,,,,,,,,,,,,,,,,,,,,,,,,,,,,,,2.0,,,,,1.0,1.0,,,,,,1.0,,,0.5,,,0.5,,,0.5,,,,,,,,,,1.0,,1.0,,,,,,,,,,1.0,,,102.85714285714285,,20.5,9.666666666666666,20.5,8.333333333333334,0.5,1.0,1.0,1.0,,,,,,,,,0.5,,,,,,,,,,,,,,,,,,,,,,,1.0,,0.7314,,,,,,,,0.1,23.6,,,,,,,,,,1610612739,2017,2016-17,False
101114-202684-2210-2544-2747,1610612739,"Deron Williams, Tristan Thompson, Richard Jefferson, LeBron James, JR Smith","Williams, Thompson, Jefferson, James, Smith",101114-202684-2210-2544-2747,CLE,70.0,1,1.0,2.0,4.0,4.0,2.0,4.0,,8.0,1.0,1.0,,,,,,,,1.0,,,,,,,,,,,,,1.0,2.0,,,,2.0,,,,,,,,,1.0,,,,,,2.0,,,,,,,,,,,,,,,,,,,2.0,1.0,,3.0,,3.0,,1.0,1.0,,,,,,,,,,,,,,,,,,,1.0,,,,,2.0,,,,1.0,,,,,,,,,,,,2.0,,2.0,,,,,,,,,,0.5,,,0.5,,,0.3333333333333333,,,,,,,,,,,1.0,,1.0,,1.0,,,,,,,1.0,,,1.0,,,164.57142857142856,,12.75,4.75,12.75,4.75,0.5,1.0,1.0,,,,,,0.5,,,,,,,,,,,,,,,,,,,,,,,,,,,0.5,,0.50125,,0.2266,0.3333333333333333,0.3333333333333333,,,,9.6,,0.5,,,,,,,,,1610612739,2017,2016-17,False
201567-202681-202732-2544-2594,1610612739,"Kevin Love, Kyrie Irving, DeAndre Liggins, LeBron James, Kyle Korver","Love, Irving, Liggins, James, Korver",201567-202681-202732-2544-2594,CLE,70.0,1,1.0,3.0,3.0,3.0,3.0,3.0,1.0,6.0,1.0,2.0,1.0,1.0,1.0,2.0,,,,,,,,,,,1.0,1.0,,,1.0,1.0,1.0,2.0,1.0,1.0,,5.0,2.0,1.0,1.0,,,,2.0,1.0,2.0,1.0,1.0,,5.0,2.0,,3.0,,,1.0,1.0,1.0,1.0,1.0,2.0,1.0,,1.0,,,5.0,,1.0,,,2.0,,2.0,1.0,3.0,,,,,1.0,,1.0,,,,,,1.0,,1.0,,,1.0,,,,,,,,,,,,,,,,1.0,,,1.0,,1.0,1.0,,,3.0,5.0,3.0,1.0,,1.0,1.0,1.0,1.0,,1.0,1.0,0.5,1.0,0.5,0.8333333333333334,1.0,0.8333333333333334,0.8333333333333334,1.0,0.8333333333333334,0.3333333333333333,0.5,0.5,,,1.0,,,1.0,1.0,,,1.0,1.0,1.0,,,,,1.0,,1.0,,,,123.42857142857142,1.0,12.666666666666666,10.666666666666666,8.0,10.666666666666666,0.6666666666666666,0.5,1.0,1.0,,,,,,,,,,,,,0.3333333333333333,1.0,1.0,1.0,1.0,1.0,1.0,,,,,,,0.6666666666666666,0.5,,,0.3333333333333333,1.0,1.0,1.0,0.52535,0.5667,0.52535,,,,0.4,1.0,2.5,25.7,1.0,,,,,,,,,1610612739,2017,2016-17,False
201567-202684-202697-203895-2399,1610612739,"Kevin Love, Tristan Thompson, Iman Shumpert, Jordan McRae, Mike Dunleavy","Love, Thompson, Shumpert, McRae, Dunleavy",201567-202684-202697-203895-2399,CLE,70.0,1,1.0,,2.0,3.0,2.0,3.0,,5.0,,,,,,,,2.0,,,,,,,,,,,,,,,,2.0,,,,,,,,,,,,,2.0,,,,,,,,,,,,,,,,,,,,,,,,,1.0,1.0,,2.0,,2.0,,,,,,,,,,,,,,,,,,,,,,,,,,,,,,,,,,1.0,,,1.0,,1.0,1.0,,,,,2.0,,,,,,,,,,,,,,,,,,,,,,,,,,,1.0,,1.0,,1.0,,,,,,,1.0,,,1.0,,,102.85714285714285,1.0,18.5,11.0,18.5,11.0,,,,,1.0,,,,,,,,,,,,,,,,,,,,,,,,,,,,,,,,,0.37365,,0.37365,,,,,,7.35,,1.0,,,,,,,,,1610612739,2017,2016-17,False
201567-202684-202732-2210-2399,1610612739,"Kevin Love, Tristan Thompson, DeAndre Liggins, Richard Jefferson, Mike Dunleavy","Love, Thompson, Liggins, Jefferson, Dunleavy",201567-202684-202732-2210-2399,CLE,70.0,1,1.0,4.0,2.0,2.0,2.0,,,4.0,1.0,1.0,,,1.0,1.0,,,,,,,,,,,1.0,1.0,,,1.0,1.0,1.0,1.0,1.0,1.0,1.0,6.0,2.0,,,,,,,1.0,1.0,1.0,1.0,1.0,6.0,2.0,,,3.0,,1.0,1.0,,1.0,,1.0,,,1.0,,,2.0,,,,1.0,,,1.0,,1.0,,,,,,,,,,,,,,,,,,,,,,1.0,,,,,1.0,1.0,,,1.0,,,,,,,,,,,,6.0,6.0,2.0,,,1.0,1.0,,1.0,,1.0,1.0,1.0,,1.0,1.25,,1.25,1.5,,1.5,0.5,,,,,,,,,,1.0,,1.0,,,,,,,,,,1.0,,,82.28571428571428,,20.0,15.0,20.0,15.0,0.5,1.0,1.0,1.0,,,,,,,,,,,,,0.5,1.0,1.0,,,,,,,,,,,0.5,1.0,,,0.5,1.0,1.0,1.0,0.5964,,0.5964,0.5,1.0,,,1.0,0.6,25.8,1.0,,,,,,,,,1610612739,2017,2016-17,False
201567-202681-2365-2544-2747,1610612739,"Kevin Love, Kyrie Irving, Chris Andersen, LeBron James, JR Smith","Love, Irving, Andersen, James, Smith",201567-202681-2365-2544-2747,CLE,69.0,1,1.0,2.0,2.0,2.0,,,,4.0,,,,,,,,,,,1.0,1.0,,,,,,,,,,,,,1.0,1.0,2.0,5.0,3.0,,,,,,,,,,,,,,,3.0,,,,,,,1.0,1.0,,1.0,,,,3.0,,,,,1.0,,1.0,,1.0,,,,,,,,,,,,,,,,,,,,,,1.0,,,,,2.0,,,,1.0,,,,,,,,,,,,5.0,,,,,,,1.0,1.0,,,1.0,,,,1.5,,,1.25,,,1.0,,,,,,,,1.0,,,,1.0,,,,,,,,,1.0,,,,83.47826086956522,,19.5,15.0,19.5,15.0,,,,,,,,,,,,,1.0,1.0,1.0,1.0,,,,,,,,,,,,,,,,,,,,1.0,,0.5556,,,0.5,1.0,,,,,23.5,,,,,,,,,,1610612739,2017,2016-17,False
202681-2210-2399-2544-2747,1610612739,"Kyrie Irving, Richard Jefferson, Mike Dunleavy, LeBron James, JR Smith","Irving, Jefferson, Dunleavy, James, Smith",202681-2210-2399-2544-2747,CLE,68.0,3,1.0,1.0,3.0,3.0,2.0,1.0,1.0,6.0,,,,,,,,,,1.0,,,,,,,1.0,2.0,,1.0,1.0,2.0,,1.0,1.0,2.0,,3.0,2.0,,,,1.0,,,,1.0,1.0,2.0,,3.0,,,3.0,,,2.0,1.0,,,1.0,1.0,1.0,,,,,3.0,,1.0,,,1.0,1.0,2.0,1.0,3.0,,,,,1.0,,,,,1.0,,,1.0,,,1.0,,1.0,,,,,,,,,,,,,,,,,,,,,,,,,3.0,3.0,2.0,,,,,1.0,0.5,,0.5,0.5,,,,0.5,,0.5,0.5,,0.5,0.6666666666666666,,,,,1.0,1.0,,0.5,1.0,,,0.5,1.0,,,1.0,,,,0.5,,,,,127.05882352941177,,15.666666666666666,7.0,15.0,3.0,,,,,,,,,0.3333333333333333,,,,,,,,0.6666666666666666,0.5,0.5,1.0,,,,,,,1.0,,,,,,,0.6666666666666666,0.5,0.6666666666666666,0.5,0.36223333333333335,0.3312,0.36223333333333335,,,,,1.0,19.5,26.15,0.6666666666666666,,,,,,,,,1610612739,2017,2016-17,False
202681-202697-2544-2594-2747,1610612739,"Kyrie Irving, Iman Shumpert, LeBron James, Kyle Korver, JR Smith","Irving, Shumpert, James, Korver, Smith",202681-202697-2544-2594-2747,CLE,67.0,1,1.0,-1.0,2.0,1.0,2.0,1.0,,3.0,1.0,1.0,,,1.0,1.0,,,,,,,,,,,,1.0,,,,1.0,1.0,1.0,,1.0,,2.0,3.0,,,,,,,1.0,1.0,,1.0,,2.0,2.0,,,,,1.0,,,1.0,,1.0,,,1.0,,,2.0,,,,,,,,,,,,,,,,,,,,,,,,,,,,,,,,,,,,,,,,,,,1.0,,,1.0,,1.0,,,,2.0,2.0,2.0,,,1.0,1.0,,,,,,1.0,,1.0,0.5,,0.5,0.5,,0.5,0.5,,,,,,,,,,,,,,,,,,,,,,,,,64.4776119402985,,22.5,22.0,22.5,22.0,0.5,1.0,1.0,1.0,,,,,,,,,,,,,0.5,,,,,,,,,,,,,0.5,1.0,,,0.5,,1.0,,0.54935,,0.54935,,,,,1.0,1.5,24.8,1.0,,,,,,,,,1610612739,2017,2016-17,False
101112-202681-202684-202697-2399,1610612739,"Channing Frye, Kyrie Irving, Tristan Thompson, Iman Shumpert, Mike Dunleavy","Frye, Irving, Thompson, Shumpert, Dunleavy",101112-202681-202684-202697-2399,CLE,66.0,1,1.0,-5.0,3.0,4.0,,1.0,,7.0,,,,,,,,,,,,,,,,,,2.0,,,,,,,,2.0,,,5.0,,,,,,,,,,,,,,,,,,2.0,,,,,,,,,,,,,,,,2.0,,2.0,,2.0,,,,,1.0,,1.0,,,,,,1.0,,,1.0,,1.0,,,,,,,,,,,,,,,,1.0,,,,1.0,1.0,1.0,1.0,,,,,,,,,,,,,,,,,,,,,,,1.0,,,,,1.0,,,0.6666666666666666,,,,0.6666666666666666,,,,,,,0.5,1.0,,,,,152.72727272727272,1.0,14.0,6.0,14.0,4.25,,,,,,,,,,,,,,,,,1.0,,,,,,,,,,,,,,,,,,,1.0,,0.5259,,,,,,,,,25.85,,,,,,,,,,1610612739,2017,2016-17,False
101112-202732-203895-2210-2544,1610612739,"Channing Frye, DeAndre Liggins, Jordan McRae, Richard Jefferson, LeBron James","Frye, Liggins, McRae, Jefferson, James",101112-202732-203895-2210-2544,CLE,66.0,1,1.0,-1.0,3.0,2.0,,2.0,,5.0,,,,,,,,,,,,,,,,,,1.0,,,,,,,,1.0,1.0,1.0,2.0,,,,,,,,,,,,,,,,,,1.0,,,,,,,,,,,,,,,,1.0,,1.0,,1.0,,,,,1.0,,,,,1.0,,,1.0,,,1.0,,1.0,,,,1.0,,,,,2.0,,,,1.0,,,,,,,,,,,,1.0,,,,,,,,,,,,,,,,,,0.25,,,1.0,,,,,1.0,,,1.0,,,,1.0,,,,,,,,,1.0,,,,109.09090909090908,,14.0,12.0,14.0,12.0,,,,,,,,,,,,,,,,,1.0,,,,,,,,,,,,,,,,,,,1.0,,0.49935,,,0.5,1.0,,,,,24.8,,,,,,,,,,1610612739,2017,2016-17,False
1627770-201567-202697-2210-2594,1610612739,"Kay Felder, Kevin Love, Iman Shumpert, Richard Jefferson, Kyle Korver","Felder, Love, Shumpert, Jefferson, Korver",1627770-201567-202697-2210-2594,CLE,66.0,1,1.0,-3.0,2.0,3.0,,3.0,,5.0,1.0,1.0,,,,,,,,,,1.0,,,,,,,,,,,1.0,1.0,,1.0,,2.0,5.0,,,,,,,,,,,,,,2.0,,,,,,,,,,,,,,,,,,,,1.0,,1.0,,1.0,,,,,,,,,,,,,,,,,,,,,,,,,,,,,,,,,,,,,,,,,,,2.0,,,,,,,,,,,,1.0,,,0.5,,,0.5,,,0.5,,,,,,,,1.0,,,,1.0,,,,,,,,1.0,,,,,109.09090909090908,,15.5,11.666666666666666,15.5,11.666666666666666,0.5,1.0,1.0,,,,,,,,,,0.5,,,,,,,,,,,,,,,,,,,,,,,1.0,,0.637375,,,,,,,,0.7,23.8,,,,,,,,,,1610612739,2017,2016-17,False
1627770-203895-2365-2399-2747,1610612739,"Kay Felder, Jordan McRae, Chris Andersen, Mike Dunleavy, JR Smith","Felder, McRae, Andersen, Dunleavy, Smith",1627770-203895-2365-2399-2747,CLE,66.0,1,1.0,-2.0,2.0,2.0,2.0,,,4.0,,,,,,,,,,,,,,,,,,2.0,,,,2.0,,,,2.0,,,2.0,,,,,,,,,,2.0,,,,,,,,2.0,,,,,,,,,,,,,,,,1.0,,1.0,,1.0,,,,,,,,,,,,,,,,,,1.0,,,,,,,,,,,,,,,,,,,,,,,,,,,2.0,,,,,,,,,,,,,,,,,,,1.0,,,,,,,,0.5,,,,0.5,,,,,,,,,1.0,,,,87.27272727272727,,11.5,21.5,11.5,20.5,,,,,,,,,,,,,,,,,1.0,,,,,,,,,,,,,,,,,1.0,,1.0,,0.64275,,0.64275,,,,,,,25.7,1.0,,,,,,,,,1610612739,2017,2016-17,False
101112-1627770-201567-202697-203895,1610612739,"Channing Frye, Kay Felder, Kevin Love, Iman Shumpert, Jordan McRae","Frye, Felder, Love, Shumpert, McRae",101112-1627770-201567-202697-203895,CLE,65.0,1,1.0,-5.0,2.0,3.0,,,,5.0,,,,,,,,,,,,,,,,,,1.0,,,,,,,,1.0,,,5.0,,,,,,,,,,,,,,,,,,1.0,,,,,,,,,,,,,,,,,,,,,,,,,1.0,,,,,1.0,,,1.0,,,,,,,,,1.0,,,,,,,,,,,,,,,,,,,,,,,,,,,,,,,,,,,,,,,,,,1.0,,,,,1.0,,,,,,,,,,,,,,,,,,,,110.76923076923077,,21.5,7.333333333333333,21.5,7.333333333333333,,,,,,,,,,,,,,,,,1.0,,,,,,,,,,,,,,,,,,,1.0,,0.5793,,,,,,,,,25.0,,,,,,,,,,1610612739,2017,2016-17,False
201567-202681-202697-2594-2747,1610612739,"Kevin Love, Kyrie Irving, Iman Shumpert, Kyle Korver, JR Smith","Love, Irving, Shumpert, Korver, Smith",201567-202681-202697-2594-2747,CLE,64.0,2,1.0,,2.0,3.0,2.0,2.0,,5.0,1.0,1.0,,,1.0,1.0,,,,,,,,,,,,2.0,,,,1.0,1.0,1.0,,2.0,,2.0,2.0,,,,,,,1.0,1.0,,1.0,,2.0,,2.0,,,,2.0,,,,,,,,,,,,1.0,,,2.0,,,2.0,1.0,3.0,,,,,,,,,,,,,,,,,,1.0,,,,1.0,,,,,,,,,,,,,,,,,,,,,2.0,2.0,2.0,1.0,,,,,,,,,1.0,,1.0,0.3333333333333333,,0.5,0.3333333333333333,,0.5,0.6666666666666666,,,,,,,,,,1.0,0.5,1.0,0.5,,,,0.5,,,,,1.0,,,112.5,,16.5,10.333333333333334,16.0,10.333333333333334,0.3333333333333333,1.0,1.0,,,,,,,,,,,,,,0.6666666666666666,,,,,,,,,,,,,0.5,1.0,,,0.5,,1.0,,0.5948166666666667,,0.610975,,,,,1.0,1.3,26.6,1.0,,,,,,,,,1610612739,2017,2016-17,False
101112-202697-202732-2544-2594,1610612739,"Channing Frye, Iman Shumpert, DeAndre Liggins, LeBron James, Kyle Korver","Frye, Shumpert, Liggins, James, Korver",101112-202697-202732-2544-2594,CLE,63.0,1,1.0,,2.0,2.0,2.0,2.0,,4.0,,,,,,,,,,,,,,,,,1.0,2.0,,,1.0,2.0,,,1.0,2.0,,3.0,3.0,,,,,,,,,1.0,2.0,,3.0,,,3.0,,,2.0,1.0,,,1.0,1.0,1.0,,,,,3.0,,,,1.0,,,1.0,,1.0,,,,,,,,,,,,,,,,1.0,,1.0,,,,,,,,,,,,,,,,,,,,,,,,,3.0,3.0,2.0,,,,,1.0,0.5,,0.5,0.5,,,,0.75,,0.75,0.75,,0.75,1.0,,,,,,,,,,1.0,,1.0,,,,,,,,,,,1.0,,91.42857142857143,,18.0,13.5,18.0,13.5,,,,,,,,,,,,,,,,,1.0,0.5,0.5,1.0,,,,,,,,,,,,,,1.0,0.5,1.0,0.5,0.543375,,0.543375,,,,,1.0,,25.65,1.0,,,,,,,,,1610612739,2017,2016-17,False
101114-202681-2210-2544-2594,1610612739,"Deron Williams, Kyrie Irving, Richard Jefferson, LeBron James, Kyle Korver","Williams, Irving, Jefferson, James, Korver",101114-202681-2210-2544-2594,CLE,63.0,2,1.0,3.0,2.0,3.0,,,,5.0,,1.0,,,,,1.0,1.0,,,,,,,,,,,,,,,1.0,2.0,,,1.0,3.0,,,,,,,,,,,,,,2.0,,,,,,,,1.0,,1.0,,,,1.0,,2.0,,,,1.0,1.0,,2.0,,2.0,,1.0,1.0,,,,,,,,,,,,,,,1.0,,,,1.0,,,,,2.0,,,,1.0,,,,,,,,,,,,3.0,,,,,1.0,1.0,,,,,,0.5,,,0.5,,,0.5,,,,,,,,,,,1.0,,1.0,,1.0,,,,,,,,1.0,,1.0,,,114.28571428571428,,11.5,13.333333333333334,11.5,13.333333333333334,0.5,,,,0.5,1.0,1.0,1.0,,,,,,,,,,,,,,,,,,,,,,,,,,,,0.5,,0.51895,,,0.3333333333333333,0.3333333333333333,,,,4.3,,,,,,,,,,,1610612739,2017,2016-17,False
101114-202682-202684-2210-2544,1610612739,"Deron Williams, Derrick Williams, Tristan Thompson, Richard Jefferson, LeBron James","Williams, Williams, Thompson, Jefferson, James",101114-202682-202684-2210-2544,CLE,63.0,1,1.0,,2.0,2.0,2.0,,,4.0,,,,,,,,1.0,1.0,1.0,,,,,,,,,,,,,1.0,2.0,,,,2.0,2.0,,,,,,,1.0,2.0,,,,2.0,,2.0,,,,,,,,,,,,,,,,,,,,,,,,,,,,,,,,,,,,,,,,,,,,,,1.0,,,1.0,,,,,,,,,,,,,,,,,,2.0,2.0,2.0,,,,,,,,,,0.5,,0.5,0.5,,0.5,0.5,,0.5,,,,,,,,,,,,,,,,,,,,,,,,,,91.42857142857143,,17.0,14.5,17.0,14.5,,,,,0.5,,,,0.5,1.0,1.0,,,,,,,,,,,,,,,,,,,,,,,,,,,0.3987,,0.3987,,,,,1.0,14.75,,1.0,,,,,,,,,1610612739,2017,2016-17,False
101112-101114-202682-202697-2544,1610612739,"Channing Frye, Deron Williams, Derrick Williams, Iman Shumpert, LeBron James","Frye, Williams, Williams, Shumpert, James",101112-101114-202682-202697-2544,CLE,62.0,1,1.0,4.0,3.0,2.0,,,,5.0,2.0,2.0,,,,,,,,,,,,,,,,,,,,,2.0,2.0,,,2.0,6.0,2.0,,,,,,,,,,,,,4.0,,,,,,,,2.0,,2.0,,,2.0,,,4.0,,,,1.0,,1.0,2.0,,2.0,,,,,1.0,,1.0,,,,,,1.0,,,1.0,,1.0,,,,1.0,,,,,2.0,1.0,,1.0,1.0,,,,,,,,,,,,6.0,,,,,1.0,1.0,,,,,,1.0,,,1.0,,,1.25,,,,,,,,1.0,1.0,,,,1.0,,1.0,,,,,,,,,,1.0,,,116.1290322580645,,11.333333333333334,14.0,11.333333333333334,14.0,1.0,1.0,1.0,1.0,,,,,,,,,,,,,,,,,,,,,,,,,,,,,,,,1.0,,0.8919,,,0.5,0.5,,,,0.1,,,,,,,,,,,1610612739,2017,2016-17,False
101112-1627770-201567-202697-2594,1610612739,"Channing Frye, Kay Felder, Kevin Love, Iman Shumpert, Kyle Korver","Frye, Felder, Love, Shumpert, Korver",101112-1627770-201567-202697-2594,CLE,62.0,1,1.0,4.0,3.0,3.0,,1.0,,6.0,,,,,,,,1.0,1.0,1.0,,,,,,,,,,,,,1.0,2.0,,,2.0,4.0,,,,,,,,,,,,,,2.0,,,,,,,,1.0,,1.0,,,,,1.0,2.0,,,,1.0,,1.0,2.0,,2.0,,,,,,,,,,,,,,,,,,2.0,,,,2.0,,,1.0,,2.0,,,,1.0,,,,,,,,,,,,4.0,,,1.0,,1.0,1.0,,,,,,0.5,,,0.5,,,0.6666666666666666,,,,,,,,,1.0,,,,1.0,,1.0,,,,,,,,,,1.0,,,139.3548387096774,,9.666666666666666,11.0,9.666666666666666,11.0,,,,,0.5,,,,0.5,1.0,1.0,1.0,,,,,,,,,,,,,,,,,,,,,,,,,,0.42095,,,0.3333333333333333,0.3333333333333333,,,,13.85,,,,,,,,,,,1610612739,2017,2016-17,False
101112-101114-202684-2210-2747,1610612739,"Channing Frye, Deron Williams, Tristan Thompson, Richard Jefferson, JR Smith","Frye, Williams, Thompson, Jefferson, Smith",101112-101114-202684-2210-2747,CLE,61.0,1,1.0,-4.0,3.0,2.0,,2.0,,5.0,,,,,,,,1.0,,,,,,,,,,1.0,,,,,,1.0,,1.0,,,4.0,,,,,,,,,,,,,,,,,,1.0,,,,,,,,,,,,,,,1.0,,,1.0,,1.0,,,,,1.0,,,,,1.0,,,1.0,,,,,1.0,,1.0,,,,,,,,,,,,,,,,,,,,,,,,,,1.0,,,,,,,,,,,,,,,,,,0.5,,,,,1.0,,,,,0.5,,0.5,,,,,,,,,,,0.5,,118.03278688524591,,13.666666666666666,10.0,13.666666666666666,6.5,,,,,0.5,,,,,,,,,,,,0.5,,,,,,,,,,,,,,,,,,,0.5,,0.445825,,,,,,,,8.7,25.4,,,,,,,,,,1610612739,2017,2016-17,False
1627770-201567-202697-2210-2365,1610612739,"Kay Felder, Kevin Love, Iman Shumpert, Richard Jefferson, Chris Andersen","Felder, Love, Shumpert, Jefferson, Andersen",1627770-201567-202697-2210-2365,CLE,61.0,1,1.0,2.0,2.0,2.0,,2.0,,4.0,,,,,,,,,1.0,1.0,,,,,,,,1.0,,,,,1.0,1.0,,1.0,,2.0,,,,,,,,,,,,,,2.0,,,,,1.0,,,1.0,,1.0,,,,,1.0,2.0,,,,,,,,,,,1.0,,1.0,,,,,,,,,,,,,,,,,,1.0,,,1.0,,,,,,,,,,,,,,,,,,2.0,,,,,1.0,1.0,,,,,,1.0,,,0.5,,,0.5,,,0.5,,,,,,,,,,,,,,,,,,,,,,,,,94.42622950819673,,18.5,12.0,18.5,11.5,,,,,,,,,0.5,1.0,1.0,1.0,,,,,0.5,,,,,,,,,,,,,,,,,,,0.5,,0.446875,,,,,,,,21.7,24.8,,,,,,,,,,1610612739,2017,2016-17,False
1627770-202684-203895-2210-2594,1610612739,"Kay Felder, Tristan Thompson, Jordan McRae, Richard Jefferson, Kyle Korver","Felder, Thompson, McRae, Jefferson, Korver",1627770-202684-203895-2210-2594,CLE,60.0,1,1.0,5.0,2.0,2.0,2.0,2.0,,4.0,,,,,,,,,1.0,1.0,,,,,,,1.0,1.0,,,1.0,1.0,1.0,1.0,1.0,1.0,,5.0,,,,,,,,1.0,1.0,1.0,1.0,,5.0,2.0,,3.0,,,1.0,1.0,,1.0,1.0,2.0,1.0,,,,1.0,5.0,,,,1.0,1.0,,2.0,,2.0,,,,,,,,,,,,,,,,,,,,,,,,,,,,,,,,,,,,,,,,,,,5.0,5.0,2.0,,,1.0,1.0,1.0,1.0,,1.0,1.0,1.0,,1.0,1.25,,1.25,1.25,,1.25,0.5,,,,,,,,1.0,,1.0,,1.0,,,,,,,1.0,,,,1.0,,96.0,,15.0,15.0,15.0,10.5,,,,,,,,,0.5,1.0,1.0,1.0,,,,,0.5,1.0,1.0,1.0,,,,,,,,,,,,,,0.5,1.0,0.5,1.0,0.460925,,0.460925,,,,,1.0,18.5,25.2,1.0,,,,,,,,,1610612739,2017,2016-17,False
1627770-202684-2399-2592-2747,1610612739,"Kay Felder, Tristan Thompson, Mike Dunleavy, James Jones, JR Smith","Felder, Thompson, Dunleavy, Jones, Smith",1627770-202684-2399-2592-2747,CLE,60.0,1,1.0,,1.0,1.0,1.0,,1.0,2.0,,,,,,,,,,2.0,,,,,,,,,,,,,,2.0,,,,,,,1.0,,,,,,2.0,,,,,,,,,,,,,,,,,,,,,,,1.0,,1.0,,,1.0,1.0,2.0,,,,,,,,,,,,,,,,,,,,,,,,,,,,,,,,,,,,,,,,,,,,,1.0,,,,,,,,,,,,,,,,,,,,,,,,,,,,0.5,1.0,,1.0,0.5,,,0.5,,,,,,1.0,,,48.0,,46.0,14.0,35.0,14.0,,,,,,,,,1.0,,,,,,,,,,,,,,,,,,,,,,,,,,,,,0.38525,0.4242,0.38525,,,,,,18.65,,1.0,,,,,,,,,1610612739,2017,2016-17,False
201567-202684-202732-2544-2594,1610612739,"Kevin Love, Tristan Thompson, DeAndre Liggins, LeBron James, Kyle Korver","Love, Thompson, Liggins, James, Korver",201567-202684-202732-2544-2594,CLE,60.0,1,1.0,-3.0,2.0,1.0,,,1.0,3.0,,1.0,,,,,,,,1.0,,,,,,,,1.0,,1.0,,,,2.0,,1.0,,,3.0,,1.0,,1.0,,,,,,,,,,,,,,1.0,,,,,,,,,,,,,2.0,,,,,,2.0,2.0,,,,,,,,1.0,,,,,1.0,,,,,1.0,,,1.0,,,,,,,,,,,,,,,,,,,,,,,,,,,,,,,,,,,,,,,,,,,0.3333333333333333,,,,,,,,,1.0,,,,0.6666666666666666,1.0,,1.0,,,,,,,,,72.0,,23.5,13.0,17.0,13.0,0.3333333333333333,,,,,,,,0.3333333333333333,,,,,,,,0.3333333333333333,,,,,,,,,,0.5,,,,,,,,,0.6666666666666666,,0.4826333333333333,0.44815,,,,,,,9.0,29.9,,,,,,,,,,1610612739,2017,2016-17,False
202684-202732-2210-2399-2544,1610612739,"Tristan Thompson, DeAndre Liggins, Richard Jefferson, Mike Dunleavy, LeBron James","Thompson, Liggins, Jefferson, Dunleavy, James",202684-202732-2210-2399-2544,CLE,60.0,1,1.0,3.0,2.0,2.0,2.0,2.0,,4.0,,,,,,,,,,,,,,,,,,,,,,,,,,,3.0,3.0,,,,,,,,,,,,3.0,3.0,,,,,,,,,,,,,,,,,,,,,,2.0,,2.0,,2.0,,,,,,,,,,,,,,,,,,,,,,2.0,,,,,4.0,,,,,,2.0,,,,,,,,,,3.0,3.0,2.0,,2.0,,,,,,,,,,,,,,0.75,,0.75,,,,,,,,,1.0,,,,0.6666666666666666,,,,,,,1.0,,1.0,,,,96.0,,15.0,15.0,15.0,13.5,,,,,,,,,,,,,,,,,,,,,,,,,,,,,,,,,,,,,,,,,,,,,1.0,,,1.0,,,,,,,,,1610612739,2017,2016-17,False
101112-201567-202681-202684-202697,1610612739,"Channing Frye, Kevin Love, Kyrie Irving, Tristan Thompson, Iman Shumpert","Frye, Love, Irving, Thompson, Shumpert",101112-201567-202681-202684-202697,CLE,59.0,1,1.0,,2.0,2.0,2.0,,,4.0,,,,,,,,,,,,,,,,,1.0,1.0,,,1.0,1.0,,,1.0,1.0,,3.0,3.0,,,,,,,,,1.0,1.0,,3.0,,,,3.0,,1.0,1.0,,,,,,,,,,,,,,,1.0,,1.0,,1.0,,,,,,,,1.0,,,,,1.0,,1.0,,,1.0,1.0,,,,,,,,,,,,,,,,,,,,,,,,3.0,3.0,2.0,,,,,,1.0,,1.0,1.0,,,,1.5,,1.5,1.5,,1.5,1.0,,,,,,,,1.0,,,,1.0,,,,,,,,1.0,,,,,97.6271186440678,,16.5,13.0,16.5,13.0,,,,,,,,,,,,,,,,,1.0,1.0,1.0,,,,,,,,,,,,,,,1.0,1.0,1.0,1.0,0.5091,,0.5091,,,,,1.0,,25.2,1.0,,,,,,,,,1610612739,2017,2016-17,False
101112-201567-202681-2594-2747,1610612739,"Channing Frye, Kevin Love, Kyrie Irving, Kyle Korver, JR Smith","Frye, Love, Irving, Korver, Smith",101112-201567-202681-2594-2747,CLE,59.0,1,1.0,-1.0,2.0,2.0,,,,4.0,,1.0,,,,,,,,,1.0,1.0,,,,,,,,,,,,1.0,1.0,1.0,,3.0,4.0,,,,,,,,,,,,,,,3.0,,,,,1.0,,1.0,1.0,,1.0,,,,3.0,,,,,,,,,,,,,,,,,,,,,,,,,1.0,,1.0,,,,,,,,,,,,,,,,,,,,,,,,,3.0,,,,,,,1.0,1.0,,,1.0,,,,0.75,,,0.75,,,0.5,1.0,1.0,,,,,,,,,,,,,,,,,,,,,,,97.6271186440678,,16.0,13.5,16.0,13.5,0.5,,,,,,,,,,,,0.5,1.0,1.0,1.0,,,,,,,,,,,,,,,,,,,,1.0,,0.605575,,,,,,,,0.7,24.1,,,,,,,,,,1610612739,2017,2016-17,False
1627770-201567-202681-202684-2544,1610612739,"Kay Felder, Kevin Love, Kyrie Irving, Tristan Thompson, LeBron James","Felder, Love, Irving, Thompson, James",1627770-201567-202681-202684-2544,CLE,59.0,1,1.0,-1.0,3.0,2.0,3.0,,1.0,5.0,,2.0,,1.0,,2.0,,,,,,,,,,,,1.0,,,,1.0,,2.0,,1.0,1.0,1.0,2.0,,1.0,,,,,,2.0,,1.0,1.0,1.0,,,,,,1.0,,,,,,,,,,,,1.0,,,,1.0,,1.0,1.0,2.0,,,,,,,,,,,,,,,,,,,,,,,,,,,1.0,,,1.0,,,,,,,,,,,,,1.0,1.0,3.0,,,,,,,,,,,,,,,,,,,0.3333333333333333,,,,,,,,1.0,,,1.0,1.0,0.3333333333333333,,,,1.0,,,1.0,,,,,122.03389830508475,,10.333333333333334,14.0,7.0,14.0,0.6666666666666666,,,,,,,,,,,,,,,,0.3333333333333333,,,,1.0,,,,,,,,,0.6666666666666666,,,,0.3333333333333333,,1.0,,0.5834333333333334,,0.5834333333333334,,,,,1.0,1.75,25.0,1.0,,,,,,,,,1610612739,2017,2016-17,False
201567-202681-202684-2594-2747,1610612739,"Kevin Love, Kyrie Irving, Tristan Thompson, Kyle Korver, JR Smith","Love, Irving, Thompson, Korver, Smith",201567-202681-202684-2594-2747,CLE,59.0,1,1.0,-1.0,2.0,2.0,,,,4.0,,1.0,,,,,,,,,,1.0,,,,,,,,,,,,1.0,,1.0,,,1.0,,,,,,,,,,,,,,,,,,,,,,,,,,,,,,,,,,1.0,1.0,2.0,,2.0,,,,,,,,,,,,,,,,1.0,,2.0,,,,,,,,,,,,,,,,,,,,,,,,,,,,,,,,,,,,,,,,,,,,,,0.5,,,,,,1.0,,0.3333333333333333,,,,0.3333333333333333,,,,,,,,,1.0,,,,97.6271186440678,,13.5,16.0,13.5,16.0,0.5,,,,,,,,,,,,0.5,,,,,,,,,,,,,,,,,,,,,,,1.0,,0.629625,,,,,,,,1.6,22.8,,,,,,,,,,1610612739,2017,2016-17,False
202681-202697-2210-2544-2594,1610612739,"Kyrie Irving, Iman Shumpert, Richard Jefferson, LeBron James, Kyle Korver","Irving, Shumpert, Jefferson, James, Korver",202681-202697-2210-2544-2594,CLE,59.0,1,1.0,2.0,2.0,3.0,,,,5.0,1.0,1.0,,,,,,,,1.0,,,,,,,,,,,,,1.0,2.0,,,,2.0,,,,,,,,,,,,,,2.0,,,,,,,,1.0,,1.0,,,1.0,,,2.0,,,,2.0,,,2.0,,2.0,,,,,,,,,,,,,,,,,,,,,,1.0,1.0,,,,,,,,,,,,,,,,,,,,2.0,,,,,1.0,1.0,,,,,,0.5,,,0.5,,,0.5,,,,,,,,,,,,,1.0,,1.0,,,,,,,,,,1.0,,,122.03389830508475,,13.5,10.666666666666666,13.5,10.666666666666666,0.5,1.0,1.0,1.0,,,,,0.5,,,,,,,,,,,,,,,,,,,,,,,,,,,0.5,,0.49885,,,,,,,,11.9,,,,,,,,,,,1610612739,2017,2016-17,False
101112-101114-202681-202684-2544,1610612739,"Channing Frye, Deron Williams, Kyrie Irving, Tristan Thompson, LeBron James","Frye, Williams, Irving, Thompson, James",101112-101114-202681-202684-2544,CLE,58.0,1,1.0,,2.0,2.0,2.0,2.0,,4.0,1.0,1.0,,,1.0,1.0,,,,,,,,,,,,,,,,,1.0,1.0,,,,2.0,2.0,,,,,,,1.0,1.0,,,,2.0,2.0,,,,,,,,1.0,,1.0,,,1.0,,,2.0,,,,1.0,,,1.0,,1.0,,,,,,,,1.0,1.0,,,,1.0,,1.0,,,,,,,,,,,,,,,,,,,,,,,,,,,,2.0,2.0,2.0,,,1.0,1.0,,,,,,1.0,,1.0,1.0,,1.0,1.0,,1.0,,,,,,,,,,,1.0,,1.0,,,,,,,,,,1.0,,,99.3103448275862,,16.5,12.5,16.5,12.5,1.0,1.0,1.0,1.0,,,,,,,,,,,,,,,,,,,,,,,,,,1.0,1.0,,,,,1.0,,0.8641,,0.8641,,,,,1.0,0.1,,1.0,,,,,,,,,1610612739,2017,2016-17,False
101112-101114-2544-2594-2747,1610612739,"Channing Frye, Deron Williams, LeBron James, Kyle Korver, JR Smith","Frye, Williams, James, Korver, Smith",101112-101114-2544-2594-2747,CLE,58.0,1,1.0,1.0,2.0,4.0,,1.0,,6.0,,,,,,,1.0,1.0,,,,,,,,,,1.0,,,,,1.0,1.0,,1.0,,2.0,1.0,,,,,,,,,,,,,,2.0,,,,1.0,,,,,,,,,,,,,,,1.0,2.0,,3.0,,3.0,,,,,,,,,,,,,,,,,,1.0,,,,,,,,,,,,,,,,,,,,,,,,,2.0,,,1.0,,,,,,,,,1.0,,,0.5,,,0.5,,,0.5,,,,,,,,1.0,,1.0,,1.0,,,,,,,,1.0,1.0,1.0,,,148.9655172413793,,13.0,8.0,13.0,7.25,,,,,0.5,1.0,1.0,,,,,,,,,,0.5,,,,,,,,,,,,,,,,,,,0.5,,0.488375,,,,,,,,7.5,25.0,,,,,,,,,,1610612739,2017,2016-17,False
101114-201567-202697-2210-2544,1610612739,"Deron Williams, Kevin Love, Iman Shumpert, Richard Jefferson, LeBron James","Williams, Love, Shumpert, Jefferson, James",101114-201567-202697-2210-2544,CLE,57.0,1,1.0,1.0,1.0,1.0,,,1.0,2.0,,,,,,,,,,,,1.0,,,,,,,,,,,,,,1.0,1.0,1.0,,,,,,1.0,1.0,,,,,,,,,,,,,,,,,,,,,,,,1.0,,,1.0,,,1.0,1.0,2.0,,,,,,,,,,,,,,,,,,,,,,1.0,,,,,2.0,,,,1.0,,,,,,,,,,,,,,,,,,,,,,,,,,,,,,0.25,0.5,,1.0,,,,,,,,,,1.0,1.0,1.0,1.0,,,,,1.0,,,,,1.0,,50.526315789473685,,37.0,20.0,24.0,20.0,,,,,,,,,,,,,1.0,,,,,,,,,,,,,,,,,,,,,,,1.0,,0.5394,,,0.5,1.0,,1.0,,,23.7,,,,,,,,,,1610612739,2017,2016-17,False
101112-101114-202697-2210-2594,1610612739,"Channing Frye, Deron Williams, Iman Shumpert, Richard Jefferson, Kyle Korver","Frye, Williams, Shumpert, Jefferson, Korver",101112-101114-202697-2210-2594,CLE,56.0,2,1.0,3.0,2.0,1.0,,1.0,,3.0,,,,,,,,,,,,,,,,,2.0,2.0,,,,,,,2.0,2.0,,6.0,3.0,,,,,,,,,,,,,,,6.0,,,2.0,2.0,,,2.0,2.0,2.0,,,,,6.0,,,,,,,,,,,,,,,,,,,,,,,,,,,1.0,,,,,,,,,,,,,,,,,,,,,,,,,6.0,,,1.0,,,,1.0,1.0,,,1.0,,,,1.5,,,1.5,,,1.0,,,,,,,,,,,,,,,,,,,,,,,,,77.14285714285714,,14.0,28.0,14.0,28.0,,,,,,,,,,,,,,,,,1.0,1.0,1.0,1.0,,,,,,,,,,,,,,,,1.0,1.0,0.471,,,,,,,,,24.85,,,,,,,,,,1610612739,2017,2016-17,False
101112-1627770-202682-2210-2747,1610612739,"Channing Frye, Kay Felder, Derrick Williams, Richard Jefferson, JR Smith","Frye, Felder, Williams, Jefferson, Smith",101112-1627770-202682-2210-2747,CLE,55.0,1,1.0,-2.0,1.0,2.0,,,,3.0,,,,,,,,,,,,,,,,,,1.0,,,,,,,,1.0,,,2.0,,,,,,,,,,,,,,,,,,1.0,,,,,,,,,,,,,,,,1.0,,1.0,,1.0,,,,,,,,,,,,,,,,,,1.0,,1.0,,1.0,,,,,,,,,,,,,,,,,,,,,,,,,,,,,,,,,,,,,,,,,,1.0,,,,,,,,1.0,,,,0.5,,,,,,,,,1.0,,,,78.54545454545455,,22.0,16.5,22.0,12.0,,,,,,,,,,,,,,,,,1.0,,,,,,,,,,,,,,,,,,,1.0,,0.5475,,,,,,,,,26.4,,,,,,,,,,1610612739,2017,2016-17,False
101112-1627770-202682-2592-2594,1610612739,"Channing Frye, Kay Felder, Derrick Williams, James Jones, Kyle Korver","Frye, Felder, Williams, Jones, Korver",101112-1627770-202682-2592-2594,CLE,55.0,1,1.0,-4.0,2.0,3.0,,2.0,,5.0,,1.0,,,,,,,,,,,,,,,,1.0,,,,,,1.0,,1.0,,,4.0,,,,,,,,,,,,,,,,,,1.0,,,,,,,,,,,,,,,,,1.0,1.0,,1.0,,,,,,,,,,,,,,,,1.0,,1.0,,,,,,,,,,,,,,,,,,,,,,,,,,,,,,,,,,,,,,,,,,,,,,0.5,,,,,,1.0,,,,,,,,,,,,,,,,,,,130.9090909090909,,15.0,8.333333333333334,15.0,8.0,0.5,,,,,,,,,,,,,,,,0.5,,,,,,,,,,,,,,,,,,,1.0,,0.643325,,,,,,,,0.7,25.4,,,,,,,,,,1610612739,2017,2016-17,False
1627770-201567-202684-202697-2399,1610612739,"Kay Felder, Kevin Love, Tristan Thompson, Iman Shumpert, Mike Dunleavy","Felder, Love, Thompson, Shumpert, Dunleavy",1627770-201567-202684-202697-2399,CLE,55.0,1,1.0,,2.0,2.0,,,,4.0,,,,,,,,1.0,,,,,,,,,,,,,,,,1.0,,,,,,,,,,,,,,,,,,,,,,,,,,,,,,,,,,,,,,,1.0,,1.0,,1.0,,1.0,,1.0,,,,1.0,,,,,1.0,,,,,1.0,,,1.0,,,,,,,,,,,,,,,,,,,,,,,,,,,,,,,,,,,,,,,,,,,,,,,,,,,0.5,,,,0.5,,,,,,,1.0,,,,,,104.72727272727273,,10.5,17.0,10.5,7.5,,,,,1.0,,,,,,,,,,,,,,,,,,,,,,,,,,,,,,,,,0.4149,,,,,,,,12.7,,,,,,,,,,,1610612739,2017,2016-17,False
202681-202684-202697-203895-2594,1610612739,"Kyrie Irving, Tristan Thompson, Iman Shumpert, Jordan McRae, Kyle Korver","Irving, Thompson, Shumpert, McRae, Korver",202681-202684-202697-203895-2594,CLE,55.0,1,1.0,-3.0,2.0,1.0,,,,3.0,,,,,,,,,,,,1.0,,,,,,,,,,,,,,1.0,,,3.0,,,,,,,,,,,,,,,,,,,,,,,,,,,,,,,,,,,,,,,,,,,,,,1.0,1.0,,,,1.0,,,,,1.0,,,,,,,,,,,,,,,,,,,,,,,,,,,,,,,,,,,,,,,,,,,,,,1.0,,,,,,,,,,,,,,,,,,,,,,,,,78.54545454545455,,15.0,25.0,15.0,25.0,,,,,,,,,,,,,1.0,,,,,,,,,,,,,,,,,,,,,,,1.0,,0.56205,,,,,,,,,23.4,,,,,,,,,,1610612739,2017,2016-17,False
101112-202682-202732-2592-2747,1610612739,"Channing Frye, Derrick Williams, DeAndre Liggins, James Jones, JR Smith","Frye, Williams, Liggins, Jones, Smith",101112-202682-202732-2592-2747,CLE,54.0,1,1.0,-2.0,1.0,2.0,,,,3.0,,,,,,,,,,,,,,,,,,,,,,,,,,,,,2.0,,,,,,,,,,,,,,,,,,,,,,,,,,,,,,,,,,,1.0,1.0,,1.0,,,,,,,,1.0,,,,,1.0,,,,,,,,,1.0,,,,,,,,,,,,,,,,,,,,,,,,,,,,,,,,,,,,,,,,,,,,,,,,1.0,,,,,,,,,,,,,,,,,,,80.0,,40.0,7.0,40.0,7.0,,,,,,,,,,,,,,,,,,,,,,,,,,,,,,,,,,,,,,,,,,,,,,,,,,,,,,,,,1610612739,2017,2016-17,False
202681-202682-202684-202697-2747,1610612739,"Kyrie Irving, Derrick Williams, Tristan Thompson, Iman Shumpert, JR Smith","Irving, Williams, Thompson, Shumpert, Smith",202681-202682-202684-202697-2747,CLE,54.0,1,1.0,1.0,2.0,2.0,2.0,2.0,1.0,4.0,,,,,,,,,,,,,,,,,1.0,2.0,1.0,1.0,1.0,2.0,,,1.0,2.0,,3.0,2.0,,,1.0,1.0,,3.0,,,1.0,2.0,,3.0,,,3.0,,,2.0,1.0,,,1.0,1.0,1.0,,,,,3.0,1.0,,,,1.0,,1.0,1.0,2.0,,,,,1.0,,1.0,,,,,,1.0,,1.0,1.0,,1.0,,,,,,,,,,,,,,,,1.0,,,1.0,,1.0,,,,,3.0,2.0,,,,,1.0,0.5,1.0,0.5,0.5,,,,0.75,1.5,0.75,0.75,1.5,0.75,1.0,,,,,1.0,,,0.5,,,1.0,0.5,1.0,,,,1.0,,,1.0,,,,,106.66666666666666,,14.5,12.5,12.0,10.5,,,,,,,,,,,,,,,,,1.0,0.5,0.5,1.0,,,,,,,1.0,1.0,1.0,,,,,1.0,0.5,1.0,0.5,0.428925,,0.428925,,,,1.0,1.0,,25.3,1.0,,,,,,,,,1610612739,2017,2016-17,False
101112-101114-202681-2594-2747,1610612739,"Channing Frye, Deron Williams, Kyrie Irving, Kyle Korver, JR Smith","Frye, Williams, Irving, Korver, Smith",101112-101114-202681-2594-2747,CLE,53.0,1,1.0,-2.0,2.0,1.0,,,,3.0,,1.0,,,,,,,,,,,,,,,,1.0,,,,,,1.0,,1.0,,,2.0,,,,,,,,,,,,,,,,,,1.0,,,,,,,,,,,,,,,,,,,,,,,,,,,,,,,,,,,,1.0,,2.0,,,,,,,,,,,,,,,,,,,,,,,,,,,,,,,,,,,,,,,,,,,,,,0.5,,,,,,,,,,,,,,,,,,,,,,,,,81.50943396226415,,16.5,20.0,16.5,20.0,0.5,,,,,,,,,,,,,,,,0.5,,,,,,,,,,,,,,,,,,,1.0,,0.52865,,,,,,,,2.2,25.0,,,,,,,,,,1610612739,2017,2016-17,False
101112-202682-202732-2210-2594,1610612739,"Channing Frye, Derrick Williams, DeAndre Liggins, Richard Jefferson, Kyle Korver","Frye, Williams, Liggins, Jefferson, Korver",101112-202682-202732-2210-2594,CLE,53.0,1,1.0,,1.0,2.0,,,,3.0,1.0,1.0,,,,,,,,,,,,,,,,,,,,,1.0,1.0,,,,2.0,2.0,,,,,,,,,,,,,,2.0,,,,,,,,,,,,,,,,,,,,,,,,,,,,,,,,,,,,,,,,1.0,,1.0,,,,1.0,,,1.0,,,,,,,,,,,,,,,,,,2.0,,,,,,,,,,,,1.0,,,1.0,,,1.0,,,,,,,,,,,,,,,,,,,,,,,,,,,,81.50943396226415,,12.0,20.5,12.0,14.5,1.0,1.0,1.0,,,,,,,,,,,,,,,,,,,,,,,,,,,,,,,,,1.0,,0.5905,,,,,,,,1.6,,,,,,,,,,,1610612739,2017,2016-17,False
202682-202684-202732-2210-2747,1610612739,"Derrick Williams, Tristan Thompson, DeAndre Liggins, Richard Jefferson, JR Smith","Williams, Thompson, Liggins, Jefferson, Smith",202682-202684-202732-2210-2747,CLE,53.0,1,1.0,4.0,2.0,2.0,,,,4.0,,,,,,,,,2.0,2.0,,,,,,,,,,,,,2.0,2.0,,,,4.0,,,,,,,,,,,,,,,4.0,,,,,,,,,,,,,,,,,,,1.0,,,1.0,,1.0,,,,,,,,,,,,,,,,,,,,,,,,,,,,,,,,,,,,,,,,,,,4.0,,,,,,,,,,,,1.0,,,1.0,,,1.0,,,,,,,,,,,,,1.0,,1.0,,,,,,,,,,1.0,,,108.67924528301887,,10.0,16.5,10.0,16.5,,,,,,,,,1.0,1.0,1.0,,,,,,,,,,,,,,,,,,,,,,,,,,,0.3158,,,,,,,,17.15,,,,,,,,,,,1610612739,2017,2016-17,False
202697-202732-203895-2399-2592,1610612739,"Iman Shumpert, DeAndre Liggins, Jordan McRae, Mike Dunleavy, James Jones","Shumpert, Liggins, McRae, Dunleavy, Jones",202697-202732-203895-2399-2592,CLE,53.0,1,1.0,1.0,1.0,1.0,,1.0,,2.0,,1.0,,,,,,,,,,,,,,,,,,,,,,1.0,,,1.0,1.0,,,,,,,,,,,,,,,,,,,,,1.0,,,,,,,,,,,,,,1.0,,1.0,,1.0,,,,,,,,,,,,,,,,,,,,,,1.0,,,,,2.0,,,,1.0,,,,,,,,,,,,1.0,,,,,,,,,,,,,,,,,,0.25,,,,1.0,1.0,,,,,,1.0,,,,1.0,,,,,,,,1.0,,,,,54.339622641509436,,29.0,24.0,29.0,24.0,1.0,,,,,,,,,,,,,,,,,,,,,,,,,,,,,,,,,,,1.0,,0.5662,,,0.5,0.5,,,,1.1,,,,,,,,,,,1610612739,2017,2016-17,False
101112-202681-2210-2399-2747,1610612739,"Channing Frye, Kyrie Irving, Richard Jefferson, Mike Dunleavy, JR Smith","Frye, Irving, Jefferson, Dunleavy, Smith",101112-202681-2210-2399-2747,CLE,51.0,1,1.0,3.0,2.0,2.0,1.0,1.0,,4.0,2.0,2.0,,,1.0,1.0,,,,,,,,,,,,,,,,,2.0,2.0,,,,4.0,1.0,,,,,,,1.0,1.0,,,,2.0,2.0,2.0,,,,,,,1.0,,1.0,,,1.0,,,2.0,,,,,,1.0,1.0,,1.0,,,,,,,,,,,,,,,,1.0,,1.0,,,,1.0,,,,,,,,,,,,,,,,,,,,,4.0,2.0,1.0,,,0.5,0.5,,,,,,1.0,,1.0,1.0,,1.0,1.0,,1.0,,,,,,,1.0,,,,,,,,,,,,,,,,,,,112.94117647058823,,16.5,9.0,16.5,9.0,1.0,1.0,1.0,0.5,,,,,,,,,,,,,,,,,,,,,,,,,,1.0,1.0,,,,,1.0,,0.47635,,0.3345,,,,,0.5,0.9,,0.5,,,,,,,,,1610612739,2017,2016-17,False
201567-202681-202682-202684-203895,1610612739,"Kevin Love, Kyrie Irving, Derrick Williams, Tristan Thompson, Jordan McRae","Love, Irving, Williams, Thompson, McRae",201567-202681-202682-202684-203895,CLE,51.0,1,1.0,,2.0,1.0,2.0,,1.0,3.0,1.0,1.0,1.0,1.0,1.0,1.0,,,,,,,,,,,,2.0,,,,2.0,1.0,1.0,,2.0,,2.0,2.0,1.0,1.0,,,,2.0,1.0,1.0,,2.0,,2.0,,2.0,,,2.0,2.0,,,,,,,,,,,,1.0,,,,,,,1.0,1.0,,,,,,,,,,,,,,,,,,1.0,,,,,,,,,,,,,,,,,,,,,,,,,,2.0,2.0,,,,,,,,,,1.0,1.0,1.0,0.3333333333333333,1.0,0.3333333333333333,0.3333333333333333,1.0,0.3333333333333333,0.6666666666666666,,,,,,,,,,,0.5,,0.5,,,,0.5,,,,,,,,84.70588235294117,,12.5,26.0,11.5,22.0,0.3333333333333333,1.0,1.0,,,,,,,,,,,,,,0.6666666666666666,,,,1.0,1.0,,,,,,,,0.3333333333333333,1.0,,,0.6666666666666666,,1.0,,0.5758,,0.5758,,,,1.0,1.0,1.4,25.0,1.0,,,,,,,,,1610612739,2017,2016-17,False
1627770-203895-2210-2399-2592,1610612739,"Kay Felder, Jordan McRae, Richard Jefferson, Mike Dunleavy, James Jones","Felder, McRae, Jefferson, Dunleavy, Jones",1627770-203895-2210-2399-2592,CLE,49.0,1,1.0,,2.0,1.0,2.0,1.0,,3.0,,,,,,,,,,,,,,,,,,1.0,,,,1.0,,,,1.0,,,,,,,,,,,,,1.0,,,,,,,,1.0,,,,,,,,,,,,,,,1.0,,,1.0,,1.0,,,,,,,,,,,,,,,,,,,,,,,,,,,,,,,,,,,,,,,,,,,,,2.0,,,,,,,,,,,,,,,,,,,1.0,,,,,,,,,,1.0,,1.0,,,,,,,,,,1.0,,,88.16326530612245,,15.0,19.0,15.0,19.0,,,,,,,,,,,,,,,,,1.0,,,,,,,,,,,,,,,,,1.0,,1.0,,0.3912,,0.3912,,,,,,,26.0,1.0,,,,,,,,,1610612739,2017,2016-17,False
101112-1627770-202684-2544-2594,1610612739,"Channing Frye, Kay Felder, Tristan Thompson, LeBron James, Kyle Korver","Frye, Felder, Thompson, James, Korver",101112-1627770-202684-2544-2594,CLE,48.0,1,1.0,-3.0,2.0,2.0,1.0,,,4.0,,,,,,,,,,,,,,,,,,,,,,,,,,,,,3.0,,,,,,,,,,,,,,,,,,,,,,,,,,,,,,,,,1.0,,,1.0,,1.0,,,,,1.0,,1.0,,,,,,1.0,,1.0,1.0,,1.0,,,,,,,,,,,,,,,,,,,,,,,,,,,1.0,,,,,,,,,,,,,,,,,,,,,,,,1.0,,,,,0.5,,0.5,,,,,,,,,,,1.0,,120.0,,10.5,13.5,10.5,11.0,,,,,,,,,,,,,,,,,,,,,,,,,,,,,,,,,,,,,,,,,,,,,,,,0.5,,,,,,,,,1610612739,2017,2016-17,False
101112-202684-202697-2399-2747,1610612739,"Channing Frye, Tristan Thompson, Iman Shumpert, Mike Dunleavy, JR Smith","Frye, Thompson, Shumpert, Dunleavy, Smith",101112-202684-202697-2399-2747,CLE,48.0,1,1.0,1.0,2.0,2.0,,,1.0,4.0,,2.0,,2.0,,,,1.0,,,,,,,,,1.0,1.0,,,,,,3.0,1.0,1.0,,3.0,2.0,,2.0,,,,,,,,,,,,,3.0,,,1.0,1.0,1.0,,1.0,1.0,1.0,,,,,3.0,,2.0,,,,,,2.0,2.0,2.0,,,,,,,,,,,,,,,,,,,,,,,,,,,,,,,,,,,,,,,,,,3.0,,,,,,,1.0,1.0,,,1.0,,,,0.375,,,0.375,,,0.25,0.3333333333333333,0.5,,,,,,,0.6666666666666666,,,,0.6666666666666666,0.5,1.0,,,,,,,,,1.0,120.0,,11.0,13.0,9.5,13.0,0.5,,,,0.25,,,,,,,,,,,,0.25,1.0,1.0,1.0,1.0,,,,,,,,,,,,,,,0.75,1.0,0.483575,0.48215,,,,,,,4.0,24.7,,,,,,,,,,1610612739,2017,2016-17,False
101114-202681-202697-2544-2594,1610612739,"Deron Williams, Kyrie Irving, Iman Shumpert, LeBron James, Kyle Korver","Williams, Irving, Shumpert, James, Korver",101114-202681-202697-2544-2594,CLE,48.0,1,1.0,-1.0,1.0,2.0,1.0,2.0,,3.0,1.0,1.0,,,1.0,1.0,,,,1.0,,,,,,,,,,,,,1.0,2.0,,,1.0,3.0,4.0,,,,,,,1.0,2.0,,,1.0,3.0,,2.0,,,,,,1.0,,,,,,,,,,,,,,,,,,,,,,,,,,,,,,,,,,,,1.0,,,,1.0,,,,,1.0,1.0,,,1.0,,,,,,,,,,,,3.0,3.0,1.0,1.0,,,,,,,,,0.5,,0.5,0.5,,0.5,0.75,,0.75,,0.5,,,1.0,,,,,,,,,,,,,,,,,,,,,90.0,,15.0,16.5,15.0,11.5,0.5,1.0,1.0,,,,,,0.5,,,,,,,,,,,,,,,,,,,,,0.5,1.0,,,,,0.5,,0.47105,,0.47105,0.5,0.5,,,1.0,8.25,,1.0,,,,,,,,,1610612739,2017,2016-17,False
101112-202681-202697-203895-2592,1610612739,"Channing Frye, Kyrie Irving, Iman Shumpert, Jordan McRae, James Jones","Frye, Irving, Shumpert, McRae, Jones",101112-202681-202697-203895-2592,CLE,47.0,1,1.0,,1.0,2.0,,2.0,,3.0,,,,,,,,,,1.0,,,,,,,,,,,,,,1.0,,,,,,,,,,,,,,,,,,,,,,,,,,,,,,,,,,,,,,,,1.0,1.0,,1.0,,1.0,,1.0,,,,,,,,,,,,,,,,,,1.0,,,,,,,,,,,,,,,,,,,,,,,,,,,,,,,,,,,,,,,,,,,,,,,,1.0,,,,,,,,,,,,,,,,,,,91.91489361702128,,32.0,7.5,32.0,7.5,,,,,,,,,1.0,,,,,,,,,,,,,,,,,,,,,,,,,,,,,0.3012,,,,,,,,19.8,,,,,,,,,,,1610612739,2017,2016-17,False
101112-202684-2210-2544-2594,1610612739,"Channing Frye, Tristan Thompson, Richard Jefferson, LeBron James, Kyle Korver","Frye, Thompson, Jefferson, James, Korver",101112-202684-2210-2544-2594,CLE,47.0,1,1.0,,1.0,2.0,1.0,2.0,,3.0,,,,,,,,,,,,1.0,,,,1.0,,,,,,,,,,1.0,,,,,,,,,,,,,1.0,,,,,,,,,,,,,,,,,,,,,,,,2.0,,2.0,,2.0,,,,,,,,,,,,,,,,,,,,,,,,,,,,,,,,,,,,,,,,,,,,,1.0,,,,,,,,,,,,,,,,,,,1.0,,,,,,,,1.0,,,,1.0,,,,,,,1.0,,1.0,,,,91.91489361702128,,20.0,13.5,20.0,13.5,,,,,,,,,,,,,1.0,,,,,,,,,,,,,,,,,,,1.0,,,,1.0,,0.5238,,0.5238,,,,,,,23.6,1.0,,,,,,,,,1610612739,2017,2016-17,False
101114-201567-202681-202697-2210,1610612739,"Deron Williams, Kevin Love, Kyrie Irving, Iman Shumpert, Richard Jefferson","Williams, Love, Irving, Shumpert, Jefferson",101114-201567-202681-202697-2210,CLE,47.0,1,1.0,-2.0,1.0,1.0,,,1.0,2.0,,,,,,,,,,,,1.0,,1.0,,,,,,,,,,,,1.0,,,2.0,,,,1.0,,,,,,,,,,,,,,,,,,,,,,,,,,,,,,,,,,,,,,,,,,,,,,,,,,,,,,,,1.0,,,,,,,,,,,,,,,,,,,,,,,,,,,,,,,,,,,,,,,,,,1.0,,,,,,,,,,,,,,,,,,,,,,,,,61.276595744680854,,24.0,23.0,17.0,23.0,,,,,,,,,,,,,1.0,,,,,,,,,,,1.0,,,,,,,,,,,,1.0,,0.56955,0.56955,,,,,,,,22.3,,,,,,,,,,1610612739,2017,2016-17,False
101112-201567-202681-2399-2544,1610612739,"Channing Frye, Kevin Love, Kyrie Irving, Mike Dunleavy, LeBron James","Frye, Love, Irving, Dunleavy, James",101112-201567-202681-2399-2544,CLE,46.0,2,1.0,1.0,2.0,2.0,1.0,2.0,1.0,4.0,,,,,,,,1.0,,,1.0,1.0,,,1.0,1.0,,1.0,,,,,,1.0,1.0,2.0,,3.0,2.0,,1.0,,,,,,,1.0,1.0,,3.0,,,3.0,,,1.0,,,,1.0,1.0,,1.0,,,,3.0,1.0,,,,,,,1.0,1.0,,,,,,,,,,,,,,,,1.0,,1.0,,,,,,,,,,,,,,,,,,,,,,,,,3.0,3.0,1.0,,,,,1.0,0.5,,1.0,0.5,,,,0.5,,1.5,0.5,,1.5,0.6666666666666666,,,,,,,,,,,1.0,,0.5,,,,1.0,,,,,,,,125.21739130434781,,15.0,8.0,12.5,8.0,,,,,0.3333333333333333,,,,,,,,0.3333333333333333,1.0,1.0,1.0,0.3333333333333333,,,,,,,,,,,,,,,1.0,1.0,,,0.6666666666666666,,0.4725166666666667,,0.52245,,,,,1.0,4.9,24.7,0.5,,,,,,,,,1610612739,2017,2016-17,False
201567-202682-202684-202732-2594,1610612739,"Kevin Love, Derrick Williams, Tristan Thompson, DeAndre Liggins, Kyle Korver","Love, Williams, Thompson, Liggins, Korver",201567-202682-202684-202732-2594,CLE,46.0,1,1.0,,1.0,2.0,1.0,2.0,1.0,3.0,1.0,1.0,1.0,1.0,1.0,1.0,,1.0,,,,,,,,,,,,,,,1.0,2.0,,,,2.0,2.0,1.0,1.0,,,,2.0,1.0,2.0,,,,2.0,,2.0,,,2.0,,,,,,,,,,,,,,1.0,,,1.0,,1.0,1.0,2.0,,,,,,,,,,,,,,,,,,,,,,,,,,,,,,,,,,,,,,,,,,,,2.0,1.0,,,,,,,,,,0.5,1.0,0.5,0.5,1.0,0.5,0.5,1.0,0.5,,,,,,,,,1.0,1.0,,,1.0,1.0,,1.0,,,,1.0,,,,,,93.91304347826086,,16.0,15.0,16.0,15.0,0.5,1.0,1.0,,0.5,,,,,,,,,,,,,,,,1.0,1.0,,,,,,,,0.5,1.0,,,,,0.5,,0.51005,0.626,0.51005,,,,1.0,1.0,3.8,,1.0,,,,,,,,,1610612739,2017,2016-17,False
201567-202684-202697-2210-2594,1610612739,"Kevin Love, Tristan Thompson, Iman Shumpert, Richard Jefferson, Kyle Korver","Love, Thompson, Shumpert, Jefferson, Korver",201567-202684-202697-2210-2594,CLE,46.0,1,1.0,1.0,2.0,1.0,2.0,,,3.0,,,,,,,,,,,,,,,,,,,,,,,,,,,1.0,1.0,,,,,,,,,,,,1.0,1.0,,,,,,,,,,,,,,,,,,,,,1.0,,,1.0,,1.0,,,,,,,,1.0,1.0,,,,1.0,,1.0,,,,,,,1.0,,,,,2.0,,,,1.0,,,,,,,,,,,,1.0,1.0,2.0,,,,,,,,,,,,,,,,0.5,,0.5,,,,,,,,,,,1.0,,1.0,,,,,,,,,,,1.0,,93.91304347826086,,13.0,20.0,13.0,20.0,,,,,,,,,,,,,,,,,,,,,,,,,,,,,,,,,,,,,,,,,1.0,1.0,,,1.0,,,1.0,,,,,,,,,1610612739,2017,2016-17,False
201567-202684-202732-2210-2594,1610612739,"Kevin Love, Tristan Thompson, DeAndre Liggins, Richard Jefferson, Kyle Korver","Love, Thompson, Liggins, Jefferson, Korver",201567-202684-202732-2210-2594,CLE,46.0,2,1.0,-2.0,2.0,2.0,2.0,2.0,,4.0,,,,,,,,,,,,,,,,,,1.0,,,,1.0,,,,1.0,,,2.0,,,,,,,,,,1.0,,,,,,,,1.0,,,,,,,,,,,,,,,,,,,,,,1.0,1.0,,,1.0,,1.0,,,,,1.0,,1.0,,,,,,,,,,,,,,,,,,,,,,,,,,,,,,2.0,,,,,,,,,,,,,,,,,,,1.0,,,,,,,,,,,,,,,,,,,,,,,,,125.21739130434781,,10.5,12.5,10.5,12.5,,,,,,,,,,,,,,,,,1.0,,,,,,,,,,,,,,,,,1.0,,1.0,,0.27495,,0.27495,,,,,,,30.1,1.0,,,,,,,,,1610612739,2017,2016-17,False
101112-201567-202732-2210-2544,1610612739,"Channing Frye, Kevin Love, DeAndre Liggins, Richard Jefferson, LeBron James","Frye, Love, Liggins, Jefferson, James",101112-201567-202732-2210-2544,CLE,45.0,1,1.0,1.0,1.0,2.0,,,,3.0,,,,,,,1.0,1.0,,,,,,,,,,,,,,,1.0,1.0,,,1.0,3.0,2.0,,,,,,,,,,,,,2.0,,,,,,,,1.0,,1.0,,,,1.0,,2.0,,,,,,,,,,,1.0,,1.0,,,,,,,,,,,,,,,,,,3.0,,,,,1.0,1.0,,,1.0,,,,,,,,,,,,3.0,,,,,1.0,1.0,,,,,,1.0,,,1.0,,,1.5,,,,,,,,,,,,,,,,,,,,,,,,,,,,96.0,,21.0,12.0,21.0,12.0,,,,,1.0,1.0,1.0,1.0,,,,,,,,,,,,,,,,,,,,,,,,,,,,,,0.3902,,,1.0,1.0,,,,7.4,,,,,,,,,,,1610612739,2017,2016-17,False
101112-202681-202732-2544-2594,1610612739,"Channing Frye, Kyrie Irving, DeAndre Liggins, LeBron James, Kyle Korver","Frye, Irving, Liggins, James, Korver",101112-202681-202732-2544-2594,CLE,45.0,1,1.0,-2.0,1.0,2.0,,,,3.0,,,,,,,,,,,,,,,,,,1.0,,,,,,,,1.0,,,2.0,,,,,,,,,,,,,,,,,,1.0,,,,,,,,,,,,,,,,,,,,,,,,,,,,,,,,,,,,1.0,,1.0,,,,1.0,1.0,,,,,,,,,,,1.0,,,,1.0,1.0,,,,,,,,,,,,,,,,,,,,,,,,,1.0,,,,,,,,,,,,,,,,,,,,,,,,,96.0,,16.0,14.5,16.0,13.5,,,,,,,,,,,,,,,,,1.0,,,,,,,,,,,,,,,,,,,1.0,,0.53175,,,,,,,,,24.8,,,,,,,,,,1610612739,2017,2016-17,False
201567-202681-202697-203895-2544,1610612739,"Kevin Love, Kyrie Irving, Iman Shumpert, Jordan McRae, LeBron James","Love, Irving, Shumpert, McRae, James",201567-202681-202697-203895-2544,CLE,44.0,1,1.0,1.0,1.0,1.0,,,1.0,2.0,1.0,1.0,1.0,1.0,,,,,,,,,,,,,,1.0,,,,,1.0,1.0,,1.0,,2.0,1.0,1.0,1.0,,,,2.0,,,,,,,2.0,,,,,1.0,,,1.0,,1.0,,,1.0,,,2.0,1.0,,,,,,,1.0,1.0,,,,,,,,,,,,,,,,1.0,1.0,1.0,,,,,,,,,,,,,,,,,,,,,,,,,,,,,,1.0,1.0,,,,,,1.0,1.0,,0.5,1.0,,0.5,1.0,,0.5,,,,,,,,,,,1.0,,1.0,,,,1.0,,,,,,,,65.45454545454545,,30.0,14.0,26.0,14.0,0.5,1.0,1.0,1.0,,,,,,,,,,,,,0.5,,,,1.0,1.0,1.0,,,,,,,,,,,,,1.0,,0.55175,0.7831,,,,,1.0,,0.9,25.4,,,,,,,,,,1610612739,2017,2016-17,False
202681-202684-202697-202732-2544,1610612739,"Kyrie Irving, Tristan Thompson, Iman Shumpert, DeAndre Liggins, LeBron James","Irving, Thompson, Shumpert, Liggins, James",202681-202684-202697-202732-2544,CLE,44.0,1,1.0,-2.0,1.0,2.0,1.0,2.0,,3.0,,,,,,,,,,,,,,,,,,1.0,,,,1.0,,,,1.0,,,2.0,,,,,,,,,,1.0,,,,,,,,1.0,,,,,,,,,,,,,,,,1.0,,1.0,,1.0,,,,,,,,,,,,,,,,,,,,,,,,,,,,,,,,,,1.0,,,1.0,,1.0,,,,,,1.0,,,,,,,,,,,,,,,,,,,1.0,,,,,,,,0.5,,,,0.5,,,,,,,0.5,,,,,,98.18181818181819,,25.0,9.5,25.0,6.5,,,,,,,,,,,,,,,,,1.0,,,,,,,,,,,,,,,,,1.0,,1.0,,0.38835,,0.38835,,,,,,,25.8,1.0,,,,,,,,,1610612739,2017,2016-17,False
202697-2210-2365-2399-2544,1610612739,"Iman Shumpert, Richard Jefferson, Chris Andersen, Mike Dunleavy, LeBron James","Shumpert, Jefferson, Andersen, Dunleavy, James",202697-2210-2365-2399-2544,CLE,44.0,1,1.0,3.0,2.0,1.0,,,,3.0,,,,,,,,,,,1.0,1.0,,,,,,1.0,,,,,,,1.0,2.0,,3.0,,,,,,,,,,,,,,,,3.0,,,1.0,,,,1.0,1.0,,1.0,,,,3.0,,,,,,,,,,,,,,,,,,,,,,,,,,,1.0,,,,,,,,,,,,,,,,,,,,,,,,,3.0,,,,,,,1.0,0.5,,,0.5,,,,0.75,,,0.75,,,1.0,,,,,,,,,,,,,,,,,,,,,,,,,98.18181818181819,,15.5,13.0,15.5,13.0,,,,,,,,,,,,,0.5,1.0,1.0,1.0,0.5,,,,,,,,,,,,,,,,,,,1.0,,0.591975,,,,,,,,,24.1,,,,,,,,,,1610612739,2017,2016-17,False
101112-202681-2210-2594-2747,1610612739,"Channing Frye, Kyrie Irving, Richard Jefferson, Kyle Korver, JR Smith","Frye, Irving, Jefferson, Korver, Smith",101112-202681-2210-2594-2747,CLE,42.0,1,1.0,2.0,1.0,1.0,,1.0,,2.0,,,,,,,1.0,1.0,,,,,,,,,,1.0,,,,,1.0,1.0,,1.0,,2.0,,,,,,,,,,,,,,,2.0,,,,,,,,,,,,,,,,,,,,1.0,,1.0,,1.0,,,,,,,,,,,,,,,,,,,,,,,,,,,,,,,,,,,,,,,,,,,2.0,,,,,,,,,,,,1.0,,,0.5,,,0.5,,,0.5,,,,,,,,1.0,,,,1.0,,,,,,,,,1.0,,,,68.57142857142857,,17.0,25.0,17.0,25.0,,,,,0.5,1.0,1.0,,,,,,,,,,0.5,,,,,,,,,,,,,,,,,,,0.5,,0.3598,,,,,,,,5.0,53.6,,,,,,1.0,,,,1610612739,2017,2016-17,False
101112-202682-202697-202732-2747,1610612739,"Channing Frye, Derrick Williams, Iman Shumpert, DeAndre Liggins, JR Smith","Frye, Williams, Shumpert, Liggins, Smith",101112-202682-202697-202732-2747,CLE,42.0,1,1.0,2.0,2.0,1.0,,,,3.0,,,,,,,,,,,,,,,,,,1.0,,,,,,,,1.0,2.0,2.0,,,,,,,,,,,,,,,,,,,1.0,,,,,,,,,,,,,,,,1.0,,1.0,,1.0,,,,,,,,,,,,,,,,,,,,,,1.0,,,,,2.0,,,,1.0,,,,,,,,,,,,2.0,,,,,,,,,,,,,,,,,,0.5,,,1.0,,,,,,,,1.0,,,,1.0,,,,,,,,,1.0,,,,102.85714285714286,,12.0,18.0,12.0,18.0,,,,,,,,,,,,,,,,,1.0,,,,,,,,,,,,,,,,,,,1.0,,0.4485,,,0.5,1.0,,,,,27.5,,,,,,,,,,1610612739,2017,2016-17,False
101114-201567-202681-202697-2544,1610612739,"Deron Williams, Kevin Love, Kyrie Irving, Iman Shumpert, LeBron James","Williams, Love, Irving, Shumpert, James",101114-201567-202681-202697-2544,CLE,41.0,1,1.0,2.0,1.0,1.0,1.0,,,2.0,1.0,1.0,,,1.0,1.0,,,,,,,,,,,,,,,,,1.0,1.0,,,,2.0,,,,,,,,1.0,1.0,,,,2.0,2.0,,,,,,,,1.0,,1.0,,,1.0,,,2.0,,,,,1.0,,1.0,,1.0,,,,,,,,,,,,,,,,,,1.0,,,,,,,,,,,,,,,,,,,,,,,,,2.0,2.0,1.0,,,1.0,1.0,,,,,,1.0,,1.0,1.0,,1.0,1.0,,1.0,,,,,,,,,1.0,,,,1.0,,,,,,,,,1.0,,,,70.2439024390244,,17.0,24.0,17.0,24.0,1.0,1.0,1.0,1.0,,,,,,,,,,,,,,,,,,,,,,,,,,1.0,1.0,,,,,1.0,,0.8877,,0.8877,,,,,1.0,0.1,,1.0,,,,,,,,,1610612739,2017,2016-17,False
101114-201567-2210-2544-2594,1610612739,"Deron Williams, Kevin Love, Richard Jefferson, LeBron James, Kyle Korver","Williams, Love, Jefferson, James, Korver",101114-201567-2210-2544-2594,CLE,41.0,1,1.0,-2.0,1.0,2.0,,,,3.0,,,,,,,,,1.0,1.0,,,,,,,,,,,,,1.0,1.0,,,,2.0,4.0,,,,,,,,,,,,,,2.0,,,,,,,,,,,,,,,,,,,,,,,,,,,,,,,,,,,,,,,,1.0,,1.0,,,,,,,,,,,,,,,,,,,,,,,,,2.0,,,,,,,,,,,,1.0,,,1.0,,,1.0,,,,,,,,,,,,,,,,,,,,,,,,,,,,105.36585365853658,,16.0,12.5,16.0,12.5,,,,,,,,,1.0,1.0,1.0,,,,,,,,,,,,,,,,,,,,,,,,,,,0.4191,,,,,,,,17.2,,,,,,,,,,,1610612739,2017,2016-17,False
1627770-202684-202697-203895-2594,1610612739,"Kay Felder, Tristan Thompson, Iman Shumpert, Jordan McRae, Kyle Korver","Felder, Thompson, Shumpert, McRae, Korver",1627770-202684-202697-203895-2594,CLE,41.0,1,1.0,,1.0,2.0,,,,3.0,,,,,,,,,1.0,1.0,,,,,,,,,,,,,1.0,1.0,,,,2.0,2.0,,,,,,,,,,,,,,2.0,,,,,,,,,,,,,,,,,,,,,,,,,,,,,,,,,,,,,,,,,,,,,,,,,,,,,,,,,,,,,,,,,,,2.0,,,,,,,,,,,,1.0,,,1.0,,,1.0,,,,,,,,,,,,,,,,,,,,,,,,,,,,105.36585365853658,,11.0,15.0,11.0,15.0,,,,,,,,,1.0,1.0,1.0,,,,,,,,,,,,,,,,,,,,,,,,,,,0.4158,,,,,,,,17.8,,,,,,,,,,,1610612739,2017,2016-17,False
1627770-202684-202697-2592-2747,1610612739,"Kay Felder, Tristan Thompson, Iman Shumpert, James Jones, JR Smith","Felder, Thompson, Shumpert, Jones, Smith",1627770-202684-202697-2592-2747,CLE,40.0,1,1.0,,1.0,1.0,,,,2.0,,,,,,,,,,1.0,,,,,,,,,,,,,,1.0,,,,,,,,,,,,,,,,,,,,,,,,,,,,,,,,,,,,,,1.0,,,1.0,,1.0,,,,,,,,,,,,,,,,,,1.0,,1.0,,2.0,,,,,,,,,,,,,,,,,,,,,,,,,,,,,,,,,,,,,,,,,,,,,,,,,,,,1.0,,1.0,,,,,,,,,,1.0,,,72.0,,20.0,20.0,20.0,20.0,,,,,,,,,1.0,,,,,,,,,,,,,,,,,,,,,,,,,,,,,0.4125,,,,,,,,18.0,,,,,,,,,,,1610612739,2017,2016-17,False
202697-202732-203895-2210-2747,1610612739,"Iman Shumpert, DeAndre Liggins, Jordan McRae, Richard Jefferson, JR Smith","Shumpert, Liggins, McRae, Jefferson, Smith",202697-202732-203895-2210-2747,CLE,40.0,1,1.0,-1.0,2.0,2.0,2.0,2.0,,4.0,1.0,1.0,,,1.0,1.0,,,,,,,,,,,,,,,,,1.0,1.0,,,,2.0,3.0,,,,,,,1.0,1.0,,,,2.0,,2.0,,,,,,,,,,,,,,,,,,,1.0,,,1.0,,1.0,,,,,,,,,,,,,,,,,,,,,,,,,,,,,,,,,,,,,,,,,,,2.0,2.0,2.0,,,,,,,,,,1.0,,1.0,1.0,,1.0,1.0,,1.0,,,,,,,,,,,1.0,,1.0,,,,,,,,,,1.0,,,144.0,,14.5,5.5,14.5,5.5,1.0,1.0,1.0,,,,,,,,,,,,,,,,,,,,,,,,,,,1.0,1.0,,,,,1.0,,0.8876,,0.8876,,,,,1.0,0.1,,1.0,,,,,,,,,1610612739,2017,2016-17,False
201567-202681-202697-2365-2544,1610612739,"Kevin Love, Kyrie Irving, Iman Shumpert, Chris Andersen, LeBron James","Love, Irving, Shumpert, Andersen, James",201567-202681-202697-2365-2544,CLE,39.0,2,1.0,4.0,2.0,1.0,1.0,,1.0,3.0,,2.0,,1.0,,2.0,,,,,1.0,1.0,1.0,1.0,1.0,1.0,,,,,,,,2.0,1.0,1.0,1.0,4.0,,,1.0,1.0,1.0,,3.0,,2.0,1.0,1.0,,3.0,,,3.0,,,,,1.0,,1.0,1.0,,1.0,,,,3.0,,2.0,,,1.0,,1.0,2.0,3.0,1.0,,,,,,,,,,,,,,,,,,,,,1.0,,,,,2.0,,,,1.0,,,,,,,,,,,,1.0,3.0,1.0,,,,,1.0,1.0,1.0,1.0,1.0,,,,0.5,0.75,0.5,0.5,0.75,0.5,0.3333333333333333,0.5,0.5,,,,,,1.0,1.0,,,1.0,1.0,1.0,,,,,1.0,,,,,1.0,110.76923076923076,,13.0,13.0,8.5,13.0,0.6666666666666666,,,,,,,,,,,,0.3333333333333333,1.0,1.0,1.0,,,,,0.5,,,0.5,1.0,1.0,,,,0.6666666666666666,,0.3333333333333333,1.0,,,1.0,,0.6446833333333334,0.603175,0.6446833333333334,0.25,0.3333333333333333,,0.75,0.75,0.65,22.8,0.5,,,,,,,,,1610612739,2017,2016-17,False
101114-201567-202681-202697-2747,1610612739,"Deron Williams, Kevin Love, Kyrie Irving, Iman Shumpert, JR Smith","Williams, Love, Irving, Shumpert, Smith",101114-201567-202681-202697-2747,CLE,38.0,1,1.0,,1.0,1.0,1.0,,,2.0,,,,,,,,,,,,,,,,,,,,,,,,,,,2.0,2.0,2.0,,,,,,,,,,,2.0,2.0,,,,,,,,,,,,,,,,,,,,,,,,,,,,,,,,,,,,,,,,,,1.0,,1.0,,,,2.0,,,,,2.0,,,,1.0,,,1.0,,,1.0,,1.0,,,,2.0,2.0,1.0,,,,,,,,,,,,,,,,1.0,,1.0,,,,,,,,,,,,,,,,,,,,,,,,,,75.78947368421053,,25.0,13.0,25.0,13.0,,,,,,,,,,,,,,,,,,,,,,,,,,,,,,,,,,,,,,,,,1.0,1.0,,,1.0,,,1.0,,,,,,,,,1610612739,2017,2016-17,False
101114-201567-202682-202697-2594,1610612739,"Deron Williams, Kevin Love, Derrick Williams, Iman Shumpert, Kyle Korver","Williams, Love, Williams, Shumpert, Korver",101114-201567-202682-202697-2594,CLE,38.0,1,1.0,,1.0,1.0,1.0,1.0,,2.0,,,,,,,1.0,1.0,,,,,,,,,,,,,,,1.0,1.0,,,,2.0,2.0,,,,,,,1.0,1.0,,,,2.0,,2.0,,,,,,,,,,,,,,,,,,,,,,,,,,,,,,,,,,,,,,,,1.0,,1.0,,,,,,,,,,,,,,,,,,,,,,,,,2.0,2.0,1.0,,,,,,,,,,1.0,,1.0,1.0,,1.0,1.0,,1.0,,,,,,,,,,,,,,,,,,,,,,,,,,75.78947368421053,,23.0,15.0,23.0,14.0,,,,,1.0,1.0,1.0,,,,,,,,,,,,,,,,,,,,,,,,,,,,,,,0.3746,,0.3746,,,,,1.0,4.3,,1.0,,,,,,,,,1610612739,2017,2016-17,False
101114-202336-202682-202697-2594,1610612739,"Deron Williams, Larry Sanders, Derrick Williams, Iman Shumpert, Kyle Korver","Williams, Sanders, Williams, Shumpert, Korver",101114-202336-202682-202697-2594,CLE,38.0,1,1.0,4.0,2.0,1.0,2.0,1.0,,3.0,,,,,,,1.0,1.0,1.0,1.0,,,,,,,,,,,,,2.0,2.0,,,,4.0,,,,,,,,2.0,2.0,,,,4.0,2.0,2.0,,,,,,,1.0,,1.0,,,,,1.0,2.0,,,,,1.0,,1.0,,1.0,,,,,,,,,,,,,,,,,,,,,,,,,,,,,,,,,,,,,,,,,,,4.0,4.0,2.0,,,0.5,0.5,,,,,,1.0,,1.0,1.0,,1.0,1.0,,1.0,,,,,,,,,1.0,,,,1.0,,,,,,,,1.0,,,,,113.6842105263158,,9.0,20.0,9.0,20.0,,,,,0.5,1.0,1.0,,0.5,1.0,1.0,1.0,,,,,,,,,,,,,,,,,,,,,,,,,,0.3501,,0.3501,,,,,1.0,14.3,,1.0,,,,,,,,,1610612739,2017,2016-17,False
101112-202682-202684-2544-2594,1610612739,"Channing Frye, Derrick Williams, Tristan Thompson, LeBron James, Kyle Korver","Frye, Williams, Thompson, James, Korver",101112-202682-202684-2544-2594,CLE,37.0,1,1.0,5.0,2.0,2.0,2.0,2.0,,4.0,1.0,1.0,,,1.0,1.0,,,,,,,,,,,1.0,1.0,,,1.0,1.0,1.0,1.0,1.0,1.0,,5.0,,,,,,,,1.0,1.0,1.0,1.0,,5.0,,2.0,3.0,,,1.0,1.0,,,1.0,1.0,1.0,,,,,3.0,,,,1.0,,1.0,2.0,,2.0,,,,,,,,,,,,,,,,,,,,,,,,,,,,,,,,,,,,,,,,,,,5.0,5.0,2.0,,,,,1.0,1.0,,1.0,1.0,1.0,,1.0,1.25,,1.25,1.25,,1.25,0.5,,,,,,1.0,,,,1.0,,1.0,,,,,,,,,,1.0,,,155.67567567567568,,7.0,11.5,7.0,11.5,0.5,1.0,1.0,,,,,,,,,,,,,,0.5,1.0,1.0,1.0,,,,,,,,,,0.5,1.0,,,0.5,1.0,1.0,1.0,0.490725,,0.490725,,,,,1.0,0.7,25.5,1.0,,,,,,,,,1610612739,2017,2016-17,False
201567-202697-202732-203895-2747,1610612739,"Kevin Love, Iman Shumpert, DeAndre Liggins, Jordan McRae, JR Smith","Love, Shumpert, Liggins, McRae, Smith",201567-202697-202732-203895-2747,CLE,37.0,1,1.0,,2.0,2.0,2.0,2.0,,4.0,,,,,,,,,,,1.0,1.0,,,1.0,1.0,,,,,,,,,1.0,1.0,2.0,5.0,5.0,,,,,,,,,1.0,1.0,2.0,5.0,,,3.0,,,,,,,1.0,1.0,,1.0,,,,3.0,,,,,,,,,,,,,,,,,,,,,,,,,,,,,,,1.0,,,,,2.0,,,,,,1.0,,,,,,,,,,5.0,5.0,2.0,,1.0,,,1.0,1.0,,1.0,1.0,,,,1.5,,1.5,1.25,,1.25,1.0,,,,,,,,,,,,,,,,,,,,,,,,,155.67567567567568,,8.0,10.5,8.0,9.5,,,,,,,,,,,,,1.0,1.0,1.0,1.0,,,,,,,,,,,,,,,,1.0,1.0,,,1.0,,0.60435,,0.60435,,,,,1.0,,23.3,1.0,,,,,,,,,1610612739,2017,2016-17,False
101106-101112-202681-202682-2594,1610612739,"Andrew Bogut, Channing Frye, Kyrie Irving, Derrick Williams, Kyle Korver","Bogut, Frye, Irving, Williams, Korver",101106-101112-202681-202682-2594,CLE,36.0,1,1.0,-2.0,1.0,1.0,,1.0,,2.0,,,,,,,,,,,,,,,,,,,,,,,,,,,,,2.0,,,,,,,,,,,,,,,,,,,,,,,,,,,,,,,,,,,,,,,,,,,1.0,,1.0,,,,,,1.0,,,,,1.0,,,,,,,,,,,,,,,,,,,,,,,,,,,,,,,,,,,,,,,,,,,,,,,,,,,1.0,,,,,,,,,,,,,,,,,,,,80.0,,14.0,22.0,14.0,22.0,,,,,,,,,,,,,,,,,,,,,,,,,,,,,,,,,,,,,,,,,,,,,,,,,,,,,,,,,1610612739,2017,2016-17,False
101112-1627770-202732-203895-2365,1610612739,"Channing Frye, Kay Felder, DeAndre Liggins, Jordan McRae, Chris Andersen","Frye, Felder, Liggins, McRae, Andersen",101112-1627770-202732-203895-2365,CLE,36.0,1,1.0,,1.0,1.0,1.0,,,2.0,,,,,,,,,,,,,,,,,,1.0,,,,1.0,,,,1.0,2.0,2.0,2.0,,,,,,,,,,1.0,2.0,2.0,,,,,,,,,,,,,,,,,,,,,,,,,,,,,,,,,,,,,,,,,,,,,,,,1.0,,,,,2.0,,,,1.0,,,,,,,,,,,,2.0,2.0,1.0,,,,,,,,,,,,,,,,0.5,,0.5,1.0,,,,,,,,,,,,,,,,,,,,,,,,,80.0,,16.0,20.0,16.0,20.0,,,,,,,,,,,,,,,,,1.0,,,,,,,,,,,,,,,,,1.0,,1.0,,,,,0.5,1.0,,,1.0,,65.8,1.0,1.0,,1.0,1.0,1.0,,,,1610612739,2017,2016-17,False
202681-202697-202732-2210-2594,1610612739,"Kyrie Irving, Iman Shumpert, DeAndre Liggins, Richard Jefferson, Kyle Korver","Irving, Shumpert, Liggins, Jefferson, Korver",202681-202697-202732-2210-2594,CLE,36.0,2,1.0,2.0,1.0,2.0,1.0,2.0,,3.0,1.0,1.0,,,1.0,1.0,,,,,,,,,,,,,,,,,1.0,1.0,,,,2.0,,,,,,,,1.0,1.0,,,,2.0,,2.0,,,,,,,,,,,,,,,,,,,,1.0,,1.0,,1.0,,,,,,,,,,,,,,,,,,,,,,,,,,,,,,,,,,,,,,,,,,,2.0,2.0,1.0,,,,,,,,,,1.0,,1.0,1.0,,1.0,1.0,,1.0,,,,,,,,,1.0,,,,1.0,,,,,,,,,1.0,,,,120.0,,7.0,14.5,7.0,14.5,1.0,1.0,1.0,,,,,,,,,,,,,,,,,,,,,,,,,,,1.0,1.0,,,,,1.0,,0.5233,,0.5233,,,,,1.0,2.0,,1.0,,,,,,,,,1610612739,2017,2016-17,False
101114-202697-2544-2594-2747,1610612739,"Deron Williams, Iman Shumpert, LeBron James, Kyle Korver, JR Smith","Williams, Shumpert, James, Korver, Smith",101114-202697-2544-2594-2747,CLE,35.0,1,1.0,2.0,1.0,1.0,,,,2.0,1.0,1.0,,,,,,,,,,,,,,,,,,,,,1.0,1.0,,,,2.0,,,,,,,,,,,,,,,2.0,,,,,,,,,,,,,,,,,,,1.0,,,1.0,,1.0,,,,,,,,,,,,,,,,,,,,,,,,,,,,,,,,,,1.0,,,1.0,,1.0,,,,2.0,,,,,,,,,,,,1.0,,,1.0,,,1.0,,,,,,,,,,,,,1.0,,0.5,,,,,,,,,,,1.0,,82.28571428571428,,8.0,27.0,8.0,27.0,1.0,1.0,1.0,,,,,,,,,,,,,,,,,,,,,,,,,,,,,,,,,1.0,,0.7321,,,,,,,,0.3,,,,,,,,,,,1610612739,2017,2016-17,False
101112-201567-202697-202732-2544,1610612739,"Channing Frye, Kevin Love, Iman Shumpert, DeAndre Liggins, LeBron James","Frye, Love, Shumpert, Liggins, James",101112-201567-202697-202732-2544,CLE,34.0,1,1.0,2.0,1.0,1.0,,,,2.0,1.0,1.0,,,,,,,,,,,,,,,,,,,,,1.0,1.0,,,,2.0,,,,,,,,,,,,,,2.0,,,,,,,,1.0,,1.0,,,1.0,,,2.0,,,,,,,,,,,,,,,,,,,,,,,,,,,,,,,,,,,,,,,,,,,,,,,,,,,,2.0,,,,,1.0,1.0,,,,,,1.0,,,1.0,,,1.0,,,,,,,,,,,,,,,,,,,,,,,,,,,,84.70588235294117,,12.0,22.0,12.0,22.0,1.0,1.0,1.0,1.0,,,,,,,,,,,,,,,,,,,,,,,,,,,,,,,,1.0,,0.7145,,,,,,,,1.0,,,,,,,,,,,1610612739,2017,2016-17,False
101112-101114-202681-202682-2544,1610612739,"Channing Frye, Deron Williams, Kyrie Irving, Derrick Williams, LeBron James","Frye, Williams, Irving, Williams, James",101112-101114-202681-202682-2544,CLE,32.0,1,1.0,,1.0,1.0,1.0,,,2.0,,,,,,,,,1.0,1.0,,,,,,,,,,,,,1.0,1.0,,,,2.0,2.0,,,,,,,1.0,1.0,,,,2.0,2.0,,,,,,,,1.0,,1.0,,,,,1.0,2.0,,,,,,,,,,,,,,,,,,,,,,,,,1.0,,1.0,,,,,,,,,,,,,,,,,,,,,,,,,2.0,2.0,1.0,,,1.0,1.0,,,,,,1.0,,1.0,1.0,,1.0,1.0,,1.0,,,,,,,,,,,,,,,,,,,,,,,,,,90.0,,11.0,21.0,11.0,21.0,,,,,,,,,1.0,1.0,1.0,1.0,,,,,,,,,,,,,,,,,,,,,,,,,,0.4133,,0.4133,,,,,1.0,15.4,,1.0,,,,,,,,,1610612739,2017,2016-17,False
101112-101114-202681-2544-2747,1610612739,"Channing Frye, Deron Williams, Kyrie Irving, LeBron James, JR Smith","Frye, Williams, Irving, James, Smith",101112-101114-202681-2544-2747,CLE,32.0,1,1.0,2.0,1.0,1.0,1.0,,,2.0,1.0,1.0,,,1.0,1.0,,,,,,,,,,,,,,,,,1.0,1.0,,,,2.0,,,,,,,,1.0,1.0,,,,2.0,,2.0,,,,,,,,,,,,,,,,,,,,1.0,,1.0,,1.0,,,,,,,,,,,,,,,,,,,,,,,,,,,,,,,,,,,,,,,,,,,2.0,2.0,1.0,,,,,,,,,,1.0,,1.0,1.0,,1.0,1.0,,1.0,,,,,,,,,1.0,,,,1.0,,,,,,,,,1.0,,,,90.0,,5.0,27.0,5.0,27.0,1.0,1.0,1.0,,,,,,,,,,,,,,,,,,,,,,,,,,,1.0,1.0,,,,,1.0,,0.5146,,0.5146,,,,,1.0,2.3,,1.0,,,,,,,,,1610612739,2017,2016-17,False
101112-202697-202732-203895-2399,1610612739,"Channing Frye, Iman Shumpert, DeAndre Liggins, Jordan McRae, Mike Dunleavy","Frye, Shumpert, Liggins, McRae, Dunleavy",101112-202697-202732-203895-2399,CLE,31.0,1,1.0,-3.0,1.0,1.0,1.0,1.0,,2.0,,,,,,,,1.0,,,,,,,,,,,,,,,,1.0,,,,,3.0,,,,,,,,1.0,,,,,,,,,,,,,,,,,,,,,,,,,,,,,,,,,,,,,,,,,,,,,,1.0,,1.0,,,,,,,,,,,,,,,,,,,,,,,,,,,1.0,,,,,,,,,,,,,,,,,,,,,,,,,,,,,,,,,,,,,,,,,,,,92.9032258064516,,11.0,20.0,11.0,20.0,,,,,1.0,,,,,,,,,,,,,,,,,,,,,,,,,,,,,,,,,0.2897,,0.2897,,,,,,13.5,,1.0,,,,,,,,,1610612739,2017,2016-17,False
1627770-202336-202682-2210-2594,1610612739,"Kay Felder, Larry Sanders, Derrick Williams, Richard Jefferson, Kyle Korver","Felder, Sanders, Williams, Jefferson, Korver",1627770-202336-202682-2210-2594,CLE,31.0,1,1.0,,1.0,1.0,,,,2.0,,,,,,,,,,,,,,,,,,,,,,,,,,,,,,,,,,,,,,,,,,,,,,,,,,,,,,,,,,,,,,1.0,,,1.0,,1.0,,,,,,,,1.0,,,,,1.0,,,,,1.0,,,1.0,,,,,,,,,,,,,,,,,,,,,,,,,,,,,,,,,,,,,,,,,,,,,,,,,,,,,0.5,,0.5,,,,,,,,,,1.0,,,92.9032258064516,,2.0,29.0,2.0,22.0,,,,,,,,,,,,,,,,,,,,,,,,,,,,,,,,,,,,,,,,,,,,,,,,,,,,,,,,,1610612739,2017,2016-17,False
202681-202697-2210-2365-2592,1610612739,"Kyrie Irving, Iman Shumpert, Richard Jefferson, Chris Andersen, James Jones","Irving, Shumpert, Jefferson, Andersen, Jones",202681-202697-2210-2365-2592,CLE,30.0,1,,-3.0,,1.0,,,,1.0,,,,,,,,,,,,,,,,,,,,,,,,,,,,,3.0,,,,,,,,,,,,,,,,,,,,,,,,,,,,,,,,,,,,,,,,,,,,,,,,,,,,,,,,,,,,,,,,,,,,,,,,,,,,,,,,,,,,,,,,,,,,,,,,,,,,,,,,,,,,,,,,,,,,,,,,,,,,,,,48.0,,,23.0,,23.0,,,,,,,,,,,,,,,,,,,,,,,,,,,,,,,,,,,,,,,,,,,,,,,,,,,,,,,,,1610612739,2017,2016-17,False
202697-202732-203895-2592-2747,1610612739,"Iman Shumpert, DeAndre Liggins, Jordan McRae, James Jones, JR Smith","Shumpert, Liggins, McRae, Jones, Smith",202697-202732-203895-2592-2747,CLE,30.0,1,,-4.0,2.0,2.0,2.0,2.0,,4.0,,,,,,,,,,,,,,,,,,,,,,,,,,,,,4.0,,,,,,,,,,,,,,,,,,,,,,,,,,,,,,,,,,,,,,,,,,,1.0,,1.0,,,,,,1.0,,1.0,1.0,,1.0,,,,,,,,,,,,,,,,,,,,,,,,,,,2.0,,,,,,,,,,,,,,,,,,,,,,,,1.0,,,,,,,,,,,,,,,,,,,,192.0,,6.5,8.5,6.5,8.5,,,,,,,,,,,,,,,,,,,,,,,,,,,,,,,,,,,,,,,,,,,,,,,,1.0,,,,,,,,,1610612739,2017,2016-17,False
101112-101114-2210-2594-2747,1610612739,"Channing Frye, Deron Williams, Richard Jefferson, Kyle Korver, JR Smith","Frye, Williams, Jefferson, Korver, Smith",101112-101114-2210-2594-2747,CLE,29.0,1,,-2.0,2.0,1.0,2.0,1.0,1.0,3.0,,,,,,,,,,1.0,,,,,,,,1.0,,,,1.0,,1.0,,1.0,,,2.0,,,,,,,,1.0,,1.0,,,,,,,,1.0,,,,,,,,,,,,1.0,,,,,,,1.0,1.0,,,,,,,,,,,,,,,,,,1.0,,,,,,,,,,,,,,,,,,,,,,,,,,,2.0,1.0,,,,,,,,,,,,,,,,,,0.5,,,,,,,,,,,1.0,,0.5,,,,1.0,,,,,,,,148.9655172413793,,11.0,7.0,11.0,7.0,,,,,,,,,0.5,,,,,,,,0.5,,,,,,,,,,,,,,,,,0.5,,0.5,,0.3284,,0.3284,,,,,,19.4,25.8,1.0,,,,,,,,,1610612739,2017,2016-17,False
101114-201567-202684-2210-2544,1610612739,"Deron Williams, Kevin Love, Tristan Thompson, Richard Jefferson, LeBron James","Williams, Love, Thompson, Jefferson, James",101114-201567-202684-2210-2544,CLE,29.0,1,,,1.0,1.0,,,,2.0,,,,,,,,,,,,,,,,,,,,,,,,,,,,,,,,,,,,,,,,,,,,,,,,,,,,,,,,,,,,,,,,,,,,,,,,1.0,,1.0,,,,,,1.0,,,,,1.0,,1.0,,1.0,,,,,,,,,,,,1.0,,,,1.0,1.0,,,,,,,,,,,,,,,,,,,,,,,,,,,,,,1.0,,,,,,,,,,,,,,,,,,,,99.3103448275862,,21.0,8.0,21.0,8.0,,,,,,,,,,,,,,,,,,,,,,,,,,,,,,,,,,,,,,,,,,,,,,,,,,,,,,,,,1610612739,2017,2016-17,False
201567-202681-2210-2399-2747,1610612739,"Kevin Love, Kyrie Irving, Richard Jefferson, Mike Dunleavy, JR Smith","Love, Irving, Jefferson, Dunleavy, Smith",201567-202681-2210-2399-2747,CLE,29.0,1,,-2.0,1.0,1.0,,,,2.0,,,,,,,,,,,,,,,,,,,,,,,,,,,,,2.0,,,,,,,,,,,,,,,,,,,,,,,,,,,,,,,,,,,,,,,,,,,1.0,,1.0,,,,,,1.0,,,,,1.0,,,,,,,,,,,,,,,,,,,,,,,,,,,,,,,,,,,,,,,,,,,,,,,,,,,1.0,,,,,,,,,,,,,,,,,,,,99.3103448275862,,12.0,17.0,12.0,17.0,,,,,,,,,,,,,,,,,,,,,,,,,,,,,,,,,,,,,,,,,,,,,,,,,,,,,,,,,1610612739,2017,2016-17,False
101112-201567-202697-202732-2594,1610612739,"Channing Frye, Kevin Love, Iman Shumpert, DeAndre Liggins, Kyle Korver","Frye, Love, Shumpert, Liggins, Korver",101112-201567-202697-202732-2594,CLE,27.0,1,,2.0,1.0,,,,,1.0,1.0,1.0,,,,,,,,,,,,,,,,,,,,,1.0,1.0,,,,2.0,,,,,,,,,,,,,,,2.0,,,,,,,,,,,,,,,,,,,,,,,,,,,,,,,,,,,,,,,,1.0,,1.0,,,,,,,,,,,,,,,,,,,,,,,,,2.0,,,,,,,,,,,,1.0,,,1.0,,,1.0,,,,,,,,,,,,,,,,,,,,,,,,,,,,53.33333333333333,,4.0,,4.0,,1.0,1.0,1.0,,,,,,,,,,,,,,,,,,,,,,,,,,,,,,,,,1.0,,0.8945,,,,,,,,0.1,,,,,,,,,,,1610612739,2017,2016-17,False
202697-202732-2210-2544-2747,1610612739,"Iman Shumpert, DeAndre Liggins, Richard Jefferson, LeBron James, JR Smith","Shumpert, Liggins, Jefferson, James, Smith",202697-202732-2210-2544-2747,CLE,27.0,1,,,1.0,1.0,1.0,1.0,,2.0,,,,,,,,,,,,,,,,,,,,,,,,,,,,,,,,,,,,,,,,,,,,,,,,,,,,,,,,,,,,,,1.0,,,1.0,,1.0,,,,,,,,,,,,,,,,,,,,,,,,,,,,,,,,,,,,,,,,,,,,,1.0,,,,,,,,,,,,,,,,,,,,,,,,,,,,,1.0,,1.0,,,,,,,,,,1.0,,,106.66666666666666,,17.0,10.0,17.0,10.0,,,,,,,,,,,,,,,,,,,,,,,,,,,,,,,,,,,,,,,,,,,,,,,,1.0,,,,,,,,,1610612739,2017,2016-17,False
101112-101114-201567-2544-2747,1610612739,"Channing Frye, Deron Williams, Kevin Love, LeBron James, JR Smith","Frye, Williams, Love, James, Smith",101112-101114-201567-2544-2747,CLE,26.0,1,,,1.0,,1.0,,1.0,1.0,,,,,,,,,,,,,,,,,,1.0,,,,1.0,,,,1.0,,,,,,,,,,,,,1.0,,,,,,,,1.0,,,,,,,,,,,,1.0,,,,,,,1.0,1.0,,,,,,,,,,,,,,,,,,,,,,,,,,,,,,,,,,,,,,,,,,,,,1.0,,,,,,,,,,,,,,,,,,,1.0,,,,,,,,,,,1.0,,1.0,,,,1.0,,,,,,,,55.38461538461538,,26.0,,26.0,,,,,,,,,,,,,,,,,,1.0,,,,,,,,,,,,,,,,,1.0,,1.0,,0.2544,,0.2544,,,,,,,24.9,1.0,,,,,,,,,1610612739,2017,2016-17,False
101112-202684-202697-202732-2747,1610612739,"Channing Frye, Tristan Thompson, Iman Shumpert, DeAndre Liggins, JR Smith","Frye, Thompson, Shumpert, Liggins, Smith",101112-202684-202697-202732-2747,CLE,26.0,1,,-1.0,1.0,1.0,,1.0,,2.0,,,,,,,,,,,,,,,,,,,,,,,,,,,2.0,2.0,3.0,,,,,,,,,,,,,,,,,,,,,,,,,,,,,,,,,,,,,,,,,,,,,,,,,,,,,,,,,,,,1.0,,,,,2.0,,,,1.0,,,,,,,,,,,,2.0,,,,,,,,,,,,,,,,,,1.0,,,,,,,,,,,,,,,,,,,,,,,,,,,,110.76923076923076,,21.0,5.0,21.0,5.0,,,,,,,,,,,,,,,,,,,,,,,,,,,,,,,,,,,,,,,,,1.0,1.0,,,,,,,,,,,,,,,1610612739,2017,2016-17,False
201567-202684-202732-203895-2747,1610612739,"Kevin Love, Tristan Thompson, DeAndre Liggins, Jordan McRae, JR Smith","Love, Thompson, Liggins, McRae, Smith",201567-202684-202732-203895-2747,CLE,26.0,1,,1.0,1.0,1.0,1.0,1.0,,2.0,,,,,,,,,,,,,,,,,1.0,1.0,,,1.0,1.0,,,1.0,1.0,,3.0,2.0,,,,,,,,,1.0,1.0,,3.0,,,3.0,,,1.0,1.0,,,1.0,1.0,1.0,,,,,3.0,,,,,,,,,,,,,,,,,,,,,,,,,,,1.0,,,,,,,,,,,,,,,,,,,,,,,,,3.0,3.0,1.0,1.0,,,,1.0,1.0,,1.0,1.0,,,,1.5,,1.5,1.5,,1.5,1.0,,,,,,,,,,,,,,,,,,,,,,,,,110.76923076923076,,18.0,8.0,18.0,8.0,,,,,,,,,,,,,,,,,1.0,1.0,1.0,1.0,,,,,,,,,,,,,,1.0,1.0,1.0,1.0,0.5202,,0.5202,,,,,1.0,,25.7,1.0,,,,,,,,,1610612739,2017,2016-17,False
202684-202732-2210-2592-2747,1610612739,"Tristan Thompson, DeAndre Liggins, Richard Jefferson, James Jones, JR Smith","Thompson, Liggins, Jefferson, Jones, Smith",202684-202732-2210-2592-2747,CLE,26.0,1,,-3.0,1.0,1.0,1.0,1.0,,2.0,,,,,,,,,,,,,,,,,,,,,,,,,,,,,3.0,,,,,,,,,,,,,,,,,,,,,,,,,,,,,,,,,,,,,,,,,,,,1.0,,1.0,,,,,1.0,,1.0,,,,,,,,,,,,,,,,,,,,,,,,,,,,,,1.0,,,,,,,,,,,,,,,,,,,,,,,,,,,,,,,,,,,,,,,,,,,,110.76923076923076,,14.0,12.0,14.0,12.0,,,,,,,,,,,,,,,,,,,,,,,,,,,,,,,,,,,,,,,,,,,,,,,,1.0,,,,,,,,,1610612739,2017,2016-17,False
101112-1627770-202684-202732-2747,1610612739,"Channing Frye, Kay Felder, Tristan Thompson, DeAndre Liggins, JR Smith","Frye, Felder, Thompson, Liggins, Smith",101112-1627770-202684-202732-2747,CLE,24.0,1,,1.0,2.0,3.0,2.0,3.0,,5.0,1.0,1.0,,,1.0,1.0,,,,,,,,,,,,,,,,,1.0,1.0,,,1.0,3.0,2.0,,,,,,,1.0,1.0,,,1.0,3.0,2.0,,,,,,,,1.0,,1.0,,,1.0,,,2.0,,,,,,1.0,1.0,,1.0,,,,,,,,,,,,,,,,,,1.0,,,,1.0,,,,,2.0,,,,,,1.0,,,,,,,,,,3.0,3.0,2.0,1.0,1.0,1.0,1.0,,,,,,1.0,,1.0,1.0,,1.0,0.75,,0.75,,,,,,,1.0,,,,,,,,,,,,,,,,,,,300.0,,5.0,4.666666666666667,5.0,4.666666666666667,1.0,1.0,1.0,1.0,,,,,,,,,,,,,,,,,,,,,,,,,,1.0,1.0,,,,,1.0,,0.6362,,0.6362,,,,,1.0,2.3,,1.0,,,,,,,,,1610612739,2017,2016-17,False
101112-1627770-203895-2544-2594,1610612739,"Channing Frye, Kay Felder, Jordan McRae, LeBron James, Kyle Korver","Frye, Felder, McRae, James, Korver",101112-1627770-203895-2544-2594,CLE,24.0,1,,,1.0,2.0,,1.0,,3.0,,1.0,,,,,,,,,,,,,,,,,,,,,,1.0,,,,,,,,,,,,,,,,,,,,,,,,,,,,,,,,,,,,,,,,1.0,1.0,,1.0,,,,,,,,,,,,,,,,,,,,,,,,,,,,,,,,,,,,,,,,,,,,,,,,,,,,,,,,,,,,,,,,,,,,,,1.0,,,,,,,,,,,,,,,,,,,180.0,,16.0,4.0,16.0,4.0,1.0,,,,,,,,,,,,,,,,,,,,,,,,,,,,,,,,,,,1.0,,0.5626,,,,,,,,1.9,,,,,,,,,,,1610612739,2017,2016-17,False
101112-201567-202732-203895-2210,1610612739,"Channing Frye, Kevin Love, DeAndre Liggins, Jordan McRae, Richard Jefferson","Frye, Love, Liggins, McRae, Jefferson",101112-201567-202732-203895-2210,CLE,24.0,1,,-3.0,1.0,1.0,1.0,1.0,,2.0,,,,,,,,1.0,,,,,,,,,,,,,,,,1.0,,,,,3.0,,,,,,,,1.0,,,,,,,,,,,,,,,,,,,,,,,,,,,,,,,,,,,,,,,,,,,,,,,,,,,,,,,,,,,,,,,,,,,,,,,,,,,1.0,,,,,,,,,,,,,,,,,,,,,,,,,,,,,,,,,,,,,,,,,,,,120.0,,3.0,21.0,3.0,,,,,,1.0,,,,,,,,,,,,,,,,,,,,,,,,,,,,,,,,,0.2301,,0.2301,,,,,,11.2,,1.0,,,,,,,,,1610612739,2017,2016-17,False
101106-101114-202682-2544-2594,1610612739,"Andrew Bogut, Deron Williams, Derrick Williams, LeBron James, Kyle Korver","Bogut, Williams, Williams, James, Korver",101106-101114-202682-2544-2594,CLE,22.0,1,,,,,,,,,,,,,,,,,,,,,,,,,,,,,,,,,,,,,,,,,,,,,,,,,,,,,,,,,,,,,,,,,,,,,,,,,,,,,,,,,,,,,,,,,,,,,1.0,,,,,,,,,,,,,,,,,,,,,,,,,,,,,,,,,,,,,,,,,,,,,,,,,,,,,,,,,,,,,,,,,,,,,,,,,,,,,,,,,,,,,,,,,,,,,,,,,,,,,,,,,,,,,,,,,,,,,,,,,,,,,,,,,,,,,1610612739,2017,2016-17,False
101112-202732-2210-2592-2594,1610612739,"Channing Frye, DeAndre Liggins, Richard Jefferson, James Jones, Kyle Korver","Frye, Liggins, Jefferson, Jones, Korver",101112-202732-2210-2592-2594,CLE,22.0,1,,,,1.0,,1.0,,1.0,,,,,,,,,,,,,,,,,,,,,,,,,,,,,,,,,,,,,,,,,,,,,,,,,,,,,,,,,,,,,,,,,,,,,,,,,,,,,,,,,,,,,,,,,,,,,,,,,,,,,,,,,,,,,,,,,,,,,,,,,,,,,,,,,,,,,,,,,,,,,,,,,,,,,,,,,,,,65.45454545454545,,,22.0,,22.0,,,,,,,,,,,,,,,,,,,,,,,,,,,,,,,,,,,,,,,,,,,,,,,,,,,,,,,,,1610612739,2017,2016-17,False
201567-202682-202684-2544-2594,1610612739,"Kevin Love, Derrick Williams, Tristan Thompson, LeBron James, Kyle Korver","Love, Williams, Thompson, James, Korver",201567-202682-202684-2544-2594,CLE,21.0,1,,2.0,1.0,1.0,1.0,1.0,,2.0,,,,,,,,,,,,,,,,,,,,,,,,,,,2.0,2.0,,,,,,,,,,,,2.0,2.0,,,,,,,,,,,,,,,,,,,,,1.0,,,1.0,,1.0,,,,,,,,,,,,,,,,,,,,,,1.0,,1.0,,,2.0,,,,,,1.0,,,,,,,,,,2.0,2.0,1.0,,1.0,,,,,,,,,,,,,,1.0,,1.0,,,,,,,,,,,1.0,,1.0,,,,,,,,,,1.0,,,137.14285714285714,,,21.0,,21.0,,,,,,,,,,,,,,,,,,,,,,,,,,,,,,,,,,,,,,,,,,,,,1.0,,,1.0,,,,,,,,,1610612739,2017,2016-17,False
101114-202682-202697-2544-2747,1610612739,"Deron Williams, Derrick Williams, Iman Shumpert, LeBron James, JR Smith","Williams, Williams, Shumpert, James, Smith",101114-202682-202697-2544-2747,CLE,20.0,1,,2.0,1.0,,1.0,,,1.0,1.0,1.0,,,1.0,1.0,,,,,,,,,,,,,,,,,1.0,1.0,,,,2.0,,,,,,,,1.0,1.0,,,,2.0,,2.0,,,,,,,,,,,,,,,,,,,,,,,,,,,,,,,,,,,,,,,,,,,,,,,,,,,,,,,,,,,,,,,,,,,2.0,2.0,1.0,,,,,,,,,,1.0,,1.0,1.0,,1.0,1.0,,1.0,,,,,,,,,,,,,,,,,,,,,,,,,,72.0,,18.0,,18.0,,1.0,1.0,1.0,,,,,,,,,,,,,,,,,,,,,,,,,,,1.0,1.0,,,,,1.0,,0.4189,,0.4189,,,,,1.0,2.3,,1.0,,,,,,,,,1610612739,2017,2016-17,False
201567-202684-202697-2399-2747,1610612739,"Kevin Love, Tristan Thompson, Iman Shumpert, Mike Dunleavy, JR Smith","Love, Thompson, Shumpert, Dunleavy, Smith",201567-202684-202697-2399-2747,CLE,20.0,1,,,,,,,,,,,,,,,,,,1.0,,,,,,,,,,,,,,1.0,,,,,,,,,,,,,,,,,,,,,,,,,,,,,,,,,,,,1.0,,,,,,1.0,1.0,,,,,,,,,,,,,,,,,,,,,,1.0,,,,,,,,,,,,,,,,,,,,,,,,,,,,,,,,,,,,,,,,,,,,,,,,,,,1.0,,,,1.0,,,1.0,,,,,,,,,,,,,,,,,,,,,,,1.0,,,,,,,,,,,,,,,,,,,,,,,,,,,,,0.3817,,,,,,,,16.9,,,,,,,,,,,1610612739,2017,2016-17,False
101112-1627770-202732-2544-2594,1610612739,"Channing Frye, Kay Felder, DeAndre Liggins, LeBron James, Kyle Korver","Frye, Felder, Liggins, James, Korver",101112-1627770-202732-2544-2594,CLE,19.0,1,,-2.0,,1.0,,1.0,,1.0,,,,,,,,,,,,,,,,,,,,,,,,,,,,,2.0,,,,,,,,,,,,,,,,,,,,,,,,,,,,,,,,,,,,,,,,,,,,,,,,,,,,,,,,,,,,,,,,,,,,,,,,,,,,,,,,,,,,,,,,,,,,,,,,,,,,,,,,,,,,,,,,,,,,,,,,,,,,,,,75.78947368421053,,,14.0,,14.0,,,,,,,,,,,,,,,,,,,,,,,,,,,,,,,,,,,,,,,,,,,,,,,,,,,,,,,,,1610612739,2017,2016-17,False
101114-201567-202682-2594-2747,1610612739,"Deron Williams, Kevin Love, Derrick Williams, Kyle Korver, JR Smith","Williams, Love, Williams, Korver, Smith",101114-201567-202682-2594-2747,CLE,19.0,1,,,1.0,1.0,,,,2.0,,,,,,,,,,,,,,,,,1.0,1.0,,,,,,,1.0,1.0,,3.0,3.0,,,,,,,,,,,,,,,,3.0,,1.0,1.0,,,,,,,,,,,,,,,,,,,,,,,,,,,,,,,,,,,1.0,,1.0,,,,,,,,,,,,,,,,,,,,,,,,,3.0,,,,,,,,1.0,,,1.0,,,,1.5,,,1.5,,,1.0,,,,,,,,,,,,,,,,,,,,,,,,,151.57894736842107,,9.0,10.0,9.0,10.0,,,,,,,,,,,,,,,,,1.0,1.0,1.0,,,,,,,,,,,,,,,,,1.0,1.0,0.55005,,,,,,,,,25.2,,,,,,,,,,1610612739,2017,2016-17,False
202682-202684-202697-202732-2544,1610612739,"Derrick Williams, Tristan Thompson, Iman Shumpert, DeAndre Liggins, LeBron James","Williams, Thompson, Shumpert, Liggins, James",202682-202684-202697-202732-2544,CLE,17.0,1,,,,1.0,,1.0,,1.0,,,,,,,,,,,,,,,,,,,,,,,,,,,,,,,,,,,,,,,,,,,,,,,,,,,,,,,,,,,,,,,,,,,,,,,,,,,,,,,,,,,,,,,,,,,,,,,,,,,,,1.0,,,,1.0,1.0,,,,,,,,,,,,,,,,,,,,,,,,,,,,,,,,,,,,,,,,,,,,,,,,,,84.70588235294117,,,17.0,,17.0,,,,,,,,,,,,,,,,,,,,,,,,,,,,,,,,,,,,,,,,,,,,,,,,,,,,,,,,,1610612739,2017,2016-17,False
101114-202681-202697-2210-2747,1610612739,"Deron Williams, Kyrie Irving, Iman Shumpert, Richard Jefferson, JR Smith","Williams, Irving, Shumpert, Jefferson, Smith",101114-202681-202697-2210-2747,CLE,16.0,1,,2.0,1.0,1.0,1.0,1.0,,2.0,1.0,1.0,,,1.0,1.0,,,,,,,,,,,,,,,,,1.0,1.0,,,,2.0,,,,,,,,1.0,1.0,,,,2.0,,2.0,,,,,,,,,,,,,,,,,,,1.0,,,1.0,,1.0,,,,,,,,,,,,,,,,,,,,,,,,,,,,,,,,,,,,,,,,,,,2.0,2.0,1.0,,,,,,,,,,1.0,,1.0,1.0,,1.0,1.0,,1.0,,,,,,,,,,,1.0,,1.0,,,,,,,,,,1.0,,,180.0,,9.0,7.0,9.0,2.0,1.0,1.0,1.0,,,,,,,,,,,,,,,,,,,,,,,,,,,1.0,1.0,,,,,1.0,,0.7083,,0.7083,,,,,1.0,0.8,,1.0,,,,,,,,,1610612739,2017,2016-17,False
201567-203895-2210-2399-2747,1610612739,"Kevin Love, Jordan McRae, Richard Jefferson, Mike Dunleavy, JR Smith","Love, McRae, Jefferson, Dunleavy, Smith",201567-203895-2210-2399-2747,CLE,16.0,1,,,,1.0,,1.0,,1.0,,,,,,,,,,,,,,,,,,,,,,,,,,,,,,,,,,,,,,,,,,,,,,,,,,,,,,,,,,,,,,,1.0,,1.0,,1.0,,,,,,,,,,,,,,,,,,,,,,,,,,,,,,,,,,,,,,,,,,,,,,,,,,,,,,,,,,,,,,,,,,,,,,,,1.0,,,,0.5,,,,,,,,1.0,,,,,90.0,,,16.0,,15.0,,,,,,,,,,,,,,,,,,,,,,,,,,,,,,,,,,,,,,,,,,,,,,,,,,,,,,,,,1610612739,2017,2016-17,False
202697-202732-203895-2210-2592,1610612739,"Iman Shumpert, DeAndre Liggins, Jordan McRae, Richard Jefferson, James Jones","Shumpert, Liggins, McRae, Jefferson, Jones",202697-202732-203895-2210-2592,CLE,16.0,1,,,,,,,,,,,,,,,,,,,,,,,,,,,,,,,,,,,,,,,,,,,,,,,,,,,,,,,,,,,,,,,,,,,,,,,,,,,,,,,,,,,,,,,,,,,1.0,,1.0,,,,,,,,,,,,,,,,,,,,,,,,,,,,,,,,,,,,,,,,,,,,,,,,,,,,,,,,,,,,,,,,,,,,,,,,,,,,,,,,,,,,,,,,,,,,,,,,,,,,,,,,,,,,,,,,,,,,,,,,,,,,,,,,,,,,,1610612739,2017,2016-17,False
202681-202684-202697-202732-203895,1610612739,"Kyrie Irving, Tristan Thompson, Iman Shumpert, DeAndre Liggins, Jordan McRae","Irving, Thompson, Shumpert, Liggins, McRae",202681-202684-202697-202732-203895,CLE,15.0,1,,,,1.0,,1.0,,1.0,,,,,,,,,,,,,,,,,,,,,,,,,,,,,,,,,,,,,,,,,,,,,,,,,,,,,,,,,,,,,,,,,,,,,,,,,,,,,,,,,,,,,,,,,,,,,,,,,,,,,,,,,,,,,,,,,,,,,,,,,,,,,,,,,,,,,,,,,,,,,,,,,,,,,,,,,,,,96.0,,,15.0,,15.0,,,,,,,,,,,,,,,,,,,,,,,,,,,,,,,,,,,,,,,,,,,,,,,,,,,,,,,,,1610612739,2017,2016-17,False
202697-202732-2210-2365-2399,1610612739,"Iman Shumpert, DeAndre Liggins, Richard Jefferson, Chris Andersen, Mike Dunleavy","Shumpert, Liggins, Jefferson, Andersen, Dunleavy",202697-202732-2210-2365-2399,CLE,15.0,1,,-2.0,1.0,1.0,,,,2.0,,,,,,,,1.0,,,,,,,,,,,,,,,,1.0,,,,,2.0,,,,,,,,,,,,,,,,,,,,,,,,,,,,,,,,,,,,,,,,,,,,,,,,,,,,,,1.0,,1.0,,,,,,,,,,,,,,,,,,,,,,,,,,,,,,,,,,,,,,,,,,,,,,,,,,,,,,,,,,,,,,,,,,,,,,,192.0,,5.0,10.0,5.0,10.0,,,,,1.0,,,,,,,,,,,,,,,,,,,,,,,,,,,,,,,,,0.3682,,,,,,,,9.6,,,,,,,,,,,1610612739,2017,2016-17,False
101112-101114-201567-2594-2747,1610612739,"Channing Frye, Deron Williams, Kevin Love, Kyle Korver, JR Smith","Frye, Williams, Love, Korver, Smith",101112-101114-201567-2594-2747,CLE,14.0,1,,,,,,,,,,,,,,,,,,,,,,,,,,,,,,,,,,,,,,,,,,,,,,,,,,,,,,,,,,,,,,,,,,,,,,,,,,,,,,,,,,,,,,,,,,,,,,,,,1.0,,,,,,,,,,,,,,,,,,,,,,,,,,,,,,,,,,,,,,,,,,,,,,,,,,,,,,,,,,,,,,,,,,,,,,,,,,,,,,,,,,,,,,,,,,,,,,,,,,,,,,,,,,,,,,,,,,,,,,,,,,,,,,,,,1610612739,2017,2016-17,False
101112-201567-202681-202732-2544,1610612739,"Channing Frye, Kevin Love, Kyrie Irving, DeAndre Liggins, LeBron James","Frye, Love, Irving, Liggins, James",101112-201567-202681-202732-2544,CLE,14.0,1,,-2.0,,1.0,,,,1.0,,,,,,,,,,,,,,,,,,,,,,,,,,,,,2.0,,,,,,,,,,,,,,,,,,,,,,,,,,,,,,,,,,,,,,,,,,,,,,,,,,,,,,1.0,1.0,1.0,,,,,,,,,,,,,,,,,,,,,,,,,,,,,,,,,,,,,,,,,,,,,,,,,,,,,,,,,,,,,,,,,,,,,,,102.85714285714286,,,14.0,,14.0,,,,,,,,,,,,,,,,,,,,,,,,,,,,,,,,,,,,,,,,,,,,,,,,,,,,,,,,,1610612739,2017,2016-17,False
201567-202697-202732-2544-2747,1610612739,"Kevin Love, Iman Shumpert, DeAndre Liggins, LeBron James, JR Smith","Love, Shumpert, Liggins, James, Smith",201567-202697-202732-2544-2747,CLE,14.0,1,,1.0,1.0,1.0,1.0,1.0,,2.0,1.0,1.0,,,1.0,1.0,,,,,,,,,,,,,,,,,1.0,1.0,,,1.0,3.0,2.0,,,,,,,1.0,1.0,,,1.0,3.0,2.0,,,,,,,,1.0,,1.0,,,1.0,,,2.0,,,,,,,,,,,,,,,,,,,,,,,,,,,,,,,1.0,,,,,1.0,1.0,,,1.0,,,,,,,,,,,,3.0,3.0,1.0,,,1.0,1.0,,,,,,1.0,,1.0,1.0,,1.0,1.5,,1.5,,,,,,,,,,,,,,,,,,,,,,,,,,205.71428571428572,,7.0,7.0,7.0,7.0,1.0,1.0,1.0,1.0,,,,,,,,,,,,,,,,,,,,,,,,,,1.0,1.0,,,,,1.0,,0.7177,,0.7177,1.0,1.0,,,1.0,0.4,,1.0,,,,,,,,,1610612739,2017,2016-17,False
201567-202732-2210-2544-2594,1610612739,"Kevin Love, DeAndre Liggins, Richard Jefferson, LeBron James, Kyle Korver","Love, Liggins, Jefferson, James, Korver",201567-202732-2210-2544-2594,CLE,13.0,1,,2.0,1.0,,,,,1.0,1.0,1.0,,,,,,,,,,,,,,,,,,,,,1.0,1.0,,,,2.0,,,,,,,,,,,,,,,2.0,,,,,,,,,,,,,,,,,,,,,,,,,,,,,,,,,,,,,,,,,,,,,,,,,,,,,,,,,,,,,,,,,,,2.0,,,,,,,,,,,,1.0,,,1.0,,,1.0,,,,,,,,,,,,,,,,,,,,,,,,,,,,110.76923076923076,,13.0,,13.0,,1.0,1.0,1.0,,,,,,,,,,,,,,,,,,,,,,,,,,,,,,,,,1.0,,0.8725,,,,,,,,0.1,,,,,,,,,,,1610612739,2017,2016-17,False
202682-202684-202732-2210-2594,1610612739,"Derrick Williams, Tristan Thompson, DeAndre Liggins, Richard Jefferson, Kyle Korver","Williams, Thompson, Liggins, Jefferson, Korver",202682-202684-202732-2210-2594,CLE,13.0,2,,-3.0,,2.0,,2.0,,2.0,,,,,,,,,,,,,,,,,,,,,,,,,,,,,3.0,,,,,,,,,,,,,,,,,,,,,,,,,,,,,,,,,,,,,,,,,,,,,,,,,,,,,,,,,,,,,,,,,,,,,,,,,,,,,,,,,,,,,,,,,,,,,,,,,,,,,,,,,,,,,,,,,,,,,,,,,,,,,,,221.53846153846152,,,6.0,,6.0,,,,,,,,,,,,,,,,,,,,,,,,,,,,,,,,,,,,,,,,,,,,,,,,,,,,,,,,,1610612739,2017,2016-17,False
101112-1627770-202684-203895-2544,1610612739,"Channing Frye, Kay Felder, Tristan Thompson, Jordan McRae, LeBron James","Frye, Felder, Thompson, McRae, James",101112-1627770-202684-203895-2544,CLE,12.0,1,,2.0,1.0,1.0,,,,2.0,,,,,,,,,,,,,,,,,,,,,,,,,,,2.0,2.0,,,,,,,,,,,,,,,,,,,,,,,,,,,,,,,,,,,,,,,,,1.0,,1.0,,,,,,,,,,,,,,,,,,1.0,,,,,2.0,,,,1.0,,,,,,,,,,,,2.0,,,,,,,,,,,,,,,,,,1.0,,,,,,,,,,,,,,,,,,,,,,,,,,,,240.0,,2.0,10.0,2.0,10.0,,,,,,,,,,,,,,,,,,,,,,,,,,,,,,,,,,,,,,,,,1.0,1.0,,,,,,,,,,,,,,,1610612739,2017,2016-17,False
101114-202681-202684-202732-2210,1610612739,"Deron Williams, Kyrie Irving, Tristan Thompson, DeAndre Liggins, Richard Jefferson","Williams, Irving, Thompson, Liggins, Jefferson",101114-202681-202684-202732-2210,CLE,12.0,1,,,1.0,1.0,1.0,,,2.0,,,,,,,,,,,,,,,,,,1.0,,,,1.0,,,,1.0,,,,,,,,,,,,,1.0,,,,,,,,1.0,,,,,,,,,,,,,,,,,,,,,,,,,,,,,,,,,,,,,,,,,,,,,,,,,,,,,,,,,,,,,,,,,1.0,,,,,,,,,,,,,,,,,,,1.0,,,,,,,,,,,,,,,,,,,,,,,,,240.0,,4.0,8.0,4.0,8.0,,,,,,,,,,,,,,,,,1.0,,,,,,,,,,,,,,,,,1.0,,1.0,,0.11535,,0.11535,,,,,,,34.0,1.0,,,,,,,,,1610612739,2017,2016-17,False
201567-202681-202684-202732-2399,1610612739,"Kevin Love, Kyrie Irving, Tristan Thompson, DeAndre Liggins, Mike Dunleavy","Love, Irving, Thompson, Liggins, Dunleavy",201567-202681-202684-202732-2399,CLE,12.0,1,,2.0,1.0,1.0,,1.0,,2.0,,,,,,,1.0,1.0,,,,,,,,,,,,,,,1.0,1.0,,,,2.0,,,,,,,,,,,,,,2.0,,,,,,,,1.0,,1.0,,,,1.0,,2.0,,,,,,1.0,1.0,,1.0,,,,,,,,,,,,,,,,,,,,,,,,,,,,,,,,,,,,,,,,,,,2.0,,,,,1.0,1.0,,,,,,1.0,,,1.0,,,1.0,,,,,,,,,1.0,,,,,,,,,,,,,,,,,,,240.0,,11.0,1.0,11.0,1.0,,,,,1.0,1.0,1.0,1.0,,,,,,,,,,,,,,,,,,,,,,,,,,,,,,0.4102,,,,,,,,10.5,,,,,,,,,,,1610612739,2017,2016-17,False
202684-202697-202732-2399-2544,1610612739,"Tristan Thompson, Iman Shumpert, DeAndre Liggins, Mike Dunleavy, LeBron James","Thompson, Shumpert, Liggins, Dunleavy, James",202684-202697-202732-2399-2544,CLE,12.0,1,,,1.0,,,,,1.0,,,,,,,,,,,,,,,,,,,,,,,,,,,,,,,,,,,,,,,,,,,,,,,,,,,,,,,,,,,,,,,,,,,,,,,,1.0,,,,,1.0,,,1.0,,,,,1.0,,,,,,,,,,,,,,,,,,,,,,,,,,,,,,,,,,,,,,,,,,,,,,,,,,,1.0,,,,,,,,,,,,,,,,,,,,120.0,,11.0,,11.0,,,,,,,,,,,,,,,,,,,,,,,,,,,,,,,,,,,,,,,,,,,,,,,,,,,,,,,,,,1610612739,2017,2016-17,False
101112-202681-202682-202697-2544,1610612739,"Channing Frye, Kyrie Irving, Derrick Williams, Iman Shumpert, LeBron James","Frye, Irving, Williams, Shumpert, James",101112-202681-202682-202697-2544,CLE,10.0,1,,1.0,1.0,1.0,,1.0,,2.0,,,,,,,,,,,,,,,,,1.0,1.0,,,,,,,1.0,1.0,,3.0,2.0,,,,,,,,,,,,,,,3.0,,,1.0,1.0,,,1.0,1.0,1.0,,,,,3.0,,,,,,,,,,,,,,,,,,,,,,,,,,,1.0,,,,,,,,,,,,,,,,,,,,,,,,,3.0,,,1.0,,,,1.0,1.0,,,1.0,,,,1.5,,,1.5,,,1.0,,,,,,,,,,,,,,,,,,,,,,,,,288.0,,9.0,1.0,9.0,1.0,,,,,,,,,,,,,,,,,1.0,1.0,1.0,1.0,,,,,,,,,,,,,,,,1.0,1.0,0.4062,,,,,,,,,25.6,,,,,,,,,,1610612739,2017,2016-17,False
101114-202681-202682-202684-2594,1610612739,"Deron Williams, Kyrie Irving, Derrick Williams, Tristan Thompson, Kyle Korver","Williams, Irving, Williams, Thompson, Korver",101114-202681-202682-202684-2594,CLE,10.0,1,,,1.0,,1.0,,,1.0,,,,,,,,,,,,,,,,,,,,,,,,,,,,,,,,,,,,,,,,,,,,,,,,,,,,,,,,,,,,,,,,,,,,,,,,,,,,,,,,,,,,,1.0,,,,,,,,,,,,,,,,,,,,,,,,,,,1.0,,,,,,,,,,,,,,,,,,,,,,,,,,,,,,,,,,,,,,,,,,,,144.0,,,,,,,,,,,,,,,,,,,,,,,,,,,,,,,,,,,,,,,,,,,,,,,,,,,,,1.0,,,,,,,,,1610612739,2017,2016-17,False
101114-202682-202684-202697-2747,1610612739,"Deron Williams, Derrick Williams, Tristan Thompson, Iman Shumpert, JR Smith","Williams, Williams, Thompson, Shumpert, Smith",101114-202682-202684-202697-2747,CLE,9.0,1,,-3.0,,1.0,,,,1.0,,,,,,,,,,,,,,,,,,,,,,,,,,,,,3.0,,,,,,,,,,,,,,,,,,,,,,,,,,,,,,,,,,,,,,,,,,,,,,,,,,,,,,1.0,,1.0,,,,,,,,,,,,,,,,,,,,,,,,,,,,,,,,,,,,,,,,,,,,,,,,,,,,,,,,,,,,,,,,,,,,,,,160.0,,,9.0,,9.0,,,,,,,,,,,,,,,,,,,,,,,,,,,,,,,,,,,,,,,,,,,,,,,,,,,,,,,,,1610612739,2017,2016-17,False
202681-202684-2210-2592-2594,1610612739,"Kyrie Irving, Tristan Thompson, Richard Jefferson, James Jones, Kyle Korver","Irving, Thompson, Jefferson, Jones, Korver",202681-202684-2210-2592-2594,CLE,9.0,1,,,,1.0,,1.0,,1.0,,,,,,,,,,,,,,,,,,,,,,,,,,,,,,,,,,,,,,,,,,,,,,,,,,,,,,,,,,,,,,,,,,,,,,,,,,,,,,,,,,,,,1.0,,,,,,,,,,,,,,,,1.0,,,1.0,,1.0,,,,,,,,,,,,,,,,,,,,,,,,,,,,,,,,,,,,,,,,,,,,,,,,,,160.0,,,9.0,,9.0,,,,,,,,,,,,,,,,,,,,,,,,,,,,,,,,,,,,,,,,,,,,,,,,,,,,,,,,,1610612739,2017,2016-17,False
201567-202697-202732-2210-2399,1610612739,"Kevin Love, Iman Shumpert, DeAndre Liggins, Richard Jefferson, Mike Dunleavy","Love, Shumpert, Liggins, Jefferson, Dunleavy",201567-202697-202732-2210-2399,CLE,7.0,1,,-2.0,,1.0,,,,1.0,,,,,,,,,,,,,,,,,,,,,,,,,,,,,2.0,,,,,,,,,,,,,,,,,,,,,,,,,,,,,,,,,,,,,,,,,,,,,,,,,,,,,,1.0,,1.0,,,,,,,,,,,,,,,,,,,,,,,,,,,,,,,,,,,,,,,,,,,,,,,,,,,,,,,,,,,,,,,,,,,,,,,205.71428571428572,,,7.0,,7.0,,,,,,,,,,,,,,,,,,,,,,,,,,,,,,,,,,,,,,,,,,,,,,,,,,,,,,,,,1610612739,2017,2016-17,False
202681-202697-202732-2365-2544,1610612739,"Kyrie Irving, Iman Shumpert, DeAndre Liggins, Chris Andersen, LeBron James","Irving, Shumpert, Liggins, Andersen, James",202681-202697-202732-2365-2544,CLE,7.0,1,,,,1.0,,1.0,,1.0,,,,,,,,,,,,,,,,,,,,,,,,,,,,,,,,,,,,,,,,,,,,,,,,,,,,,,,,,,,,,,,1.0,,1.0,,1.0,,,,,,,,,,,,,,,,,,,,,,,,,,,,,,,,,,,,,,,,,,,,,,,,,,,,,,,,,,,,,,,,,,,,,,,,1.0,,,,1.0,,,,,,,,,1.0,,,,205.71428571428572,,,6.0,,6.0,,,,,,,,,,,,,,,,,,,,,,,,,,,,,,,,,,,,,,,,,,,,,,,,,,,,,,,,,1610612739,2017,2016-17,False
101112-201567-2210-2399-2544,1610612739,"Channing Frye, Kevin Love, Richard Jefferson, Mike Dunleavy, LeBron James","Frye, Love, Jefferson, Dunleavy, James",101112-201567-2210-2399-2544,CLE,6.0,1,,,1.0,,1.0,,,1.0,,,,,,,,,,,,,,,,,,1.0,,,,1.0,,,,1.0,,,,,,,,,,,,,1.0,,,,,,,,1.0,,,,,,,,,,,,,,,,,,,,,,,,,,,,,,,,,,,,,,,,,,,,,,,,,,,,,,,,,,,,,,,,,1.0,,,,,,,,,,,,,,,,,,,1.0,,,,,,,,,,,,,,,,,,,,,,,,,240.0,,6.0,,6.0,,,,,,,,,,,,,,,,,,1.0,,,,,,,,,,,,,,,,,1.0,,1.0,,,,,,,,,,,25.0,1.0,,,,,,,,,1610612739,2017,2016-17,False
101114-202681-202682-202697-2594,1610612739,"Deron Williams, Kyrie Irving, Derrick Williams, Iman Shumpert, Kyle Korver","Williams, Irving, Williams, Shumpert, Korver",101114-202681-202682-202697-2594,CLE,6.0,1,,,1.0,,1.0,,,1.0,,,,,,,,,,,,,,,,,,,,,,,,,,,,,,,,,,,,,,,,,,,,,,,,,,,,,,,,,,,,,,,,,,,,,,,,,,,,,,,,,,,,,,,,,1.0,,,,,,,,,,,,,,,,,,,,,,,1.0,,,,,,,,,,,,,,,,,,,,,,,,,,,,,,,,,,,,,,,,,,,,240.0,,6.0,,6.0,,,,,,,,,,,,,,,,,,,,,,,,,,,,,,,,,,,,,,,,,,,,,,,,,1.0,,,,,,,,,1610612739,2017,2016-17,False
201567-202732-2544-2592-2594,1610612739,"Kevin Love, DeAndre Liggins, LeBron James, James Jones, Kyle Korver","Love, Liggins, James, Jones, Korver",201567-202732-2544-2592-2594,CLE,6.0,1,,-3.0,,1.0,,1.0,,1.0,,,,,,,,,,,,,,,,,,1.0,,,,1.0,,,,1.0,,,3.0,,,,,,,,,,1.0,,,,,,,,,,,,,,,,,,,,,,,,,,,,,,,,,,,,,,,,,,,,,,,,,,,,,,,,,,,,,,,,,,,,,,,,,,,,,,,,,,,,,,,,,,,,1.0,,,,,,,,,,,,,,,,,,,,,,,,,240.0,,,5.0,,5.0,,,,,,,,,,,,,,,,,1.0,,,,,,,,,,,,,,,,,1.0,,1.0,,,,,,,,,,,41.4,,,,,,1.0,,,,1610612739,2017,2016-17,False
202681-202682-202697-2210-2544,1610612739,"Kyrie Irving, Derrick Williams, Iman Shumpert, Richard Jefferson, LeBron James","Irving, Williams, Shumpert, Jefferson, James",202681-202682-202697-2210-2544,CLE,6.0,1,,-1.0,1.0,1.0,,,,2.0,,,,,,,,,,,,,,,,,,,,,,,,,,,,,1.0,,,,,,,,,,,,,,,,,,,,,,,,,,,,,,,,,,,,,,,,,,,,,,1.0,,,,,1.0,,,,,2.0,,,1.0,,,,,,,,,,,,,,,,,,,,,,,,,,,,,,,,,,,,,,,,,,,,,,,,,,,,,,,,,,,,,,,,,,,,480.0,,5.0,1.0,5.0,1.0,,,,,,,,,,,,,,,,,,,,,,,,,,,,,,,,,,,,,,,,,,,,,,,,,,,,,,,,,1610612739,2017,2016-17,False
