PLAYER_ID,PLAYER_NAME,NICKNAME,TEAM_ID,TEAM_ABBREVIATION,AGE,GP,W,L,W_PCT,MIN,FGM,FGA,FG_PCT,FG3M,FG3A,FG3_PCT,FTM,FTA,FT_PCT,OREB,DREB,REB,AST,TOV,STL,BLK,BLKA,PF,PFD,PTS,PLUS_MINUS,NBA_FANTASY_PTS,DD2,TD3,WNBA_FANTASY_PTS,GP_RANK,W_RANK,L_RANK,W_PCT_RANK,MIN_RANK,FGM_RANK,FGA_RANK,FG_PCT_RANK,FG3M_RANK,FG3A_RANK,FG3_PCT_RANK,FTM_RANK,FTA_RANK,FT_PCT_RANK,OREB_RANK,DREB_RANK,REB_RANK,AST_RANK,TOV_RANK,STL_RANK,BLK_RANK,BLKA_RANK,PF_RANK,PFD_RANK,PTS_RANK,PLUS_MINUS_RANK,NBA_FANTASY_PTS_RANK,DD2_RANK,TD3_RANK,WNBA_FANTASY_PTS_RANK,team_poss,OFF_RATING_RANK,sp_work_DEF_RATING,E_PACE_RANK,OREB_PCT_RANK,sp_work_NET_RATING,REB_PCT,sp_work_PACE,OFF_RATING,sp_work_DEF_RATING_RANK,FGA_PG_RANK,E_DEF_RATING_RANK,DEF_RATING_RANK,DREB_PCT_RANK,DREB_PCT,AST_TO_RANK,E_USG_PCT,E_TOV_PCT,EFG_PCT,AST_PCT_RANK,E_DEF_RATING,E_NET_RATING,sp_work_OFF_RATING,E_PACE,FGM_PG,TS_PCT_RANK,TS_PCT,FGA_PG,NET_RATING_RANK,sp_work_NET_RATING_RANK,AST_TO,PACE_RANK,E_NET_RATING_RANK,EFG_PCT_RANK,OREB_PCT,sp_work_PACE_RANK,AST_PCT,TM_TOV_PCT,USG_PCT,AST_RATIO,E_OFF_RATING_RANK,USG_PCT_RANK,REB_PCT_RANK,POSS,PIE,PIE_RANK,DEF_RATING,FGM_PG_RANK,PACE_PER40,E_USG_PCT_RANK,AST_RATIO_RANK,sp_work_OFF_RATING_RANK,TM_TOV_PCT_RANK,E_TOV_PCT_RANK,PACE,E_OFF_RATING,NET_RATING,AST_TO_PASS_PCT,PASSES_RECEIVED,POTENTIAL_AST,AST_PTS_CREATED,FT_AST,AST_TO_PASS_PCT_ADJ,AST_ADJ,SECONDARY_AST,PASSES_MADE,DRIVE_FT_PCT,DRIVES,DRIVE_FG_PCT,DRIVE_PTS,DRIVE_FTM,DRIVE_TOV,DRIVE_PF_PCT,DRIVE_PF,DRIVE_PASSES,DRIVE_FGA,DRIVE_FGM,DRIVE_PTS_PCT,DRIVE_AST,DRIVE_FTA,DRIVE_TOV_PCT,DRIVE_AST_PCT,DRIVE_PASSES_PCT,AVG_SEC_PER_TOUCH,ELBOW_TOUCHES,AVG_DRIB_PER_TOUCH,PTS_PER_POST_TOUCH,POST_TOUCHES,PTS_PER_ELBOW_TOUCH,FRONT_CT_TOUCHES,TOUCHES,PTS_PER_TOUCH,PAINT_TOUCHES,PTS_PER_PAINT_TOUCH,POINTS,TIME_OF_POSS,AVG_REB_DIST,REB_CHANCE_DEFER,OREB_UNCONTEST,DREB_CONTEST,REB_CONTEST_PCT,OREB_CONTEST,OREB_CHANCES,DREB_CHANCE_PCT_ADJ,REB_CHANCE_PCT,DREB_CHANCES,REB_CHANCE_PCT_ADJ,DREB_CONTEST_PCT,REB_CONTEST,REB_UNCONTEST,OREB_CONTEST_PCT,OREB_CHANCE_PCT,DREB_UNCONTEST,AVG_DREB_DIST,OREB_CHANCE_PCT_ADJ,REB_CHANCES,AVG_OREB_DIST,OREB_CHANCE_DEFER,DREB_CHANCE_PCT,DREB_CHANCE_DEFER,very_tight_FG2A_FREQUENCY,very_tight_FGM,very_tight_FG2A,G,very_tight_FGA_FREQUENCY,very_tight_FG2M,very_tight_FG3_PCT,PLAYER_LAST_TEAM_ABBREVIATION,very_tight_EFG_PCT,PLAYER_LAST_TEAM_ID,very_tight_FGA,very_tight_FG3A,very_tight_FG3M,very_tight_FG_PCT,very_tight_FG3A_FREQUENCY,very_tight_FG2_PCT,tight_FG3M,tight_FG_PCT,tight_FGA,tight_FGM,tight_FG3A_FREQUENCY,tight_FG2M,tight_FG2_PCT,tight_FGA_FREQUENCY,tight_FG3A,tight_FG2A,tight_FG2A_FREQUENCY,tight_EFG_PCT,tight_FG3_PCT,open_FG2A,open_FGA,open_EFG_PCT,open_FG3M,open_FG2_PCT,open_FG2A_FREQUENCY,open_FG2M,open_FGM,open_FG3A,open_FGA_FREQUENCY,open_FG3_PCT,open_FG_PCT,open_FG3A_FREQUENCY,wide_open_FG2A_FREQUENCY,wide_open_FGM,wide_open_FG3_PCT,wide_open_FGA_FREQUENCY,wide_open_FG3A,wide_open_FG2A,wide_open_FG2M,wide_open_FG_PCT,wide_open_FGA,wide_open_FG3A_FREQUENCY,wide_open_EFG_PCT,wide_open_FG3M,wide_open_FG2_PCT,PULL_UP_FG3_PCT,PULL_UP_FGM,PULL_UP_PTS,PULL_UP_FG3A,PULL_UP_FG_PCT,PULL_UP_FG3M,PULL_UP_FGA,PULL_UP_EFG_PCT,POST_TOUCH_PTS,EFF_FG_PCT,ELBOW_TOUCH_FG_PCT,PAINT_TOUCH_PTS,CATCH_SHOOT_FG_PCT,ELBOW_TOUCH_PTS,CATCH_SHOOT_PTS,POST_TOUCH_FG_PCT,PAINT_TOUCH_FG_PCT,RA_FGA,ITP_FGM,BACKCOURT_FG_PCT,LEFT_CORNER_3_FG_PCT,ITP_FGA,RA_FGM,MID_FGA,RIGHT_CORNER_3_FG_PCT,LEFT_CORNER_3_FGA,RIGHT_CORNER_3_FGM,LEFT_CORNER_3_FGM,BACKCOURT_FGM,CORNER_3_FGA,CORNER_3_FGM,BACKCOURT_FGA,RIGHT_CORNER_3_FGA,ITP_FG_PCT,ABOVE_BREAK_3_FGA,RA_FG_PCT,CORNER_3_FG_PCT,MID_FGM,MID_FG_PCT,ABOVE_BREAK_3_FG_PCT,ABOVE_BREAK_3_FGM,PLUSMINUS,LT_06_PCT,FREQ,NS_LT_06_PCT,PLAYER_POSITION,FGM_LT_06,FGA_LT_06,FGA_35_39,FGA_LT_5,TEAM_ABBR,FGA_25_29,FGM_35_39,FGP_20_24,FGM_5_9,FGA_30_34,FGP_LT_5,FGM_30_34,FGA_20_24,FGP_10_14,FGP_30_34,FGM_LT_5,FGP_35_39,FGM_15_19,FGM_40_PLUS,FGA_10_14,FGP_40_PLUS,FGA_5_9,FGP_5_9,FGM_10_14,FGM_20_24,FGA_15_19,FGP_15_19,FGP_25_29,FGA_40_PLUS,FGM_25_29,CATCH_SHOOT_FG3M,CATCH_SHOOT_EFG_PCT,CATCH_SHOOT_FGA,CATCH_SHOOT_FG3A,CATCH_SHOOT_FG3_PCT,CATCH_SHOOT_FGM,year,date,playoffs,GAME_ID,index,HTM,VTM,overall_def_FREQ,overall_def_D_FGM,overall_def_D_FGA,overall_def_D_FG_PCT,overall_def_NORMAL_FG_PCT,overall_def_PCT_PLUSMINUS,three_pt_def_FREQ,three_pt_def_FG3M,three_pt_def_FG3A,three_pt_def_FG3_PCT,three_pt_def_NS_FG3_PCT,three_pt_def_PLUSMINUS,two_pt_def_FREQ,two_pt_def_FG2M,two_pt_def_FG2A,two_pt_def_FG2_PCT,two_pt_def_NS_FG2_PCT,two_pt_def_PLUSMINUS,less_6ft_def_FREQ,less_6ft_def_FGM_LT_06,less_6ft_def_FGA_LT_06,less_6ft_def_LT_06_PCT,less_6ft_def_NS_LT_06_PCT,less_6ft_def_PLUSMINUS,less_10ft_def_FREQ,less_10ft_def_FGM_LT_10,less_10ft_def_FGA_LT_10,less_10ft_def_LT_10_PCT,less_10ft_def_NS_LT_10_PCT,less_10ft_def_PLUSMINUS,more_15ft_def_FREQ,more_15ft_def_FGM_GT_15,more_15ft_def_FGA_GT_15,more_15ft_def_GT_15_PCT,more_15ft_def_NS_GT_15_PCT,more_15ft_def_PLUSMINUS,hustle_TEAM_ID,hustle_TEAM_ABBREVIATION,hustle_CONTESTED_SHOTS,hustle_CONTESTED_SHOTS_2PT,hustle_CONTESTED_SHOTS_3PT,hustle_DEFLECTIONS,hustle_CHARGES_DRAWN,hustle_SCREEN_ASSISTS,hustle_SCREEN_AST_PTS,hustle_OFF_LOOSE_BALLS_RECOVERED,hustle_DEF_LOOSE_BALLS_RECOVERED,hustle_LOOSE_BALLS_RECOVERED,hustle_PCT_LOOSE_BALLS_RECOVERED_OFF,hustle_PCT_LOOSE_BALLS_RECOVERED_DEF,hustle_OFF_BOXOUTS,hustle_DEF_BOXOUTS,hustle_BOX_OUTS,hustle_BOX_OUT_PLAYER_TEAM_REBS,hustle_BOX_OUT_PLAYER_REBS,hustle_PCT_BOX_OUTS_OFF,hustle_PCT_BOX_OUTS_DEF,hustle_PCT_BOX_OUTS_TEAM_REB,hustle_PCT_BOX_OUTS_REB,post_touch_TEAM_ID,post_touch_TEAM_ABBREVIATION,post_touch_TOUCHES,post_touch_POST_TOUCHES,post_touch_POST_TOUCH_FGM,post_touch_POST_TOUCH_FGA,post_touch_POST_TOUCH_FG_PCT,post_touch_POST_TOUCH_FTM,post_touch_POST_TOUCH_FTA,post_touch_POST_TOUCH_FT_PCT,post_touch_POST_TOUCH_PTS,post_touch_POST_TOUCH_PTS_PCT,post_touch_POST_TOUCH_PASSES,post_touch_POST_TOUCH_PASSES_PCT,post_touch_POST_TOUCH_AST,post_touch_POST_TOUCH_AST_PCT,post_touch_POST_TOUCH_TOV,post_touch_POST_TOUCH_TOV_PCT,post_touch_POST_TOUCH_FOULS,post_touch_POST_TOUCH_FOULS_PCT,speed_distance_TEAM_ID,speed_distance_TEAM_ABBREVIATION,speed_distance_MIN1,speed_distance_DIST_FEET,speed_distance_DIST_MILES,speed_distance_DIST_MILES_OFF,speed_distance_DIST_MILES_DEF,speed_distance_AVG_SPEED,speed_distance_AVG_SPEED_OFF,speed_distance_AVG_SPEED_DEF,season
202329,Al-Farouq Aminu,Al-Farouq,1610612757,POR,26.0,1,0,1,0.0,23.62333333333333,2,9,0.222,0,6,0.0,1,2,0.5,1,10,11,2,3,2,0,1,1,1,5,-5,24.2,0,0,22.0,1,63,63,63,67,72,47,91,52,13,52,45,40,44,41,4,3,38,10,9,33,85,22,59,85,85,40,14,1,42,,108,85.1,85,60,-10.6,0.177,95.5,74.5,31,47,31,31,5,0.345,59,0.243,20.2,0.222,26,83.2,-8.8,74.5,96.64,2.0,94,0.253,9.0,80,80,0.67,86,80,94,0.03,86,0.222,20.0,0.241,13.3,107,34,15,47,0.163,28,85.1,72,79.58,31,54,108,99,100,95.5,74.4,-10.6,0.069,21.0,4.0,5.0,0.0,0.069,2.0,0.0,29.0,0.5,5.0,0.0,1.0,1.0,0.0,0.2,1.0,2.0,1.0,0.0,0.2,1.0,2.0,0.0,0.2,0.4,1.97,0.0,1.31,0.0,1.0,0.0,20.0,42.0,0.119,4.0,0.5,5.0,1.4,5.6,1.0,1.0,4.0,0.364,0.0,3.0,0.909,0.733,12.0,0.786,0.4,4.0,6.0,0.0,0.333,5.0,4.6,0.333,15.0,14.8,0.0,0.833,1.0,0.125,1.0,1.0,1.0,0.125,1.0,,POR,1.0,1610612757.0,1.0,0.0,0.0,1.0,0.0,1.0,0.0,1.0,1.0,1.0,0.0,1.0,1.0,0.125,0.0,1.0,0.125,1.0,,0.0,2.0,0.0,0.0,,0.0,0.0,0.0,2.0,0.25,0.0,0.0,0.25,0.0,0.0,0.0,0.5,4.0,0.0,0.0,0.0,4.0,0.5,0.0,0.0,,,1,2,0.0,1.0,0.0,1,1.0,0.0,0.222,0.0,2.0,0.0,0.0,0.0,0.0,1.0,2.0,0.0,0.0,0.0,0.0,1.0,1.0,0.0,1.0,0.0,0.0,0.0,1.0,0.0,0.0,0.0,0.0,5.0,0.5,0.0,1.0,1.0,0.0,0.0,-0.018,0.595,0.352,0.613,F,22.0,37.0,,2.0,POR,3.0,,0.25,0.0,0.0,0.5,0.0,4.0,0.0,0.0,1.0,,0.0,0.0,0.0,0.0,0.0,0.0,0.0,1.0,0.0,0.0,0.0,0.0,0.0,0.0,0.0,6,6.0,0.0,0,2017,20161208,False,21600333,,,,1.0,5.0,9.0,0.556,0.445,0.111,0.444,2.0,4.0,0.5,0.347,0.154,0.556,3.0,5.0,0.6,0.482,0.118,0.444,3.0,4.0,0.75,0.592,0.158,0.444,3.0,4.0,0.75,0.548,0.202,0.556,2.0,5.0,0.4,0.369,0.031,1610612757.0,POR,7.0,3.0,4.0,3.0,0.0,0.0,0.0,0.0,0.0,0.0,0.0,0.0,0.0,0.0,0.0,0.0,0.0,0.0,0.0,0.0,0.0,1610612757,POR,42.0,1.0,0.0,0.0,0.0,0.0,0.0,0.0,0.0,0.0,1.0,1.0,0.0,0.0,0.0,0.0,0.0,0.0,1610612757,POR,23.62,8376.0,1.59,0.86,0.73,4.08,4.48,3.66,2016_17
203459,Allen Crabbe,Allen,1610612757,POR,25.0,1,0,1,0.0,31.121666666666663,2,9,0.222,1,4,0.25,2,3,0.667,0,5,5,0,0,0,0,0,0,4,7,-4,13.0,0,0,13.0,1,63,63,63,38,72,47,91,27,32,37,32,35,34,73,23,41,91,93,54,33,1,1,19,67,79,81,14,1,81,,98,88.9,91,73,-5.0,0.064,96.4,83.9,42,47,41,42,53,0.135,79,0.148,0.0,0.278,91,88.8,-3.1,83.9,95.38,2.0,88,0.339,9.0,69,69,0.0,78,67,90,0.0,78,0.0,0.0,0.139,0.0,92,92,76,62,0.074,72,88.9,72,80.33,89,91,98,1,1,96.4,85.8,-5.0,0.0,29.0,5.0,0.0,0.0,0.0,0.0,0.0,26.0,0.0,3.0,0.0,0.0,0.0,0.0,0.0,0.0,2.0,1.0,0.0,0.0,0.0,0.0,0.0,0.0,0.667,1.69,0.0,0.63,0.0,0.0,0.0,29.0,38.0,0.184,0.0,0.0,7.0,1.1,5.7,0.0,0.0,1.0,0.2,0.0,2.0,0.833,0.625,6.0,0.625,0.2,1.0,4.0,0.0,0.0,4.0,5.7,0.0,8.0,0.0,0.0,0.833,0.0,0.222,1.0,2.0,1.0,0.222,1.0,,POR,0.5,1610612757.0,2.0,0.0,0.0,0.5,0.0,0.5,0.0,0.0,3.0,0.0,0.111,0.0,0.0,0.333,1.0,2.0,0.222,0.0,0.0,1.0,3.0,0.0,0.0,0.0,0.111,0.0,0.0,2.0,0.333,0.0,0.0,0.222,0.0,1.0,1.0,0.111,1.0,0.0,0.0,1.0,1.0,0.111,1.5,1.0,,,1,2,0.0,0.333,0.0,3,0.333,0.0,0.278,0.0,0.0,0.2,0.0,3.0,0.0,0.0,1.0,0.0,0.0,1.0,0.0,0.0,4.0,0.0,1.0,0.0,1.0,0.0,1.0,1.0,0.0,0.0,0.0,3.0,0.0,1.0,1.0,0.25,0.0,0.0,0.175,0.767,0.203,0.591,G,23.0,30.0,,1.0,POR,1.0,,0.333,0.0,,0.0,,3.0,0.5,,0.0,,0.0,0.0,2.0,0.0,0.0,0.0,1.0,1.0,2.0,0.0,0.0,0.0,0.0,1.0,0.3,5,4.0,0.25,1,2017,20161208,False,21600333,,,,1.0,1.0,7.0,0.143,0.373,-0.23,0.286,0.0,2.0,0.0,0.387,-0.387,0.714,1.0,5.0,0.2,0.336,-0.136,,,,,,,,,,,,,1.0,1.0,7.0,0.143,0.379,-0.236,1610612757.0,POR,5.0,3.0,2.0,0.0,0.0,0.0,0.0,0.0,0.0,0.0,0.0,0.0,0.0,0.0,0.0,0.0,0.0,0.0,0.0,0.0,0.0,1610612757,POR,38.0,0.0,0.0,0.0,0.0,0.0,0.0,0.0,0.0,0.0,0.0,0.0,0.0,0.0,0.0,0.0,0.0,0.0,1610612757,POR,31.12,12144.0,2.3,1.26,1.04,4.44,4.9,3.96,2016_17
1626150,Andrew Harrison,Andrew,1610612763,MEM,22.0,1,1,0,1.0,26.166666666666668,2,12,0.167,0,4,0.0,2,4,0.5,1,0,1,3,1,2,0,0,3,2,6,-9,16.7,0,0,14.0,1,1,1,1,58,72,29,96,52,32,52,32,26,44,41,103,94,25,46,9,33,1,77,39,74,94,66,14,1,77,,109,92.5,42,68,-18.4,0.014,98.14,74.1,53,29,49,53,103,0.0,10,0.223,5.6,0.167,15,91.1,-18.7,74.1,100.01,2.0,97,0.218,12.0,93,93,3.0,64,99,98,0.024,64,0.273,5.6,0.221,16.7,109,38,109,54,-0.1,115,92.5,72,81.78,41,42,109,39,40,98.14,72.4,-18.4,0.063,59.0,8.0,8.0,0.0,0.063,3.0,0.0,48.0,0.5,10.0,0.25,3.0,1.0,0.0,0.1,1.0,5.0,4.0,1.0,0.3,0.0,2.0,0.0,0.0,0.5,4.21,1.0,3.83,0.0,0.0,0.0,31.0,65.0,0.092,1.0,0.0,6.0,4.6,7.7,0.0,0.0,0.0,1.0,1.0,1.0,0.0,1.0,0.0,1.0,0.0,1.0,0.0,1.0,1.0,0.0,0.0,1.0,1.0,7.7,0.0,0.0,0.0,0.167,0.0,2.0,1.0,0.167,0.0,,MEM,0.0,1610612763.0,2.0,0.0,0.0,0.0,0.0,0.0,0.0,0.5,2.0,1.0,0.0,1.0,0.5,0.167,0.0,2.0,0.167,0.5,,2.0,3.0,0.333,0.0,0.5,0.167,1.0,1.0,1.0,0.25,0.0,0.333,0.083,0.167,0.0,0.0,0.417,3.0,2.0,0.0,0.0,5.0,0.25,0.0,0.0,0.0,0.0,0,0,3.0,0.0,0.0,6,0.0,0.0,0.167,0.0,0.0,0.5,0.0,2.0,0.0,0.0,4.0,0.0,,0.0,0.0,1.0,4.0,0.0,0.0,0.0,0.0,,0.0,0.0,,0.0,0.0,4.0,0.25,0.0,1.0,0.25,0.0,0.0,0.169,0.743,0.186,0.573,G,26.0,35.0,,4.0,MEM,1.0,,0.2,0.0,0.0,0.25,0.0,5.0,0.0,0.0,1.0,,0.0,,1.0,,0.0,0.0,0.0,1.0,1.0,0.0,0.0,,0.0,0.0,0.5,2,1.0,0.0,1,2017,20161208,False,21600333,,,,1.0,0.0,5.0,0.0,0.458,-0.458,0.2,0.0,1.0,0.0,0.365,-0.365,0.8,0.0,4.0,0.0,0.499,-0.499,0.4,0.0,2.0,0.0,0.616,-0.616,0.4,0.0,2.0,0.0,0.566,-0.566,0.6,0.0,3.0,0.0,0.359,-0.359,1610612763.0,MEM,5.0,4.0,1.0,3.0,0.0,0.0,0.0,0.0,0.0,1.0,0.0,0.0,0.0,0.0,0.0,0.0,0.0,0.0,0.0,0.0,0.0,1610612763,MEM,65.0,0.0,0.0,0.0,0.0,0.0,0.0,0.0,0.0,0.0,0.0,0.0,0.0,0.0,0.0,0.0,0.0,0.0,1610612763,MEM,26.17,9788.0,1.85,1.0,0.85,4.36,4.29,4.45,2016_17
203468,CJ McCollum,CJ,1610612757,POR,25.0,1,0,1,0.0,34.73,7,13,0.538,4,4,1.0,6,6,1.0,0,0,0,1,1,1,0,1,1,3,24,-3,27.5,0,0,31.0,1,63,63,63,24,13,22,30,3,32,1,7,12,1,73,103,111,63,46,27,33,85,22,26,9,70,34,14,1,23,,64,97.3,62,73,-1.5,0.0,99.51,95.8,60,22,72,60,103,0.0,44,0.206,5.7,0.692,70,102.1,-8.6,95.8,98.35,7.0,11,0.767,13.0,62,62,1.0,50,79,17,0.0,50,0.083,5.9,0.195,5.9,71,54,111,71,0.188,20,97.3,13,82.93,53,84,64,41,41,99.51,93.5,-1.5,0.026,47.0,3.0,2.0,0.0,0.053,2.0,1.0,38.0,1.0,7.0,0.333,4.0,2.0,0.0,0.143,1.0,2.0,3.0,1.0,0.571,1.0,2.0,0.0,0.143,0.286,3.97,0.0,3.68,0.0,0.0,0.0,28.0,56.0,0.429,0.0,0.0,24.0,3.7,,,,,,,,,,,,,,,,,,,,,,,,,0.167,1.0,2.0,1.0,0.167,1.0,,POR,0.5,1610612757.0,2.0,0.0,0.0,0.5,0.0,0.5,1.0,0.429,7.0,3.0,0.083,2.0,0.333,0.583,1.0,6.0,0.5,0.5,1.0,0.0,1.0,1.5,1.0,,0.0,0.0,1.0,1.0,0.083,1.0,1.0,0.083,0.0,2.0,1.0,0.167,2.0,0.0,0.0,1.0,2.0,0.167,1.5,2.0,,1.0,3,7,1.0,0.5,1.0,6,0.583,0.0,0.692,0.0,0.0,0.75,0.0,9.0,0.0,0.0,1.0,1.0,0.0,0.0,3.0,0.0,5.0,1.0,0.0,1.0,0.0,0.0,1.0,1.0,0.0,1.0,0.333,3.0,0.0,1.0,2.0,0.4,1.0,3.0,-0.08,0.5,0.229,0.58,G,34.0,68.0,,2.0,POR,2.0,,0.667,1.0,0.0,0.0,0.0,3.0,0.0,0.0,0.0,,2.0,0.0,0.0,0.0,2.0,0.5,0.0,2.0,4.0,0.5,1.0,0.0,2.0,3.0,1.5,3,3.0,1.0,3,2017,20161208,False,21600333,,,,1.0,4.0,10.0,0.4,0.403,-0.003,0.3,1.0,3.0,0.333,0.206,0.127,0.7,3.0,7.0,0.429,0.466,-0.038,0.6,3.0,6.0,0.5,0.52,-0.02,0.7,3.0,7.0,0.429,0.494,-0.065,0.3,1.0,3.0,0.333,0.288,0.045,1610612757.0,POR,10.0,7.0,3.0,3.0,0.0,0.0,0.0,0.0,0.0,0.0,0.0,0.0,0.0,0.0,0.0,0.0,0.0,0.0,0.0,0.0,0.0,1610612757,POR,56.0,0.0,0.0,0.0,0.0,0.0,0.0,0.0,0.0,0.0,0.0,0.0,0.0,0.0,0.0,0.0,0.0,0.0,1610612757,POR,34.73,13075.0,2.48,1.39,1.09,4.33,5.03,3.68,2016_17
203081,Damian Lillard,Damian,1610612757,POR,26.0,1,0,1,0.0,36.16666666666666,6,18,0.333,2,7,0.286,5,7,0.714,1,2,3,2,1,1,0,0,5,5,19,-4,27.6,0,0,28.0,1,63,63,63,14,18,7,77,15,10,36,12,9,31,41,69,70,38,46,27,33,1,116,12,17,79,33,14,1,29,,100,89.3,35,72,-6.4,0.032,100.2,82.9,45,7,45,45,94,0.047,22,0.256,4.2,0.389,37,89.7,-8.2,82.9,100.87,6.0,75,0.451,18.0,72,72,2.0,40,77,76,0.02,40,0.167,4.2,0.253,8.3,101,18,95,76,0.056,81,89.3,18,83.5,20,71,100,32,32,100.2,81.5,-6.4,0.035,73.0,10.0,6.0,1.0,0.07,4.0,1.0,57.0,0.833,13.0,0.667,9.0,5.0,1.0,0.231,3.0,5.0,3.0,2.0,0.692,1.0,6.0,0.077,0.077,0.385,4.97,2.0,4.79,0.0,0.0,1.0,26.0,80.0,0.238,2.0,0.0,19.0,6.6,4.8,0.0,0.0,0.0,0.333,1.0,3.0,0.333,0.333,6.0,0.333,0.0,1.0,2.0,1.0,0.333,2.0,6.3,0.333,9.0,1.8,0.0,0.333,0.0,0.111,0.0,2.0,1.0,0.111,0.0,,POR,0.0,1610612757.0,2.0,0.0,0.0,0.0,0.0,0.0,0.0,0.286,7.0,2.0,0.056,2.0,0.333,0.389,1.0,6.0,0.333,0.286,0.0,3.0,6.0,0.333,0.0,0.667,0.167,2.0,2.0,3.0,0.333,0.0,0.333,0.167,0.0,2.0,0.667,0.167,3.0,0.0,0.0,0.667,3.0,0.167,1.0,2.0,,0.4,2,6,5.0,0.333,2.0,6,0.5,0.0,0.389,1.0,0.0,0.0,2.0,0.0,0.0,0.0,5.0,2.0,,0.0,4.0,2.0,2.0,0.0,0.0,0.0,0.0,,0.0,0.0,,0.0,0.5,7.0,0.4,0.0,0.0,0.0,0.286,2.0,0.09,0.69,0.264,0.6,G,49.0,71.0,,5.0,POR,2.0,,0.143,2.0,0.0,0.4,0.0,7.0,0.0,0.0,2.0,,0.0,,0.0,,4.0,0.5,0.0,1.0,0.0,0.0,0.5,,1.0,0.0,0.0,4,2.0,0.0,0,2017,20161208,False,21600333,,,,1.0,4.0,10.0,0.4,0.375,0.025,0.2,0.0,2.0,0.0,0.284,-0.284,0.8,4.0,8.0,0.5,0.425,0.075,0.4,3.0,4.0,0.75,0.536,0.214,0.5,3.0,5.0,0.6,0.506,0.094,0.5,1.0,5.0,0.2,0.31,-0.11,1610612757.0,POR,3.0,1.0,2.0,3.0,0.0,0.0,0.0,0.0,0.0,0.0,0.0,0.0,0.0,0.0,0.0,0.0,0.0,0.0,0.0,0.0,0.0,1610612757,POR,80.0,0.0,0.0,0.0,0.0,0.0,0.0,0.0,0.0,0.0,0.0,0.0,0.0,0.0,0.0,0.0,0.0,0.0,1610612757,POR,36.17,13282.0,2.52,1.42,1.09,4.15,4.65,3.67,2016_17
1627738,Deyonta Davis,Deyonta,1610612763,MEM,20.0,1,1,0,1.0,6.413333333333333,0,0,0.0,0,0,0.0,0,0,0.0,0,2,2,0,0,0,1,0,1,1,0,-3,5.4,0,0,4.0,1,1,1,1,113,104,116,104,52,85,52,57,61,57,73,69,80,91,93,54,9,1,22,59,106,70,107,14,1,108,,116,71.4,103,73,-17.6,0.111,101.04,53.8,12,116,21,12,24,0.2,79,0.0,0.0,0.0,91,78.4,-20.0,53.8,92.66,0.0,106,0.0,0.0,91,91,0.0,33,103,104,0.0,33,0.0,0.0,0.0,0.0,115,117,38,13,0.143,40,71.4,104,84.2,117,91,116,1,1,101.04,58.3,-17.6,0.0,3.0,1.0,0.0,0.0,0.0,0.0,0.0,7.0,0.0,0.0,0.0,0.0,0.0,0.0,0.0,0.0,0.0,0.0,0.0,0.0,0.0,0.0,0.0,0.0,0.0,1.51,1.0,0.0,0.0,0.0,0.0,3.0,7.0,0.0,0.0,0.0,0.0,0.2,9.3,0.0,0.0,2.0,1.0,0.0,3.0,0.5,0.286,4.0,0.286,1.0,2.0,0.0,0.0,0.0,0.0,9.3,0.0,7.0,0.0,0.0,0.5,0.0,,,,,,,,,,,,,,,,,,,,,,,,,,,,,,,,,,,,,,,,,,,,,,,,,,,,,,,,,0,0,,,,0,,0.0,0.0,0.0,0.0,0.0,0.0,0.0,0.0,0.0,0.0,0.0,0.0,0.0,0.0,0.0,0.0,0.0,0.0,0.0,0.0,0.0,0.0,0.0,0.0,0.0,0.0,0.0,0.0,0.0,0.0,0.0,0.0,0.0,-0.188,0.412,0.548,0.6,F,14.0,34.0,,0.0,MEM,0.0,,0.0,0.0,,0.0,,0.0,0.0,,0.0,,0.0,0.0,0.0,0.0,0.0,0.0,0.0,0.0,0.0,0.0,0.0,0.0,0.0,,,0,,,0,2017,20161208,False,21600333,,,,1.0,2.0,5.0,0.4,0.485,-0.085,0.2,0.0,1.0,0.0,0.336,-0.336,0.8,2.0,4.0,0.5,0.52,-0.02,0.6,1.0,3.0,0.333,0.558,-0.225,0.8,2.0,4.0,0.5,0.527,-0.027,0.2,0.0,1.0,0.0,0.346,-0.346,1610612763.0,MEM,7.0,6.0,1.0,0.0,0.0,1.0,3.0,0.0,0.0,0.0,0.0,0.0,0.0,0.0,0.0,0.0,0.0,0.0,0.0,0.0,0.0,1610612763,MEM,7.0,0.0,0.0,0.0,0.0,0.0,0.0,0.0,0.0,0.0,0.0,0.0,0.0,0.0,0.0,0.0,0.0,0.0,1610612763,MEM,6.42,2531.0,0.48,0.24,0.24,4.69,3.77,3.73,2016_17
202334,Ed Davis,Ed,1610612757,POR,28.0,1,0,1,0.0,18.376666666666665,3,6,0.5,0,0,0.0,4,6,0.667,6,4,10,1,2,0,2,0,4,4,10,15,27.5,1,0,25.0,1,63,63,63,85,56,72,35,52,85,52,16,12,34,2,37,8,63,27,54,4,1,95,19,43,6,34,1,1,35,,70,47.4,99,3,46.9,0.196,95.34,94.3,3,72,3,3,47,0.154,66,0.245,17.2,0.5,45,49.3,44.0,94.3,93.88,3.0,43,0.579,6.0,3,3,0.5,89,3,49,0.24,89,0.143,16.7,0.25,8.3,72,19,11,35,0.485,3,47.4,56,79.45,30,71,70,91,95,95.34,93.3,46.9,0.04,16.0,2.0,2.0,0.0,0.04,1.0,0.0,25.0,1.0,3.0,0.0,2.0,2.0,0.0,0.333,1.0,2.0,0.0,0.0,0.667,0.0,2.0,0.0,0.0,0.667,1.4,3.0,0.53,2.0,1.0,1.333,21.0,34.0,0.294,9.0,0.778,10.0,0.8,5.6,0.0,2.0,3.0,0.7,4.0,10.0,0.364,0.476,11.0,0.476,0.75,7.0,3.0,0.667,0.6,1.0,5.8,0.6,21.0,5.5,0.0,0.364,0.0,0.667,3.0,4.0,1.0,0.667,3.0,,POR,0.75,1610612757.0,4.0,0.0,0.0,0.75,0.0,0.75,0.0,0.0,2.0,0.0,0.0,0.0,0.0,0.333,0.0,2.0,0.333,0.0,,,,,,,,,,,,,,,,,,,,,,,,,,,,,0,0,,,,0,,2.0,0.5,1.0,7.0,0.0,4.0,0.0,1.0,0.6,3.0,2.0,0.0,0.0,3.0,1.0,0.0,0.0,0.0,0.0,0.0,0.0,0.0,0.0,0.0,0.0,0.667,0.0,0.333,0.0,0.0,0.0,0.0,0.0,-0.057,0.545,0.454,0.602,F,48.0,88.0,,4.0,POR,0.0,,0.0,1.0,,0.5,,0.0,0.0,,2.0,,0.0,0.0,0.0,0.0,2.0,0.5,0.0,0.0,0.0,0.0,0.0,0.0,0.0,,,0,,,0,2017,20161208,False,21600333,,,,1.0,1.0,11.0,0.091,0.429,-0.338,,,,,,,1.0,1.0,11.0,0.091,0.449,-0.358,0.455,0.0,5.0,0.0,0.506,-0.506,0.727,0.0,8.0,0.0,0.487,-0.487,0.273,1.0,3.0,0.333,0.315,0.018,1610612757.0,POR,10.0,10.0,0.0,2.0,0.0,2.0,4.0,0.0,0.0,0.0,0.0,0.0,0.0,0.0,0.0,0.0,0.0,0.0,0.0,0.0,0.0,1610612757,POR,34.0,1.0,1.0,1.0,1.0,0.0,0.0,0.0,2.0,2.0,0.0,0.0,0.0,0.0,0.0,0.0,0.0,0.0,1610612757,POR,18.38,6763.0,1.28,0.69,0.59,4.27,4.71,3.85,2016_17
202323,Evan Turner,Evan,1610612757,POR,28.0,1,0,1,0.0,30.17,4,9,0.444,0,1,0.0,7,8,0.875,2,8,10,2,1,0,0,0,2,4,15,-1,29.0,1,0,27.0,1,63,63,63,42,40,47,52,52,69,52,5,7,21,17,7,8,38,46,54,33,1,47,19,24,62,29,1,1,31,,79,90.6,33,44,-0.1,0.13,101.03,90.5,49,47,52,49,23,0.205,22,0.19,6.4,0.444,37,92.1,-3.0,90.5,101.03,4.0,38,0.599,9.0,61,61,2.0,34,66,63,0.053,34,0.167,6.3,0.194,12.5,86,56,27,63,0.25,9,90.6,40,84.19,61,56,79,45,47,101.03,89.1,-0.1,0.045,37.0,8.0,6.0,1.0,0.068,3.0,0.0,44.0,1.0,6.0,1.0,4.0,2.0,1.0,0.167,1.0,3.0,1.0,1.0,0.667,0.0,2.0,0.167,0.0,0.5,3.7,1.0,3.02,0.0,0.0,0.0,28.0,60.0,0.25,4.0,1.5,15.0,3.7,7.3,3.0,1.0,0.0,0.2,2.0,5.0,0.889,0.588,12.0,0.714,0.0,2.0,9.0,1.0,0.4,8.0,8.7,0.4,17.0,1.9,0.0,0.667,3.0,,,,,,,,,,,,,,,,,0.0,0.5,2.0,1.0,0.0,1.0,0.5,0.222,0.0,2.0,0.222,0.5,,5.0,6.0,0.333,0.0,0.4,0.556,2.0,2.0,1.0,0.667,0.0,0.333,0.111,0.111,1.0,,0.111,0.0,1.0,1.0,1.0,1.0,0.0,1.0,0.0,1.0,,1,2,0.0,0.25,0.0,4,0.25,0.0,0.444,0.0,6.0,0.0,0.0,0.0,0.0,0.667,3.0,1.0,,0.0,1.0,2.0,4.0,0.0,0.0,0.0,0.0,,1.0,0.0,,1.0,1.0,0.0,0.667,0.0,1.0,0.25,0.0,0.0,0.017,0.636,0.236,0.619,G-F,35.0,55.0,,3.0,POR,0.0,,0.0,2.0,0.0,0.667,0.0,2.0,0.0,0.0,2.0,,0.0,,0.0,,2.0,1.0,0.0,0.0,2.0,0.0,0.0,,0.0,0.0,0.0,1,1.0,0.0,0,2017,20161208,False,21600333,,,,1.0,4.0,10.0,0.4,0.426,-0.026,0.3,1.0,3.0,0.333,0.354,-0.02,0.7,3.0,7.0,0.429,0.452,-0.024,0.5,3.0,5.0,0.6,0.542,0.058,0.5,3.0,5.0,0.6,0.499,0.101,0.5,1.0,5.0,0.2,0.329,-0.129,1610612757.0,POR,6.0,4.0,2.0,0.0,0.0,0.0,0.0,0.0,0.0,1.0,0.0,0.0,0.0,0.0,0.0,0.0,0.0,0.0,0.0,0.0,0.0,1610612757,POR,60.0,0.0,0.0,0.0,0.0,0.0,0.0,0.0,0.0,0.0,0.0,0.0,0.0,0.0,0.0,0.0,0.0,0.0,1610612757,POR,30.17,11510.0,2.18,1.21,0.97,4.39,4.85,3.94,2016_17
203210,JaMychal Green,JaMychal,1610612763,MEM,27.0,1,1,0,1.0,33.55,2,8,0.25,0,2,0.0,2,2,1.0,3,15,18,2,3,1,0,0,5,3,6,15,30.6,0,0,28.0,1,1,1,1,29,72,58,89,52,57,52,32,40,1,10,1,1,38,10,27,33,1,116,26,74,6,27,14,1,29,,33,85.9,31,19,21.1,0.231,101.58,107.0,34,58,32,34,4,0.349,59,0.149,21.6,0.25,72,84.7,24.5,107.0,101.26,2.0,89,0.338,8.0,18,18,0.67,30,16,91,0.086,30,0.08,21.4,0.146,14.3,28,88,4,71,0.121,50,85.9,72,84.65,88,50,33,101,101,101.58,109.3,21.1,0.042,26.0,1.0,4.0,0.0,0.042,2.0,0.0,48.0,0.0,0.0,0.0,0.0,0.0,0.0,0.0,0.0,0.0,0.0,0.0,0.0,0.0,0.0,0.0,0.0,0.0,1.33,3.0,0.19,0.0,0.0,0.0,29.0,62.0,0.097,7.0,0.571,6.0,1.4,3.6,0.0,0.0,2.0,0.222,2.0,4.0,0.833,0.818,18.0,0.818,0.133,4.0,13.0,0.667,0.75,13.0,3.7,0.75,22.0,2.3,0.0,0.833,0.0,0.375,1.0,3.0,1.0,0.375,1.0,,MEM,0.333,1610612763.0,3.0,0.0,0.0,0.333,0.0,0.333,0.0,0.0,1.0,0.0,0.0,0.0,0.0,0.125,0.0,1.0,0.125,0.0,,1.0,1.0,0.0,0.0,0.0,0.125,0.0,0.0,0.0,0.125,,0.0,0.0,0.125,1.0,0.0,0.375,2.0,1.0,1.0,0.333,3.0,0.25,0.333,0.0,1.0,,0,0,0.0,,0.0,0,,0.0,0.25,0.0,4.0,0.25,0.0,2.0,0.0,0.25,3.0,0.0,,0.0,1.0,1.0,2.0,0.0,0.0,0.0,0.0,,2.0,0.0,,2.0,0.0,0.0,0.333,0.0,1.0,0.5,0.0,0.0,-0.112,0.5,0.295,0.612,F,40.0,80.0,,4.0,MEM,0.0,,0.0,0.0,0.0,0.25,0.0,3.0,0.0,0.0,1.0,,1.0,,0.0,,0.0,0.0,0.0,0.0,1.0,1.0,0.0,,0.0,0.0,0.25,4,2.0,0.0,1,2017,20161208,False,21600333,,,,1.0,2.0,11.0,0.182,0.423,-0.241,0.636,2.0,7.0,0.286,0.345,-0.059,0.364,0.0,4.0,0.0,0.486,-0.486,0.182,0.0,2.0,0.0,0.616,-0.616,0.273,0.0,3.0,0.0,0.546,-0.546,0.727,2.0,8.0,0.25,0.351,-0.101,1610612763.0,MEM,8.0,2.0,6.0,1.0,1.0,0.0,0.0,0.0,0.0,0.0,0.0,0.0,0.0,0.0,0.0,0.0,0.0,0.0,0.0,0.0,0.0,1610612763,MEM,62.0,0.0,0.0,0.0,0.0,0.0,0.0,0.0,0.0,0.0,0.0,0.0,0.0,0.0,0.0,0.0,0.0,0.0,1610612763,MEM,33.55,12738.0,2.41,1.26,1.15,4.31,4.68,3.93,2016_17
1627774,Jake Layman,Jake,1610612757,POR,23.0,1,0,1,0.0,11.783333333333331,0,5,0.0,0,3,0.0,2,2,1.0,1,0,1,0,0,0,0,0,0,2,2,3,3.2,0,0,3.0,1,63,63,63,103,104,82,104,52,45,52,32,40,1,41,103,94,91,93,54,33,1,1,39,97,47,109,14,1,109,,104,66.7,84,38,12.5,0.031,97.77,79.2,9,82,8,9,103,0.0,79,0.208,0.0,0.0,91,66.1,15.5,79.2,96.71,0.0,101,0.17,5.0,41,41,0.0,70,32,104,0.059,70,0.0,0.0,0.207,0.0,100,49,97,24,-0.278,118,66.7,104,81.47,49,91,104,1,1,97.77,81.6,12.5,0.0,14.0,2.0,0.0,0.0,0.0,0.0,0.0,9.0,0.0,2.0,0.0,0.0,0.0,1.0,0.5,1.0,1.0,0.0,0.0,0.0,0.0,0.0,0.5,0.0,0.5,1.55,0.0,0.41,0.0,0.0,0.0,17.0,17.0,0.118,1.0,0.0,2.0,0.4,6.7,0.0,1.0,0.0,0.0,0.0,2.0,0.0,0.5,0.0,0.5,0.0,0.0,1.0,0.0,0.5,0.0,0.0,0.5,2.0,6.7,0.0,0.0,0.0,,,,,,,,,,,,,,,,,,,,,,,,,,,,,,1.0,3.0,0.0,0.0,0.0,0.2,0.0,0.0,2.0,0.6,0.0,0.0,0.4,0.2,0.0,0.0,0.4,1.0,1.0,0.0,0.0,2.0,0.2,0.0,0.0,0.0,,0,0,0.0,,0.0,0,,0.0,0.0,0.0,0.0,0.0,0.0,0.0,0.0,0.0,0.0,0.0,0.0,0.0,1.0,0.0,1.0,0.0,0.0,0.0,0.0,0.0,1.0,0.0,0.0,1.0,0.0,2.0,0.0,0.0,0.0,0.0,0.0,0.0,-0.06,0.545,0.344,0.606,F,6.0,11.0,,0.0,POR,0.0,,0.0,0.0,,0.0,,3.0,0.0,,0.0,,0.0,0.0,0.0,0.0,2.0,0.0,0.0,0.0,0.0,0.0,0.0,0.0,0.0,0.0,0.0,5,3.0,0.0,0,2017,20161208,False,21600333,,,,1.0,0.0,3.0,0.0,0.347,-0.347,0.667,0.0,2.0,0.0,0.336,-0.336,0.333,0.0,1.0,0.0,0.373,-0.373,0.333,0.0,1.0,0.0,0.427,-0.427,0.333,0.0,1.0,0.0,0.417,-0.417,0.667,0.0,2.0,0.0,0.336,-0.336,1610612757.0,POR,3.0,1.0,2.0,0.0,1.0,0.0,0.0,0.0,0.0,0.0,0.0,0.0,0.0,0.0,0.0,0.0,0.0,0.0,0.0,0.0,0.0,1610612757,POR,17.0,0.0,0.0,0.0,0.0,0.0,0.0,0.0,0.0,0.0,0.0,0.0,0.0,0.0,0.0,0.0,0.0,0.0,1610612757,POR,11.78,4497.0,0.85,0.49,0.36,4.6,5.18,4.03,2016_17
1626185,Jarell Martin,Jarell,1610612763,MEM,23.0,1,1,0,1.0,12.95,1,2,0.5,0,0,0.0,0,0,0.0,0,1,1,0,0,0,0,0,2,0,2,-9,3.2,0,0,3.0,1,1,1,1,100,93,105,35,52,85,52,57,61,57,73,85,94,91,93,54,33,1,47,88,97,94,109,14,1,109,,117,87.5,105,73,-41.3,0.026,92.66,46.2,38,105,38,38,88,0.059,79,0.065,0.0,0.5,91,86.9,-40.1,46.2,92.29,1.0,62,0.5,2.0,116,116,0.0,106,115,49,0.0,106,0.0,0.0,0.063,0.0,117,116,100,26,0.0,97,87.5,93,77.22,116,91,117,1,1,92.66,46.8,-41.3,0.0,8.0,0.0,0.0,0.0,0.0,0.0,0.0,16.0,0.0,0.0,0.0,0.0,0.0,0.0,0.0,0.0,0.0,0.0,0.0,0.0,0.0,0.0,0.0,0.0,0.0,1.42,1.0,0.17,0.0,0.0,2.0,7.0,18.0,0.111,1.0,2.0,2.0,0.4,3.7,0.0,0.0,0.0,0.0,0.0,1.0,0.333,0.25,3.0,0.25,0.0,0.0,1.0,0.0,0.0,1.0,3.7,0.0,4.0,0.0,0.0,0.333,0.0,,,,,,,,,,,,,,,,,0.0,1.0,1.0,1.0,0.0,1.0,1.0,0.5,0.0,1.0,0.5,1.0,,1.0,1.0,0.0,0.0,0.0,0.5,0.0,0.0,0.0,0.5,,0.0,0.0,,,,,,,,,,,,,,,0,0,,,,0,,0.0,0.5,1.0,2.0,0.0,2.0,0.0,0.0,1.0,1.0,0.0,0.0,0.0,0.0,1.0,1.0,0.0,0.0,0.0,0.0,0.0,0.0,0.0,0.0,0.0,0.0,0.0,1.0,0.0,0.0,0.0,0.0,0.0,0.031,0.6,0.349,0.569,F,27.0,45.0,,1.0,MEM,0.0,,0.0,0.0,,1.0,,1.0,0.0,,1.0,,0.0,0.0,0.0,0.0,0.0,0.0,0.0,0.0,0.0,0.0,0.0,0.0,0.0,,0.0,1,,,0,2017,20161208,False,21600333,,,,1.0,2.0,5.0,0.4,0.39,0.01,0.2,0.0,1.0,0.0,0.269,-0.269,0.8,2.0,4.0,0.5,0.446,0.054,,,,,,,0.6,2.0,3.0,0.667,0.5,0.167,0.4,0.0,2.0,0.0,0.235,-0.235,1610612763.0,MEM,4.0,3.0,1.0,0.0,0.0,0.0,0.0,0.0,0.0,0.0,0.0,0.0,0.0,0.0,0.0,0.0,0.0,0.0,0.0,0.0,0.0,1610612763,MEM,18.0,0.0,0.0,0.0,0.0,0.0,0.0,0.0,0.0,0.0,0.0,0.0,0.0,0.0,0.0,0.0,0.0,0.0,1610612763,MEM,12.95,5124.0,0.97,0.52,0.45,4.65,4.46,4.85,2016_17
203994,Jusuf Nurkić,Jusuf,1610612757,POR,22.0,1,0,1,0.0,20.491666666666667,6,6,1.0,0,0,0.0,1,2,0.5,1,6,7,1,4,0,0,0,4,3,13,13,18.9,0,0,21.0,1,63,63,63,73,18,72,1,52,85,52,45,40,44,41,14,25,63,4,54,33,1,95,26,31,9,59,14,1,48,,59,62.8,53,30,34.8,0.206,98.38,97.6,8,72,9,8,10,0.316,75,0.236,33.7,1.0,63,66.4,24.3,97.6,99.22,6.0,7,0.945,6.0,9,9,0.25,60,17,1,0.067,60,0.1,33.3,0.244,8.3,82,28,8,41,0.261,7,62.8,18,81.98,33,71,59,113,116,98.38,90.7,34.8,0.031,29.0,2.0,2.0,0.0,0.031,1.0,0.0,32.0,0.0,0.0,0.0,0.0,0.0,0.0,0.0,0.0,0.0,0.0,0.0,0.0,0.0,0.0,0.0,0.0,0.0,1.82,3.0,0.57,0.167,6.0,0.667,28.0,44.0,0.295,7.0,1.143,13.0,1.3,3.7,3.0,1.0,2.0,0.286,0.0,4.0,0.6,0.412,13.0,0.5,0.333,2.0,5.0,0.0,0.25,4.0,2.9,0.25,17.0,8.3,0.0,0.462,3.0,0.333,2.0,2.0,1.0,0.333,2.0,,POR,1.0,1610612757.0,2.0,0.0,0.0,1.0,0.0,1.0,0.0,1.0,3.0,3.0,0.0,3.0,1.0,0.5,0.0,3.0,0.5,1.0,,1.0,1.0,1.0,0.0,1.0,0.167,1.0,1.0,0.0,0.167,,1.0,0.0,,,,,,,,,,,,,,,0,0,,,,0,,1.0,1.0,1.0,8.0,1.0,2.0,2.0,0.0,1.0,5.0,0.0,0.0,0.0,0.0,5.0,1.0,0.0,0.0,0.0,0.0,0.0,0.0,0.0,0.0,0.0,0.0,0.0,1.0,0.0,1.0,1.0,0.0,0.0,0.002,0.603,0.525,0.601,C,76.0,126.0,0.0,5.0,POR,0.0,0.0,0.0,0.0,,1.0,,0.0,0.0,,5.0,0.0,1.0,0.0,0.0,0.0,0.0,0.0,0.0,0.0,1.0,1.0,0.0,0.0,0.0,,1.0,1,,,1,2017,20161208,False,21600333,,,,1.0,1.0,4.0,0.25,0.534,-0.284,0.25,0.0,1.0,0.0,0.418,-0.418,0.75,1.0,3.0,0.333,0.563,-0.23,0.25,0.0,1.0,0.0,0.656,-0.656,0.25,0.0,1.0,0.0,0.613,-0.613,0.75,1.0,3.0,0.333,0.412,-0.079,1610612757.0,POR,2.0,2.0,0.0,1.0,0.0,3.0,8.0,0.0,0.0,0.0,0.0,0.0,0.0,0.0,0.0,0.0,0.0,0.0,0.0,0.0,0.0,1610612757,POR,44.0,6.0,0.0,0.0,0.0,1.0,2.0,0.5,1.0,0.167,2.0,0.333,1.0,0.167,2.0,0.333,1.0,0.167,1610612757,POR,20.5,7078.0,1.34,0.79,0.55,3.81,4.47,3.08,2016_17
201188,Marc Gasol,Marc,1610612763,MEM,32.0,1,1,0,1.0,34.46666666666667,13,24,0.542,4,6,0.667,6,9,0.667,2,7,9,2,2,0,0,0,3,7,36,9,47.8,0,0,51.0,1,1,1,1,26,1,1,29,3,13,4,7,4,34,17,10,15,38,27,54,33,1,77,7,1,24,2,14,1,1,,39,90.3,40,46,13.9,0.108,99.57,104.2,47,1,40,47,44,0.159,44,0.372,6.3,0.625,43,88.7,16.2,104.2,100.19,13.0,30,0.644,24.0,35,35,1.0,49,31,28,0.051,49,0.154,6.3,0.361,6.3,39,2,40,71,0.278,4,90.3,1,82.98,2,82,39,45,45,99.57,104.9,13.9,0.05,59.0,6.0,4.0,0.0,0.05,2.0,0.0,40.0,1.0,3.0,0.0,2.0,2.0,0.0,0.333,1.0,1.0,1.0,0.0,0.667,0.0,2.0,0.0,0.0,0.333,2.57,11.0,1.05,0.692,13.0,0.455,60.0,73.0,0.493,4.0,1.0,36.0,3.1,7.8,1.0,1.0,3.0,0.444,1.0,2.0,1.0,0.9,8.0,1.0,0.429,4.0,5.0,0.5,1.0,4.0,6.4,1.0,10.0,12.7,0.0,0.875,1.0,0.083,2.0,2.0,1.0,0.083,2.0,,MEM,1.0,1610612763.0,2.0,0.0,0.0,1.0,0.0,1.0,0.0,0.4,10.0,4.0,0.042,4.0,0.444,0.417,1.0,9.0,0.375,0.4,0.0,4.0,4.0,0.5,0.0,0.5,0.167,2.0,2.0,0.0,0.167,,0.5,0.0,0.125,5.0,0.8,0.333,5.0,3.0,1.0,0.625,8.0,0.208,0.875,4.0,0.333,1.0,4,9,1.0,0.667,1.0,6,0.75,9.0,0.625,0.5,4.0,0.444,5.0,11.0,0.429,0.667,2.0,7.0,,0.0,11.0,1.0,5.0,0.0,0.0,0.0,0.0,,0.0,0.0,,0.0,0.636,6.0,0.5,0.0,1.0,0.2,0.667,4.0,-0.043,0.561,0.473,0.605,C,64.0,114.0,,3.0,MEM,4.0,,0.333,6.0,0.0,0.333,0.0,3.0,0.333,0.0,1.0,,1.0,,3.0,,8.0,0.75,1.0,1.0,3.0,0.333,0.75,,3.0,2.0,0.571,7,4.0,0.5,3,2017,20161208,False,21600333,,,,1.0,2.0,9.0,0.222,0.492,-0.27,0.111,0.0,1.0,0.0,0.365,-0.365,0.889,2.0,8.0,0.25,0.52,-0.27,0.222,0.0,2.0,0.0,0.64,-0.64,0.444,1.0,4.0,0.25,0.566,-0.316,0.333,0.0,3.0,0.0,0.309,-0.309,1610612763.0,MEM,6.0,5.0,1.0,1.0,0.0,2.0,4.0,0.0,0.0,0.0,0.0,0.0,0.0,0.0,0.0,0.0,0.0,0.0,0.0,0.0,0.0,1610612763,MEM,73.0,13.0,3.0,7.0,0.429,3.0,6.0,0.5,9.0,0.692,2.0,0.154,0.0,0.0,1.0,0.077,3.0,0.231,1610612763,MEM,34.47,11490.0,2.18,1.13,1.04,3.83,3.84,3.47,2016_17
203086,Meyers Leonard,Meyers,1610612757,POR,25.0,1,0,1,0.0,16.63,0,3,0.0,0,2,0.0,0,0,0.0,1,5,6,0,0,0,0,0,4,0,0,1,7.2,0,0,6.0,1,63,63,63,91,104,98,104,52,57,52,57,61,57,41,23,34,91,93,54,33,1,95,88,106,52,101,14,1,103,,48,103.0,68,47,-3.0,0.15,98.14,100.0,74,98,75,74,12,0.25,79,0.079,0.0,0.0,91,103.9,-4.0,100.0,97.79,0.0,106,0.0,3.0,65,65,0.0,66,68,104,0.05,66,0.0,0.0,0.077,0.0,50,114,21,35,-0.032,108,103.0,104,81.78,114,91,48,1,1,98.14,99.9,-3.0,0.0,14.0,3.0,0.0,0.0,0.0,0.0,0.0,23.0,0.0,0.0,0.0,0.0,0.0,0.0,0.0,0.0,0.0,0.0,0.0,0.0,0.0,0.0,0.0,0.0,0.0,1.71,0.0,0.56,0.0,0.0,0.0,14.0,27.0,0.0,2.0,0.0,0.0,0.8,5.0,0.0,1.0,2.0,0.333,0.0,1.0,1.25,1.2,4.0,1.2,0.4,2.0,4.0,0.0,1.0,3.0,3.7,1.0,5.0,11.5,0.0,1.25,0.0,0.333,0.0,1.0,1.0,0.333,0.0,,POR,0.0,1610612757.0,1.0,0.0,0.0,0.0,0.0,0.0,,,,,,,,,,,,,,0.0,1.0,0.0,0.0,,0.0,0.0,0.0,1.0,0.333,0.0,0.0,0.333,0.0,0.0,0.0,0.333,1.0,0.0,0.0,0.0,1.0,0.333,0.0,0.0,,,0,0,0.0,,0.0,0,,0.0,0.0,0.0,0.0,0.0,0.0,0.0,0.0,0.0,1.0,0.0,,0.0,0.0,0.0,0.0,0.0,1.0,0.0,0.0,,1.0,0.0,,0.0,0.0,1.0,0.0,0.0,0.0,0.0,0.0,0.0,-0.126,0.46,0.404,0.587,F-C,29.0,63.0,,1.0,POR,0.0,,0.0,0.0,,0.0,,2.0,0.0,,0.0,,0.0,,0.0,,0.0,0.0,0.0,0.0,0.0,0.0,0.0,,0.0,0.0,0.0,2,2.0,0.0,0,2017,20161208,False,21600333,,,,1.0,4.0,10.0,0.4,0.459,-0.059,0.1,1.0,1.0,1.0,0.396,0.604,0.9,3.0,9.0,0.333,0.478,-0.145,0.1,1.0,1.0,1.0,0.523,0.477,0.3,2.0,3.0,0.667,0.527,0.14,0.5,1.0,5.0,0.2,0.406,-0.206,1610612757.0,POR,10.0,9.0,1.0,1.0,0.0,1.0,2.0,0.0,0.0,0.0,0.0,0.0,0.0,0.0,0.0,0.0,0.0,0.0,0.0,0.0,0.0,1610612757,POR,27.0,0.0,0.0,0.0,0.0,0.0,0.0,0.0,0.0,0.0,0.0,0.0,0.0,0.0,0.0,0.0,0.0,0.0,1610612757,POR,16.63,5915.0,1.12,0.59,0.53,3.99,4.4,3.58,2016_17
203943,Noah Vonleh,Noah,1610612757,POR,21.0,1,0,1,0.0,6.795,0,1,0.0,0,1,0.0,0,0,0.0,0,0,0,1,1,0,0,0,3,0,0,3,0.5,0,0,1.0,1,63,63,63,110,104,111,104,52,69,52,57,61,57,73,103,111,63,46,54,33,1,77,88,106,47,115,14,1,112,,48,62.5,46,73,37.5,0.0,102.43,100.0,6,111,7,6,103,0.0,44,0.119,33.3,0.0,17,64.4,37.4,100.0,99.89,0.0,106,0.0,1.0,6,6,1.0,27,7,104,0.0,27,0.25,33.3,0.118,33.3,44,104,111,13,-0.727,120,62.5,104,85.36,104,13,48,113,113,102.43,101.9,37.5,0.333,3.0,0.0,3.0,0.0,0.333,1.0,0.0,3.0,0.0,0.0,0.0,0.0,0.0,0.0,0.0,0.0,0.0,0.0,0.0,0.0,0.0,0.0,0.0,0.0,0.0,2.19,1.0,2.5,0.0,0.0,0.0,3.0,4.0,0.0,0.0,0.0,0.0,0.1,,,,,,,,,,,,,,,,,,,,,,,,,,,,,,,,,,,,,,,,,0.0,0.0,1.0,0.0,1.0,0.0,,1.0,1.0,0.0,0.0,0.0,0.0,,,,,,,,,,,,,,,,,,,,,,,,,,,,0,0,0.0,,0.0,0,,0.0,0.0,0.0,0.0,0.0,0.0,0.0,0.0,0.0,0.0,0.0,,,0.0,0.0,0.0,,,,,,,,,,0.0,1.0,0.0,,0.0,0.0,0.0,0.0,0.025,0.619,0.462,0.594,F,26.0,42.0,,0.0,POR,0.0,,0.0,0.0,,0.0,,1.0,0.0,,0.0,,0.0,,0.0,,0.0,0.0,0.0,0.0,0.0,0.0,0.0,,0.0,0.0,0.0,1,1.0,0.0,0,2017,20161208,False,21600333,,,,1.0,0.0,2.0,0.0,0.415,-0.415,,,,,,,1.0,0.0,2.0,0.0,0.43,-0.43,0.5,0.0,1.0,0.0,0.582,-0.582,0.5,0.0,1.0,0.0,0.527,-0.527,0.5,0.0,1.0,0.0,0.389,-0.389,1610612757.0,POR,3.0,3.0,0.0,0.0,0.0,1.0,3.0,0.0,0.0,0.0,0.0,0.0,0.0,0.0,0.0,0.0,0.0,0.0,0.0,0.0,0.0,1610612757,POR,4.0,0.0,0.0,0.0,0.0,0.0,0.0,0.0,0.0,0.0,0.0,0.0,0.0,0.0,0.0,0.0,0.0,0.0,1610612757,POR,6.8,2437.0,0.46,0.24,0.22,4.41,4.3,2.99,2016_17
201962,Toney Douglas,Toney,1610612763,MEM,31.0,1,1,0,1.0,26.683333333333334,3,6,0.5,1,2,0.5,4,4,1.0,0,1,1,3,0,0,0,0,1,2,11,9,16.7,0,0,16.0,1,1,1,1,56,56,72,35,27,57,13,16,26,1,73,85,94,25,93,54,33,1,22,39,41,24,66,14,1,67,,35,89.3,75,73,16.1,0.017,100.74,105.4,44,72,56,44,99,0.032,79,0.124,0.0,0.583,37,93.4,14.7,105.4,97.28,3.0,19,0.709,6.0,28,28,0.0,35,33,39,0.0,35,0.167,0.0,0.123,27.3,32,101,106,56,0.161,29,89.3,56,83.95,101,19,35,1,1,100.74,108.1,16.1,0.059,56.0,9.0,10.0,1.0,0.078,4.0,0.0,51.0,1.0,6.0,0.5,4.0,2.0,0.0,0.167,1.0,3.0,2.0,1.0,0.667,0.0,2.0,0.0,0.0,0.5,5.84,0.0,6.39,0.0,0.0,0.0,14.0,61.0,0.18,0.0,0.0,11.0,5.9,9.4,0.0,0.0,0.0,0.0,0.0,1.0,1.0,0.5,1.0,0.5,0.0,0.0,1.0,0.0,0.0,1.0,9.4,0.0,2.0,0.0,0.0,1.0,0.0,0.333,1.0,2.0,1.0,0.333,1.0,,MEM,0.5,1610612763.0,2.0,0.0,0.0,0.5,0.0,0.5,0.0,0.0,1.0,0.0,0.0,0.0,0.0,0.167,0.0,1.0,0.167,0.0,,1.0,2.0,0.5,0.0,1.0,0.167,1.0,1.0,1.0,0.333,0.0,0.5,0.167,0.0,1.0,1.0,0.167,1.0,0.0,0.0,1.0,1.0,0.167,1.5,1.0,,0.5,2,5,2.0,0.667,1.0,3,0.833,0.0,0.583,0.0,0.0,0.0,0.0,0.0,0.0,0.0,1.0,0.0,0.0,0.0,2.0,1.0,1.0,0.0,0.0,0.0,0.0,0.0,0.0,0.0,0.0,0.0,0.0,2.0,1.0,0.0,1.0,1.0,0.5,1.0,0.025,0.667,0.2,0.642,G,2.0,3.0,,1.0,MEM,0.0,,0.5,0.0,,1.0,,2.0,0.0,,1.0,,1.0,0.0,1.0,0.0,1.0,0.0,0.0,1.0,1.0,1.0,0.0,0.0,0.0,0.0,,0,0.0,,0,2017,20161208,False,21600333,,,,1.0,3.0,10.0,0.3,0.443,-0.143,0.2,0.0,2.0,0.0,0.365,-0.365,0.8,3.0,8.0,0.375,0.477,-0.102,0.1,1.0,1.0,1.0,0.592,0.408,0.2,2.0,2.0,1.0,0.531,0.469,0.5,1.0,5.0,0.2,0.408,-0.208,1610612763.0,MEM,3.0,1.0,2.0,1.0,0.0,0.0,0.0,0.0,0.0,0.0,0.0,0.0,0.0,0.0,0.0,0.0,0.0,0.0,0.0,0.0,0.0,1610612763,MEM,61.0,0.0,0.0,0.0,0.0,0.0,0.0,0.0,0.0,0.0,0.0,0.0,0.0,0.0,0.0,0.0,0.0,0.0,1610612763,MEM,26.68,10710.0,2.03,1.08,0.95,4.51,5.02,4.01,2016_17
2754,Tony Allen,Tony,1610612763,MEM,35.0,1,1,0,1.0,28.665,6,10,0.6,0,0,0.0,3,5,0.6,5,5,10,1,0,2,0,1,2,4,15,16,34.5,1,0,30.0,1,1,1,1,48,18,41,19,52,85,52,24,21,41,4,23,8,63,93,9,33,85,47,19,24,5,21,1,1,25,,26,88.5,25,9,24.4,0.149,102.98,112.9,41,41,37,41,50,0.139,79,0.179,0.0,0.6,86,86.6,31.6,112.9,101.81,6.0,34,0.615,10.0,15,15,0.0,23,10,31,0.161,23,0.053,0.0,0.167,7.7,19,71,22,62,0.177,23,88.5,18,85.82,66,76,26,1,1,102.98,118.2,24.4,0.043,15.0,2.0,3.0,0.0,0.043,1.0,0.0,23.0,0.0,4.0,0.5,2.0,0.0,0.0,0.0,0.0,2.0,2.0,1.0,0.5,0.0,0.0,0.0,0.0,0.5,2.37,1.0,1.64,0.0,0.0,2.0,24.0,36.0,0.417,9.0,1.111,15.0,1.4,6.6,1.0,0.0,1.0,0.6,5.0,9.0,1.0,0.667,6.0,0.714,0.2,6.0,5.0,1.0,0.556,5.0,9.2,0.556,15.0,4.1,0.0,0.833,1.0,0.333,2.0,3.0,1.0,0.333,2.0,,MEM,0.667,1610612763.0,3.0,0.0,0.0,0.667,0.0,0.667,0.0,0.667,6.0,4.0,0.0,4.0,0.667,0.667,0.0,6.0,0.667,0.667,,,,,,,,,,,,,,,,,,,,,,,,,,,,,0,0,,,,0,,0.0,0.6,1.0,10.0,0.0,2.0,0.0,0.0,0.8,9.0,1.0,,0.0,1.0,5.0,0.0,0.0,0.0,0.0,0.0,,0.0,0.0,,0.0,1.0,0.0,0.556,0.0,0.0,0.0,0.0,0.0,0.051,0.667,0.234,0.616,G-F,20.0,30.0,,9.0,MEM,0.0,,0.0,1.0,0.0,0.556,0.0,0.0,0.0,0.0,5.0,,0.0,,0.0,,1.0,1.0,0.0,0.0,0.0,0.0,0.0,,0.0,,,0,,,0,2017,20161208,False,21600333,,,,1.0,8.0,15.0,0.533,0.464,0.069,0.4,4.0,6.0,0.667,0.403,0.264,0.6,4.0,9.0,0.444,0.497,-0.053,0.267,2.0,4.0,0.5,0.585,-0.085,0.4,3.0,6.0,0.5,0.55,-0.05,0.533,4.0,8.0,0.5,0.422,0.078,1610612763.0,MEM,9.0,4.0,5.0,3.0,0.0,0.0,0.0,0.0,0.0,0.0,0.0,0.0,0.0,0.0,0.0,0.0,0.0,0.0,0.0,0.0,0.0,1610612763,MEM,36.0,0.0,0.0,0.0,0.0,0.0,0.0,0.0,0.0,0.0,0.0,0.0,0.0,0.0,0.0,0.0,0.0,0.0,1610612763,MEM,28.67,11179.0,2.12,1.06,1.06,4.4,4.6,4.62,2016_17
203584,Troy Daniels,Troy,1610612763,MEM,25.0,1,1,0,1.0,31.58833333333333,2,12,0.167,1,4,0.25,0,0,0.0,0,2,2,0,1,1,0,0,2,1,5,7,9.4,0,0,10.0,1,1,1,1,35,72,29,96,27,32,37,57,61,57,73,69,80,91,46,27,33,1,47,59,85,33,97,14,1,92,,85,82.0,89,73,5.7,0.025,95.73,87.7,26,29,28,26,93,0.048,79,0.176,7.7,0.208,91,82.3,5.5,87.7,95.49,2.0,98,0.208,12.0,51,51,0.0,83,50,95,0.0,83,0.0,7.7,0.171,0.0,88,70,102,65,-0.099,114,82.0,72,79.78,68,91,85,54,56,95.73,87.8,5.7,0.0,39.0,2.0,0.0,0.0,0.0,0.0,0.0,30.0,0.0,1.0,0.0,0.0,0.0,0.0,0.0,0.0,0.0,1.0,0.0,0.0,0.0,0.0,0.0,0.0,0.0,2.17,2.0,1.58,0.0,0.0,0.0,36.0,43.0,0.116,0.0,0.0,5.0,1.6,4.3,0.0,0.0,1.0,0.5,0.0,1.0,0.4,0.333,5.0,0.333,0.5,1.0,1.0,0.0,0.0,1.0,4.3,0.0,6.0,0.0,0.0,0.4,0.0,0.25,1.0,3.0,1.0,0.25,1.0,,MEM,0.333,1610612763.0,3.0,0.0,0.0,0.333,0.0,0.333,0.0,0.0,5.0,0.0,0.167,0.0,0.0,0.417,2.0,3.0,0.25,0.0,0.0,1.0,3.0,0.5,1.0,0.0,0.083,0.0,1.0,2.0,0.25,0.5,0.333,0.167,0.083,0.0,,0.083,0.0,1.0,0.0,0.0,1.0,0.0,0.0,0.0,0.0,0.0,1,2,2.0,0.167,0.0,6,0.167,0.0,0.208,0.0,0.0,0.25,0.0,3.0,0.0,0.0,2.0,0.0,0.0,0.0,0.0,0.0,6.0,0.0,1.0,0.0,0.0,0.0,1.0,0.0,0.0,0.0,0.0,3.0,0.0,0.0,1.0,0.167,0.333,1.0,0.151,0.75,0.26,0.599,G,15.0,20.0,,2.0,MEM,1.0,,0.167,0.0,,0.0,,6.0,0.0,,0.0,,0.0,0.0,0.0,0.0,0.0,0.0,0.0,1.0,3.0,0.0,1.0,0.0,1.0,1.0,0.375,4,2.0,0.5,1,2017,20161208,False,21600333,,,,1.0,3.0,12.0,0.25,0.467,-0.217,0.333,0.0,4.0,0.0,0.415,-0.415,0.667,3.0,8.0,0.375,0.493,-0.118,0.25,2.0,3.0,0.667,0.56,0.107,0.333,2.0,4.0,0.5,0.514,-0.014,0.417,0.0,5.0,0.0,0.427,-0.427,1610612763.0,MEM,6.0,3.0,3.0,3.0,0.0,0.0,0.0,0.0,0.0,0.0,0.0,0.0,0.0,0.0,0.0,0.0,0.0,0.0,0.0,0.0,0.0,1610612763,MEM,43.0,0.0,0.0,0.0,0.0,0.0,0.0,0.0,0.0,0.0,0.0,0.0,0.0,0.0,0.0,0.0,0.0,0.0,1610612763,MEM,31.58,12204.0,2.31,1.23,1.08,4.43,4.71,4.17,2016_17
1627735,Wade Baldwin IV,Wade,1610612763,MEM,21.0,1,1,0,1.0,2.9833333333333334,0,0,0.0,0,0,0.0,0,0,0.0,0,0,0,0,2,0,0,0,1,0,0,-3,-2.0,0,0,0.0,1,1,1,1,118,104,116,104,52,85,52,57,61,57,73,103,111,91,27,54,33,1,22,88,106,70,121,14,1,116,,119,50.0,88,73,-50.0,0.0,104.58,0.0,4,116,4,4,103,0.0,79,0.286,100.0,0.0,91,51.0,-51.0,0.0,95.57,0.0,106,0.0,0.0,118,118,0.0,17,118,104,0.0,17,0.0,100.0,0.25,0.0,119,19,111,7,2.0,1,50.0,104,87.15,9,91,119,121,121,104.58,0.0,-50.0,0.0,9.0,0.0,0.0,0.0,0.0,0.0,0.0,6.0,0.0,0.0,0.0,0.0,0.0,0.0,0.0,0.0,0.0,0.0,0.0,0.0,0.0,0.0,0.0,0.0,0.0,3.71,0.0,2.67,0.0,0.0,0.0,4.0,9.0,0.0,0.0,0.0,0.0,0.6,,,,,,,,,,,,,,,,,,,,,,,,,,,,,,,,,,,,,,,,,,,,,,,,,,,,,,,,,,,,,,,,,,,,,,,,,,,,,,,,,0,0,,,,0,,0.0,0.0,0.0,0.0,0.0,0.0,0.0,0.0,0.0,0.0,0.0,,0.0,0.0,0.0,0.0,0.0,0.0,0.0,0.0,,0.0,0.0,,0.0,0.0,0.0,0.0,0.0,0.0,0.0,0.0,0.0,0.028,0.615,0.274,0.587,G,16.0,26.0,,0.0,MEM,,,0.0,0.0,,0.0,,0.0,,,0.0,,,,,,0.0,0.0,,0.0,,,,,,,,0,,,0,2017,20161208,False,21600333,,,,1.0,0.0,1.0,0.0,0.301,-0.301,1.0,0.0,1.0,0.0,0.269,-0.269,,,,,,,,,,,,,,,,,,,1.0,0.0,1.0,0.0,0.235,-0.235,1610612763.0,MEM,1.0,0.0,1.0,0.0,0.0,0.0,0.0,0.0,0.0,0.0,0.0,0.0,0.0,0.0,0.0,0.0,0.0,0.0,0.0,0.0,0.0,1610612763,MEM,9.0,0.0,0.0,0.0,0.0,0.0,0.0,0.0,0.0,0.0,0.0,0.0,0.0,0.0,0.0,0.0,0.0,0.0,1610612763,MEM,2.98,1143.0,0.22,0.12,0.1,4.03,4.15,3.92,2016_17
2216,Zach Randolph,Zach,1610612763,MEM,35.0,1,1,0,1.0,16.933333333333334,2,10,0.2,0,1,0.0,3,6,0.5,4,5,9,2,1,0,0,2,4,3,7,-17,19.8,0,0,18.0,1,1,1,1,90,72,41,93,52,69,52,24,12,44,7,23,15,38,46,54,33,116,95,26,67,115,55,14,1,59,,118,96.9,101,11,-54.5,0.18,92.13,42.4,59,41,59,59,21,0.217,22,0.353,6.4,0.2,1,95.8,-54.2,42.4,93.54,2.0,92,0.277,10.0,119,119,2.0,107,119,96,0.148,107,0.667,6.3,0.35,12.5,118,3,13,33,0.0,97,96.9,72,76.77,3,56,118,45,46,92.13,41.6,-54.5,0.069,28.0,6.0,4.0,0.0,0.069,2.0,0.0,29.0,0.5,2.0,0.0,1.0,1.0,0.0,0.5,1.0,1.0,0.0,0.0,0.5,0.0,2.0,0.0,0.0,0.5,2.21,1.0,1.08,0.4,10.0,1.0,30.0,40.0,0.175,3.0,0.0,7.0,1.5,3.9,0.0,0.0,1.0,0.444,3.0,12.0,0.5,0.409,10.0,0.409,0.2,4.0,4.0,0.75,0.333,4.0,3.4,0.333,22.0,4.6,0.0,0.5,0.0,0.25,1.0,2.0,1.0,0.25,1.0,,MEM,0.5,1610612763.0,2.0,0.0,0.0,0.5,0.0,0.5,0.0,0.0,2.0,0.0,0.0,0.0,0.0,0.25,0.0,2.0,0.25,0.0,,3.0,3.0,0.333,0.0,0.333,0.375,1.0,1.0,0.0,0.375,,0.333,0.0,0.0,0.0,0.0,0.125,1.0,0.0,0.0,0.0,1.0,0.125,0.0,0.0,,,0,0,0.0,,0.0,0,,4.0,0.2,0.0,0.0,0.0,1.0,0.0,0.4,0.0,5.0,0.0,0.0,0.0,2.0,2.0,2.0,0.0,0.0,0.0,0.0,0.0,0.0,0.0,0.0,0.0,0.0,1.0,0.4,0.0,0.0,0.0,0.0,0.0,-0.031,0.574,0.454,0.605,F,31.0,54.0,,7.0,MEM,1.0,,0.0,0.0,,0.286,,0.0,0.0,,2.0,,0.0,0.0,1.0,0.0,0.0,0.0,0.0,0.0,1.0,0.0,0.0,0.0,0.0,0.0,0.0,2,1.0,0.0,0,2017,20161208,False,21600333,,,,1.0,0.0,2.0,0.0,0.463,-0.463,0.5,0.0,1.0,0.0,0.336,-0.336,0.5,0.0,1.0,0.0,0.528,-0.528,0.5,0.0,1.0,0.0,0.558,-0.558,0.5,0.0,1.0,0.0,0.525,-0.525,0.5,0.0,1.0,0.0,0.346,-0.346,1610612763.0,MEM,2.0,1.0,1.0,2.0,0.0,1.0,2.0,0.0,0.0,1.0,0.0,0.0,0.0,0.0,0.0,0.0,0.0,0.0,0.0,0.0,0.0,1610612763,MEM,40.0,10.0,2.0,5.0,0.4,0.0,0.0,0.0,4.0,0.4,4.0,0.4,1.0,0.1,0.0,0.0,0.0,0.0,1610612763,MEM,16.93,6108.0,1.16,0.6,0.56,4.26,4.17,4.35,2016_17
1627786,Troy Williams,Troy,1610612763,MEM,22.0,1,1,0,1.0,19.6,0,3,0.0,0,1,0.0,0,0,0.0,0,5,5,0,2,2,1,0,4,0,0,-5,13.0,0,0,11.0,1,1,1,1,79,104,98,104,52,69,52,57,61,57,73,23,41,91,27,9,9,1,95,88,106,85,81,14,1,85,,102,92.3,43,73,-12.8,0.1,95.51,79.5,52,98,34,52,24,0.2,79,0.11,40.0,0.0,91,85.6,-7.3,79.5,99.97,0.0,106,0.0,3.0,89,89,0.0,85,74,104,0.0,85,0.0,40.0,0.106,0.0,106,108,45,39,-0.043,110,92.3,104,79.59,109,91,102,117,117,95.51,78.3,-12.8,0.0,18.0,3.0,1.0,1.0,0.045,1.0,0.0,22.0,0.0,1.0,0.0,0.0,0.0,0.0,0.0,0.0,1.0,0.0,0.0,0.0,0.0,0.0,0.0,0.0,1.0,1.85,0.0,1.11,0.0,0.0,0.0,17.0,28.0,0.0,0.0,0.0,0.0,0.9,6.3,0.0,0.0,2.0,0.4,0.0,2.0,0.714,0.556,7.0,0.556,0.4,2.0,3.0,0.0,0.0,3.0,6.3,0.0,9.0,0.0,0.0,0.714,0.0,0.333,0.0,1.0,1.0,0.333,0.0,,HOU,0.0,1610612745.0,1.0,0.0,0.0,0.0,0.0,0.0,,,,,,,,,,,,,,1.0,1.0,0.0,0.0,0.0,0.333,0.0,0.0,0.0,0.333,,0.0,0.0,0.0,0.0,0.0,0.333,1.0,0.0,0.0,0.0,1.0,0.333,0.0,0.0,,,0,0,0.0,0.0,0.0,1,0.0,0.0,0.0,0.0,0.0,0.0,0.0,0.0,0.0,0.0,1.0,0.0,,0.0,1.0,0.0,0.0,0.0,0.0,0.0,0.0,,0.0,0.0,,0.0,0.0,1.0,0.0,0.0,0.0,0.0,0.0,0.0,-0.184,0.409,0.218,0.593,F,9.0,22.0,,1.0,HOU,0.0,,0.0,0.0,0.0,0.0,0.0,1.0,0.0,0.0,0.0,,0.0,,1.0,,0.0,0.0,0.0,0.0,0.0,0.0,0.0,,0.0,0.0,0.0,1,1.0,0.0,0,2017,20161208,False,21600333,1972.0,MEM,POR,1.0,3.0,7.0,0.429,0.416,0.013,0.429,1.0,3.0,0.333,0.322,0.011,0.571,2.0,4.0,0.5,0.476,0.024,0.286,1.0,2.0,0.5,0.592,-0.092,0.286,1.0,2.0,0.5,0.533,-0.033,0.714,2.0,5.0,0.4,0.327,0.073,1610612745.0,HOU,8.0,5.0,3.0,3.0,0.0,0.0,0.0,0.0,0.0,2.0,0.0,0.0,0.0,0.0,0.0,0.0,0.0,0.0,0.0,0.0,0.0,1610612745,HOU,28.0,0.0,0.0,0.0,0.0,0.0,0.0,0.0,0.0,0.0,0.0,0.0,0.0,0.0,0.0,0.0,0.0,0.0,1610612745,HOU,19.6,7572.0,1.43,0.8,0.63,4.29,4.84,3.72,2016_17
