PLAYER_ID,PLAYER_NAME,NICKNAME,TEAM_ID,TEAM_ABBREVIATION,AGE,GP,W,L,W_PCT,MIN,FGM,FGA,FG_PCT,FG3M,FG3A,FG3_PCT,FTM,FTA,FT_PCT,OREB,DREB,REB,AST,TOV,STL,BLK,BLKA,PF,PFD,PTS,PLUS_MINUS,NBA_FANTASY_PTS,DD2,TD3,WNBA_FANTASY_PTS,GP_RANK,W_RANK,L_RANK,W_PCT_RANK,MIN_RANK,FGM_RANK,FGA_RANK,FG_PCT_RANK,FG3M_RANK,FG3A_RANK,FG3_PCT_RANK,FTM_RANK,FTA_RANK,FT_PCT_RANK,OREB_RANK,DREB_RANK,REB_RANK,AST_RANK,TOV_RANK,STL_RANK,BLK_RANK,BLKA_RANK,PF_RANK,PFD_RANK,PTS_RANK,PLUS_MINUS_RANK,NBA_FANTASY_PTS_RANK,DD2_RANK,TD3_RANK,WNBA_FANTASY_PTS_RANK,team_poss,OFF_RATING_RANK,sp_work_DEF_RATING,E_PACE_RANK,OREB_PCT_RANK,sp_work_NET_RATING,REB_PCT,sp_work_PACE,OFF_RATING,sp_work_DEF_RATING_RANK,FGA_PG_RANK,E_DEF_RATING_RANK,DEF_RATING_RANK,DREB_PCT_RANK,DREB_PCT,AST_TO_RANK,E_USG_PCT,E_TOV_PCT,EFG_PCT,AST_PCT_RANK,E_DEF_RATING,E_NET_RATING,sp_work_OFF_RATING,E_PACE,FGM_PG,TS_PCT_RANK,TS_PCT,FGA_PG,NET_RATING_RANK,sp_work_NET_RATING_RANK,AST_TO,PACE_RANK,E_NET_RATING_RANK,EFG_PCT_RANK,OREB_PCT,sp_work_PACE_RANK,AST_PCT,TM_TOV_PCT,USG_PCT,AST_RATIO,E_OFF_RATING_RANK,USG_PCT_RANK,REB_PCT_RANK,POSS,PIE,PIE_RANK,DEF_RATING,FGM_PG_RANK,PACE_PER40,E_USG_PCT_RANK,AST_RATIO_RANK,sp_work_OFF_RATING_RANK,TM_TOV_PCT_RANK,E_TOV_PCT_RANK,PACE,E_OFF_RATING,NET_RATING,AST_TO_PASS_PCT,PASSES_RECEIVED,POTENTIAL_AST,AST_PTS_CREATED,FT_AST,AST_TO_PASS_PCT_ADJ,AST_ADJ,SECONDARY_AST,PASSES_MADE,DRIVE_FT_PCT,DRIVES,DRIVE_FG_PCT,DRIVE_PTS,DRIVE_FTM,DRIVE_TOV,DRIVE_PF_PCT,DRIVE_PF,DRIVE_PASSES,DRIVE_FGA,DRIVE_FGM,DRIVE_PTS_PCT,DRIVE_AST,DRIVE_FTA,DRIVE_TOV_PCT,DRIVE_AST_PCT,DRIVE_PASSES_PCT,AVG_SEC_PER_TOUCH,ELBOW_TOUCHES,AVG_DRIB_PER_TOUCH,PTS_PER_POST_TOUCH,POST_TOUCHES,PTS_PER_ELBOW_TOUCH,FRONT_CT_TOUCHES,TOUCHES,PTS_PER_TOUCH,PAINT_TOUCHES,PTS_PER_PAINT_TOUCH,POINTS,TIME_OF_POSS,AVG_REB_DIST,REB_CHANCE_DEFER,OREB_UNCONTEST,DREB_CONTEST,REB_CONTEST_PCT,OREB_CONTEST,OREB_CHANCES,DREB_CHANCE_PCT_ADJ,REB_CHANCE_PCT,DREB_CHANCES,REB_CHANCE_PCT_ADJ,DREB_CONTEST_PCT,REB_CONTEST,REB_UNCONTEST,OREB_CONTEST_PCT,OREB_CHANCE_PCT,DREB_UNCONTEST,AVG_DREB_DIST,OREB_CHANCE_PCT_ADJ,REB_CHANCES,AVG_OREB_DIST,OREB_CHANCE_DEFER,DREB_CHANCE_PCT,DREB_CHANCE_DEFER,very_tight_FG2A_FREQUENCY,very_tight_FGM,very_tight_FG2A,G,very_tight_FGA_FREQUENCY,very_tight_FG2M,very_tight_FG3_PCT,PLAYER_LAST_TEAM_ABBREVIATION,very_tight_EFG_PCT,PLAYER_LAST_TEAM_ID,very_tight_FGA,very_tight_FG3A,very_tight_FG3M,very_tight_FG_PCT,very_tight_FG3A_FREQUENCY,very_tight_FG2_PCT,tight_FG3M,tight_FG_PCT,tight_FGA,tight_FGM,tight_FG3A_FREQUENCY,tight_FG2M,tight_FG2_PCT,tight_FGA_FREQUENCY,tight_FG3A,tight_FG2A,tight_FG2A_FREQUENCY,tight_EFG_PCT,tight_FG3_PCT,open_FG2A,open_FGA,open_EFG_PCT,open_FG3M,open_FG2_PCT,open_FG2A_FREQUENCY,open_FG2M,open_FGM,open_FG3A,open_FGA_FREQUENCY,open_FG3_PCT,open_FG_PCT,open_FG3A_FREQUENCY,wide_open_FG2A_FREQUENCY,wide_open_FGM,wide_open_FG3_PCT,wide_open_FGA_FREQUENCY,wide_open_FG3A,wide_open_FG2A,wide_open_FG2M,wide_open_FG_PCT,wide_open_FGA,wide_open_FG3A_FREQUENCY,wide_open_EFG_PCT,wide_open_FG3M,wide_open_FG2_PCT,PULL_UP_FG3_PCT,PULL_UP_FGM,PULL_UP_PTS,PULL_UP_FG3A,PULL_UP_FG_PCT,PULL_UP_FG3M,PULL_UP_FGA,PULL_UP_EFG_PCT,POST_TOUCH_PTS,EFF_FG_PCT,ELBOW_TOUCH_FG_PCT,PAINT_TOUCH_PTS,CATCH_SHOOT_FG_PCT,ELBOW_TOUCH_PTS,CATCH_SHOOT_PTS,POST_TOUCH_FG_PCT,PAINT_TOUCH_FG_PCT,RA_FGA,ITP_FGM,BACKCOURT_FG_PCT,LEFT_CORNER_3_FG_PCT,ITP_FGA,RA_FGM,MID_FGA,RIGHT_CORNER_3_FG_PCT,LEFT_CORNER_3_FGA,RIGHT_CORNER_3_FGM,LEFT_CORNER_3_FGM,BACKCOURT_FGM,CORNER_3_FGA,CORNER_3_FGM,BACKCOURT_FGA,RIGHT_CORNER_3_FGA,ITP_FG_PCT,ABOVE_BREAK_3_FGA,RA_FG_PCT,CORNER_3_FG_PCT,MID_FGM,MID_FG_PCT,ABOVE_BREAK_3_FG_PCT,ABOVE_BREAK_3_FGM,PLUSMINUS,LT_06_PCT,FREQ,NS_LT_06_PCT,PLAYER_POSITION,FGM_LT_06,FGA_LT_06,FGA_35_39,FGA_LT_5,TEAM_ABBR,FGA_25_29,FGM_35_39,FGP_20_24,FGM_5_9,FGA_30_34,FGP_LT_5,FGM_30_34,FGA_20_24,FGP_10_14,FGP_30_34,FGM_LT_5,FGP_35_39,FGM_15_19,FGM_40_PLUS,FGA_10_14,FGP_40_PLUS,FGA_5_9,FGP_5_9,FGM_10_14,FGM_20_24,FGA_15_19,FGP_15_19,FGP_25_29,FGA_40_PLUS,FGM_25_29,CATCH_SHOOT_FG3M,CATCH_SHOOT_EFG_PCT,CATCH_SHOOT_FGA,CATCH_SHOOT_FG3A,CATCH_SHOOT_FG3_PCT,CATCH_SHOOT_FGM,year,date,playoffs,GAME_ID,overall_def_PLAYER_NAME,overall_def_PLAYER_LAST_TEAM_ID,overall_def_PLAYER_LAST_TEAM_ABBREVIATION,overall_def_PLAYER_POSITION,overall_def_AGE,overall_def_GP,overall_def_G,overall_def_FREQ,overall_def_D_FGM,overall_def_D_FGA,overall_def_D_FG_PCT,overall_def_NORMAL_FG_PCT,overall_def_PCT_PLUSMINUS,three_pt_def_PLAYER_NAME,three_pt_def_PLAYER_LAST_TEAM_ID,three_pt_def_PLAYER_LAST_TEAM_ABBREVIATION,three_pt_def_PLAYER_POSITION,three_pt_def_AGE,three_pt_def_GP,three_pt_def_G,three_pt_def_FREQ,three_pt_def_FG3M,three_pt_def_FG3A,three_pt_def_FG3_PCT,three_pt_def_NS_FG3_PCT,three_pt_def_PLUSMINUS,two_pt_def_PLAYER_NAME,two_pt_def_PLAYER_LAST_TEAM_ID,two_pt_def_PLAYER_LAST_TEAM_ABBREVIATION,two_pt_def_PLAYER_POSITION,two_pt_def_AGE,two_pt_def_GP,two_pt_def_G,two_pt_def_FREQ,two_pt_def_FG2M,two_pt_def_FG2A,two_pt_def_FG2_PCT,two_pt_def_NS_FG2_PCT,two_pt_def_PLUSMINUS,less_6ft_def_PLAYER_NAME,less_6ft_def_PLAYER_LAST_TEAM_ID,less_6ft_def_PLAYER_LAST_TEAM_ABBREVIATION,less_6ft_def_PLAYER_POSITION,less_6ft_def_AGE,less_6ft_def_GP,less_6ft_def_G,less_6ft_def_FREQ,less_6ft_def_FGM_LT_06,less_6ft_def_FGA_LT_06,less_6ft_def_LT_06_PCT,less_6ft_def_NS_LT_06_PCT,less_6ft_def_PLUSMINUS,less_10ft_def_PLAYER_NAME,less_10ft_def_PLAYER_LAST_TEAM_ID,less_10ft_def_PLAYER_LAST_TEAM_ABBREVIATION,less_10ft_def_PLAYER_POSITION,less_10ft_def_AGE,less_10ft_def_GP,less_10ft_def_G,less_10ft_def_FREQ,less_10ft_def_FGM_LT_10,less_10ft_def_FGA_LT_10,less_10ft_def_LT_10_PCT,less_10ft_def_NS_LT_10_PCT,less_10ft_def_PLUSMINUS,more_15ft_def_PLAYER_NAME,more_15ft_def_PLAYER_LAST_TEAM_ID,more_15ft_def_PLAYER_LAST_TEAM_ABBREVIATION,more_15ft_def_PLAYER_POSITION,more_15ft_def_AGE,more_15ft_def_GP,more_15ft_def_G,more_15ft_def_FREQ,more_15ft_def_FGM_GT_15,more_15ft_def_FGA_GT_15,more_15ft_def_GT_15_PCT,more_15ft_def_NS_GT_15_PCT,more_15ft_def_PLUSMINUS,hustle_PLAYER_NAME,hustle_TEAM_ID,hustle_TEAM_ABBREVIATION,hustle_AGE,hustle_G,hustle_MIN,hustle_CONTESTED_SHOTS,hustle_CONTESTED_SHOTS_2PT,hustle_CONTESTED_SHOTS_3PT,hustle_DEFLECTIONS,hustle_CHARGES_DRAWN,hustle_SCREEN_ASSISTS,hustle_SCREEN_AST_PTS,hustle_OFF_LOOSE_BALLS_RECOVERED,hustle_DEF_LOOSE_BALLS_RECOVERED,hustle_LOOSE_BALLS_RECOVERED,hustle_PCT_LOOSE_BALLS_RECOVERED_OFF,hustle_PCT_LOOSE_BALLS_RECOVERED_DEF,hustle_OFF_BOXOUTS,hustle_DEF_BOXOUTS,hustle_BOX_OUTS,hustle_BOX_OUT_PLAYER_TEAM_REBS,hustle_BOX_OUT_PLAYER_REBS,hustle_PCT_BOX_OUTS_OFF,hustle_PCT_BOX_OUTS_DEF,hustle_PCT_BOX_OUTS_TEAM_REB,hustle_PCT_BOX_OUTS_REB,post_touch_PLAYER_NAME,post_touch_TEAM_ID,post_touch_TEAM_ABBREVIATION,post_touch_GP,post_touch_W,post_touch_L,post_touch_MIN,post_touch_TOUCHES,post_touch_POST_TOUCHES,post_touch_POST_TOUCH_FGM,post_touch_POST_TOUCH_FGA,post_touch_POST_TOUCH_FG_PCT,post_touch_POST_TOUCH_FTM,post_touch_POST_TOUCH_FTA,post_touch_POST_TOUCH_FT_PCT,post_touch_POST_TOUCH_PTS,post_touch_POST_TOUCH_PTS_PCT,post_touch_POST_TOUCH_PASSES,post_touch_POST_TOUCH_PASSES_PCT,post_touch_POST_TOUCH_AST,post_touch_POST_TOUCH_AST_PCT,post_touch_POST_TOUCH_TOV,post_touch_POST_TOUCH_TOV_PCT,post_touch_POST_TOUCH_FOULS,post_touch_POST_TOUCH_FOULS_PCT,speed_distance_PLAYER_NAME,speed_distance_TEAM_ID,speed_distance_TEAM_ABBREVIATION,speed_distance_GP,speed_distance_W,speed_distance_L,speed_distance_MIN,speed_distance_MIN1,speed_distance_DIST_FEET,speed_distance_DIST_MILES,speed_distance_DIST_MILES_OFF,speed_distance_DIST_MILES_DEF,speed_distance_AVG_SPEED,speed_distance_AVG_SPEED_OFF,speed_distance_AVG_SPEED_DEF,season
202709,Cory Joseph,Cory,1610612761,TOR,25.0,1,0,1,0.0,22.23333333333333,3,8,0.375,0,0,0.0,0,0,0.0,0,3,3,0,2,1,0,2,2,2,6,-13,10.6,0,0,11.0,1,127,127,127,133,113,102,148,112,169,112,142,151,142,120,90,114,181,31,41,79,237,129,67,150,225,186,23,3,177,,76,142.9,201,120,-28.2,0.088,89.6,114.6,250,102,250,250,49,0.231,122,0.201,20.0,0.375,181,142.3,-35.1,114.6,92.83,3.0,177,0.375,8.0,220,220,0.0,234,231,162,0.0,234,0.0,20.0,0.2,0.0,122,109,112,41,0.011,208,142.9,113,74.66,115,181,76,220,220,89.6,107.2,-28.2,0.0,39.0,4.0,0.0,0.0,0.0,0.0,0.0,38.0,0.0,9.0,0.2,2.0,0.0,0.0,0.0,0.0,3.0,5.0,1.0,0.222,0.0,0.0,0.0,0.0,0.333,5.36,0.0,5.47,0.0,0.0,0.0,17.0,51.0,0.118,0.0,0.0,6.0,4.6,15.2,1.0,0.0,1.0,0.333,0.0,5.0,0.75,0.3,5.0,0.333,0.333,1.0,2.0,0.0,0.0,2.0,15.2,0.0,10.0,0.0,0.0,0.6,1.0,0.167,0.0,1.0,1.0,0.167,0.0,,TOR,0.0,1610612761.0,1.0,0.0,0.0,0.0,0.0,0.0,0.0,0.5,2.0,1.0,0.0,1.0,0.5,0.333,0.0,2.0,0.333,0.5,,2.0,2.0,0.5,0.0,0.5,0.333,1.0,1.0,0.0,0.333,,0.5,0.0,0.167,1.0,,0.167,0.0,1.0,1.0,1.0,1.0,0.0,1.0,0.0,1.0,,2,4,,0.5,,4,0.5,0.0,0.375,0.0,0.0,0.0,0.0,0.0,0.0,0.0,4.0,0.0,,0.0,1.0,1.0,3.0,0.0,0.0,0.0,0.0,,0.0,0.0,,0.0,0.0,0.0,0.25,0.0,2.0,0.667,0.0,0.0,0.053,0.64,0.236,0.587,G,80.0,125.0,,4.0,TOR,0.0,,1.0,0.0,,0.25,,1.0,0.0,,1.0,,1.0,0.0,1.0,0.0,0.0,0.0,0.0,1.0,2.0,0.5,0.0,0.0,0.0,,,0,,,0,2017,20170311,False,21600979,Cory Joseph,1610612761.0,TOR,G,25.0,1.0,1.0,1.0,5.0,7.0,0.714,0.441,0.273,Cory Joseph,1610612761.0,TOR,G,25.0,1.0,1.0,0.429,2.0,3.0,0.667,0.411,0.256,Cory Joseph,1610612761.0,TOR,G,25.0,1.0,1.0,0.571,3.0,4.0,0.75,0.474,0.276,Cory Joseph,1610612761.0,TOR,G,25.0,1.0,1.0,0.286,1.0,2.0,0.5,0.63,-0.13,Cory Joseph,1610612761.0,TOR,G,25.0,1.0,1.0,0.429,2.0,3.0,0.667,0.56,0.107,Cory Joseph,1610612761.0,TOR,G,25.0,1.0,1.0,0.571,3.0,4.0,0.75,0.409,0.341,Cory Joseph,1610612761.0,TOR,25.0,1.0,22.2,6.0,3.0,3.0,2.0,0.0,0.0,0.0,0.0,0.0,0.0,0.0,0.0,0.0,0.0,0.0,0.0,0.0,0.0,0.0,0.0,0.0,Cory Joseph,1610612761,TOR,1,0,1,22.2,51.0,0.0,0.0,0.0,0.0,0.0,0.0,0.0,0.0,0.0,0.0,0.0,0.0,0.0,0.0,0.0,0.0,0.0,Cory Joseph,1610612761,TOR,1,0,1,22.23,22.23,8793.0,1.67,0.93,0.73,4.6,4.26,4.42,2016_17
201942,DeMar DeRozan,DeMar,1610612761,TOR,27.0,1,0,1,0.0,28.436666666666667,5,16,0.313,0,2,0.0,7,7,1.0,1,3,4,2,2,1,0,3,0,4,17,-12,25.8,0,0,25.0,1,127,127,127,81,56,18,181,112,110,112,6,13,1,61,90,95,82,31,41,79,250,1,22,38,217,71,23,3,65,,149,126.9,173,98,-25.0,0.082,88.62,101.9,229,18,211,229,109,0.15,71,0.328,8.7,0.313,109,121.9,-27.6,101.9,94.05,5.0,160,0.445,16.0,210,210,1.0,241,216,190,0.034,241,0.133,8.7,0.328,8.7,194,15,123,53,0.106,114,126.9,56,73.85,18,162,149,137,137,88.62,94.3,-25.0,0.063,42.0,4.0,2.0,0.0,0.031,1.0,0.0,32.0,1.0,16.0,0.4,8.0,4.0,0.0,0.125,2.0,8.0,5.0,2.0,0.5,1.0,4.0,0.0,0.063,0.5,5.01,3.0,4.14,0.667,3.0,0.0,39.0,51.0,0.333,1.0,0.0,17.0,4.3,10.6,0.0,1.0,0.0,0.0,0.0,6.0,0.5,0.333,6.0,0.333,0.0,0.0,4.0,0.0,0.167,3.0,9.4,0.167,12.0,14.1,0.0,0.5,0.0,0.308,0.0,4.0,1.0,0.308,0.0,,TOR,0.0,1610612761.0,4.0,0.0,0.0,0.0,0.0,0.0,0.0,0.625,8.0,5.0,0.077,5.0,0.714,0.615,1.0,7.0,0.538,0.625,0.0,0.0,1.0,0.0,0.0,,0.0,0.0,0.0,1.0,0.077,0.0,0.0,0.077,,,,,,,,,,,,,,0.0,4,8,1.0,0.4,0.0,10,0.4,2.0,0.313,0.0,0.0,0.0,0.0,0.0,0.5,0.0,2.0,2.0,,0.0,4.0,0.0,8.0,0.0,0.0,0.0,0.0,,0.0,0.0,,0.0,0.5,2.0,0.0,0.0,3.0,0.375,0.0,0.0,0.078,0.678,0.261,0.6,G,80.0,118.0,,2.0,TOR,2.0,,0.0,1.0,,0.0,,0.0,0.5,,0.0,,1.0,0.0,6.0,0.0,2.0,0.5,3.0,0.0,4.0,0.25,0.0,0.0,0.0,0.0,0.0,1,1.0,0.0,0,2017,20170311,False,21600979,DeMar DeRozan,1610612761.0,TOR,G,27.0,1.0,1.0,1.0,1.0,5.0,0.2,0.432,-0.232,DeMar DeRozan,1610612761.0,TOR,G,27.0,1.0,1.0,1.0,1.0,5.0,0.2,0.354,-0.154,,,,,,,,,,,,,,,,,,,,,,,,,,,,,,,,,,,,,,,,DeMar DeRozan,1610612761.0,TOR,G,27.0,1.0,1.0,1.0,1.0,5.0,0.2,0.356,-0.156,DeMar DeRozan,1610612761.0,TOR,27.0,1.0,28.4,5.0,0.0,5.0,1.0,0.0,0.0,0.0,0.0,0.0,2.0,0.0,0.0,0.0,0.0,0.0,0.0,0.0,0.0,0.0,0.0,0.0,DeMar DeRozan,1610612761,TOR,1,0,1,28.4,51.0,3.0,1.0,2.0,0.5,0.0,0.0,0.0,2.0,0.667,1.0,0.333,0.0,0.0,0.0,0.0,0.0,0.0,DeMar DeRozan,1610612761,TOR,1,0,1,28.43,28.43,10142.0,1.92,1.15,0.77,4.02,4.06,3.95,2016_17
1626153,Delon Wright,Delon,1610612761,TOR,25.0,1,0,1,0.0,25.183333333333334,5,8,0.625,0,0,0.0,3,3,1.0,2,1,3,3,2,3,0,1,2,2,13,2,28.1,0,0,25.0,1,127,127,127,110,56,102,47,112,169,112,44,63,1,33,172,114,50,31,2,79,169,129,67,73,105,63,23,3,65,,201,88.0,130,68,5.9,0.052,94.35,93.9,45,102,37,45,215,0.038,60,0.193,14.0,0.625,40,85.7,7.1,93.9,96.22,5.0,58,0.697,8.0,115,115,1.5,172,111,73,0.063,172,0.25,14.3,0.183,21.4,201,131,178,49,0.23,18,88.0,56,78.62,126,75,201,188,188,94.35,92.7,5.9,0.081,41.0,6.0,7.0,0.0,0.081,3.0,0.0,37.0,0.0,12.0,0.6,6.0,0.0,0.0,0.0,0.0,6.0,5.0,3.0,0.5,1.0,0.0,0.0,0.083,0.5,3.73,1.0,3.25,0.0,0.0,0.0,28.0,51.0,0.255,4.0,1.0,13.0,3.2,4.7,1.0,2.0,0.0,0.0,0.0,5.0,0.333,0.333,4.0,0.375,0.0,0.0,3.0,0.0,0.4,1.0,2.6,0.4,9.0,5.7,0.0,0.25,1.0,0.143,0.0,1.0,1.0,0.143,0.0,,TOR,0.0,1610612761.0,1.0,0.0,0.0,0.0,0.0,0.0,0.0,0.667,3.0,2.0,0.0,2.0,0.667,0.429,0.0,3.0,0.429,0.667,,2.0,2.0,1.0,0.0,1.0,0.286,2.0,2.0,0.0,0.286,,1.0,0.0,0.143,1.0,,0.143,0.0,1.0,1.0,1.0,1.0,0.0,1.0,0.0,1.0,,1,2,,1.0,,1,1.0,0.0,0.625,0.0,4.0,0.0,0.0,0.0,0.0,0.667,5.0,2.0,0.0,0.0,2.0,3.0,1.0,0.0,0.0,0.0,0.0,0.0,0.0,0.0,0.0,0.0,1.0,0.0,0.6,0.0,0.0,0.0,0.0,0.0,0.013,0.611,0.333,0.599,G,11.0,18.0,,5.0,TOR,0.0,,0.0,1.0,,0.6,,0.0,1.0,,3.0,,0.0,0.0,1.0,0.0,2.0,0.5,1.0,0.0,0.0,0.0,0.0,0.0,0.0,,,0,,,0,2017,20170311,False,21600979,Delon Wright,1610612761.0,TOR,G,25.0,1.0,1.0,1.0,1.0,5.0,0.2,0.423,-0.223,Delon Wright,1610612761.0,TOR,G,25.0,1.0,1.0,0.2,0.0,1.0,0.0,0.33,-0.33,Delon Wright,1610612761.0,TOR,G,25.0,1.0,1.0,0.8,1.0,4.0,0.25,0.455,-0.205,Delon Wright,1610612761.0,TOR,G,25.0,1.0,1.0,0.2,1.0,1.0,1.0,0.557,0.443,Delon Wright,1610612761.0,TOR,G,25.0,1.0,1.0,0.4,1.0,2.0,0.5,0.542,-0.042,Delon Wright,1610612761.0,TOR,G,25.0,1.0,1.0,0.6,0.0,3.0,0.0,0.371,-0.371,Delon Wright,1610612761.0,TOR,25.0,1.0,25.2,4.0,3.0,1.0,5.0,0.0,0.0,0.0,0.0,0.0,3.0,0.0,0.0,0.0,0.0,0.0,0.0,0.0,0.0,0.0,0.0,0.0,Delon Wright,1610612761,TOR,1,0,1,25.2,51.0,0.0,0.0,0.0,0.0,0.0,0.0,0.0,0.0,0.0,0.0,0.0,0.0,0.0,0.0,0.0,0.0,0.0,Delon Wright,1610612761,TOR,1,0,1,25.18,25.18,10312.0,1.95,1.05,0.9,4.77,5.63,4.02,2016_17
203079,Dion Waiters,Dion,1610612748,MIA,25.0,1,1,0,1.0,33.22,6,10,0.6,4,6,0.667,4,8,0.5,0,1,1,5,5,1,1,1,1,5,20,6,29.7,0,0,34.0,1,1,1,1,48,38,69,52,5,24,16,23,10,109,120,172,191,27,4,41,25,169,61,14,27,76,55,23,3,33,,60,108.2,189,120,9.8,0.018,88.14,118.0,135,69,93,135,227,0.029,71,0.285,21.3,0.8,31,100.8,11.7,118.0,93.54,6.0,45,0.74,10.0,96,96,1.0,244,93,26,0.0,244,0.294,21.7,0.273,21.7,86,37,228,61,0.134,79,108.2,38,73.45,34,73,60,232,232,88.14,112.5,9.8,0.106,58.0,8.0,14.0,0.0,0.106,5.0,0.0,47.0,0.0,12.0,0.0,0.0,0.0,1.0,0.083,1.0,7.0,0.0,0.0,0.0,3.0,2.0,0.083,0.25,0.583,4.28,2.0,3.92,0.0,0.0,0.0,31.0,65.0,0.308,1.0,0.0,20.0,4.6,4.3,1.0,0.0,0.0,0.0,0.0,2.0,0.125,0.091,9.0,0.1,0.0,0.0,1.0,0.0,0.0,1.0,4.3,0.0,11.0,0.0,0.0,0.111,1.0,,,,,,,,,,,,,,,,,0.0,0.0,1.0,0.0,0.0,0.0,0.0,0.111,0.0,1.0,0.111,0.0,,2.0,7.0,0.929,3.0,1.0,0.222,2.0,5.0,5.0,0.778,0.6,0.714,0.556,0.0,1.0,1.0,0.111,1.0,0.0,0.0,1.0,1.0,0.111,1.5,1.0,,0.333,2,5,3.0,0.4,1.0,5,0.5,0.0,0.8,0.0,0.0,1.0,0.0,11.0,0.0,0.0,1.0,0.0,0.0,1.0,0.0,0.0,3.0,1.0,1.0,2.0,1.0,0.0,3.0,3.0,0.0,2.0,0.0,3.0,0.0,1.0,2.0,0.667,0.333,1.0,-0.021,0.581,0.254,0.602,G,68.0,117.0,,1.0,MIA,0.0,,0.667,0.0,,0.0,,6.0,0.0,,0.0,,2.0,0.0,0.0,0.0,0.0,0.0,0.0,4.0,3.0,0.667,0.0,0.0,0.0,3.0,1.375,4,3.0,1.0,4,2017,20170311,False,21600979,Dion Waiters,1610612748.0,MIA,G,25.0,1.0,1.0,1.0,3.0,7.0,0.429,0.452,-0.024,Dion Waiters,1610612748.0,MIA,G,25.0,1.0,1.0,0.429,0.0,3.0,0.0,0.289,-0.289,Dion Waiters,1610612748.0,MIA,G,25.0,1.0,1.0,0.571,3.0,4.0,0.75,0.506,0.244,,,,,,,,,,,,,,Dion Waiters,1610612748.0,MIA,G,25.0,1.0,1.0,0.286,2.0,2.0,1.0,0.537,0.463,Dion Waiters,1610612748.0,MIA,G,25.0,1.0,1.0,0.571,0.0,4.0,0.0,0.367,-0.367,Dion Waiters,1610612748.0,MIA,25.0,1.0,33.2,6.0,3.0,3.0,1.0,0.0,0.0,0.0,0.0,0.0,0.0,0.0,0.0,0.0,0.0,0.0,0.0,0.0,0.0,0.0,0.0,0.0,Dion Waiters,1610612748,MIA,1,1,0,33.2,65.0,0.0,0.0,0.0,0.0,0.0,0.0,0.0,0.0,0.0,0.0,0.0,0.0,0.0,0.0,0.0,0.0,0.0,Dion Waiters,1610612748,MIA,1,1,0,33.22,33.22,11166.0,2.11,1.1,1.01,3.8,4.29,3.37,2016_17
1627832,Fred VanVleet,Fred,1610612761,TOR,23.0,1,0,1,0.0,20.03333333333333,1,10,0.1,0,3,0.0,3,3,1.0,1,3,4,1,2,0,0,1,2,3,5,1,9.3,0,0,10.0,1,127,127,127,156,188,69,223,112,82,112,44,63,1,61,90,95,128,31,108,79,169,129,37,165,117,199,23,3,183,,221,82.5,38,97,2.5,0.08,95.84,85.0,33,69,19,33,117,0.136,107,0.282,14.0,0.1,136,77.7,4.7,85.0,100.34,1.0,218,0.221,10.0,122,122,0.5,147,115,224,0.036,147,0.091,14.3,0.277,7.1,225,34,125,40,-0.081,252,82.5,188,79.87,37,170,221,188,188,95.84,82.4,2.5,0.031,39.0,8.0,2.0,0.0,0.031,1.0,0.0,32.0,0.0,10.0,0.167,3.0,0.0,0.0,0.0,0.0,4.0,6.0,1.0,0.3,0.0,0.0,0.0,0.0,0.4,3.88,0.0,3.69,0.0,0.0,0.0,26.0,48.0,0.104,1.0,0.0,5.0,3.1,11.6,1.0,0.0,0.0,0.25,1.0,2.0,1.0,0.667,4.0,0.8,0.0,1.0,3.0,1.0,0.5,3.0,13.6,0.5,6.0,5.8,0.0,0.75,1.0,0.222,1.0,2.0,1.0,0.222,1.0,,TOR,0.5,1610612761.0,2.0,0.0,0.0,0.5,0.0,0.5,0.0,0.0,3.0,0.0,0.0,0.0,0.0,0.333,0.0,3.0,0.333,0.0,,1.0,2.0,0.0,0.0,0.0,0.111,0.0,0.0,1.0,0.222,0.0,0.0,0.111,0.0,0.0,0.0,0.222,2.0,0.0,0.0,0.0,2.0,0.222,0.0,0.0,,0.0,0,0,1.0,0.0,0.0,2,0.0,0.0,0.1,0.0,0.0,0.0,0.0,0.0,0.0,0.0,5.0,0.0,0.0,0.0,2.0,1.0,0.0,0.0,0.0,0.0,0.0,0.0,1.0,0.0,0.0,1.0,0.0,2.0,0.2,0.0,0.0,0.0,0.0,0.0,0.017,0.583,0.25,0.566,G,7.0,12.0,,5.0,TOR,1.0,,0.0,0.0,,0.2,,2.0,0.0,,1.0,,0.0,0.0,1.0,0.0,1.0,0.0,0.0,0.0,0.0,0.0,0.0,0.0,0.0,0.0,0.0,2,2.0,0.0,0,2017,20170311,False,21600979,Fred VanVleet,1610612761.0,TOR,G,23.0,1.0,1.0,1.0,4.0,7.0,0.571,0.441,0.131,Fred VanVleet,1610612761.0,TOR,G,23.0,1.0,1.0,0.286,1.0,2.0,0.5,0.378,0.122,Fred VanVleet,1610612761.0,TOR,G,23.0,1.0,1.0,0.714,3.0,5.0,0.6,0.48,0.12,Fred VanVleet,1610612761.0,TOR,G,23.0,1.0,1.0,0.286,1.0,2.0,0.5,0.59,-0.09,Fred VanVleet,1610612761.0,TOR,G,23.0,1.0,1.0,0.571,3.0,4.0,0.75,0.545,0.205,Fred VanVleet,1610612761.0,TOR,G,23.0,1.0,1.0,0.286,1.0,2.0,0.5,0.4,0.1,Fred VanVleet,1610612761.0,TOR,23.0,1.0,20.0,5.0,4.0,1.0,1.0,0.0,0.0,0.0,0.0,0.0,0.0,0.0,0.0,0.0,0.0,0.0,0.0,0.0,0.0,0.0,0.0,0.0,Fred VanVleet,1610612761,TOR,1,0,1,20.0,48.0,0.0,0.0,0.0,0.0,0.0,0.0,0.0,0.0,0.0,0.0,0.0,0.0,0.0,0.0,0.0,0.0,0.0,Fred VanVleet,1610612761,TOR,1,0,1,20.03,20.03,8473.0,1.6,0.82,0.79,4.8,5.02,4.59,2016_17
201609,Goran Dragic,Goran,1610612748,MIA,31.0,1,1,0,1.0,17.416666666666668,5,9,0.556,1,2,0.5,4,5,0.8,0,2,2,2,0,2,0,1,1,3,15,14,26.4,0,0,24.0,1,1,1,1,186,56,82,74,65,110,33,23,27,83,120,137,158,82,158,13,79,169,61,37,52,19,69,23,3,73,,34,82.4,48,120,41.2,0.05,93.7,123.5,31,82,16,31,174,0.083,122,0.312,0.0,0.611,57,74.8,45.8,123.5,99.6,5.0,65,0.67,9.0,16,16,0.0,187,11,81,0.0,187,0.222,0.0,0.27,16.7,40,40,182,34,0.244,12,82.4,56,78.09,21,112,34,1,1,93.7,120.6,41.2,0.1,20.0,6.0,2.0,0.0,0.1,2.0,1.0,20.0,0.0,6.0,0.5,4.0,0.0,0.0,0.0,0.0,2.0,4.0,2.0,0.667,0.0,0.0,0.0,0.0,0.333,5.78,0.0,5.53,0.0,0.0,0.0,9.0,32.0,0.469,0.0,0.0,15.0,3.1,4.4,0.0,0.0,0.0,0.0,0.0,2.0,0.4,0.286,5.0,0.286,0.0,0.0,2.0,0.0,0.0,2.0,4.4,0.0,7.0,0.0,0.0,0.4,0.0,0.125,0.0,1.0,1.0,0.125,0.0,,MIA,0.0,1610612748.0,1.0,0.0,0.0,0.0,0.0,0.0,0.0,0.75,4.0,3.0,0.0,3.0,0.75,0.5,0.0,4.0,0.5,0.75,,1.0,2.0,1.25,1.0,1.0,0.125,1.0,2.0,1.0,0.25,1.0,1.0,0.125,0.0,0.0,0.0,0.125,1.0,0.0,0.0,0.0,1.0,0.125,0.0,0.0,,0.5,1,3,2.0,0.333,1.0,3,0.5,0.0,0.611,0.0,0.0,0.0,0.0,0.0,0.0,0.0,5.0,0.0,,0.0,0.0,3.0,2.0,0.0,0.0,0.0,0.0,,0.0,0.0,,0.0,0.0,2.0,0.6,0.0,1.0,0.5,0.5,1.0,-0.026,0.563,0.282,0.588,G,90.0,160.0,,5.0,MIA,2.0,,0.0,1.0,,0.6,,0.0,0.0,,3.0,,0.0,,1.0,,1.0,1.0,0.0,0.0,0.0,0.0,0.5,,1.0,0.0,,0,0.0,,0,2017,20170311,False,21600979,Goran Dragic,1610612748.0,MIA,G,31.0,1.0,1.0,1.0,2.0,5.0,0.4,0.421,-0.021,Goran Dragic,1610612748.0,MIA,G,31.0,1.0,1.0,0.2,0.0,1.0,0.0,0.341,-0.341,Goran Dragic,1610612748.0,MIA,G,31.0,1.0,1.0,0.8,2.0,4.0,0.5,0.429,0.071,Goran Dragic,1610612748.0,MIA,G,31.0,1.0,1.0,0.6,2.0,3.0,0.667,0.522,0.145,Goran Dragic,1610612748.0,MIA,G,31.0,1.0,1.0,0.6,2.0,3.0,0.667,0.424,0.242,Goran Dragic,1610612748.0,MIA,G,31.0,1.0,1.0,0.4,0.0,2.0,0.0,0.375,-0.375,Goran Dragic,1610612748.0,MIA,31.0,1.0,17.4,3.0,3.0,0.0,3.0,0.0,0.0,0.0,0.0,0.0,1.0,0.0,0.0,0.0,0.0,0.0,0.0,0.0,0.0,0.0,0.0,0.0,Goran Dragic,1610612748,MIA,1,1,0,17.4,32.0,0.0,0.0,0.0,0.0,0.0,0.0,0.0,0.0,0.0,0.0,0.0,0.0,0.0,0.0,0.0,0.0,0.0,Goran Dragic,1610612748,MIA,1,1,0,17.42,17.42,6517.0,1.23,0.59,0.64,4.14,5.07,3.49,2016_17
202355,Hassan Whiteside,Hassan,1610612748,MIA,28.0,1,1,0,1.0,32.95,4,8,0.5,0,0,0.0,4,4,1.0,2,12,14,0,0,0,4,0,3,2,12,18,40.8,1,0,34.0,1,1,1,1,53,83,102,81,112,169,112,23,41,1,33,3,6,181,158,108,2,1,184,67,82,8,24,1,3,33,,58,92.2,118,56,26.3,0.219,93.96,118.5,59,102,47,59,17,0.324,122,0.143,0.0,0.5,181,88.7,27.5,118.5,96.67,4.0,92,0.615,8.0,35,35,0.0,181,32,105,0.074,181,0.0,0.0,0.141,0.0,66,173,21,65,0.179,49,92.2,83,78.3,173,181,58,1,1,93.96,116.2,26.3,0.0,16.0,1.0,0.0,0.0,0.0,0.0,0.0,20.0,0.0,0.0,0.0,0.0,0.0,0.0,0.0,0.0,0.0,0.0,0.0,0.0,0.0,0.0,0.0,0.0,0.0,1.34,4.0,0.4,0.5,4.0,1.5,14.0,30.0,0.4,6.0,1.0,12.0,0.7,3.4,0.0,0.0,8.0,0.714,2.0,6.0,0.6,0.538,20.0,0.538,0.667,10.0,4.0,1.0,0.333,4.0,3.5,0.333,26.0,2.9,0.0,0.6,0.0,,,,,,,,,,,,,,,,,0.0,0.5,4.0,2.0,0.0,2.0,0.5,0.5,0.0,4.0,0.5,0.5,,2.0,2.0,0.0,0.0,0.0,0.25,0.0,0.0,0.0,0.25,,0.0,0.0,0.25,2.0,,0.25,0.0,2.0,2.0,1.0,2.0,0.0,1.0,0.0,1.0,,0,0,,,,0,,2.0,0.5,1.0,6.0,0.5,6.0,4.0,0.0,0.75,2.0,2.0,0.0,0.0,3.0,1.0,3.0,0.0,0.0,0.0,0.0,0.0,0.0,0.0,0.0,0.0,0.667,0.0,0.5,0.0,1.0,0.333,0.0,0.0,-0.1,0.509,0.498,0.609,C,205.0,403.0,,3.0,MIA,0.0,,0.0,1.0,,0.667,,0.0,0.0,,2.0,,1.0,0.0,0.0,0.0,2.0,0.5,0.0,0.0,3.0,0.333,0.0,0.0,0.0,,0.5,4,,,2,2017,20170311,False,21600979,Hassan Whiteside,1610612748.0,MIA,C,28.0,1.0,1.0,1.0,7.0,17.0,0.412,0.488,-0.077,,,,,,,,,,,,,,Hassan Whiteside,1610612748.0,MIA,C,28.0,1.0,1.0,1.0,7.0,17.0,0.412,0.507,-0.095,Hassan Whiteside,1610612748.0,MIA,C,28.0,1.0,1.0,0.529,5.0,9.0,0.556,0.583,-0.028,Hassan Whiteside,1610612748.0,MIA,C,28.0,1.0,1.0,0.765,5.0,13.0,0.385,0.555,-0.17,Hassan Whiteside,1610612748.0,MIA,C,28.0,1.0,1.0,0.176,2.0,3.0,0.667,0.407,0.259,Hassan Whiteside,1610612748.0,MIA,28.0,1.0,33.0,17.0,17.0,0.0,1.0,0.0,2.0,4.0,0.0,0.0,1.0,0.0,0.0,0.0,0.0,0.0,0.0,0.0,0.0,0.0,0.0,0.0,Hassan Whiteside,1610612748,MIA,1,1,0,33.0,30.0,4.0,0.0,2.0,0.0,2.0,2.0,1.0,2.0,0.5,1.0,0.25,0.0,0.0,0.0,0.0,1.0,0.25,Hassan Whiteside,1610612748,MIA,1,1,0,32.95,32.95,10939.0,2.07,1.0,1.07,3.83,3.97,3.71,2016_17
1627751,Jakob Pöltl,Jakob,1610612761,TOR,21.0,1,0,1,0.0,19.133333333333333,3,8,0.375,0,0,0.0,0,2,0.0,6,3,9,0,0,0,0,1,3,2,6,3,16.8,0,0,15.0,1,127,127,127,164,113,102,148,112,169,112,142,79,142,2,90,22,181,158,108,79,169,184,67,150,96,134,23,3,137,,97,97.3,159,3,14.1,0.22,90.31,111.4,73,102,55,73,78,0.176,122,0.194,0.0,0.375,181,92.5,13.7,111.4,94.88,3.0,192,0.338,8.0,78,78,0.0,228,80,162,0.25,228,0.0,0.0,0.196,0.0,130,117,20,35,0.044,178,97.3,113,75.26,124,181,97,1,1,90.31,106.2,14.1,0.0,13.0,1.0,0.0,1.0,0.071,1.0,0.0,14.0,0.0,1.0,0.0,0.0,0.0,0.0,0.0,0.0,1.0,0.0,0.0,0.0,0.0,0.0,0.0,0.0,1.0,1.01,3.0,0.2,0.0,0.0,0.667,18.0,25.0,0.24,7.0,0.571,6.0,0.4,3.4,0.0,2.0,1.0,0.556,4.0,9.0,1.0,0.75,3.0,0.75,0.333,5.0,4.0,0.667,0.667,2.0,4.0,0.667,12.0,3.1,0.0,1.0,0.0,,,,,,,,,,,,,,,,,0.0,0.5,6.0,3.0,0.0,3.0,0.5,0.857,0.0,6.0,0.857,0.5,,1.0,1.0,0.0,0.0,0.0,0.143,0.0,0.0,0.0,0.143,,0.0,0.0,,,,,,,,,,,,,,,0,0,,,,0,,0.0,0.375,0.5,4.0,0.0,2.0,0.0,0.0,0.5,6.0,0.0,0.0,0.0,1.0,3.0,1.0,0.0,0.0,0.0,0.0,0.0,0.0,0.0,0.0,0.0,0.0,0.0,0.5,0.0,0.0,0.0,0.0,0.0,-0.065,0.532,0.541,0.597,C,42.0,79.0,,6.0,TOR,0.0,,0.0,0.0,,0.5,,0.0,0.0,,3.0,,0.0,0.0,1.0,0.0,1.0,0.0,0.0,0.0,0.0,0.0,0.0,0.0,0.0,,0.0,1,,,0,2017,20170311,False,21600979,Jakob Poeltl,1610612761.0,TOR,C,21.0,1.0,1.0,1.0,2.0,4.0,0.5,0.447,0.053,Jakob Poeltl,1610612761.0,TOR,C,21.0,1.0,1.0,0.5,1.0,2.0,0.5,0.355,0.145,Jakob Poeltl,1610612761.0,TOR,C,21.0,1.0,1.0,0.5,1.0,2.0,0.5,0.548,-0.048,,,,,,,,,,,,,,Jakob Poeltl,1610612761.0,TOR,C,21.0,1.0,1.0,0.25,1.0,1.0,1.0,0.581,0.419,Jakob Poeltl,1610612761.0,TOR,C,21.0,1.0,1.0,0.75,1.0,3.0,0.333,0.363,-0.029,Jakob Poeltl,1610612761.0,TOR,21.0,1.0,19.1,3.0,2.0,1.0,1.0,0.0,6.0,12.0,0.0,0.0,0.0,0.0,0.0,0.0,0.0,0.0,0.0,0.0,0.0,0.0,0.0,0.0,Jakob Poeltl,1610612761,TOR,1,0,1,19.1,25.0,0.0,0.0,0.0,0.0,0.0,0.0,0.0,0.0,0.0,0.0,0.0,0.0,0.0,0.0,0.0,0.0,0.0,Jakob Poeltl,1610612761,TOR,1,0,1,19.13,19.13,7390.0,1.4,0.74,0.66,4.4,4.71,4.12,2016_17
201949,James Johnson,James,1610612748,MIA,30.0,1,1,0,1.0,27.52,4,10,0.4,0,3,0.0,4,6,0.667,0,5,5,5,2,1,2,1,3,3,12,5,32.5,0,0,28.0,1,1,1,1,91,83,69,137,112,82,112,23,17,97,120,48,72,27,31,41,8,169,184,37,82,83,45,23,3,54,,197,87.5,94,120,7.2,0.085,98.55,94.7,43,69,38,43,110,0.147,34,0.256,10.2,0.4,25,86.3,11.6,94.7,97.64,4.0,152,0.475,10.0,110,110,2.5,78,94,156,0.0,78,0.313,10.0,0.246,25.0,177,59,116,57,0.143,68,87.5,83,82.12,54,42,197,148,158,98.55,97.9,7.2,0.089,49.0,12.0,16.0,2.0,0.125,7.0,0.0,56.0,1.0,7.0,0.667,6.0,2.0,0.0,0.143,1.0,3.0,3.0,2.0,0.857,0.0,2.0,0.0,0.0,0.429,3.2,1.0,2.94,0.0,1.0,0.0,32.0,72.0,0.167,0.0,0.0,12.0,3.8,8.1,1.0,0.0,1.0,0.2,0.0,2.0,0.5,0.385,11.0,0.417,0.2,1.0,4.0,0.0,0.0,4.0,8.1,0.0,13.0,0.0,0.0,0.455,1.0,0.222,1.0,2.0,1.0,0.222,1.0,,MIA,0.5,1610612748.0,2.0,0.0,0.0,0.5,0.0,0.5,0.0,1.0,1.0,1.0,0.0,1.0,1.0,0.111,0.0,1.0,0.111,1.0,,2.0,3.0,0.333,0.0,0.5,0.222,1.0,1.0,1.0,0.333,0.0,0.333,0.111,0.111,1.0,0.0,0.333,2.0,1.0,1.0,0.333,3.0,0.222,0.333,0.0,1.0,,0,0,0.0,0.0,0.0,1,0.0,0.0,0.4,0.0,0.0,0.25,0.0,2.0,0.0,0.0,2.0,2.0,0.0,0.0,2.0,0.0,3.0,0.0,0.0,0.0,0.0,0.0,1.0,0.0,0.0,1.0,1.0,2.0,0.0,0.0,2.0,0.667,0.0,0.0,-0.086,0.517,0.322,0.603,F,104.0,201.0,,3.0,MIA,1.0,,0.0,1.0,,0.333,,2.0,1.0,,1.0,,1.0,0.0,1.0,0.0,1.0,1.0,1.0,0.0,2.0,0.5,0.0,0.0,0.0,0.0,0.25,4,3.0,0.0,1,2017,20170311,False,21600979,James Johnson,1610612748.0,MIA,F,30.0,1.0,1.0,1.0,1.0,6.0,0.167,0.446,-0.28,James Johnson,1610612748.0,MIA,F,30.0,1.0,1.0,0.333,0.0,2.0,0.0,0.314,-0.314,James Johnson,1610612748.0,MIA,F,30.0,1.0,1.0,0.667,1.0,4.0,0.25,0.475,-0.225,James Johnson,1610612748.0,MIA,F,30.0,1.0,1.0,0.167,1.0,1.0,1.0,0.581,0.419,James Johnson,1610612748.0,MIA,F,30.0,1.0,1.0,0.167,1.0,1.0,1.0,0.544,0.456,James Johnson,1610612748.0,MIA,F,30.0,1.0,1.0,0.833,0.0,5.0,0.0,0.371,-0.371,James Johnson,1610612748.0,MIA,30.0,1.0,27.5,6.0,4.0,2.0,1.0,0.0,1.0,2.0,0.0,0.0,3.0,0.0,0.0,0.0,0.0,0.0,0.0,0.0,0.0,0.0,0.0,0.0,James Johnson,1610612748,MIA,1,1,0,27.5,72.0,1.0,0.0,0.0,0.0,0.0,0.0,0.0,0.0,0.0,0.0,0.0,1.0,1.0,0.0,0.0,0.0,0.0,James Johnson,1610612748,MIA,1,1,0,27.52,27.52,10092.0,1.91,1.08,0.83,4.15,4.57,3.69,2016_17
202685,Jonas Valančiūnas,Jonas,1610612761,TOR,25.0,1,0,1,0.0,20.98333333333333,5,6,0.833,0,0,0.0,0,0,0.0,4,6,10,0,1,0,0,0,2,1,10,-18,21.0,1,0,20.0,1,127,127,127,144,56,149,12,112,169,112,142,151,142,7,29,17,181,73,108,79,1,129,120,105,244,101,1,3,99,,221,126.8,106,8,-41.8,0.238,92.64,85.0,228,149,223,228,12,0.353,122,0.139,14.3,0.833,181,124.6,-46.2,85.0,97.27,5.0,21,0.833,6.0,240,240,0.0,201,244,20,0.16,201,0.0,14.3,0.14,0.0,235,175,12,40,0.19,38,126.8,56,77.2,177,181,221,188,191,92.64,78.5,-41.8,0.0,16.0,1.0,2.0,1.0,0.031,1.0,0.0,32.0,0.0,1.0,1.0,2.0,0.0,0.0,0.0,0.0,0.0,1.0,1.0,2.0,0.0,0.0,0.0,0.0,0.0,1.9,2.0,0.36,0.667,3.0,0.0,17.0,39.0,0.256,4.0,1.5,10.0,1.2,4.4,1.0,1.0,3.0,0.6,3.0,11.0,0.6,0.476,10.0,0.5,0.5,6.0,4.0,0.75,0.364,3.0,4.0,0.4,21.0,5.1,1.0,0.6,0.0,0.333,2.0,2.0,1.0,0.333,2.0,,TOR,1.0,1610612761.0,2.0,0.0,0.0,1.0,0.0,1.0,0.0,0.667,3.0,2.0,0.0,2.0,0.667,0.5,0.0,3.0,0.5,0.667,,1.0,1.0,1.0,0.0,1.0,0.167,1.0,1.0,0.0,0.167,,1.0,0.0,,,,,,,,,,,,,,,0,0,,,,0,,2.0,0.833,0.0,6.0,1.0,0.0,2.0,1.0,0.75,4.0,0.0,,0.0,1.0,4.0,1.0,0.0,0.0,0.0,0.0,,0.0,0.0,,0.0,0.0,0.0,1.0,0.0,1.0,1.0,0.0,0.0,-0.039,0.576,0.491,0.614,C,190.0,330.0,,4.0,TOR,0.0,,0.0,0.0,,1.0,,0.0,1.0,,4.0,,0.0,,1.0,,1.0,0.0,1.0,0.0,0.0,0.0,0.0,,0.0,,,0,,,0,2017,20170311,False,21600979,Jonas Valančiūnas,1610612761.0,TOR,C,25.0,1.0,1.0,1.0,5.0,8.0,0.625,0.512,0.113,Jonas Valančiūnas,1610612761.0,TOR,C,25.0,1.0,1.0,0.125,1.0,1.0,1.0,0.395,0.605,Jonas Valančiūnas,1610612761.0,TOR,C,25.0,1.0,1.0,0.875,4.0,7.0,0.571,0.539,0.033,Jonas Valančiūnas,1610612761.0,TOR,C,25.0,1.0,1.0,0.125,1.0,1.0,1.0,0.63,0.37,Jonas Valančiūnas,1610612761.0,TOR,C,25.0,1.0,1.0,0.375,2.0,3.0,0.667,0.575,0.092,Jonas Valančiūnas,1610612761.0,TOR,C,25.0,1.0,1.0,0.5,2.0,4.0,0.5,0.369,0.132,Jonas Valančiūnas,1610612761.0,TOR,25.0,1.0,21.0,7.0,6.0,1.0,0.0,0.0,2.0,4.0,0.0,0.0,2.0,0.0,0.0,0.0,0.0,0.0,0.0,0.0,0.0,0.0,0.0,0.0,Jonas Valančiūnas,1610612761,TOR,1,0,1,21.0,39.0,3.0,1.0,1.0,1.0,0.0,0.0,0.0,2.0,0.667,1.0,0.333,0.0,0.0,1.0,0.333,0.0,0.0,Jonas Valančiūnas,1610612761,TOR,1,0,1,20.98,20.98,7764.0,1.47,0.86,0.61,4.3,4.39,4.18,2016_17
1626196,Josh Richardson,Josh,1610612748,MIA,23.0,1,1,0,1.0,22.266666666666666,1,4,0.25,0,1,0.0,1,2,0.5,0,3,3,1,0,1,1,0,2,1,3,6,14.1,0,0,11.0,1,1,1,1,132,188,184,195,112,140,112,109,79,109,120,90,114,128,158,41,25,1,129,120,196,76,158,23,3,177,,209,79.1,52,120,11.8,0.053,93.77,90.9,22,184,12,22,173,0.088,122,0.103,0.0,0.25,147,73.1,14.6,90.9,99.29,1.0,200,0.307,4.0,85,85,0.0,186,73,200,0.0,186,0.083,0.0,0.083,20.0,217,229,177,44,0.05,175,79.1,188,78.14,220,80,209,1,1,93.77,87.7,11.8,0.033,24.0,1.0,2.0,0.0,0.067,2.0,1.0,30.0,0.0,2.0,1.0,2.0,0.0,0.0,0.0,0.0,1.0,1.0,1.0,1.0,0.0,0.0,0.0,0.0,0.5,3.18,1.0,2.57,0.0,0.0,0.0,16.0,35.0,0.086,0.0,0.0,3.0,1.9,9.5,0.0,0.0,1.0,0.333,0.0,2.0,0.429,0.333,7.0,0.333,0.333,1.0,2.0,0.0,0.0,2.0,9.5,0.0,9.0,0.0,0.0,0.429,0.0,,,,,,,,,,,,,,,,,,,,,,,,,,,,,,2.0,2.0,0.5,0.0,0.5,0.5,1.0,1.0,0.0,0.5,,0.5,0.0,0.25,0.0,0.0,0.5,1.0,1.0,0.0,0.0,2.0,0.25,0.0,0.0,0.0,,0,0,0.0,0.0,0.0,2,0.0,0.0,0.25,0.0,0.0,0.0,0.0,0.0,0.0,0.0,1.0,0.0,,0.0,0.0,1.0,2.0,0.0,0.0,0.0,0.0,,0.0,0.0,,0.0,0.0,1.0,1.0,0.0,0.0,0.0,0.0,0.0,0.009,0.593,0.244,0.583,G,48.0,81.0,,1.0,MIA,1.0,,0.0,0.0,,1.0,,0.0,0.0,,1.0,,0.0,,0.0,,0.0,0.0,0.0,0.0,2.0,0.0,0.0,,0.0,0.0,0.0,1,1.0,0.0,0,2017,20170311,False,21600979,Josh Richardson,1610612748.0,MIA,G,23.0,1.0,1.0,1.0,1.0,6.0,0.167,0.453,-0.287,Josh Richardson,1610612748.0,MIA,G,23.0,1.0,1.0,0.333,0.0,2.0,0.0,0.295,-0.295,Josh Richardson,1610612748.0,MIA,G,23.0,1.0,1.0,0.667,1.0,4.0,0.25,0.486,-0.236,Josh Richardson,1610612748.0,MIA,G,23.0,1.0,1.0,0.333,0.0,2.0,0.0,0.587,-0.587,Josh Richardson,1610612748.0,MIA,G,23.0,1.0,1.0,0.5,1.0,3.0,0.333,0.543,-0.21,Josh Richardson,1610612748.0,MIA,G,23.0,1.0,1.0,0.333,0.0,2.0,0.0,0.358,-0.358,Josh Richardson,1610612748.0,MIA,23.0,1.0,22.3,6.0,4.0,2.0,2.0,0.0,1.0,3.0,0.0,0.0,2.0,0.0,0.0,0.0,0.0,0.0,0.0,0.0,0.0,0.0,0.0,0.0,Josh Richardson,1610612748,MIA,1,1,0,22.3,35.0,0.0,0.0,0.0,0.0,0.0,0.0,0.0,0.0,0.0,0.0,0.0,0.0,0.0,0.0,0.0,0.0,0.0,Josh Richardson,1610612748,MIA,1,1,0,22.27,22.27,8506.0,1.61,0.83,0.78,4.28,4.52,4.07,2016_17
202337,Luke Babbitt,Luke,1610612748,MIA,28.0,1,1,0,1.0,20.48,2,4,0.5,2,4,0.5,0,0,0.0,0,1,1,3,1,2,0,0,4,0,6,10,16.7,0,0,16.0,1,1,1,1,153,150,184,81,34,56,33,142,151,142,120,172,191,50,73,13,79,1,223,183,150,41,135,23,3,130,,2,108.1,196,120,30.8,0.026,85.55,138.9,133,184,100,133,207,0.043,15,0.121,12.5,0.75,53,102.0,21.8,138.9,93.23,2.0,41,0.75,4.0,31,31,3.0,247,47,36,0.0,247,0.231,12.5,0.128,37.5,25,194,215,36,0.072,154,108.1,150,71.29,202,15,2,174,175,85.55,123.9,30.8,0.115,20.0,3.0,8.0,0.0,0.115,3.0,0.0,26.0,0.0,1.0,0.0,0.0,0.0,0.0,0.0,0.0,0.0,0.0,0.0,0.0,1.0,0.0,0.0,1.0,0.0,1.61,0.0,0.87,0.0,0.0,0.0,17.0,30.0,0.2,0.0,0.0,6.0,0.8,2.4,1.0,0.0,1.0,1.0,0.0,0.0,0.25,0.2,5.0,0.25,1.0,1.0,0.0,0.0,0.0,0.0,2.4,0.0,5.0,0.0,0.0,0.2,1.0,,,,,,,,,,,,,,,,,,,,,,,,,,,,,,,,,,,,,,,,,,,0.0,2.0,0.5,1.0,4.0,0.0,0.0,0.5,4.0,1.0,0.75,2.0,,,0,0,0.0,,0.0,0,,0.0,0.75,0.0,0.0,0.5,0.0,6.0,0.0,0.0,0.0,0.0,,1.0,0.0,0.0,0.0,0.0,1.0,0.0,1.0,,1.0,1.0,,0.0,0.0,3.0,0.0,1.0,0.0,0.0,0.333,1.0,-0.03,0.58,0.317,0.611,F,65.0,112.0,,0.0,MIA,0.0,,0.5,0.0,,0.0,,4.0,0.0,,0.0,,0.0,,0.0,,0.0,0.0,0.0,2.0,0.0,0.0,0.0,,0.0,2.0,0.75,4,4.0,0.5,2,2017,20170311,False,21600979,Luke Babbitt,1610612748.0,MIA,F,28.0,1.0,1.0,1.0,4.0,11.0,0.364,0.478,-0.114,Luke Babbitt,1610612748.0,MIA,F,28.0,1.0,1.0,0.091,1.0,1.0,1.0,0.38,0.62,Luke Babbitt,1610612748.0,MIA,F,28.0,1.0,1.0,0.909,3.0,10.0,0.3,0.513,-0.213,Luke Babbitt,1610612748.0,MIA,F,28.0,1.0,1.0,0.273,2.0,3.0,0.667,0.584,0.083,Luke Babbitt,1610612748.0,MIA,F,28.0,1.0,1.0,0.455,2.0,5.0,0.4,0.561,-0.161,Luke Babbitt,1610612748.0,MIA,F,28.0,1.0,1.0,0.364,2.0,4.0,0.5,0.386,0.115,Luke Babbitt,1610612748.0,MIA,28.0,1.0,20.5,8.0,7.0,1.0,2.0,0.0,1.0,3.0,0.0,0.0,0.0,0.0,0.0,0.0,0.0,0.0,0.0,0.0,0.0,0.0,0.0,0.0,Luke Babbitt,1610612748,MIA,1,1,0,20.5,30.0,0.0,0.0,0.0,0.0,0.0,0.0,0.0,0.0,0.0,0.0,0.0,0.0,0.0,0.0,0.0,0.0,0.0,Luke Babbitt,1610612748,MIA,1,1,0,20.48,20.48,7418.0,1.4,0.7,0.71,4.12,5.03,3.48,2016_17
1626181,Norman Powell,Norman,1610612761,TOR,24.0,1,0,1,0.0,35.0,5,14,0.357,0,4,0.0,4,6,0.667,1,0,1,0,1,0,0,0,4,3,14,-14,14.2,0,0,15.0,1,127,127,127,30,56,28,164,112,56,112,23,17,97,61,231,191,181,73,108,79,1,223,37,62,231,157,23,3,137,,190,111.4,148,117,-15.9,0.014,93.94,95.5,157,28,176,157,231,0.0,122,0.209,5.7,0.357,181,113.6,-22.6,95.5,95.34,5.0,166,0.421,14.0,182,182,0.0,182,200,173,0.022,182,0.0,5.6,0.212,0.0,208,94,234,67,-0.014,233,111.4,56,78.29,100,181,190,110,113,93.94,91.0,-15.9,0.0,43.0,2.0,0.0,0.0,0.0,0.0,0.0,31.0,1.0,9.0,0.714,12.0,2.0,0.0,0.111,1.0,1.0,7.0,5.0,1.333,0.0,2.0,0.0,0.0,0.111,2.99,0.0,2.35,0.0,0.0,0.0,32.0,51.0,0.275,1.0,2.0,14.0,2.5,26.9,1.0,1.0,0.0,0.0,0.0,3.0,0.0,0.143,4.0,0.167,0.0,0.0,1.0,0.0,0.333,0.0,0.0,0.333,7.0,26.9,0.0,0.0,1.0,0.214,2.0,3.0,1.0,0.214,2.0,,TOR,0.667,1610612761.0,3.0,0.0,0.0,0.667,0.0,0.667,0.0,0.5,6.0,3.0,0.0,3.0,0.5,0.429,0.0,6.0,0.429,0.5,,1.0,3.0,0.0,0.0,0.0,0.071,0.0,0.0,2.0,0.214,0.0,0.0,0.143,0.0,0.0,0.0,0.143,2.0,0.0,0.0,0.0,2.0,0.143,0.0,0.0,,,0,0,0.0,0.0,0.0,3,0.0,0.0,0.357,0.0,2.0,0.0,0.0,0.0,0.0,0.0,7.0,0.0,0.0,0.0,0.0,5.0,3.0,0.0,1.0,0.0,0.0,0.0,1.0,0.0,0.0,0.0,0.0,3.0,0.714,0.0,0.0,0.0,0.0,0.0,0.134,0.732,0.242,0.598,G,60.0,82.0,,7.0,TOR,3.0,,0.0,0.0,,0.714,,1.0,0.0,,5.0,,0.0,0.0,0.0,0.0,0.0,0.0,0.0,0.0,3.0,0.0,0.0,0.0,0.0,0.0,0.0,4,4.0,0.0,0,2017,20170311,False,21600979,Norman Powell,1610612761.0,TOR,G,24.0,1.0,1.0,1.0,6.0,11.0,0.545,0.427,0.118,Norman Powell,1610612761.0,TOR,G,24.0,1.0,1.0,0.545,3.0,6.0,0.5,0.387,0.114,Norman Powell,1610612761.0,TOR,G,24.0,1.0,1.0,0.455,3.0,5.0,0.6,0.469,0.131,Norman Powell,1610612761.0,TOR,G,24.0,1.0,1.0,0.273,2.0,3.0,0.667,0.611,0.055,Norman Powell,1610612761.0,TOR,G,24.0,1.0,1.0,0.273,2.0,3.0,0.667,0.554,0.112,Norman Powell,1610612761.0,TOR,G,24.0,1.0,1.0,0.636,4.0,7.0,0.571,0.403,0.168,Norman Powell,1610612761.0,TOR,24.0,1.0,35.0,7.0,1.0,6.0,2.0,0.0,0.0,0.0,0.0,0.0,2.0,0.0,0.0,0.0,0.0,0.0,0.0,0.0,0.0,0.0,0.0,0.0,Norman Powell,1610612761,TOR,1,0,1,35.0,51.0,0.0,0.0,0.0,0.0,0.0,0.0,0.0,0.0,0.0,0.0,0.0,0.0,0.0,0.0,0.0,0.0,0.0,Norman Powell,1610612761,TOR,1,0,1,35.0,35.0,13309.0,2.52,1.42,1.1,4.29,4.52,4.04,2016_17
200782,P.J. Tucker,P.J.,1610612761,TOR,32.0,1,0,1,0.0,14.046666666666669,0,1,0.0,0,0,0.0,0,0,0.0,0,3,3,0,0,0,0,0,3,0,0,-8,3.6,0,0,3.0,1,127,127,127,209,225,228,225,112,169,112,142,151,142,120,90,114,181,158,108,79,1,184,183,230,197,229,23,3,232,,187,114.3,115,120,-18.3,0.103,90.56,96.0,177,228,127,177,49,0.231,122,0.03,0.0,0.0,181,106.5,-16.4,96.0,96.84,0.0,230,0.0,1.0,191,191,0.0,226,179,225,0.0,226,0.0,0.0,0.03,0.0,211,246,96,25,-0.032,243,114.3,225,75.46,246,181,187,1,1,90.56,90.1,-18.3,0.0,5.0,1.0,0.0,0.0,0.0,0.0,0.0,7.0,0.0,1.0,0.0,0.0,0.0,0.0,0.0,0.0,0.0,1.0,0.0,0.0,0.0,0.0,0.0,0.0,0.0,1.73,0.0,0.88,0.0,0.0,0.0,5.0,8.0,0.0,1.0,0.0,0.0,0.2,10.9,2.0,0.0,0.0,0.0,0.0,0.0,0.75,0.5,6.0,0.75,0.0,0.0,3.0,0.0,0.0,3.0,10.9,0.0,6.0,0.0,0.0,0.5,2.0,1.0,0.0,1.0,1.0,1.0,0.0,,TOR,0.0,1610612761.0,1.0,0.0,0.0,0.0,0.0,0.0,,,,,,,,,,,,,,,,,,,,,,,,,,,,,,,,,,,,,,,,,0,0,,,,0,,0.0,0.0,0.0,0.0,0.0,0.0,0.0,0.0,0.0,0.0,0.0,,0.0,1.0,0.0,0.0,0.0,0.0,0.0,0.0,,0.0,0.0,,0.0,0.0,0.0,0.0,0.0,0.0,0.0,0.0,0.0,0.049,0.658,0.268,0.61,F,102.0,155.0,,0.0,TOR,0.0,,0.0,0.0,,0.0,,0.0,0.0,,0.0,,0.0,,0.0,,1.0,0.0,0.0,0.0,0.0,0.0,0.0,,0.0,,,0,,,0,2017,20170311,False,21600979,P.J. Tucker,1610612761.0,TOR,F,32.0,1.0,1.0,1.0,1.0,3.0,0.333,0.419,-0.085,P.J. Tucker,1610612761.0,TOR,F,32.0,1.0,1.0,1.0,1.0,3.0,0.333,0.384,-0.05,,,,,,,,,,,,,,,,,,,,,,,,,,,,,,,,,,,,,,,,P.J. Tucker,1610612761.0,TOR,F,32.0,1.0,1.0,1.0,1.0,3.0,0.333,0.402,-0.069,P.J. Tucker,1610612761.0,TOR,32.0,1.0,14.1,5.0,2.0,3.0,1.0,0.0,0.0,0.0,0.0,0.0,1.0,0.0,0.0,0.0,0.0,0.0,0.0,0.0,0.0,0.0,0.0,0.0,P.J. Tucker,1610612761,TOR,1,0,1,14.1,8.0,0.0,0.0,0.0,0.0,0.0,0.0,0.0,0.0,0.0,0.0,0.0,0.0,0.0,0.0,0.0,0.0,0.0,P.J. Tucker,1610612761,TOR,1,0,1,14.05,14.05,5111.0,0.97,0.48,0.49,4.28,4.42,4.16,2016_17
1627783,Pascal Siakam,Pascal,1610612761,TOR,23.0,1,0,1,0.0,8.983333333333333,2,4,0.5,0,1,0.0,0,0,0.0,1,4,5,1,0,1,1,1,1,0,4,5,17.5,0,0,14.0,1,127,127,127,230,150,184,81,112,140,112,142,151,142,61,62,72,128,158,41,25,169,61,183,177,83,130,23,3,151,,61,83.3,187,39,34.3,0.278,93.51,117.6,35,184,36,35,4,0.571,122,0.195,0.0,0.5,66,85.6,28.5,117.6,93.61,2.0,134,0.5,4.0,22,22,0.0,191,31,105,0.091,191,0.2,0.0,0.19,20.0,78,123,6,17,0.333,5,83.3,150,77.92,122,80,61,1,1,93.51,114.2,34.3,0.059,11.0,2.0,2.0,0.0,0.059,1.0,0.0,17.0,0.0,1.0,1.0,2.0,0.0,0.0,0.0,0.0,0.0,1.0,1.0,2.0,0.0,0.0,0.0,0.0,0.0,1.24,0.0,0.52,0.0,1.0,0.0,12.0,21.0,0.19,2.0,1.0,4.0,0.4,7.3,0.0,1.0,1.0,0.2,0.0,1.0,1.333,1.25,3.0,1.25,0.25,1.0,4.0,0.0,1.0,3.0,4.1,1.0,4.0,19.8,0.0,1.333,0.0,,,,,,,,,,,,,,,,,0.0,1.0,2.0,2.0,0.0,2.0,1.0,0.667,0.0,2.0,0.667,1.0,,0.0,1.0,0.0,0.0,,0.0,0.0,0.0,1.0,0.333,0.0,0.0,0.333,,,,,,,,,,,,,,,0,0,0.0,,0.0,0,,0.0,0.5,0.0,2.0,0.0,0.0,0.0,0.0,0.5,2.0,1.0,0.0,,1.0,1.0,0.0,0.0,,0.0,,0.0,1.0,0.0,0.0,1.0,1.0,0.0,0.5,0.0,0.0,0.0,0.0,0.0,-0.049,0.552,0.405,0.601,F,85.0,154.0,,2.0,TOR,0.0,,0.0,1.0,,0.5,,1.0,0.0,,1.0,,0.0,0.0,0.0,0.0,1.0,1.0,0.0,0.0,0.0,0.0,0.0,0.0,0.0,0.0,0.0,1,1.0,0.0,0,2017,20170311,False,21600979,Pascal Siakam,1610612761.0,TOR,F,23.0,1.0,1.0,1.0,2.0,3.0,0.667,0.448,0.218,,,,,,,,,,,,,,Pascal Siakam,1610612761.0,TOR,F,23.0,1.0,1.0,1.0,2.0,3.0,0.667,0.489,0.177,Pascal Siakam,1610612761.0,TOR,F,23.0,1.0,1.0,0.667,1.0,2.0,0.5,0.557,-0.057,Pascal Siakam,1610612761.0,TOR,F,23.0,1.0,1.0,1.0,2.0,3.0,0.667,0.555,0.112,,,,,,,,,,,,,,Pascal Siakam,1610612761.0,TOR,23.0,1.0,9.0,3.0,3.0,0.0,3.0,0.0,0.0,0.0,0.0,0.0,1.0,0.0,0.0,0.0,0.0,0.0,0.0,0.0,0.0,0.0,0.0,0.0,Pascal Siakam,1610612761,TOR,1,0,1,9.0,21.0,1.0,0.0,0.0,0.0,0.0,0.0,0.0,0.0,0.0,1.0,1.0,0.0,0.0,0.0,0.0,0.0,0.0,Pascal Siakam,1610612761,TOR,1,0,1,8.98,8.98,3563.0,0.67,0.36,0.32,4.68,5.79,3.73,2016_17
202335,Patrick Patterson,Patrick,1610612761,TOR,28.0,1,0,1,0.0,17.966666666666665,1,2,0.5,1,1,1.0,2,2,1.0,0,2,2,0,0,0,1,0,0,1,5,-5,10.4,0,0,10.0,1,127,127,127,176,188,219,81,65,140,1,63,79,1,120,137,158,181,158,108,25,1,1,120,165,171,189,23,3,183,,229,94.6,89,120,-13.5,0.047,98.85,81.1,64,219,67,64,152,0.105,122,0.069,0.0,0.75,181,95.8,-14.1,81.1,97.83,1.0,18,0.868,2.0,171,173,0.0,73,173,36,0.0,73,0.0,0.0,0.07,0.0,226,239,191,37,0.133,81,94.6,188,82.37,240,181,229,1,1,98.85,81.7,-13.5,0.0,15.0,0.0,0.0,0.0,0.0,0.0,0.0,22.0,1.0,1.0,0.0,2.0,2.0,0.0,1.0,1.0,0.0,0.0,0.0,2.0,0.0,2.0,0.0,0.0,0.0,1.2,0.0,0.2,0.0,0.0,0.0,14.0,25.0,0.2,0.0,0.0,5.0,0.5,5.6,1.0,0.0,0.0,0.0,0.0,1.0,0.5,0.333,5.0,0.4,0.0,0.0,2.0,0.0,0.0,2.0,5.6,0.0,6.0,0.0,0.0,0.4,1.0,,,,,,,,,,,,,,,,,,,,,,,,,,,,,,0.0,1.0,1.5,1.0,,0.0,0.0,1.0,1.0,0.5,1.0,1.0,0.5,0.5,0.0,,0.5,0.0,1.0,0.0,0.0,1.0,0.0,0.0,0.0,0.0,,0,0,0.0,0.0,0.0,1,0.0,0.0,0.75,0.0,0.0,1.0,0.0,3.0,0.0,0.0,0.0,0.0,,1.0,0.0,0.0,1.0,0.0,1.0,0.0,1.0,,1.0,1.0,,0.0,0.0,0.0,0.0,1.0,0.0,0.0,0.0,0.0,-0.069,0.54,0.32,0.609,F,74.0,137.0,,0.0,TOR,0.0,,1.0,0.0,,0.0,,1.0,0.0,,0.0,,0.0,0.0,0.0,0.0,0.0,0.0,0.0,1.0,1.0,0.0,0.0,0.0,0.0,1.0,1.5,1,1.0,1.0,1,2017,20170311,False,21600979,Patrick Patterson,1610612761.0,TOR,F,28.0,1.0,1.0,1.0,4.0,10.0,0.4,0.491,-0.091,Patrick Patterson,1610612761.0,TOR,F,28.0,1.0,1.0,0.3,0.0,3.0,0.0,0.362,-0.362,Patrick Patterson,1610612761.0,TOR,F,28.0,1.0,1.0,0.7,4.0,7.0,0.571,0.529,0.042,Patrick Patterson,1610612761.0,TOR,F,28.0,1.0,1.0,0.6,4.0,6.0,0.667,0.633,0.034,Patrick Patterson,1610612761.0,TOR,F,28.0,1.0,1.0,0.6,4.0,6.0,0.667,0.588,0.079,Patrick Patterson,1610612761.0,TOR,F,28.0,1.0,1.0,0.4,0.0,4.0,0.0,0.367,-0.367,Patrick Patterson,1610612761.0,TOR,28.0,1.0,18.0,6.0,4.0,2.0,1.0,0.0,2.0,4.0,0.0,0.0,0.0,0.0,0.0,0.0,0.0,0.0,0.0,0.0,0.0,0.0,0.0,0.0,Patrick Patterson,1610612761,TOR,1,0,1,18.0,25.0,0.0,0.0,0.0,0.0,0.0,0.0,0.0,0.0,0.0,0.0,0.0,0.0,0.0,0.0,0.0,0.0,0.0,Patrick Patterson,1610612761,TOR,1,0,1,17.97,17.97,6734.0,1.28,0.74,0.54,4.17,4.54,3.16,2016_17
203585,Rodney McGruder,Rodney,1610612748,MIA,25.0,1,1,0,1.0,25.73333333333333,3,5,0.6,1,3,0.333,0,2,0.0,0,1,1,1,1,0,0,0,1,2,7,9,8.7,0,0,10.0,1,1,1,1,107,113,169,52,65,82,78,142,79,142,120,172,191,128,73,108,79,1,61,67,140,50,206,23,3,183,,12,114.6,204,120,16.0,0.025,90.47,130.6,181,169,157,181,207,0.043,71,0.135,12.7,0.7,170,111.2,17.0,130.6,92.7,3.0,99,0.595,5.0,67,67,1.0,227,64,51,0.0,227,0.053,12.5,0.132,12.5,14,187,218,49,0.031,191,114.6,113,75.39,184,130,12,174,181,90.47,128.2,16.0,0.063,18.0,4.0,3.0,0.0,0.063,1.0,0.0,16.0,0.0,0.0,0.0,0.0,0.0,0.0,0.0,0.0,0.0,0.0,0.0,0.0,0.0,0.0,0.0,0.0,0.0,1.81,0.0,0.5,0.0,0.0,0.0,17.0,24.0,0.292,1.0,2.0,7.0,0.7,7.4,0.0,0.0,0.0,0.0,0.0,2.0,0.25,0.167,4.0,0.167,0.0,0.0,1.0,0.0,0.0,1.0,7.4,0.0,6.0,0.0,0.0,0.25,0.0,,,,,,,,,,,,,,,,,,,,,,,,,,,,,,2.0,4.0,0.5,0.0,1.0,0.4,2.0,2.0,2.0,0.8,0.0,0.5,0.4,0.0,1.0,1.0,0.2,1.0,0.0,0.0,1.0,1.0,0.2,1.5,1.0,,,0,0,0.0,,0.0,0,,0.0,0.7,0.0,2.0,0.333,0.0,3.0,0.0,1.0,1.0,1.0,0.0,0.0,1.0,1.0,0.0,1.0,1.0,1.0,0.0,0.0,2.0,1.0,0.0,1.0,1.0,1.0,1.0,0.5,0.0,0.0,0.0,0.0,0.077,0.684,0.269,0.607,G,91.0,133.0,,1.0,MIA,0.0,,0.333,1.0,,1.0,,3.0,0.0,,1.0,,0.0,0.0,0.0,0.0,1.0,1.0,0.0,1.0,0.0,0.0,0.0,0.0,0.0,1.0,0.5,3,3.0,0.333,1,2017,20170311,False,21600979,Rodney McGruder,1610612748.0,MIA,G,25.0,1.0,1.0,1.0,7.0,11.0,0.636,0.478,0.159,Rodney McGruder,1610612748.0,MIA,G,25.0,1.0,1.0,0.273,1.0,3.0,0.333,0.375,-0.042,Rodney McGruder,1610612748.0,MIA,G,25.0,1.0,1.0,0.727,6.0,8.0,0.75,0.503,0.247,Rodney McGruder,1610612748.0,MIA,G,25.0,1.0,1.0,0.273,3.0,3.0,1.0,0.612,0.388,Rodney McGruder,1610612748.0,MIA,G,25.0,1.0,1.0,0.273,3.0,3.0,1.0,0.581,0.419,Rodney McGruder,1610612748.0,MIA,G,25.0,1.0,1.0,0.455,2.0,5.0,0.4,0.384,0.016,Rodney McGruder,1610612748.0,MIA,25.0,1.0,25.7,8.0,7.0,1.0,2.0,0.0,1.0,2.0,0.0,0.0,0.0,0.0,0.0,0.0,0.0,0.0,0.0,0.0,0.0,0.0,0.0,0.0,Rodney McGruder,1610612748,MIA,1,1,0,25.7,24.0,0.0,0.0,0.0,0.0,0.0,0.0,0.0,0.0,0.0,0.0,0.0,0.0,0.0,0.0,0.0,0.0,0.0,Rodney McGruder,1610612748,MIA,1,1,0,25.73,25.73,10161.0,1.92,0.98,0.95,4.47,4.93,4.06,2016_17
201586,Serge Ibaka,Serge,1610612761,TOR,27.0,1,0,1,0.0,28.0,3,11,0.273,1,4,0.25,2,2,1.0,0,4,4,0,2,0,3,1,1,1,9,-16,20.8,0,0,20.0,1,127,127,127,85,113,58,192,65,56,94,63,79,1,120,62,95,181,31,108,3,169,61,120,113,237,103,23,3,99,,152,132.7,157,120,-32.7,0.083,90.0,100.0,239,58,232,239,59,0.211,122,0.218,14.4,0.318,181,127.7,-34.2,100.0,94.94,3.0,176,0.379,11.0,227,227,0.0,229,229,188,0.0,229,0.0,14.3,0.222,0.0,196,84,117,53,0.034,188,132.7,113,75.0,93,181,152,188,193,90.0,93.4,-32.7,0.0,23.0,0.0,0.0,0.0,0.0,0.0,0.0,25.0,1.0,3.0,0.0,2.0,2.0,0.0,0.333,1.0,0.0,2.0,0.0,0.667,0.0,2.0,0.0,0.0,0.0,1.92,0.0,0.49,1.0,4.0,0.0,22.0,37.0,0.243,2.0,1.0,9.0,1.2,6.6,2.0,0.0,3.0,0.75,0.0,6.0,0.667,0.286,8.0,0.333,0.75,3.0,1.0,0.0,0.0,1.0,6.6,0.0,14.0,0.0,0.0,0.5,2.0,0.1,0.0,1.0,1.0,0.1,0.0,,TOR,0.0,1610612761.0,1.0,0.0,0.0,0.0,0.0,0.0,1.0,0.2,5.0,1.0,0.1,0.0,0.0,0.5,1.0,4.0,0.4,0.3,1.0,2.0,2.0,1.0,0.0,1.0,0.2,2.0,2.0,0.0,0.2,,1.0,0.0,0.0,0.0,0.0,0.2,2.0,0.0,0.0,0.0,2.0,0.2,0.0,0.0,,,1,2,0.0,0.333,0.0,3,0.333,4.0,0.318,0.0,2.0,0.333,0.0,5.0,0.667,0.5,0.0,0.0,,0.0,3.0,0.0,4.0,0.0,1.0,0.0,0.0,,2.0,0.0,,1.0,0.0,2.0,0.0,0.0,2.0,0.5,0.5,1.0,-0.019,0.588,0.431,0.606,F,208.0,354.0,,0.0,TOR,0.0,,0.25,0.0,,0.0,,4.0,0.25,,0.0,,1.0,0.0,4.0,0.0,2.0,0.0,1.0,1.0,1.0,1.0,0.0,0.0,0.0,1.0,0.375,4,3.0,0.333,1,2017,20170311,False,21600979,Serge Ibaka,1610612761.0,TOR,F,27.0,1.0,1.0,1.0,4.0,9.0,0.444,0.459,-0.014,Serge Ibaka,1610612761.0,TOR,F,27.0,1.0,1.0,0.222,1.0,2.0,0.5,0.414,0.086,Serge Ibaka,1610612761.0,TOR,F,27.0,1.0,1.0,0.778,3.0,7.0,0.429,0.507,-0.079,Serge Ibaka,1610612761.0,TOR,F,27.0,1.0,1.0,0.444,2.0,4.0,0.5,0.601,-0.101,Serge Ibaka,1610612761.0,TOR,F,27.0,1.0,1.0,0.556,2.0,5.0,0.4,0.559,-0.159,Serge Ibaka,1610612761.0,TOR,F,27.0,1.0,1.0,0.333,1.0,3.0,0.333,0.394,-0.06,Serge Ibaka,1610612761.0,TOR,27.0,1.0,28.0,7.0,5.0,2.0,0.0,0.0,1.0,2.0,0.0,0.0,4.0,0.0,0.0,0.0,0.0,0.0,0.0,0.0,0.0,0.0,0.0,0.0,Serge Ibaka,1610612761,TOR,1,0,1,28.0,37.0,4.0,2.0,3.0,0.667,0.0,0.0,0.0,4.0,1.0,0.0,0.0,0.0,0.0,1.0,0.25,0.0,0.0,Serge Ibaka,1610612761,TOR,1,0,1,28.0,28.0,9880.0,1.87,1.05,0.82,4.2,3.92,4.05,2016_17
204020,Tyler Johnson,Tyler,1610612748,MIA,25.0,1,1,0,1.0,26.7,6,12,0.5,0,1,0.0,4,4,1.0,0,3,3,3,1,0,0,1,2,2,16,9,23.1,0,0,22.0,1,1,1,1,100,38,41,81,112,140,112,23,41,1,120,90,114,50,73,108,79,169,129,67,41,50,89,23,3,88,,115,94.2,164,120,15.2,0.061,94.38,109.4,63,41,72,63,141,0.111,15,0.262,5.6,0.5,63,96.7,10.0,109.4,94.42,6.0,104,0.581,12.0,73,73,3.0,170,101,105,0.0,170,0.214,5.6,0.259,16.7,125,49,160,53,0.179,50,94.2,38,78.65,53,112,115,110,112,94.38,106.7,15.2,0.071,47.0,5.0,7.0,0.0,0.071,3.0,0.0,42.0,0.0,10.0,0.714,10.0,0.0,0.0,0.1,1.0,2.0,7.0,5.0,1.0,0.0,0.0,0.0,0.0,0.2,3.25,2.0,2.96,0.0,0.0,1.0,32.0,57.0,0.281,2.0,1.0,16.0,3.1,7.4,2.0,0.0,2.0,0.667,0.0,2.0,0.5,0.3,8.0,0.375,0.667,2.0,1.0,0.0,0.0,1.0,7.4,0.0,10.0,0.0,0.0,0.375,2.0,0.273,3.0,3.0,1.0,0.273,3.0,,MIA,1.0,1610612748.0,3.0,0.0,0.0,1.0,0.0,1.0,0.0,0.5,4.0,2.0,0.0,2.0,0.5,0.364,0.0,4.0,0.364,0.5,,2.0,2.0,0.5,0.0,0.5,0.182,1.0,1.0,0.0,0.182,,0.5,0.0,0.091,0.0,0.0,0.182,1.0,1.0,0.0,0.0,2.0,0.091,0.0,0.0,0.0,,0,0,0.0,0.0,0.0,2,0.0,0.0,0.5,1.0,2.0,0.0,2.0,0.0,0.0,1.0,6.0,2.0,0.0,0.0,4.0,4.0,1.0,0.0,0.0,0.0,0.0,0.0,0.0,0.0,0.0,0.0,0.5,1.0,0.667,0.0,0.0,0.0,0.0,0.0,-0.018,0.565,0.306,0.583,G,100.0,177.0,,6.0,MIA,0.0,,0.0,2.0,,0.667,,1.0,0.0,,4.0,,0.0,0.0,0.0,0.0,4.0,0.5,0.0,0.0,1.0,0.0,0.0,0.0,0.0,0.0,0.0,1,1.0,0.0,0,2017,20170311,False,21600979,Tyler Johnson,1610612748.0,MIA,G,25.0,1.0,1.0,1.0,3.0,9.0,0.333,0.418,-0.085,Tyler Johnson,1610612748.0,MIA,G,25.0,1.0,1.0,0.111,0.0,1.0,0.0,0.382,-0.382,Tyler Johnson,1610612748.0,MIA,G,25.0,1.0,1.0,0.889,3.0,8.0,0.375,0.441,-0.066,Tyler Johnson,1610612748.0,MIA,G,25.0,1.0,1.0,0.222,0.0,2.0,0.0,0.533,-0.533,Tyler Johnson,1610612748.0,MIA,G,25.0,1.0,1.0,0.333,0.0,3.0,0.0,0.424,-0.424,Tyler Johnson,1610612748.0,MIA,G,25.0,1.0,1.0,0.222,1.0,2.0,0.5,0.402,0.098,Tyler Johnson,1610612748.0,MIA,25.0,1.0,26.7,7.0,6.0,1.0,0.0,0.0,0.0,0.0,0.0,0.0,0.0,0.0,0.0,0.0,0.0,0.0,0.0,0.0,0.0,0.0,0.0,0.0,Tyler Johnson,1610612748,MIA,1,1,0,26.7,57.0,0.0,0.0,0.0,0.0,0.0,0.0,0.0,0.0,0.0,0.0,0.0,0.0,0.0,0.0,0.0,0.0,0.0,Tyler Johnson,1610612748,MIA,1,1,0,26.7,26.7,9700.0,1.84,0.98,0.86,4.06,4.31,4.25,2016_17
201961,Wayne Ellington,Wayne,1610612748,MIA,29.0,1,1,0,1.0,18.66333333333333,3,8,0.375,3,8,0.375,2,2,1.0,0,3,3,0,1,1,0,0,1,1,11,1,16.6,0,0,19.0,1,1,1,1,169,113,102,148,15,7,75,63,79,1,120,90,114,181,73,41,79,1,61,120,91,117,136,23,3,112,,178,94.6,80,120,2.7,0.063,95.16,97.3,64,102,52,64,148,0.107,122,0.248,10.1,0.563,181,91.1,4.0,97.3,98.04,3.0,89,0.619,8.0,121,121,0.0,155,116,97,0.0,155,0.0,10.0,0.25,0.0,186,51,155,37,0.14,72,94.6,113,79.3,62,181,178,148,156,95.16,95.1,2.7,0.0,20.0,0.0,0.0,0.0,0.059,1.0,1.0,17.0,0.0,0.0,0.0,0.0,0.0,0.0,0.0,0.0,0.0,0.0,0.0,0.0,0.0,0.0,0.0,0.0,0.0,1.48,2.0,0.54,0.0,0.0,1.0,19.0,28.0,0.393,1.0,0.0,11.0,0.7,7.3,1.0,0.0,0.0,0.0,0.0,1.0,0.5,0.375,7.0,0.429,0.0,0.0,3.0,0.0,0.0,3.0,7.3,0.0,8.0,0.0,0.0,0.429,1.0,,,,,,,,,,,,,,,,,0.0,0.0,4.0,0.0,0.5,0.0,,0.5,4.0,0.0,0.0,0.0,0.0,0.0,2.0,1.5,2.0,,0.0,0.0,2.0,2.0,0.25,1.0,1.0,0.25,0.0,1.0,0.5,0.25,2.0,0.0,0.0,0.5,2.0,0.25,0.75,1.0,,0.0,0,0,2.0,0.0,0.0,2,0.0,0.0,0.563,0.0,0.0,0.5,2.0,9.0,0.0,0.0,0.0,0.0,,1.0,0.0,0.0,0.0,0.0,1.0,0.0,1.0,,2.0,1.0,,1.0,0.0,6.0,0.0,0.5,0.0,0.0,0.333,2.0,0.022,0.625,0.265,0.603,G,55.0,88.0,,0.0,MIA,6.0,,0.5,0.0,,0.0,,2.0,0.0,,0.0,,0.0,,0.0,,0.0,0.0,0.0,1.0,0.0,0.0,0.333,,2.0,3.0,0.75,6,6.0,0.5,3,2017,20170311,False,21600979,Wayne Ellington,1610612748.0,MIA,G,29.0,1.0,1.0,1.0,1.0,4.0,0.25,0.403,-0.153,Wayne Ellington,1610612748.0,MIA,G,29.0,1.0,1.0,0.25,0.0,1.0,0.0,0.382,-0.382,Wayne Ellington,1610612748.0,MIA,G,29.0,1.0,1.0,0.75,1.0,3.0,0.333,0.435,-0.102,Wayne Ellington,1610612748.0,MIA,G,29.0,1.0,1.0,0.5,1.0,2.0,0.5,0.541,-0.041,Wayne Ellington,1610612748.0,MIA,G,29.0,1.0,1.0,0.75,1.0,3.0,0.333,0.452,-0.119,Wayne Ellington,1610612748.0,MIA,G,29.0,1.0,1.0,0.25,0.0,1.0,0.0,0.404,-0.404,Wayne Ellington,1610612748.0,MIA,29.0,1.0,18.7,3.0,2.0,1.0,1.0,0.0,0.0,0.0,0.0,0.0,0.0,0.0,0.0,0.0,0.0,0.0,0.0,0.0,0.0,0.0,0.0,0.0,Wayne Ellington,1610612748,MIA,1,1,0,18.7,28.0,0.0,0.0,0.0,0.0,0.0,0.0,0.0,0.0,0.0,0.0,0.0,0.0,0.0,0.0,0.0,0.0,0.0,Wayne Ellington,1610612748,MIA,1,1,0,18.67,18.67,7250.0,1.37,0.74,0.63,4.51,4.56,3.83,2016_17
203186,Willie Reed,Willie,1610612748,MIA,27.0,1,1,0,1.0,15.05,1,2,0.5,0,0,0.0,0,0,0.0,1,1,2,1,1,0,2,1,1,1,2,-3,10.9,0,0,9.0,1,1,1,1,201,188,219,81,112,169,112,142,151,142,61,172,158,128,73,108,8,169,61,120,206,143,183,23,3,192,,182,111.1,180,51,-14.7,0.061,87.71,96.4,155,219,98,155,204,0.05,71,0.099,25.0,0.5,100,101.6,-9.4,96.4,93.77,1.0,134,0.5,2.0,176,176,1.0,245,156,105,0.077,245,0.143,25.0,0.1,25.0,204,217,161,28,0.072,154,111.1,188,73.09,222,42,182,234,234,87.71,92.2,-14.7,0.111,11.0,2.0,2.0,0.0,0.111,1.0,0.0,9.0,0.0,0.0,0.0,0.0,0.0,0.0,0.0,0.0,0.0,0.0,0.0,0.0,0.0,0.0,0.0,0.0,0.0,1.4,2.0,0.5,0.0,0.0,0.0,12.0,14.0,0.143,3.0,0.667,2.0,0.3,3.8,0.0,0.0,0.0,0.5,1.0,2.0,0.333,0.4,3.0,0.4,0.0,1.0,1.0,1.0,0.5,1.0,5.2,0.5,5.0,2.4,0.0,0.333,0.0,,,,,,,,,,,,,,,,,0.0,1.0,1.0,1.0,0.0,1.0,1.0,1.0,0.0,1.0,1.0,1.0,,,,,,,,,,,,,,,,,,,,,,,,,,,,,0,0,,,,0,,0.0,0.5,0.0,2.0,0.0,0.0,0.0,0.0,1.0,2.0,0.0,,0.0,0.0,1.0,0.0,0.0,0.0,0.0,0.0,,0.0,0.0,,0.0,0.0,0.0,0.5,0.0,0.0,0.0,0.0,0.0,-0.086,0.525,0.494,0.611,F-C,85.0,162.0,,2.0,MIA,0.0,,0.0,0.0,,0.5,,0.0,0.0,,1.0,,0.0,,0.0,,0.0,0.0,0.0,0.0,0.0,0.0,0.0,,0.0,,,0,,,0,2017,20170311,False,21600979,Willie Reed,1610612748.0,MIA,F-C,27.0,1.0,1.0,1.0,4.0,12.0,0.333,0.505,-0.171,Willie Reed,1610612748.0,MIA,F-C,27.0,1.0,1.0,0.083,0.0,1.0,0.0,0.341,-0.341,Willie Reed,1610612748.0,MIA,F-C,27.0,1.0,1.0,0.917,4.0,11.0,0.364,0.534,-0.171,Willie Reed,1610612748.0,MIA,F-C,27.0,1.0,1.0,0.667,4.0,8.0,0.5,0.589,-0.089,Willie Reed,1610612748.0,MIA,F-C,27.0,1.0,1.0,0.75,4.0,9.0,0.444,0.561,-0.117,Willie Reed,1610612748.0,MIA,F-C,27.0,1.0,1.0,0.083,0.0,1.0,0.0,0.35,-0.35,Willie Reed,1610612748.0,MIA,27.0,1.0,15.1,11.0,11.0,0.0,2.0,0.0,3.0,7.0,0.0,0.0,2.0,0.0,0.0,0.0,0.0,0.0,0.0,0.0,0.0,0.0,0.0,0.0,Willie Reed,1610612748,MIA,1,1,0,15.1,14.0,0.0,0.0,0.0,0.0,0.0,0.0,0.0,0.0,0.0,0.0,0.0,0.0,0.0,0.0,0.0,0.0,0.0,Willie Reed,1610612748,MIA,1,1,0,15.05,15.05,5461.0,1.03,0.5,0.54,3.99,3.9,4.1,2016_17
