PLAYER_ID,PLAYER_NAME,NICKNAME,TEAM_ID,TEAM_ABBREVIATION,AGE,GP,W,L,W_PCT,MIN,FGM,FGA,FG_PCT,FG3M,FG3A,FG3_PCT,FTM,FTA,FT_PCT,OREB,DREB,REB,AST,TOV,STL,BLK,BLKA,PF,PFD,PTS,PLUS_MINUS,NBA_FANTASY_PTS,DD2,TD3,WNBA_FANTASY_PTS,GP_RANK,W_RANK,L_RANK,W_PCT_RANK,MIN_RANK,FGM_RANK,FGA_RANK,FG_PCT_RANK,FG3M_RANK,FG3A_RANK,FG3_PCT_RANK,FTM_RANK,FTA_RANK,FT_PCT_RANK,OREB_RANK,DREB_RANK,REB_RANK,AST_RANK,TOV_RANK,STL_RANK,BLK_RANK,BLKA_RANK,PF_RANK,PFD_RANK,PTS_RANK,PLUS_MINUS_RANK,NBA_FANTASY_PTS_RANK,DD2_RANK,TD3_RANK,WNBA_FANTASY_PTS_RANK,TEAM_COUNT,team_poss,OFF_RATING,PACE_PER40,E_NET_RATING_RANK,OFF_RATING_RANK,sp_work_NET_RATING,FGM_PG_RANK,REB_PCT,AST_TO,USG_PCT,FGA_PG,PACE_RANK,E_USG_PCT_RANK,NET_RATING_RANK,E_USG_PCT,sp_work_PACE,sp_work_PACE_RANK,AST_RATIO_RANK,E_OFF_RATING_RANK,E_PACE,EFG_PCT,USG_PCT_RANK,TS_PCT_RANK,TM_TOV_PCT_RANK,OREB_PCT_RANK,PIE_RANK,DEF_RATING,FGM_PG,E_PACE_RANK,NET_RATING,DEF_RATING_RANK,REB_PCT_RANK,E_NET_RATING,PIE,POSS,TS_PCT,AST_PCT_RANK,AST_TO_RANK,PACE,AST_PCT,DREB_PCT,AST_RATIO,sp_work_OFF_RATING,E_TOV_PCT_RANK,sp_work_DEF_RATING,sp_work_DEF_RATING_RANK,OREB_PCT,EFG_PCT_RANK,sp_work_NET_RATING_RANK,FGA_PG_RANK,TM_TOV_PCT,sp_work_OFF_RATING_RANK,DREB_PCT_RANK,E_DEF_RATING_RANK,E_DEF_RATING,E_TOV_PCT,E_OFF_RATING,PASSES_MADE,POTENTIAL_AST,AST_TO_PASS_PCT_ADJ,AST_TO_PASS_PCT,AST_PTS_CREATED,AST_ADJ,FT_AST,PASSES_RECEIVED,SECONDARY_AST,DRIVE_AST_PCT,DRIVE_PTS_PCT,DRIVE_FTM,DRIVE_PF_PCT,DRIVE_FTA,DRIVE_PTS,DRIVES,DRIVE_FT_PCT,DRIVE_TOV,DRIVE_FG_PCT,DRIVE_FGA,DRIVE_AST,DRIVE_PASSES,DRIVE_PASSES_PCT,DRIVE_PF,DRIVE_FGM,DRIVE_TOV_PCT,ELBOW_TOUCHES,PTS_PER_PAINT_TOUCH,POST_TOUCHES,PAINT_TOUCHES,TIME_OF_POSS,AVG_DRIB_PER_TOUCH,TOUCHES,POINTS,PTS_PER_POST_TOUCH,AVG_SEC_PER_TOUCH,PTS_PER_ELBOW_TOUCH,PTS_PER_TOUCH,FRONT_CT_TOUCHES,REB_CHANCES,REB_CONTEST_PCT,OREB_CONTEST_PCT,DREB_UNCONTEST,DREB_CHANCE_PCT_ADJ,AVG_REB_DIST,OREB_CHANCE_PCT,OREB_UNCONTEST,OREB_CHANCE_PCT_ADJ,REB_CHANCE_DEFER,REB_CONTEST,REB_CHANCE_PCT_ADJ,AVG_DREB_DIST,OREB_CONTEST,REB_CHANCE_PCT,OREB_CHANCE_DEFER,DREB_CONTEST,DREB_CHANCE_DEFER,AVG_OREB_DIST,OREB_CHANCES,DREB_CONTEST_PCT,DREB_CHANCE_PCT,REB_UNCONTEST,DREB_CHANCES,very_tight_FGA_FREQUENCY,very_tight_FG3_PCT,very_tight_FG_PCT,very_tight_EFG_PCT,very_tight_FGA,very_tight_FG3A,very_tight_FG2A_FREQUENCY,very_tight_FG3A_FREQUENCY,very_tight_FG2M,very_tight_FG3M,very_tight_FGM,PLAYER_LAST_TEAM_ABBREVIATION,G,very_tight_FG2_PCT,very_tight_FG2A,tight_FG3_PCT,tight_EFG_PCT,tight_FGA,tight_FG3M,tight_FG3A_FREQUENCY,tight_FG2_PCT,tight_FG2A_FREQUENCY,tight_FG2A,tight_FG3A,tight_FGM,tight_FG2M,tight_FGA_FREQUENCY,tight_FG_PCT,open_FG3M,open_FGA,open_FG3_PCT,open_FG2M,open_FG_PCT,open_FG2A_FREQUENCY,open_FG2A,open_FG3A_FREQUENCY,open_FG2_PCT,open_FG3A,open_FGM,open_FGA_FREQUENCY,open_EFG_PCT,wide_open_FG3_PCT,wide_open_FG3A_FREQUENCY,wide_open_FG2A_FREQUENCY,wide_open_EFG_PCT,wide_open_FGA_FREQUENCY,wide_open_FGM,wide_open_FG_PCT,wide_open_FG2M,wide_open_FG3A,wide_open_FGA,wide_open_FG3M,wide_open_FG2A,wide_open_FG2_PCT,PULL_UP_FG_PCT,PULL_UP_EFG_PCT,PULL_UP_PTS,PULL_UP_FG3A,PULL_UP_FGA,PULL_UP_FGM,PULL_UP_FG3M,PULL_UP_FG3_PCT,ELBOW_TOUCH_FG_PCT,POST_TOUCH_PTS,ELBOW_TOUCH_PTS,EFF_FG_PCT,POST_TOUCH_FG_PCT,CATCH_SHOOT_FG_PCT,CATCH_SHOOT_PTS,PAINT_TOUCH_FG_PCT,PAINT_TOUCH_PTS,ABOVE_BREAK_3_FGM,BACKCOURT_FGM,RA_FGM,LEFT_CORNER_3_FG_PCT,MID_FGM,RIGHT_CORNER_3_FG_PCT,MID_FGA,BACKCOURT_FGA,BACKCOURT_FG_PCT,LEFT_CORNER_3_FGA,ITP_FG_PCT,ABOVE_BREAK_3_FG_PCT,ITP_FGA,CORNER_3_FGA,CORNER_3_FGM,LEFT_CORNER_3_FGM,ITP_FGM,RIGHT_CORNER_3_FGM,RA_FGA,CORNER_3_FG_PCT,MID_FG_PCT,RA_FG_PCT,ABOVE_BREAK_3_FGA,RIGHT_CORNER_3_FGA,FREQ,PLAYER_POSITION,PLUSMINUS,FGM_LT_06,FGA_LT_06,NS_LT_06_PCT,LT_06_PCT,FGM_20_24,FGP_25_29,FGA_25_29,FGP_5_9,FGA_20_24,FGP_35_39,FGP_10_14,FGP_15_19,FGP_20_24,TEAM_ABBR,FGM_5_9,FGA_5_9,FGP_LT_5,FGM_30_34,FGP_30_34,FGM_35_39,FGM_15_19,FGA_40_PLUS,FGM_10_14,FGM_25_29,FGP_40_PLUS,FGA_15_19,FGA_10_14,FGM_40_PLUS,FGA_35_39,FGA_LT_5,FGM_LT_5,FGA_30_34,CATCH_SHOOT_FGM,CATCH_SHOOT_FGA,CATCH_SHOOT_FG3_PCT,CATCH_SHOOT_EFG_PCT,CATCH_SHOOT_FG3M,CATCH_SHOOT_FG3A,D_FGM,D_FG_PCT,NORMAL_FG_PCT,D_FGA,PCT_PLUSMINUS,three_pt_def_FG3M,three_pt_def_FG3A,three_pt_def_PLUSMINUS,three_pt_def_FG3_PCT,three_pt_def_NS_FG3_PCT,three_pt_def_FREQ,two_pt_def_FREQ,two_pt_def_PLUSMINUS,two_pt_def_FG2A,two_pt_def_FG2M,two_pt_def_FG2_PCT,two_pt_def_NS_FG2_PCT,less_6ft_def_FGM_LT_06,less_6ft_def_NS_LT_06_PCT,less_6ft_def_FGA_LT_06,less_6ft_def_LT_06_PCT,less_6ft_def_FREQ,less_6ft_def_PLUSMINUS,less_10ft_def_FGM_LT_10,less_10ft_def_FREQ,less_10ft_def_NS_LT_10_PCT,less_10ft_def_FGA_LT_10,less_10ft_def_PLUSMINUS,less_10ft_def_LT_10_PCT,more_15ft_def_DREB,more_15ft_def_DREB_CHANCE_DEFER,more_15ft_def_AVG_DREB_DIST,more_15ft_def_AVG_OREB_DIST,more_15ft_def_DREB_CONTEST,more_15ft_def_REB_CHANCE_PCT_ADJ,more_15ft_def_DREB_CHANCE_PCT,more_15ft_def_OREB_UNCONTEST,more_15ft_def_OREB_CHANCE_DEFER,more_15ft_def_REB_CHANCE_PCT,more_15ft_def_REB_UNCONTEST,more_15ft_def_REB_CHANCE_DEFER,more_15ft_def_OREB_CHANCE_PCT,more_15ft_def_AVG_REB_DIST,more_15ft_def_DREB_CONTEST_PCT,more_15ft_def_REB_CONTEST_PCT,more_15ft_def_OREB_CHANCES,more_15ft_def_OREB_CONTEST,more_15ft_def_REB_CONTEST,more_15ft_def_REB_CHANCES,more_15ft_def_DREB_CHANCES,more_15ft_def_DREB_CHANCE_PCT_ADJ,more_15ft_def_OREB,more_15ft_def_OREB_CONTEST_PCT,more_15ft_def_OREB_CHANCE_PCT_ADJ,more_15ft_def_REB,more_15ft_def_TEAM_ABBREVIATION,more_15ft_def_DREB_UNCONTEST,hustle_DEF_LOOSE_BALLS_RECOVERED,hustle_LOOSE_BALLS_RECOVERED,hustle_CHARGES_DRAWN,hustle_DEFLECTIONS,hustle_PCT_LOOSE_BALLS_RECOVERED_OFF,hustle_CONTESTED_SHOTS,hustle_CONTESTED_SHOTS_2PT,hustle_PCT_BOX_OUTS_DEF,hustle_SCREEN_AST_PTS,hustle_DEF_BOXOUTS,hustle_CONTESTED_SHOTS_3PT,hustle_SCREEN_ASSISTS,hustle_PCT_BOX_OUTS_TEAM_REB,hustle_OFF_BOXOUTS,hustle_OFF_LOOSE_BALLS_RECOVERED,hustle_TEAM_ABBREVIATION,hustle_PCT_LOOSE_BALLS_RECOVERED_DEF,hustle_BOX_OUT_PLAYER_TEAM_REBS,hustle_BOX_OUT_PLAYER_REBS,hustle_PCT_BOX_OUTS_OFF,hustle_PCT_BOX_OUTS_REB,hustle_BOX_OUTS,post_touch_POST_TOUCH_FTM,post_touch_POST_TOUCH_PTS_PCT,post_touch_TEAM_ABBREVIATION,post_touch_POST_TOUCH_FGA,post_touch_POST_TOUCH_FGM,post_touch_POST_TOUCH_AST,post_touch_POST_TOUCH_FT_PCT,post_touch_POST_TOUCH_FOULS_PCT,post_touch_POST_TOUCHES,post_touch_POST_TOUCH_TOV_PCT,post_touch_POST_TOUCH_PTS,post_touch_POST_TOUCH_FOULS,post_touch_POST_TOUCH_PASSES,post_touch_POST_TOUCH_AST_PCT,post_touch_POST_TOUCH_TOV,post_touch_TOUCHES,post_touch_POST_TOUCH_PASSES_PCT,post_touch_POST_TOUCH_FG_PCT,post_touch_POST_TOUCH_FTA,MIN1,AVG_SPEED,DIST_FEET,DIST_MILES_DEF,DIST_MILES_OFF,AVG_SPEED_DEF,AVG_SPEED_OFF,DIST_MILES,year,date,playoffs,GAME_ID
203952,Andrew Wiggins,Andrew,1610612748,MIA,30.0,1,1,0,1.0,29.683333333333334,8,15,0.533,3,6,0.5,2,2,1.0,1,1,2,2,2,3,1,0,1,1,21,13,36.4,0,0,36.0,1,1,1,1,35,10,15,33,11,21,17,28,31,1,30,70,66,46,16,2,9,1,31,50,13,15,17,8,1,15,1,,125.4,89.61,31,21,17.8,10,0.031,1.0,0.247,15.0,21,28,29,0.249,107.54,21,61,15,108.54,0.633,26,33,62,46,37,107.6,8.0,20,17.8,45,87,20.7,0.12,67,0.661,61,41,107.54,0.083,0.029,10.0,125.4,62,107.6,45,0.033,33,29,15,10.0,21,86,40,105.2,10.1,125.9,21.0,6.0,0.19,0.095,5.0,4.0,0.0,31.0,2.0,0.2,0.4,0.0,0.0,0.0,2.0,5.0,0.0,0.0,1.0,1.0,1.0,4.0,0.8,0.0,1.0,0.0,1.0,2.0,3.0,2.0,1.6,2.1,39.0,21.0,1.333,2.51,2.0,0.538,30.0,6.0,1.0,1.0,0.0,0.5,3.4,0.25,0.0,0.25,0.0,2.0,0.333,3.8,1.0,0.333,0.0,1.0,0.0,3.0,4.0,1.0,0.5,0.0,2.0,0.067,,0.0,0.0,1.0,0.0,0.067,0.0,0.0,0.0,0.0,MIA,1.0,0.0,1.0,0.0,0.667,6.0,0.0,0.067,0.8,0.333,5.0,1.0,4.0,4.0,0.4,0.667,3.0,8.0,0.6,1.0,0.5,0.2,3.0,0.333,0.333,5.0,4.0,0.533,0.688,,,,,,,,,,,,,,0.5,0.625,5,1.0,4,2,1.0,1.0,1.0,4.0,2.0,0.633,0.667,0.4,6.0,1.0,4.0,1.0,0.0,3.0,0.5,0.0,1.0,2.0,0.0,0.0,2.0,0.5,0.333,4.0,3.0,2.0,1.0,2.0,1.0,3.0,0.667,0.0,1.0,3.0,1.0,0.283,F,0.121,11.0,15.0,0.613,0.733,2.0,0.333,3.0,1.0,4.0,,0.5,0.0,0.5,MIA,1.0,1.0,0.75,,,,0.0,0.0,1.0,1.0,0.0,1.0,2.0,0.0,,4.0,3.0,,2,5,0.4,0.6,2.0,5.0,7.0,0.438,0.453,16.0,-0.016,4.0,11.0,-0.045,0.364,0.409,0.688,0.313,0.076,5.0,3.0,0.6,0.524,2.0,0.681,2.0,1.0,0.125,0.32,3.0,0.25,0.616,4.0,0.135,0.75,1.0,0.0,3.8,3.0,1.0,0.333,0.5,0.0,0.0,0.333,0.0,0.0,0.25,3.4,1.0,1.0,4.0,1.0,2.0,6.0,2.0,0.5,1.0,1.0,0.25,2.0,MIA,0.0,0.0,0.0,0.0,2.0,0.0,8.0,3.0,0.0,0.0,0.0,5.0,0.0,0.0,0.0,0.0,MIA,0.0,0.0,0.0,0.0,0.0,0.0,0.0,1.333,MIA,3.0,2.0,0.0,0.0,0.0,3.0,0.0,4.0,0.0,0.0,0.0,0.0,39.0,0.0,0.667,0.0,29.7,4.33,10600.0,1.0,1.0,3.86,4.93,2.0,2026,20251028,False,22500124
1628389,Bam Adebayo,Bam,1610612748,MIA,28.0,1,1,0,1.0,30.266666666666666,10,16,0.625,3,5,0.6,3,4,0.75,1,5,6,2,1,0,0,0,2,2,26,29,35.2,0,0,37.0,1,1,1,1,32,6,11,22,11,31,12,20,16,39,30,18,23,46,41,62,36,1,61,29,7,3,18,8,1,14,1,,140.6,89.21,8,4,37.5,6,0.092,2.0,0.24,16.0,25,23,10,0.261,107.05,25,61,4,108.1,0.719,30,24,41,41,21,103.0,10.0,24,37.5,37,39,47.0,0.153,69,0.732,63,20,107.05,0.08,0.132,10.0,140.6,41,103.0,37,0.037,24,10,11,5.0,4,44,29,98.0,4.8,144.9,26.0,4.0,0.077,0.077,7.0,2.0,0.0,31.0,0.0,0.0,1.143,2.0,0.143,2.0,8.0,7.0,1.0,0.0,0.6,5.0,0.0,1.0,0.143,1.0,3.0,0.0,4.0,1.333,2.0,3.0,1.7,1.31,45.0,26.0,0.0,2.23,1.0,0.578,26.0,13.0,0.833,1.0,1.0,0.455,5.4,0.5,0.0,0.5,0.0,5.0,0.462,5.8,1.0,0.462,0.0,4.0,0.0,3.7,2.0,0.8,0.455,1.0,11.0,,,,,,,,,,,,,,,,,0.5,8.0,0.0,0.0,0.5,0.5,8.0,0.0,4.0,4.0,0.5,0.5,0.0,1.0,,1.0,1.0,0.063,1.0,0.0,1.0,0.0,1.0,0.063,1.0,0.6,0.313,0.125,0.929,0.438,5.0,0.714,2.0,5.0,7.0,3.0,2.0,1.0,1.0,1.0,4,0.0,2,2,0.0,,1.0,0.0,4.0,0.719,0.0,0.6,9.0,0.667,4.0,1.0,0.0,4.0,0.5,1.0,1.0,1.0,0.0,0.0,2.0,0.4,0.5,5.0,3.0,2.0,1.0,2.0,1.0,5.0,0.667,1.0,0.8,2.0,1.0,0.239,C-F,0.111,8.0,11.0,0.616,0.727,3.0,0.5,2.0,0.333,4.0,,0.5,0.0,0.75,MIA,1.0,3.0,0.8,0.0,0.0,,0.0,0.0,1.0,1.0,0.0,0.0,2.0,0.0,,5.0,4.0,0.0,3,5,0.6,0.9,3.0,5.0,3.0,0.5,0.515,6.0,-0.015,2.0,3.0,0.257,0.667,0.409,0.5,0.5,-0.249,3.0,1.0,0.333,0.583,1.0,0.95,1.0,1.0,0.167,0.05,1.0,0.167,0.95,1.0,0.05,1.0,5.0,0.0,5.8,3.7,4.0,0.462,0.455,0.0,0.0,0.462,1.0,0.0,0.5,5.4,0.8,0.833,2.0,1.0,5.0,13.0,11.0,0.455,1.0,1.0,0.5,6.0,MIA,1.0,0.0,0.0,0.0,2.0,0.0,5.0,3.0,0.9,2.0,9.0,2.0,1.0,0.8,1.0,0.0,MIA,0.0,8.0,2.0,0.1,0.2,10.0,0.0,0.0,MIA,1.0,0.0,0.0,0.0,0.0,2.0,0.0,0.0,0.0,1.0,0.0,0.0,45.0,0.5,0.0,0.0,30.3,4.63,11377.0,1.1,1.0,4.08,4.85,2.2,2026,20251028,False,22500124
1629012,Collin Sexton,Collin,1610612766,CHA,26.0,1,0,1,0.0,26.9,7,11,0.636,2,2,1.0,2,2,1.0,1,4,5,6,4,0,0,0,2,1,18,6,29.0,0,0,31.0,1,59,59,59,40,14,33,21,25,66,1,28,31,1,30,30,32,9,4,62,36,1,61,50,21,33,30,8,1,23,1,,116.9,89.22,40,41,13.7,14,0.083,1.5,0.242,11.0,24,32,33,0.247,107.06,24,24,43,105.89,0.727,28,21,93,41,24,103.3,7.0,31,13.7,38,45,9.9,0.147,59,0.758,12,34,107.06,0.316,0.121,27.3,116.9,95,103.3,38,0.037,22,33,33,18.2,41,49,43,106.3,18.3,116.2,40.0,12.0,0.175,0.15,17.0,7.0,1.0,48.0,0.0,0.077,0.615,2.0,0.077,2.0,8.0,13.0,1.0,3.0,0.6,5.0,1.0,4.0,0.308,1.0,3.0,0.231,0.0,2.0,0.0,1.0,5.4,5.56,57.0,18.0,0.0,5.68,0.0,0.316,21.0,8.0,0.4,1.0,3.0,0.8,16.2,0.333,0.0,0.333,0.0,2.0,0.625,12.8,1.0,0.625,0.0,1.0,0.0,30.0,3.0,0.25,0.8,3.0,5.0,,,,,,,,,,,,,,,,,0.5,6.0,0.0,0.0,0.5,0.545,6.0,0.0,3.0,3.0,0.545,0.5,0.0,3.0,,2.0,0.667,0.273,3.0,0.0,0.667,0.0,2.0,0.273,0.667,1.0,0.182,0.0,1.5,0.182,2.0,1.0,0.0,2.0,2.0,2.0,0.0,,0.0,0.0,0,0.0,2,0,0.0,,0.0,0.0,0.0,0.727,0.0,1.0,6.0,1.0,2.0,0.0,0.0,5.0,0.0,0.0,1.0,1.0,0.0,0.0,0.0,0.0,0.0,2.0,2.0,2.0,0.0,0.0,2.0,6.0,1.0,0.0,0.833,0.0,2.0,0.258,G,-0.034,4.0,8.0,0.534,0.5,2.0,0.0,0.0,0.0,2.0,,0.0,0.0,1.0,CHA,0.0,1.0,0.833,,,,0.0,0.0,0.0,0.0,0.0,1.0,1.0,0.0,,6.0,5.0,,2,2,1.0,1.5,2.0,2.0,2.0,0.286,0.498,7.0,-0.212,1.0,5.0,-0.153,0.2,0.353,0.714,0.286,-0.196,2.0,1.0,0.5,0.696,1.0,0.857,1.0,1.0,0.143,0.143,1.0,0.286,0.743,2.0,-0.243,0.5,4.0,0.0,12.8,30.0,1.0,0.625,0.8,0.0,0.0,0.625,3.0,0.0,0.333,16.2,0.25,0.4,3.0,1.0,2.0,8.0,5.0,0.8,1.0,1.0,0.333,5.0,CHA,3.0,0.0,1.0,0.0,1.0,1.0,0.0,0.0,0.0,2.0,0.0,0.0,1.0,0.0,0.0,1.0,CHA,0.0,0.0,0.0,0.0,0.0,0.0,0.0,0.0,CHA,0.0,0.0,0.0,0.0,0.0,0.0,0.0,0.0,0.0,0.0,0.0,0.0,57.0,0.0,0.0,0.0,26.9,4.6,11338.0,0.9,1.2,4.23,4.91,2.1,2026,20251028,False,22500124
1630558,Davion Mitchell,Davion,1610612748,MIA,27.0,1,1,0,1.0,29.683333333333334,4,10,0.4,0,5,0.0,0,0,0.0,0,4,4,9,1,0,0,0,2,2,8,13,25.3,0,0,21.0,1,1,1,1,35,36,41,59,69,31,69,52,55,52,56,30,44,2,41,62,36,1,61,29,56,15,43,8,1,49,1,,125.4,89.61,31,21,17.8,36,0.063,9.0,0.151,10.0,21,65,29,0.153,107.54,21,8,15,108.54,0.4,65,78,41,56,61,107.6,4.0,20,17.8,45,61,20.7,0.08,67,0.4,11,1,107.54,0.321,0.118,45.0,125.4,43,107.6,45,0.0,76,29,41,5.0,21,52,40,105.2,5.0,125.9,58.0,20.0,0.19,0.155,24.0,11.0,0.0,57.0,2.0,0.308,0.462,0.0,0.0,0.0,6.0,13.0,0.0,1.0,0.75,4.0,4.0,8.0,0.615,0.0,3.0,0.077,0.0,0.0,0.0,0.0,4.4,3.73,70.0,8.0,0.0,3.81,0.0,0.114,28.0,7.0,0.0,0.0,4.0,0.667,7.0,0.0,0.0,0.0,0.0,0.0,0.571,7.0,0.0,0.571,0.0,0.0,0.0,0.0,1.0,0.0,0.667,4.0,6.0,,,,,,,,,,,,,,,,,1.0,3.0,0.0,0.0,1.0,0.3,3.0,0.0,3.0,3.0,0.3,1.0,0.0,3.0,0.0,1.0,0.333,0.2,2.0,0.1,0.5,1.0,1.0,0.3,0.333,0.0,0.4,0.0,0.0,0.4,0.0,0.0,0.0,4.0,4.0,0.0,0.0,,0.5,0.5,2,1.0,2,1,0.0,0.0,0.0,0.0,0.0,0.4,0.0,0.0,0.0,0.0,0.0,0.0,0.0,2.0,0.0,0.0,0.0,0.0,0.0,0.0,1.0,0.667,0.0,3.0,1.0,0.0,0.0,2.0,0.0,2.0,0.0,0.0,1.0,4.0,0.0,0.318,G,0.08,10.0,14.0,0.634,0.714,0.0,0.0,2.0,0.5,3.0,,1.0,0.0,0.0,MIA,1.0,2.0,1.0,,,,0.0,0.0,1.0,0.0,0.0,0.0,1.0,0.0,,2.0,2.0,,0,4,0.0,0.0,0.0,4.0,5.0,0.5,0.502,10.0,-0.002,3.0,6.0,0.011,0.5,0.489,0.6,0.4,-0.051,4.0,2.0,0.5,0.551,1.0,0.95,1.0,1.0,0.1,0.05,1.0,0.1,0.95,1.0,0.05,1.0,4.0,0.0,7.0,0.0,0.0,0.571,0.667,0.0,0.0,0.571,4.0,0.0,0.0,7.0,0.0,0.0,1.0,0.0,0.0,7.0,6.0,0.667,0.0,0.0,0.0,4.0,MIA,4.0,0.0,0.0,1.0,4.0,0.0,2.0,0.0,0.0,2.0,0.0,2.0,1.0,0.0,0.0,0.0,MIA,0.0,0.0,0.0,0.0,0.0,0.0,0.0,0.0,MIA,0.0,0.0,0.0,0.0,0.0,0.0,0.0,0.0,0.0,0.0,0.0,0.0,70.0,0.0,0.0,0.0,29.7,4.55,11157.0,1.1,1.0,4.25,4.92,2.1,2026,20251028,False,22500124
1630696,Dru Smith,Dru,1610612748,MIA,27.0,1,1,0,1.0,15.583333333333334,2,3,0.667,1,2,0.5,0,0,0.0,0,0,0,5,1,2,0,0,1,0,5,14,17.5,0,0,15.0,1,1,1,1,79,65,78,16,44,66,17,52,55,52,56,89,93,12,41,7,36,1,31,69,70,14,62,8,1,69,1,,138.9,89.84,9,6,33.0,65,0.0,5.0,0.1,3.0,20,88,11,0.108,107.81,20,4,3,106.14,0.833,91,15,67,56,43,105.9,2.0,30,33.0,44,93,44.3,0.113,36,0.833,6,5,107.81,0.357,0.0,55.6,138.9,71,105.9,44,0.0,15,11,78,11.1,6,89,36,103.0,11.1,147.2,29.0,5.0,0.172,0.172,12.0,5.0,0.0,27.0,0.0,0.0,0.667,0.0,0.0,0.0,2.0,3.0,0.0,1.0,1.0,1.0,0.0,1.0,0.333,0.0,1.0,0.333,0.0,0.0,0.0,0.0,1.7,2.74,34.0,5.0,0.0,2.92,0.0,0.147,13.0,,,,,,,,,,,,,,,,,,,,,,,,,,,,,,,,,,,,,,,,,1.0,1.0,0.0,0.0,1.0,0.333,1.0,0.0,1.0,1.0,0.333,1.0,,,,,,,,,,,,,,0.5,0.667,0.0,0.75,0.667,1.0,0.5,0.0,2.0,2.0,1.0,0.0,,,,0,0.0,0,0,0.0,,0.0,0.0,0.0,0.833,0.0,0.5,3.0,0.0,0.0,1.0,,0.0,0.0,0.0,0.0,0.0,,,0.0,1.0,0.5,1.0,0.0,0.0,0.0,1.0,0.0,0.0,0.0,0.0,0.0,2.0,0.0,0.258,G,0.012,5.0,8.0,0.614,0.625,1.0,0.0,0.0,0.0,2.0,,0.0,0.0,0.5,MIA,0.0,0.0,1.0,0.0,0.0,,0.0,0.0,0.0,0.0,0.0,0.0,0.0,0.0,,1.0,1.0,0.0,1,2,0.5,0.75,1.0,2.0,2.0,0.286,0.334,7.0,-0.048,1.0,3.0,0.085,0.333,0.248,0.429,0.571,-0.149,4.0,1.0,0.25,0.399,1.0,0.53,2.0,0.5,0.286,-0.03,1.0,0.429,0.544,3.0,-0.21,0.333,,,,,,,,,,,,,,,,,,,,,,,,,,,,,0.0,0.0,0.0,1.0,0.0,3.0,2.0,0.0,3.0,0.0,1.0,1.0,0.0,0.0,0.0,MIA,0.0,0.0,0.0,0.0,0.0,0.0,0.0,0.0,MIA,0.0,0.0,0.0,0.0,0.0,0.0,0.0,0.0,0.0,0.0,0.0,0.0,34.0,0.0,0.0,0.0,15.6,4.75,6546.0,0.6,0.6,4.42,5.13,1.2,2026,20251028,False,22500124
1642443,Jahmir Young,Jahmir,1610612748,MIA,25.0,1,1,0,1.0,2.7333333333333334,0,0,0.0,0,0,0.0,0,0,0.0,0,0,0,1,0,0,0,0,1,0,0,0,1.5,0,0,1.0,1,1,1,1,107,96,101,96,69,87,69,52,55,52,56,89,93,54,76,62,36,1,31,69,98,54,103,8,1,103,1,,125.0,117.07,84,24,0.0,96,0.0,0.0,0.0,0.0,1,103,53,0.0,140.49,1,1,18,128.55,0.0,103,98,1,56,95,125.0,0.0,3,0.0,81,93,-25.6,0.0,8,0.0,23,63,140.49,0.25,0.0,100.0,125.0,1,125.0,81,0.0,96,53,101,0.0,24,89,103,150.6,0.0,125.0,5.0,1.0,0.2,0.2,3.0,1.0,0.0,5.0,0.0,1.0,0.0,0.0,0.0,0.0,0.0,1.0,0.0,0.0,0.0,0.0,1.0,1.0,1.0,0.0,0.0,0.0,0.0,0.0,0.0,0.0,0.4,3.83,6.0,0.0,0.0,3.61,0.0,0.0,1.0,,,,,,,,,,,,,,,,,,,,,,,,,,,,,,,,,,,,,,,,,,,,,,,,,,,,,,,,,,,,,,,,,,,,,,,,,,,,,,,,,0,,0,0,,,0.0,0.0,0.0,0.0,0.0,0.0,0.0,0.0,0.0,0.0,0.0,0.0,0.0,0.0,0.0,0.0,0.0,0.0,0.0,0.0,0.0,0.0,0.0,0.0,0.0,0.0,0.0,0.0,0.0,0.0,0.0,0.0,0.0,,,,,,,,0.0,0.0,0.0,0.0,0.0,,0.0,0.0,0.0,MIA,0.0,0.0,0.0,,,,0.0,0.0,0.0,0.0,0.0,0.0,0.0,0.0,,0.0,0.0,,0,0,,,,,0.0,0.0,0.242,1.0,-0.242,0.0,1.0,-0.222,0.0,0.222,1.0,,,,,,,,,,,,,,,,,,,,,,,,,,,,,,,,,,,,,,,,,,,,,,,,,,,,,,,,,,,,,,,,,,,,,0.0,0.0,MIA,0.0,0.0,0.0,0.0,0.0,0.0,0.0,0.0,0.0,0.0,0.0,0.0,6.0,0.0,0.0,0.0,2.7,4.11,1302.0,0.1,0.2,4.63,7.41,0.2,2026,20251028,False,22500124
1631170,Jaime Jaquez Jr.,Jaime,1610612748,MIA,24.0,1,1,0,1.0,28.23333333333333,9,14,0.643,2,4,0.5,8,8,1.0,1,3,4,5,3,1,0,0,2,4,28,43,40.3,0,0,41.0,1,1,1,1,38,7,23,20,25,43,17,2,3,1,30,46,44,12,9,23,36,1,61,10,6,1,13,8,1,13,1,,142.4,91.38,3,2,61.5,7,0.075,1.67,0.296,14.0,14,12,4,0.304,109.66,14,45,2,109.28,0.714,12,18,73,35,14,81.0,9.0,18,61.5,14,52,69.3,0.199,66,0.799,32,31,109.66,0.208,0.091,19.2,142.4,73,81.0,14,0.05,25,4,23,11.5,2,66,12,78.5,11.8,147.8,43.0,3.0,0.116,0.116,12.0,5.0,0.0,42.0,0.0,0.214,0.571,2.0,0.071,2.0,8.0,14.0,1.0,2.0,0.5,6.0,3.0,5.0,0.357,1.0,3.0,0.143,0.0,2.0,1.0,3.0,3.3,2.75,64.0,28.0,2.0,3.12,0.0,0.438,30.0,10.0,0.25,1.0,3.0,0.375,8.7,0.5,0.0,0.5,0.0,1.0,0.4,10.6,1.0,0.4,0.0,0.0,0.0,2.8,2.0,0.0,0.375,3.0,8.0,0.143,,0.5,0.5,2.0,0.0,0.143,0.0,1.0,0.0,1.0,MIA,1.0,0.5,2.0,,0.833,6.0,0.0,0.0,0.833,0.429,6.0,0.0,5.0,5.0,0.429,0.833,0.0,3.0,0.0,1.0,0.333,0.143,2.0,0.071,0.5,1.0,1.0,0.214,0.333,0.667,0.214,0.0,1.0,0.214,2.0,0.667,0.0,3.0,3.0,2.0,0.0,,0.0,0.0,0,0.0,1,0,0.0,,0.0,2.0,0.0,0.714,1.0,0.5,6.0,1.0,6.0,2.0,0.0,5.0,0.0,0.0,0.0,0.0,0.0,0.0,1.0,0.5,0.667,4.0,1.0,0.0,0.0,2.0,0.0,6.0,0.0,0.0,0.833,3.0,0.0,0.227,G,0.038,7.0,10.0,0.662,0.7,1.0,0.5,2.0,0.5,2.0,,0.0,0.0,0.5,MIA,2.0,4.0,0.833,0.0,0.0,,0.0,0.0,0.0,1.0,0.0,0.0,0.0,0.0,,6.0,5.0,0.0,2,4,0.5,0.75,2.0,4.0,6.0,0.462,0.429,13.0,0.032,3.0,8.0,0.0,0.375,0.375,0.615,0.385,0.132,5.0,3.0,0.6,0.468,,,,,,,1.0,0.077,0.632,1.0,0.368,1.0,3.0,0.0,10.6,2.8,0.0,0.4,0.375,0.0,0.0,0.4,3.0,0.0,0.5,8.7,0.0,0.25,2.0,1.0,1.0,10.0,8.0,0.375,1.0,1.0,0.5,4.0,MIA,3.0,1.0,1.0,0.0,2.0,0.0,4.0,3.0,0.0,0.0,0.0,1.0,0.0,0.0,0.0,0.0,MIA,1.0,0.0,0.0,0.0,0.0,0.0,0.0,2.0,MIA,1.0,1.0,0.0,0.0,0.0,1.0,0.0,2.0,0.0,0.0,0.0,0.0,64.0,0.0,1.0,0.0,28.2,4.93,11540.0,1.1,1.1,4.54,5.4,2.2,2026,20251028,False,22500124
1642276,Kel'el Ware,Kel'el,1610612748,MIA,21.0,1,1,0,1.0,26.716666666666665,4,13,0.308,2,8,0.25,4,5,0.8,3,6,9,1,2,0,0,1,1,3,14,-14,24.3,0,0,26.0,1,1,1,1,43,36,26,82,25,7,53,12,11,35,7,13,10,54,16,62,36,81,31,19,30,96,44,8,1,36,1,,106.3,94.32,87,66,-26.0,36,0.167,0.5,0.243,13.0,9,24,87,0.256,113.19,9,71,60,110.1,0.385,27,71,67,17,73,132.3,4.0,16,-26.0,97,6,-26.0,0.064,64,0.461,73,54,113.19,0.045,0.261,5.6,106.3,69,132.3,97,0.097,77,87,26,11.1,66,8,96,135.6,11.0,109.5,27.0,0.0,0.037,0.037,2.0,1.0,0.0,26.0,0.0,0.0,0.0,0.0,0.0,0.0,0.0,0.0,0.0,0.0,0.0,0.0,0.0,0.0,0.0,0.0,0.0,0.0,1.0,0.889,0.0,9.0,1.0,0.24,46.0,14.0,0.0,1.28,0.0,0.304,29.0,14.0,0.667,1.0,3.0,0.6,4.7,0.75,0.0,0.75,0.0,6.0,0.643,3.7,3.0,0.643,0.0,3.0,0.0,6.8,4.0,0.5,0.6,3.0,10.0,0.077,,1.0,1.0,1.0,0.0,0.077,0.0,1.0,0.0,1.0,MIA,1.0,1.0,1.0,,0.25,4.0,0.0,0.0,0.25,0.308,4.0,0.0,1.0,1.0,0.308,0.25,1.0,2.0,0.5,0.0,0.5,0.0,0.0,0.154,,2.0,1.0,0.154,0.75,0.167,0.462,0.0,0.25,0.462,1.0,0.167,0.0,6.0,6.0,1.0,0.0,,,,0,0.0,0,0,0.0,,0.0,0.0,0.0,0.385,0.0,0.25,6.0,0.4,8.0,0.0,0.0,2.0,0.333,0.0,1.0,0.0,0.0,0.0,3.0,0.0,0.0,2.0,4.0,2.0,1.0,0.0,1.0,3.0,0.5,0.0,0.667,4.0,1.0,0.333,C,0.076,13.0,16.0,0.737,0.813,2.0,0.0,2.0,0.0,6.0,,0.0,0.0,0.333,MIA,0.0,2.0,0.667,,,,0.0,0.0,0.0,0.0,0.0,0.0,0.0,0.0,,3.0,2.0,,2,8,0.25,0.375,2.0,8.0,6.0,0.75,0.723,8.0,0.027,,,,,,,1.0,0.028,8.0,6.0,0.75,0.722,6.0,0.813,7.0,0.857,0.875,0.044,6.0,0.875,0.802,7.0,0.055,0.857,6.0,0.0,3.7,6.8,3.0,0.643,0.6,0.0,0.0,0.643,3.0,0.0,0.75,4.7,0.5,0.667,4.0,3.0,6.0,14.0,10.0,0.6,3.0,1.0,0.75,9.0,MIA,3.0,0.0,0.0,0.0,0.0,0.0,3.0,3.0,1.0,5.0,1.0,0.0,2.0,1.0,0.0,0.0,MIA,0.0,1.0,1.0,0.0,1.0,1.0,0.0,0.0,MIA,0.0,0.0,0.0,0.0,0.0,0.0,0.0,0.0,0.0,0.0,0.0,0.0,46.0,0.0,0.0,0.0,26.7,4.48,10145.0,1.0,1.0,4.53,4.93,1.9,2026,20251028,False,22500124
1642352,Keshad Johnson,Keshad,1610612748,MIA,24.0,1,1,0,1.0,2.7333333333333334,1,2,0.5,0,0,0.0,0,0,0.0,0,0,0,0,0,0,0,0,0,0,2,0,2.0,0,0,2.0,1,1,1,1,107,76,88,35,69,87,69,52,55,52,56,89,93,77,76,62,36,1,1,69,89,54,102,8,1,101,1,,125.0,117.07,84,24,0.0,76,0.0,0.0,0.25,2.0,1,26,53,0.25,140.49,1,77,18,128.55,0.5,22,61,1,56,78,125.0,1.0,3,0.0,81,93,-25.6,0.056,8,0.5,77,63,140.49,0.0,0.0,0.0,125.0,1,125.0,81,0.0,50,53,88,0.0,24,89,103,150.6,0.0,125.0,5.0,2.0,0.0,0.0,0.0,0.0,0.0,5.0,0.0,0.0,0.0,0.0,0.0,0.0,0.0,2.0,0.0,0.0,0.0,1.0,0.0,1.0,0.5,0.0,0.0,0.0,0.0,0.0,0.0,0.0,0.3,1.25,8.0,2.0,0.0,2.21,0.0,0.25,4.0,,,,,,,,,,,,,,,,,,,,,,,,,,,,,,,,,,,,,,,,,0.0,1.0,0.0,0.0,0.0,0.5,1.0,0.0,0.0,0.0,0.5,0.0,0.0,1.0,,1.0,1.0,0.5,1.0,0.0,1.0,0.0,1.0,0.5,1.0,,,,,,,,,,,,,,1.0,1.0,2,,1,1,,,0.0,0.0,0.0,0.5,0.0,0.0,0.0,0.0,0.0,0.0,0.0,0.0,0.0,1.0,0.0,1.0,0.0,0.0,0.0,0.0,0.0,1.0,0.0,0.0,0.0,0.0,0.0,0.0,0.0,1.0,0.0,0.0,0.0,,,,,,,,0.0,0.0,0.0,0.0,0.0,,0.0,1.0,0.0,MIA,0.0,0.0,0.0,,,,1.0,0.0,0.0,0.0,0.0,1.0,0.0,0.0,,1.0,0.0,,0,0,,,,,1.0,1.0,0.333,1.0,0.667,1.0,1.0,0.667,1.0,0.333,1.0,,,,,,,,,,,,,,,,,,,,,,,,,,,,,,,,,,,,,,,,,,,,,,,,,,,,,,,,,,,,,,,,,,,,,0.0,0.0,MIA,0.0,0.0,0.0,0.0,0.0,0.0,0.0,0.0,0.0,0.0,0.0,0.0,8.0,0.0,0.0,0.0,2.7,4.11,1247.0,0.1,0.1,4.62,3.7,0.2,2026,20251028,False,22500124
1642851,Kon Knueppel,Kon,1610612766,CHA,20.0,1,0,1,0.0,27.23333333333333,7,15,0.467,5,11,0.455,0,0,0.0,0,3,3,4,1,1,0,1,1,1,19,-9,30.6,0,0,33.0,1,59,59,59,39,14,15,43,1,2,31,52,55,52,56,46,57,20,41,23,36,81,31,50,18,84,24,8,1,22,1,,109.8,89.6,79,60,-14.8,14,0.052,4.0,0.239,15.0,23,33,74,0.241,107.52,23,42,67,108.4,0.633,32,38,41,56,33,124.6,7.0,23,-14.8,80,74,-21.8,0.127,61,0.633,27,7,107.52,0.222,0.111,20.0,109.8,43,124.6,80,0.0,33,74,15,5.0,60,56,85,127.5,5.0,105.7,23.0,5.0,0.174,0.174,9.0,4.0,0.0,29.0,0.0,0.364,0.364,0.0,0.0,0.0,4.0,11.0,0.0,1.0,0.5,4.0,4.0,6.0,0.545,0.0,2.0,0.091,0.0,0.0,0.0,0.0,1.5,1.59,41.0,19.0,0.0,2.24,0.0,0.463,30.0,9.0,0.0,0.0,3.0,0.5,3.4,0.0,0.0,0.0,1.0,0.0,0.375,3.4,0.0,0.333,0.0,0.0,1.0,0.0,3.0,0.0,0.429,3.0,7.0,0.067,,0.0,0.0,1.0,0.0,0.067,0.0,0.0,0.0,0.0,CHA,1.0,0.0,1.0,0.0,0.4,5.0,0.0,0.133,0.667,0.2,3.0,2.0,2.0,2.0,0.333,0.4,3.0,6.0,0.5,0.0,0.5,0.0,0.0,0.4,,6.0,3.0,0.4,0.75,0.667,0.2,0.0,1.0,0.2,2.0,0.667,0.0,3.0,3.0,2.0,0.0,,0.5,0.5,2,0.0,2,1,0.0,,0.0,0.0,0.0,0.633,0.0,0.455,15.0,0.0,0.0,2.0,0.0,1.0,0.5,0.0,1.0,1.0,0.0,0.0,2.0,1.0,0.286,1.0,4.0,3.0,1.0,1.0,2.0,2.0,0.75,0.0,0.5,7.0,2.0,0.304,G-F,-0.243,5.0,14.0,0.6,0.357,3.0,0.333,6.0,0.0,5.0,,0.5,0.0,0.6,CHA,0.0,0.0,0.5,,,,0.0,0.0,1.0,2.0,0.0,0.0,2.0,0.0,,2.0,1.0,,5,11,0.455,0.682,5.0,11.0,3.0,0.333,0.491,9.0,-0.158,2.0,5.0,0.075,0.4,0.325,0.556,0.444,-0.354,4.0,1.0,0.25,0.604,,,,,,,0.0,0.333,0.579,3.0,-0.579,0.0,3.0,1.0,3.4,0.0,0.0,0.375,0.429,0.0,0.0,0.333,3.0,1.0,0.0,3.4,0.0,0.0,3.0,0.0,0.0,9.0,7.0,0.5,0.0,0.0,0.0,3.0,CHA,3.0,0.0,0.0,0.0,2.0,0.0,4.0,2.0,0.0,2.0,0.0,2.0,1.0,0.0,0.0,0.0,CHA,0.0,0.0,0.0,0.0,0.0,0.0,0.0,0.0,CHA,0.0,0.0,0.0,0.0,0.0,0.0,0.0,0.0,0.0,0.0,0.0,0.0,41.0,0.0,0.0,0.0,27.2,4.92,10861.0,0.9,1.2,4.84,4.98,2.1,2026,20251028,False,22500124
1630163,LaMelo Ball,LaMelo,1610612766,CHA,24.0,1,0,1,0.0,28.49,6,18,0.333,4,12,0.333,4,5,0.8,0,8,8,9,5,1,0,0,4,4,20,-19,41.1,0,0,43.0,1,59,59,59,37,23,6,71,2,1,42,12,11,35,56,4,14,2,1,23,36,1,97,10,15,106,11,8,1,9,1,,114.3,89.86,94,49,-25.7,23,0.143,1.8,0.352,18.0,19,5,86,0.355,107.83,19,27,62,110.46,0.444,3,68,85,56,47,140.0,6.0,14,-25.7,103,14,-30.5,0.101,63,0.495,3,29,107.83,0.474,0.32,26.5,114.3,84,140.0,103,0.0,66,86,6,14.7,49,5,99,139.7,14.6,109.2,56.0,12.0,0.179,0.161,24.0,10.0,0.0,61.0,1.0,0.067,0.467,3.0,0.133,4.0,7.0,15.0,0.75,2.0,0.333,6.0,1.0,5.0,0.333,2.0,2.0,0.133,0.0,0.0,0.0,1.0,5.8,3.98,82.0,20.0,0.0,4.24,0.0,0.244,40.0,15.0,0.125,0.0,7.0,0.615,5.5,0.0,0.0,0.0,0.0,1.0,0.533,5.5,0.0,0.533,0.0,1.0,0.0,0.0,2.0,0.125,0.615,7.0,13.0,,,,,,,,,,,,,,,,,0.4,5.0,0.0,0.0,0.4,0.278,5.0,0.0,2.0,2.0,0.278,0.4,2.0,6.0,0.4,0.0,0.333,0.056,1.0,0.278,0.0,5.0,2.0,0.333,0.5,0.286,0.389,0.0,0.429,0.389,2.0,0.286,0.0,7.0,7.0,2.0,0.0,,0.4,0.55,11,7.0,10,4,3.0,0.429,0.0,0.0,0.0,0.444,0.0,0.2,3.0,0.0,0.0,4.0,0.0,1.0,0.0,0.0,0.0,0.0,0.0,0.0,0.0,0.2,0.364,5.0,1.0,0.0,0.0,1.0,0.0,1.0,0.0,0.0,1.0,11.0,1.0,0.413,G,0.026,13.0,19.0,0.658,0.684,1.0,0.375,8.0,0.0,3.0,,0.333,0.0,0.333,CHA,0.0,2.0,1.0,0.0,0.0,,0.0,0.0,1.0,3.0,0.0,0.0,3.0,0.0,,1.0,1.0,1.0,1,5,0.2,0.3,1.0,5.0,9.0,0.692,0.517,13.0,0.176,2.0,3.0,0.286,0.667,0.38,0.231,0.769,0.065,10.0,7.0,0.7,0.635,7.0,0.73,8.0,0.875,0.615,0.145,7.0,0.769,0.645,10.0,0.055,0.7,8.0,0.0,5.5,0.0,1.0,0.533,0.615,0.0,0.0,0.533,7.0,0.0,0.0,5.5,0.125,0.125,2.0,0.0,1.0,15.0,13.0,0.615,0.0,0.0,0.0,8.0,CHA,7.0,0.0,0.0,0.0,1.0,0.0,3.0,1.0,0.0,0.0,0.0,2.0,0.0,0.0,0.0,0.0,CHA,0.0,0.0,0.0,0.0,0.0,0.0,0.0,0.0,CHA,0.0,0.0,0.0,0.0,0.0,0.0,0.0,0.0,0.0,0.0,0.0,0.0,82.0,0.0,0.0,0.0,28.5,4.8,11108.0,0.8,1.3,4.21,5.24,2.1,2026,20251028,False,22500124
1642862,Liam McNeeley,Liam,1610612766,CHA,20.0,1,0,1,0.0,10.9,1,1,1.0,1,1,1.0,3,4,0.75,0,1,1,0,0,0,0,0,2,2,6,-8,7.2,0,0,8.0,1,59,59,59,89,76,95,1,44,80,1,20,16,39,56,70,79,77,76,62,36,1,61,29,68,80,87,8,1,85,1,,111.1,99.08,95,56,-29.6,76,0.043,0.0,0.103,1.0,5,91,93,0.101,118.9,5,77,46,115.29,1.5,88,3,1,56,72,140.7,1.0,8,-29.6,104,79,-31.6,0.067,27,1.087,77,63,118.9,0.0,0.1,0.0,111.1,1,140.7,104,0.0,1,93,95,0.0,56,61,101,145.7,0.0,114.2,7.0,2.0,0.0,0.0,0.0,0.0,0.0,6.0,0.0,0.0,1.0,2.0,0.5,2.0,2.0,2.0,1.0,0.0,0.0,0.0,0.0,1.0,0.5,1.0,0.0,0.0,0.0,0.0,0.0,0.0,0.4,1.5,10.0,6.0,0.0,2.2,0.0,0.6,5.0,2.0,0.0,0.0,1.0,0.5,1.4,0.0,0.0,0.0,0.0,0.0,0.5,1.4,0.0,0.5,0.0,0.0,0.0,0.0,0.0,0.0,0.5,1.0,2.0,,,,,,,,,,,,,,,,1.0,1.5,1.0,1.0,1.0,,0.0,0.0,1.0,1.0,0.0,1.0,1.0,,,,,,,,,,,,,,,,,,,,,,,,,,,,,0,0.0,0,0,0.0,,0.0,0.0,0.0,1.5,0.0,1.0,3.0,0.0,0.0,0.0,0.0,0.0,0.0,0.0,1.0,0.0,0.0,0.0,0.0,0.0,0.0,0.0,1.0,1.0,0.0,0.0,1.0,0.0,1.0,0.0,0.0,0.0,1.0,0.5,F,0.2,1.0,1.0,0.8,1.0,1.0,0.0,0.0,0.0,1.0,,0.0,0.0,1.0,CHA,0.0,0.0,0.0,,,,0.0,0.0,0.0,0.0,0.0,0.0,0.0,0.0,,0.0,0.0,,1,1,1.0,1.5,1.0,1.0,2.0,1.0,0.571,2.0,0.429,1.0,1.0,0.45,1.0,0.55,0.5,0.5,0.333,1.0,1.0,1.0,0.667,1.0,0.8,1.0,1.0,0.5,0.2,1.0,0.5,0.667,1.0,0.333,1.0,1.0,0.0,1.4,0.0,0.0,0.5,0.5,0.0,0.0,0.5,1.0,0.0,0.0,1.4,0.0,0.0,0.0,0.0,0.0,2.0,2.0,0.5,0.0,0.0,0.0,1.0,CHA,1.0,0.0,0.0,0.0,0.0,0.0,1.0,0.0,0.0,0.0,0.0,1.0,0.0,0.0,1.0,0.0,CHA,0.0,0.0,0.0,1.0,0.0,1.0,0.0,0.0,CHA,0.0,0.0,0.0,0.0,0.0,0.0,0.0,0.0,0.0,0.0,0.0,0.0,10.0,0.0,0.0,0.0,10.9,5.16,4167.0,0.4,0.4,5.45,4.9,0.8,2026,20251028,False,22500124
1628970,Miles Bridges,Miles,1610612766,CHA,27.0,1,0,1,0.0,31.006666666666668,6,16,0.375,2,7,0.286,3,4,0.75,0,4,4,1,2,1,1,1,2,2,17,-10,27.3,0,0,28.0,1,59,59,59,23,23,11,66,25,13,51,20,16,39,56,30,44,54,16,23,9,81,61,29,25,87,40,8,1,29,1,,100.0,91.59,73,79,-11.1,23,0.062,0.5,0.263,16.0,13,22,66,0.262,109.91,13,75,87,109.48,0.438,19,70,61,56,76,111.1,6.0,17,-11.1,50,64,-19.2,0.061,70,0.479,71,54,109.91,0.05,0.129,4.8,100.0,61,111.1,50,0.0,70,66,11,9.5,79,45,60,115.9,9.6,96.7,31.0,2.0,0.032,0.032,3.0,1.0,0.0,34.0,0.0,0.0,0.556,1.0,0.111,2.0,5.0,9.0,0.5,1.0,0.4,5.0,0.0,2.0,0.222,1.0,2.0,0.111,0.0,2.0,1.0,1.0,1.9,1.62,52.0,17.0,0.0,2.21,0.0,0.327,28.0,8.0,0.5,0.0,2.0,0.8,5.9,0.0,0.0,0.0,1.0,2.0,0.571,5.9,0.0,0.5,0.0,2.0,1.0,0.0,2.0,0.5,0.667,2.0,6.0,,,,,,,,,,,,,,,,,0.167,6.0,0.0,0.0,0.167,0.375,6.0,0.0,1.0,1.0,0.375,0.167,2.0,7.0,0.4,2.0,0.571,0.125,2.0,0.313,1.0,5.0,4.0,0.438,0.714,0.0,0.125,0.063,0.333,0.188,1.0,0.333,1.0,2.0,3.0,0.0,1.0,1.0,0.4,0.5,5,3.0,5,2,1.0,0.333,0.0,0.0,0.0,0.438,0.0,0.25,3.0,1.0,2.0,1.0,0.0,1.0,0.0,0.0,1.0,0.0,0.0,0.0,2.0,0.5,0.25,6.0,3.0,1.0,0.0,3.0,1.0,3.0,0.333,0.0,0.333,4.0,1.0,0.356,F,0.013,10.0,16.0,0.612,0.625,2.0,0.0,3.0,0.5,4.0,,0.0,0.0,0.5,CHA,3.0,6.0,0.333,,,,0.0,0.0,0.0,0.0,0.0,0.0,0.0,0.0,,3.0,1.0,,1,4,0.25,0.375,1.0,4.0,5.0,0.417,0.549,12.0,-0.133,3.0,7.0,0.033,0.429,0.396,0.583,0.417,-0.27,5.0,2.0,0.4,0.67,2.0,0.792,3.0,0.667,0.25,-0.125,2.0,0.417,0.683,5.0,-0.283,0.4,4.0,1.0,5.9,0.0,2.0,0.571,0.667,0.0,0.0,0.5,2.0,1.0,0.0,5.9,0.5,0.5,2.0,0.0,2.0,8.0,6.0,0.8,0.0,0.0,0.0,4.0,CHA,2.0,0.0,0.0,0.0,1.0,0.0,7.0,2.0,0.0,0.0,0.0,5.0,0.0,0.0,0.0,0.0,CHA,0.0,0.0,0.0,0.0,0.0,0.0,0.0,0.0,CHA,1.0,0.0,0.0,0.0,0.0,1.0,0.0,0.0,0.0,0.0,0.0,0.0,52.0,0.0,0.0,0.0,31.0,4.65,12081.0,1.0,1.3,4.57,4.72,2.3,2026,20251028,False,22500124
1631217,Moussa Diabaté,Moussa,1610612766,CHA,23.0,1,0,1,0.0,19.183333333333334,3,4,0.75,0,0,0.0,2,2,1.0,1,1,2,0,1,0,1,0,3,1,8,-22,12.4,0,0,12.0,1,59,59,59,70,52,74,10,69,87,69,28,31,1,30,70,66,77,41,62,9,1,85,50,56,109,73,8,1,73,1,,93.2,94.87,98,90,-40.9,52,0.053,0.0,0.118,4.0,7,82,98,0.121,113.85,7,77,90,111.1,0.75,83,17,88,37,80,134.0,3.0,11,-40.9,101,72,-40.7,0.053,44,0.82,77,63,113.85,0.0,0.059,0.0,93.2,91,134.0,101,0.048,18,98,74,16.7,90,78,97,136.7,17.0,96.0,16.0,0.0,0.0,0.0,0.0,0.0,0.0,13.0,0.0,0.0,0.0,0.0,0.0,0.0,0.0,0.0,0.0,0.0,0.0,0.0,0.0,0.0,0.0,0.0,0.0,0.0,2.0,0.4,0.0,5.0,0.8,0.52,23.0,8.0,0.0,2.08,0.0,0.348,13.0,9.0,0.5,1.0,1.0,0.333,3.2,0.2,0.0,0.25,2.0,1.0,0.286,5.0,1.0,0.222,1.0,0.0,1.0,1.3,5.0,0.0,0.25,1.0,4.0,,,,,,,,,,,,,,,,,1.0,3.0,0.0,0.0,1.0,0.75,3.0,0.0,3.0,3.0,0.75,1.0,0.0,1.0,,0.0,0.0,0.25,1.0,0.0,0.0,0.0,0.0,0.25,0.0,,,,,,,,,,,,,,,,0,,0,0,,,0.0,0.0,0.0,0.75,0.0,0.0,0.0,0.5,2.0,0.0,0.0,2.0,0.0,0.0,0.0,0.0,0.0,0.0,0.0,0.5,0.0,2.0,0.0,0.0,0.0,1.0,0.0,2.0,0.0,0.0,1.0,0.0,0.0,0.5,F,0.066,15.0,20.0,0.684,0.75,0.0,0.0,0.0,1.0,0.0,,0.0,0.0,0.0,CHA,1.0,1.0,1.0,0.0,0.0,,0.0,0.0,0.0,0.0,0.0,0.0,1.0,0.0,,2.0,2.0,0.0,0,1,,0.0,,,8.0,0.727,0.535,11.0,0.192,4.0,6.0,0.293,0.667,0.374,0.545,0.455,0.226,5.0,4.0,0.8,0.574,4.0,0.736,4.0,1.0,0.364,0.265,4.0,0.455,0.585,5.0,0.215,0.8,1.0,1.0,5.0,1.3,0.0,0.286,0.25,0.0,1.0,0.222,1.0,2.0,0.2,3.2,0.0,0.5,5.0,1.0,1.0,9.0,4.0,0.333,1.0,1.0,0.25,2.0,CHA,1.0,1.0,1.0,0.0,2.0,0.0,7.0,3.0,0.0,0.0,0.0,4.0,0.0,0.0,0.0,0.0,CHA,1.0,0.0,0.0,0.0,0.0,0.0,0.0,0.0,CHA,0.0,0.0,0.0,0.0,0.0,0.0,0.0,0.0,0.0,0.0,0.0,0.0,23.0,0.0,0.0,0.0,19.2,4.81,7988.0,0.7,0.8,4.65,4.96,1.5,2026,20251028,False,22500124
1642066,Myron Gardner,Myron,1610612748,MIA,24.0,1,1,0,1.0,2.7333333333333334,1,1,1.0,1,1,1.0,0,0,0.0,0,1,1,1,0,0,0,0,2,0,3,0,5.7,0,0,6.0,1,1,1,1,107,76,95,1,44,80,1,52,55,52,56,70,79,54,76,62,36,1,61,69,81,54,92,8,1,90,1,,125.0,117.07,84,24,0.0,76,0.167,0.0,0.125,1.0,1,80,53,0.125,140.49,1,6,18,128.55,1.5,80,1,1,56,18,125.0,1.0,3,0.0,81,6,-25.6,0.167,8,1.5,7,63,140.49,0.333,0.5,50.0,125.0,1,125.0,81,0.0,1,53,95,0.0,24,1,103,150.6,0.0,125.0,8.0,1.0,0.125,0.125,3.0,1.0,0.0,4.0,0.0,0.0,0.0,0.0,0.0,0.0,0.0,1.0,0.0,0.0,0.0,0.0,0.0,1.0,1.0,0.0,0.0,0.0,0.0,0.0,0.0,0.0,0.4,1.33,9.0,3.0,0.0,2.51,0.0,0.333,3.0,3.0,1.0,0.0,0.0,0.5,0.8,0.0,0.0,0.0,0.0,1.0,0.333,0.8,0.0,0.333,0.0,1.0,0.0,0.0,1.0,1.0,0.5,0.0,2.0,,,,,,,,,,,,,,,,,,,,,,,,,,,,,,,,,,,,,,,,,,1.0,1.0,0.0,1.5,1.0,1.0,1.0,0.0,1.0,1.0,1.0,0.0,,,,0,0.0,0,0,0.0,,0.0,0.0,0.0,1.5,0.0,1.0,3.0,0.0,0.0,1.0,0.0,0.0,0.0,0.0,0.0,0.0,0.0,0.0,0.0,0.0,1.0,0.0,0.0,0.0,0.0,0.0,0.0,0.0,0.0,0.0,0.0,1.0,0.0,,,,,,,,0.0,1.0,1.0,0.0,0.0,,0.0,0.0,0.0,MIA,0.0,0.0,0.0,,,,0.0,0.0,0.0,1.0,0.0,0.0,0.0,0.0,,0.0,0.0,,1,1,1.0,1.5,1.0,1.0,,,,,,,,,,,,,,,,,,,,,,,,,,,,,,1.0,0.0,0.8,0.0,1.0,0.333,0.5,0.0,0.0,0.333,0.0,0.0,0.0,0.8,1.0,1.0,1.0,0.0,1.0,3.0,2.0,0.5,0.0,0.0,0.0,1.0,MIA,0.0,,,,,,,,,,,,,,,,,,,,,,,0.0,0.0,MIA,0.0,0.0,0.0,0.0,0.0,0.0,0.0,0.0,0.0,0.0,0.0,0.0,9.0,0.0,0.0,0.0,2.7,4.12,1301.0,0.1,0.1,4.62,3.7,0.2,2026,20251028,False,22500124
1631107,Nikola Jović,Nikola,1610612748,MIA,22.0,1,1,0,1.0,21.966666666666665,4,7,0.571,2,4,0.5,0,0,0.0,1,5,6,2,0,0,0,0,2,0,10,9,20.2,0,0,20.0,1,1,1,1,64,36,52,27,25,43,17,52,55,52,30,18,23,46,76,62,36,1,61,69,42,22,56,8,1,53,1,,130.6,86.49,25,9,11.0,36,0.143,0.0,0.127,7.0,38,78,36,0.138,103.79,38,34,6,103.44,0.714,79,27,1,35,41,119.6,4.0,41,11.0,68,14,27.0,0.115,49,0.714,51,63,103.79,0.118,0.227,22.2,130.6,1,119.6,68,0.05,25,36,52,0.0,9,12,52,112.6,0.0,139.6,33.0,7.0,0.121,0.061,10.0,4.0,2.0,25.0,0.0,0.333,0.667,0.0,0.0,0.0,2.0,3.0,0.0,0.0,0.5,2.0,1.0,1.0,0.333,0.0,1.0,0.0,0.0,0.0,1.0,1.0,1.4,1.3,43.0,10.0,2.0,1.97,0.0,0.233,18.0,7.0,0.333,1.0,4.0,0.833,6.4,0.5,0.0,0.5,0.0,2.0,0.857,6.7,1.0,0.857,0.0,1.0,0.0,4.7,2.0,0.2,0.833,4.0,6.0,0.143,,1.0,1.0,1.0,0.0,0.143,0.0,1.0,0.0,1.0,MIA,1.0,1.0,1.0,,0.0,1.0,0.0,0.0,0.0,0.143,1.0,0.0,0.0,0.0,0.143,0.0,1.0,2.0,1.0,1.0,1.0,0.143,1.0,0.143,1.0,1.0,2.0,0.286,1.25,0.333,0.429,0.0,0.5,0.429,1.0,0.333,0.0,3.0,3.0,1.0,0.0,,1.0,1.0,2,0.0,1,1,0.0,,0.0,2.0,0.0,0.714,1.0,0.5,6.0,0.0,0.0,2.0,,1.0,0.0,1.0,0.0,1.0,,,0.0,0.0,0.5,1.0,0.0,0.0,0.0,0.0,0.0,1.0,0.0,1.0,1.0,4.0,0.0,0.368,F,-0.019,8.0,14.0,0.591,0.571,0.0,0.667,3.0,0.0,1.0,,1.0,0.0,0.0,MIA,0.0,0.0,0.5,0.0,0.0,,0.0,0.0,1.0,2.0,0.0,0.0,1.0,0.0,,2.0,1.0,0.0,2,4,0.5,0.75,2.0,4.0,5.0,0.5,0.482,10.0,0.018,2.0,4.0,0.172,0.5,0.328,0.4,0.6,-0.035,6.0,3.0,0.5,0.535,3.0,0.685,4.0,0.75,0.4,0.065,3.0,0.5,0.6,5.0,0.0,0.6,5.0,0.0,6.7,4.7,1.0,0.857,0.833,0.0,0.0,0.857,4.0,0.0,0.5,6.4,0.2,0.333,2.0,1.0,2.0,7.0,6.0,0.833,1.0,1.0,0.5,6.0,MIA,4.0,0.0,0.0,0.0,2.0,0.0,3.0,2.0,1.0,3.0,1.0,1.0,1.0,1.0,0.0,0.0,MIA,0.0,1.0,0.0,0.0,0.0,1.0,0.0,2.0,MIA,1.0,1.0,0.0,0.0,0.0,1.0,0.0,2.0,0.0,0.0,0.0,0.0,43.0,0.0,1.0,0.0,22.0,4.79,8795.0,0.8,0.8,4.12,4.96,1.7,2026,20251028,False,22500124
1641796,Pelle Larsson,Pelle,1610612748,MIA,24.0,1,1,0,1.0,30.73333333333333,6,10,0.6,3,6,0.5,2,2,1.0,1,4,5,3,0,1,0,1,0,3,17,7,30.5,0,0,30.0,1,1,1,1,27,23,41,23,11,21,17,28,31,1,30,30,32,30,76,23,36,81,1,19,25,28,25,8,1,24,1,,123.6,93.06,45,27,8.1,23,0.074,0.0,0.141,10.0,10,76,43,0.14,111.67,10,38,29,112.17,0.75,72,20,1,50,30,115.5,6.0,9,8.1,61,55,3.8,0.133,72,0.781,52,63,111.67,0.115,0.118,21.4,123.6,1,115.5,61,0.029,18,43,41,0.0,27,52,63,117.1,0.0,120.9,38.0,5.0,0.105,0.079,8.0,4.0,1.0,39.0,0.0,0.0,1.0,0.0,0.0,0.0,2.0,2.0,0.0,0.0,0.5,2.0,0.0,0.0,0.0,0.0,1.0,0.0,0.0,1.333,0.0,3.0,1.6,1.04,51.0,17.0,0.0,1.86,0.0,0.333,25.0,11.0,0.2,0.0,3.0,0.571,7.6,0.333,1.0,0.333,1.0,1.0,0.5,8.4,0.0,0.455,0.0,1.0,1.0,4.2,3.0,0.25,0.5,4.0,8.0,,,,,,,,,,,,,,,,0.0,0.75,4.0,0.0,0.1,1.0,0.3,3.0,1.0,3.0,3.0,0.4,0.75,0.0,1.0,,0.0,0.0,0.1,1.0,0.0,0.0,0.0,0.0,0.1,0.0,0.6,0.5,0.0,0.9,0.5,3.0,0.6,0.0,5.0,5.0,3.0,0.0,,0.0,0.0,0,1.0,1,0,0.0,0.0,0.0,0.0,0.0,0.75,0.0,0.6,9.0,1.0,4.0,3.0,0.0,3.0,0.0,0.0,0.0,0.0,0.0,0.0,1.0,0.0,0.6,1.0,1.0,0.0,0.0,0.0,0.0,3.0,0.0,0.0,1.0,5.0,0.0,0.389,G,0.124,5.0,7.0,0.591,0.714,0.0,0.75,4.0,0.0,2.0,,0.0,0.0,0.0,MIA,0.0,0.0,0.75,,,,0.0,0.0,0.0,3.0,0.0,0.0,0.0,0.0,,4.0,3.0,,3,5,0.6,0.9,3.0,5.0,5.0,0.357,0.464,14.0,-0.107,1.0,3.0,-0.235,0.333,0.569,0.214,0.786,-0.136,11.0,4.0,0.364,0.5,2.0,0.603,4.0,0.5,0.286,-0.103,4.0,0.643,0.583,9.0,-0.138,0.444,4.0,1.0,8.4,4.2,1.0,0.5,0.5,1.0,0.0,0.455,4.0,1.0,0.333,7.6,0.25,0.2,3.0,0.0,1.0,11.0,8.0,0.571,1.0,0.0,0.333,5.0,MIA,3.0,1.0,1.0,0.0,3.0,0.0,7.0,7.0,0.0,0.0,0.0,0.0,0.0,0.0,0.0,0.0,MIA,1.0,0.0,0.0,0.0,0.0,0.0,0.0,0.0,MIA,0.0,0.0,0.0,0.0,0.0,0.0,0.0,0.0,0.0,0.0,0.0,0.0,51.0,0.0,0.0,0.0,30.7,4.91,12685.0,1.2,1.2,4.5,5.44,2.4,2026,20251028,False,22500124
1641750,Ryan Kalkbrenner,Ryan,1610612766,CHA,23.0,1,0,1,0.0,30.9,5,5,1.0,0,0,0.0,0,0,0.0,3,3,6,0,0,3,1,0,2,0,10,-10,29.2,0,0,24.0,1,59,59,59,24,30,66,1,69,87,69,52,55,52,7,46,23,77,76,2,9,1,61,69,42,87,29,8,1,44,1,,116.2,87.38,76,44,-16.7,30,0.092,0.0,0.066,5.0,32,99,77,0.066,104.85,32,77,52,106.41,1.0,99,6,1,23,49,132.8,5.0,29,-16.7,99,39,-21.4,0.098,68,1.0,77,63,104.85,0.0,0.1,0.0,116.2,1,132.8,99,0.086,4,77,66,0.0,44,61,95,133.6,0.0,112.2,30.0,2.0,0.0,0.0,0.0,0.0,0.0,18.0,0.0,0.0,0.0,0.0,0.0,0.0,0.0,0.0,0.0,0.0,0.0,0.0,0.0,0.0,0.0,0.0,0.0,0.0,0.0,2.0,0.0,5.0,1.1,0.46,35.0,10.0,0.0,1.84,0.0,0.286,20.0,14.0,0.667,1.0,2.0,0.429,3.6,0.5,0.0,0.5,1.0,4.0,0.462,4.1,3.0,0.429,0.0,1.0,1.0,3.0,6.0,0.333,0.375,2.0,8.0,0.2,,1.0,1.0,1.0,0.0,0.2,0.0,1.0,0.0,1.0,CHA,1.0,1.0,1.0,,1.0,4.0,0.0,0.0,1.0,0.8,4.0,0.0,4.0,4.0,0.8,1.0,,,,,,,,,,,,,,,,,,,,,,,,,,,,,0,,0,0,,,0.0,0.0,0.0,1.0,0.0,0.0,0.0,1.0,10.0,0.0,0.0,5.0,0.0,0.0,0.0,0.0,0.0,0.0,0.0,0.0,0.0,0.0,0.0,0.0,0.0,0.0,0.0,5.0,0.0,0.0,1.0,0.0,0.0,0.366,C,0.092,18.0,26.0,0.6,0.692,0.0,0.0,0.0,0.0,0.0,,0.0,0.0,0.0,CHA,0.0,0.0,1.0,,,,0.0,0.0,0.0,0.0,0.0,0.0,0.0,0.0,,5.0,5.0,,0,0,,,,,13.0,0.591,0.464,22.0,0.127,2.0,5.0,0.011,0.4,0.389,0.227,0.773,0.116,17.0,11.0,0.647,0.531,9.0,0.686,11.0,0.818,0.5,0.132,9.0,0.682,0.558,15.0,0.042,0.6,3.0,1.0,4.1,3.0,1.0,0.462,0.375,0.0,0.0,0.429,2.0,1.0,0.5,3.6,0.333,0.667,6.0,3.0,4.0,14.0,8.0,0.429,3.0,1.0,0.5,6.0,CHA,2.0,0.0,0.0,0.0,1.0,0.0,11.0,8.0,0.0,6.0,0.0,3.0,3.0,0.0,0.0,0.0,CHA,0.0,0.0,0.0,0.0,0.0,0.0,0.0,0.0,CHA,0.0,0.0,0.0,0.0,0.0,0.0,0.0,0.0,0.0,0.0,0.0,0.0,35.0,0.0,0.0,0.0,30.9,4.66,11344.0,0.9,1.2,4.59,4.71,2.1,2026,20251028,False,22500124
1631323,Simone Fontecchio,Simone,1610612748,MIA,29.0,1,1,0,1.0,18.933333333333334,3,5,0.6,3,4,0.75,1,1,1.0,0,0,0,3,1,1,1,1,2,3,10,21,19.5,0,0,20.0,1,1,1,1,72,52,66,23,11,43,6,45,50,1,56,89,93,30,41,23,9,81,61,19,42,5,57,8,1,53,1,,146.3,86.62,6,1,51.2,52,0.0,3.0,0.13,5.0,36,71,5,0.146,103.94,36,16,1,103.84,0.9,76,12,67,56,46,95.1,3.0,38,51.2,23,93,57.2,0.102,41,0.919,36,12,103.94,0.167,0.0,33.3,146.3,66,95.1,23,0.0,11,5,66,11.1,1,89,23,92.9,10.6,150.2,19.0,2.0,0.158,0.158,8.0,3.0,0.0,20.0,0.0,0.0,0.0,0.0,0.0,0.0,0.0,1.0,0.0,0.0,0.0,0.0,0.0,1.0,1.0,0.0,0.0,0.0,1.0,0.0,0.0,1.0,0.6,0.96,24.0,10.0,0.0,1.59,0.0,0.417,16.0,,,,,,,,,,,,,,,,,,,,,,,,,,,,,,,,,,,,,,,,1.0,0.75,2.0,1.0,0.2,0.0,0.2,1.0,1.0,1.0,0.0,0.4,0.5,2.0,3.0,0.667,0.0,0.667,0.0,0.0,0.6,,3.0,2.0,0.6,1.0,,,,,,,,,,,,,,,,0,0.0,0,0,0.0,,0.0,0.0,0.0,0.9,0.0,0.75,9.0,0.0,0.0,2.0,,0.0,0.0,0.0,1.0,0.0,,,0.0,0.0,0.667,0.0,1.0,1.0,0.0,0.0,1.0,1.0,1.0,0.0,0.0,3.0,1.0,0.242,F,0.023,5.0,8.0,0.603,0.625,1.0,0.667,3.0,0.0,1.0,,0.0,0.0,1.0,MIA,0.0,0.0,0.0,0.0,0.0,,0.0,0.0,0.0,2.0,0.0,0.0,0.0,0.0,,1.0,0.0,0.0,3,4,0.75,1.125,3.0,4.0,2.0,0.167,0.491,12.0,-0.325,0.0,8.0,-0.432,0.0,0.432,0.667,0.333,-0.052,4.0,2.0,0.5,0.552,1.0,0.618,2.0,0.5,0.167,-0.118,2.0,0.333,0.6,4.0,-0.1,0.5,,,,,,,,,,,,,,,,,,,,,,,,,,,,,0.0,0.0,0.0,3.0,0.0,3.0,1.0,0.0,3.0,0.0,2.0,1.0,0.0,0.0,0.0,MIA,0.0,0.0,0.0,0.0,0.0,0.0,0.0,0.0,MIA,0.0,0.0,0.0,0.0,0.0,0.0,0.0,0.0,0.0,0.0,0.0,0.0,24.0,0.0,0.0,0.0,18.9,4.95,7756.0,0.7,0.8,4.17,5.91,1.5,2026,20251028,False,22500124
1642883,Sion James,Sion,1610612766,CHA,22.0,1,0,1,0.0,23.266666666666666,2,2,1.0,2,2,1.0,2,2,1.0,1,2,3,0,0,1,0,0,0,1,8,-18,14.6,0,0,15.0,1,59,59,59,61,65,88,1,25,66,1,28,31,1,30,57,57,77,76,23,36,1,1,50,56,104,68,8,1,69,1,,103.8,91.98,89,73,-27.1,65,0.064,0.0,0.05,2.0,11,100,90,0.05,110.37,11,77,65,107.98,1.5,100,2,1,40,48,130.9,2.0,25,-27.1,96,60,-27.0,0.098,52,1.389,77,63,110.37,0.0,0.087,0.0,103.8,1,130.9,96,0.042,1,90,88,0.0,73,70,94,133.4,0.0,106.5,21.0,3.0,0.0,0.0,0.0,0.0,0.0,16.0,0.0,0.0,0.5,2.0,0.25,2.0,2.0,4.0,1.0,0.0,0.0,0.0,0.0,3.0,0.75,1.0,0.0,0.0,0.0,0.0,0.0,0.0,0.8,1.38,24.0,8.0,0.0,2.04,0.0,0.333,14.0,7.0,0.333,0.0,1.0,0.5,10.8,0.5,1.0,0.5,1.0,1.0,0.5,5.7,0.0,0.429,0.0,1.0,1.0,20.9,2.0,0.5,0.4,2.0,5.0,,,,,,,,,,,,,,,,,,,,,,,,,,,,,,,,,,,,,,,,,,1.0,1.0,0.0,1.5,1.0,2.0,1.0,0.0,2.0,2.0,2.0,0.0,,,,0,0.0,0,0,0.0,,0.0,0.0,0.0,1.5,0.0,1.0,6.0,0.0,0.0,1.0,0.0,0.0,1.0,0.0,0.0,0.0,0.0,0.0,1.0,0.0,1.0,0.0,1.0,1.0,1.0,0.0,0.0,0.0,1.0,0.0,0.0,1.0,0.0,0.444,G,-0.228,6.0,16.0,0.603,0.375,1.0,1.0,1.0,0.0,1.0,,0.0,0.0,1.0,CHA,0.0,0.0,0.0,0.0,0.0,,0.0,0.0,0.0,1.0,0.0,0.0,0.0,0.0,,0.0,0.0,0.0,2,2,1.0,1.5,2.0,2.0,2.0,0.222,0.578,9.0,-0.356,0.0,4.0,-0.339,0.0,0.339,0.444,0.556,-0.312,5.0,2.0,0.4,0.712,1.0,0.852,2.0,0.5,0.222,-0.352,1.0,0.222,0.818,2.0,-0.318,0.5,2.0,1.0,5.7,20.9,1.0,0.5,0.4,1.0,0.0,0.429,2.0,1.0,0.5,10.8,0.5,0.333,2.0,0.0,1.0,7.0,5.0,0.5,1.0,0.0,0.5,3.0,CHA,1.0,0.0,0.0,0.0,4.0,0.0,4.0,3.0,1.0,2.0,1.0,1.0,1.0,1.0,0.0,0.0,CHA,0.0,1.0,0.0,0.0,0.0,1.0,0.0,0.0,CHA,0.0,0.0,0.0,0.0,0.0,0.0,0.0,0.0,0.0,0.0,0.0,0.0,24.0,0.0,0.0,0.0,23.3,4.82,9267.0,0.8,1.0,4.47,5.14,1.8,2026,20251028,False,22500124
1642275,Tidjane Salaün,Tidjane,1610612766,CHA,20.0,1,0,1,0.0,15.233333333333333,0,3,0.0,0,2,0.0,3,4,0.75,2,4,6,1,1,0,0,0,1,2,3,-14,10.7,0,0,10.0,1,59,59,59,80,96,78,96,69,66,69,20,16,39,17,30,23,54,41,62,36,1,31,29,81,96,77,8,1,79,1,,129.4,94.53,90,11,-23.2,96,0.214,1.0,0.154,3.0,8,67,83,0.153,113.44,8,52,11,110.85,0.0,62,88,78,6,88,152.6,0.0,12,-23.2,107,4,-27.8,0.031,34,0.315,64,41,113.44,0.077,0.286,14.3,129.4,86,152.6,107,0.143,96,83,78,14.3,11,6,106,158.3,14.8,130.5,20.0,2.0,0.05,0.05,3.0,1.0,0.0,12.0,0.0,0.0,0.0,0.0,0.0,0.0,0.0,1.0,0.0,0.0,0.0,0.0,0.0,1.0,1.0,0.0,0.0,0.0,2.0,0.0,0.0,0.0,0.9,1.23,26.0,3.0,0.0,1.99,0.0,0.115,13.0,8.0,0.833,1.0,1.0,0.667,9.6,1.0,0.0,1.0,0.0,5.0,0.75,8.8,2.0,0.75,0.0,3.0,0.0,11.2,2.0,0.75,0.667,1.0,6.0,,,,,,,,,,,,,,,,,,,,,,,,,,,,,0.0,2.0,0.0,0.0,0.0,0.333,1.0,0.333,0.0,1.0,0.0,0.667,0.0,0.0,0.333,0.0,0.0,0.333,0.0,0.0,0.0,1.0,1.0,0.0,0.0,,,,0,0.0,0,0,0.0,,0.0,0.0,0.0,0.0,0.0,0.0,0.0,0.0,0.0,0.0,0.0,0.0,0.0,0.0,0.0,0.0,0.0,0.0,1.0,0.0,0.0,1.0,1.0,0.0,0.0,0.0,0.0,0.0,0.0,0.0,0.0,1.0,0.0,0.452,F,-0.011,8.0,14.0,0.582,0.571,0.0,0.0,0.0,0.0,2.0,,0.0,0.0,0.0,CHA,0.0,1.0,0.0,0.0,0.0,,0.0,0.0,0.0,0.0,0.0,0.0,0.0,0.0,,0.0,0.0,0.0,0,2,0.0,0.0,0.0,2.0,8.0,0.727,0.562,11.0,0.165,5.0,6.0,0.368,0.833,0.465,0.545,0.455,0.002,5.0,3.0,0.6,0.598,2.0,0.585,3.0,0.667,0.273,0.081,2.0,0.273,0.55,3.0,0.116,0.667,4.0,0.0,8.8,11.2,3.0,0.75,0.667,0.0,0.0,0.75,1.0,0.0,1.0,9.6,0.75,0.833,2.0,2.0,5.0,8.0,6.0,0.667,2.0,1.0,1.0,6.0,CHA,1.0,0.0,0.0,0.0,0.0,0.0,6.0,3.0,1.0,3.0,1.0,3.0,1.0,1.0,0.0,0.0,CHA,0.0,1.0,0.0,0.0,0.0,1.0,0.0,0.0,CHA,0.0,0.0,0.0,0.0,0.0,0.0,0.0,0.0,0.0,0.0,0.0,0.0,26.0,0.0,0.0,0.0,15.2,5.06,7199.0,0.6,0.8,4.45,5.63,1.4,2026,20251028,False,22500124
1630544,Tre Mann,Tre,1610612766,CHA,24.0,1,0,1,0.0,26.886666666666667,3,15,0.2,2,8,0.25,0,0,0.0,1,2,3,5,3,2,0,0,1,2,8,-31,22.1,0,0,22.0,1,59,59,59,41,52,15,87,25,7,53,52,55,52,30,57,57,12,9,7,36,1,31,29,56,112,51,8,1,46,1,,98.3,90.01,102,86,-49.2,52,0.06,1.67,0.265,15.0,18,17,102,0.27,108.01,18,36,85,108.51,0.267,17,92,76,46,94,147.5,3.0,22,-49.2,106,66,-50.3,0.01,60,0.267,7,31,108.01,0.333,0.1,21.7,98.3,76,147.5,106,0.033,88,102,15,13.0,86,61,102,147.6,13.0,97.4,47.0,6.0,0.149,0.106,15.0,7.0,0.0,54.0,2.0,0.077,0.154,0.0,0.0,0.0,2.0,13.0,0.0,0.0,0.25,4.0,1.0,8.0,0.615,0.0,1.0,0.0,1.0,0.0,0.0,1.0,4.7,3.81,68.0,8.0,0.0,4.12,0.0,0.118,29.0,5.0,0.0,0.0,2.0,1.0,8.5,0.333,1.0,0.333,0.0,0.0,0.6,4.5,0.0,0.6,0.0,0.0,0.0,16.4,3.0,0.0,1.0,3.0,2.0,,,,,,,,,,,,,,,,0.0,0.167,6.0,0.0,0.067,0.2,0.333,5.0,1.0,1.0,1.0,0.4,0.167,0.0,2.0,,0.0,0.0,0.133,2.0,0.0,0.0,0.0,0.0,0.133,0.0,0.286,0.467,0.0,0.429,0.467,2.0,0.286,0.0,7.0,7.0,2.0,0.0,,0.0,0.0,0,4.0,8,0,0.0,0.0,0.0,0.0,0.0,0.267,0.0,0.5,6.0,0.0,0.0,1.0,0.0,0.0,0.5,0.0,0.0,1.0,0.0,0.0,2.0,0.25,0.167,4.0,2.0,1.0,1.0,1.0,0.0,2.0,0.5,0.0,0.0,6.0,0.0,0.171,G,0.058,4.0,6.0,0.609,0.667,1.0,0.167,6.0,0.5,2.0,,0.0,0.0,0.5,CHA,1.0,2.0,0.0,0.0,0.0,,0.0,0.0,0.0,1.0,0.0,1.0,2.0,0.0,,2.0,0.0,0.0,2,4,0.5,0.75,2.0,4.0,5.0,0.556,0.54,9.0,0.016,1.0,5.0,-0.265,0.2,0.465,0.556,0.444,0.39,4.0,4.0,1.0,0.61,2.0,0.76,2.0,1.0,0.222,0.241,3.0,0.333,0.643,3.0,0.357,1.0,2.0,0.0,4.5,16.4,0.0,0.6,1.0,1.0,0.0,0.6,3.0,0.0,0.333,8.5,0.0,0.0,3.0,0.0,0.0,5.0,2.0,1.0,1.0,0.0,0.333,3.0,CHA,2.0,2.0,2.0,0.0,1.0,0.0,2.0,2.0,0.0,3.0,0.0,0.0,1.0,0.0,0.0,0.0,CHA,1.0,0.0,0.0,0.0,0.0,0.0,0.0,0.0,CHA,0.0,0.0,0.0,0.0,0.0,0.0,0.0,0.0,0.0,0.0,0.0,0.0,68.0,0.0,0.0,0.0,26.9,4.66,10574.0,0.8,1.2,4.16,5.07,2.0,2026,20251028,False,22500124
