PLAYER_ID,PLAYER_NAME,NICKNAME,TEAM_ID,TEAM_ABBREVIATION,AGE,GP,W,L,W_PCT,MIN,FGM,FGA,FG_PCT,FG3M,FG3A,FG3_PCT,FTM,FTA,FT_PCT,OREB,DREB,REB,AST,TOV,STL,BLK,BLKA,PF,PFD,PTS,PLUS_MINUS,NBA_FANTASY_PTS,DD2,TD3,WNBA_FANTASY_PTS,GP_RANK,W_RANK,L_RANK,W_PCT_RANK,MIN_RANK,FGM_RANK,FGA_RANK,FG_PCT_RANK,FG3M_RANK,FG3A_RANK,FG3_PCT_RANK,FTM_RANK,FTA_RANK,FT_PCT_RANK,OREB_RANK,DREB_RANK,REB_RANK,AST_RANK,TOV_RANK,STL_RANK,BLK_RANK,BLKA_RANK,PF_RANK,PFD_RANK,PTS_RANK,PLUS_MINUS_RANK,NBA_FANTASY_PTS_RANK,DD2_RANK,TD3_RANK,WNBA_FANTASY_PTS_RANK,TEAM_COUNT,E_TOV_PCT,DEF_RATING,FGM_PG,OFF_RATING,FGA_PG_RANK,TM_TOV_PCT_RANK,FGM_PG_RANK,AST_RATIO_RANK,E_PACE_RANK,TM_TOV_PCT,sp_work_OFF_RATING,REB_PCT,DREB_PCT,sp_work_NET_RATING,E_DEF_RATING,sp_work_NET_RATING_RANK,NET_RATING_RANK,OREB_PCT,E_TOV_PCT_RANK,POSS,PIE_RANK,sp_work_DEF_RATING_RANK,E_NET_RATING,E_USG_PCT,AST_PCT_RANK,AST_TO_RANK,DEF_RATING_RANK,PACE_PER40,E_OFF_RATING,sp_work_OFF_RATING_RANK,E_PACE,PIE,sp_work_PACE,E_NET_RATING_RANK,E_DEF_RATING_RANK,REB_PCT_RANK,sp_work_DEF_RATING,E_USG_PCT_RANK,EFG_PCT,EFG_PCT_RANK,PACE,AST_PCT,USG_PCT_RANK,E_OFF_RATING_RANK,TS_PCT,AST_RATIO,OFF_RATING_RANK,TS_PCT_RANK,OREB_PCT_RANK,NET_RATING,DREB_PCT_RANK,FGA_PG,PACE_RANK,AST_TO,sp_work_PACE_RANK,USG_PCT,AST_TO_PASS_PCT,AST_TO_PASS_PCT_ADJ,FT_AST,AST_PTS_CREATED,POTENTIAL_AST,PASSES_MADE,AST_ADJ,PASSES_RECEIVED,SECONDARY_AST,DRIVE_FGA,DRIVE_TOV_PCT,DRIVE_PF,DRIVE_FT_PCT,DRIVE_FTA,DRIVE_PTS,DRIVE_PTS_PCT,DRIVE_AST,DRIVE_PASSES,DRIVE_PF_PCT,DRIVE_FGM,DRIVE_PASSES_PCT,DRIVE_FTM,DRIVE_TOV,DRIVES,DRIVE_AST_PCT,DRIVE_FG_PCT,PTS_PER_ELBOW_TOUCH,TIME_OF_POSS,PTS_PER_PAINT_TOUCH,FRONT_CT_TOUCHES,PTS_PER_POST_TOUCH,TOUCHES,POINTS,ELBOW_TOUCHES,AVG_DRIB_PER_TOUCH,PAINT_TOUCHES,AVG_SEC_PER_TOUCH,PTS_PER_TOUCH,POST_TOUCHES,DREB_CONTEST_PCT,DREB_CHANCE_PCT,OREB_CONTEST_PCT,OREB_UNCONTEST,OREB_CHANCE_DEFER,AVG_OREB_DIST,OREB_CHANCE_PCT,DREB_CONTEST,OREB_CHANCE_PCT_ADJ,DREB_UNCONTEST,REB_CHANCE_DEFER,REB_CHANCE_PCT,REB_CONTEST,OREB_CONTEST,DREB_CHANCE_PCT_ADJ,REB_CHANCE_PCT_ADJ,DREB_CHANCES,REB_CHANCES,REB_UNCONTEST,REB_CONTEST_PCT,AVG_DREB_DIST,OREB_CHANCES,AVG_REB_DIST,DREB_CHANCE_DEFER,very_tight_FG2A,very_tight_FGA_FREQUENCY,very_tight_FGM,very_tight_FG3_PCT,very_tight_FG3A_FREQUENCY,very_tight_EFG_PCT,very_tight_FG3M,very_tight_FG2M,very_tight_FG2A_FREQUENCY,very_tight_FG_PCT,very_tight_FGA,G,very_tight_FG2_PCT,PLAYER_LAST_TEAM_ABBREVIATION,very_tight_FG3A,tight_FG3A_FREQUENCY,tight_FGA_FREQUENCY,tight_FGA,tight_FG3A,tight_FG3_PCT,tight_FGM,tight_EFG_PCT,tight_FG2A,tight_FG2M,tight_FG2A_FREQUENCY,tight_FG_PCT,tight_FG3M,tight_FG2_PCT,open_FG2_PCT,open_FGA,open_EFG_PCT,open_FG2A_FREQUENCY,open_FGA_FREQUENCY,open_FG_PCT,open_FG3A_FREQUENCY,open_FG3_PCT,open_FG3M,open_FG3A,open_FG2M,open_FGM,open_FG2A,wide_open_FGA,wide_open_FG3_PCT,wide_open_FGM,wide_open_FG3M,wide_open_FGA_FREQUENCY,wide_open_FG2_PCT,wide_open_EFG_PCT,wide_open_FG3A,wide_open_FG2M,wide_open_FG3A_FREQUENCY,wide_open_FG2A_FREQUENCY,wide_open_FG2A,wide_open_FG_PCT,PAINT_TOUCH_FG_PCT,ELBOW_TOUCH_PTS,EFF_FG_PCT,PAINT_TOUCH_PTS,POST_TOUCH_FG_PCT,ELBOW_TOUCH_FG_PCT,POST_TOUCH_PTS,CATCH_SHOOT_PTS,CATCH_SHOOT_FG_PCT,CORNER_3_FGA,ABOVE_BREAK_3_FG_PCT,RA_FGM,LEFT_CORNER_3_FG_PCT,RIGHT_CORNER_3_FG_PCT,BACKCOURT_FG_PCT,RIGHT_CORNER_3_FGA,RA_FGA,MID_FG_PCT,RA_FG_PCT,ABOVE_BREAK_3_FGA,ITP_FGM,BACKCOURT_FGM,MID_FGM,ITP_FGA,CORNER_3_FGM,BACKCOURT_FGA,CORNER_3_FG_PCT,MID_FGA,LEFT_CORNER_3_FGM,ITP_FG_PCT,ABOVE_BREAK_3_FGM,RIGHT_CORNER_3_FGM,LEFT_CORNER_3_FGA,LT_06_PCT,PLAYER_POSITION,FGM_LT_06,FREQ,PLUSMINUS,NS_LT_06_PCT,FGA_LT_06,FGA_20_24,FGM_30_34,FGP_15_19,FGA_30_34,FGA_35_39,FGM_10_14,FGP_LT_5,FGM_20_24,FGM_25_29,FGP_10_14,FGM_40_PLUS,FGP_40_PLUS,FGA_15_19,FGA_40_PLUS,FGA_10_14,FGA_25_29,FGP_35_39,FGP_5_9,TEAM_ABBR,FGM_15_19,FGM_5_9,FGA_LT_5,FGP_20_24,FGM_LT_5,FGM_35_39,FGP_30_34,FGA_5_9,FGP_25_29,CATCH_SHOOT_EFG_PCT,CATCH_SHOOT_FG3A,CATCH_SHOOT_FG3M,CATCH_SHOOT_FG3_PCT,CATCH_SHOOT_FGM,CATCH_SHOOT_FGA,PCT_PLUSMINUS,NORMAL_FG_PCT,three_pt_def_FG3A,three_pt_def_NS_FG3_PCT,three_pt_def_FREQ,three_pt_def_FG3M,three_pt_def_PLUSMINUS,three_pt_def_FG3_PCT,two_pt_def_FG2_PCT,two_pt_def_FREQ,two_pt_def_NS_FG2_PCT,two_pt_def_FG2A,two_pt_def_PLUSMINUS,two_pt_def_FG2M,less_6ft_def_LT_06_PCT,less_6ft_def_FGM_LT_06,less_6ft_def_PLUSMINUS,less_6ft_def_FREQ,less_6ft_def_FGA_LT_06,less_6ft_def_NS_LT_06_PCT,less_10ft_def_PLUSMINUS,less_10ft_def_FGA_LT_10,less_10ft_def_FREQ,less_10ft_def_FGM_LT_10,less_10ft_def_NS_LT_10_PCT,less_10ft_def_LT_10_PCT,more_15ft_def_FREQ,more_15ft_def_FGA_GT_15,more_15ft_def_GT_15_PCT,more_15ft_def_PLUSMINUS,more_15ft_def_FGM_GT_15,more_15ft_def_NS_GT_15_PCT,hustle_BOX_OUTS,hustle_CHARGES_DRAWN,hustle_PCT_BOX_OUTS_DEF,hustle_PCT_BOX_OUTS_TEAM_REB,hustle_TEAM_ABBREVIATION,hustle_PCT_LOOSE_BALLS_RECOVERED_DEF,hustle_PCT_LOOSE_BALLS_RECOVERED_OFF,hustle_CONTESTED_SHOTS,hustle_BOX_OUT_PLAYER_REBS,hustle_CONTESTED_SHOTS_2PT,hustle_DEFLECTIONS,hustle_SCREEN_ASSISTS,hustle_PCT_BOX_OUTS_REB,hustle_DEF_LOOSE_BALLS_RECOVERED,hustle_OFF_BOXOUTS,hustle_OFF_LOOSE_BALLS_RECOVERED,hustle_LOOSE_BALLS_RECOVERED,hustle_DEF_BOXOUTS,hustle_PCT_BOX_OUTS_OFF,hustle_SCREEN_AST_PTS,hustle_CONTESTED_SHOTS_3PT,hustle_BOX_OUT_PLAYER_TEAM_REBS,post_touch_POST_TOUCH_PTS_PCT,post_touch_POST_TOUCH_FG_PCT,post_touch_POST_TOUCH_FGM,post_touch_POST_TOUCH_FTM,post_touch_POST_TOUCH_FTA,post_touch_POST_TOUCH_FGA,post_touch_POST_TOUCH_AST,post_touch_TEAM_ABBREVIATION,post_touch_POST_TOUCH_PASSES,post_touch_POST_TOUCH_TOV,post_touch_POST_TOUCHES,post_touch_POST_TOUCH_TOV_PCT,post_touch_POST_TOUCH_AST_PCT,post_touch_TOUCHES,post_touch_POST_TOUCH_PASSES_PCT,post_touch_POST_TOUCH_FOULS_PCT,post_touch_POST_TOUCH_FOULS,post_touch_POST_TOUCH_FT_PCT,post_touch_POST_TOUCH_PTS,AVG_SPEED_OFF,DIST_MILES_DEF,AVG_SPEED_DEF,DIST_FEET,AVG_SPEED,DIST_MILES_OFF,DIST_MILES,MIN1,year,date,playoffs,AST_POINTS_CREATED,team_poss,pullup_PULL_UP_FGM,pullup_PULL_UP_FGA,pullup_PULL_UP_FG_PCT,pullup_PULL_UP_PTS,pullup_PULL_UP_FG3M,pullup_PULL_UP_FG3A,pullup_PULL_UP_FG3_PCT,pullup_PULL_UP_EFG_PCT,overall_def_D_FGM,overall_def_D_FGA,overall_def_D_FG_PCT,overall_def_NORMAL_FG_PCT,overall_def_PCT_PLUSMINUS,lt6ft_totals_FGM_LT_06,lt6ft_totals_FGA_LT_06,lt6ft_totals_LT_06_PCT,lt6ft_totals_NS_LT_06_PCT,lt6ft_totals_PLUSMINUS,GAME_ID,HTM,VTM
1642358,AJ Johnson,AJ,1610612742,DAL,21.0,1,0,1,0.0,2.083333333333333,1,1,1.0,0,0,0.0,0,0,0.0,1,0,1,0,0,0,0,0,0,0,2,1,3.2,0,0,3.0,1,110,110,110,200,154,185,1,112,158,112,116,118,116,48,177,152,167,123,91,56,1,1,147,168,84,186,10,1,187,1,0.0,40.0,1.0,60.0,185,1,154,167,7,0.0,60.0,0.143,0.0,20.0,40.0,55,55,0.25,1,5,1,1,21.5,0.17,167,109,1,96.0,61.5,198,113.82,5.0,115.2,51,1,35,40.0,120,1.0,5,115.2,0.0,141,198,1.0,0.0,198,8,5,20.0,177,1.0,10,0.0,10,0.143,0.0,0.0,0.0,0.0,0.0,0.0,0.0,0.0,0.0,1.0,0.0,0.0,0.0,0.0,2.0,2.0,0.0,0.0,0.0,1.0,0.0,0.0,0.0,1.0,0.0,1.0,0.0,0.0,0.0,1.0,0.0,1.0,2.0,0.0,1.0,0.0,2.64,2.0,0.0,0.0,0.0,1.0,0.0,0.0,9.7,1.0,0.0,1.0,0.0,0.0,1.0,1.0,1.0,0.0,1.0,0.0,1.0,0.0,1.0,0.0,1.0,9.7,0.0,,,,,,,,,,,,,,,,0.0,1.0,1.0,0.0,,1.0,1.0,1.0,1.0,1.0,1.0,0.0,1.0,,,,,,,,,,,,,,,,,,,,,,,,,,,0.0,0.0,1.0,0.0,0.0,0.0,0.0,0.0,0.0,,0.0,1.0,,,0.0,,1.0,,1.0,0.0,0.0,0.0,,0.0,,0.0,,,,0.0,0.0,,,0.571,G,28.0,0.355,-0.031,0.603,49.0,0.0,0.0,,0.0,,0.0,1.0,0.0,0.0,0.0,0.0,0.0,,0.0,0.0,0.0,,0.0,DAL,,0.0,1.0,0.0,1.0,,0.0,0.0,0.0,,,,,0,0,,,,,,,,,,,,,,,,,,,,,,,,,,,,,,,,,,,,,,,,,,,,,,,,,,,,,,,0.0,0.0,0.0,0.0,0.0,0.0,0.0,DAL,0.0,0.0,0.0,0.0,0.0,1.0,0.0,0.0,0.0,0.0,0.0,7.82,0.1,3.8,807.0,5.12,0.1,0.2,2.1,2026,20260403,False,,110.0,0,0,,0,,,,,,,,,,,,,,,22501127,,
1630314,Brandon Williams,Brandon,1610612742,DAL,26.0,1,0,1,0.0,25.566666666666663,7,15,0.467,0,3,0.0,9,11,0.818,1,1,2,5,3,2,0,0,0,8,23,-11,35.9,0,0,34.0,1,110,110,110,79,25,21,107,112,78,112,3,1,60,48,135,122,20,13,13,56,1,1,1,14,153,27,10,1,30,1,10.8,126.7,7.0,103.2,21,129,25,100,11,10.7,103.2,0.036,0.048,-23.5,133.1,155,155,0.029,130,63,45,142,-31.0,0.323,14,51,142,96.22,102.1,146,113.4,0.158,115.46,173,165,168,126.7,10,0.467,138,115.46,0.357,11,150,0.58,17.9,146,116,94,-23.5,163,15.0,7,1.67,7,0.315,0.143,0.143,0.0,12.0,10.0,35.0,5.0,48.0,0.0,5.0,0.083,3.0,0.5,4.0,13.0,1.083,1.0,2.0,0.25,4.0,0.167,2.0,1.0,12.0,0.083,0.8,0.0,4.6,0.0,20.0,0.0,61.0,23.0,0.0,4.69,2.0,4.51,0.377,0.0,0.0,0.2,0.0,1.0,0.0,4.4,1.0,0.0,1.0,1.0,1.0,0.333,0.0,0.0,0.25,0.4,5.0,6.0,2.0,0.0,9.6,1.0,7.0,1.0,4.0,0.267,2.0,,0.0,0.5,0.0,2.0,0.267,0.5,4.0,1.0,0.5,DAL,0.0,0.067,0.4,6.0,1.0,0.0,3.0,0.5,5.0,3.0,0.333,0.5,0.0,0.6,0.5,3.0,0.333,0.133,0.2,0.333,0.067,0.0,0.0,1.0,1.0,1.0,2.0,2.0,0.0,1.0,0.0,0.133,1.0,0.5,1.0,1.0,0.067,0.067,1.0,0.5,0.0,0.0,0.467,0.0,0.0,0.0,0.0,0.0,0.0,1.0,0.0,5.0,0.0,0.0,0.0,0.0,9.0,0.0,0.556,2.0,2.0,0.0,0.0,2.0,0.0,0.0,0.0,1.0,0.0,1.0,0.0,0.0,1.0,0.635,G,129.0,0.354,0.012,0.624,203.0,1.0,,0.0,,0.0,1.0,0.556,0.0,0.0,0.5,0.0,0.0,0.0,0.0,2.0,2.0,0.0,1.0,DAL,0.0,1.0,9.0,0.0,5.0,0.0,,1.0,0.0,0.0,2.0,0.0,0.0,0,2,0.153,0.462,2.0,0.326,0.154,2.0,0.674,1.0,0.545,0.846,0.543,11.0,0.002,6.0,0.25,1.0,-0.362,0.308,4.0,0.612,-0.09,8.0,0.615,4.0,0.59,0.5,0.231,3.0,1.0,0.666,3.0,0.334,0.0,0.0,0.0,0.0,DAL,1.0,0.0,2.0,0.0,1.0,1.0,0.0,0.0,2.0,0.0,0.0,2.0,0.0,0.0,0.0,1.0,0.0,0.0,0.0,0.0,0.0,0.0,0.0,0.0,DAL,0.0,0.0,0.0,0.0,0.0,61.0,0.0,0.0,0.0,0.0,0.0,5.2,1.0,4.18,11582.0,4.68,1.2,2.2,25.6,2026,20260403,False,,110.0,1,3,0.333,2,0.0,1.0,0.0,0.333,8.0,13.0,0.615,0.455,0.161,1.0,4.0,0.25,0.608,-0.358,22501127,,
1642843,Cooper Flagg,Cooper,1610612742,DAL,19.0,1,0,1,0.0,33.55,19,30,0.633,6,9,0.667,7,7,1.0,3,3,6,3,1,3,1,0,3,7,51,-2,73.7,0,0,74.0,1,110,110,110,13,1,1,49,2,6,14,6,12,1,13,73,36,58,66,5,20,1,140,3,1,116,1,10,1,1,1,2.7,126.3,19.0,120.5,1,81,1,149,20,2.8,120.5,0.095,0.107,-5.8,125.0,119,119,0.086,81,78,5,141,-4.0,0.398,48,22,141,91.8,121.0,84,110.51,0.266,110.16,113,135,81,126.3,2,0.733,46,110.16,0.231,3,78,0.771,8.3,84,42,46,-5.8,118,30.0,19,3.0,19,0.375,0.06,0.1,1.0,7.0,9.0,50.0,5.0,59.0,1.0,12.0,0.053,1.0,1.0,2.0,18.0,0.947,1.0,4.0,0.053,7.0,0.211,2.0,1.0,19.0,0.053,0.583,2.0,5.0,0.75,42.0,0.0,87.0,51.0,1.0,2.84,4.0,3.47,0.586,0.0,0.0,0.6,0.667,1.0,0.0,2.1,0.6,0.0,0.6,3.0,2.0,0.75,2.0,2.0,1.0,1.0,5.0,8.0,4.0,0.333,3.9,5.0,3.0,2.0,3.0,0.1,2.0,,0.0,0.667,0.0,2.0,0.1,0.667,3.0,1.0,0.667,DAL,0.0,0.2,0.6,18.0,6.0,0.667,11.0,0.722,12.0,7.0,0.4,0.611,4.0,0.583,0.667,8.0,0.688,0.2,0.267,0.625,0.067,0.5,1.0,2.0,4.0,5.0,6.0,1.0,1.0,1.0,1.0,0.033,,1.5,1.0,0.0,0.033,0.0,0.0,1.0,0.5,2.0,0.733,3.0,0.0,1.0,0.0,3.0,0.25,2.0,0.571,2.0,1.0,1.0,0.0,1.0,5.0,0.857,0.4,7.0,5.0,0.0,6.0,9.0,2.0,0.0,1.0,7.0,1.0,0.556,4.0,1.0,1.0,0.587,F,244.0,0.426,-0.051,0.638,416.0,3.0,0.0,0.8,0.0,0.0,3.0,0.5,3.0,4.0,0.5,0.0,0.0,5.0,0.0,6.0,7.0,0.0,0.667,DAL,4.0,2.0,6.0,1.0,3.0,0.0,0.0,3.0,0.571,0.375,3.0,1.0,0.333,1,4,0.059,0.47,6.0,0.36,0.353,1.0,-0.194,0.167,0.727,0.647,0.54,11.0,0.187,8.0,0.75,6.0,0.111,0.471,8.0,0.639,0.185,9.0,0.529,7.0,0.593,0.778,0.412,7.0,0.143,-0.218,1.0,0.361,0.0,0.0,0.0,0.0,DAL,0.0,0.0,6.0,0.0,3.0,3.0,0.0,0.0,0.0,0.0,0.0,0.0,0.0,0.0,0.0,3.0,0.0,0.0,0.0,0.0,0.0,0.0,0.0,0.0,DAL,0.0,0.0,0.0,0.0,0.0,87.0,0.0,0.0,0.0,0.0,0.0,4.79,1.2,4.01,14211.0,4.41,1.5,2.7,33.6,2026,20260403,False,,110.0,12,15,0.8,29,5.0,6.0,0.833,0.967,9.0,17.0,0.529,0.467,0.063,6.0,8.0,0.75,0.633,0.117,22501127,,
1629655,Daniel Gafford,Daniel,1610612742,DAL,27.0,1,0,1,0.0,19.883333333333333,2,3,0.667,0,0,0.0,3,6,0.5,0,3,3,1,0,2,2,0,5,4,7,3,24.1,0,0,19.0,1,110,110,110,130,121,155,32,112,158,112,30,17,90,98,73,97,111,123,13,7,1,196,19,111,76,76,10,1,98,1,0.0,112.5,2.0,118.8,155,1,121,102,13,0.0,118.8,0.077,0.188,6.3,118.4,90,90,0.0,1,48,145,106,2.2,0.108,139,109,106,96.56,120.7,90,112.06,0.053,115.88,98,118,109,112.5,170,0.667,62,115.88,0.071,175,80,0.621,16.7,90,94,98,6.3,50,3.0,6,0.0,6,0.094,0.036,0.036,0.0,3.0,2.0,28.0,1.0,17.0,0.0,1.0,0.0,0.0,0.0,0.0,0.0,0.0,0.0,0.0,0.0,0.0,0.0,0.0,0.0,1.0,0.0,0.0,0.0,0.8,1.5,15.0,0.0,35.0,7.0,3.0,0.4,4.0,1.41,0.2,0.0,0.667,0.375,0.0,0.0,0.0,0.0,0.0,2.0,0.0,1.0,3.0,0.25,2.0,0.0,0.6,0.333,8.0,12.0,1.0,0.667,3.1,4.0,3.1,3.0,,,,,,,,,,,,,,,,0.0,1.0,3.0,0.0,,2.0,0.667,3.0,2.0,1.0,0.667,0.0,0.667,,,,,,,,,,,,,,,,,,,,,,,,,,,1.0,0.0,0.667,6.0,0.0,0.0,0.0,0.0,0.0,0.0,0.0,2.0,0.0,0.0,0.0,0.0,2.0,0.0,1.0,0.0,0.0,0.0,0.0,1.0,0.0,0.0,0.0,0.0,0.0,0.0,0.0,0.0,0.0,0.553,F-C,151.0,0.399,-0.099,0.652,273.0,0.0,,0.0,,0.0,0.0,1.0,0.0,0.0,0.0,0.0,0.0,0.0,0.0,0.0,0.0,0.0,0.0,DAL,0.0,0.0,2.0,0.0,2.0,0.0,,1.0,0.0,,,,,0,0,-0.145,0.479,1.0,0.393,0.083,0.0,-0.393,0.0,0.364,0.917,0.552,11.0,-0.188,4.0,0.333,3.0,-0.317,0.75,9.0,0.65,-0.203,10.0,0.833,4.0,0.603,0.4,0.167,2.0,0.0,-0.366,0.0,0.366,1.0,0.0,1.0,1.0,DAL,0.0,1.0,7.0,0.0,6.0,3.0,4.0,0.0,0.0,0.0,1.0,1.0,1.0,0.0,10.0,1.0,1.0,0.0,0.0,0.0,0.0,0.0,0.0,0.0,DAL,0.0,0.0,0.0,0.0,0.0,35.0,0.0,0.0,0.0,0.0,0.0,4.4,0.8,4.38,8601.0,4.39,0.8,1.6,19.9,2026,20260403,False,,110.0,0,0,,0,,,,,4.0,12.0,0.333,0.472,-0.139,3.0,9.0,0.333,0.642,-0.309,22501127,,
1630217,Desmond Bane,Desmond,1610612753,ORL,27.0,1,1,0,1.0,33.416666666666664,8,13,0.615,3,5,0.6,8,9,0.889,0,7,7,5,1,3,0,0,3,4,27,27,50.9,0,0,48.0,1,1,1,1,14,13,33,56,25,44,28,4,6,53,98,9,21,20,66,5,56,1,140,19,8,11,4,10,1,4,1,4.4,101.2,8.0,132.5,33,84,13,75,2,4.5,132.5,0.113,0.175,31.3,103.2,41,41,0.0,84,83,24,60,29.9,0.21,74,7,60,98.75,133.1,49,117.12,0.183,118.5,42,61,59,101.2,82,0.731,47,118.5,0.167,88,49,0.796,22.7,49,39,98,31.3,61,13.0,4,5.0,4,0.193,0.128,0.179,0.0,11.0,6.0,39.0,7.0,45.0,2.0,4.0,0.0,2.0,1.0,4.0,10.0,0.769,2.0,7.0,0.154,3.0,0.538,4.0,0.0,13.0,0.154,0.75,2.0,3.4,2.0,24.0,0.0,59.0,27.0,1.0,2.86,1.0,3.45,0.458,0.0,0.286,0.875,0.0,0.0,0.0,0.0,0.0,2.0,0.0,5.0,0.0,0.875,2.0,0.0,0.875,0.875,8.0,8.0,5.0,0.286,8.7,0.0,8.7,0.0,,,,,,,,,,,,,,,,0.0,0.308,4.0,0.0,,2.0,0.5,4.0,2.0,0.308,0.5,0.0,0.5,0.667,7.0,0.714,0.231,0.538,0.571,0.308,0.5,2.0,4.0,2.0,4.0,3.0,2.0,1.0,2.0,1.0,0.154,1.0,1.25,1.0,1.0,0.077,0.077,1.0,1.0,1.0,2.0,0.731,2.0,0.0,1.0,0.0,6.0,0.667,1.0,0.5,2.0,1.0,0.0,0.0,0.0,3.0,0.0,0.667,4.0,3.0,0.0,0.0,5.0,1.0,0.0,1.0,0.0,1.0,0.6,2.0,0.0,1.0,0.644,G,161.0,0.305,0.01,0.634,250.0,2.0,0.0,0.0,0.0,0.0,1.0,0.667,1.0,2.0,0.5,0.0,0.0,0.0,0.0,2.0,3.0,0.0,0.667,ORL,0.0,2.0,3.0,0.5,2.0,0.0,0.0,3.0,0.667,1.0,3.0,2.0,0.667,2,3,0.129,0.442,3.0,0.393,0.429,1.0,-0.06,0.333,0.75,0.571,0.515,4.0,0.235,3.0,0.667,2.0,0.063,0.429,3.0,0.603,0.178,4.0,0.571,3.0,0.573,0.75,0.429,3.0,0.333,-0.056,1.0,0.389,0.0,0.0,0.0,0.0,ORL,1.0,0.0,0.0,0.0,0.0,2.0,0.0,0.0,1.0,0.0,0.0,1.0,0.0,0.0,0.0,0.0,0.0,0.0,0.0,0.0,0.0,0.0,0.0,0.0,ORL,0.0,0.0,0.0,0.0,0.0,59.0,0.0,0.0,0.0,0.0,0.0,4.56,1.3,4.22,14327.0,4.4,1.4,2.7,33.4,2026,20260403,False,,109.0,1,3,0.333,3,1.0,2.0,0.5,0.5,4.0,7.0,0.571,0.443,0.128,2.0,3.0,0.667,0.6,0.066,22501127,,
203939,Dwight Powell,Dwight,1610612742,DAL,34.0,1,0,1,0.0,24.516666666666666,0,0,0.0,0,0,0.0,0,0,0.0,3,2,5,1,2,1,1,0,4,2,0,-11,11.5,0,0,10.0,1,110,110,110,93,184,199,184,112,158,112,116,118,116,13,102,58,111,33,38,20,1,176,59,189,153,147,10,1,152,1,66.7,129.6,0.0,105.4,199,202,184,28,31,66.7,105.4,0.109,0.1,-24.3,123.9,158,158,0.115,202,56,178,151,-14.8,0.033,164,94,151,89.73,109.1,137,108.23,0.0,107.68,134,132,67,129.6,201,0.0,184,107.68,0.042,201,125,0.0,33.3,137,189,28,-24.3,122,0.0,38,0.5,38,0.031,0.034,0.103,0.0,2.0,4.0,29.0,3.0,15.0,2.0,0.0,0.0,0.0,0.0,0.0,0.0,0.0,0.0,0.0,0.0,0.0,0.0,0.0,0.0,0.0,0.0,0.0,0.0,0.7,0.0,15.0,0.0,29.0,0.0,1.0,0.66,3.0,1.55,0.0,0.0,0.0,0.286,0.667,1.0,0.0,6.3,0.5,0.0,0.5,2.0,0.0,0.385,2.0,2.0,0.286,0.385,7.0,13.0,3.0,0.4,4.2,6.0,5.5,0.0,,,,,,,,,,,,,,,,,,,,,,,,,,,,,,,,,,,,,,,,,,,,,,,,,,,,,,,0.0,0.0,0.0,0.0,0.0,0.0,0.0,0.0,0.0,0.0,0.0,0.0,0.0,0.0,0.0,0.0,0.0,0.0,0.0,0.0,0.0,0.0,0.0,0.0,0.0,0.0,0.0,0.0,0.0,0.0,0.0,0.0,0.0,0.611,F-C,102.0,0.393,-0.038,0.648,167.0,0.0,0.0,0.0,0.0,0.0,0.0,0.0,0.0,0.0,0.0,0.0,0.0,0.0,0.0,0.0,0.0,0.0,0.0,DAL,0.0,0.0,0.0,0.0,0.0,0.0,0.0,0.0,0.0,,,,,0,0,-0.023,0.484,2.0,0.355,0.154,1.0,0.146,0.5,0.455,0.846,0.575,11.0,-0.12,5.0,0.4,2.0,-0.264,0.385,5.0,0.664,-0.344,7.0,0.538,2.0,0.629,0.286,0.308,4.0,0.75,0.385,3.0,0.365,0.0,0.0,0.0,0.0,DAL,0.0,0.0,4.0,0.0,4.0,0.0,4.0,0.0,0.0,0.0,0.0,0.0,0.0,0.0,9.0,0.0,0.0,0.0,0.0,0.0,0.0,0.0,0.0,0.0,DAL,0.0,0.0,0.0,0.0,0.0,29.0,0.0,0.0,0.0,0.0,0.0,5.08,0.9,4.01,10930.0,4.76,1.1,2.1,24.5,2026,20260403,False,,110.0,0,0,,0,,,,,6.0,13.0,0.462,0.484,-0.022,2.0,5.0,0.4,0.658,-0.258,22501127,,
1630532,Franz Wagner,Franz,1610612753,ORL,24.0,1,1,0,1.0,17.15,8,12,0.667,0,3,0.0,2,2,1.0,0,4,4,1,3,1,0,0,0,4,18,18,24.3,0,0,25.0,1,1,1,1,140,13,37,32,112,78,112,50,67,1,98,47,72,111,13,38,56,1,1,19,38,27,75,10,1,64,1,17.8,91.7,8.0,137.8,37,171,13,158,1,18.8,137.8,0.118,0.19,46.1,95.1,21,21,0.0,168,45,32,30,47.9,0.358,131,102,30,108.45,143.0,35,125.44,0.174,130.15,17,36,54,91.7,4,0.667,62,130.15,0.083,9,24,0.699,6.3,35,60,98,46.1,49,12.0,1,0.33,1,0.319,0.063,0.125,1.0,5.0,4.0,16.0,2.0,22.0,0.0,5.0,0.286,0.0,0.0,0.0,12.0,1.714,0.0,0.0,0.0,5.0,0.0,0.0,2.0,7.0,0.0,1.0,0.0,1.2,0.0,20.0,0.0,31.0,18.0,1.0,1.71,1.0,2.37,0.581,0.0,0.0,1.0,0.0,0.0,0.0,0.0,0.0,0.0,0.0,4.0,0.0,1.0,0.0,0.0,1.0,1.0,4.0,4.0,4.0,0.0,7.4,0.0,7.4,0.0,,,,,,,,,,,,,,,,0.0,0.667,8.0,0.0,,7.0,0.875,8.0,7.0,0.667,0.875,0.0,0.875,1.0,2.0,0.5,0.083,0.167,0.5,0.083,0.0,0.0,1.0,1.0,1.0,1.0,2.0,0.0,0.0,0.0,0.167,,0.0,2.0,0.0,0.167,0.0,0.0,0.0,0.0,0.0,0.667,0.0,0.0,0.0,0.0,0.0,0.0,2.0,0.0,5.0,0.0,0.0,0.0,0.0,5.0,0.0,1.0,1.0,3.0,0.0,0.0,4.0,0.0,0.0,0.0,0.0,0.0,0.75,0.0,0.0,2.0,0.598,F,67.0,0.298,-0.038,0.636,112.0,2.0,,0.0,,0.0,1.0,0.833,0.0,0.0,1.0,0.0,0.0,0.0,0.0,1.0,1.0,0.0,1.0,ORL,0.0,2.0,6.0,0.0,5.0,0.0,,2.0,0.0,0.0,3.0,0.0,0.0,0,3,-0.102,0.466,5.0,0.326,0.455,3.0,0.274,0.6,0.167,0.545,0.517,6.0,-0.351,1.0,0.0,0.0,-0.64,0.182,2.0,0.64,-0.586,2.0,0.182,0.0,0.586,0.0,0.545,6.0,0.5,0.149,3.0,0.351,0.0,0.0,0.0,0.0,ORL,0.0,0.0,3.0,0.0,2.0,1.0,0.0,0.0,0.0,0.0,0.0,0.0,0.0,0.0,0.0,1.0,0.0,0.0,0.0,0.0,0.0,0.0,0.0,0.0,ORL,0.0,0.0,0.0,0.0,0.0,31.0,0.0,0.0,0.0,0.0,0.0,5.32,0.7,4.17,8192.0,5.03,0.8,1.6,17.2,2026,20260403,False,,109.0,1,1,1.0,2,0.0,0.0,,1.0,4.0,11.0,0.364,0.465,-0.101,0.0,2.0,0.0,0.631,-0.631,22501127,,
1629048,Goga Bitadze,Goga,1610612753,ORL,26.0,1,1,0,1.0,12.15,0,1,0.0,0,0,0.0,2,2,1.0,2,2,4,2,0,0,0,0,0,1,2,5,9.8,0,0,8.0,1,1,1,1,162,184,185,184,112,158,112,50,67,1,25,102,72,80,123,91,56,1,1,94,168,61,158,10,1,164,1,0.0,116.1,0.0,132.3,185,1,184,4,3,0.0,132.3,0.2,0.2,16.1,123.3,60,60,0.2,1,31,129,116,13.2,0.059,74,109,116,102.06,136.5,50,117.02,0.078,122.47,67,129,9,116.1,195,0.0,184,122.47,0.167,194,40,0.532,50.0,50,129,9,16.1,37,1.0,2,0.0,2,0.059,0.105,0.105,0.0,5.0,4.0,19.0,2.0,15.0,0.0,0.0,0.0,0.0,0.0,0.0,0.0,0.0,0.0,0.0,0.0,0.0,0.0,0.0,0.0,0.0,0.0,0.0,0.0,0.7,0.0,16.0,0.0,21.0,2.0,5.0,0.43,2.0,1.97,0.095,0.0,0.0,0.667,0.5,1.0,0.0,4.4,1.0,0.0,1.0,2.0,1.0,0.8,1.0,1.0,1.0,1.0,3.0,5.0,3.0,0.25,11.1,2.0,7.7,1.0,,,,,,,,,,,,,,,,0.0,1.0,1.0,0.0,,0.0,0.0,1.0,0.0,1.0,0.0,0.0,0.0,,,,,,,,,,,,,,,,,,,,,,,,,,,0.0,0.0,0.0,0.0,0.0,0.0,0.0,0.0,0.0,0.0,0.0,0.0,0.0,0.0,0.0,0.0,1.0,0.0,0.0,0.0,0.0,0.0,0.0,0.0,0.0,0.0,0.0,0.0,0.0,0.0,0.0,0.0,0.0,0.57,C-F,106.0,0.428,-0.066,0.635,186.0,0.0,0.0,0.0,0.0,,0.0,0.0,0.0,0.0,0.0,0.0,0.0,0.0,0.0,0.0,0.0,,0.0,ORL,0.0,0.0,1.0,0.0,0.0,,0.0,0.0,0.0,,,,,0,0,0.196,0.404,4.0,0.32,0.8,2.0,0.18,0.5,1.0,0.2,0.42,1.0,0.58,1.0,1.0,1.0,0.434,0.2,1.0,0.566,0.471,1.0,0.2,1.0,0.529,1.0,0.8,4.0,0.5,0.168,2.0,0.333,0.0,0.0,0.0,0.0,ORL,0.0,0.0,3.0,0.0,1.0,0.0,2.0,0.0,0.0,0.0,0.0,0.0,0.0,0.0,4.0,2.0,0.0,0.0,0.0,0.0,0.0,0.0,0.0,0.0,ORL,0.0,0.0,0.0,0.0,0.0,21.0,0.0,0.0,0.0,0.0,0.0,5.1,0.5,4.85,5558.0,4.98,0.6,1.1,12.2,2026,20260403,False,,109.0,0,0,,0,,,,,3.0,5.0,0.6,0.419,0.181,1.0,1.0,1.0,0.566,0.434,22501127,,
1630591,Jalen Suggs,Jalen,1610612753,ORL,24.0,1,1,0,1.0,31.23333333333333,8,12,0.667,3,6,0.5,0,0,0.0,0,4,4,9,3,3,0,0,5,0,19,0,43.3,0,0,41.0,1,1,1,1,24,13,37,32,25,28,34,116,118,116,98,47,72,3,13,5,56,1,196,147,29,98,12,10,1,12,1,12.5,116.9,8.0,116.9,37,138,13,22,22,12.5,116.9,0.065,0.111,0.0,114.4,103,103,0.0,140,71,48,121,3.6,0.202,10,22,121,90.93,118.0,96,109.82,0.156,109.11,95,101,129,116.9,90,0.792,37,109.11,0.409,85,90,0.792,37.5,96,40,98,0.0,110,12.0,24,3.0,24,0.197,0.176,0.235,2.0,25.0,12.0,51.0,12.0,49.0,1.0,3.0,0.2,0.0,0.0,0.0,6.0,0.6,1.0,5.0,0.0,3.0,0.5,0.0,2.0,10.0,0.1,1.0,0.0,5.5,0.0,20.0,0.0,66.0,19.0,0.0,4.27,0.0,4.99,0.288,0.0,0.0,0.571,0.0,0.0,0.0,0.0,0.0,0.0,0.0,4.0,1.0,0.5,0.0,0.0,0.667,0.571,7.0,8.0,4.0,0.0,5.5,1.0,5.5,1.0,,,,,,,,,,,,,,,,0.083,0.333,4.0,1.0,0.0,3.0,0.75,3.0,3.0,0.25,0.75,0.0,1.0,1.0,5.0,1.0,0.167,0.417,0.8,0.25,0.667,2.0,3.0,2.0,4.0,2.0,3.0,0.5,1.0,1.0,0.25,0.0,0.5,2.0,0.0,0.167,0.083,1.0,0.333,0.0,0.0,0.792,0.0,0.0,0.0,0.0,3.0,0.333,2.0,0.5,1.0,0.0,0.5,0.0,2.0,1.0,0.75,1.0,4.0,1.0,0.0,3.0,1.0,1.0,0.0,0.5,4.0,0.0,1.0,2.0,1.0,0.0,0.65,G,145.0,0.379,0.012,0.639,223.0,2.0,,0.5,,0.0,3.0,1.0,1.0,2.0,1.0,0.0,0.0,2.0,0.0,3.0,4.0,0.0,0.0,ORL,1.0,0.0,1.0,0.5,1.0,0.0,,0.0,0.5,0.5,3.0,1.0,0.333,1,3,-0.264,0.464,3.0,0.358,0.3,1.0,-0.025,0.333,0.143,0.7,0.536,7.0,-0.393,1.0,0.0,0.0,-0.628,0.4,4.0,0.628,-0.593,4.0,0.4,0.0,0.593,0.0,0.5,5.0,0.4,0.054,2.0,0.346,0.0,0.0,0.0,0.0,ORL,0.0,0.0,2.0,0.0,1.0,5.0,2.0,0.0,0.0,0.0,0.0,0.0,0.0,0.0,4.0,1.0,0.0,0.0,0.0,0.0,0.0,0.0,0.0,0.0,ORL,0.0,0.0,0.0,0.0,0.0,66.0,0.0,0.0,0.0,0.0,0.0,4.67,1.1,3.82,12912.0,4.24,1.3,2.4,31.2,2026,20260403,False,,109.0,5,7,0.714,12,2.0,3.0,0.667,0.857,2.0,10.0,0.2,0.463,-0.263,0.0,4.0,0.0,0.624,-0.624,22501127,,
1631288,Jamal Cain,Jamal,1610612753,ORL,27.0,1,1,0,1.0,21.416666666666668,2,3,0.667,1,2,0.5,3,3,1.0,0,4,4,4,0,1,0,0,4,1,8,7,21.8,0,0,19.0,1,1,1,1,117,121,155,32,68,102,34,30,49,1,98,47,72,35,123,38,56,1,176,94,98,53,97,10,1,98,1,0.0,128.6,2.0,142.9,155,1,121,4,33,0.0,142.9,0.105,0.2,14.3,129.5,72,72,0.0,1,49,117,147,17.3,0.084,56,109,147,91.52,146.8,26,107.94,0.089,109.82,58,148,72,128.6,187,0.833,27,109.82,0.211,191,13,0.926,50.0,26,21,98,14.3,37,3.0,20,0.0,20,0.071,0.182,0.182,0.0,12.0,4.0,22.0,4.0,15.0,0.0,1.0,0.0,1.0,1.0,2.0,4.0,1.333,1.0,1.0,0.333,1.0,0.333,2.0,0.0,3.0,0.333,1.0,0.0,0.8,0.0,15.0,0.0,26.0,8.0,0.0,0.81,0.0,1.74,0.308,0.0,0.0,0.667,0.0,0.0,0.0,0.0,0.0,0.0,0.0,4.0,0.0,0.667,0.0,0.0,0.667,0.667,6.0,6.0,4.0,0.0,5.7,0.0,5.7,0.0,,,,,,,,,,,,,,,,0.0,0.333,1.0,0.0,,1.0,1.0,1.0,1.0,0.333,1.0,0.0,1.0,,,,,,,,,,,,,,2.0,0.5,1.0,1.0,0.667,,0.75,2.0,0.0,0.667,0.0,0.0,0.5,0.0,0.0,0.833,0.0,0.0,0.0,0.0,3.0,0.5,2.0,0.0,1.0,1.0,0.0,0.0,1.0,1.0,0.0,1.0,0.0,0.0,0.0,0.0,0.0,1.0,0.0,0.5,0.0,1.0,0.0,0.0,0.0,1.0,0.734,F,47.0,0.35,0.103,0.631,64.0,2.0,0.0,0.0,0.0,,0.0,1.0,1.0,0.0,0.0,0.0,0.0,0.0,0.0,0.0,0.0,,0.0,ORL,0.0,0.0,1.0,0.5,1.0,,0.0,0.0,0.0,0.75,2.0,1.0,0.5,1,2,0.206,0.43,5.0,0.347,0.455,2.0,0.053,0.4,0.833,0.545,0.477,6.0,0.356,5.0,0.75,3.0,0.161,0.364,4.0,0.589,0.273,6.0,0.545,5.0,0.561,0.833,0.455,5.0,0.4,0.048,2.0,0.352,0.0,0.0,0.0,0.0,ORL,1.0,0.0,4.0,0.0,2.0,2.0,1.0,0.0,1.0,0.0,0.0,1.0,0.0,0.0,3.0,2.0,0.0,0.0,0.0,0.0,0.0,0.0,0.0,0.0,ORL,0.0,0.0,0.0,0.0,0.0,26.0,0.0,0.0,0.0,0.0,0.0,4.71,0.9,4.72,9309.0,4.72,0.9,1.8,21.4,2026,20260403,False,,109.0,0,0,,0,0.0,0.0,,,7.0,11.0,0.636,0.429,0.207,3.0,4.0,0.75,0.587,0.163,22501127,,
1642859,Jase Richardson,Jase,1610612753,ORL,20.0,1,1,0,1.0,2.083333333333333,0,1,0.0,0,0,0.0,0,0,0.0,0,0,0,0,0,0,0,0,0,0,0,-1,0.0,0,0,0.0,1,1,1,1,200,184,185,184,112,158,112,116,118,116,98,177,189,167,123,91,56,1,1,147,189,111,201,10,1,201,1,0.0,60.0,0.0,40.0,185,1,184,167,7,0.0,40.0,0.0,0.0,-20.0,61.5,149,149,0.0,1,5,202,3,-21.5,0.2,167,109,3,96.0,40.0,201,113.82,-2.0,115.2,152,4,189,60.0,92,0.0,184,115.2,0.0,81,201,0.0,0.0,201,189,98,-20.0,177,1.0,10,0.0,10,0.2,0.0,0.0,0.0,0.0,1.0,3.0,0.0,3.0,0.0,1.0,0.0,0.0,0.0,0.0,0.0,0.0,0.0,0.0,0.0,0.0,0.0,0.0,0.0,1.0,0.0,0.0,0.0,0.3,0.0,2.0,0.0,4.0,0.0,0.0,4.75,0.0,4.89,0.0,0.0,,,,,,,,,,,,,,,,,,,,,,,,,,,,,,,,,,,,,,,,,,,,,,,,,,,,,0.0,1.0,0.0,1.0,1.0,0.0,0.0,,0.0,0.0,0.0,0.0,1.0,,,,,,,,,,,,,,0.0,0.0,0.0,0.0,0.0,0.0,0.0,0.0,0.0,,0.0,0.0,,,0.0,,0.0,,0.0,0.0,0.0,0.0,,1.0,,0.0,,,,0.0,0.0,,,0.645,G,40.0,0.371,0.022,0.623,62.0,0.0,0.0,,0.0,,0.0,0.0,0.0,0.0,0.0,0.0,0.0,,0.0,1.0,0.0,,0.0,ORL,,0.0,0.0,0.0,0.0,,0.0,0.0,0.0,,,,,0,0,-0.412,0.412,1.0,0.359,1.0,0.0,-0.359,0.0,,,,,,,,,,,,,,,,,,,1.0,1.0,0.0,-0.385,0.0,0.385,,,,,,,,,,,,,,,,,,,,,,,0.0,0.0,0.0,0.0,0.0,0.0,0.0,ORL,0.0,0.0,0.0,0.0,0.0,4.0,0.0,0.0,0.0,0.0,0.0,3.81,0.1,7.82,847.0,5.12,0.1,0.2,2.1,2026,20260403,False,,109.0,0,1,0.0,0,,,,0.0,0.0,1.0,0.0,0.415,-0.415,,,,,,22501127,,
1641724,Jett Howard,Jett,1610612753,ORL,22.0,1,1,0,1.0,5.15,1,1,1.0,0,0,0.0,0,0,0.0,0,0,0,0,0,0,0,0,0,0,2,3,2.0,0,0,2.0,1,1,1,1,190,154,185,1,112,158,112,116,118,116,98,177,189,167,123,91,56,1,1,147,168,76,196,10,1,193,1,0.0,100.0,1.0,127.3,185,1,154,167,174,0.0,127.3,0.0,0.0,27.3,111.3,46,46,0.0,1,11,106,47,18.8,0.078,167,109,47,85.44,130.1,60,96.19,0.095,102.52,55,92,189,100.0,190,1.0,5,102.52,0.0,188,56,1.0,0.0,60,8,98,27.3,177,1.0,111,0.0,111,0.077,0.0,0.0,,0.0,0.0,0.0,0.0,1.0,0.0,0.0,0.0,0.0,0.0,0.0,0.0,0.0,0.0,0.0,0.0,0.0,0.0,0.0,0.0,0.0,0.0,0.0,0.0,0.0,2.0,1.0,0.0,1.0,2.0,0.0,0.0,1.0,0.24,2.0,0.0,,,,,,,,,,,,,,,,,,,,,,,,,,,,,,,,,,,,,,,,0.0,1.0,1.0,0.0,,1.0,1.0,1.0,1.0,1.0,1.0,0.0,1.0,,,,,,,,,,,,,,,,,,,,,,,,,,,1.0,0.0,1.0,2.0,0.0,0.0,0.0,0.0,0.0,0.0,0.0,1.0,0.0,,0.0,,1.0,0.0,1.0,0.0,0.0,0.0,0.0,0.0,0.0,0.0,0.0,0.0,0.0,0.0,0.0,,0.0,0.632,G,48.0,0.357,0.002,0.629,76.0,0.0,0.0,0.0,0.0,,0.0,1.0,0.0,0.0,0.0,0.0,0.0,0.0,0.0,0.0,0.0,,0.0,ORL,0.0,0.0,1.0,0.0,1.0,,0.0,0.0,0.0,,,,,0,0,-0.36,0.36,1.0,0.326,1.0,0.0,-0.326,0.0,,,,,,,,,,,,,,,,,,,1.0,1.0,0.0,-0.333,0.0,0.333,,,,,,,,,,,,,,,,,,,,,,,0.0,0.0,0.0,0.0,0.0,0.0,0.0,ORL,0.0,0.0,0.0,0.0,0.0,1.0,0.0,0.0,0.0,0.0,0.0,3.76,0.2,5.16,1825.0,3.26,0.2,0.3,5.2,2026,20260403,False,,109.0,0,0,,0,,,,,0.0,1.0,0.0,0.429,-0.429,,,,,,22501127,,
1628975,Jevon Carter,Jevon,1610612753,ORL,30.0,1,1,0,1.0,19.6,2,4,0.5,1,2,0.5,0,0,0.0,0,1,1,4,0,1,0,0,1,1,5,6,15.2,0,0,13.0,1,1,1,1,132,121,140,83,68,102,34,116,118,116,98,135,152,35,123,38,56,1,46,94,141,57,124,10,1,133,1,0.0,118.2,2.0,131.8,140,1,121,4,37,0.0,131.8,0.027,0.053,13.6,121.0,73,73,0.0,1,44,131,124,8.1,0.082,39,109,124,89.8,129.1,51,107.61,0.076,107.76,82,125,179,118.2,188,0.625,80,107.76,0.25,186,57,0.625,50.0,51,90,98,13.6,160,4.0,36,0.0,36,0.08,0.125,0.156,0.0,9.0,4.0,32.0,5.0,31.0,1.0,1.0,0.0,0.0,0.0,0.0,0.0,0.0,0.0,1.0,0.0,0.0,0.5,0.0,0.0,2.0,0.0,0.0,0.0,2.7,0.0,11.0,0.0,38.0,5.0,0.0,3.76,0.0,4.26,0.132,0.0,1.0,1.0,0.0,0.0,0.0,0.0,0.0,1.0,0.0,0.0,0.0,1.0,1.0,0.0,1.0,1.0,1.0,1.0,0.0,1.0,6.8,0.0,6.8,0.0,,,,,,,,,,,,,,,,0.25,0.5,2.0,1.0,0.0,0.0,0.0,1.0,0.0,0.25,0.0,0.0,0.0,1.0,1.0,1.0,0.25,0.25,1.0,0.0,,0.0,0.0,1.0,1.0,1.0,1.0,1.0,1.0,1.0,0.25,,1.5,1.0,0.0,0.25,0.0,0.0,1.0,0.0,0.0,0.625,0.0,0.0,0.0,0.0,3.0,0.5,2.0,0.0,0.0,0.0,1.0,0.0,1.0,0.0,1.0,0.0,0.0,0.0,0.0,1.0,1.0,1.0,0.0,0.5,1.0,0.0,0.0,0.0,1.0,1.0,0.64,G,64.0,0.34,0.018,0.622,100.0,2.0,0.0,1.0,0.0,,0.0,0.0,1.0,0.0,0.0,0.0,0.0,1.0,0.0,1.0,0.0,,0.0,ORL,1.0,0.0,0.0,0.5,0.0,,0.0,0.0,0.0,0.75,2.0,1.0,0.5,1,2,-0.133,0.433,6.0,0.315,0.6,0.0,-0.315,0.0,0.75,0.4,0.519,4.0,0.231,3.0,0.667,2.0,0.088,0.3,3.0,0.579,0.11,3.0,0.3,2.0,0.557,0.667,0.6,6.0,0.0,-0.343,0.0,0.343,0.0,0.0,0.0,0.0,ORL,0.0,0.0,4.0,0.0,2.0,2.0,0.0,0.0,0.0,0.0,0.0,0.0,0.0,0.0,0.0,2.0,0.0,0.0,0.0,0.0,0.0,0.0,0.0,0.0,ORL,0.0,0.0,0.0,0.0,0.0,38.0,0.0,0.0,0.0,0.0,0.0,4.38,0.8,4.71,8699.0,4.54,0.8,1.6,19.6,2026,20260403,False,,109.0,1,2,0.5,2,0.0,0.0,,0.5,3.0,10.0,0.3,0.441,-0.141,2.0,3.0,0.667,0.579,0.088,22501127,,
1642967,John Poulakidas,John,1610612742,DAL,23.0,1,0,1,0.0,19.33333333333333,0,2,0.0,0,2,0.0,0,0,0.0,0,4,4,2,0,0,0,0,3,0,0,-4,7.8,0,0,6.0,1,110,110,110,133,184,168,184,112,102,112,116,118,116,98,47,72,80,123,91,56,1,140,147,189,125,170,10,1,173,1,0.0,125.5,0.0,119.6,168,1,184,4,6,0.0,119.6,0.105,0.235,-6.0,125.7,120,120,0.0,1,46,175,139,-5.1,0.041,106,109,139,96.21,120.6,87,114.85,0.01,115.45,115,137,72,125.5,199,0.0,184,115.45,0.111,199,81,0.0,50.0,87,189,98,-6.0,30,2.0,8,0.0,8,0.039,0.133,0.133,0.0,6.0,3.0,15.0,2.0,8.0,0.0,0.0,0.0,0.0,0.0,0.0,0.0,0.0,1.0,1.0,0.0,0.0,1.0,0.0,0.0,1.0,1.0,0.0,0.0,0.6,0.0,7.0,0.0,18.0,0.0,0.0,1.22,0.0,2.14,0.0,0.0,0.0,1.0,0.0,0.0,0.0,0.0,0.0,0.0,0.0,4.0,0.0,1.0,0.0,0.0,1.0,1.0,4.0,4.0,4.0,0.0,4.7,1.0,4.7,0.0,,,,,,,,,,,,,,,,,,,,,,,,,,,,,,,,,,,,,,,,,,2.0,0.0,0.0,0.0,1.0,,0.0,2.0,0.0,1.0,0.0,0.0,0.0,0.0,0.0,0.0,0.0,0.0,0.0,0.0,0.0,0.0,0.0,0.0,0.0,0.0,0.0,0.0,0.0,0.0,0.0,0.0,2.0,0.0,0.0,0.0,0.0,0.0,0.0,0.0,0.0,0.0,0.0,0.0,0.0,0.0,0.643,G,9.0,0.259,0.054,0.589,14.0,0.0,0.0,0.0,0.0,,0.0,0.0,0.0,0.0,0.0,0.0,0.0,0.0,0.0,0.0,2.0,,0.0,DAL,0.0,0.0,0.0,0.0,0.0,,0.0,0.0,0.0,,0.0,0.0,,0,0,0.081,0.465,3.0,0.384,0.273,2.0,0.283,0.667,0.5,0.727,0.529,8.0,-0.029,4.0,0.75,3.0,0.156,0.364,4.0,0.595,0.112,6.0,0.545,4.0,0.555,0.667,0.273,3.0,0.667,0.279,2.0,0.388,0.0,0.0,0.0,0.0,DAL,0.0,0.0,4.0,0.0,3.0,0.0,1.0,0.0,0.0,0.0,0.0,0.0,0.0,0.0,2.0,1.0,0.0,0.0,0.0,0.0,0.0,0.0,0.0,0.0,DAL,0.0,0.0,0.0,0.0,0.0,18.0,0.0,0.0,0.0,0.0,0.0,4.9,0.8,4.24,8659.0,4.55,0.8,1.6,19.3,2026,20260403,False,,110.0,0,2,0.0,0,0.0,2.0,0.0,0.0,6.0,11.0,0.545,0.464,0.082,3.0,4.0,0.75,0.581,0.169,22501127,,
203114,Khris Middleton,Khris,1610612742,DAL,34.0,1,0,1,0.0,12.166666666666666,0,4,0.0,0,3,0.0,0,0,0.0,0,1,1,1,2,0,0,0,3,0,0,-10,0.7,0,0,2.0,1,110,110,110,161,184,140,184,112,78,112,116,118,116,98,135,152,111,33,91,56,1,140,147,189,151,200,10,1,193,1,28.6,137.9,0.0,103.4,140,192,184,116,26,28.6,103.4,0.043,0.111,-34.5,145.6,176,176,0.0,192,29,198,179,-38.7,0.199,124,94,179,95.34,106.8,144,109.6,-0.11,114.41,185,191,163,137.9,93,0.0,184,114.41,0.091,94,134,0.0,14.3,144,189,98,-34.5,110,4.0,13,0.5,13,0.188,0.111,0.222,1.0,4.0,1.0,9.0,2.0,10.0,0.0,0.0,0.0,0.0,0.0,0.0,0.0,0.0,1.0,2.0,0.0,0.0,1.0,0.0,0.0,2.0,0.5,0.0,0.0,0.9,0.0,9.0,0.0,15.0,0.0,0.0,2.47,0.0,3.49,0.0,0.0,0.0,1.0,0.0,0.0,0.0,0.0,0.0,0.0,0.0,1.0,0.0,1.0,0.0,0.0,1.0,1.0,1.0,1.0,1.0,0.0,5.8,0.0,5.8,0.0,,,,,,,,,,,,,,,,0.25,0.25,1.0,1.0,0.0,0.0,0.0,0.0,0.0,0.0,0.0,0.0,,0.0,2.0,0.0,0.25,0.5,0.0,0.25,0.0,0.0,1.0,0.0,0.0,1.0,1.0,0.0,0.0,0.0,0.25,,0.0,1.0,0.0,0.25,0.0,0.0,0.0,0.0,0.0,0.0,0.0,0.0,0.0,0.0,0.0,0.0,0.0,0.0,0.0,0.0,0.0,0.0,0.0,0.0,0.0,0.0,3.0,0.0,0.0,0.0,0.0,0.0,0.0,0.0,1.0,0.0,0.0,0.0,0.0,0.0,0.591,F,107.0,0.35,-0.05,0.641,181.0,0.0,,0.0,,,0.0,0.0,0.0,0.0,0.0,0.0,0.0,1.0,0.0,0.0,3.0,,0.0,DAL,0.0,0.0,0.0,0.0,0.0,,,0.0,0.0,0.0,1.0,0.0,0.0,0,1,0.519,0.481,1.0,0.379,0.25,1.0,0.621,1.0,1.0,0.75,0.562,3.0,0.438,3.0,1.0,3.0,0.374,0.75,3.0,0.626,0.41,3.0,0.75,3.0,0.59,1.0,0.25,1.0,1.0,0.618,1.0,0.382,0.0,0.0,0.0,0.0,DAL,0.0,1.0,0.0,0.0,0.0,0.0,1.0,0.0,0.0,0.0,1.0,1.0,0.0,0.0,2.0,0.0,0.0,0.0,0.0,0.0,0.0,0.0,0.0,0.0,DAL,0.0,0.0,0.0,0.0,0.0,15.0,0.0,0.0,0.0,0.0,0.0,4.73,0.4,3.61,4949.0,4.16,0.5,0.9,12.2,2026,20260403,False,,110.0,0,3,0.0,0,0.0,2.0,0.0,0.0,4.0,4.0,1.0,0.479,0.521,3.0,3.0,1.0,0.619,0.381,22501127,,
202691,Klay Thompson,Klay,1610612742,DAL,36.0,1,0,1,0.0,22.35,7,13,0.538,4,10,0.4,0,0,0.0,0,1,1,2,1,0,0,0,0,0,18,-11,21.2,0,0,25.0,1,110,110,110,114,25,33,77,9,3,72,116,118,116,98,135,152,80,66,91,56,1,1,147,38,153,100,10,1,64,1,6.3,143.1,7.0,124.0,33,97,25,129,55,6.3,124.0,0.028,0.059,-19.1,146.9,148,148,0.0,98,50,94,192,-20.6,0.274,106,36,192,90.38,126.3,70,106.05,0.104,108.46,148,194,178,143.1,26,0.692,57,108.46,0.111,32,63,0.692,12.5,70,63,98,-19.1,156,13.0,30,2.0,30,0.264,0.222,0.333,0.0,4.0,1.0,9.0,3.0,21.0,1.0,1.0,0.0,0.0,0.0,0.0,2.0,1.0,1.0,1.0,0.0,1.0,0.5,0.0,0.0,2.0,0.5,1.0,0.0,1.2,2.0,16.0,0.0,24.0,18.0,0.0,2.29,2.0,3.03,0.75,0.0,0.0,0.5,0.0,0.0,0.0,0.0,0.0,0.0,0.0,1.0,1.0,0.5,0.0,0.0,1.0,1.0,2.0,2.0,1.0,0.0,2.9,0.0,2.9,1.0,,,,,,,,,,,,,,,,0.308,0.538,7.0,4.0,0.5,5.0,0.857,3.0,3.0,0.231,0.714,2.0,1.0,,2.0,0.75,0.0,0.154,0.5,0.154,0.5,1.0,2.0,0.0,1.0,0.0,4.0,0.25,1.0,1.0,0.308,,0.375,4.0,0.0,0.308,0.0,0.0,0.25,1.0,0.0,0.692,4.0,0.0,0.0,0.0,6.0,0.286,2.0,0.375,3.0,1.0,0.0,0.0,1.0,3.0,0.0,1.0,8.0,0.0,0.0,0.0,0.0,1.0,0.0,0.5,0.0,1.0,0.0,3.0,0.0,1.0,0.538,G,84.0,0.363,-0.088,0.627,156.0,2.0,0.0,0.0,0.0,,0.0,1.0,1.0,3.0,0.0,0.0,0.0,0.0,0.0,0.0,8.0,,0.0,DAL,0.0,0.0,3.0,0.5,3.0,,0.0,0.0,0.375,0.429,7.0,2.0,0.286,2,7,0.17,0.497,2.0,0.386,0.333,2.0,0.614,1.0,0.5,0.667,0.581,4.0,-0.081,2.0,0.333,1.0,-0.323,0.5,3.0,0.657,-0.291,3.0,0.5,1.0,0.624,0.333,0.5,3.0,1.0,0.629,3.0,0.371,0.0,0.0,0.0,0.0,DAL,0.0,0.0,0.0,0.0,0.0,0.0,1.0,0.0,0.0,0.0,0.0,0.0,0.0,0.0,2.0,0.0,0.0,0.0,0.0,0.0,0.0,0.0,0.0,0.0,DAL,0.0,0.0,0.0,0.0,0.0,24.0,0.0,0.0,0.0,0.0,0.0,4.62,0.8,3.9,9100.0,4.25,0.9,1.7,22.4,2026,20260403,False,,110.0,2,3,0.667,6,2.0,3.0,0.667,1.0,4.0,6.0,0.667,0.489,0.178,1.0,3.0,0.333,0.65,-0.316,22501127,,
1631108,Max Christie,Max,1610612742,DAL,23.0,1,0,1,0.0,28.5,4,7,0.571,3,6,0.5,3,3,1.0,0,5,5,3,1,0,0,0,0,1,14,8,23.5,0,0,25.0,1,110,110,110,56,76,97,68,25,28,34,30,49,1,98,25,58,58,66,91,56,1,1,94,59,49,83,10,1,64,1,8.1,112.5,4.0,123.1,97,113,76,60,21,8.3,123.1,0.088,0.208,10.6,111.5,78,78,0.0,113,65,70,106,8.7,0.123,93,22,106,90.53,120.2,74,110.45,0.132,108.63,81,93,87,112.5,164,0.786,38,108.63,0.136,165,83,0.841,25.0,74,33,98,10.6,34,7.0,26,3.0,26,0.118,0.188,0.188,0.0,7.0,2.0,16.0,3.0,17.0,0.0,1.0,0.25,0.0,0.0,0.0,2.0,0.5,0.0,2.0,0.0,1.0,0.5,0.0,1.0,4.0,0.0,1.0,0.0,1.2,0.0,14.0,0.0,26.0,14.0,0.0,2.35,0.0,2.7,0.538,0.0,0.0,1.0,0.0,0.0,0.0,0.0,0.0,0.0,0.0,5.0,0.0,1.0,0.0,0.0,1.0,1.0,5.0,5.0,5.0,0.0,9.9,0.0,9.9,0.0,,,,,,,,,,,,,,,,0.143,0.143,1.0,1.0,0.0,0.0,0.0,0.0,0.0,0.0,0.0,0.0,,1.0,4.0,1.0,0.143,0.571,0.75,0.429,0.667,2.0,3.0,1.0,3.0,1.0,2.0,0.5,1.0,1.0,0.286,,0.75,2.0,0.0,0.286,0.0,0.0,0.5,0.0,0.0,0.786,0.0,0.0,0.0,0.0,9.0,0.6,1.0,0.6,1.0,0.0,0.0,0.0,1.0,1.0,0.0,1.0,5.0,0.0,0.0,0.0,0.0,0.0,0.0,0.0,0.0,0.0,0.0,3.0,0.0,0.0,0.65,G,199.0,0.36,0.017,0.633,306.0,1.0,,0.0,,0.0,0.0,1.0,0.0,3.0,0.0,0.0,0.0,0.0,0.0,0.0,5.0,0.0,0.0,DAL,0.0,0.0,1.0,0.0,1.0,0.0,,0.0,0.6,0.9,5.0,3.0,0.6,3,5,0.016,0.484,1.0,0.393,0.5,1.0,0.607,1.0,0.0,0.5,0.534,1.0,-0.534,0.0,,,,,,,,,,,,,0.5,1.0,1.0,0.6,1.0,0.4,0.0,0.0,0.0,0.0,DAL,0.0,0.0,2.0,0.0,1.0,1.0,1.0,0.0,0.0,0.0,0.0,0.0,0.0,0.0,2.0,1.0,0.0,0.0,0.0,0.0,0.0,0.0,0.0,0.0,DAL,0.0,0.0,0.0,0.0,0.0,26.0,0.0,0.0,0.0,0.0,0.0,4.9,1.0,3.94,11800.0,4.24,1.3,2.2,28.5,2026,20260403,False,,110.0,0,1,0.0,0,0.0,1.0,0.0,0.0,1.0,2.0,0.5,0.475,0.025,,,,,,22501127,,
1630230,Naji Marshall,Naji,1610612742,DAL,28.0,1,0,1,0.0,23.73333333333333,3,12,0.25,1,3,0.333,2,2,1.0,1,3,4,2,0,1,0,0,2,1,9,-16,19.8,0,0,18.0,1,110,110,110,98,92,37,167,68,78,76,50,67,1,48,73,72,80,123,38,56,1,94,94,94,170,106,10,1,106,1,0.0,127.3,3.0,100.0,37,1,92,123,19,0.0,100.0,0.083,0.158,-27.3,128.8,164,164,0.034,1,54,157,144,-30.9,0.207,94,109,144,91.85,97.9,152,110.75,0.041,110.22,172,144,92,127.3,86,0.292,167,110.22,0.133,76,169,0.349,13.3,152,164,83,-27.3,70,12.0,18,0.0,18,0.206,0.063,0.094,1.0,7.0,3.0,32.0,3.0,30.0,0.0,9.0,0.0,0.0,0.0,0.0,4.0,0.333,1.0,3.0,0.0,2.0,0.25,0.0,0.0,12.0,0.083,0.222,0.0,1.9,0.0,32.0,0.0,48.0,9.0,0.0,1.19,0.0,2.43,0.188,0.0,0.0,0.6,0.0,1.0,0.0,17.7,0.5,0.0,0.5,3.0,1.0,0.571,0.0,0.0,0.75,0.667,5.0,7.0,4.0,0.0,5.0,2.0,8.2,1.0,1.0,0.083,0.0,,0.0,0.0,0.0,0.0,0.083,0.0,1.0,1.0,0.0,DAL,0.0,0.0,0.667,8.0,0.0,,2.0,0.25,8.0,2.0,0.667,0.25,0.0,0.25,,1.0,0.0,0.0,0.083,0.0,0.083,0.0,0.0,1.0,0.0,0.0,0.0,2.0,0.5,1.0,1.0,0.167,,0.75,2.0,0.0,0.167,0.0,0.0,0.5,0.0,0.0,0.292,0.0,0.0,0.0,0.0,3.0,0.333,2.0,0.0,1.0,1.0,0.0,0.0,1.0,1.0,0.0,1.0,1.0,1.0,0.0,0.0,8.0,1.0,0.0,0.5,0.0,1.0,0.125,0.0,0.0,1.0,0.64,F,181.0,0.365,-0.001,0.64,283.0,2.0,,0.0,,0.0,0.0,1.0,1.0,0.0,0.0,0.0,0.0,0.0,0.0,1.0,1.0,0.0,0.143,DAL,0.0,1.0,1.0,0.5,1.0,0.0,,7.0,0.0,0.5,3.0,1.0,0.333,1,3,0.092,0.464,4.0,0.335,0.444,3.0,0.416,0.75,0.4,0.556,0.543,5.0,-0.143,2.0,0.25,1.0,-0.391,0.444,4.0,0.641,-0.347,4.0,0.444,1.0,0.597,0.25,0.444,4.0,0.75,0.406,3.0,0.345,0.0,0.0,0.0,0.0,DAL,0.0,0.0,3.0,0.0,3.0,2.0,1.0,0.0,0.0,0.0,0.0,0.0,0.0,0.0,2.0,0.0,0.0,0.0,0.0,0.0,0.0,0.0,0.0,0.0,DAL,0.0,0.0,0.0,0.0,0.0,48.0,0.0,0.0,0.0,0.0,0.0,4.4,0.8,3.93,9339.0,4.18,1.0,1.8,23.7,2026,20260403,False,,110.0,0,3,0.0,0,0.0,0.0,,0.0,5.0,9.0,0.556,0.458,0.098,1.0,4.0,0.25,0.636,-0.386,22501127,,
1642869,Noah Penda,Noah,1610612753,ORL,21.0,1,1,0,1.0,2.083333333333333,0,0,0.0,0,0,0.0,0,0,0.0,0,1,1,1,0,0,0,0,1,0,0,-1,2.7,0,0,2.0,1,1,1,1,200,184,199,184,112,158,112,116,118,116,98,135,152,111,123,91,56,1,46,147,189,111,190,10,1,193,1,0.0,60.0,0.0,40.0,199,1,184,1,7,0.0,40.0,0.143,0.25,-20.0,61.5,149,149,0.0,1,5,2,3,-21.5,0.0,1,109,3,96.0,40.0,201,113.82,2.0,115.2,152,4,35,60.0,202,0.0,184,115.2,1.0,202,201,0.0,100.0,201,189,98,-20.0,19,0.0,10,0.0,10,0.0,0.25,0.25,0.0,2.0,1.0,4.0,1.0,0.0,0.0,0.0,0.0,0.0,0.0,0.0,0.0,0.0,0.0,0.0,0.0,0.0,0.0,0.0,0.0,0.0,0.0,0.0,0.0,0.2,0.0,0.0,0.0,4.0,0.0,0.0,0.75,0.0,2.3,0.0,0.0,0.0,1.0,0.0,0.0,0.0,0.0,0.0,0.0,0.0,1.0,0.0,1.0,0.0,0.0,1.0,1.0,1.0,1.0,1.0,0.0,8.2,0.0,8.2,0.0,,,,,,,,,,,,,,,,,,,,,,,,,,,,,,,,,,,,,,,,,,,,,,,,,,,,,,,0.0,0.0,0.0,0.0,0.0,0.0,0.0,0.0,0.0,,0.0,0.0,,,0.0,,0.0,,0.0,0.0,0.0,0.0,,0.0,,0.0,,,,0.0,0.0,,,0.623,G-F,91.0,0.424,-0.014,0.637,146.0,0.0,0.0,,0.0,,0.0,0.0,0.0,0.0,0.0,0.0,0.0,,0.0,0.0,0.0,,0.0,ORL,,0.0,0.0,0.0,0.0,,0.0,0.0,0.0,,,,,0,0,0.168,0.332,1.0,0.25,0.5,0.0,-0.25,0.0,1.0,0.5,0.368,1.0,0.632,1.0,1.0,1.0,0.569,0.5,1.0,0.431,0.615,1.0,0.5,1.0,0.385,1.0,0.5,1.0,0.0,-0.25,0.0,0.25,0.0,0.0,0.0,0.0,ORL,0.0,0.0,1.0,0.0,0.0,0.0,0.0,0.0,0.0,0.0,0.0,0.0,0.0,0.0,0.0,1.0,0.0,0.0,0.0,0.0,0.0,0.0,0.0,0.0,ORL,0.0,0.0,0.0,0.0,0.0,4.0,0.0,0.0,0.0,0.0,0.0,3.8,0.1,7.81,798.0,5.12,0.1,0.2,2.1,2026,20260403,False,,109.0,0,0,,0,,,,,1.0,2.0,0.5,0.372,0.128,1.0,1.0,1.0,0.436,0.564,22501127,,
1631094,Paolo Banchero,Paolo,1610612753,ORL,23.0,1,1,0,1.0,31.1,4,10,0.4,1,1,1.0,1,5,0.2,0,7,7,5,3,0,0,1,5,5,10,-9,22.9,0,0,23.0,1,1,1,1,25,76,65,130,68,138,1,84,26,115,98,9,21,20,13,91,56,143,196,11,89,149,88,10,1,82,1,14.9,121.1,4.0,111.6,65,157,76,60,24,15.0,111.6,0.115,0.206,-9.5,118.5,124,124,0.0,156,69,168,130,-7.7,0.207,61,51,130,90.03,110.8,111,109.61,0.028,108.04,121,119,56,121.1,87,0.45,140,108.04,0.2,80,119,0.41,25.0,111,157,98,-9.5,35,10.0,34,1.67,34,0.203,0.104,0.125,0.0,11.0,5.0,48.0,6.0,39.0,1.0,6.0,0.0,1.0,0.5,2.0,5.0,0.385,1.0,5.0,0.077,2.0,0.385,1.0,0.0,13.0,0.077,0.333,1.0,3.1,0.0,33.0,0.0,66.0,10.0,2.0,1.79,2.0,2.86,0.152,2.0,0.0,0.7,0.0,0.0,0.0,0.0,0.0,0.0,0.0,7.0,1.0,0.636,0.0,0.0,0.778,0.7,10.0,11.0,7.0,0.0,3.7,3.0,3.7,1.0,,,,,,,,,,,,,,,,0.0,0.8,8.0,0.0,,3.0,0.375,8.0,3.0,0.8,0.375,0.0,0.375,0.0,1.0,0.0,0.1,0.1,0.0,0.0,,0.0,0.0,0.0,0.0,1.0,1.0,1.0,1.0,1.0,0.1,,1.5,1.0,0.0,0.1,0.0,0.0,1.0,0.0,2.0,0.45,0.0,0.0,1.0,0.0,3.0,1.0,1.0,0.0,1.0,0.0,1.0,0.0,1.0,3.0,0.0,0.333,0.0,2.0,0.0,0.0,4.0,1.0,0.0,1.0,2.0,0.0,0.5,0.0,1.0,0.0,0.614,F,224.0,0.394,-0.025,0.639,365.0,1.0,,0.0,,0.0,1.0,0.4,1.0,0.0,1.0,0.0,0.0,1.0,0.0,1.0,0.0,0.0,0.0,ORL,0.0,0.0,5.0,1.0,2.0,0.0,,2.0,0.0,1.5,1.0,1.0,1.0,1,1,0.089,0.474,4.0,0.341,0.25,1.0,-0.091,0.25,0.667,0.75,0.54,12.0,0.127,8.0,0.857,6.0,0.231,0.438,7.0,0.626,0.186,9.0,0.563,7.0,0.592,0.778,0.313,5.0,0.4,0.059,2.0,0.341,0.0,0.0,0.0,0.0,ORL,0.0,0.0,4.0,0.0,3.0,1.0,3.0,0.0,0.0,0.0,0.0,0.0,0.0,0.0,7.0,1.0,0.0,0.0,0.0,0.0,0.0,0.0,0.0,1.0,ORL,1.0,1.0,2.0,0.5,0.5,66.0,0.5,0.0,0.0,0.0,0.0,4.33,1.1,3.82,12246.0,4.08,1.2,2.3,31.1,2026,20260403,False,,109.0,0,2,0.0,0,0.0,0.0,,0.0,9.0,16.0,0.563,0.473,0.09,6.0,7.0,0.857,0.622,0.235,22501127,,
1642948,Ryan Nembhard,Ryan,1610612742,DAL,23.0,1,0,1,0.0,22.433333333333334,1,6,0.167,0,4,0.0,0,0,0.0,2,5,7,5,3,0,1,1,3,1,2,0,17.9,0,0,16.0,1,110,110,110,113,154,112,179,112,58,112,116,118,116,25,25,21,20,13,91,20,143,140,94,168,98,111,10,1,116,1,21.4,124.0,1.0,124.0,112,185,154,27,43,21.4,124.0,0.184,0.263,0.0,116.6,103,103,0.105,184,50,171,136,15.4,0.177,51,51,136,89.15,132.0,70,107.11,0.02,106.98,62,111,14,124.0,116,0.167,182,106.98,0.227,126,54,0.167,35.7,70,186,36,0.0,16,6.0,49,1.67,49,0.164,0.161,0.161,0.0,14.0,7.0,31.0,5.0,32.0,0.0,2.0,0.0,0.0,0.0,0.0,2.0,0.667,0.0,1.0,0.0,1.0,0.333,0.0,0.0,3.0,0.0,0.5,0.0,3.5,0.0,12.0,0.0,42.0,2.0,0.0,5.07,2.0,4.99,0.048,0.0,0.0,0.625,0.5,1.0,0.0,5.7,1.0,0.0,1.0,5.0,0.0,0.7,1.0,1.0,0.625,0.7,8.0,10.0,6.0,0.143,6.7,2.0,6.4,0.0,,,,,,,,,,,,,,,,0.0,0.167,1.0,0.0,,0.0,0.0,1.0,0.0,0.167,0.0,0.0,0.0,1.0,3.0,0.333,0.167,0.5,0.333,0.333,0.0,0.0,2.0,1.0,1.0,1.0,2.0,0.0,0.0,0.0,0.333,,0.0,2.0,0.0,0.333,0.0,0.0,0.0,0.0,0.0,0.167,0.0,0.0,0.0,0.0,0.0,0.0,0.0,0.0,0.0,0.0,0.0,0.0,0.0,0.0,0.0,0.0,4.0,1.0,0.0,0.0,2.0,0.0,0.0,0.0,0.0,0.0,0.5,0.0,0.0,0.0,0.577,G,79.0,0.351,-0.051,0.628,137.0,1.0,0.0,0.0,0.0,,0.0,0.0,0.0,0.0,0.0,0.0,0.0,0.0,0.0,1.0,3.0,,1.0,DAL,0.0,1.0,0.0,0.0,0.0,,0.0,1.0,0.0,,0.0,0.0,,0,0,-0.05,0.45,2.0,0.339,0.2,0.0,-0.339,0.0,0.5,0.8,0.54,8.0,-0.04,4.0,0.5,2.0,-0.156,0.4,4.0,0.656,-0.002,5.0,0.5,3.0,0.602,0.6,0.3,3.0,0.0,-0.351,0.0,0.351,0.0,0.0,0.0,0.0,DAL,0.0,1.0,3.0,0.0,2.0,0.0,0.0,0.0,0.0,0.0,1.0,1.0,0.0,0.0,0.0,1.0,0.0,0.0,0.0,0.0,0.0,0.0,0.0,0.0,DAL,0.0,0.0,0.0,0.0,0.0,42.0,0.0,0.0,0.0,0.0,0.0,4.97,0.8,4.01,9420.0,4.49,1.0,1.8,22.4,2026,20260403,False,,110.0,0,4,0.0,0,0.0,4.0,0.0,0.0,4.0,10.0,0.4,0.444,-0.044,2.0,4.0,0.5,0.638,-0.138,22501127,,
1641783,Tristan da Silva,Tristan,1610612753,ORL,24.0,1,1,0,1.0,28.766666666666666,6,11,0.545,3,4,0.75,4,6,0.667,3,2,5,1,4,1,1,1,2,3,19,-6,28.5,0,0,32.0,1,1,1,1,51,43,51,73,25,58,9,24,17,78,13,102,58,111,4,38,20,143,94,33,29,133,51,10,1,34,1,21.5,133.3,6.0,123.3,51,184,43,163,118,21.1,123.3,0.096,0.071,-10.0,134.5,125,125,0.125,185,60,124,166,-15.0,0.26,159,106,166,83.43,119.5,72,101.28,0.083,100.12,135,169,80,133.3,42,0.682,60,100.12,0.05,29,85,0.696,5.3,72,62,23,-10.0,151,11.0,144,0.25,144,0.265,0.033,0.1,0.0,2.0,1.0,30.0,3.0,32.0,2.0,3.0,0.1,2.0,0.5,4.0,4.0,0.4,1.0,4.0,0.2,1.0,0.4,2.0,1.0,10.0,0.1,0.333,0.0,1.7,0.5,31.0,0.0,48.0,19.0,1.0,1.35,4.0,2.13,0.396,0.0,0.5,0.667,0.333,2.0,0.0,5.7,0.6,1.0,0.6,1.0,0.0,0.625,2.0,1.0,0.667,0.625,3.0,8.0,3.0,0.4,7.2,5.0,6.3,0.0,1.0,0.091,0.0,,0.0,0.0,0.0,0.0,0.091,0.0,1.0,1.0,0.0,ORL,0.0,0.0,0.455,5.0,0.0,,2.0,0.4,5.0,2.0,0.455,0.4,0.0,0.4,1.0,2.0,0.5,0.091,0.182,0.5,0.091,0.0,0.0,1.0,1.0,1.0,1.0,3.0,1.0,3.0,3.0,0.273,,1.5,3.0,0.0,0.273,0.0,0.0,1.0,0.333,0.0,0.682,2.0,0.0,0.0,0.0,3.0,0.5,0.0,0.75,2.0,0.0,0.0,0.0,0.0,4.0,0.0,0.5,4.0,1.0,0.0,0.0,2.0,0.0,0.0,0.0,1.0,0.0,0.5,3.0,0.0,0.0,0.633,F,143.0,0.325,0.003,0.63,226.0,0.0,0.0,0.0,0.0,,0.0,0.5,0.0,3.0,0.0,0.0,0.0,0.0,0.0,1.0,4.0,,0.5,ORL,0.0,1.0,4.0,0.0,2.0,,0.0,2.0,0.75,0.75,2.0,1.0,0.5,1,2,0.112,0.471,5.0,0.316,0.417,3.0,0.284,0.6,0.571,0.583,0.552,7.0,0.019,4.0,0.5,1.0,-0.116,0.167,2.0,0.616,-0.276,3.0,0.25,1.0,0.61,0.333,0.583,7.0,0.714,0.387,5.0,0.327,0.0,0.0,0.0,0.0,ORL,0.0,0.0,7.0,0.0,6.0,4.0,1.0,0.0,0.0,0.0,0.0,0.0,0.0,0.0,2.0,1.0,0.0,0.0,0.0,0.0,0.0,0.0,0.0,0.0,ORL,0.0,0.0,0.0,0.0,0.0,48.0,0.0,0.0,0.0,0.0,0.0,4.96,1.1,4.38,12620.0,4.68,1.3,2.4,28.8,2026,20260403,False,,109.0,3,4,0.75,8,2.0,2.0,1.0,1.0,7.0,12.0,0.583,0.471,0.113,1.0,2.0,0.5,0.616,-0.116,22501127,,
1641890,Tyler Smith,Tyler,1610612742,DAL,21.0,1,0,1,0.0,5.883333333333334,0,2,0.0,0,2,0.0,1,2,0.5,0,2,2,0,0,0,0,0,1,1,1,-2,3.4,0,0,3.0,1,110,110,110,184,184,168,184,112,102,112,84,67,90,98,102,122,167,123,91,56,1,46,94,187,116,184,10,1,187,1,0.0,106.7,0.0,93.3,168,1,184,167,5,0.0,93.3,0.133,0.286,-13.3,112.7,136,136,0.0,1,15,192,80,-14.1,0.189,167,109,80,101.98,98.6,173,115.85,-0.04,122.38,132,96,46,106.7,103,0.0,184,122.38,0.0,118,167,0.174,0.0,173,184,98,-13.3,12,2.0,3,0.0,3,0.167,0.0,0.0,0.0,0.0,0.0,8.0,0.0,5.0,0.0,0.0,0.0,0.0,0.0,0.0,0.0,0.0,0.0,0.0,0.0,0.0,0.0,0.0,0.0,0.0,0.0,0.0,0.0,0.2,0.0,3.0,0.0,11.0,1.0,0.0,0.18,0.0,1.25,0.091,0.0,0.0,0.667,0.0,0.0,0.0,0.0,0.0,0.0,0.0,2.0,0.0,0.4,0.0,0.0,0.667,0.4,3.0,5.0,2.0,0.0,3.8,2.0,3.8,0.0,,,,,,,,,,,,,,,,,,,,,,,,,,,,,,1.0,0.0,0.0,0.5,0.0,0.5,0.0,0.0,1.0,0.0,0.0,0.0,1.0,0.0,0.0,0.0,0.5,,0.0,1.0,0.0,0.5,0.0,0.0,0.0,0.0,0.0,0.0,0.0,0.0,0.0,0.0,0.0,0.0,1.0,0.0,0.0,,0.0,,1.0,0.0,0.0,0.0,1.0,0.0,,0.0,0.0,0.0,,0.0,0.0,,0.0,0.0,0.0,,0.417,F,5.0,0.387,-0.194,0.611,12.0,2.0,0.0,0.0,0.0,,0.0,0.0,0.0,0.0,0.0,,,0.0,,0.0,0.0,,0.0,DAL,0.0,0.0,0.0,0.0,0.0,,0.0,0.0,0.0,0.0,2.0,0.0,0.0,0,2,-0.68,0.68,,,,,,,0.0,1.0,0.708,1.0,-0.708,0.0,0.0,0.0,-0.722,1.0,1.0,0.722,-0.72,1.0,1.0,0.0,0.72,0.0,,,,,,,0.0,0.0,0.0,0.0,DAL,0.0,0.0,0.0,0.0,0.0,0.0,1.0,0.0,0.0,0.0,0.0,0.0,0.0,0.0,2.0,0.0,0.0,0.0,0.0,0.0,0.0,0.0,0.0,0.0,DAL,0.0,0.0,0.0,0.0,0.0,11.0,0.0,0.0,0.0,0.0,0.0,6.43,0.2,3.37,2630.0,4.72,0.3,0.5,5.9,2026,20260403,False,,110.0,0,0,,0,0.0,0.0,,,0.0,1.0,0.0,0.668,-0.668,0.0,1.0,0.0,0.71,-0.71,22501127,,
1628976,Wendell Carter Jr.,Wendell,1610612753,ORL,26.0,1,1,0,1.0,35.85,8,16,0.5,2,3,0.667,10,10,1.0,2,4,6,3,2,0,0,3,4,5,28,6,37.7,0,0,39.0,1,1,1,1,8,13,10,83,38,78,14,1,3,1,25,47,36,58,33,91,56,197,176,11,5,57,23,10,1,18,1,7.9,113.8,8.0,121.3,10,110,13,135,30,7.7,121.3,0.082,0.093,7.5,111.7,84,84,0.067,111,80,68,108,9.1,0.263,106,57,108,89.26,120.9,81,108.24,0.133,107.11,79,94,100,113.8,38,0.563,106,107.11,0.111,31,79,0.686,11.5,81,68,54,7.5,131,16.0,44,1.5,44,0.264,0.1,0.1,0.0,7.0,4.0,30.0,3.0,42.0,0.0,2.0,0.0,1.0,1.0,2.0,2.0,0.5,1.0,1.0,0.25,0.0,0.25,2.0,0.0,4.0,0.25,0.0,0.4,1.5,1.0,44.0,1.0,54.0,28.0,10.0,0.56,10.0,1.69,0.519,2.0,0.75,0.444,1.0,0.0,0.0,6.0,0.286,3.0,0.286,1.0,3.0,0.375,5.0,2.0,0.667,0.462,9.0,16.0,1.0,0.833,3.9,7.0,4.6,3.0,1.0,0.063,0.0,,0.0,0.0,0.0,0.0,0.063,0.0,1.0,1.0,0.0,ORL,0.0,0.0,0.5,8.0,0.0,,4.0,0.5,8.0,4.0,0.5,0.5,0.0,0.5,0.5,4.0,0.5,0.25,0.25,0.5,0.0,,0.0,0.0,2.0,2.0,4.0,3.0,0.667,2.0,2.0,0.188,,1.0,3.0,0.0,0.188,0.0,0.0,0.667,0.4,4.0,0.563,10.0,0.5,0.0,2.0,8.0,0.6,0.0,0.667,4.0,0.0,0.0,0.0,0.0,7.0,1.0,0.571,3.0,0.0,0.0,2.0,4.0,0.0,0.0,0.0,2.0,0.0,0.0,2.0,0.0,0.0,0.601,C-F,197.0,0.349,-0.049,0.65,328.0,0.0,0.0,1.0,0.0,0.0,1.0,0.571,0.0,2.0,0.5,0.0,0.0,1.0,0.0,2.0,3.0,0.0,0.0,ORL,1.0,0.0,7.0,0.0,4.0,0.0,0.0,3.0,0.667,0.8,3.0,2.0,0.667,3,5,0.018,0.482,6.0,0.332,0.375,2.0,0.001,0.333,0.6,0.625,0.55,10.0,0.051,6.0,0.8,4.0,0.181,0.313,5.0,0.619,-0.042,9.0,0.563,5.0,0.598,0.556,0.438,7.0,0.429,0.079,3.0,0.35,2.0,0.0,1.0,1.0,ORL,1.0,0.0,11.0,0.0,6.0,0.0,4.0,0.0,1.0,0.0,0.0,1.0,2.0,0.0,10.0,5.0,2.0,1.0,0.5,1.0,0.0,0.0,2.0,0.0,ORL,0.0,0.0,2.0,0.0,0.0,54.0,0.0,0.0,0.0,0.0,2.0,4.36,1.3,3.95,14095.0,4.16,1.4,2.7,35.9,2026,20260403,False,,109.0,1,1,1.0,2,0.0,0.0,,1.0,8.0,16.0,0.5,0.482,0.018,4.0,5.0,0.8,0.617,0.183,22501127,,
