PLAYER_ID,date,PLAYER_NAME,NICKNAME,TEAM_ID,TEAM_ABBREVIATION,AGE,GP,W,L,W_PCT,MIN,FGM,FGA,FG_PCT,FG3M,FG3A,FG3_PCT,FTM,FTA,FT_PCT,OREB,DREB,REB,AST,TOV,STL,BLK,BLKA,PF,PFD,PTS,PLUS_MINUS,NBA_FANTASY_PTS,DD2,TD3,WNBA_FANTASY_PTS,GP_RANK,W_RANK,L_RANK,W_PCT_RANK,MIN_RANK,FGM_RANK,FGA_RANK,FG_PCT_RANK,FG3M_RANK,FG3A_RANK,FG3_PCT_RANK,FTM_RANK,FTA_RANK,FT_PCT_RANK,OREB_RANK,DREB_RANK,REB_RANK,AST_RANK,TOV_RANK,STL_RANK,BLK_RANK,BLKA_RANK,PF_RANK,PFD_RANK,PTS_RANK,PLUS_MINUS_RANK,NBA_FANTASY_PTS_RANK,DD2_RANK,TD3_RANK,WNBA_FANTASY_PTS_RANK,TEAM_COUNT,E_TOV_PCT,DEF_RATING,FGM_PG,OFF_RATING,FGA_PG_RANK,TM_TOV_PCT_RANK,FGM_PG_RANK,AST_RATIO_RANK,E_PACE_RANK,TM_TOV_PCT,sp_work_OFF_RATING,REB_PCT,DREB_PCT,sp_work_NET_RATING,E_DEF_RATING,sp_work_NET_RATING_RANK,NET_RATING_RANK,OREB_PCT,E_TOV_PCT_RANK,POSS,PIE_RANK,sp_work_DEF_RATING_RANK,E_NET_RATING,E_USG_PCT,AST_PCT_RANK,AST_TO_RANK,DEF_RATING_RANK,PACE_PER40,E_OFF_RATING,sp_work_OFF_RATING_RANK,E_PACE,PIE,sp_work_PACE,E_NET_RATING_RANK,E_DEF_RATING_RANK,REB_PCT_RANK,sp_work_DEF_RATING,E_USG_PCT_RANK,EFG_PCT,EFG_PCT_RANK,PACE,AST_PCT,USG_PCT_RANK,E_OFF_RATING_RANK,TS_PCT,AST_RATIO,OFF_RATING_RANK,TS_PCT_RANK,OREB_PCT_RANK,NET_RATING,DREB_PCT_RANK,FGA_PG,PACE_RANK,AST_TO,sp_work_PACE_RANK,USG_PCT,AST_TO_PASS_PCT,AST_TO_PASS_PCT_ADJ,FT_AST,AST_PTS_CREATED,POTENTIAL_AST,PASSES_MADE,AST_ADJ,PASSES_RECEIVED,SECONDARY_AST,DRIVE_FGA,DRIVE_TOV_PCT,DRIVE_PF,DRIVE_FT_PCT,DRIVE_FTA,DRIVE_PTS,DRIVE_PTS_PCT,DRIVE_AST,DRIVE_PASSES,DRIVE_PF_PCT,DRIVE_FGM,DRIVE_PASSES_PCT,DRIVE_FTM,DRIVE_TOV,DRIVES,DRIVE_AST_PCT,DRIVE_FG_PCT,PTS_PER_ELBOW_TOUCH,TIME_OF_POSS,PTS_PER_PAINT_TOUCH,FRONT_CT_TOUCHES,PTS_PER_POST_TOUCH,TOUCHES,POINTS,ELBOW_TOUCHES,AVG_DRIB_PER_TOUCH,PAINT_TOUCHES,AVG_SEC_PER_TOUCH,PTS_PER_TOUCH,POST_TOUCHES,DREB_CONTEST_PCT,DREB_CHANCE_PCT,OREB_CONTEST_PCT,OREB_UNCONTEST,OREB_CHANCE_DEFER,AVG_OREB_DIST,OREB_CHANCE_PCT,DREB_CONTEST,OREB_CHANCE_PCT_ADJ,DREB_UNCONTEST,REB_CHANCE_DEFER,REB_CHANCE_PCT,REB_CONTEST,OREB_CONTEST,DREB_CHANCE_PCT_ADJ,REB_CHANCE_PCT_ADJ,DREB_CHANCES,REB_CHANCES,REB_UNCONTEST,REB_CONTEST_PCT,AVG_DREB_DIST,OREB_CHANCES,AVG_REB_DIST,DREB_CHANCE_DEFER,very_tight_FG2A,very_tight_FGA_FREQUENCY,very_tight_FGM,very_tight_FG3_PCT,very_tight_FG3A_FREQUENCY,very_tight_EFG_PCT,very_tight_FG3M,very_tight_FG2M,very_tight_FG2A_FREQUENCY,very_tight_FG_PCT,very_tight_FGA,G,very_tight_FG2_PCT,PLAYER_LAST_TEAM_ABBREVIATION,very_tight_FG3A,tight_FG3A_FREQUENCY,tight_FGA_FREQUENCY,tight_FGA,tight_FG3A,tight_FG3_PCT,tight_FGM,tight_EFG_PCT,tight_FG2A,tight_FG2M,tight_FG2A_FREQUENCY,tight_FG_PCT,tight_FG3M,tight_FG2_PCT,open_FG2_PCT,open_FGA,open_EFG_PCT,open_FG2A_FREQUENCY,open_FGA_FREQUENCY,open_FG_PCT,open_FG3A_FREQUENCY,open_FG3_PCT,open_FG3M,open_FG3A,open_FG2M,open_FGM,open_FG2A,wide_open_FGA,wide_open_FG3_PCT,wide_open_FGM,wide_open_FG3M,wide_open_FGA_FREQUENCY,wide_open_FG2_PCT,wide_open_EFG_PCT,wide_open_FG3A,wide_open_FG2M,wide_open_FG3A_FREQUENCY,wide_open_FG2A_FREQUENCY,wide_open_FG2A,wide_open_FG_PCT,PAINT_TOUCH_FG_PCT,ELBOW_TOUCH_PTS,EFF_FG_PCT,PAINT_TOUCH_PTS,POST_TOUCH_FG_PCT,ELBOW_TOUCH_FG_PCT,POST_TOUCH_PTS,CATCH_SHOOT_PTS,CATCH_SHOOT_FG_PCT,CORNER_3_FGA,ABOVE_BREAK_3_FG_PCT,RA_FGM,LEFT_CORNER_3_FG_PCT,RIGHT_CORNER_3_FG_PCT,BACKCOURT_FG_PCT,RIGHT_CORNER_3_FGA,RA_FGA,MID_FG_PCT,RA_FG_PCT,ABOVE_BREAK_3_FGA,ITP_FGM,BACKCOURT_FGM,MID_FGM,ITP_FGA,CORNER_3_FGM,BACKCOURT_FGA,CORNER_3_FG_PCT,MID_FGA,LEFT_CORNER_3_FGM,ITP_FG_PCT,ABOVE_BREAK_3_FGM,RIGHT_CORNER_3_FGM,LEFT_CORNER_3_FGA,LT_06_PCT,PLAYER_POSITION,FGM_LT_06,FREQ,PLUSMINUS,NS_LT_06_PCT,FGA_LT_06,FGA_20_24,FGM_30_34,FGP_15_19,FGA_30_34,FGA_35_39,FGM_10_14,FGP_LT_5,FGM_20_24,FGM_25_29,FGP_10_14,FGM_40_PLUS,FGP_40_PLUS,FGA_15_19,FGA_40_PLUS,FGA_10_14,FGA_25_29,FGP_35_39,FGP_5_9,TEAM_ABBR,FGM_15_19,FGM_5_9,FGA_LT_5,FGP_20_24,FGM_LT_5,FGM_35_39,FGP_30_34,FGA_5_9,FGP_25_29,CATCH_SHOOT_EFG_PCT,CATCH_SHOOT_FG3A,CATCH_SHOOT_FG3M,CATCH_SHOOT_FG3_PCT,CATCH_SHOOT_FGM,CATCH_SHOOT_FGA,PCT_PLUSMINUS,NORMAL_FG_PCT,three_pt_def_FG3A,three_pt_def_NS_FG3_PCT,three_pt_def_FREQ,three_pt_def_FG3M,three_pt_def_PLUSMINUS,three_pt_def_FG3_PCT,two_pt_def_FG2_PCT,two_pt_def_FREQ,two_pt_def_NS_FG2_PCT,two_pt_def_FG2A,two_pt_def_PLUSMINUS,two_pt_def_FG2M,less_6ft_def_LT_06_PCT,less_6ft_def_FGM_LT_06,less_6ft_def_PLUSMINUS,less_6ft_def_FREQ,less_6ft_def_FGA_LT_06,less_6ft_def_NS_LT_06_PCT,less_10ft_def_PLUSMINUS,less_10ft_def_FGA_LT_10,less_10ft_def_FREQ,less_10ft_def_FGM_LT_10,less_10ft_def_NS_LT_10_PCT,less_10ft_def_LT_10_PCT,more_15ft_def_FREQ,more_15ft_def_FGA_GT_15,more_15ft_def_GT_15_PCT,more_15ft_def_PLUSMINUS,more_15ft_def_FGM_GT_15,more_15ft_def_NS_GT_15_PCT,hustle_BOX_OUTS,hustle_CHARGES_DRAWN,hustle_PCT_BOX_OUTS_DEF,hustle_PCT_BOX_OUTS_TEAM_REB,hustle_TEAM_ABBREVIATION,hustle_PCT_LOOSE_BALLS_RECOVERED_DEF,hustle_PCT_LOOSE_BALLS_RECOVERED_OFF,hustle_CONTESTED_SHOTS,hustle_BOX_OUT_PLAYER_REBS,hustle_CONTESTED_SHOTS_2PT,hustle_DEFLECTIONS,hustle_SCREEN_ASSISTS,hustle_PCT_BOX_OUTS_REB,hustle_DEF_LOOSE_BALLS_RECOVERED,hustle_OFF_BOXOUTS,hustle_OFF_LOOSE_BALLS_RECOVERED,hustle_LOOSE_BALLS_RECOVERED,hustle_DEF_BOXOUTS,hustle_PCT_BOX_OUTS_OFF,hustle_SCREEN_AST_PTS,hustle_CONTESTED_SHOTS_3PT,hustle_BOX_OUT_PLAYER_TEAM_REBS,post_touch_POST_TOUCH_PTS_PCT,post_touch_POST_TOUCH_FG_PCT,post_touch_POST_TOUCH_FGM,post_touch_POST_TOUCH_FTM,post_touch_POST_TOUCH_FTA,post_touch_POST_TOUCH_FGA,post_touch_POST_TOUCH_AST,post_touch_TEAM_ABBREVIATION,post_touch_POST_TOUCH_PASSES,post_touch_POST_TOUCH_TOV,post_touch_POST_TOUCHES,post_touch_POST_TOUCH_TOV_PCT,post_touch_POST_TOUCH_AST_PCT,post_touch_TOUCHES,post_touch_POST_TOUCH_PASSES_PCT,post_touch_POST_TOUCH_FOULS_PCT,post_touch_POST_TOUCH_FOULS,post_touch_POST_TOUCH_FT_PCT,post_touch_POST_TOUCH_PTS,AVG_SPEED_OFF,DIST_MILES_DEF,AVG_SPEED_DEF,DIST_FEET,AVG_SPEED,DIST_MILES_OFF,DIST_MILES,MIN1,year,playoffs,AST_POINTS_CREATED,team_poss,pullup_PULL_UP_FGM,pullup_PULL_UP_FGA,pullup_PULL_UP_FG_PCT,pullup_PULL_UP_PTS,pullup_PULL_UP_FG3M,pullup_PULL_UP_FG3A,pullup_PULL_UP_FG3_PCT,pullup_PULL_UP_EFG_PCT,overall_def_D_FGM,overall_def_D_FGA,overall_def_D_FG_PCT,overall_def_NORMAL_FG_PCT,overall_def_PCT_PLUSMINUS,lt6ft_totals_FGM_LT_06,lt6ft_totals_FGA_LT_06,lt6ft_totals_LT_06_PCT,lt6ft_totals_NS_LT_06_PCT,lt6ft_totals_PLUSMINUS,GAME_ID
1630598,20260107,Aaron Wiggins,Aaron,1610612760,OKC,27.0,1,1,0,1.0,24.933333333333334,3,9,0.333,1,4,0.25,0,0,0.0,1,6,7,4,2,1,2,0,1,2,7,-2,28.4,0,0,25.0,1,1,1,1,122,116,98,150,85,88,108,122,134,122,72,27,38,48,43,48,7,1,66,64,135,151,81,19,2,89,1,13.3,111.3,3.0,101.8,98,180,116,58,60,13.3,101.8,0.109,0.176,-9.5,106.3,179,179,0.033,182,56,127,151,-0.8,0.186,53,39,151,87.43,105.5,165,105.46,0.095,104.92,141,133,71,111.3,122,0.389,153,104.92,0.222,126,130,0.389,26.7,165,174,114,-9.5,60,9.0,62,2.0,62,0.177,0.174,0.174,0.0,9.0,6.0,23.0,4.0,23.0,0.0,3.0,0.222,0.0,0.0,0.0,2.0,0.222,1.0,3.0,0.0,1.0,0.333,0.0,2.0,9.0,0.111,0.333,0.0,2.0,2.0,16.0,0.0,37.0,7.0,0.0,2.95,1.0,3.2,0.189,0.0,0.333,0.667,0.0,1.0,0.0,13.4,1.0,2.0,1.0,4.0,0.0,0.7,2.0,0.0,0.667,0.7,9.0,10.0,5.0,0.286,6.0,1.0,7.1,0.0,,,,,,,,,,,,,,,,0.111,0.556,5.0,1.0,0.0,2.0,0.4,4.0,2.0,0.444,0.4,0.0,0.5,0.0,2.0,0.0,0.111,0.222,0.0,0.111,0.0,0.0,1.0,0.0,0.0,1.0,2.0,0.5,1.0,1.0,0.222,,0.75,2.0,0.0,0.222,0.0,0.0,0.5,1.0,0.0,0.389,2.0,0.0,0.0,0.0,3.0,0.25,3.0,0.0,1.0,0.333,0.0,0.0,0.0,2.0,0.0,0.5,1.0,1.0,0.0,0.0,2.0,1.0,0.0,0.333,1.0,1.0,0.5,0.0,0.0,3.0,0.606,G,40.0,0.284,-0.026,0.632,66.0,3.0,0.0,0.0,0.0,0.0,0.0,0.333,1.0,0.0,0.0,0.0,0.0,0.0,0.0,0.0,1.0,0.0,0.5,OKC,0.0,1.0,3.0,0.333,1.0,0.0,0.0,2.0,0.0,0.375,4.0,1.0,0.25,1,4,0.04,0.46,4.0,0.283,0.286,2.0,0.217,0.5,0.5,0.714,0.537,10.0,-0.037,5.0,0.6,3.0,0.017,0.357,5.0,0.583,0.096,6.0,0.429,4.0,0.571,0.667,0.357,5.0,0.4,0.097,2.0,0.303,0.0,0.0,0.0,0.0,OKC,0.0,1.0,6.0,0.0,6.0,0.0,0.0,0.0,0.0,0.0,1.0,1.0,0.0,0.0,0.0,0.0,0.0,0.0,0.0,0.0,0.0,0.0,0.0,0.0,OKC,0.0,0.0,0.0,0.0,0.0,37.0,0.0,0.0,0.0,0.0,0.0,5.13,1.1,4.45,11149.0,4.75,1.0,2.1,24.9,2026,False,,118.0,0,1,0.0,0,0.0,0.0,,0.0,7.0,14.0,0.5,0.454,0.046,3.0,5.0,0.6,0.588,0.012,22500525
1642846,20260107,Ace Bailey,Ace,1610612762,UTA,19.0,1,0,1,0.0,10.233333333333333,1,3,0.333,0,2,0.0,0,0,0.0,0,1,1,0,0,1,0,0,1,0,2,-2,6.2,0,0,5.0,1,134,134,134,224,179,200,150,141,146,141,122,134,122,143,174,198,186,160,48,100,1,66,175,197,151,216,19,2,219,1,0.0,100.0,1.0,91.3,200,1,179,186,109,0.0,91.3,0.037,0.083,-8.7,108.5,172,172,0.0,1,23,205,78,-12.0,0.112,186,130,78,89.9,96.5,210,100.75,0.023,107.88,192,149,204,100.0,205,0.333,177,107.88,0.0,215,189,0.333,0.0,210,192,143,-8.7,162,3.0,34,0.0,34,0.1,0.0,0.0,0.0,0.0,0.0,3.0,0.0,4.0,0.0,0.0,0.0,0.0,0.0,0.0,0.0,0.0,0.0,0.0,0.0,0.0,0.0,0.0,0.0,0.0,0.0,0.0,0.0,0.1,0.0,4.0,0.0,6.0,2.0,0.0,0.33,0.0,1.03,0.333,0.0,1.0,1.0,0.0,0.0,0.0,0.0,0.0,1.0,0.0,0.0,0.0,1.0,1.0,0.0,1.0,1.0,1.0,1.0,0.0,1.0,6.8,0.0,6.8,0.0,,,,,,,,,,,,,,,,0.0,0.333,1.0,0.0,,1.0,1.0,1.0,1.0,0.333,1.0,0.0,1.0,,,,,,,,,,,,,,2.0,0.0,0.0,0.0,0.667,,0.0,2.0,0.0,0.667,0.0,0.0,0.0,0.0,0.0,0.333,0.0,0.0,0.0,0.0,0.0,0.0,0.0,0.0,0.0,0.0,0.0,0.0,0.0,0.0,1.0,0.0,2.0,0.0,0.0,1.0,0.0,0.0,0.0,0.0,1.0,0.0,0.0,0.0,0.0,0.0,0.649,F,61.0,0.347,0.01,0.639,94.0,1.0,,1.0,,0.0,0.0,0.0,0.0,0.0,0.0,0.0,0.0,1.0,0.0,0.0,1.0,0.0,0.0,UTA,1.0,0.0,0.0,0.0,0.0,0.0,,0.0,0.0,0.0,2.0,0.0,0.0,0,2,0.081,0.519,2.0,0.37,0.4,1.0,0.13,0.5,0.667,0.6,0.595,3.0,0.072,2.0,1.0,2.0,0.274,0.4,2.0,0.726,0.306,2.0,0.4,2.0,0.695,1.0,0.6,3.0,0.333,-0.038,1.0,0.371,1.0,0.0,1.0,1.0,UTA,0.0,0.0,1.0,1.0,1.0,2.0,1.0,1.0,0.0,0.0,0.0,0.0,1.0,0.0,2.0,0.0,1.0,0.0,0.0,0.0,0.0,0.0,0.0,0.0,UTA,0.0,0.0,0.0,0.0,0.0,6.0,0.0,0.0,0.0,0.0,0.0,3.24,0.4,4.65,3941.0,3.92,0.3,0.7,10.2,2026,False,,117.0,1,1,1.0,2,0.0,0.0,,1.0,3.0,5.0,0.6,0.514,0.086,2.0,2.0,1.0,0.717,0.284,22500525
1642349,20260107,Ajay Mitchell,Ajay,1610612760,OKC,23.0,1,1,0,1.0,33.07,5,15,0.333,2,7,0.286,4,4,1.0,0,2,2,5,1,3,1,2,1,3,16,7,36.9,0,0,33.0,1,1,1,1,46,67,32,150,43,30,103,21,32,1,143,134,168,35,94,5,32,232,66,38,55,54,40,19,2,47,1,4.4,104.0,5.0,111.8,32,108,67,86,17,4.3,111.8,0.024,0.05,7.8,99.8,88,88,0.0,108,76,115,104,13.1,0.211,59,7,104,91.32,112.9,99,111.39,0.1,109.59,66,91,216,104.0,85,0.4,149,109.59,0.217,79,89,0.477,21.7,99,141,143,7.8,202,15.0,20,5.0,20,0.207,0.114,0.159,1.0,14.0,9.0,44.0,7.0,46.0,1.0,5.0,0.0,2.0,1.0,4.0,6.0,0.375,4.0,9.0,0.125,1.0,0.563,4.0,0.0,16.0,0.25,0.2,0.0,3.6,1.0,32.0,0.0,62.0,16.0,0.0,3.1,2.0,3.52,0.258,0.0,0.5,0.4,0.0,0.0,0.0,0.0,0.0,1.0,0.0,1.0,1.0,0.286,1.0,0.0,0.5,0.333,5.0,7.0,1.0,0.5,7.8,2.0,7.8,1.0,1.0,0.067,0.0,,0.0,0.0,0.0,0.0,0.067,0.0,1.0,1.0,0.0,OKC,0.0,0.0,0.333,5.0,0.0,,1.0,0.2,5.0,1.0,0.333,0.2,0.0,0.2,1.0,1.0,1.0,0.067,0.067,1.0,0.0,,0.0,0.0,1.0,1.0,1.0,8.0,0.286,3.0,2.0,0.533,1.0,0.5,7.0,1.0,0.467,0.067,1.0,0.375,0.5,0.0,0.4,2.0,0.0,0.0,0.0,6.0,0.286,3.0,0.25,2.0,0.0,1.0,0.0,1.0,5.0,1.0,0.4,4.0,0.0,0.0,1.0,2.0,1.0,0.0,0.333,1.0,0.0,0.0,1.0,1.0,2.0,0.493,G,34.0,0.252,-0.121,0.614,69.0,5.0,,0.0,,0.0,0.0,0.286,2.0,1.0,0.0,0.0,0.0,0.0,0.0,0.0,3.0,0.0,0.0,OKC,0.0,0.0,7.0,0.4,2.0,0.0,,0.0,0.333,0.429,7.0,2.0,0.286,2,7,-0.133,0.466,2.0,0.364,0.167,0.0,-0.364,0.0,0.4,0.833,0.551,10.0,-0.151,4.0,0.4,2.0,-0.225,0.417,5.0,0.625,-0.08,6.0,0.5,3.0,0.58,0.5,0.25,3.0,0.333,-0.024,1.0,0.358,1.0,0.0,1.0,1.0,OKC,0.0,0.0,3.0,0.0,2.0,5.0,0.0,0.0,0.0,0.0,0.0,0.0,1.0,0.0,0.0,1.0,1.0,0.0,0.0,0.0,0.0,0.0,0.0,0.0,OKC,0.0,0.0,0.0,0.0,0.0,62.0,0.0,0.0,0.0,0.0,0.0,4.91,1.2,3.81,14160.0,4.5,1.4,2.7,33.1,2026,False,,118.0,1,1,1.0,2,0.0,0.0,,1.0,4.0,12.0,0.333,0.464,-0.131,2.0,5.0,0.4,0.636,-0.236,22500525
1642382,20260107,Branden Carlson,Branden,1610612760,OKC,26.0,1,1,0,1.0,11.225,1,4,0.25,0,1,0.0,1,2,0.5,2,3,5,1,1,0,2,1,1,1,3,-1,15.5,0,0,13.0,1,1,1,1,219,179,177,192,141,177,141,88,66,90,45,95,82,133,94,136,7,161,66,104,187,138,162,19,2,168,1,14.5,104.0,1.0,100.0,177,183,179,129,18,14.3,100.0,0.2,0.214,-4.0,96.0,149,149,0.182,189,25,150,104,4.1,0.218,101,79,104,89.09,100.2,169,111.27,0.077,106.9,104,74,13,104.0,78,0.25,205,106.9,0.143,65,167,0.307,14.3,169,204,15,-4.0,37,4.0,46,1.0,46,0.222,0.071,0.071,0.0,2.0,0.0,14.0,1.0,7.0,0.0,1.0,0.0,0.0,0.0,0.0,0.0,0.0,0.0,0.0,0.0,0.0,0.0,0.0,0.0,1.0,0.0,0.0,0.0,0.4,0.667,8.0,0.0,20.0,3.0,0.0,0.4,3.0,1.23,0.15,0.0,0.333,0.429,0.5,1.0,0.0,3.9,0.667,1.0,0.667,2.0,1.0,0.556,2.0,1.0,0.5,0.625,7.0,9.0,3.0,0.4,3.7,3.0,3.8,1.0,1.0,0.25,0.0,,0.0,0.0,0.0,0.0,0.25,0.0,1.0,1.0,0.0,OKC,0.0,0.0,0.5,2.0,0.0,,1.0,0.5,2.0,1.0,0.5,0.5,0.0,0.5,,,,,,,,,,,,,,1.0,0.0,0.0,0.0,0.25,,0.0,1.0,0.0,0.25,0.0,0.0,0.0,0.5,0.0,0.25,2.0,0.0,0.0,0.0,0.0,0.0,1.0,0.0,1.0,0.0,0.0,0.0,1.0,2.0,0.0,0.5,0.0,0.0,0.0,0.0,1.0,0.0,0.0,0.0,0.0,0.0,0.0,0.0,0.0,0.0,0.614,C,35.0,0.333,-0.016,0.63,57.0,1.0,,0.0,,,0.0,0.5,0.0,0.0,0.0,0.0,0.0,0.0,0.0,0.0,0.0,,0.0,OKC,0.0,0.0,2.0,0.0,1.0,,,1.0,0.0,,0.0,0.0,,0,0,0.026,0.475,,,,,,,0.5,1.0,0.554,8.0,-0.054,4.0,0.333,1.0,-0.26,0.375,3.0,0.593,-0.182,5.0,0.625,2.0,0.582,0.4,0.125,1.0,1.0,0.615,1.0,0.385,1.0,0.0,1.0,1.0,OKC,0.0,0.0,7.0,1.0,7.0,1.0,0.0,1.0,0.0,0.0,0.0,0.0,1.0,0.0,0.0,0.0,1.0,0.0,0.0,0.0,0.0,0.0,0.0,0.0,OKC,0.0,0.0,0.0,0.0,0.0,20.0,0.0,0.0,0.0,0.0,0.0,5.35,0.4,3.66,4958.0,4.44,0.5,0.9,11.2,2026,False,,118.0,0,1,0.0,0,0.0,1.0,0.0,0.0,4.0,8.0,0.5,0.481,0.019,1.0,3.0,0.333,0.62,-0.287,22500525
1641729,20260107,Brice Sensabaugh,Brice,1610612762,UTA,22.0,1,0,1,0.0,31.966666666666665,6,12,0.5,0,5,0.0,1,1,1.0,1,4,5,1,1,0,0,1,3,2,13,8,19.5,0,0,19.0,1,134,134,134,54,51,65,62,141,65,141,88,118,1,72,67,82,133,94,136,100,161,191,64,78,49,131,19,2,128,1,6.9,105.5,6.0,116.4,65,128,51,171,16,7.1,116.4,0.063,0.095,11.0,106.1,79,79,0.026,127,73,175,118,5.5,0.154,183,79,118,91.35,111.6,76,111.66,0.058,109.61,100,131,154,105.5,160,0.5,102,109.61,0.037,166,94,0.523,7.1,76,110,131,11.0,149,12.0,19,1.0,19,0.148,0.048,0.095,1.0,5.0,3.0,21.0,2.0,25.0,0.0,4.0,0.143,0.0,0.0,0.0,9.0,1.286,0.0,2.0,0.0,4.0,0.286,0.0,1.0,7.0,0.0,1.0,0.0,1.4,2.0,24.0,0.0,36.0,13.0,0.0,1.61,1.0,2.35,0.361,0.0,0.0,0.8,0.0,1.0,0.0,4.0,0.2,0.0,0.2,4.0,1.0,0.556,0.0,0.0,1.0,0.625,5.0,9.0,5.0,0.0,10.1,5.0,8.9,1.0,1.0,0.083,1.0,,0.0,1.0,0.0,1.0,0.083,1.0,1.0,1.0,1.0,UTA,0.0,0.0,0.333,4.0,0.0,,3.0,0.75,4.0,3.0,0.333,0.75,0.0,0.75,1.0,4.0,0.5,0.167,0.333,0.5,0.167,0.0,0.0,2.0,2.0,2.0,2.0,3.0,0.0,0.0,0.0,0.25,,0.0,3.0,0.0,0.25,0.0,0.0,0.0,1.0,0.0,0.5,2.0,0.0,0.0,0.0,0.0,0.0,2.0,0.0,3.0,0.0,0.0,0.0,1.0,4.0,1.0,0.75,3.0,2.0,0.0,1.0,2.0,0.0,0.0,0.0,1.0,0.0,1.0,0.0,0.0,1.0,0.633,F,50.0,0.341,0.002,0.631,79.0,3.0,0.0,1.0,0.0,0.0,0.0,0.75,0.0,0.0,0.0,0.0,0.0,1.0,0.0,0.0,2.0,0.0,1.0,UTA,1.0,2.0,4.0,0.0,3.0,0.0,0.0,2.0,0.0,0.0,5.0,0.0,0.0,0,5,-0.126,0.483,6.0,0.355,0.429,1.0,-0.188,0.167,0.5,0.571,0.541,8.0,-0.041,4.0,0.667,2.0,0.006,0.214,3.0,0.661,-0.106,4.0,0.286,2.0,0.606,0.5,0.571,8.0,0.375,-0.002,3.0,0.377,0.0,0.0,0.0,0.0,UTA,0.0,0.0,5.0,0.0,4.0,0.0,0.0,0.0,0.0,0.0,0.0,0.0,0.0,0.0,0.0,1.0,0.0,0.0,0.0,0.0,0.0,0.0,0.0,0.0,UTA,0.0,0.0,0.0,0.0,0.0,36.0,0.0,0.0,0.0,0.0,0.0,4.21,1.1,4.11,12992.0,4.34,1.3,2.5,32.0,2026,False,,117.0,1,1,1.0,2,0.0,0.0,,1.0,5.0,14.0,0.357,0.484,-0.127,2.0,3.0,0.667,0.65,0.017,22500525
1641717,20260107,Cason Wallace,Cason,1610612760,OKC,22.0,1,1,0,1.0,30.688333333333333,2,7,0.286,0,2,0.0,0,0,0.0,3,3,6,0,3,4,1,0,3,1,4,12,23.2,0,0,20.0,1,1,1,1,68,145,128,182,141,146,141,122,134,122,25,95,58,186,23,2,32,1,191,104,178,28,106,19,2,122,1,30.0,94.2,2.0,111.6,128,242,145,186,68,30.0,111.6,0.08,0.079,17.4,97.7,50,50,0.081,242,69,212,55,16.8,0.133,186,130,55,89.94,114.5,102,104.61,0.015,107.92,48,81,120,94.2,188,0.286,198,107.92,0.0,190,86,0.286,0.0,102,208,60,17.4,168,7.0,33,0.0,33,0.127,0.0,0.083,1.0,2.0,3.0,24.0,2.0,20.0,1.0,1.0,0.333,0.0,0.0,0.0,0.0,0.0,0.0,1.0,0.0,0.0,0.333,0.0,1.0,3.0,0.0,0.0,0.0,1.1,0.5,18.0,0.0,35.0,4.0,0.0,1.09,4.0,1.83,0.114,0.0,0.333,1.0,0.0,3.0,0.0,12.0,0.75,1.0,0.75,2.0,0.0,0.857,1.0,0.0,1.0,0.857,3.0,7.0,5.0,0.167,6.1,4.0,9.1,0.0,1.0,0.143,0.0,,0.0,0.0,0.0,0.0,0.143,0.0,1.0,1.0,0.0,OKC,0.0,0.0,0.143,1.0,0.0,,0.0,0.0,1.0,0.0,0.143,0.0,0.0,0.0,1.0,2.0,0.5,0.143,0.286,0.5,0.143,0.0,0.0,1.0,1.0,1.0,1.0,3.0,0.0,1.0,0.0,0.429,0.5,0.333,1.0,1.0,0.143,0.286,2.0,0.333,0.333,0.0,0.286,2.0,0.0,0.0,0.0,0.0,0.0,1.0,0.0,1.0,0.0,0.0,0.0,1.0,4.0,1.0,0.25,1.0,0.0,0.0,1.0,0.0,0.0,0.0,0.0,1.0,0.0,0.0,0.0,0.0,0.0,0.624,G,78.0,0.281,-0.002,0.626,125.0,2.0,0.0,0.0,0.0,0.0,0.0,0.25,1.0,0.0,0.0,0.0,0.0,0.0,0.0,0.0,1.0,0.0,0.0,OKC,0.0,0.0,4.0,0.5,1.0,0.0,0.0,0.0,0.0,0.0,2.0,0.0,0.0,0,2,-0.002,0.463,6.0,0.347,0.462,1.0,-0.181,0.167,0.714,0.538,0.548,7.0,0.167,5.0,0.6,3.0,0.027,0.385,5.0,0.573,0.106,6.0,0.462,4.0,0.561,0.667,0.462,6.0,0.167,-0.193,1.0,0.359,0.0,0.0,0.0,0.0,OKC,0.0,0.0,2.0,0.0,1.0,5.0,1.0,0.0,0.0,0.0,0.0,0.0,0.0,0.0,2.0,1.0,0.0,0.0,0.0,0.0,0.0,0.0,0.0,0.0,OKC,0.0,0.0,0.0,0.0,0.0,35.0,0.0,0.0,0.0,0.0,0.0,4.79,1.2,3.99,12857.0,4.36,1.2,2.4,30.7,2026,False,,118.0,1,1,1.0,2,0.0,0.0,,1.0,6.0,13.0,0.462,0.459,0.002,3.0,5.0,0.6,0.586,0.014,22500525
1631096,20260107,Chet Holmgren,Chet,1610612760,OKC,23.0,1,1,0,1.0,40.085,9,15,0.6,0,3,0.0,5,8,0.625,5,7,12,1,1,1,3,1,5,5,23,5,49.9,1,0,44.0,1,1,1,1,7,20,32,37,141,113,141,12,8,85,8,16,9,133,94,48,3,161,243,15,22,66,6,1,2,15,1,4.9,114.3,9.0,116.1,32,111,20,181,63,5.0,116.1,0.128,0.152,1.8,108.9,114,114,0.104,111,87,93,178,6.4,0.2,182,79,178,85.32,115.2,79,105.26,0.115,102.38,97,152,56,114.3,104,0.6,71,102.38,0.038,102,82,0.621,5.0,79,75,40,1.8,84,15.0,89,1.0,89,0.192,0.025,0.025,0.0,2.0,1.0,40.0,1.0,28.0,0.0,1.0,0.0,1.0,0.5,2.0,1.0,0.333,0.0,1.0,0.333,0.0,0.333,1.0,0.0,3.0,0.0,0.0,0.0,1.6,1.583,32.0,2.0,59.0,23.0,1.0,0.58,12.0,1.61,0.39,1.0,0.714,0.538,0.4,3.0,0.0,3.8,0.625,5.0,0.625,2.0,1.0,0.571,7.0,2.0,0.583,0.6,13.0,21.0,5.0,0.583,5.0,8.0,4.5,1.0,2.0,0.133,2.0,,0.0,1.0,0.0,2.0,0.133,1.0,2.0,1.0,1.0,OKC,0.0,0.0,0.6,9.0,0.0,,6.0,0.667,9.0,6.0,0.6,0.667,0.0,0.667,1.0,4.0,0.25,0.067,0.267,0.25,0.2,0.0,0.0,3.0,1.0,1.0,1.0,,,,,,,,,,,,,,0.889,0.0,0.6,19.0,0.0,0.0,2.0,0.0,0.0,1.0,0.0,9.0,0.0,0.0,0.0,0.0,11.0,0.0,0.818,2.0,0.0,0.0,0.0,0.0,0.0,0.0,0.0,1.0,0.0,0.0,0.0,0.0,1.0,0.495,C-F,100.0,0.444,-0.134,0.629,202.0,1.0,0.0,0.0,0.0,0.0,0.0,0.818,0.0,0.0,0.0,0.0,0.0,0.0,0.0,0.0,2.0,0.0,0.0,OKC,0.0,0.0,11.0,0.0,9.0,0.0,0.0,1.0,0.0,0.0,2.0,0.0,0.0,0,3,-0.138,0.481,8.0,0.365,0.25,0.0,-0.365,0.0,0.458,0.75,0.549,24.0,-0.09,11.0,0.471,8.0,-0.127,0.531,17.0,0.598,-0.145,21.0,0.656,9.0,0.573,0.429,0.281,9.0,0.0,-0.375,0.0,0.375,1.0,0.0,1.0,1.0,OKC,0.0,0.0,17.0,0.0,12.0,1.0,6.0,0.0,0.0,0.0,0.0,0.0,1.0,0.0,12.0,5.0,1.0,2.0,0.0,0.0,2.0,2.0,0.0,0.0,OKC,0.0,0.0,1.0,0.0,0.0,59.0,0.0,1.0,1.0,1.0,2.0,4.81,1.5,3.92,16117.0,4.34,1.6,3.1,40.1,2026,False,,118.0,0,1,0.0,0,0.0,1.0,0.0,0.0,11.0,32.0,0.344,0.48,-0.136,8.0,17.0,0.471,0.597,-0.127,22500525
1642262,20260107,Cody Williams,Cody,1610612762,UTA,21.0,1,0,1,0.0,13.966666666666669,2,4,0.5,1,2,0.5,0,0,0.0,1,2,3,0,0,1,2,1,3,0,5,-13,17.6,0,0,15.0,1,134,134,134,199,145,177,62,85,146,35,122,134,122,72,134,131,186,160,48,7,161,191,175,165,237,143,19,2,149,1,0.0,115.2,2.0,80.6,177,1,145,186,30,0.0,80.6,0.086,0.125,-34.5,115.7,243,243,0.053,1,31,154,183,-34.1,0.115,186,130,183,91.65,81.6,231,109.08,0.076,109.98,240,183,111,115.2,203,0.625,60,109.98,0.0,206,229,0.625,0.0,231,70,84,-34.5,106,4.0,16,0.0,16,0.108,0.0,0.0,0.0,0.0,1.0,6.0,0.0,4.0,0.0,0.0,0.0,0.0,0.0,0.0,0.0,0.0,0.0,1.0,0.0,0.0,1.0,0.0,0.0,1.0,0.0,0.0,0.0,0.3,0.0,5.0,0.0,9.0,5.0,0.0,1.78,1.0,2.09,0.556,0.0,1.0,0.667,0.0,1.0,0.0,9.1,0.5,2.0,0.5,0.0,1.0,0.6,2.0,0.0,1.0,0.75,3.0,5.0,1.0,0.667,11.5,2.0,10.7,1.0,1.0,0.25,1.0,,0.0,1.0,0.0,1.0,0.25,1.0,1.0,1.0,1.0,UTA,0.0,0.0,0.25,1.0,0.0,,0.0,0.0,1.0,0.0,0.25,0.0,0.0,0.0,,,,,,,,,,,,,,2.0,0.5,1.0,1.0,0.5,,0.75,2.0,0.0,0.5,0.0,0.0,0.5,0.0,0.0,0.625,0.0,0.0,0.0,0.0,3.0,0.5,2.0,0.0,1.0,1.0,0.0,0.0,1.0,2.0,0.0,0.5,0.0,0.0,0.0,0.0,0.0,1.0,0.0,0.5,0.0,1.0,0.0,0.0,0.0,1.0,0.55,F,22.0,0.339,-0.102,0.652,40.0,2.0,,0.0,,,0.0,0.5,1.0,0.0,0.0,0.0,0.0,0.0,0.0,0.0,0.0,,0.0,UTA,0.0,0.0,2.0,0.5,1.0,,,0.0,0.0,0.75,2.0,1.0,0.5,1,2,-0.014,0.514,2.0,0.366,0.2,2.0,0.634,1.0,0.375,0.8,0.616,8.0,-0.241,3.0,0.25,1.0,-0.425,0.4,4.0,0.675,-0.458,5.0,0.5,1.0,0.658,0.2,0.2,2.0,1.0,0.643,2.0,0.357,0.0,0.0,0.0,0.0,UTA,1.0,0.0,5.0,0.0,5.0,1.0,0.0,0.0,1.0,0.0,0.0,1.0,0.0,0.0,0.0,0.0,0.0,0.0,0.0,0.0,0.0,0.0,0.0,0.0,UTA,0.0,0.0,0.0,0.0,0.0,9.0,0.0,0.0,0.0,0.0,0.0,4.5,0.6,5.26,6180.0,4.85,0.6,1.2,14.0,2026,False,,117.0,0,0,,0,0.0,0.0,,,5.0,10.0,0.5,0.506,-0.006,1.0,4.0,0.25,0.682,-0.432,22500525
1642268,20260107,Isaiah Collier,Isaiah,1610612762,UTA,21.0,1,0,1,0.0,17.533333333333335,3,5,0.6,0,1,0.0,0,2,0.0,0,1,1,5,2,0,0,1,3,1,6,-13,12.7,0,0,12.0,1,134,134,134,179,116,159,37,141,177,141,122,66,122,143,174,198,35,43,136,100,161,191,104,144,237,181,19,2,175,1,15.5,128.2,3.0,97.4,159,194,116,19,36,15.4,97.4,0.025,0.059,-30.8,128.1,236,236,0.0,196,38,193,222,-36.0,0.178,8,34,222,87.83,92.0,191,108.47,0.037,105.4,243,228,215,128.2,130,0.6,71,105.4,0.455,130,206,0.51,38.5,191,120,143,-30.8,186,5.0,55,2.5,55,0.174,0.122,0.122,0.0,13.0,11.0,41.0,5.0,42.0,0.0,3.0,0.0,0.0,0.0,0.0,4.0,0.4,3.0,6.0,0.0,2.0,0.6,0.0,0.0,10.0,0.3,0.667,0.0,5.1,0.0,19.0,0.0,51.0,6.0,0.0,5.57,1.0,5.96,0.118,1.0,0.0,0.333,0.0,0.0,0.0,0.0,0.0,0.0,0.0,1.0,1.0,0.2,0.0,0.0,0.5,0.25,3.0,5.0,1.0,0.0,9.8,2.0,9.8,1.0,,,,,,,,,,,,,,,,0.0,0.4,2.0,0.0,,1.0,0.5,2.0,1.0,0.4,0.5,0.0,0.5,1.0,3.0,0.667,0.4,0.6,0.667,0.2,0.0,0.0,1.0,2.0,2.0,2.0,,,,,,,,,,,,,,0.0,0.0,0.6,0.0,0.0,0.0,0.0,0.0,0.0,0.0,0.0,1.0,0.0,0.0,0.0,0.0,1.0,0.0,1.0,1.0,2.0,0.0,0.0,3.0,0.0,0.0,0.0,0.0,0.0,0.667,0.0,0.0,0.0,0.766,G,59.0,0.329,0.134,0.633,77.0,0.0,,0.0,,,1.0,1.0,0.0,0.0,1.0,0.0,0.0,0.0,0.0,1.0,1.0,,0.5,UTA,0.0,1.0,1.0,0.0,1.0,,,2.0,0.0,0.0,1.0,0.0,0.0,0,1,-0.009,0.509,4.0,0.372,0.667,2.0,0.128,0.5,0.5,0.333,0.663,2.0,-0.163,1.0,0.5,1.0,-0.251,0.333,2.0,0.751,-0.212,2.0,0.333,1.0,0.712,0.5,0.667,4.0,0.5,0.116,2.0,0.385,,,,,,,,,,,,,,,,,,,,,,,0.0,0.0,0.0,0.0,0.0,0.0,0.0,UTA,1.0,0.0,1.0,0.0,0.0,51.0,1.0,0.0,0.0,0.0,0.0,4.58,0.6,4.27,7202.0,4.44,0.8,1.4,17.5,2026,False,,117.0,2,2,1.0,4,0.0,0.0,,1.0,3.0,6.0,0.5,0.506,-0.006,1.0,2.0,0.5,0.76,-0.26,22500525
1630198,20260107,Isaiah Joe,Isaiah,1610612760,OKC,26.0,1,1,0,1.0,9.7,1,3,0.333,1,3,0.333,2,3,0.667,0,1,1,0,0,0,0,0,2,1,5,-9,6.2,0,0,7.0,1,1,1,1,226,179,200,150,85,113,77,52,51,77,143,174,198,186,160,136,100,1,144,104,165,212,216,19,2,206,1,0.0,136.4,1.0,105.0,200,1,179,186,24,0.0,105.0,0.05,0.1,-31.4,124.0,237,237,0.0,1,20,208,240,-19.4,0.205,186,130,240,86.6,104.6,148,109.56,0.02,103.92,210,214,179,136.4,93,0.5,102,103.92,0.0,105,136,0.579,0.0,148,91,143,-31.4,140,3.0,72,0.0,72,0.19,0.0,0.0,0.0,0.0,1.0,9.0,0.0,9.0,0.0,0.0,0.0,0.0,0.0,0.0,0.0,0.0,0.0,0.0,0.0,0.0,0.0,0.0,0.0,0.0,0.0,0.0,0.0,0.4,0.0,8.0,0.0,13.0,5.0,0.0,1.0,0.0,1.7,0.385,0.0,1.0,0.5,0.0,0.0,0.0,0.0,0.0,1.0,0.0,0.0,0.0,0.5,1.0,0.0,0.5,0.5,2.0,2.0,0.0,1.0,8.1,0.0,8.1,0.0,,,,,,,,,,,,,,,,0.333,0.333,1.0,1.0,0.0,0.0,0.0,0.0,0.0,0.0,0.0,0.0,,,1.0,1.5,0.0,0.333,1.0,0.333,1.0,1.0,1.0,0.0,1.0,0.0,1.0,0.0,0.0,0.0,0.333,,0.0,1.0,0.0,0.333,0.0,0.0,0.0,0.0,0.0,0.5,0.0,0.0,0.0,0.0,3.0,0.333,2.0,0.0,0.0,0.0,1.0,0.0,1.0,0.0,0.0,0.0,1.0,0.0,0.0,0.0,0.0,1.0,0.0,0.5,0.0,0.0,0.0,0.0,1.0,1.0,0.63,G,46.0,0.327,-0.01,0.64,73.0,2.0,,0.0,,0.0,0.0,0.0,1.0,0.0,0.0,0.0,0.0,0.0,0.0,0.0,1.0,0.0,0.0,OKC,0.0,0.0,0.0,0.5,0.0,0.0,,0.0,0.0,0.5,3.0,1.0,0.333,1,3,0.15,0.45,3.0,0.337,0.6,2.0,0.33,0.667,0.5,0.4,0.578,2.0,-0.078,1.0,1.0,1.0,0.317,0.2,1.0,0.683,0.376,1.0,0.2,1.0,0.624,1.0,0.6,3.0,0.667,0.323,2.0,0.344,0.0,0.0,0.0,0.0,OKC,0.0,0.0,2.0,0.0,0.0,1.0,0.0,0.0,0.0,0.0,0.0,0.0,0.0,0.0,0.0,2.0,0.0,0.0,0.0,0.0,0.0,0.0,0.0,0.0,OKC,0.0,0.0,0.0,0.0,0.0,13.0,0.0,0.0,0.0,0.0,0.0,5.11,0.4,4.13,4442.0,4.56,0.4,0.8,9.7,2026,False,,118.0,0,0,,0,0.0,0.0,,,3.0,5.0,0.6,0.449,0.151,1.0,1.0,1.0,0.687,0.313,22500525
1631114,20260107,Jalen Williams,Jalen,1610612760,OKC,24.0,1,1,0,1.0,40.958333333333336,6,15,0.4,1,5,0.2,4,4,1.0,1,5,6,8,2,0,0,1,3,4,17,-2,34.2,0,0,32.0,1,1,1,1,5,51,32,122,85,65,122,21,32,1,72,46,58,8,43,136,100,161,191,21,50,151,51,19,2,52,1,7.5,113.3,6.0,109.9,32,132,51,45,44,7.4,109.9,0.061,0.102,-3.4,110.8,145,145,0.02,132,91,133,171,-0.3,0.187,31,10,171,88.38,110.5,111,106.97,0.09,106.06,137,161,158,113.3,121,0.433,138,106.06,0.286,115,105,0.507,29.6,111,126,141,-3.4,139,15.0,50,4.0,50,0.184,0.129,0.145,1.0,22.0,16.0,62.0,9.0,66.0,0.0,4.0,0.0,1.0,1.0,2.0,6.0,0.5,3.0,6.0,0.083,2.0,0.5,2.0,0.0,12.0,0.25,0.5,0.667,4.6,1.0,44.0,0.0,85.0,17.0,3.0,2.74,4.0,3.25,0.2,0.0,0.4,0.556,0.0,1.0,0.0,11.6,0.25,2.0,0.25,3.0,0.0,0.462,2.0,0.0,0.556,0.462,9.0,13.0,4.0,0.333,5.8,4.0,6.8,0.0,1.0,0.067,0.0,,0.0,0.0,0.0,0.0,0.067,0.0,1.0,1.0,0.0,OKC,0.0,0.0,0.4,6.0,0.0,,3.0,0.5,6.0,3.0,0.4,0.5,0.0,0.5,0.667,5.0,0.4,0.2,0.333,0.4,0.133,0.0,0.0,2.0,2.0,2.0,3.0,3.0,0.333,1.0,1.0,0.2,,0.5,3.0,0.0,0.2,0.0,0.0,0.333,0.667,2.0,0.433,4.0,0.0,0.0,0.0,3.0,0.2,0.0,0.2,3.0,0.0,0.0,0.0,0.0,5.0,0.667,0.6,5.0,0.0,0.0,2.0,2.0,0.0,0.0,0.0,3.0,0.0,0.0,1.0,0.0,0.0,0.561,G-F,37.0,0.4,-0.078,0.639,66.0,1.0,0.0,0.5,0.0,0.0,1.0,0.6,1.0,0.0,0.5,0.0,0.0,2.0,0.0,2.0,4.0,0.0,0.0,OKC,1.0,0.0,5.0,1.0,3.0,0.0,0.0,1.0,0.0,0.3,5.0,1.0,0.2,1,5,0.135,0.465,3.0,0.357,0.2,1.0,-0.023,0.333,0.667,0.8,0.548,12.0,0.119,8.0,0.636,7.0,-0.006,0.733,11.0,0.643,0.037,11.0,0.733,7.0,0.6,0.636,0.2,3.0,0.333,-0.035,1.0,0.368,1.0,0.0,1.0,1.0,OKC,1.0,0.0,2.0,0.0,0.0,2.0,0.0,0.0,1.0,0.0,0.0,1.0,1.0,0.0,0.0,2.0,1.0,0.0,0.0,0.0,0.0,0.0,0.0,0.0,OKC,0.0,0.0,0.0,0.0,0.0,85.0,0.0,0.0,0.0,0.0,0.0,4.99,1.5,3.8,16752.0,4.36,1.7,3.2,41.0,2026,False,,118.0,2,4,0.5,4,0.0,0.0,,0.5,9.0,15.0,0.6,0.462,0.138,7.0,11.0,0.636,0.645,-0.009,22500525
203994,20260107,Jusuf Nurkić,Jusuf,1610612762,UTA,31.0,1,0,1,0.0,32.56666666666667,6,16,0.375,0,1,0.0,3,4,0.75,5,10,15,4,2,3,1,1,6,3,15,13,49.0,1,0,42.0,1,134,134,134,51,51,30,139,141,177,141,32,32,67,8,3,3,48,43,5,32,161,258,38,61,23,9,1,2,20,1,8.4,98.7,6.0,119.2,30,139,51,106,15,8.3,119.2,0.188,0.233,20.5,97.2,39,39,0.135,144,73,95,76,17.9,0.223,101,39,76,90.89,115.1,66,111.81,0.111,109.07,47,78,15,98.7,72,0.375,156,109.07,0.143,60,83,0.422,16.7,66,161,27,20.5,29,16.0,28,2.0,28,0.227,0.114,0.114,0.0,9.0,3.0,35.0,4.0,33.0,0.0,2.0,0.333,0.0,0.0,0.0,2.0,0.667,0.0,0.0,0.0,1.0,0.0,0.0,1.0,3.0,0.0,0.5,0.667,1.8,0.636,37.0,0.667,55.0,15.0,6.0,0.84,11.0,1.94,0.273,3.0,0.3,0.588,0.8,1.0,1.0,3.4,0.5,3.0,0.556,7.0,2.0,0.556,7.0,4.0,0.625,0.6,17.0,27.0,8.0,0.467,3.8,10.0,3.6,1.0,4.0,0.25,2.0,,0.0,0.5,0.0,2.0,0.25,0.5,4.0,1.0,0.5,UTA,0.0,0.0,0.563,9.0,0.0,,2.0,0.222,9.0,2.0,0.563,0.222,0.0,0.222,1.0,1.0,1.0,0.063,0.063,1.0,0.0,,0.0,0.0,1.0,1.0,1.0,2.0,0.0,1.0,0.0,0.125,1.0,0.5,1.0,1.0,0.063,0.063,1.0,0.5,0.25,4.0,0.375,7.0,0.0,0.333,2.0,2.0,0.5,0.0,0.0,3.0,0.0,0.0,0.0,0.0,9.0,0.0,0.333,1.0,3.0,0.0,0.0,6.0,0.0,0.0,0.0,0.0,0.0,0.5,0.0,0.0,0.0,0.613,C,95.0,0.376,-0.043,0.656,155.0,0.0,0.0,0.0,0.0,0.0,1.0,0.455,0.0,0.0,1.0,0.0,0.0,0.0,0.0,1.0,1.0,0.0,0.0,UTA,0.0,0.0,11.0,0.0,5.0,0.0,0.0,3.0,0.0,0.5,1.0,0.0,0.0,1,2,-0.113,0.502,9.0,0.361,0.5,1.0,-0.25,0.111,0.667,0.5,0.556,9.0,0.11,6.0,0.5,2.0,-0.194,0.222,4.0,0.694,-0.14,6.0,0.333,3.0,0.64,0.5,0.667,12.0,0.333,-0.044,4.0,0.378,0.0,0.0,0.0,0.0,UTA,1.0,0.0,11.0,0.0,5.0,3.0,6.0,0.0,1.0,0.0,0.0,1.0,0.0,0.0,14.0,6.0,0.0,0.667,0.0,0.0,2.0,2.0,1.0,0.0,UTA,1.0,0.0,3.0,0.0,0.0,55.0,0.333,0.333,1.0,1.0,2.0,4.05,1.1,3.88,12482.0,4.14,1.2,2.4,32.6,2026,False,,117.0,0,0,,0,0.0,0.0,,,7.0,18.0,0.389,0.496,-0.107,2.0,4.0,0.5,0.68,-0.18,22500525
1629026,20260107,Kenrich Williams,Kenrich,1610612760,OKC,31.0,1,1,0,1.0,8.466666666666667,1,2,0.5,0,1,0.0,0,0,0.0,0,0,0,1,1,1,0,0,0,1,2,11,5.5,0,0,5.0,1,1,1,1,229,179,214,62,141,177,141,122,134,122,143,220,231,133,94,48,100,1,1,104,197,34,222,19,2,219,1,25.0,68.4,1.0,114.3,214,234,179,60,12,25.0,114.3,0.0,0.0,45.9,69.3,7,7,0.0,235,21,166,17,45.2,0.137,101,79,17,94.49,114.5,87,112.59,0.068,113.39,8,16,231,68.4,182,0.5,102,113.39,0.143,186,87,0.5,25.0,87,127,143,45.9,220,2.0,9,1.0,9,0.13,0.167,0.167,0.0,2.0,1.0,6.0,1.0,6.0,0.0,0.0,0.0,0.0,0.0,0.0,0.0,0.0,0.0,0.0,0.0,0.0,0.0,0.0,0.0,0.0,0.0,0.0,0.0,0.3,1.0,6.0,0.0,9.0,2.0,0.0,1.33,2.0,1.92,0.222,0.0,,,,,,,,,,,,,,,,,,,,,,,,,,,,,,,,,,,,,,,,0.0,0.5,1.0,0.0,,1.0,1.0,1.0,1.0,0.5,1.0,0.0,1.0,,,,,,,,,,,,,,1.0,0.0,0.0,0.0,0.5,,0.0,1.0,0.0,0.5,0.0,0.0,0.0,1.0,0.0,0.5,2.0,0.0,0.0,0.0,0.0,0.0,0.0,0.0,1.0,0.0,,0.0,,1.0,0.0,1.0,1.0,0.0,0.0,0.0,0.0,0.0,0.0,0.0,0.0,0.0,0.0,0.0,,0.0,0.696,G-F,16.0,0.315,0.046,0.649,23.0,0.0,,0.0,,,0.0,1.0,0.0,0.0,0.0,0.0,0.0,0.0,0.0,0.0,1.0,,0.0,OKC,0.0,0.0,1.0,0.0,1.0,,,0.0,0.0,0.0,1.0,0.0,0.0,0,1,0.275,0.475,2.0,0.337,0.5,1.0,0.163,0.5,1.0,0.5,0.56,2.0,0.44,2.0,1.0,1.0,0.396,0.25,1.0,0.604,0.423,1.0,0.25,1.0,0.577,1.0,0.75,3.0,0.667,0.316,2.0,0.35,0.0,0.0,0.0,0.0,OKC,0.0,0.0,1.0,0.0,0.0,1.0,1.0,0.0,0.0,0.0,0.0,0.0,0.0,0.0,2.0,1.0,0.0,0.0,0.0,0.0,0.0,0.0,0.0,0.0,OKC,0.0,0.0,0.0,0.0,0.0,9.0,0.0,0.0,0.0,0.0,0.0,5.12,0.3,3.93,3605.0,4.53,0.4,0.7,8.5,2026,False,,118.0,0,0,,0,0.0,0.0,,,3.0,4.0,0.75,0.47,0.281,1.0,1.0,1.0,0.617,0.383,22500525
1641718,20260107,Keyonte George,Keyonte,1610612762,UTA,22.0,1,0,1,0.0,42.88333333333333,9,22,0.409,2,9,0.222,5,5,1.0,1,6,7,11,6,1,0,0,5,5,25,0,46.9,1,0,47.0,1,134,134,134,2,20,8,121,43,12,119,12,23,1,72,27,38,4,4,48,100,1,243,15,17,116,14,1,2,12,1,14.6,103.1,9.0,106.3,8,190,20,57,25,14.6,106.3,0.063,0.109,3.3,103.6,102,102,0.018,190,95,99,97,-0.4,0.258,15,61,97,90.01,103.1,138,109.38,0.109,108.01,138,114,153,103.1,47,0.455,132,108.01,0.367,45,145,0.517,26.8,138,115,142,3.3,129,22.0,32,1.83,32,0.254,0.169,0.185,0.0,25.0,15.0,65.0,12.0,75.0,1.0,9.0,0.167,1.0,1.0,2.0,13.0,0.722,3.0,5.0,0.056,5.0,0.278,2.0,3.0,18.0,0.167,0.556,2.0,7.8,1.0,38.0,0.0,96.0,25.0,1.0,4.48,2.0,4.89,0.26,0.0,0.167,0.857,1.0,0.0,0.0,9.0,0.5,1.0,0.5,5.0,0.0,0.875,2.0,1.0,0.857,0.875,7.0,8.0,5.0,0.286,8.4,2.0,8.5,0.0,,,,,,,,,,,,,,,,0.091,0.545,12.0,2.0,0.0,5.0,0.417,10.0,5.0,0.455,0.417,0.0,0.5,0.5,8.0,0.5,0.091,0.364,0.375,0.273,0.333,2.0,6.0,1.0,3.0,2.0,2.0,0.0,1.0,0.0,0.091,1.0,0.5,1.0,1.0,0.045,0.045,1.0,0.5,1.0,2.0,0.455,2.0,0.0,1.0,0.0,8.0,0.5,2.0,0.286,3.0,0.0,0.0,0.0,2.0,6.0,0.333,0.5,7.0,3.0,0.0,1.0,4.0,0.0,0.0,0.0,3.0,0.0,0.75,2.0,0.0,0.0,0.782,G,122.0,0.327,0.138,0.644,156.0,3.0,0.0,0.0,0.0,0.0,2.0,0.5,0.0,2.0,0.4,0.0,0.0,0.0,0.0,5.0,6.0,0.0,1.0,UTA,0.0,2.0,6.0,0.0,3.0,0.0,0.0,2.0,0.333,0.667,5.0,2.0,0.4,3,6,-0.012,0.512,2.0,0.386,0.2,0.0,-0.386,0.0,0.625,0.8,0.574,8.0,0.051,5.0,0.667,4.0,0.019,0.6,6.0,0.648,0.063,6.0,0.6,4.0,0.604,0.667,0.3,3.0,0.333,-0.099,1.0,0.432,0.0,0.0,0.0,0.0,UTA,0.0,1.0,3.0,0.0,1.0,0.0,1.0,0.0,0.0,0.0,1.0,1.0,0.0,0.0,2.0,2.0,0.0,0.0,0.0,0.0,0.0,0.0,0.0,0.0,UTA,0.0,0.0,0.0,0.0,0.0,96.0,0.0,0.0,0.0,0.0,0.0,4.34,1.4,3.95,16871.0,4.17,1.8,3.2,42.9,2026,False,,117.0,1,8,0.125,2,0.0,4.0,0.0,0.125,5.0,10.0,0.5,0.501,-0.001,4.0,6.0,0.667,0.637,0.029,22500525
1642271,20260107,Kyle Filipowski,Kyle,1610612762,UTA,22.0,1,0,1,0.0,4.166666666666667,1,6,0.167,0,0,0.0,0,0,0.0,3,2,5,0,0,0,0,4,0,0,2,-7,8.0,0,0,7.0,1,134,134,134,240,179,139,212,141,210,141,122,134,122,25,134,82,186,160,136,100,260,1,175,197,198,203,19,2,206,1,0.0,150.0,1.0,88.9,139,1,179,186,216,0.0,88.9,0.357,0.4,-61.1,190.4,258,258,0.333,1,9,210,254,-90.4,0.5,186,130,254,91.2,100.0,215,91.47,0.018,109.44,259,258,3,150.0,2,0.167,213,109.44,0.0,4,169,0.167,0.0,215,222,3,-61.1,5,6.0,24,0.0,24,0.462,0.0,0.0,0.0,0.0,1.0,8.0,0.0,7.0,0.0,1.0,0.0,0.0,0.0,0.0,0.0,0.0,0.0,0.0,0.0,0.0,0.0,0.0,0.0,1.0,0.0,0.0,0.0,0.5,0.5,9.0,0.0,14.0,2.0,1.0,0.64,4.0,2.02,0.143,0.0,0.5,0.667,0.333,2.0,0.0,6.1,0.429,1.0,0.429,1.0,1.0,0.556,2.0,1.0,1.0,0.625,3.0,9.0,3.0,0.4,2.0,7.0,4.5,1.0,1.0,0.167,0.0,,0.0,0.0,0.0,0.0,0.167,0.0,1.0,1.0,0.0,UTA,0.0,0.0,0.5,3.0,0.0,,1.0,0.333,3.0,1.0,0.5,0.333,0.0,0.333,0.0,2.0,0.0,0.333,0.333,0.0,0.0,,0.0,0.0,0.0,0.0,2.0,,,,,,,,,,,,,,0.25,0.0,0.167,2.0,0.0,0.0,0.0,0.0,0.0,0.0,0.0,1.0,0.0,0.0,,0.0,4.0,0.0,0.25,0.0,0.0,,0.0,1.0,0.0,,0.0,1.0,0.0,0.0,0.0,0.0,0.0,0.618,C,94.0,0.38,-0.018,0.637,152.0,0.0,,,,,0.0,0.25,0.0,0.0,0.0,,,,,1.0,0.0,,0.0,UTA,,0.0,4.0,0.0,1.0,,,1.0,0.0,,,,,0,0,-0.469,0.469,,,,,,,0.0,1.0,0.578,2.0,-0.578,0.0,0.0,0.0,-0.556,0.5,1.0,0.556,-0.618,2.0,1.0,0.0,0.618,0.0,,,,,,,,,,,,,,,,,,,,,,,,,,,,,0.0,0.0,0.0,0.0,0.0,0.0,0.0,UTA,0.0,0.0,0.0,0.0,0.0,14.0,0.0,0.0,0.0,0.0,0.0,5.12,0.2,6.24,1726.0,4.22,0.2,0.3,4.2,2026,False,,117.0,0,1,0.0,0,,,,0.0,0.0,2.0,0.0,0.483,-0.483,0.0,1.0,0.0,0.572,-0.572,22500525
1628374,20260107,Lauri Markkanen,Lauri,1610612762,UTA,28.0,1,0,1,0.0,43.766666666666666,11,19,0.579,3,7,0.429,4,5,0.8,4,9,13,1,4,1,0,1,2,5,29,-1,45.1,1,0,48.0,1,134,134,134,1,11,15,46,25,30,64,21,23,62,13,6,7,133,14,48,100,161,144,15,12,138,19,1,2,11,1,15.3,106.1,11.0,104.0,15,194,11,183,21,15.4,104.0,0.129,0.176,-2.1,105.8,138,138,0.08,194,99,50,121,-5.2,0.218,184,126,121,90.02,100.6,155,110.02,0.151,108.03,164,129,54,106.1,76,0.658,54,108.03,0.033,74,162,0.684,3.8,155,49,62,-2.1,60,19.0,31,0.25,31,0.212,0.021,0.042,0.0,2.0,4.0,48.0,2.0,37.0,1.0,6.0,0.2,0.0,0.0,0.0,6.0,0.6,0.0,2.0,0.0,3.0,0.2,0.0,2.0,10.0,0.0,0.5,0.0,2.6,1.286,39.0,0.0,75.0,29.0,0.0,0.89,7.0,2.05,0.387,0.0,0.444,0.75,0.75,1.0,0.0,1.8,0.5,4.0,0.5,5.0,0.0,0.722,7.0,3.0,0.75,0.722,12.0,18.0,6.0,0.538,3.4,8.0,2.9,0.0,,,,,,,,,,,,,,,,0.053,0.526,10.0,1.0,1.0,7.0,0.75,9.0,6.0,0.474,0.7,1.0,0.667,0.667,7.0,0.5,0.158,0.368,0.429,0.211,0.25,1.0,4.0,2.0,3.0,3.0,2.0,0.5,1.0,1.0,0.105,,0.75,2.0,0.0,0.105,0.0,0.0,0.5,0.8,0.0,0.658,9.0,0.0,0.0,0.0,9.0,0.429,5.0,0.5,6.0,0.5,0.0,0.0,1.0,8.0,0.0,0.75,2.0,2.0,0.0,0.0,4.0,2.0,0.0,0.4,0.0,2.0,0.5,1.0,0.0,4.0,0.655,F-C,91.0,0.359,0.007,0.647,139.0,6.0,0.0,0.0,0.0,0.0,0.0,0.667,3.0,0.0,0.0,0.0,0.0,0.0,0.0,0.0,1.0,0.0,0.667,UTA,0.0,2.0,9.0,0.5,6.0,0.0,0.0,3.0,0.0,0.643,7.0,3.0,0.429,3,7,0.113,0.502,4.0,0.339,0.308,0.0,-0.339,0.0,0.889,0.692,0.609,9.0,0.28,8.0,0.875,7.0,0.173,0.615,8.0,0.702,0.216,8.0,0.615,7.0,0.659,0.875,0.385,5.0,0.2,-0.141,1.0,0.341,0.0,0.0,0.0,0.0,UTA,0.0,0.0,5.0,0.0,4.0,1.0,1.0,0.0,0.0,0.0,0.0,0.0,0.0,0.0,3.0,1.0,0.0,0.0,0.0,0.0,0.0,0.0,0.0,0.0,UTA,0.0,0.0,0.0,0.0,0.0,75.0,0.0,0.0,0.0,0.0,0.0,4.65,1.5,4.15,18282.0,4.42,2.0,3.5,43.8,2026,False,,117.0,0,0,,0,0.0,0.0,,,8.0,13.0,0.615,0.494,0.122,7.0,8.0,0.875,0.692,0.183,22500525
1629652,20260107,Luguentz Dort,Luguentz,1610612760,OKC,26.0,1,1,0,1.0,23.906666666666663,2,5,0.4,1,4,0.25,1,2,0.5,0,6,6,0,0,3,1,0,4,1,6,-10,25.2,0,0,21.0,1,1,1,1,130,145,159,122,85,88,108,88,66,90,143,27,58,186,160,5,32,1,229,104,144,221,96,19,2,116,1,0.0,110.5,2.0,94.6,159,1,145,186,6,0.0,94.6,0.097,0.194,-15.9,103.8,203,203,0.0,1,56,150,143,-9.3,0.098,186,130,143,94.53,94.4,200,117.3,0.077,113.44,172,115,92,110.5,223,0.5,102,113.44,0.0,224,200,0.51,0.0,200,120,143,-15.9,47,5.0,8,0.0,8,0.097,0.0,0.0,0.0,0.0,1.0,13.0,0.0,7.0,0.0,0.0,0.0,0.0,0.0,0.0,0.0,0.0,0.0,0.0,0.0,0.0,0.0,0.0,0.0,0.0,0.0,0.0,0.0,0.8,0.0,6.0,0.0,21.0,6.0,0.0,1.43,0.0,2.2,0.286,0.0,0.167,0.667,0.0,0.0,0.0,0.0,0.0,1.0,0.0,5.0,0.0,0.6,1.0,0.0,0.667,0.6,9.0,10.0,5.0,0.167,7.4,1.0,7.4,0.0,,,,,,,,,,,,,,,,,,,,,,,,,,,,,,1.0,0.0,0.0,0.2,0.0,0.2,0.0,0.0,1.0,0.0,0.0,0.0,4.0,0.333,2.0,1.0,0.8,1.0,0.625,3.0,1.0,0.6,0.2,1.0,0.5,0.0,0.0,0.5,0.0,0.0,0.0,0.0,3.0,0.25,2.0,0.0,0.0,0.5,0.0,0.0,0.0,0.0,1.0,0.0,2.0,0.0,0.0,1.0,0.0,1.0,0.0,0.5,1.0,1.0,0.0,0.0,0.0,2.0,0.587,G,54.0,0.303,-0.037,0.624,92.0,2.0,,1.0,,0.0,0.0,0.0,1.0,0.0,0.0,0.0,0.0,1.0,0.0,0.0,2.0,0.0,0.0,OKC,1.0,0.0,0.0,0.5,0.0,0.0,,0.0,0.0,0.375,4.0,1.0,0.25,1,4,0.099,0.464,8.0,0.35,0.5,4.0,0.15,0.5,0.625,0.5,0.575,8.0,0.05,5.0,0.625,5.0,-0.05,0.5,8.0,0.675,0.0,8.0,0.5,5.0,0.625,0.625,0.5,8.0,0.5,0.145,4.0,0.356,0.0,0.0,0.0,0.0,OKC,0.0,0.0,9.0,0.0,2.0,3.0,0.0,0.0,0.0,0.0,0.0,0.0,0.0,0.0,0.0,7.0,0.0,0.0,0.0,0.0,0.0,0.0,0.0,0.0,OKC,0.0,0.0,0.0,0.0,0.0,21.0,0.0,0.0,0.0,0.0,0.0,4.44,0.9,3.91,9795.0,4.39,0.9,1.9,23.9,2026,False,,118.0,1,1,1.0,2,0.0,0.0,,1.0,9.0,16.0,0.563,0.461,0.102,5.0,8.0,0.625,0.673,-0.048,22500525
1628983,20260107,Shai Gilgeous-Alexander,Shai,1610612760,OKC,27.0,1,1,0,1.0,41.96666666666667,14,26,0.538,1,8,0.125,17,19,0.895,0,6,6,6,0,1,1,0,1,12,46,9,68.2,0,0,63.0,1,1,1,1,4,2,2,56,85,21,140,1,1,53,143,27,58,21,160,48,32,1,66,1,1,40,1,19,2,2,1,0.0,100.0,14.0,107.4,2,1,2,125,31,0.0,107.4,0.056,0.109,7.4,97.9,91,91,0.0,1,95,7,78,8.9,0.326,38,130,78,89.59,106.8,128,108.98,0.257,107.51,85,82,167,100.0,18,0.558,89,107.51,0.273,19,124,0.669,15.4,128,53,143,7.4,129,26.0,39,0.0,39,0.306,0.143,0.143,0.0,13.0,14.0,42.0,6.0,65.0,0.0,9.0,0.0,2.0,0.75,4.0,19.0,0.826,2.0,12.0,0.087,7.0,0.522,3.0,0.0,23.0,0.087,0.778,0.0,6.6,0.0,27.0,0.0,77.0,46.0,0.0,4.86,0.0,5.13,0.597,1.0,0.5,0.667,0.0,0.0,0.0,0.0,0.0,3.0,0.0,3.0,1.0,0.6,3.0,0.0,0.75,0.667,9.0,10.0,3.0,0.5,6.1,1.0,6.1,1.0,1.0,0.038,0.0,,0.0,0.0,0.0,0.0,0.038,0.0,1.0,1.0,0.0,OKC,0.0,0.038,0.346,9.0,1.0,0.0,5.0,0.556,8.0,5.0,0.308,0.556,0.0,0.625,0.875,14.0,0.5,0.308,0.538,0.5,0.231,0.0,0.0,6.0,7.0,7.0,8.0,2.0,1.0,2.0,1.0,0.077,1.0,1.25,1.0,1.0,0.038,0.038,1.0,1.0,0.0,0.0,0.558,0.0,0.0,0.0,0.0,3.0,0.5,0.0,0.125,4.0,0.0,0.0,0.0,0.0,5.0,0.714,0.8,8.0,4.0,0.0,5.0,6.0,0.0,0.0,0.0,7.0,0.0,0.667,1.0,0.0,0.0,0.581,G,90.0,0.359,-0.048,0.629,155.0,2.0,0.0,0.75,0.0,0.0,5.0,0.8,0.0,1.0,0.833,0.0,0.0,4.0,0.0,6.0,6.0,0.0,0.333,OKC,3.0,1.0,5.0,0.0,4.0,0.0,0.0,3.0,0.167,0.75,2.0,1.0,0.5,1,2,-0.185,0.471,6.0,0.368,0.429,0.0,-0.368,0.0,0.5,0.571,0.553,8.0,-0.053,4.0,0.5,4.0,-0.125,0.571,8.0,0.625,-0.096,8.0,0.571,4.0,0.596,0.5,0.429,6.0,0.0,-0.378,0.0,0.378,0.0,0.0,0.0,0.0,OKC,1.0,0.0,7.0,0.0,2.0,2.0,0.0,0.0,1.0,0.0,0.0,1.0,0.0,0.0,0.0,5.0,0.0,0.0,0.0,0.0,0.0,0.0,1.0,0.0,OKC,0.0,0.0,1.0,0.0,0.0,77.0,0.0,0.0,0.0,0.0,0.0,4.62,1.4,3.45,16062.0,3.98,1.6,3.0,42.0,2026,False,,118.0,8,16,0.5,16,0.0,6.0,0.0,0.5,4.0,14.0,0.286,0.473,-0.187,4.0,8.0,0.5,0.625,-0.125,22500525
1629004,20260107,Svi Mykhailiuk,Svi,1610612762,UTA,28.0,1,0,1,0.0,26.933333333333334,3,8,0.375,0,5,0.0,2,3,0.667,3,4,7,6,0,0,0,0,1,2,8,7,25.4,0,0,21.0,1,134,134,134,101,116,115,139,141,65,141,52,51,77,25,67,38,21,160,136,100,1,66,64,122,54,95,19,2,116,1,0.0,98.4,3.0,111.7,115,1,116,17,33,0.0,111.7,0.103,0.111,13.3,100.7,66,66,0.094,1,60,91,75,6.8,0.125,44,130,75,89.85,107.6,101,108.57,0.117,107.82,93,97,82,98.4,195,0.375,156,107.82,0.25,194,117,0.429,40.0,101,158,48,13.3,123,8.0,36,0.0,36,0.12,0.214,0.25,0.0,16.0,10.0,28.0,7.0,24.0,1.0,0.0,0.0,0.0,0.0,0.0,0.0,0.0,0.0,5.0,0.0,0.0,1.0,0.0,0.0,5.0,0.0,0.0,0.0,1.4,1.25,24.0,0.0,37.0,8.0,0.0,1.38,4.0,2.25,0.216,0.0,0.25,1.0,0.667,1.0,0.0,10.4,1.0,1.0,1.0,3.0,0.0,1.0,3.0,2.0,1.0,1.0,4.0,7.0,4.0,0.429,12.3,3.0,11.5,0.0,1.0,0.125,1.0,,0.0,1.0,0.0,1.0,0.125,1.0,1.0,1.0,1.0,UTA,0.0,0.125,0.375,3.0,1.0,0.0,2.0,0.667,2.0,2.0,0.25,0.667,0.0,1.0,,3.0,0.0,0.0,0.375,0.0,0.375,0.0,0.0,3.0,0.0,0.0,0.0,1.0,0.0,0.0,0.0,0.125,,0.0,1.0,0.0,0.125,0.0,0.0,0.0,1.0,0.0,0.375,5.0,0.0,0.0,0.0,0.0,0.0,3.0,0.0,3.0,0.0,0.0,0.0,0.0,3.0,0.0,1.0,2.0,0.0,0.0,0.0,0.0,0.0,0.0,0.0,0.0,0.0,0.0,0.0,0.0,3.0,0.682,G-F,58.0,0.266,0.041,0.641,85.0,5.0,0.0,0.0,0.0,0.0,0.0,1.0,0.0,0.0,0.0,0.0,0.0,0.0,0.0,0.0,0.0,0.0,0.0,UTA,0.0,0.0,3.0,0.0,3.0,0.0,0.0,0.0,0.0,0.0,4.0,0.0,0.0,0,4,-0.02,0.52,4.0,0.359,0.25,0.0,-0.359,0.0,0.667,0.75,0.595,12.0,0.072,8.0,0.833,5.0,0.158,0.375,6.0,0.676,0.078,7.0,0.438,5.0,0.636,0.714,0.375,6.0,0.167,-0.24,1.0,0.407,2.0,0.0,1.0,1.0,UTA,0.0,0.0,3.0,1.0,2.0,1.0,1.0,0.5,0.0,0.0,0.0,0.0,2.0,0.0,2.0,1.0,2.0,0.0,0.0,0.0,0.0,0.0,0.0,0.0,UTA,0.0,0.0,0.0,0.0,0.0,37.0,0.0,0.0,0.0,0.0,0.0,4.27,1.1,4.86,11660.0,4.55,1.1,2.2,26.9,2026,False,,117.0,0,0,,0,0.0,0.0,,,8.0,16.0,0.5,0.512,-0.012,5.0,6.0,0.833,0.666,0.167,22500525
1641707,20260107,Taylor Hendricks,Taylor,1610612762,UTA,22.0,1,0,1,0.0,14.316666666666666,2,5,0.4,1,2,0.5,0,0,0.0,0,2,2,1,2,1,1,0,3,0,5,-13,12.9,0,0,13.0,1,134,134,134,197,145,159,122,85,146,35,122,134,122,143,134,168,133,43,48,32,1,191,175,165,237,177,19,2,168,1,25.0,126.7,2.0,80.6,159,234,145,143,82,25.0,80.6,0.077,0.182,-46.0,127.3,252,252,0.0,235,31,202,217,-47.2,0.211,116,113,217,85.22,80.1,231,102.33,0.026,102.26,254,224,128,126.7,84,0.5,102,102.26,0.125,109,233,0.5,12.5,231,127,143,-46.0,54,5.0,90,0.5,90,0.189,0.059,0.059,0.0,2.0,1.0,17.0,1.0,17.0,0.0,1.0,0.0,0.0,0.0,0.0,0.0,0.0,0.0,1.0,0.0,0.0,0.5,0.0,0.0,2.0,0.0,0.0,0.0,0.7,2.0,15.0,0.0,24.0,5.0,0.0,0.92,1.0,1.76,0.208,0.0,0.0,0.5,0.0,0.0,0.0,0.0,0.0,0.0,0.0,2.0,1.0,0.5,0.0,0.0,0.667,0.667,4.0,4.0,2.0,0.0,3.2,1.0,3.2,1.0,,,,,,,,,,,,,,,,0.0,0.6,3.0,0.0,,1.0,0.333,3.0,1.0,0.6,0.333,0.0,0.333,,1.0,0.0,0.0,0.2,0.0,0.2,0.0,0.0,1.0,0.0,0.0,0.0,1.0,1.0,1.0,1.0,0.2,,1.5,1.0,0.0,0.2,0.0,0.0,1.0,1.0,0.0,0.5,2.0,0.0,0.0,0.0,3.0,0.5,1.0,0.0,1.0,1.0,0.0,0.0,0.0,1.0,0.0,1.0,1.0,0.0,0.0,0.0,2.0,1.0,0.0,1.0,0.0,1.0,0.0,0.0,0.0,1.0,0.549,F,39.0,0.39,-0.087,0.637,71.0,1.0,,0.0,,,0.0,0.5,1.0,0.0,0.0,0.0,0.0,0.0,0.0,0.0,1.0,,0.0,UTA,0.0,0.0,2.0,1.0,1.0,,,1.0,0.0,0.75,2.0,1.0,0.5,1,2,-0.106,0.506,2.0,0.358,0.4,0.0,-0.358,0.0,0.667,0.6,0.606,3.0,0.061,2.0,0.667,2.0,-0.04,0.6,3.0,0.707,0.005,3.0,0.6,2.0,0.661,0.667,0.4,2.0,0.0,-0.382,0.0,0.382,0.0,0.0,0.0,0.0,UTA,0.0,0.0,1.0,0.0,1.0,3.0,3.0,0.0,0.0,0.0,0.0,0.0,0.0,0.0,6.0,0.0,0.0,0.0,0.0,0.0,0.0,0.0,0.0,0.0,UTA,0.0,0.0,0.0,0.0,0.0,24.0,0.0,0.0,0.0,0.0,0.0,4.05,0.5,4.48,6101.0,4.62,0.6,1.2,14.3,2026,False,,117.0,0,0,,0,0.0,0.0,,,2.0,5.0,0.4,0.502,-0.102,2.0,3.0,0.667,0.712,-0.045,22500525
1642383,20260107,Walter Clayton Jr.,Walter,1610612762,UTA,22.0,1,0,1,0.0,26.666666666666668,5,11,0.455,4,7,0.571,1,1,1.0,1,5,6,4,3,0,1,2,4,3,15,1,28.2,0,0,31.0,1,134,134,134,104,67,75,98,10,30,30,88,118,1,72,46,58,48,23,136,32,232,229,38,61,96,82,19,2,61,1,16.3,116.1,5.0,115.8,75,202,67,78,56,16.7,115.8,0.095,0.156,-0.3,112.9,133,133,0.032,202,57,109,187,-3.1,0.212,73,73,187,84.75,109.9,81,105.88,0.103,101.7,152,171,96,116.1,82,0.636,58,101.7,0.19,83,107,0.656,22.2,81,63,118,-0.3,78,11.0,93,1.33,93,0.203,0.118,0.147,0.0,10.0,8.0,34.0,5.0,38.0,1.0,2.0,0.25,0.0,0.0,0.0,3.0,0.75,1.0,1.0,0.0,1.0,0.25,0.0,1.0,4.0,0.25,0.5,0.0,3.7,0.0,23.0,0.0,52.0,15.0,1.0,4.04,1.0,4.32,0.288,0.0,0.2,0.5,0.0,1.0,0.0,8.6,1.0,1.0,1.0,4.0,2.0,0.545,1.0,0.0,0.625,0.667,10.0,11.0,5.0,0.167,5.1,1.0,5.7,2.0,,,,,,,,,,,,,,,,0.182,0.455,5.0,2.0,1.0,3.0,0.8,3.0,1.0,0.273,0.6,2.0,0.333,0.0,4.0,0.75,0.091,0.364,0.5,0.273,0.667,2.0,3.0,0.0,2.0,1.0,2.0,0.0,0.0,0.0,0.182,,0.0,2.0,0.0,0.182,0.0,0.0,0.0,0.0,0.0,0.636,0.0,0.0,0.0,0.0,6.0,0.4,1.0,0.667,0.0,0.0,0.0,0.0,1.0,0.0,0.0,0.0,6.0,1.0,0.0,0.0,3.0,0.0,0.0,0.0,1.0,0.0,0.333,4.0,0.0,0.0,0.721,G,49.0,0.288,0.105,0.616,68.0,1.0,,0.0,,0.0,1.0,0.0,0.0,4.0,0.5,0.0,0.0,0.0,0.0,2.0,6.0,0.0,0.0,UTA,0.0,0.0,0.0,0.0,0.0,0.0,,2.0,0.667,0.6,4.0,2.0,0.5,2,5,-0.286,0.486,3.0,0.379,0.3,0.0,-0.379,0.0,0.286,0.7,0.54,7.0,-0.254,2.0,0.25,1.0,-0.358,0.4,4.0,0.608,-0.367,5.0,0.5,1.0,0.567,0.2,0.4,4.0,0.25,-0.166,1.0,0.416,0.0,0.0,0.0,0.0,UTA,0.0,1.0,8.0,0.0,5.0,2.0,1.0,0.0,0.0,0.0,1.0,1.0,0.0,0.0,2.0,3.0,0.0,0.0,0.0,0.0,0.0,0.0,0.0,0.0,UTA,0.0,0.0,0.0,0.0,0.0,52.0,0.0,0.0,0.0,0.0,0.0,4.58,0.9,3.99,11035.0,4.31,1.2,2.1,26.7,2026,False,,117.0,3,6,0.5,8,2.0,3.0,0.667,0.667,2.0,10.0,0.2,0.487,-0.287,1.0,4.0,0.25,0.609,-0.359,22500525
