PLAYER_ID,PLAYER_NAME,NICKNAME,TEAM_ID,TEAM_ABBREVIATION,AGE,GP,W,L,W_PCT,MIN,FGM,FGA,FG_PCT,FG3M,FG3A,FG3_PCT,FTM,FTA,FT_PCT,OREB,DREB,REB,AST,TOV,STL,BLK,BLKA,PF,PFD,PTS,PLUS_MINUS,NBA_FANTASY_PTS,DD2,TD3,WNBA_FANTASY_PTS,GP_RANK,W_RANK,L_RANK,W_PCT_RANK,MIN_RANK,FGM_RANK,FGA_RANK,FG_PCT_RANK,FG3M_RANK,FG3A_RANK,FG3_PCT_RANK,FTM_RANK,FTA_RANK,FT_PCT_RANK,OREB_RANK,DREB_RANK,REB_RANK,AST_RANK,TOV_RANK,STL_RANK,BLK_RANK,BLKA_RANK,PF_RANK,PFD_RANK,PTS_RANK,PLUS_MINUS_RANK,NBA_FANTASY_PTS_RANK,DD2_RANK,TD3_RANK,WNBA_FANTASY_PTS_RANK,TEAM_COUNT,team_poss,OFF_RATING,PACE_PER40,E_NET_RATING_RANK,OFF_RATING_RANK,sp_work_NET_RATING,FGM_PG_RANK,REB_PCT,AST_TO,USG_PCT,FGA_PG,PACE_RANK,E_USG_PCT_RANK,NET_RATING_RANK,E_USG_PCT,sp_work_PACE,sp_work_PACE_RANK,AST_RATIO_RANK,E_OFF_RATING_RANK,E_PACE,EFG_PCT,USG_PCT_RANK,TS_PCT_RANK,TM_TOV_PCT_RANK,OREB_PCT_RANK,PIE_RANK,DEF_RATING,FGM_PG,E_PACE_RANK,NET_RATING,DEF_RATING_RANK,REB_PCT_RANK,E_NET_RATING,PIE,POSS,TS_PCT,AST_PCT_RANK,AST_TO_RANK,PACE,AST_PCT,DREB_PCT,AST_RATIO,sp_work_OFF_RATING,E_TOV_PCT_RANK,sp_work_DEF_RATING,sp_work_DEF_RATING_RANK,OREB_PCT,EFG_PCT_RANK,sp_work_NET_RATING_RANK,FGA_PG_RANK,TM_TOV_PCT,sp_work_OFF_RATING_RANK,DREB_PCT_RANK,E_DEF_RATING_RANK,E_DEF_RATING,E_TOV_PCT,E_OFF_RATING,PASSES_MADE,POTENTIAL_AST,AST_TO_PASS_PCT_ADJ,AST_TO_PASS_PCT,AST_PTS_CREATED,AST_ADJ,FT_AST,PASSES_RECEIVED,SECONDARY_AST,DRIVE_AST_PCT,DRIVE_PTS_PCT,DRIVE_FTM,DRIVE_PF_PCT,DRIVE_FTA,DRIVE_PTS,DRIVES,DRIVE_FT_PCT,DRIVE_TOV,DRIVE_FG_PCT,DRIVE_FGA,DRIVE_AST,DRIVE_PASSES,DRIVE_PASSES_PCT,DRIVE_PF,DRIVE_FGM,DRIVE_TOV_PCT,ELBOW_TOUCHES,PTS_PER_PAINT_TOUCH,POST_TOUCHES,PAINT_TOUCHES,TIME_OF_POSS,AVG_DRIB_PER_TOUCH,TOUCHES,POINTS,PTS_PER_POST_TOUCH,AVG_SEC_PER_TOUCH,PTS_PER_ELBOW_TOUCH,PTS_PER_TOUCH,FRONT_CT_TOUCHES,REB_CHANCES,REB_CONTEST_PCT,OREB_CONTEST_PCT,DREB_UNCONTEST,DREB_CHANCE_PCT_ADJ,AVG_REB_DIST,OREB_CHANCE_PCT,OREB_UNCONTEST,OREB_CHANCE_PCT_ADJ,REB_CHANCE_DEFER,REB_CONTEST,REB_CHANCE_PCT_ADJ,AVG_DREB_DIST,OREB_CONTEST,REB_CHANCE_PCT,OREB_CHANCE_DEFER,DREB_CONTEST,DREB_CHANCE_DEFER,AVG_OREB_DIST,OREB_CHANCES,DREB_CONTEST_PCT,DREB_CHANCE_PCT,REB_UNCONTEST,DREB_CHANCES,very_tight_FGA_FREQUENCY,very_tight_FG3_PCT,very_tight_FG_PCT,very_tight_EFG_PCT,very_tight_FGA,very_tight_FG3A,very_tight_FG2A_FREQUENCY,very_tight_FG3A_FREQUENCY,very_tight_FG2M,very_tight_FG3M,very_tight_FGM,PLAYER_LAST_TEAM_ABBREVIATION,G,very_tight_FG2_PCT,very_tight_FG2A,tight_FG3_PCT,tight_EFG_PCT,tight_FGA,tight_FG3M,tight_FG3A_FREQUENCY,tight_FG2_PCT,tight_FG2A_FREQUENCY,tight_FG2A,tight_FG3A,tight_FGM,tight_FG2M,tight_FGA_FREQUENCY,tight_FG_PCT,open_FG3M,open_FGA,open_FG3_PCT,open_FG2M,open_FG_PCT,open_FG2A_FREQUENCY,open_FG2A,open_FG3A_FREQUENCY,open_FG2_PCT,open_FG3A,open_FGM,open_FGA_FREQUENCY,open_EFG_PCT,wide_open_FG3_PCT,wide_open_FG3A_FREQUENCY,wide_open_FG2A_FREQUENCY,wide_open_EFG_PCT,wide_open_FGA_FREQUENCY,wide_open_FGM,wide_open_FG_PCT,wide_open_FG2M,wide_open_FG3A,wide_open_FGA,wide_open_FG3M,wide_open_FG2A,wide_open_FG2_PCT,PULL_UP_FG_PCT,PULL_UP_EFG_PCT,PULL_UP_PTS,PULL_UP_FG3A,PULL_UP_FGA,PULL_UP_FGM,PULL_UP_FG3M,PULL_UP_FG3_PCT,ELBOW_TOUCH_FG_PCT,POST_TOUCH_PTS,ELBOW_TOUCH_PTS,EFF_FG_PCT,POST_TOUCH_FG_PCT,CATCH_SHOOT_FG_PCT,CATCH_SHOOT_PTS,PAINT_TOUCH_FG_PCT,PAINT_TOUCH_PTS,ABOVE_BREAK_3_FGM,BACKCOURT_FGM,RA_FGM,LEFT_CORNER_3_FG_PCT,MID_FGM,RIGHT_CORNER_3_FG_PCT,MID_FGA,BACKCOURT_FGA,BACKCOURT_FG_PCT,LEFT_CORNER_3_FGA,ITP_FG_PCT,ABOVE_BREAK_3_FG_PCT,ITP_FGA,CORNER_3_FGA,CORNER_3_FGM,LEFT_CORNER_3_FGM,ITP_FGM,RIGHT_CORNER_3_FGM,RA_FGA,CORNER_3_FG_PCT,MID_FG_PCT,RA_FG_PCT,ABOVE_BREAK_3_FGA,RIGHT_CORNER_3_FGA,FREQ,PLAYER_POSITION,PLUSMINUS,FGM_LT_06,FGA_LT_06,NS_LT_06_PCT,LT_06_PCT,FGM_20_24,FGP_25_29,FGA_25_29,FGP_5_9,FGA_20_24,FGP_35_39,FGP_10_14,FGP_15_19,FGP_20_24,TEAM_ABBR,FGM_5_9,FGA_5_9,FGP_LT_5,FGM_30_34,FGP_30_34,FGM_35_39,FGM_15_19,FGA_40_PLUS,FGM_10_14,FGM_25_29,FGP_40_PLUS,FGA_15_19,FGA_10_14,FGM_40_PLUS,FGA_35_39,FGA_LT_5,FGM_LT_5,FGA_30_34,CATCH_SHOOT_FGM,CATCH_SHOOT_FGA,CATCH_SHOOT_FG3_PCT,CATCH_SHOOT_EFG_PCT,CATCH_SHOOT_FG3M,CATCH_SHOOT_FG3A,D_FGM,D_FG_PCT,NORMAL_FG_PCT,D_FGA,PCT_PLUSMINUS,three_pt_def_FG3M,three_pt_def_FG3A,three_pt_def_PLUSMINUS,three_pt_def_FG3_PCT,three_pt_def_NS_FG3_PCT,three_pt_def_FREQ,two_pt_def_FREQ,two_pt_def_PLUSMINUS,two_pt_def_FG2A,two_pt_def_FG2M,two_pt_def_FG2_PCT,two_pt_def_NS_FG2_PCT,less_6ft_def_FGM_LT_06,less_6ft_def_NS_LT_06_PCT,less_6ft_def_FGA_LT_06,less_6ft_def_LT_06_PCT,less_6ft_def_FREQ,less_6ft_def_PLUSMINUS,less_10ft_def_FGM_LT_10,less_10ft_def_FREQ,less_10ft_def_NS_LT_10_PCT,less_10ft_def_FGA_LT_10,less_10ft_def_PLUSMINUS,less_10ft_def_LT_10_PCT,more_15ft_def_DREB,more_15ft_def_DREB_CHANCE_DEFER,more_15ft_def_AVG_DREB_DIST,more_15ft_def_AVG_OREB_DIST,more_15ft_def_DREB_CONTEST,more_15ft_def_REB_CHANCE_PCT_ADJ,more_15ft_def_DREB_CHANCE_PCT,more_15ft_def_OREB_UNCONTEST,more_15ft_def_OREB_CHANCE_DEFER,more_15ft_def_REB_CHANCE_PCT,more_15ft_def_REB_UNCONTEST,more_15ft_def_REB_CHANCE_DEFER,more_15ft_def_OREB_CHANCE_PCT,more_15ft_def_AVG_REB_DIST,more_15ft_def_DREB_CONTEST_PCT,more_15ft_def_REB_CONTEST_PCT,more_15ft_def_OREB_CHANCES,more_15ft_def_OREB_CONTEST,more_15ft_def_REB_CONTEST,more_15ft_def_REB_CHANCES,more_15ft_def_DREB_CHANCES,more_15ft_def_DREB_CHANCE_PCT_ADJ,more_15ft_def_OREB,more_15ft_def_OREB_CONTEST_PCT,more_15ft_def_OREB_CHANCE_PCT_ADJ,more_15ft_def_REB,more_15ft_def_TEAM_ABBREVIATION,more_15ft_def_DREB_UNCONTEST,hustle_DEF_LOOSE_BALLS_RECOVERED,hustle_LOOSE_BALLS_RECOVERED,hustle_CHARGES_DRAWN,hustle_DEFLECTIONS,hustle_PCT_LOOSE_BALLS_RECOVERED_OFF,hustle_CONTESTED_SHOTS,hustle_CONTESTED_SHOTS_2PT,hustle_PCT_BOX_OUTS_DEF,hustle_SCREEN_AST_PTS,hustle_DEF_BOXOUTS,hustle_CONTESTED_SHOTS_3PT,hustle_SCREEN_ASSISTS,hustle_PCT_BOX_OUTS_TEAM_REB,hustle_OFF_BOXOUTS,hustle_OFF_LOOSE_BALLS_RECOVERED,hustle_TEAM_ABBREVIATION,hustle_PCT_LOOSE_BALLS_RECOVERED_DEF,hustle_BOX_OUT_PLAYER_TEAM_REBS,hustle_BOX_OUT_PLAYER_REBS,hustle_PCT_BOX_OUTS_OFF,hustle_PCT_BOX_OUTS_REB,hustle_BOX_OUTS,post_touch_POST_TOUCH_FTM,post_touch_POST_TOUCH_PTS_PCT,post_touch_TEAM_ABBREVIATION,post_touch_POST_TOUCH_FGA,post_touch_POST_TOUCH_FGM,post_touch_POST_TOUCH_AST,post_touch_POST_TOUCH_FT_PCT,post_touch_POST_TOUCH_FOULS_PCT,post_touch_POST_TOUCHES,post_touch_POST_TOUCH_TOV_PCT,post_touch_POST_TOUCH_PTS,post_touch_POST_TOUCH_FOULS,post_touch_POST_TOUCH_PASSES,post_touch_POST_TOUCH_AST_PCT,post_touch_POST_TOUCH_TOV,post_touch_TOUCHES,post_touch_POST_TOUCH_PASSES_PCT,post_touch_POST_TOUCH_FG_PCT,post_touch_POST_TOUCH_FTA,MIN1,AVG_SPEED,DIST_FEET,DIST_MILES_DEF,DIST_MILES_OFF,AVG_SPEED_DEF,AVG_SPEED_OFF,DIST_MILES,year,date,playoffs,GAME_ID
201143,Al Horford,Al,1610612744,GSW,39.0,1,0,1,0.0,26.508333333333333,0,8,0.0,0,7,0.0,0,0,0.0,1,6,7,2,1,2,0,0,2,3,0,-3,16.4,0,0,13.0,1,119,119,119,97,199,99,199,136,25,136,135,142,135,70,26,41,91,88,16,70,1,112,48,206,157,134,21,3,152,1,,105.2,87.52,168,156,-5.2,199,0.127,2.0,0.143,8.0,107,164,150,0.145,105.02,107,101,165,104.12,0.0,158,206,136,101,218,110.3,0.0,129,-5.2,117,63,-11.5,-0.004,58,0.0,144,38,105.02,0.095,0.222,18.2,105.2,137,110.3,117,0.036,199,150,99,9.1,156,35,140,114.6,9.1,103.1,41.0,6.0,0.073,0.049,6.0,3.0,0.0,39.0,1.0,0.0,0.0,0.0,0.0,0.0,0.0,0.0,0.0,0.0,0.0,0.0,0.0,0.0,0.0,0.0,0.0,0.0,0.0,0.0,1.0,1.0,1.0,0.29,51.0,0.0,0.0,1.23,0.0,0.0,33.0,11.0,0.714,1.0,2.0,0.857,5.2,0.25,0.0,0.25,1.0,5.0,0.7,4.9,1.0,0.636,0.0,4.0,1.0,7.5,4.0,0.667,0.75,2.0,8.0,,,,,,,,,,,,,,,,,,,,,,,,,,,,,0.0,2.0,0.0,0.0,0.0,0.125,1.0,0.125,0.0,1.0,0.0,0.25,0.0,0.0,0.75,0.0,0.0,0.75,0.0,0.0,0.0,6.0,6.0,0.0,0.0,,,,0,0.0,0,0,0.0,,0.0,0.0,0.0,0.0,0.0,0.0,0.0,0.0,0.0,0.0,0.0,0.0,0.0,0.0,0.0,1.0,0.0,0.0,1.0,0.0,0.0,0.0,2.0,0.0,0.0,0.0,0.0,0.0,0.0,0.0,0.0,5.0,1.0,0.263,C-F,-0.012,14.0,21.0,0.679,0.667,0.0,0.0,4.0,0.0,3.0,0.0,0.0,0.0,0.0,GSW,0.0,0.0,0.0,0.0,0.0,0.0,0.0,0.0,0.0,0.0,0.0,0.0,1.0,0.0,0.0,0.0,0.0,0.0,0,7,0.0,0.0,0.0,7.0,6.0,0.545,0.478,11.0,0.067,2.0,4.0,0.215,0.5,0.285,0.364,0.636,0.01,7.0,4.0,0.571,0.561,2.0,0.747,2.0,1.0,0.182,0.253,3.0,0.273,0.621,3.0,0.379,1.0,6.0,1.0,4.9,7.5,4.0,0.7,0.75,0.0,0.0,0.636,2.0,1.0,0.25,5.2,0.667,0.714,4.0,1.0,5.0,11.0,8.0,0.857,1.0,1.0,0.25,7.0,GSW,2.0,0.0,0.0,0.0,4.0,0.0,10.0,7.0,0.667,5.0,2.0,3.0,2.0,1.0,1.0,0.0,GSW,0.0,3.0,2.0,0.333,0.667,3.0,0.0,0.0,GSW,0.0,0.0,0.0,0.0,0.0,1.0,0.0,0.0,0.0,0.0,0.0,0.0,51.0,0.0,0.0,0.0,26.5,3.99,9005.0,0.8,0.9,3.54,4.49,1.7,2026,20251105,False,22500181
1641764,Brandin Podziemski,Brandin,1610612744,GSW,22.0,1,0,1,0.0,31.03333333333333,5,10,0.5,2,4,0.5,2,2,1.0,1,8,9,9,4,0,0,0,3,3,14,14,34.3,0,0,34.0,1,119,119,119,69,62,77,83,49,86,40,65,77,1,70,10,22,7,10,118,70,1,158,48,76,19,48,21,3,43,1,,118.3,91.51,50,75,19.7,62,0.136,2.25,0.19,10.0,39,109,38,0.189,109.82,39,28,82,108.49,0.6,106,92,184,116,76,98.6,5.0,52,19.7,51,52,15.4,0.133,71,0.643,20,37,109.82,0.375,0.242,37.5,118.3,189,98.6,51,0.03,93,38,77,16.7,75,33,76,101.9,16.8,117.3,63.0,14.0,0.175,0.143,29.0,11.0,2.0,59.0,0.0,0.167,0.333,0.0,0.0,0.0,2.0,6.0,0.0,1.0,0.5,2.0,1.0,3.0,0.5,0.0,1.0,0.167,0.0,0.0,0.0,1.0,5.3,3.07,83.0,14.0,0.0,3.82,0.0,0.169,28.0,11.0,0.333,1.0,6.0,0.889,6.2,0.5,0.0,0.5,0.0,3.0,0.818,6.1,1.0,0.818,0.0,2.0,0.0,7.2,2.0,0.25,0.889,6.0,9.0,0.2,,0.5,0.5,2.0,0.0,0.2,0.0,1.0,0.0,1.0,GSW,1.0,0.5,2.0,,0.667,3.0,0.0,0.0,0.667,0.3,3.0,0.0,2.0,2.0,0.3,0.667,1.0,3.0,0.5,0.0,0.333,0.1,1.0,0.2,0.0,2.0,1.0,0.3,0.5,0.5,0.2,0.0,0.75,0.2,1.0,0.5,0.0,2.0,2.0,1.0,0.0,,0.5,0.5,4,0.0,4,2,0.0,,0.0,0.0,0.0,0.6,0.0,0.5,6.0,0.0,0.0,1.0,0.0,1.0,0.0,1.0,1.0,3.0,0.0,0.0,0.0,0.5,0.333,2.0,1.0,1.0,0.0,1.0,1.0,1.0,1.0,0.333,1.0,3.0,1.0,0.321,G,-0.044,15.0,25.0,0.644,0.6,1.0,0.333,3.0,0.0,1.0,0.0,0.0,0.5,1.0,GSW,0.0,0.0,0.667,0.0,0.0,0.0,1.0,0.0,0.0,1.0,0.0,2.0,1.0,0.0,0.0,3.0,2.0,0.0,2,4,0.5,0.75,2.0,4.0,4.0,0.333,0.467,12.0,-0.133,1.0,2.0,0.118,0.5,0.383,0.167,0.833,-0.203,10.0,3.0,0.3,0.503,2.0,0.658,5.0,0.4,0.417,-0.258,3.0,0.5,0.626,6.0,-0.126,0.5,8.0,0.0,6.1,7.2,2.0,0.818,0.889,0.0,0.0,0.818,6.0,0.0,0.5,6.2,0.25,0.333,2.0,1.0,3.0,11.0,9.0,0.889,1.0,1.0,0.5,9.0,GSW,6.0,0.0,0.0,1.0,0.0,0.0,3.0,2.0,1.0,0.0,2.0,1.0,0.0,1.0,0.0,0.0,GSW,0.0,2.0,1.0,0.0,0.5,2.0,0.0,0.0,GSW,0.0,0.0,0.0,0.0,0.0,0.0,0.0,0.0,0.0,0.0,0.0,0.0,83.0,0.0,0.0,0.0,31.0,4.59,12220.0,1.0,1.3,4.0,5.19,2.3,2026,20251105,False,22500181
1627741,Buddy Hield,Buddy,1610612744,GSW,32.0,1,0,1,0.0,13.816666666666666,3,5,0.6,1,3,0.333,2,2,1.0,0,1,1,2,1,1,0,0,3,1,9,-13,15.2,0,0,15.0,1,119,119,119,181,111,143,55,80,102,90,65,77,1,131,158,179,91,88,49,70,1,158,112,114,228,140,21,3,137,1,,87.9,96.98,225,217,-35.7,111,0.043,2.0,0.194,5.0,14,102,223,0.199,116.38,14,78,215,115.27,0.7,103,48,151,131,85,123.5,3.0,16,-35.7,191,177,-35.7,0.12,33,0.765,41,38,116.38,0.286,0.091,22.2,87.9,155,123.5,191,0.0,60,223,143,11.1,217,139,192,124.6,11.3,88.8,14.0,2.0,0.143,0.143,6.0,2.0,0.0,14.0,0.0,0.0,2.0,2.0,0.5,2.0,4.0,2.0,1.0,0.0,1.0,1.0,0.0,0.0,0.0,1.0,1.0,0.0,0.0,2.0,0.0,1.0,0.7,1.55,22.0,9.0,0.0,1.86,0.0,0.409,12.0,4.0,1.0,0.0,0.0,0.25,5.0,0.0,0.0,0.0,0.0,1.0,0.25,5.0,0.0,0.25,0.0,1.0,0.0,0.0,0.0,1.0,0.25,0.0,4.0,0.2,,1.0,1.0,1.0,0.0,0.2,0.0,1.0,0.0,1.0,GSW,1.0,1.0,1.0,0.0,0.333,3.0,0.0,0.4,1.0,0.2,1.0,2.0,1.0,1.0,0.6,0.333,,,,,,,,,,,,,,1.0,0.2,0.0,1.5,0.2,1.0,1.0,0.0,1.0,1.0,1.0,0.0,,,,0,0.0,0,0,0.0,,0.0,0.0,0.0,0.7,0.0,0.333,3.0,1.0,2.0,1.0,0.0,2.0,0.0,0.0,0.0,0.0,0.0,0.0,0.0,0.0,0.333,0.0,0.0,0.0,0.0,0.0,0.0,2.0,0.0,0.0,1.0,3.0,0.0,0.366,G,0.053,18.0,26.0,0.639,0.692,1.0,0.0,2.0,0.0,1.0,,0.0,0.0,1.0,GSW,0.0,0.0,1.0,0.0,0.0,,0.0,0.0,0.0,0.0,0.0,0.0,0.0,0.0,,2.0,2.0,0.0,1,3,0.333,0.5,1.0,3.0,4.0,0.667,0.532,6.0,0.135,1.0,2.0,0.063,0.5,0.438,0.333,0.667,0.165,4.0,3.0,0.75,0.585,3.0,0.817,3.0,1.0,0.5,0.183,3.0,0.667,0.644,4.0,0.107,0.75,1.0,0.0,5.0,0.0,1.0,0.25,0.25,0.0,0.0,0.25,0.0,0.0,0.0,5.0,1.0,1.0,0.0,0.0,1.0,4.0,4.0,0.25,0.0,0.0,0.0,1.0,GSW,0.0,0.0,1.0,0.0,1.0,1.0,0.0,0.0,0.0,0.0,0.0,0.0,0.0,0.0,0.0,1.0,GSW,0.0,0.0,0.0,0.0,0.0,0.0,0.0,0.0,GSW,0.0,0.0,0.0,0.0,0.0,0.0,0.0,0.0,0.0,0.0,0.0,0.0,22.0,0.0,0.0,0.0,13.8,5.1,6249.0,0.6,0.6,4.97,5.23,1.2,2026,20251105,False,22500181
201942,DeMar DeRozan,DeMar,1610612758,SAC,36.0,1,1,0,1.0,35.718333333333334,8,20,0.4,0,1,0.0,9,9,1.0,0,2,2,2,1,1,0,3,1,5,25,1,32.4,0,0,31.0,1,1,1,1,23,29,10,130,136,155,136,6,11,1,131,112,146,91,88,49,70,243,63,20,18,92,58,21,3,58,1,,115.0,88.47,104,101,-1.7,29,0.028,2.0,0.291,20.0,92,26,130,0.297,106.16,92,167,100,108.34,0.4,22,130,98,131,112,116.7,8.0,55,-1.7,153,199,2.6,0.096,80,0.522,150,38,106.16,0.083,0.051,7.4,115.0,98,116.7,153,0.0,147,130,10,3.7,101,184,128,112.2,3.7,114.8,22.0,5.0,0.091,0.091,4.0,2.0,0.0,44.0,0.0,0.091,0.727,0.0,0.0,0.0,8.0,11.0,0.0,0.0,0.444,9.0,1.0,2.0,0.182,0.0,4.0,0.0,2.0,1.5,6.0,2.0,2.7,2.83,48.0,25.0,0.667,3.34,1.0,0.521,34.0,4.0,0.5,0.0,1.0,1.0,3.1,0.0,0.0,0.0,0.0,1.0,0.5,3.1,0.0,0.5,0.0,1.0,0.0,0.0,2.0,0.5,1.0,1.0,2.0,0.1,,0.0,0.0,2.0,0.0,0.1,0.0,0.0,0.0,0.0,SAC,1.0,0.0,2.0,,0.5,14.0,0.0,0.0,0.5,0.7,14.0,0.0,7.0,7.0,0.7,0.5,0.0,4.0,0.0,1.0,0.25,0.15,3.0,0.05,0.333,1.0,1.0,0.2,0.25,,,,,,,,,,,,,,0.333,0.333,6,0.0,9,3,0.0,,1.0,4.0,2.0,0.4,0.333,0.0,0.0,1.0,3.0,0.0,0.0,1.0,0.0,3.0,0.0,9.0,0.0,0.0,1.0,0.571,0.0,7.0,1.0,0.0,0.0,4.0,0.0,3.0,0.0,0.333,0.333,0.0,0.0,0.443,G-F,0.03,21.0,31.0,0.648,0.677,0.0,0.0,0.0,0.667,1.0,,0.333,0.25,0.0,SAC,4.0,6.0,0.333,0.0,0.0,,1.0,0.0,2.0,0.0,0.0,4.0,6.0,0.0,,3.0,1.0,0.0,0,1,0.0,0.0,0.0,1.0,3.0,0.429,0.558,7.0,-0.13,2.0,3.0,0.286,0.667,0.381,0.429,0.571,-0.391,4.0,1.0,0.25,0.641,0.0,0.833,1.0,0.0,0.143,-0.833,0.0,0.286,0.69,2.0,-0.69,0.0,2.0,0.0,3.1,0.0,1.0,0.5,1.0,0.0,0.0,0.5,1.0,0.0,0.0,3.1,0.5,0.5,2.0,0.0,1.0,4.0,2.0,1.0,0.0,0.0,0.0,2.0,SAC,1.0,0.0,1.0,0.0,3.0,1.0,1.0,1.0,0.0,0.0,0.0,0.0,0.0,0.0,0.0,1.0,SAC,0.0,0.0,0.0,0.0,0.0,0.0,2.0,0.667,SAC,3.0,1.0,0.0,1.0,0.167,6.0,0.0,4.0,1.0,2.0,0.0,0.0,48.0,0.333,0.333,2.0,35.7,4.18,12687.0,1.1,1.3,3.88,4.47,2.4,2026,20251105,False,22500181
203471,Dennis Schröder,Dennis,1610612758,SAC,32.0,1,1,0,1.0,32.28333333333333,6,17,0.353,3,5,0.6,3,4,0.75,0,7,7,7,3,0,1,3,4,3,18,3,36.9,0,0,37.0,1,1,1,1,55,45,22,147,24,47,26,47,38,85,131,18,41,16,21,118,26,243,207,48,46,70,35,21,3,32,1,,117.1,87.35,70,89,5.9,45,0.099,2.33,0.282,17.0,112,28,80,0.291,104.82,112,67,65,102.8,0.441,27,153,148,131,123,111.3,6.0,148,5.9,122,91,9.3,0.087,70,0.48,36,36,104.82,0.304,0.179,24.1,117.1,149,111.3,122,0.0,138,80,22,10.3,89,64,124,111.9,10.4,121.2,47.0,8.0,0.17,0.149,18.0,8.0,1.0,54.0,0.0,0.231,0.385,1.0,0.077,2.0,5.0,13.0,0.5,1.0,0.25,8.0,3.0,3.0,0.231,1.0,2.0,0.077,0.0,0.0,0.0,0.0,5.3,4.2,70.0,18.0,0.0,4.56,0.0,0.257,24.0,11.0,0.429,0.0,4.0,0.875,8.0,0.0,0.0,0.0,1.0,3.0,0.7,8.0,0.0,0.636,0.0,3.0,1.0,0.0,2.0,0.429,0.778,4.0,9.0,0.118,,0.5,0.5,2.0,0.0,0.118,0.0,1.0,0.0,1.0,SAC,1.0,0.5,2.0,,0.333,6.0,0.0,0.0,0.333,0.353,6.0,0.0,2.0,2.0,0.353,0.333,1.0,4.0,1.0,0.0,0.25,0.176,3.0,0.059,0.0,1.0,1.0,0.235,0.375,0.5,0.235,0.059,0.6,0.294,2.0,0.4,0.0,4.0,5.0,2.0,1.0,0.0,0.25,0.375,3,1.0,4,1,1.0,1.0,0.0,0.0,0.0,0.441,0.0,0.4,6.0,0.0,0.0,3.0,0.0,3.0,0.0,0.0,0.0,3.0,0.0,0.0,0.0,0.0,0.6,5.0,0.0,0.0,0.0,0.0,0.0,4.0,0.0,0.0,0.75,5.0,0.0,0.33,G,0.016,22.0,32.0,0.672,0.688,3.0,0.0,1.0,0.0,4.0,0.0,0.0,0.0,0.75,SAC,0.0,4.0,0.75,0.0,0.0,0.0,0.0,0.0,0.0,0.0,0.0,0.0,3.0,0.0,0.0,4.0,3.0,1.0,2,5,0.5,0.6,2.0,4.0,5.0,0.357,0.465,14.0,-0.107,3.0,9.0,-0.043,0.333,0.376,0.643,0.357,-0.187,5.0,2.0,0.4,0.587,2.0,0.743,3.0,0.667,0.214,-0.076,2.0,0.286,0.62,4.0,-0.12,0.5,7.0,1.0,8.0,0.0,3.0,0.7,0.778,0.0,0.0,0.636,4.0,1.0,0.0,8.0,0.429,0.429,2.0,0.0,3.0,11.0,9.0,0.875,0.0,0.0,0.0,7.0,SAC,4.0,1.0,1.0,0.0,3.0,0.0,5.0,1.0,0.0,0.0,0.0,4.0,0.0,0.0,0.0,0.0,SAC,1.0,0.0,0.0,0.0,0.0,0.0,0.0,0.0,SAC,0.0,0.0,0.0,0.0,0.0,0.0,0.0,0.0,0.0,0.0,0.0,0.0,70.0,0.0,0.0,0.0,32.3,4.62,12146.0,1.1,1.2,4.57,4.67,2.3,2026,20251105,False,22500181
1642269,Devin Carter,Devin,1610612758,SAC,23.0,1,1,0,1.0,4.816666666666666,0,1,0.0,0,1,0.0,0,0,0.0,0,1,1,1,0,0,0,0,0,1,0,1,2.7,0,0,2.0,1,1,1,1,217,199,213,199,136,155,136,135,142,135,131,158,179,128,151,118,70,1,1,112,206,92,217,21,3,216,1,,109.1,91.35,38,136,9.1,199,0.143,0.0,0.077,1.0,40,215,68,0.084,109.62,40,10,61,104.04,0.0,215,206,1,131,168,100.0,0.0,131,9.1,53,44,21.5,0.05,11,0.0,48,124,109.62,0.25,0.333,50.0,109.1,1,100.0,53,0.0,199,68,213,0.0,136,7,64,100.0,0.0,121.5,4.0,1.0,0.25,0.25,3.0,1.0,0.0,5.0,0.0,0.5,0.0,0.0,0.0,0.0,0.0,2.0,0.0,0.0,0.0,0.0,1.0,2.0,1.0,0.0,0.0,0.0,0.0,0.0,0.0,0.0,0.3,2.71,7.0,0.0,0.0,2.95,0.0,0.0,2.0,2.0,1.0,0.0,0.0,1.0,4.7,0.0,0.0,0.0,1.0,1.0,1.0,4.7,0.0,0.5,0.0,1.0,1.0,0.0,0.0,1.0,0.5,0.0,2.0,,,,,,,,,,,,,,,,,,,,,,,,,,,,,0.0,1.0,0.0,0.0,0.0,0.0,0.0,1.0,,1.0,0.0,1.0,0.0,,,,,,,,,,,,,,,,0,0.0,0,0,0.0,,0.0,0.0,0.0,0.0,0.0,0.0,0.0,0.0,0.0,0.0,0.0,0.0,0.0,0.0,,0.0,0.0,0.0,0.0,0.0,0.0,0.0,0.0,0.0,0.0,0.0,,0.0,0.0,0.0,0.0,1.0,,0.188,G,0.049,2.0,3.0,0.618,0.667,0.0,0.0,1.0,0.0,0.0,,0.0,0.0,0.0,SAC,0.0,0.0,0.0,,,,0.0,0.0,0.0,0.0,0.0,0.0,0.0,0.0,,0.0,0.0,,0,1,0.0,0.0,0.0,1.0,,,,,,,,,,,,,,,,,,,,,,,,,,,,,,1.0,1.0,4.7,0.0,1.0,1.0,0.5,0.0,0.0,0.5,0.0,1.0,0.0,4.7,1.0,1.0,0.0,0.0,1.0,2.0,2.0,1.0,0.0,0.0,0.0,1.0,SAC,0.0,,,,,,,,,,,,,,,,,,,,,,,0.0,0.0,SAC,0.0,0.0,0.0,0.0,0.0,0.0,0.0,0.0,0.0,0.0,0.0,0.0,7.0,0.0,0.0,0.0,4.8,5.13,1954.0,0.2,0.2,5.43,4.87,0.4,2026,20251105,False,22500181
1629234,Drew Eubanks,Drew,1610612758,SAC,28.0,1,1,0,1.0,32.163333333333334,5,6,0.833,0,0,0.0,2,4,0.5,1,5,6,0,3,1,2,0,3,4,12,2,25.2,0,0,24.0,1,1,1,1,57,62,127,20,136,191,136,65,38,111,70,44,54,179,21,49,7,1,158,30,90,82,92,21,3,96,1,,113.2,86.43,69,110,7.6,62,0.088,0.0,0.147,6.0,129,157,71,0.15,103.72,129,179,84,101.03,0.833,154,46,234,106,146,105.6,5.0,170,7.6,91,104,9.3,0.071,68,0.773,179,124,103.72,0.0,0.132,0.0,113.2,236,105.6,91,0.033,27,71,127,27.3,110,99,102,107.8,27.9,117.0,22.0,1.0,0.0,0.0,0.0,0.0,0.0,19.0,0.0,0.0,2.0,0.0,0.0,0.0,2.0,1.0,0.0,0.0,1.0,1.0,0.0,0.0,0.0,0.0,1.0,0.0,3.0,0.75,1.0,8.0,0.8,0.42,33.0,12.0,0.0,1.45,0.667,0.364,20.0,9.0,0.167,0.0,4.0,0.714,4.2,0.333,1.0,0.5,1.0,1.0,0.75,3.7,0.0,0.667,1.0,1.0,0.0,6.7,3.0,0.2,0.714,5.0,7.0,,,,,,,,,,,,,,,,,0.8,5.0,0.0,0.0,0.8,0.833,5.0,0.0,4.0,4.0,0.833,0.8,0.0,1.0,,1.0,1.0,0.167,1.0,0.0,1.0,0.0,1.0,0.167,1.0,,,,,,,,,,,,,,0.0,0.0,0,,1,0,,,0.0,0.0,2.0,0.833,0.0,0.0,0.0,0.75,6.0,0.0,0.0,2.0,0.0,0.0,0.0,0.0,0.0,0.0,0.0,0.75,0.0,4.0,0.0,0.0,0.0,3.0,0.0,2.0,0.0,0.0,1.0,0.0,0.0,0.279,F-C,-0.006,12.0,19.0,0.637,0.632,0.0,0.0,0.0,0.667,0.0,0.0,0.0,0.0,0.0,SAC,2.0,3.0,1.0,0.0,0.0,0.0,0.0,0.0,0.0,0.0,0.0,0.0,0.0,0.0,0.0,3.0,3.0,0.0,0,0,,,,,8.0,0.444,0.456,18.0,-0.012,3.0,9.0,-0.04,0.333,0.374,0.5,0.5,0.027,9.0,5.0,0.556,0.528,4.0,0.562,6.0,0.667,0.333,0.105,4.0,0.389,0.61,7.0,-0.039,0.571,5.0,0.0,3.7,6.7,1.0,0.75,0.714,1.0,1.0,0.667,5.0,1.0,0.333,4.2,0.2,0.167,3.0,0.0,1.0,9.0,7.0,0.714,1.0,0.0,0.5,6.0,SAC,4.0,0.0,0.0,0.0,1.0,0.0,13.0,6.0,0.0,3.0,0.0,7.0,1.0,0.0,0.0,0.0,SAC,0.0,0.0,0.0,0.0,0.0,0.0,0.0,0.0,SAC,0.0,0.0,0.0,0.0,0.0,1.0,0.0,0.0,0.0,0.0,0.0,0.0,33.0,0.0,0.0,0.0,32.2,4.46,12284.0,1.1,1.2,4.19,4.72,2.3,2026,20251105,False,22500181
1627780,Gary Payton II,Gary,1610612744,GSW,32.0,1,0,1,0.0,11.386666666666668,1,1,1.0,1,1,1.0,0,0,0.0,0,2,2,3,1,1,0,0,1,0,3,-12,11.9,0,0,11.0,1,119,119,119,191,165,213,1,80,155,1,135,142,135,131,112,146,58,88,49,70,1,63,170,175,225,164,21,3,168,1,,103.6,101.87,204,166,-33.1,165,0.095,3.0,0.069,1.0,11,223,219,0.073,122.25,11,7,129,119.04,1.5,224,1,204,131,110,136.7,1.0,10,-33.1,218,95,-26.5,0.097,28,1.5,20,21,122.25,0.375,0.167,60.0,103.6,206,136.7,218,0.0,1,219,213,20.0,166,70,215,136.3,20.0,109.8,16.0,4.0,0.188,0.188,7.0,3.0,0.0,10.0,0.0,0.0,0.0,0.0,0.0,0.0,0.0,0.0,0.0,0.0,0.0,0.0,0.0,0.0,0.0,0.0,0.0,0.0,0.0,0.0,0.0,0.0,0.6,0.84,19.0,3.0,0.0,1.87,0.0,0.158,7.0,3.0,0.0,0.0,2.0,1.0,4.4,0.0,0.0,0.0,1.0,0.0,1.0,4.4,0.0,0.667,0.0,0.0,1.0,0.0,0.0,0.0,0.667,2.0,3.0,,,,,,,,,,,,,,,,,,,,,,,,,,,,,,,,,,,,,,,,,,1.0,1.0,0.0,1.5,1.0,1.0,1.0,0.0,1.0,1.0,1.0,0.0,,,,0,0.0,0,0,0.0,,0.0,0.0,0.0,1.5,0.0,1.0,3.0,0.0,0.0,0.0,0.0,0.0,1.0,0.0,,0.0,0.0,0.0,1.0,0.0,0.0,0.0,1.0,1.0,1.0,0.0,,0.0,1.0,0.0,0.0,0.0,,0.406,G,-0.002,8.0,13.0,0.617,0.615,1.0,0.0,0.0,0.0,1.0,,0.0,0.0,1.0,GSW,0.0,0.0,0.0,,,,0.0,0.0,0.0,0.0,0.0,0.0,0.0,0.0,,0.0,0.0,,1,1,1.0,1.5,1.0,1.0,0.0,0.0,0.473,3.0,-0.473,0.0,2.0,-0.323,0.0,0.323,0.667,0.333,-0.491,1.0,0.0,0.0,0.491,0.0,0.676,1.0,0.0,0.333,-0.676,0.0,0.333,0.575,1.0,-0.575,0.0,2.0,1.0,4.4,0.0,0.0,1.0,0.667,0.0,0.0,0.667,2.0,1.0,0.0,4.4,0.0,0.0,0.0,0.0,0.0,3.0,3.0,1.0,0.0,0.0,0.0,2.0,GSW,2.0,0.0,0.0,0.0,1.0,0.0,2.0,1.0,0.0,0.0,0.0,1.0,0.0,0.0,0.0,0.0,GSW,0.0,0.0,0.0,0.0,0.0,0.0,0.0,0.0,GSW,0.0,0.0,0.0,0.0,0.0,0.0,0.0,0.0,0.0,0.0,0.0,0.0,19.0,0.0,0.0,0.0,11.4,5.49,5078.0,0.5,0.5,5.05,6.02,1.0,2026,20251105,False,22500181
1630611,Gui Santos,Gui,1610612744,GSW,23.0,1,0,1,0.0,6.983333333333333,0,2,0.0,0,1,0.0,0,0,0.0,0,1,1,0,0,0,0,0,1,0,0,-2,1.2,0,0,1.0,1,119,119,119,210,199,192,199,136,155,136,135,142,135,131,158,179,179,151,118,70,1,63,170,206,143,226,21,3,224,1,,93.8,91.65,184,202,-12.5,199,0.056,0.0,0.105,2.0,37,200,178,0.111,109.98,37,179,204,109.15,0.0,201,206,1,131,236,106.3,0.0,46,-12.5,94,149,-14.1,-0.069,16,0.0,179,124,109.98,0.0,0.125,0.0,93.8,1,106.3,94,0.0,199,178,192,0.0,202,102,105,107.9,0.0,93.8,9.0,1.0,0.111,0.0,0.0,1.0,0.0,9.0,1.0,0.0,0.0,0.0,0.0,0.0,0.0,0.0,0.0,0.0,0.0,0.0,0.0,0.0,0.0,0.0,0.0,0.0,0.0,0.0,0.0,2.0,0.3,0.36,11.0,0.0,0.0,1.43,0.0,0.0,8.0,1.0,0.0,0.0,1.0,1.0,3.4,0.0,0.0,0.0,0.0,0.0,1.0,3.4,0.0,1.0,0.0,0.0,0.0,0.0,1.0,0.0,1.0,1.0,1.0,,,,,,,,,,,,,,,,,0.0,1.0,0.0,0.0,0.0,0.5,1.0,0.0,0.0,0.0,0.5,0.0,0.0,1.0,0.0,0.0,0.0,0.0,0.0,0.5,,1.0,0.0,0.5,0.0,,,,,,,,,,,,,,,,0,0.0,0,0,0.0,,0.0,0.0,0.0,0.0,0.0,0.0,0.0,0.0,0.0,0.0,0.0,0.0,,0.0,0.0,0.0,0.0,0.0,,0.0,0.0,0.0,0.0,0.0,,0.0,0.0,1.0,0.0,0.0,0.0,1.0,0.0,0.588,F,0.233,8.0,10.0,0.567,0.8,0.0,0.0,1.0,0.0,0.0,,0.0,0.0,0.0,GSW,0.0,0.0,0.0,0.0,0.0,,0.0,0.0,0.0,0.0,0.0,0.0,0.0,0.0,,1.0,0.0,0.0,0,1,0.0,0.0,0.0,1.0,2.0,0.667,0.548,3.0,0.118,1.0,1.0,0.5,1.0,0.5,0.333,0.667,-0.123,2.0,1.0,0.5,0.623,1.0,0.667,1.0,1.0,0.333,0.333,1.0,0.333,0.64,1.0,0.36,1.0,1.0,0.0,3.4,0.0,0.0,1.0,1.0,0.0,0.0,1.0,1.0,0.0,0.0,3.4,0.0,0.0,1.0,0.0,0.0,1.0,1.0,1.0,0.0,0.0,0.0,1.0,GSW,1.0,0.0,0.0,0.0,0.0,0.0,2.0,1.0,0.0,0.0,0.0,1.0,0.0,0.0,0.0,0.0,GSW,0.0,0.0,0.0,0.0,0.0,0.0,0.0,0.0,GSW,0.0,0.0,0.0,0.0,0.0,0.0,0.0,0.0,0.0,0.0,0.0,0.0,11.0,0.0,0.0,0.0,7.0,4.74,2898.0,0.2,0.3,3.58,6.02,0.5,2026,20251105,False,22500181
1630228,Jonathan Kuminga,Jonathan,1610612744,GSW,23.0,1,0,1,0.0,35.585,8,19,0.421,2,5,0.4,6,8,0.75,2,7,9,3,5,0,0,2,5,4,24,2,34.3,0,0,38.0,1,119,119,119,24,29,15,124,49,47,74,18,15,85,36,18,22,58,5,118,70,223,227,30,21,82,48,21,3,29,1,,117.1,85.99,126,90,4.1,29,0.136,0.6,0.326,19.0,135,17,95,0.322,103.19,135,157,98,102.76,0.474,12,126,183,74,138,113.0,8.0,149,4.1,132,52,-1.0,0.077,76,0.533,114,109,103.19,0.13,0.233,9.7,117.1,184,113.0,132,0.056,129,95,15,16.1,90,34,150,116.0,16.4,115.0,45.0,4.0,0.089,0.067,6.0,4.0,0.0,50.0,1.0,0.0,0.643,3.0,0.143,4.0,9.0,14.0,0.75,3.0,0.5,6.0,0.0,3.0,0.214,2.0,3.0,0.214,2.0,1.333,5.0,3.0,4.5,2.51,75.0,24.0,0.0,3.56,0.0,0.32,42.0,13.0,0.111,0.5,7.0,0.778,4.9,0.333,1.0,0.333,0.0,1.0,0.692,5.0,1.0,0.692,0.0,0.0,0.0,4.3,6.0,0.0,0.778,8.0,9.0,0.158,,0.667,0.667,3.0,0.0,0.158,0.0,2.0,0.0,2.0,GSW,1.0,0.667,3.0,,0.25,8.0,0.0,0.0,0.25,0.421,8.0,0.0,2.0,2.0,0.421,0.25,1.0,5.0,0.333,1.0,0.4,0.105,2.0,0.158,0.5,3.0,2.0,0.263,0.5,0.5,0.105,0.053,0.833,0.158,2.0,0.667,1.0,2.0,3.0,1.0,1.0,1.0,0.25,0.25,2,1.0,4,1,0.0,0.0,0.0,0.0,0.0,0.474,0.0,0.5,6.0,0.5,4.0,1.0,0.0,3.0,1.0,1.0,0.0,4.0,0.0,0.0,1.0,0.4,0.333,5.0,2.0,1.0,1.0,2.0,0.0,5.0,0.5,0.25,0.6,3.0,1.0,0.252,F,0.072,21.0,28.0,0.678,0.75,1.0,0.333,3.0,0.5,3.0,,0.333,0.0,0.333,GSW,1.0,2.0,0.571,0.0,0.0,,0.0,0.0,1.0,1.0,0.0,1.0,3.0,0.0,,7.0,4.0,0.0,1,3,0.333,0.5,1.0,3.0,4.0,0.5,0.499,8.0,0.001,1.0,4.0,-0.01,0.25,0.26,0.5,0.5,0.118,4.0,3.0,0.75,0.632,2.0,0.769,3.0,0.667,0.375,-0.103,3.0,0.5,0.732,4.0,0.018,0.75,7.0,0.0,5.0,4.3,0.0,0.692,0.778,1.0,0.0,0.692,8.0,0.0,0.333,4.9,0.0,0.111,6.0,1.0,1.0,13.0,9.0,0.778,2.0,0.5,0.333,9.0,GSW,7.0,2.0,2.0,0.0,3.0,0.0,2.0,0.0,0.5,0.0,1.0,2.0,0.0,1.0,1.0,0.0,GSW,1.0,2.0,2.0,0.5,1.0,2.0,0.0,0.0,GSW,1.0,0.0,0.0,0.0,0.0,5.0,0.2,0.0,0.0,3.0,0.0,1.0,75.0,0.6,0.0,0.0,35.6,4.56,13747.0,1.2,1.4,4.28,4.84,2.6,2026,20251105,False,22500181
1631165,Keon Ellis,Keon,1610612758,SAC,25.0,1,1,0,1.0,17.063333333333333,0,1,0.0,0,0,0.0,0,0,0.0,0,2,2,2,1,2,0,0,4,1,0,5,10.4,0,0,8.0,1,1,1,1,157,199,213,199,136,191,136,135,142,135,131,112,146,91,88,16,70,1,207,112,206,52,171,21,3,180,1,,104.8,97.28,67,158,9.6,199,0.056,2.0,0.044,1.0,13,229,65,0.046,116.74,13,10,149,115.34,0.0,228,206,229,131,202,95.1,0.0,15,9.6,41,149,9.8,0.0,42,0.0,85,38,116.74,0.167,0.105,50.0,104.8,229,95.1,41,0.0,199,65,213,25.0,158,124,51,96.2,25.0,106.1,23.0,2.0,0.087,0.087,5.0,2.0,0.0,14.0,0.0,0.0,0.0,0.0,0.0,0.0,0.0,1.0,0.0,0.0,0.0,0.0,0.0,1.0,1.0,0.0,0.0,0.0,0.0,0.0,0.0,0.0,1.0,1.77,26.0,0.0,0.0,2.21,0.0,0.0,10.0,2.0,0.0,0.0,2.0,1.0,3.5,0.0,0.0,0.0,0.0,0.0,1.0,3.5,0.0,1.0,0.0,0.0,0.0,0.0,0.0,0.0,1.0,2.0,2.0,,,,,,,,,,,,,,,,,,,,,,,,,,,,,0.0,1.0,,0.0,0.0,1.0,1.0,0.0,0.0,0.0,0.0,1.0,0.0,,,,,,,,,,,,,,0.0,0.0,0,,1,0,,,0.0,0.0,0.0,0.0,0.0,0.0,0.0,0.0,0.0,0.0,0.0,0.0,0.0,0.0,0.0,1.0,0.0,0.0,0.0,0.0,0.0,0.0,0.0,0.0,0.0,0.0,0.0,0.0,0.0,0.0,0.0,0.0,0.0,0.382,G,0.059,20.0,29.0,0.631,0.69,0.0,0.0,0.0,0.0,0.0,0.0,0.0,0.0,0.0,SAC,0.0,0.0,0.0,0.0,0.0,0.0,0.0,0.0,0.0,0.0,0.0,1.0,0.0,0.0,0.0,0.0,0.0,0.0,0,0,,,,,7.0,0.538,0.481,13.0,0.058,1.0,3.0,-0.085,0.333,0.419,0.231,0.769,0.037,10.0,6.0,0.6,0.563,4.0,0.619,5.0,0.8,0.385,0.181,6.0,0.538,0.582,7.0,0.275,0.857,2.0,0.0,3.5,0.0,0.0,1.0,1.0,0.0,0.0,1.0,2.0,0.0,0.0,3.5,0.0,0.0,0.0,0.0,0.0,2.0,2.0,1.0,0.0,0.0,0.0,2.0,SAC,2.0,0.0,0.0,0.0,5.0,0.0,1.0,1.0,0.0,0.0,0.0,0.0,0.0,0.0,0.0,0.0,SAC,0.0,0.0,0.0,0.0,0.0,0.0,0.0,0.0,SAC,0.0,0.0,0.0,0.0,0.0,0.0,0.0,0.0,0.0,0.0,0.0,0.0,26.0,0.0,0.0,0.0,17.1,4.96,7128.0,0.7,0.7,4.89,5.01,1.4,2026,20251105,False,22500181
1628370,Malik Monk,Malik,1610612758,SAC,27.0,1,1,0,1.0,25.273333333333333,6,12,0.5,2,5,0.4,7,8,0.875,1,3,4,2,2,0,0,0,2,4,21,2,26.8,0,0,29.0,1,1,1,1,106,45,59,83,49,47,74,14,15,72,70,86,90,91,53,118,70,1,112,30,34,82,84,21,3,65,1,,111.7,94.17,94,117,1.5,45,0.075,1.0,0.277,12.0,23,33,109,0.285,113.0,23,148,88,109.89,0.583,32,76,141,90,77,110.2,6.0,38,1.5,116,116,4.6,0.131,60,0.677,110,72,113.0,0.133,0.103,10.0,111.7,146,110.2,116,0.042,98,109,59,10.0,117,127,123,111.8,10.2,116.4,20.0,3.0,0.15,0.1,6.0,3.0,1.0,31.0,0.0,0.0,0.778,3.0,0.222,4.0,7.0,9.0,0.75,1.0,0.4,5.0,0.0,1.0,0.111,2.0,2.0,0.111,1.0,2.0,0.0,1.0,2.1,2.97,38.0,21.0,0.0,3.37,2.0,0.553,22.0,7.0,0.25,0.0,2.0,0.75,8.2,1.0,1.0,1.0,2.0,1.0,0.8,7.0,0.0,0.571,0.0,1.0,2.0,11.8,1.0,0.333,0.5,3.0,6.0,,,,,,,,,,,,,,,,,1.0,2.0,0.0,0.0,1.0,0.167,2.0,0.0,2.0,2.0,0.167,1.0,1.0,7.0,0.333,2.0,0.429,0.333,4.0,0.25,0.5,3.0,3.0,0.583,0.5,0.5,0.167,0.083,0.5,0.25,1.0,0.333,0.0,2.0,3.0,1.0,1.0,0.0,0.286,0.357,5,3.0,7,2,1.0,0.333,1.0,0.0,2.0,0.583,0.0,0.5,3.0,1.0,2.0,2.0,0.0,1.0,0.0,0.0,0.0,0.0,0.0,0.0,1.0,0.5,0.5,6.0,1.0,0.0,0.0,3.0,0.0,1.0,0.0,0.0,1.0,4.0,0.0,0.236,G,0.179,11.0,13.0,0.667,0.846,0.0,0.667,3.0,0.667,2.0,,0.0,0.0,0.0,SAC,2.0,3.0,0.667,0.0,0.0,,0.0,0.0,0.0,2.0,0.0,0.0,1.0,0.0,,3.0,2.0,0.0,1,2,0.5,0.75,1.0,2.0,6.0,0.667,0.477,9.0,0.19,4.0,5.0,0.363,0.8,0.437,0.556,0.444,-0.129,4.0,2.0,0.5,0.629,2.0,0.673,3.0,0.667,0.333,-0.006,2.0,0.333,0.685,3.0,-0.019,0.667,3.0,2.0,7.0,11.8,1.0,0.8,0.5,1.0,0.0,0.571,3.0,2.0,1.0,8.2,0.333,0.25,1.0,0.0,1.0,7.0,6.0,0.75,1.0,0.0,1.0,4.0,SAC,2.0,0.0,1.0,0.0,0.0,1.0,0.0,0.0,0.0,0.0,0.0,0.0,0.0,0.0,0.0,1.0,SAC,0.0,0.0,0.0,0.0,0.0,0.0,0.0,0.0,SAC,0.0,0.0,0.0,0.0,0.0,0.0,0.0,0.0,0.0,0.0,0.0,0.0,38.0,0.0,0.0,0.0,25.3,4.25,9538.0,0.9,0.9,4.1,4.42,1.8,2026,20251105,False,22500181
1642875,Maxime Raynaud,Maxime,1610612758,SAC,22.0,1,1,0,1.0,15.1,1,3,0.333,0,1,0.0,4,4,1.0,1,2,3,0,1,1,1,0,1,3,6,1,14.6,0,0,13.0,1,1,1,1,175,165,176,149,136,155,136,30,38,1,70,112,112,179,88,49,26,1,63,48,143,92,146,21,3,152,1,,108.1,95.36,109,143,-3.3,165,0.111,0.0,0.15,3.0,17,158,140,0.148,114.44,17,179,141,116.79,0.333,149,94,184,68,118,111.4,1.0,12,-3.3,124,70,1.4,0.09,37,0.63,179,124,114.44,0.0,0.167,0.0,108.1,194,111.4,124,0.067,170,140,176,16.7,143,70,99,106.8,17.4,108.2,18.0,1.0,0.0,0.0,0.0,0.0,0.0,10.0,0.0,0.0,0.0,0.0,0.0,0.0,0.0,0.0,0.0,0.0,0.0,0.0,0.0,0.0,0.0,0.0,0.0,0.0,1.0,1.0,1.0,4.0,0.6,0.52,23.0,6.0,0.0,1.51,0.0,0.261,10.0,8.0,0.0,0.0,2.0,0.5,5.9,0.333,1.0,0.333,1.0,0.0,0.429,6.6,0.0,0.375,0.0,0.0,1.0,4.5,3.0,0.0,0.4,3.0,5.0,,,,,,,,,,,,,,,,,0.5,2.0,0.0,0.0,0.5,0.667,2.0,0.0,1.0,1.0,0.667,0.5,0.0,1.0,0.0,0.0,0.0,0.0,0.0,0.333,,1.0,0.0,0.333,0.0,,,,,,,,,,,,,,,,0,0.0,0,0,0.0,,0.0,0.0,0.0,0.333,0.0,0.0,0.0,0.5,4.0,0.0,0.0,1.0,0.0,0.0,,0.0,0.0,0.0,0.0,0.0,0.0,1.0,0.0,0.0,0.0,0.0,,1.0,0.0,0.0,1.0,1.0,,0.267,C,0.174,3.0,4.0,0.576,0.75,0.0,0.0,1.0,0.0,0.0,,0.0,0.0,0.0,SAC,0.0,0.0,0.5,0.0,0.0,,0.0,0.0,0.0,0.0,0.0,0.0,0.0,0.0,,2.0,1.0,0.0,0,1,0.0,0.0,0.0,1.0,3.0,0.429,0.427,7.0,0.002,1.0,2.0,0.234,0.5,0.267,0.286,0.714,-0.049,5.0,2.0,0.4,0.449,1.0,0.425,2.0,0.5,0.286,0.075,2.0,0.714,0.544,5.0,-0.144,0.4,2.0,1.0,6.6,4.5,0.0,0.429,0.4,1.0,0.0,0.375,3.0,1.0,0.333,5.9,0.0,0.0,3.0,0.0,0.0,8.0,5.0,0.5,1.0,0.0,0.333,3.0,SAC,2.0,0.0,0.0,0.0,1.0,0.0,4.0,3.0,0.0,4.0,0.0,1.0,2.0,1.0,1.0,0.0,SAC,0.0,1.0,0.0,1.0,0.0,1.0,0.0,0.0,SAC,0.0,0.0,0.0,0.0,0.0,1.0,1.0,0.0,0.0,0.0,0.0,1.0,23.0,0.0,0.0,0.0,15.1,4.52,5911.0,0.5,0.6,4.31,4.72,1.1,2026,20251105,False,22500181
1630541,Moses Moody,Moses,1610612744,GSW,23.0,1,0,1,0.0,38.53333333333333,9,15,0.6,6,11,0.545,4,4,1.0,1,2,3,3,3,2,4,0,3,3,28,5,51.1,0,0,52.0,1,119,119,119,4,18,33,55,2,2,37,30,38,1,70,112,112,58,21,16,2,1,158,48,11,52,11,21,3,5,1,,111.8,87.72,115,114,4.6,18,0.036,1.0,0.196,15.0,101,93,90,0.207,105.26,101,126,127,105.06,0.8,99,29,167,130,58,107.1,9.0,113,4.6,99,192,0.7,0.151,85,0.835,114,72,105.26,0.13,0.053,13.6,111.8,165,107.1,99,0.022,37,90,33,13.6,114,180,111,109.3,13.2,110.0,39.0,11.0,0.103,0.077,10.0,4.0,1.0,48.0,0.0,0.0,0.667,0.0,0.0,0.0,4.0,6.0,0.0,1.0,0.667,3.0,0.0,2.0,0.333,0.0,2.0,0.167,1.0,0.0,0.0,1.0,2.9,2.02,59.0,28.0,0.0,2.95,0.0,0.475,39.0,10.0,0.333,0.0,1.0,0.5,10.9,0.333,1.0,0.5,4.0,1.0,0.5,9.1,0.0,0.3,1.0,1.0,3.0,14.4,3.0,0.5,0.286,2.0,7.0,,,,,,,,,,,,,,,,0.0,0.667,3.0,0.0,0.067,1.0,0.133,2.0,1.0,2.0,2.0,0.2,0.667,5.0,8.0,0.833,1.0,0.75,0.133,2.0,0.4,0.5,6.0,6.0,0.533,1.063,0.25,0.267,0.0,0.375,0.267,1.0,0.25,0.0,4.0,4.0,1.0,0.0,,0.5,0.75,3,2.0,2,1,1.0,0.5,0.0,0.0,0.0,0.8,0.0,0.556,15.0,0.0,0.0,5.0,0.0,1.0,0.5,1.0,0.0,1.0,0.0,0.0,2.0,0.5,0.556,2.0,2.0,1.0,1.0,1.0,0.0,1.0,0.5,1.0,1.0,9.0,0.0,0.358,G,-0.068,13.0,24.0,0.61,0.542,1.0,0.556,9.0,1.0,2.0,0.0,0.0,0.0,0.5,GSW,2.0,2.0,1.0,0.0,0.0,0.0,0.0,0.0,0.0,5.0,0.0,0.0,1.0,0.0,0.0,1.0,1.0,0.0,5,9,0.556,0.833,5.0,9.0,7.0,0.5,0.48,14.0,0.02,1.0,2.0,0.097,0.5,0.404,0.143,0.857,-0.023,12.0,6.0,0.5,0.523,1.0,0.598,3.0,0.333,0.214,-0.265,3.0,0.429,0.591,6.0,-0.091,0.5,2.0,3.0,9.1,14.4,1.0,0.5,0.286,1.0,1.0,0.3,2.0,4.0,0.333,10.9,0.5,0.333,3.0,0.0,1.0,10.0,7.0,0.5,1.0,0.0,0.5,3.0,GSW,1.0,0.0,0.0,0.0,2.0,0.0,8.0,8.0,0.0,0.0,0.0,0.0,0.0,0.0,0.0,0.0,GSW,0.0,0.0,0.0,0.0,0.0,0.0,0.0,0.0,GSW,0.0,0.0,0.0,0.0,0.0,0.0,0.0,0.0,0.0,0.0,0.0,0.0,59.0,0.0,0.0,0.0,38.5,4.18,13728.0,1.1,1.5,3.61,4.72,2.6,2026,20251105,False,22500181
1642363,Nique Clifford,Nique,1610612758,SAC,23.0,1,1,0,1.0,32.88166666666667,4,8,0.5,3,6,0.5,1,2,0.5,0,3,3,3,1,1,0,0,2,1,12,1,22.1,0,0,23.0,1,1,1,1,51,88,99,83,24,33,40,109,77,111,131,86,112,58,88,49,70,1,112,112,90,92,106,21,3,103,1,,108.5,87.59,81,140,4.3,88,0.048,3.0,0.128,8.0,105,186,94,0.131,105.1,105,71,121,103.88,0.688,183,77,124,131,137,104.1,4.0,135,4.3,82,167,6.5,0.077,71,0.676,114,21,105.1,0.13,0.097,23.1,108.5,125,104.1,82,0.0,66,94,99,7.7,140,135,85,104.3,7.8,110.8,30.0,4.0,0.1,0.1,6.0,3.0,0.0,27.0,0.0,0.5,0.0,0.0,0.0,0.0,0.0,2.0,0.0,0.0,0.0,0.0,1.0,2.0,1.0,0.0,0.0,0.0,2.0,1.0,0.0,2.0,1.3,1.1,40.0,12.0,0.0,1.96,1.0,0.3,20.0,4.0,0.667,0.0,1.0,1.0,5.0,0.0,0.0,0.0,0.0,2.0,0.75,5.0,0.0,0.75,0.0,2.0,0.0,0.0,1.0,0.667,1.0,1.0,3.0,,,,,,,,,,,,,,,,,0.5,2.0,0.0,0.0,0.5,0.25,2.0,0.0,1.0,1.0,0.25,0.5,3.0,3.0,1.0,0.0,1.0,0.0,0.0,0.375,,3.0,3.0,0.375,1.5,0.0,0.375,0.0,0.0,0.375,0.0,0.0,0.0,3.0,3.0,0.0,0.0,,0.667,1.0,6,3.0,3,2,2.0,0.667,0.5,0.0,2.0,0.688,0.0,0.25,3.0,1.0,2.0,2.0,0.0,1.0,1.0,0.0,0.0,0.0,0.0,0.0,1.0,0.0,0.4,1.0,1.0,1.0,1.0,0.0,0.0,1.0,1.0,0.0,1.0,5.0,0.0,0.405,G,-0.051,10.0,17.0,0.639,0.588,2.0,0.25,4.0,0.0,2.0,0.0,0.0,0.0,1.0,SAC,0.0,1.0,1.0,0.0,0.0,0.0,0.0,0.0,0.0,1.0,0.0,0.0,0.0,0.0,0.0,1.0,1.0,0.0,1,3,0.5,0.5,1.0,2.0,5.0,0.417,0.48,12.0,-0.064,3.0,6.0,0.049,0.5,0.452,0.5,0.5,-0.166,6.0,2.0,0.333,0.5,1.0,0.493,3.0,0.333,0.25,-0.159,2.0,0.417,0.518,5.0,-0.118,0.4,3.0,0.0,5.0,0.0,2.0,0.75,1.0,0.0,0.0,0.75,1.0,0.0,0.0,5.0,0.667,0.667,1.0,0.0,2.0,4.0,3.0,1.0,0.0,0.0,0.0,3.0,SAC,1.0,1.0,1.0,0.0,0.0,0.0,9.0,4.0,0.0,0.0,0.0,5.0,0.0,0.0,0.0,0.0,SAC,1.0,0.0,0.0,0.0,0.0,0.0,0.0,0.0,SAC,0.0,0.0,0.0,0.0,0.0,0.0,0.0,0.0,0.0,0.0,0.0,0.0,40.0,0.0,0.0,0.0,32.9,4.67,13305.0,1.2,1.3,4.42,4.93,2.5,2026,20251105,False,22500181
1630311,Pat Spencer,Pat,1610612744,GSW,29.0,1,0,1,0.0,16.966666666666665,3,7,0.429,0,0,0.0,0,0,0.0,0,1,1,1,2,0,0,2,2,0,6,-19,6.7,0,0,8.0,1,119,119,119,158,111,112,120,136,191,136,135,142,135,131,158,179,128,53,118,70,223,112,170,143,240,192,21,3,180,1,,86.5,87.23,236,220,-51.4,111,0.031,0.5,0.214,7.0,119,67,236,0.228,104.68,119,148,218,103.77,0.429,76,162,204,131,202,137.8,3.0,138,-51.4,220,198,-50.8,0.0,37,0.429,117,113,104.68,0.125,0.077,10.0,86.5,206,137.8,220,0.0,141,236,112,20.0,220,152,224,138.4,20.0,87.6,28.0,7.0,0.036,0.036,2.0,1.0,0.0,31.0,0.0,0.125,0.75,0.0,0.0,0.0,6.0,8.0,0.0,0.0,0.6,5.0,1.0,3.0,0.375,0.0,3.0,0.0,0.0,0.0,0.0,2.0,2.8,3.98,40.0,6.0,0.0,4.22,0.0,0.15,14.0,4.0,0.0,0.0,1.0,1.0,11.9,0.0,0.0,0.0,1.0,0.0,0.333,11.9,0.0,0.25,0.0,0.0,1.0,0.0,2.0,0.0,0.5,1.0,2.0,0.429,,0.0,0.0,3.0,0.0,0.429,0.0,0.0,0.0,0.0,GSW,1.0,0.0,3.0,,0.667,3.0,0.0,0.0,0.667,0.429,3.0,0.0,2.0,2.0,0.429,0.667,0.0,1.0,,1.0,1.0,0.143,1.0,0.0,1.0,0.0,1.0,0.143,1.0,,,,,,,,,,,,,,,,0,,0,0,,,0.0,0.0,0.0,0.429,0.0,0.0,0.0,0.0,0.0,0.0,0.0,1.0,0.0,0.0,0.0,0.0,0.0,0.0,0.0,0.4,0.0,5.0,0.0,0.0,0.0,2.0,0.0,2.0,0.0,0.0,0.5,0.0,0.0,0.5,G,0.246,6.0,7.0,0.611,0.857,0.0,0.0,0.0,0.0,0.0,,0.0,0.0,0.0,GSW,0.0,2.0,0.6,0.0,0.0,,0.0,0.0,0.0,0.0,0.0,0.0,0.0,0.0,,5.0,3.0,0.0,0,0,,,,,3.0,0.5,0.422,6.0,0.078,2.0,3.0,0.264,0.667,0.403,0.5,0.5,-0.089,3.0,1.0,0.333,0.423,1.0,0.5,1.0,1.0,0.167,0.5,1.0,0.333,0.369,2.0,0.131,0.5,1.0,1.0,11.9,0.0,0.0,0.333,0.5,0.0,0.0,0.25,1.0,1.0,0.0,11.9,0.0,0.0,2.0,0.0,0.0,4.0,2.0,1.0,0.0,0.0,0.0,1.0,GSW,1.0,0.0,0.0,0.0,1.0,0.0,2.0,1.0,0.0,0.0,0.0,1.0,0.0,0.0,0.0,0.0,GSW,0.0,0.0,0.0,0.0,0.0,0.0,0.0,0.0,GSW,0.0,0.0,0.0,0.0,0.0,0.0,0.0,0.0,0.0,0.0,0.0,0.0,40.0,0.0,0.0,0.0,17.0,4.75,6925.0,0.6,0.7,4.34,5.16,1.3,2026,20251105,False,22500181
1630173,Precious Achiuwa,Precious,1610612758,SAC,26.0,1,1,0,1.0,9.283333333333331,2,2,1.0,0,0,0.0,0,0,0.0,1,2,3,0,1,0,1,0,0,1,4,5,9.6,0,0,9.0,1,1,1,1,199,139,192,1,136,191,136,135,142,135,70,112,112,179,88,118,26,1,1,112,165,52,176,21,3,174,1,,109.5,88.33,20,134,19.5,139,0.167,0.0,0.125,2.0,94,172,39,0.14,106.0,94,179,48,96.69,1.0,185,13,239,31,68,90.0,2.0,209,19.5,29,29,30.3,0.145,21,1.0,179,124,106.0,0.0,0.222,0.0,109.5,239,90.0,29,0.111,9,39,192,33.3,134,35,43,94.7,33.3,125.0,13.0,0.0,0.0,0.0,0.0,0.0,0.0,9.0,0.0,0.0,0.0,0.0,0.0,0.0,0.0,1.0,0.0,0.0,0.0,0.0,0.0,0.0,0.0,0.0,0.0,0.0,1.0,0.667,0.0,3.0,0.5,0.82,17.0,4.0,0.0,1.76,0.0,0.235,8.0,4.0,1.0,1.0,0.0,1.0,3.2,1.0,0.0,1.0,1.0,3.0,1.0,3.3,1.0,0.75,0.0,2.0,1.0,2.9,1.0,1.0,0.667,0.0,3.0,,,,,,,,,,,,,,,,,1.0,2.0,0.0,0.0,1.0,1.0,2.0,0.0,2.0,2.0,1.0,1.0,,,,,,,,,,,,,,,,,,,,,,,,,,,,,0,,0,0,,,0.0,0.0,0.0,1.0,0.0,0.0,0.0,1.0,2.0,0.0,0.0,2.0,0.0,0.0,0.0,0.0,0.0,0.0,0.0,0.0,0.0,0.0,0.0,0.0,0.0,0.0,0.0,2.0,0.0,0.0,1.0,0.0,0.0,,,,,,,,0.0,0.0,0.0,0.0,0.0,,0.0,0.0,0.0,SAC,0.0,0.0,1.0,,,,0.0,0.0,0.0,0.0,0.0,0.0,0.0,0.0,,2.0,2.0,,0,0,,,,,,,,,,,,,,,,,,,,,,,,,,,,,,,,,,2.0,1.0,3.3,2.9,2.0,1.0,0.667,0.0,0.0,0.75,0.0,1.0,1.0,3.2,1.0,1.0,1.0,1.0,3.0,4.0,3.0,1.0,1.0,1.0,1.0,3.0,SAC,0.0,0.0,0.0,0.0,0.0,0.0,2.0,1.0,0.0,0.0,0.0,1.0,0.0,0.0,0.0,0.0,SAC,0.0,0.0,0.0,0.0,0.0,0.0,0.0,0.0,SAC,0.0,0.0,0.0,0.0,0.0,0.0,0.0,0.0,0.0,0.0,0.0,0.0,17.0,0.0,0.0,0.0,9.3,4.54,3834.0,0.3,0.4,4.08,4.96,0.7,2026,20251105,False,22500181
1642366,Quinten Post,Quinten,1610612744,GSW,25.0,1,0,1,0.0,15.655,0,5,0.0,0,3,0.0,0,0,0.0,0,4,4,1,0,2,2,1,2,0,0,4,18.3,0,0,13.0,1,119,119,119,169,199,143,199,136,102,136,135,142,135,131,63,90,128,151,16,7,173,112,170,206,61,127,21,3,152,1,,120.0,89.43,84,71,11.4,199,0.148,0.0,0.132,5.0,74,185,61,0.131,107.31,74,107,73,104.98,0.0,176,206,1,131,196,108.6,0.0,114,11.4,107,40,6.0,0.014,35,0.0,160,124,107.31,0.067,0.364,16.7,120.0,1,108.6,107,0.0,199,61,143,0.0,71,4,134,113.8,0.0,119.7,33.0,1.0,0.091,0.03,2.0,3.0,0.0,24.0,2.0,0.0,0.0,0.0,0.0,0.0,0.0,1.0,0.0,0.0,0.0,0.0,0.0,1.0,1.0,0.0,0.0,0.0,0.0,0.0,1.0,1.0,1.0,0.69,39.0,0.0,0.0,1.5,0.0,0.0,22.0,9.0,0.25,0.0,3.0,0.667,3.2,0.0,0.0,0.0,2.0,1.0,0.571,3.2,0.0,0.444,0.0,1.0,2.0,0.0,1.0,0.25,0.5,3.0,8.0,,,,,,,,,,,,,,,,,0.0,1.0,0.0,0.0,0.0,0.2,1.0,0.0,0.0,0.0,0.2,0.0,0.0,2.0,0.0,0.0,0.0,0.2,1.0,0.2,0.0,1.0,0.0,0.4,0.0,0.0,0.4,0.0,0.0,0.4,0.0,0.0,0.0,2.0,2.0,0.0,0.0,,,,0,0.0,0,0,0.0,,0.0,0.0,0.0,0.0,0.0,0.0,0.0,0.0,0.0,0.0,0.0,0.0,0.0,0.0,0.0,0.0,0.0,0.0,0.0,0.0,0.0,2.0,0.0,0.0,0.0,0.0,0.0,0.0,0.0,0.0,0.0,3.0,0.0,0.345,C,-0.183,14.0,30.0,0.65,0.467,0.0,0.0,3.0,0.0,0.0,0.0,0.0,0.0,0.0,GSW,0.0,1.0,0.0,0.0,0.0,0.0,0.0,0.0,0.0,0.0,0.0,0.0,1.0,0.0,0.0,0.0,0.0,0.0,0,3,0.0,0.0,0.0,3.0,5.0,0.833,0.506,6.0,0.328,1.0,1.0,0.625,1.0,0.375,0.167,0.833,0.246,5.0,4.0,0.8,0.554,3.0,0.631,4.0,0.75,0.667,0.119,3.0,0.667,0.611,4.0,0.139,0.75,4.0,2.0,3.2,0.0,1.0,0.571,0.5,0.0,0.0,0.444,3.0,2.0,0.0,3.2,0.25,0.25,1.0,0.0,1.0,9.0,8.0,0.667,0.0,0.0,0.0,4.0,GSW,3.0,0.0,0.0,0.0,3.0,0.0,6.0,5.0,1.0,8.0,1.0,1.0,3.0,1.0,0.0,0.0,GSW,0.0,1.0,0.0,0.0,0.0,1.0,0.0,0.0,GSW,1.0,0.0,0.0,0.0,0.0,1.0,0.0,0.0,0.0,0.0,0.0,0.0,39.0,0.0,0.0,0.0,15.7,4.29,5867.0,0.5,0.6,4.26,4.31,1.1,2026,20251105,False,22500181
201566,Russell Westbrook,Russell,1610612758,SAC,36.0,1,1,0,1.0,35.416666666666664,9,13,0.692,3,4,0.75,2,2,1.0,4,12,16,10,3,1,0,0,1,3,23,4,57.2,1,1,54.0,1,1,1,1,26,18,51,31,24,86,17,65,77,1,8,4,3,3,21,49,70,1,63,48,24,61,5,1,1,4,1,,112.3,90.35,83,111,2.2,18,0.213,3.33,0.195,13.0,59,101,108,0.2,108.42,59,30,107,109.43,0.808,102,33,151,26,12,110.1,9.0,45,2.2,115,10,6.3,0.244,81,0.829,10,18,108.42,0.435,0.293,37.0,112.3,154,110.1,115,0.118,35,108,51,11.1,111,18,100,107.1,11.2,113.4,63.0,14.0,0.175,0.159,26.0,11.0,1.0,49.0,0.0,0.188,0.438,0.0,0.0,0.0,7.0,16.0,0.0,3.0,0.6,5.0,3.0,8.0,0.5,0.0,3.0,0.188,2.0,1.0,2.0,2.0,6.5,4.23,84.0,23.0,1.0,4.67,1.0,0.274,29.0,20.0,0.313,0.25,8.0,0.857,7.1,0.571,3.0,0.571,1.0,5.0,0.842,6.3,1.0,0.8,0.0,4.0,1.0,9.7,7.0,0.333,0.8,11.0,15.0,0.154,,0.0,0.0,2.0,0.0,0.154,0.0,0.0,0.0,0.0,SAC,1.0,0.0,2.0,,1.0,4.0,0.0,0.0,1.0,0.308,4.0,0.0,4.0,4.0,0.308,1.0,3.0,7.0,0.75,2.0,0.714,0.231,3.0,0.308,0.667,4.0,5.0,0.538,0.929,,,,,,,,,,,,,,0.667,0.833,5,1.0,3,2,1.0,1.0,1.0,2.0,2.0,0.808,0.0,0.667,6.0,1.0,2.0,2.0,0.0,4.0,0.0,0.0,1.0,1.0,0.0,0.0,0.0,0.667,0.667,3.0,1.0,1.0,0.0,2.0,1.0,5.0,1.0,0.0,0.8,3.0,1.0,0.452,G,0.062,25.0,33.0,0.696,0.758,2.0,0.5,2.0,0.5,2.0,0.0,0.0,0.0,1.0,SAC,1.0,2.0,0.833,0.0,0.0,0.0,0.0,0.0,0.0,1.0,0.0,1.0,0.0,0.0,0.0,6.0,5.0,0.0,2,3,0.667,1.0,2.0,3.0,6.0,0.5,0.532,12.0,-0.032,0.0,4.0,-0.413,0.0,0.413,0.333,0.667,0.138,8.0,6.0,0.75,0.612,4.0,0.74,6.0,0.667,0.5,-0.074,4.0,0.5,0.697,6.0,-0.03,0.667,12.0,1.0,6.3,9.7,4.0,0.842,0.8,3.0,0.0,0.8,11.0,1.0,0.571,7.1,0.333,0.313,7.0,1.0,5.0,20.0,15.0,0.857,4.0,0.25,0.571,16.0,SAC,8.0,0.0,0.0,0.0,3.0,0.0,0.0,0.0,1.0,0.0,1.0,0.0,0.0,1.0,0.0,0.0,SAC,0.0,1.0,1.0,0.0,1.0,1.0,2.0,1.0,SAC,0.0,0.0,1.0,1.0,0.5,2.0,0.0,2.0,1.0,1.0,0.5,0.0,84.0,0.5,0.0,2.0,35.4,4.04,12286.0,1.1,1.3,3.87,4.58,2.3,2026,20251105,False,22500181
1631218,Trayce Jackson-Davis,Trayce,1610612744,GSW,25.0,1,0,1,0.0,9.033333333333331,1,2,0.5,0,0,0.0,0,0,0.0,0,0,0,1,0,1,0,0,1,0,2,-2,6.5,0,0,5.0,1,119,119,119,200,165,192,83,136,191,136,135,142,135,131,203,212,128,151,49,70,1,63,170,188,143,195,21,3,197,1,,95.2,92.99,171,198,-9.5,165,0.0,0.0,0.077,2.0,27,217,163,0.08,111.59,27,32,198,109.67,0.5,215,142,1,131,162,104.8,1.0,41,-9.5,86,212,-12.1,0.055,21,0.5,85,124,111.59,0.167,0.0,33.3,95.2,1,104.8,86,0.0,113,163,192,0.0,198,203,104,107.8,0.0,95.8,13.0,4.0,0.077,0.077,3.0,1.0,0.0,12.0,0.0,0.0,0.0,0.0,0.0,0.0,0.0,0.0,0.0,0.0,0.0,0.0,0.0,0.0,0.0,0.0,0.0,0.0,0.0,0.667,0.0,3.0,0.3,0.33,15.0,2.0,0.0,1.27,0.0,0.133,11.0,,,,,,,,,,,,,,,,,,,,,,,,,,,,,,,,,,,,,,,,,0.5,2.0,0.0,0.0,0.5,1.0,2.0,0.0,1.0,1.0,1.0,0.5,,,,,,,,,,,,,,,,,,,,,,,,,,,,,0,,0,0,,,0.0,0.0,0.0,0.5,0.0,0.0,0.0,0.5,2.0,0.0,0.0,1.0,0.0,0.0,0.0,0.0,0.0,0.0,0.0,0.0,0.0,1.0,0.0,0.0,0.0,0.0,0.0,1.0,0.0,0.0,1.0,0.0,0.0,0.452,F,0.012,9.0,14.0,0.631,0.643,0.0,0.0,0.0,0.0,0.0,,0.0,0.0,0.0,GSW,0.0,1.0,1.0,0.0,0.0,,0.0,0.0,0.0,0.0,0.0,0.0,0.0,0.0,,1.0,1.0,0.0,0,0,,,,,4.0,0.444,0.519,9.0,-0.075,1.0,2.0,0.0,0.5,0.5,0.222,0.778,-0.123,7.0,3.0,0.429,0.552,3.0,0.652,4.0,0.75,0.444,0.098,3.0,0.444,0.598,4.0,0.152,0.75,,,,,,,,,,,,,,,,,,,,,,,,,,,,,0.0,0.0,0.0,2.0,0.0,6.0,5.0,0.0,3.0,0.0,1.0,1.0,0.0,0.0,0.0,GSW,0.0,0.0,0.0,0.0,0.0,0.0,0.0,0.0,GSW,0.0,0.0,0.0,0.0,0.0,0.0,0.0,0.0,0.0,0.0,0.0,0.0,15.0,0.0,0.0,0.0,9.0,4.82,3525.0,0.3,0.3,4.31,3.98,0.7,2026,20251105,False,22500181
1642954,Will Richard,Will,1610612744,GSW,22.0,1,0,1,0.0,34.498333333333335,10,15,0.667,5,8,0.625,5,7,0.714,5,2,7,3,1,1,0,0,3,4,30,1,44.9,0,0,47.0,1,119,119,119,39,9,33,34,6,17,25,22,19,100,4,112,41,58,88,49,70,1,158,30,10,92,21,21,3,14,1,,107.7,90.44,140,147,1.3,9,0.089,3.0,0.216,15.0,58,77,110,0.22,108.53,58,126,146,107.25,0.833,74,32,100,25,37,106.4,10.0,74,1.3,96,103,-3.0,0.174,78,0.83,98,21,108.53,0.158,0.054,13.6,107.7,100,106.4,96,0.119,27,110,33,4.5,147,179,113,109.8,4.5,106.9,27.0,6.0,0.148,0.111,8.0,4.0,0.0,32.0,1.0,0.0,0.0,0.0,0.0,0.0,0.0,1.0,0.0,0.0,0.0,0.0,0.0,1.0,1.0,0.0,0.0,0.0,3.0,1.3,0.0,10.0,1.4,1.02,47.0,30.0,0.0,1.8,0.667,0.638,29.0,9.0,0.429,0.4,1.0,0.5,10.4,1.0,3.0,1.0,0.0,3.0,0.778,18.0,2.0,0.778,0.0,1.0,0.0,7.4,5.0,0.5,0.5,4.0,4.0,,,,,,,,,,,,,,,,,0.667,3.0,0.0,0.0,0.667,0.2,3.0,0.0,2.0,2.0,0.2,0.667,0.0,4.0,,3.0,0.75,0.267,4.0,0.0,0.75,0.0,3.0,0.267,0.75,0.625,0.533,0.0,0.938,0.533,5.0,0.625,0.0,8.0,8.0,5.0,0.0,,0.0,0.0,0,1.0,1,0,0.0,0.0,0.0,0.0,2.0,0.833,0.0,0.625,15.0,0.667,13.0,3.0,0.0,3.0,1.0,0.0,0.0,0.0,0.0,0.0,2.0,0.5,0.75,4.0,4.0,2.0,2.0,2.0,0.0,3.0,0.5,0.0,1.0,4.0,2.0,0.324,G,0.163,10.0,12.0,0.67,0.833,2.0,0.75,4.0,0.0,4.0,0.0,0.0,0.0,0.5,GSW,0.0,2.0,1.0,0.0,0.0,0.0,0.0,0.0,0.0,3.0,0.0,0.0,0.0,0.0,0.0,5.0,5.0,0.0,5,8,0.714,0.938,5.0,7.0,8.0,0.571,0.477,14.0,0.095,,,,,,,1.0,0.055,14.0,8.0,0.571,0.516,6.0,0.682,7.0,0.857,0.5,0.175,6.0,0.571,0.579,8.0,0.171,0.75,2.0,0.0,18.0,7.4,1.0,0.778,0.5,3.0,0.0,0.778,4.0,0.0,1.0,10.4,0.5,0.429,5.0,2.0,3.0,9.0,4.0,0.5,5.0,0.4,1.0,7.0,GSW,1.0,0.0,0.0,0.0,2.0,0.0,4.0,4.0,0.0,2.0,0.0,0.0,1.0,0.0,0.0,0.0,GSW,0.0,0.0,0.0,0.0,0.0,0.0,0.0,0.0,GSW,0.0,0.0,0.0,0.0,0.0,0.0,0.0,0.0,0.0,0.0,0.0,0.0,47.0,0.0,0.0,0.0,34.5,4.31,12878.0,1.1,1.3,3.93,4.7,2.4,2026,20251105,False,22500181
