index,PLAYER_ID,PLAYER_NAME,W,GP,year,POSS,TEAM_ABBREVIATION,TEAM_ID,AGE,PLAYER_HEIGHT_INCHES,PLAYER_WEIGHT,COLLEGE,COUNTRY,DRAFT_YEAR,DRAFT_ROUND,DRAFT_NUMBER,MIN,FGM,FGA,FG3M,FG3A,FTM,FTA,OREB,DREB,REB,AST,TOV,STL,BLK,BLKA,PF,PFD,PTS,PLUS_MINUS,DD2,TD3,FGM_PG,sp_work_PACE,sp_work_DEF_RATING,DEF_RATING,sp_work_NET_RATING,E_DEF_RATING,OFF_RATING,PACE_PER40,AST_RATIO,sp_work_OFF_RATING,E_PACE,NET_RATING,E_NET_RATING,PACE,E_OFF_RATING,FGA_PG,AST_TO,ITP_FGM,ABOVE_BREAK_3_FGA,MID_FGM,RIGHT_CORNER_3_FGM,MID_FGA,RA_FGA,LEFT_CORNER_3_FGM,ITP_FGA,LEFT_CORNER_3_FGA,BACKCOURT_FGA,RA_FGM,CORNER_3_FGM,RIGHT_CORNER_3_FGA,BACKCOURT_FGM,CORNER_3_FGA,ABOVE_BREAK_3_FGM,FGM_10_14,FGP_5_9,FGP_35_39,FGP_LT_5,FGP_10_14,FGA_15_19,FGP_15_19,FGA_25_29,FGM_40_PLUS,FGM_LT_5,FGM_15_19,FGA_40_PLUS,FGM_20_24,FGA_30_34,FGM_5_9,FGM_30_34,FGA_10_14,FGP_30_34,FGA_5_9,FGP_25_29,FGP_40_PLUS,FGM_25_29,FGA_20_24,FGP_20_24,FGA_35_39,FGM_35_39,FGA_LT_5,POTENTIAL_AST,AST_ADJ,FT_AST,PASSES_RECEIVED,PASSES_MADE,SECONDARY_AST,AST_PTS_CREATED,DRIVE_FTM,DRIVE_TOV,DRIVE_FGM,DRIVE_PASSES,DRIVES,DRIVE_PTS,DRIVE_PF,DRIVE_AST,DRIVE_FTA,DRIVE_FGA,TOUCHES,AVG_SEC_PER_TOUCH,POINTS,TIME_OF_POSS,AVG_DRIB_PER_TOUCH,PAINT_TOUCHES,FRONT_CT_TOUCHES,ELBOW_TOUCHES,POST_TOUCHES,PTS_PER_ELBOW_TOUCH,PTS_PER_PAINT_TOUCH,PTS_PER_TOUCH,PTS_PER_POST_TOUCH,DREB_CHANCE_DEFER,AVG_DREB_DIST,REB_UNCONTEST,OREB_CHANCE_DEFER,OREB_CHANCES,AVG_OREB_DIST,DREB_CONTEST,OREB_UNCONTEST,AVG_REB_DIST,REB_CONTEST,REB_CHANCES,REB_CHANCE_DEFER,DREB_UNCONTEST,DREB_CHANCES,OREB_CONTEST,very_tight_FG3M,very_tight_FGA_FREQUENCY,very_tight_FG3A,very_tight_FG2M,very_tight_FGM,very_tight_FG2A_FREQUENCY,very_tight_FGA,very_tight_FG2A,very_tight_FG3A_FREQUENCY,tight_FGM,tight_FGA_FREQUENCY,tight_FG3A,tight_FGA,tight_FG2A_FREQUENCY,tight_FG2M,tight_FG2A,tight_FG3A_FREQUENCY,tight_FG3M,open_FG3A_FREQUENCY,open_FG3A,open_FG2A,open_FG3M,open_FG2A_FREQUENCY,open_FG2M,open_FGM,open_FGA_FREQUENCY,open_FGA,wide_open_FG2A,wide_open_FG2M,wide_open_FGM,wide_open_FG3M,wide_open_FGA_FREQUENCY,wide_open_FGA,wide_open_FG2A_FREQUENCY,wide_open_FG3A,wide_open_FG3A_FREQUENCY,PULL_UP_PTS,PULL_UP_FG3A,PULL_UP_FGA,PULL_UP_FGM,PULL_UP_FG3M,PAINT_TOUCH_PTS,ELBOW_TOUCH_PTS,POST_TOUCH_PTS,CATCH_SHOOT_PTS,FGM_LT_06,FGA_LT_06,PLUSMINUS,CATCH_SHOOT_FG3M,CATCH_SHOOT_FG3A,CATCH_SHOOT_FGA,CATCH_SHOOT_FGM,NBA_FANTASY_PTS,more_15ft_def_REB_CHANCE_DEFER,less_10ft_def_PLUSMINUS,two_pt_def_FG2A,hustle_LOOSE_BALLS_RECOVERED,DIST_FEET,less_6ft_def_PLUSMINUS,DIST_MILES_DEF,post_touch_POST_TOUCH_FOULS,two_pt_def_FG2M,three_pt_def_FG3M,post_touch_POST_TOUCH_FGM,hustle_BOX_OUTS,hustle_DEF_BOXOUTS,post_touch_POST_TOUCH_TOV,DIST_MILES,more_15ft_def_AVG_OREB_DIST,more_15ft_def_DREB_UNCONTEST,AVG_SPEED_DEF,more_15ft_def_AVG_DREB_DIST,more_15ft_def_AVG_REB_DIST,post_touch_POST_TOUCH_PASSES,hustle_OFF_BOXOUTS,hustle_SCREEN_ASSISTS,less_6ft_def_FGM_LT_06,more_15ft_def_OREB,hustle_CONTESTED_SHOTS_2PT,hustle_BOX_OUT_PLAYER_REBS,D_FGA,more_15ft_def_DREB,post_touch_POST_TOUCH_FGA,post_touch_TOUCHES,hustle_OFF_LOOSE_BALLS_RECOVERED,less_10ft_def_FGM_LT_10,more_15ft_def_DREB_CHANCES,more_15ft_def_OREB_CONTEST,AVG_SPEED,team_poss,D_FGM,post_touch_POST_TOUCH_FTM,three_pt_def_PLUSMINUS,more_15ft_def_OREB_UNCONTEST,AVG_SPEED_OFF,more_15ft_def_REB,more_15ft_def_DREB_CONTEST,hustle_CHARGES_DRAWN,less_6ft_def_FGA_LT_06,more_15ft_def_OREB_CHANCES,hustle_BOX_OUT_PLAYER_TEAM_REBS,hustle_CONTESTED_SHOTS_3PT,more_15ft_def_REB_CONTEST,post_touch_POST_TOUCHES,three_pt_def_FG3A,hustle_CONTESTED_SHOTS,hustle_DEFLECTIONS,more_15ft_def_DREB_CHANCE_DEFER,post_touch_POST_TOUCH_AST,hustle_SCREEN_AST_PTS,post_touch_POST_TOUCH_FTA,more_15ft_def_OREB_CHANCE_DEFER,less_10ft_def_FGA_LT_10,post_touch_POST_TOUCH_PTS,hustle_DEF_LOOSE_BALLS_RECOVERED,DIST_MILES_OFF,more_15ft_def_REB_UNCONTEST,more_15ft_def_REB_CHANCES,W_PCT,FG_PCT,FG3_PCT,FT_PCT,TM_TOV_PCT,REB_PCT,AST_PCT,DREB_PCT,E_TOV_PCT,TS_PCT,EFG_PCT,E_USG_PCT,OREB_PCT,USG_PCT,MID_FG_PCT,BACKCOURT_FG_PCT,ABOVE_BREAK_3_FG_PCT,CORNER_3_FG_PCT,RA_FG_PCT,LEFT_CORNER_3_FG_PCT,RIGHT_CORNER_3_FG_PCT,ITP_FG_PCT,AST_TO_PASS_PCT_ADJ,AST_TO_PASS_PCT,DRIVE_PTS_PCT,DRIVE_FT_PCT,DRIVE_PASSES_PCT,DRIVE_TOV_PCT,DRIVE_PF_PCT,DRIVE_FG_PCT,DRIVE_AST_PCT,REB_CHANCE_PCT,OREB_CONTEST_PCT,OREB_CHANCE_PCT,DREB_CHANCE_PCT,DREB_CONTEST_PCT,DREB_CHANCE_PCT_ADJ,REB_CHANCE_PCT_ADJ,OREB_CHANCE_PCT_ADJ,REB_CONTEST_PCT,very_tight_EFG_PCT,very_tight_FG2_PCT,very_tight_FG3_PCT,very_tight_FG_PCT,tight_FG_PCT,tight_EFG_PCT,tight_FG2_PCT,tight_FG3_PCT,open_FG2_PCT,open_EFG_PCT,open_FG3_PCT,open_FG_PCT,wide_open_FG2_PCT,wide_open_FG_PCT,wide_open_FG3_PCT,wide_open_EFG_PCT,PULL_UP_EFG_PCT,PULL_UP_FG3_PCT,PULL_UP_FG_PCT,ELBOW_TOUCH_FG_PCT,CATCH_SHOOT_FG_PCT,PAINT_TOUCH_FG_PCT,POST_TOUCH_FG_PCT,EFF_FG_PCT,LT_06_PCT,NS_LT_06_PCT,CATCH_SHOOT_FG3_PCT,CATCH_SHOOT_EFG_PCT,hustle_PCT_BOX_OUTS_TEAM_REB,post_touch_POST_TOUCH_AST_PCT,post_touch_POST_TOUCH_FG_PCT,D_FG_PCT,post_touch_POST_TOUCH_PTS_PCT,more_15ft_def_OREB_CHANCE_PCT_ADJ,PCT_PLUSMINUS,post_touch_POST_TOUCH_TOV_PCT,less_6ft_def_LT_06_PCT,more_15ft_def_REB_CHANCE_PCT_ADJ,hustle_PCT_LOOSE_BALLS_RECOVERED_OFF,post_touch_POST_TOUCH_FOULS_PCT,three_pt_def_FREQ,more_15ft_def_DREB_CHANCE_PCT_ADJ,less_6ft_def_NS_LT_06_PCT,three_pt_def_FG3_PCT,more_15ft_def_REB_CHANCE_PCT,post_touch_POST_TOUCH_PASSES_PCT,three_pt_def_NS_FG3_PCT,more_15ft_def_OREB_CONTEST_PCT,two_pt_def_FG2_PCT,less_10ft_def_FREQ,less_10ft_def_NS_LT_10_PCT,NORMAL_FG_PCT,less_6ft_def_FREQ,more_15ft_def_DREB_CONTEST_PCT,more_15ft_def_REB_CONTEST_PCT,two_pt_def_FREQ,hustle_PCT_LOOSE_BALLS_RECOVERED_DEF,post_touch_POST_TOUCH_FT_PCT,hustle_PCT_BOX_OUTS_REB,hustle_PCT_BOX_OUTS_DEF,more_15ft_def_OREB_CHANCE_PCT,hustle_PCT_BOX_OUTS_OFF,two_pt_def_NS_FG2_PCT,more_15ft_def_DREB_CHANCE_PCT,less_10ft_def_LT_10_PCT
250,954,Kerry Kittles,26,82,1997,5973,NJN,1610612751,23.0,0.0,0.0,0,0,0,0,0,3014.635,507,1189,158,419,175,227,106,213,319,249,127,158,35,54,165,0,1347,-267,0,0,6.2,95.13,106.9,106.9,-4.4,107.2,102.5,79.27,15.0,102.5,95.27,-4.4,-5.2,95.13,102.0,14.5,1.96,31.0,193.0,206.0,7.0,533.0,329.0,14.0,86.0,24.0,1.0,188.0,21.0,23.0,0.0,47.0,61.0,37.0,0.347,0.0,0.569,0.359,222.0,0.369,58.0,0.0,189.0,82.0,2.0,158.0,1.0,26.0,0.0,103.0,0.0,75.0,0.259,0.0,15.0,395.0,0.4,1.0,0.0,332.0,0.0,0.0,0.0,0.0,0.0,0.0,0.0,0.0,0.0,0.0,0.0,0.0,0.0,0.0,0.0,0.0,0.0,0.0,0.0,0.0,0.0,0.0,0.0,0.0,0.0,0.0,0.0,0.0,0.0,0.0,0.0,0.0,0.0,0.0,0.0,0.0,0.0,0.0,0.0,0.0,0.0,0.0,0.0,0.0,0.0,0.0,0.0,0.0,0.0,0.0,0.0,0.0,0.0,0.0,0.0,0.0,0.0,0.0,0.0,0.0,0.0,0.0,0.0,0.0,0.0,0.0,0.0,0.0,0.0,0.0,0.0,0.0,0.0,0.0,0.0,0.0,0.0,0.0,0.0,0.0,0.0,0.0,0.0,0.0,0.0,0.0,0.0,0.0,0.0,0.0,0.0,0.0,0.0,0.0,0.0,0.0,0.0,2555.3,0.0,0.0,0.0,0.0,0.0,0.0,0.0,0.0,0.0,0.0,0.0,0.0,0.0,0.0,0.0,0.0,0.0,0.0,0.0,0.0,0.0,0.0,0.0,0.0,0.0,0.0,0.0,0.0,0.0,0.0,0.0,0.0,0.0,0.0,0.0,0.0,0.0,0.0,0.0,0.0,0.0,0.0,0.0,0.0,0.0,0.0,0.0,0.0,0.0,0.0,0.0,0.0,0.0,0.0,0.0,0.0,0.0,0.0,0.0,0.0,0.0,0.0,0.0,0.0,0.0,0.317,0.426,0.377,0.771,7.6,0.05,0.139,0.073,7.6,0.523,0.493,0.199,0.031,0.195,0.386,0.0,0.316,0.447,0.571,0.583,0.304,0.36,0.0,0.0,0.0,0.0,0.0,0.0,0.0,0.0,0.0,0.0,0.0,0.0,0.0,0.0,0.0,0.0,0.0,0.0,0.0,0.0,0.0,0.0,0.0,0.0,0.0,0.0,0.0,0.0,0.0,0.0,0.0,0.0,0.0,0.0,0.0,0.0,0.0,0.0,0.0,0.0,0.0,0.0,0.0,0.0,0.0,0.0,0.0,0.0,0.0,0.0,0.0,0.0,0.0,0.0,0.0,0.0,0.0,0.0,0.0,0.0,0.0,0.0,0.0,0.0,0.0,0.0,0.0,0.0,0.0,0.0,0.0,0.0,0.0,0.0,0.0,0.0,0.0,0.0,0.0,0.0,0.0,0.0,0.0
251,954,Kerry Kittles,40,77,1998,5551,NJN,1610612751,24.0,0.0,0.0,0,0,0,0,0,2813.221666666667,508,1154,110,263,202,250,132,230,362,176,106,132,37,58,152,0,1328,144,7,0,6.6,94.53,103.5,103.5,2.2,103.5,105.7,78.77,11.4,105.7,94.65,2.2,1.9,94.53,105.4,15.0,1.66,48.0,243.0,172.0,7.0,460.0,296.0,6.0,135.0,9.0,1.0,178.0,13.0,10.0,0.0,19.0,97.0,40.0,0.339,0.0,0.584,0.348,249.0,0.378,107.0,0.0,181.0,94.0,2.0,115.0,0.0,39.0,0.0,115.0,0.0,115.0,0.364,0.0,39.0,256.0,0.449,0.0,0.0,310.0,0.0,0.0,0.0,0.0,0.0,0.0,0.0,0.0,0.0,0.0,0.0,0.0,0.0,0.0,0.0,0.0,0.0,0.0,0.0,0.0,0.0,0.0,0.0,0.0,0.0,0.0,0.0,0.0,0.0,0.0,0.0,0.0,0.0,0.0,0.0,0.0,0.0,0.0,0.0,0.0,0.0,0.0,0.0,0.0,0.0,0.0,0.0,0.0,0.0,0.0,0.0,0.0,0.0,0.0,0.0,0.0,0.0,0.0,0.0,0.0,0.0,0.0,0.0,0.0,0.0,0.0,0.0,0.0,0.0,0.0,0.0,0.0,0.0,0.0,0.0,0.0,0.0,0.0,0.0,0.0,0.0,0.0,0.0,0.0,0.0,0.0,0.0,0.0,0.0,0.0,0.0,0.0,0.0,0.0,0.0,0.0,0.0,2427.4,0.0,0.0,0.0,0.0,0.0,0.0,0.0,0.0,0.0,0.0,0.0,0.0,0.0,0.0,0.0,0.0,0.0,0.0,0.0,0.0,0.0,0.0,0.0,0.0,0.0,0.0,0.0,0.0,0.0,0.0,0.0,0.0,0.0,0.0,0.0,0.0,0.0,0.0,0.0,0.0,0.0,0.0,0.0,0.0,0.0,0.0,0.0,0.0,0.0,0.0,0.0,0.0,0.0,0.0,0.0,0.0,0.0,0.0,0.0,0.0,0.0,0.0,0.0,0.0,0.0,0.519,0.44,0.418,0.808,6.9,0.065,0.104,0.088,6.9,0.525,0.488,0.21,0.044,0.205,0.374,0.0,0.399,0.684,0.601,0.667,0.7,0.356,0.0,0.0,0.0,0.0,0.0,0.0,0.0,0.0,0.0,0.0,0.0,0.0,0.0,0.0,0.0,0.0,0.0,0.0,0.0,0.0,0.0,0.0,0.0,0.0,0.0,0.0,0.0,0.0,0.0,0.0,0.0,0.0,0.0,0.0,0.0,0.0,0.0,0.0,0.0,0.0,0.0,0.0,0.0,0.0,0.0,0.0,0.0,0.0,0.0,0.0,0.0,0.0,0.0,0.0,0.0,0.0,0.0,0.0,0.0,0.0,0.0,0.0,0.0,0.0,0.0,0.0,0.0,0.0,0.0,0.0,0.0,0.0,0.0,0.0,0.0,0.0,0.0,0.0,0.0,0.0,0.0,0.0,0.0
250,954,Kerry Kittles,14,46,1999,3127,NJN,1610612751,25.0,0.0,0.0,0,0,0,0,0,1572.8183333333334,227,613,50,158,88,114,52,139,191,116,66,79,26,42,82,0,592,-262,2,0,4.9,95.57,102.2,102.2,-8.1,102.6,94.1,79.64,13.7,94.1,95.48,-8.1,-8.8,95.57,93.8,13.3,1.76,17.0,139.0,66.0,5.0,224.0,172.0,1.0,59.0,4.0,2.0,94.0,6.0,13.0,0.0,17.0,44.0,19.0,0.25,0.0,0.53,0.275,124.0,0.315,80.0,0.0,96.0,39.0,3.0,41.0,0.0,10.0,0.0,69.0,0.0,40.0,0.275,0.0,22.0,115.0,0.357,1.0,0.0,181.0,0.0,0.0,0.0,0.0,0.0,0.0,0.0,0.0,0.0,0.0,0.0,0.0,0.0,0.0,0.0,0.0,0.0,0.0,0.0,0.0,0.0,0.0,0.0,0.0,0.0,0.0,0.0,0.0,0.0,0.0,0.0,0.0,0.0,0.0,0.0,0.0,0.0,0.0,0.0,0.0,0.0,0.0,0.0,0.0,0.0,0.0,0.0,0.0,0.0,0.0,0.0,0.0,0.0,0.0,0.0,0.0,0.0,0.0,0.0,0.0,0.0,0.0,0.0,0.0,0.0,0.0,0.0,0.0,0.0,0.0,0.0,0.0,0.0,0.0,0.0,0.0,0.0,0.0,0.0,0.0,0.0,0.0,0.0,0.0,0.0,0.0,0.0,0.0,0.0,0.0,0.0,0.0,0.0,0.0,0.0,0.0,0.0,1244.2,0.0,0.0,0.0,0.0,0.0,0.0,0.0,0.0,0.0,0.0,0.0,0.0,0.0,0.0,0.0,0.0,0.0,0.0,0.0,0.0,0.0,0.0,0.0,0.0,0.0,0.0,0.0,0.0,0.0,0.0,0.0,0.0,0.0,0.0,0.0,0.0,0.0,0.0,0.0,0.0,0.0,0.0,0.0,0.0,0.0,0.0,0.0,0.0,0.0,0.0,0.0,0.0,0.0,0.0,0.0,0.0,0.0,0.0,0.0,0.0,0.0,0.0,0.0,0.0,0.0,0.304,0.37,0.316,0.772,7.8,0.058,0.13,0.091,7.8,0.446,0.411,0.203,0.03,0.199,0.295,0.0,0.317,0.353,0.547,0.25,0.385,0.288,0.0,0.0,0.0,0.0,0.0,0.0,0.0,0.0,0.0,0.0,0.0,0.0,0.0,0.0,0.0,0.0,0.0,0.0,0.0,0.0,0.0,0.0,0.0,0.0,0.0,0.0,0.0,0.0,0.0,0.0,0.0,0.0,0.0,0.0,0.0,0.0,0.0,0.0,0.0,0.0,0.0,0.0,0.0,0.0,0.0,0.0,0.0,0.0,0.0,0.0,0.0,0.0,0.0,0.0,0.0,0.0,0.0,0.0,0.0,0.0,0.0,0.0,0.0,0.0,0.0,0.0,0.0,0.0,0.0,0.0,0.0,0.0,0.0,0.0,0.0,0.0,0.0,0.0,0.0,0.0,0.0,0.0,0.0
243,954,Kerry Kittles,29,62,2000,3771,NJN,1610612751,26.0,0.0,0.0,0,0,0,0,0,1897.44,305,698,96,240,101,127,46,179,225,142,56,79,19,23,120,9,807,29,0,0,4.9,95.43,103.0,103.0,0.9,102.8,103.8,79.53,14.9,103.8,95.54,0.9,0.9,95.43,103.7,11.3,2.54,19.0,190.0,89.0,14.0,248.0,152.0,7.0,58.0,18.0,0.0,101.0,21.0,32.0,0.0,50.0,75.0,15.0,0.318,0.0,0.658,0.294,138.0,0.362,101.0,0.0,104.0,50.0,0.0,82.0,2.0,14.0,0.0,51.0,0.0,44.0,0.396,0.0,40.0,204.0,0.402,0.0,0.0,158.0,0.0,0.0,0.0,0.0,0.0,0.0,0.0,0.0,0.0,0.0,0.0,0.0,0.0,0.0,0.0,0.0,0.0,0.0,0.0,0.0,0.0,0.0,0.0,0.0,0.0,0.0,0.0,0.0,0.0,0.0,0.0,0.0,0.0,0.0,0.0,0.0,0.0,0.0,0.0,0.0,0.0,0.0,0.0,0.0,0.0,0.0,0.0,0.0,0.0,0.0,0.0,0.0,0.0,0.0,0.0,0.0,0.0,0.0,0.0,0.0,0.0,0.0,0.0,0.0,0.0,0.0,0.0,0.0,0.0,0.0,0.0,0.0,0.0,0.0,0.0,0.0,0.0,0.0,0.0,0.0,0.0,0.0,0.0,0.0,0.0,0.0,0.0,0.0,0.0,0.0,0.0,0.0,0.0,0.0,0.0,0.0,0.0,1528.0,0.0,0.0,0.0,0.0,0.0,0.0,0.0,0.0,0.0,0.0,0.0,0.0,0.0,0.0,0.0,0.0,0.0,0.0,0.0,0.0,0.0,0.0,0.0,0.0,0.0,0.0,0.0,0.0,0.0,0.0,0.0,0.0,0.0,0.0,0.0,0.0,0.0,0.0,0.0,0.0,0.0,0.0,0.0,0.0,0.0,0.0,0.0,0.0,0.0,0.0,0.0,0.0,0.0,0.0,0.0,0.0,0.0,0.0,0.0,0.0,0.0,0.0,0.0,0.0,0.0,0.468,0.437,0.4,0.795,5.9,0.059,0.122,0.095,5.9,0.535,0.506,0.19,0.024,0.187,0.359,0.0,0.395,0.42,0.664,0.389,0.438,0.328,0.0,0.0,0.0,0.0,0.0,0.0,0.0,0.0,0.0,0.0,0.0,0.0,0.0,0.0,0.0,0.0,0.0,0.0,0.0,0.0,0.0,0.0,0.0,0.0,0.0,0.0,0.0,0.0,0.0,0.0,0.0,0.0,0.0,0.0,0.0,0.0,0.0,0.0,0.0,0.0,0.0,0.0,0.0,0.0,0.0,0.0,0.0,0.0,0.0,0.0,0.0,0.0,0.0,0.0,0.0,0.0,0.0,0.0,0.0,0.0,0.0,0.0,0.0,0.0,0.0,0.0,0.0,0.0,0.0,0.0,0.0,0.0,0.0,0.0,0.0,0.0,0.0,0.0,0.0,0.0,0.0,0.0,0.0
244,954,Kerry Kittles,52,82,2002,5156,NJN,1610612751,28.0,0.0,0.0,0,0,0,0,0,2598.63,438,940,98,242,128,172,68,207,275,216,109,130,31,32,108,1,1102,233,0,0,5.3,95.12,98.3,98.3,4.3,97.6,102.6,79.26,16.1,102.6,95.78,4.3,4.3,95.12,101.9,11.5,1.98,24.0,216.0,135.0,2.0,333.0,295.0,5.0,71.0,17.0,3.0,182.0,7.0,5.0,0.0,22.0,90.0,24.0,0.277,0.0,0.607,0.414,219.0,0.388,111.0,0.0,185.0,85.0,6.0,81.0,1.0,13.0,0.0,58.0,0.0,47.0,0.45,0.0,50.0,193.0,0.42,0.0,0.0,305.0,0.0,0.0,0.0,0.0,0.0,0.0,0.0,0.0,0.0,0.0,0.0,0.0,0.0,0.0,0.0,0.0,0.0,0.0,0.0,1102.0,0.0,0.0,0.0,0.0,0.0,0.0,0.0,0.0,0.0,0.0,0.0,0.0,0.0,0.0,0.0,0.0,0.0,0.0,0.0,0.0,0.0,0.0,0.0,0.0,0.0,0.0,0.0,0.0,0.0,0.0,0.0,0.0,0.0,0.0,0.0,0.0,0.0,0.0,0.0,0.0,0.0,0.0,0.0,0.0,0.0,0.0,0.0,0.0,0.0,0.0,0.0,0.0,0.0,0.0,0.0,0.0,0.0,0.0,0.0,0.0,0.0,0.0,0.0,0.0,0.0,0.0,0.0,0.0,0.0,0.0,0.0,0.0,0.0,0.0,0.0,0.0,0.0,2130.0,0.0,0.0,0.0,0.0,0.0,0.0,0.0,0.0,0.0,0.0,0.0,0.0,0.0,0.0,0.0,0.0,0.0,0.0,0.0,0.0,0.0,0.0,0.0,0.0,0.0,0.0,0.0,0.0,0.0,0.0,0.0,0.0,0.0,0.0,0.0,0.0,0.0,0.0,0.0,0.0,0.0,0.0,0.0,0.0,0.0,0.0,0.0,0.0,0.0,0.0,0.0,0.0,0.0,0.0,0.0,0.0,0.0,0.0,0.0,0.0,0.0,0.0,0.0,0.0,0.0,0.634,0.466,0.405,0.744,8.1,0.052,0.131,0.078,8.1,0.542,0.518,0.191,0.026,0.189,0.405,0.0,0.417,0.318,0.617,0.294,0.4,0.338,0.0,0.0,0.0,0.0,0.0,0.0,0.0,0.0,0.0,0.0,0.0,0.0,0.0,0.0,0.0,0.0,0.0,0.0,0.0,0.0,0.0,0.0,0.0,0.0,0.0,0.0,0.0,0.0,0.0,0.0,0.0,0.0,0.0,0.0,0.0,0.0,0.0,0.0,0.0,0.0,0.0,0.0,0.0,0.0,0.0,0.0,0.0,0.0,0.0,0.0,0.0,0.0,0.0,0.0,0.0,0.0,0.0,0.0,0.0,0.0,0.0,0.0,0.0,0.0,0.0,0.0,0.0,0.0,0.0,0.0,0.0,0.0,0.0,0.0,0.0,0.0,0.0,0.0,0.0,0.0,0.0,0.0,0.0
234,954,Kerry Kittles,35,65,2003,3843,NJN,1610612751,29.0,0.0,0.0,0,0,0,0,0,1955.27,332,711,78,219,106,135,52,200,252,170,55,101,30,25,110,0,848,221,1,0,5.1,94.38,96.6,96.6,5.8,96.7,102.4,78.65,17.1,102.4,94.5,5.8,5.4,94.38,102.1,10.9,3.09,12.0,191.0,83.0,10.0,217.0,232.0,6.0,46.0,10.0,0.0,159.0,16.0,15.0,0.0,25.0,62.0,8.0,0.308,0.0,0.676,0.364,129.0,0.333,84.0,0.0,161.0,43.0,1.0,83.0,0.0,12.0,0.0,22.0,0.0,39.0,0.298,0.0,25.0,198.0,0.419,0.0,0.0,238.0,0.0,0.0,0.0,0.0,0.0,0.0,0.0,0.0,0.0,0.0,0.0,0.0,0.0,0.0,0.0,0.0,0.0,0.0,0.0,848.0,0.0,0.0,0.0,0.0,0.0,0.0,0.0,0.0,0.0,0.0,0.0,0.0,0.0,0.0,0.0,0.0,0.0,0.0,0.0,0.0,0.0,0.0,0.0,0.0,0.0,0.0,0.0,0.0,0.0,0.0,0.0,0.0,0.0,0.0,0.0,0.0,0.0,0.0,0.0,0.0,0.0,0.0,0.0,0.0,0.0,0.0,0.0,0.0,0.0,0.0,0.0,0.0,0.0,0.0,0.0,0.0,0.0,0.0,0.0,0.0,0.0,0.0,0.0,0.0,0.0,0.0,0.0,0.0,0.0,0.0,0.0,0.0,0.0,0.0,0.0,0.0,0.0,1743.4,0.0,0.0,0.0,0.0,0.0,0.0,0.0,0.0,0.0,0.0,0.0,0.0,0.0,0.0,0.0,0.0,0.0,0.0,0.0,0.0,0.0,0.0,0.0,0.0,0.0,0.0,0.0,0.0,0.0,0.0,0.0,0.0,0.0,0.0,0.0,0.0,0.0,0.0,0.0,0.0,0.0,0.0,0.0,0.0,0.0,0.0,0.0,0.0,0.0,0.0,0.0,0.0,0.0,0.0,0.0,0.0,0.0,0.0,0.0,0.0,0.0,0.0,0.0,0.0,0.0,0.538,0.467,0.356,0.785,5.5,0.066,0.15,0.104,5.5,0.55,0.522,0.191,0.027,0.188,0.382,0.0,0.325,0.64,0.685,0.6,0.667,0.261,0.0,0.0,0.0,0.0,0.0,0.0,0.0,0.0,0.0,0.0,0.0,0.0,0.0,0.0,0.0,0.0,0.0,0.0,0.0,0.0,0.0,0.0,0.0,0.0,0.0,0.0,0.0,0.0,0.0,0.0,0.0,0.0,0.0,0.0,0.0,0.0,0.0,0.0,0.0,0.0,0.0,0.0,0.0,0.0,0.0,0.0,0.0,0.0,0.0,0.0,0.0,0.0,0.0,0.0,0.0,0.0,0.0,0.0,0.0,0.0,0.0,0.0,0.0,0.0,0.0,0.0,0.0,0.0,0.0,0.0,0.0,0.0,0.0,0.0,0.0,0.0,0.0,0.0,0.0,0.0,0.0,0.0,0.0
232,954,Kerry Kittles,47,82,2004,5479,NJN,1610612751,30.0,0.0,0.0,0,0,0,0,0,2847.398333333333,434,959,97,276,107,136,56,271,327,206,95,125,40,28,144,0,1072,238,0,0,5.3,92.19,95.6,95.6,4.0,94.9,99.6,76.83,15.6,99.6,92.62,4.0,4.5,92.19,99.4,11.7,2.17,22.0,241.0,137.0,5.0,346.0,274.0,6.0,63.0,15.0,2.0,178.0,11.0,18.0,0.0,33.0,86.0,26.0,0.333,0.0,0.638,0.371,229.0,0.428,101.0,0.0,178.0,98.0,3.0,85.0,2.0,12.0,0.0,70.0,0.0,36.0,0.347,0.0,35.0,237.0,0.359,2.0,0.0,279.0,0.0,0.0,0.0,0.0,0.0,0.0,0.0,0.0,0.0,0.0,0.0,0.0,0.0,0.0,0.0,0.0,0.0,0.0,0.0,1072.0,0.0,0.0,0.0,0.0,0.0,0.0,0.0,0.0,0.0,0.0,0.0,0.0,0.0,0.0,0.0,0.0,0.0,0.0,0.0,0.0,0.0,0.0,0.0,0.0,0.0,0.0,0.0,0.0,0.0,0.0,0.0,0.0,0.0,0.0,0.0,0.0,0.0,0.0,0.0,0.0,0.0,0.0,0.0,0.0,0.0,0.0,0.0,0.0,0.0,0.0,0.0,0.0,0.0,0.0,0.0,0.0,0.0,0.0,0.0,0.0,0.0,0.0,0.0,0.0,0.0,0.0,0.0,0.0,0.0,0.0,0.0,0.0,0.0,0.0,0.0,0.0,0.0,2173.4,0.0,0.0,0.0,0.0,0.0,0.0,0.0,0.0,0.0,0.0,0.0,0.0,0.0,0.0,0.0,0.0,0.0,0.0,0.0,0.0,0.0,0.0,0.0,0.0,0.0,0.0,0.0,0.0,0.0,0.0,0.0,0.0,0.0,0.0,0.0,0.0,0.0,0.0,0.0,0.0,0.0,0.0,0.0,0.0,0.0,0.0,0.0,0.0,0.0,0.0,0.0,0.0,0.0,0.0,0.0,0.0,0.0,0.0,0.0,0.0,0.0,0.0,0.0,0.0,0.0,0.573,0.453,0.351,0.787,7.2,0.059,0.126,0.097,7.2,0.526,0.503,0.182,0.02,0.178,0.396,0.0,0.357,0.333,0.65,0.4,0.278,0.349,0.0,0.0,0.0,0.0,0.0,0.0,0.0,0.0,0.0,0.0,0.0,0.0,0.0,0.0,0.0,0.0,0.0,0.0,0.0,0.0,0.0,0.0,0.0,0.0,0.0,0.0,0.0,0.0,0.0,0.0,0.0,0.0,0.0,0.0,0.0,0.0,0.0,0.0,0.0,0.0,0.0,0.0,0.0,0.0,0.0,0.0,0.0,0.0,0.0,0.0,0.0,0.0,0.0,0.0,0.0,0.0,0.0,0.0,0.0,0.0,0.0,0.0,0.0,0.0,0.0,0.0,0.0,0.0,0.0,0.0,0.0,0.0,0.0,0.0,0.0,0.0,0.0,0.0,0.0,0.0,0.0,0.0,0.0
247,954,Kerry Kittles,2,11,2005,466,LAC,1610612746,31.0,0.0,0.0,0,0,0,0,0,243.01666666666668,28,73,7,21,6,10,1,31,32,20,7,8,3,3,12,0,69,-6,0,0,2.5,92.14,107.3,107.3,-1.1,108.2,106.2,76.78,19.2,106.2,92.62,-1.1,-4.0,92.14,104.3,6.6,2.86,3.0,19.0,9.0,1.0,30.0,15.0,1.0,7.0,1.0,0.0,9.0,2.0,1.0,0.0,2.0,5.0,2.0,0.6,0.0,0.6,0.4,18.0,0.278,12.0,0.0,9.0,5.0,0.0,8.0,0.0,3.0,0.0,5.0,0.0,5.0,0.083,0.0,1.0,18.0,0.444,0.0,0.0,15.0,0.0,0.0,0.0,0.0,0.0,0.0,0.0,0.0,0.0,0.0,0.0,0.0,0.0,0.0,0.0,0.0,0.0,0.0,0.0,69.0,0.0,0.0,0.0,0.0,0.0,0.0,0.0,0.0,0.0,0.0,0.0,0.0,0.0,0.0,0.0,0.0,0.0,0.0,0.0,0.0,0.0,0.0,0.0,0.0,0.0,0.0,0.0,0.0,0.0,0.0,0.0,0.0,0.0,0.0,0.0,0.0,0.0,0.0,0.0,0.0,0.0,0.0,0.0,0.0,0.0,0.0,0.0,0.0,0.0,0.0,0.0,0.0,0.0,0.0,0.0,0.0,0.0,0.0,0.0,0.0,0.0,0.0,0.0,0.0,0.0,0.0,0.0,0.0,0.0,0.0,0.0,0.0,0.0,0.0,0.0,0.0,0.0,163.4,0.0,0.0,0.0,0.0,0.0,0.0,0.0,0.0,0.0,0.0,0.0,0.0,0.0,0.0,0.0,0.0,0.0,0.0,0.0,0.0,0.0,0.0,0.0,0.0,0.0,0.0,0.0,0.0,0.0,0.0,0.0,0.0,0.0,0.0,0.0,0.0,0.0,0.0,0.0,0.0,0.0,0.0,0.0,0.0,0.0,0.0,0.0,0.0,0.0,0.0,0.0,0.0,0.0,0.0,0.0,0.0,0.0,0.0,0.0,0.0,0.0,0.0,0.0,0.0,0.0,0.182,0.384,0.333,0.6,6.7,0.067,0.13,0.132,6.7,0.446,0.432,0.155,0.004,0.153,0.3,0.0,0.263,1.0,0.6,1.0,1.0,0.429,0.0,0.0,0.0,0.0,0.0,0.0,0.0,0.0,0.0,0.0,0.0,0.0,0.0,0.0,0.0,0.0,0.0,0.0,0.0,0.0,0.0,0.0,0.0,0.0,0.0,0.0,0.0,0.0,0.0,0.0,0.0,0.0,0.0,0.0,0.0,0.0,0.0,0.0,0.0,0.0,0.0,0.0,0.0,0.0,0.0,0.0,0.0,0.0,0.0,0.0,0.0,0.0,0.0,0.0,0.0,0.0,0.0,0.0,0.0,0.0,0.0,0.0,0.0,0.0,0.0,0.0,0.0,0.0,0.0,0.0,0.0,0.0,0.0,0.0,0.0,0.0,0.0,0.0,0.0,0.0,0.0,0.0,0.0
