PLAYER_ID,PLAYER_NAME,NICKNAME,TEAM_ID,TEAM_ABBREVIATION,AGE,GP,W,L,W_PCT,MIN,FGM,FGA,FG_PCT,FG3M,FG3A,FG3_PCT,FTM,FTA,FT_PCT,OREB,DREB,REB,AST,TOV,STL,BLK,BLKA,PF,PFD,PTS,PLUS_MINUS,NBA_FANTASY_PTS,DD2,TD3,WNBA_FANTASY_PTS,GP_RANK,W_RANK,L_RANK,W_PCT_RANK,MIN_RANK,FGM_RANK,FGA_RANK,FG_PCT_RANK,FG3M_RANK,FG3A_RANK,FG3_PCT_RANK,FTM_RANK,FTA_RANK,FT_PCT_RANK,OREB_RANK,DREB_RANK,REB_RANK,AST_RANK,TOV_RANK,STL_RANK,BLK_RANK,BLKA_RANK,PF_RANK,PFD_RANK,PTS_RANK,PLUS_MINUS_RANK,NBA_FANTASY_PTS_RANK,DD2_RANK,TD3_RANK,WNBA_FANTASY_PTS_RANK,team_poss,E_TOV_PCT,sp_work_PACE,E_USG_PCT_RANK,sp_work_DEF_RATING,OFF_RATING,PACE_RANK,AST_TO,FGM_PG,OREB_PCT_RANK,sp_work_NET_RATING,TM_TOV_PCT,AST_RATIO_RANK,USG_PCT_RANK,AST_PCT,sp_work_OFF_RATING_RANK,E_TOV_PCT_RANK,EFG_PCT,NET_RATING,E_PACE_RANK,DEF_RATING_RANK,FGM_PG_RANK,E_NET_RATING,TS_PCT_RANK,sp_work_PACE_RANK,USG_PCT,DREB_PCT_RANK,FGA_PG,TM_TOV_PCT_RANK,E_NET_RATING_RANK,sp_work_OFF_RATING,E_DEF_RATING_RANK,FGA_PG_RANK,TS_PCT,PIE,E_USG_PCT,PACE_PER40,OFF_RATING_RANK,sp_work_NET_RATING_RANK,AST_PCT_RANK,OREB_PCT,NET_RATING_RANK,PACE,E_PACE,POSS,E_OFF_RATING_RANK,sp_work_DEF_RATING_RANK,E_DEF_RATING,DREB_PCT,E_OFF_RATING,EFG_PCT_RANK,AST_RATIO,REB_PCT,DEF_RATING,REB_PCT_RANK,PIE_RANK,AST_TO_RANK,AST_TO_PASS_PCT,FT_AST,PASSES_MADE,POTENTIAL_AST,SECONDARY_AST,AST_PTS_CREATED,AST_ADJ,AST_TO_PASS_PCT_ADJ,PASSES_RECEIVED,DRIVE_FGM,DRIVE_PASSES_PCT,DRIVE_PF,DRIVE_PTS_PCT,DRIVE_TOV,DRIVE_PTS,DRIVE_FG_PCT,DRIVE_FGA,DRIVE_FTM,DRIVE_AST,DRIVE_AST_PCT,DRIVE_FT_PCT,DRIVE_PASSES,DRIVE_FTA,DRIVE_PF_PCT,DRIVE_TOV_PCT,DRIVES,POST_TOUCHES,TIME_OF_POSS,PTS_PER_POST_TOUCH,ELBOW_TOUCHES,FRONT_CT_TOUCHES,TOUCHES,AVG_SEC_PER_TOUCH,AVG_DRIB_PER_TOUCH,PTS_PER_TOUCH,POINTS,PAINT_TOUCHES,PTS_PER_ELBOW_TOUCH,PTS_PER_PAINT_TOUCH,OREB_CONTEST,OREB_CONTEST_PCT,REB_CHANCE_PCT_ADJ,OREB_CHANCE_PCT_ADJ,DREB_CHANCE_PCT,OREB_CHANCES,OREB_CHANCE_DEFER,OREB_UNCONTEST,DREB_CONTEST,DREB_UNCONTEST,AVG_OREB_DIST,AVG_REB_DIST,DREB_CONTEST_PCT,DREB_CHANCES,REB_UNCONTEST,REB_CHANCE_DEFER,OREB_CHANCE_PCT,DREB_CHANCE_PCT_ADJ,REB_CONTEST,DREB_CHANCE_DEFER,REB_CHANCES,REB_CHANCE_PCT,REB_CONTEST_PCT,AVG_DREB_DIST,very_tight_FG3_PCT,very_tight_FG3A,very_tight_FGA,very_tight_FG2A_FREQUENCY,very_tight_FG_PCT,very_tight_FG3M,PLAYER_LAST_TEAM_ABBREVIATION,very_tight_FG3A_FREQUENCY,very_tight_FG2_PCT,PLAYER_LAST_TEAM_ID,G,very_tight_FG2A,very_tight_FGM,very_tight_FGA_FREQUENCY,very_tight_FG2M,very_tight_EFG_PCT,tight_FG2M,tight_FGA_FREQUENCY,tight_FG3M,tight_FG_PCT,tight_FG3A,tight_FG3_PCT,tight_FGA,tight_FG2A_FREQUENCY,tight_FG3A_FREQUENCY,tight_FGM,tight_FG2A,tight_FG2_PCT,tight_EFG_PCT,open_FG2_PCT,open_FG2A_FREQUENCY,open_FGA,open_EFG_PCT,open_FG2M,open_FG3A,open_FG3A_FREQUENCY,open_FGA_FREQUENCY,open_FGM,open_FG3M,open_FG3_PCT,open_FG2A,open_FG_PCT,wide_open_EFG_PCT,wide_open_FG2A,wide_open_FGA_FREQUENCY,wide_open_FGA,wide_open_FG3A_FREQUENCY,wide_open_FG2M,wide_open_FG3M,wide_open_FG2_PCT,wide_open_FG3A,wide_open_FG_PCT,wide_open_FG2A_FREQUENCY,wide_open_FG3_PCT,wide_open_FGM,PULL_UP_EFG_PCT,PULL_UP_FG_PCT,PULL_UP_FG3_PCT,PULL_UP_FG3M,PULL_UP_FG3A,PULL_UP_FGM,PULL_UP_FGA,PULL_UP_PTS,CATCH_SHOOT_PTS,PAINT_TOUCH_FG_PCT,EFF_FG_PCT,ELBOW_TOUCH_PTS,PAINT_TOUCH_PTS,POST_TOUCH_FG_PCT,POST_TOUCH_PTS,ELBOW_TOUCH_FG_PCT,CATCH_SHOOT_FG_PCT,ABOVE_BREAK_3_FGA,RA_FG_PCT,RA_FGA,ABOVE_BREAK_3_FG_PCT,CORNER_3_FGA,MID_FGM,RIGHT_CORNER_3_FGA,LEFT_CORNER_3_FGM,BACKCOURT_FGM,LEFT_CORNER_3_FGA,MID_FGA,ABOVE_BREAK_3_FGM,CORNER_3_FGM,RA_FGM,BACKCOURT_FGA,LEFT_CORNER_3_FG_PCT,RIGHT_CORNER_3_FG_PCT,CORNER_3_FG_PCT,ITP_FG_PCT,BACKCOURT_FG_PCT,RIGHT_CORNER_3_FGM,ITP_FGA,MID_FG_PCT,ITP_FGM,FGA_LT_06,FGM_LT_06,FREQ,NS_LT_06_PCT,LT_06_PCT,PLUSMINUS,PLAYER_POSITION,FGA_5_9,FGP_10_14,FGP_LT_5,FGM_25_29,FGM_5_9,FGA_LT_5,FGM_20_24,FGP_35_39,FGA_40_PLUS,FGM_40_PLUS,FGA_30_34,TEAM_ABBR,FGA_10_14,FGM_35_39,FGA_25_29,FGP_20_24,FGM_15_19,FGA_35_39,FGA_15_19,FGA_20_24,FGP_15_19,FGP_25_29,FGP_30_34,FGM_LT_5,FGP_5_9,FGM_10_14,FGP_40_PLUS,FGM_30_34,CATCH_SHOOT_FGM,CATCH_SHOOT_EFG_PCT,CATCH_SHOOT_FG3_PCT,CATCH_SHOOT_FG3A,CATCH_SHOOT_FGA,CATCH_SHOOT_FG3M,year,date,playoffs,GAME_ID,overall_def_PLAYER_NAME,overall_def_PLAYER_LAST_TEAM_ID,overall_def_PLAYER_LAST_TEAM_ABBREVIATION,overall_def_PLAYER_POSITION,overall_def_AGE,overall_def_GP,overall_def_G,overall_def_FREQ,overall_def_D_FGM,overall_def_D_FGA,overall_def_D_FG_PCT,overall_def_NORMAL_FG_PCT,overall_def_PCT_PLUSMINUS,three_pt_def_PLAYER_NAME,three_pt_def_PLAYER_LAST_TEAM_ID,three_pt_def_PLAYER_LAST_TEAM_ABBREVIATION,three_pt_def_PLAYER_POSITION,three_pt_def_AGE,three_pt_def_GP,three_pt_def_G,three_pt_def_FREQ,three_pt_def_FG3M,three_pt_def_FG3A,three_pt_def_FG3_PCT,three_pt_def_NS_FG3_PCT,three_pt_def_PLUSMINUS,two_pt_def_PLAYER_NAME,two_pt_def_PLAYER_LAST_TEAM_ID,two_pt_def_PLAYER_LAST_TEAM_ABBREVIATION,two_pt_def_PLAYER_POSITION,two_pt_def_AGE,two_pt_def_GP,two_pt_def_G,two_pt_def_FREQ,two_pt_def_FG2M,two_pt_def_FG2A,two_pt_def_FG2_PCT,two_pt_def_NS_FG2_PCT,two_pt_def_PLUSMINUS,less_6ft_def_PLAYER_NAME,less_6ft_def_PLAYER_LAST_TEAM_ID,less_6ft_def_PLAYER_LAST_TEAM_ABBREVIATION,less_6ft_def_PLAYER_POSITION,less_6ft_def_AGE,less_6ft_def_GP,less_6ft_def_G,less_6ft_def_FREQ,less_6ft_def_FGM_LT_06,less_6ft_def_FGA_LT_06,less_6ft_def_LT_06_PCT,less_6ft_def_NS_LT_06_PCT,less_6ft_def_PLUSMINUS,less_10ft_def_PLAYER_NAME,less_10ft_def_PLAYER_LAST_TEAM_ID,less_10ft_def_PLAYER_LAST_TEAM_ABBREVIATION,less_10ft_def_PLAYER_POSITION,less_10ft_def_AGE,less_10ft_def_GP,less_10ft_def_G,less_10ft_def_FREQ,less_10ft_def_FGM_LT_10,less_10ft_def_FGA_LT_10,less_10ft_def_LT_10_PCT,less_10ft_def_NS_LT_10_PCT,less_10ft_def_PLUSMINUS,more_15ft_def_PLAYER_NAME,more_15ft_def_PLAYER_LAST_TEAM_ID,more_15ft_def_PLAYER_LAST_TEAM_ABBREVIATION,more_15ft_def_PLAYER_POSITION,more_15ft_def_AGE,more_15ft_def_GP,more_15ft_def_G,more_15ft_def_FREQ,more_15ft_def_FGM_GT_15,more_15ft_def_FGA_GT_15,more_15ft_def_GT_15_PCT,more_15ft_def_NS_GT_15_PCT,more_15ft_def_PLUSMINUS,hustle_PLAYER_NAME,hustle_TEAM_ID,hustle_TEAM_ABBREVIATION,hustle_AGE,hustle_G,hustle_MIN,hustle_CONTESTED_SHOTS,hustle_CONTESTED_SHOTS_2PT,hustle_CONTESTED_SHOTS_3PT,hustle_DEFLECTIONS,hustle_CHARGES_DRAWN,hustle_SCREEN_ASSISTS,hustle_SCREEN_AST_PTS,hustle_OFF_LOOSE_BALLS_RECOVERED,hustle_DEF_LOOSE_BALLS_RECOVERED,hustle_LOOSE_BALLS_RECOVERED,hustle_PCT_LOOSE_BALLS_RECOVERED_OFF,hustle_PCT_LOOSE_BALLS_RECOVERED_DEF,hustle_OFF_BOXOUTS,hustle_DEF_BOXOUTS,hustle_BOX_OUTS,hustle_BOX_OUT_PLAYER_TEAM_REBS,hustle_BOX_OUT_PLAYER_REBS,hustle_PCT_BOX_OUTS_OFF,hustle_PCT_BOX_OUTS_DEF,hustle_PCT_BOX_OUTS_TEAM_REB,hustle_PCT_BOX_OUTS_REB,post_touch_PLAYER_NAME,post_touch_TEAM_ID,post_touch_TEAM_ABBREVIATION,post_touch_GP,post_touch_W,post_touch_L,post_touch_MIN,post_touch_TOUCHES,post_touch_POST_TOUCHES,post_touch_POST_TOUCH_FGM,post_touch_POST_TOUCH_FGA,post_touch_POST_TOUCH_FG_PCT,post_touch_POST_TOUCH_FTM,post_touch_POST_TOUCH_FTA,post_touch_POST_TOUCH_FT_PCT,post_touch_POST_TOUCH_PTS,post_touch_POST_TOUCH_PTS_PCT,post_touch_POST_TOUCH_PASSES,post_touch_POST_TOUCH_PASSES_PCT,post_touch_POST_TOUCH_AST,post_touch_POST_TOUCH_AST_PCT,post_touch_POST_TOUCH_TOV,post_touch_POST_TOUCH_TOV_PCT,post_touch_POST_TOUCH_FOULS,post_touch_POST_TOUCH_FOULS_PCT,speed_distance_PLAYER_NAME,speed_distance_TEAM_ID,speed_distance_TEAM_ABBREVIATION,speed_distance_GP,speed_distance_W,speed_distance_L,speed_distance_MIN,speed_distance_MIN1,speed_distance_DIST_FEET,speed_distance_DIST_MILES,speed_distance_DIST_MILES_OFF,speed_distance_DIST_MILES_DEF,speed_distance_AVG_SPEED,speed_distance_AVG_SPEED_OFF,speed_distance_AVG_SPEED_DEF,season
1641748,Andre Jackson Jr.,Andre,1610612749,MIL,23.0,1,0,1,0.0,13.501666666666669,1,1,1.0,0,0,0.0,0,0,0.0,1,1,2,0,1,0,0,0,2,0,2,0,3.4,0,0,4.0,1,66,66,66,104,96,118,1,73,104,73,67,69,67,33,92,81,102,38,63,35,1,70,84,108,61,124,10,1,119,,50.0,97.77,119,125.0,129.6,79,0.0,1.0,25,4.6,50.0,102,119,0.0,35,128,1.0,4.6,49,90,96,-4.0,5,79,0.065,84,1.0,128,70,129.6,87,118,1.0,0.007,0.063,81.47,35,52,102,0.077,52,97.77,100.61,27,60,90,125.7,0.083,121.7,4,0.0,0.08,125.0,64,120,64,0.0,0.0,11.0,1.0,0.0,0.0,0.0,0.0,5.0,0.0,0.0,0.0,0.0,0.0,0.0,0.0,0.0,0.0,0.0,0.0,0.0,0.0,0.0,0.0,0.0,0.0,0.0,0.3,0.0,0.0,5.0,13.0,1.4,0.69,0.154,2.0,1.0,0.0,0.0,1.0,1.0,1.0,1.0,1.0,1.0,0.0,0.0,0.0,1.0,6.1,8.2,0.0,1.0,1.0,0.0,1.0,1.0,1.0,0.0,2.0,1.0,0.5,10.4,,,,,,,,,,,,,,,,,1.0,1.0,0.0,1.0,0.0,,1.0,1.0,0.0,1.0,1.0,1.0,1.0,,,,,,,,,,,,,,,,,,,,,,,,,,,,,,,,0,0,0,0.0,0.0,1.0,0.0,0.0,0.0,0.0,0.0,0.0,0.0,1.0,1.0,0.0,0.0,0.0,0.0,0.0,,0.0,0.0,0.0,0.0,1.0,,0.0,0.0,0.0,0.0,,0.0,0.0,0.0,0.0,70.0,38.0,0.357,0.625,0.543,-0.082,G,0.0,0.0,1.0,0.0,0.0,1.0,0.0,0.0,,,,MIL,0.0,0.0,0.0,0.0,0.0,0.0,0.0,0.0,0.0,0.0,,1.0,0.0,0.0,,,0,,,,0,,2025,20250102,False,22400465,Andre Jackson Jr.,1610612749.0,MIL,G,23.0,1.0,1.0,1.0,0.0,1.0,0.0,0.398,-0.398,,,,,,,,,,,,,,Andre Jackson Jr.,1610612749.0,MIL,G,23.0,1.0,1.0,1.0,0.0,1.0,0.0,0.5,-0.5,Andre Jackson Jr.,1610612749.0,MIL,G,23.0,1.0,1.0,1.0,0.0,1.0,0.0,0.591,-0.591,Andre Jackson Jr.,1610612749.0,MIL,G,23.0,1.0,1.0,1.0,0.0,1.0,0.0,0.577,-0.577,,,,,,,,,,,,,,,,,,,,,,,,,,,,,,,,,,,,,,,,,Andre Jackson Jr.,1610612749,MIL,1,0,1,13.5,13.0,0.0,0.0,0.0,0.0,0.0,0.0,0.0,0.0,0.0,0.0,0.0,0.0,0.0,0.0,0.0,0.0,0.0,Andre Jackson Jr.,1610612749,MIL,1,0,1,13.5,13.5,6456.0,1.22,0.62,0.6,5.09,5.28,4.92,2024_25
1626171,Bobby Portis,Bobby,1610612749,MIL,29.0,1,0,1,0.0,28.183333333333334,4,9,0.444,3,4,0.75,4,4,1.0,1,7,8,0,4,0,1,1,2,2,15,-2,23.6,0,0,28.0,1,66,66,66,38,44,42,75,16,39,9,10,14,1,33,8,9,102,3,63,13,90,70,30,31,68,43,10,1,36,,27.1,102.19,42,101.6,101.7,18,0.0,4.0,62,0.1,26.7,102,41,0.0,96,125,0.611,0.1,19,35,44,0.5,37,18,0.217,26,9.0,125,65,101.7,30,42,0.697,0.129,0.218,85.16,96,65,102,0.03,65,102.19,103.48,59,99,35,100.1,0.206,100.7,50,0.0,0.119,101.6,41,41,64,0.0,0.0,35.0,4.0,0.0,0.0,0.0,0.0,24.0,0.0,0.0,0.0,0.0,0.0,0.0,0.0,1.0,0.0,0.0,0.0,0.0,0.0,0.0,0.0,0.0,1.0,1.0,1.2,0.0,0.0,24.0,49.0,1.52,0.55,0.306,15.0,6.0,0.0,0.667,1.0,1.0,0.615,0.2,0.636,5.0,0.0,0.0,1.0,6.0,0.5,5.1,0.143,11.0,6.0,2.0,0.2,0.778,2.0,2.0,15.0,0.533,0.25,5.8,,,,,,,,,,,,,,,,,1.0,0.444,0.0,0.25,0.0,,4.0,0.444,0.0,1.0,4.0,0.25,0.25,0.0,0.111,3.0,0.5,0.0,2.0,0.222,0.333,1.0,1.0,0.5,1.0,0.333,1.5,0.0,0.222,2.0,0.222,0.0,2.0,,2.0,1.0,0.0,1.0,2.0,0.0,0.0,0.0,0.0,1.0,0,3,0,9.0,0.5,0.611,0.0,4.0,0.0,0.0,0.0,1.0,2.0,1.0,1.0,1.0,2.0,0.0,1.0,1.0,0.0,1.0,0.0,2.0,1.0,1.0,0.0,1.0,0.0,0.5,0.0,0.0,0.0,4.0,0.0,0.0,124.0,74.0,0.352,0.635,0.597,-0.038,F,4.0,0.0,1.0,2.0,0.0,1.0,1.0,0.0,0.0,0.0,0.0,MIL,0.0,0.0,2.0,0.5,0.0,0.0,0.0,2.0,0.0,1.0,0.0,1.0,0.0,0.0,0.0,0.0,3,1.5,1.0,3.0,3,3.0,2025,20250102,False,22400465,Bobby Portis,1610612749.0,MIL,F,30.0,1.0,1.0,1.0,6.0,14.0,0.429,0.437,-0.009,Bobby Portis,1610612749.0,MIL,F,30.0,1.0,1.0,0.643,3.0,9.0,0.333,0.358,-0.025,Bobby Portis,1610612749.0,MIL,F,30.0,1.0,1.0,0.357,3.0,5.0,0.6,0.503,0.097,Bobby Portis,1610612749.0,MIL,F,30.0,1.0,1.0,0.143,2.0,2.0,1.0,0.629,0.372,Bobby Portis,1610612749.0,MIL,F,30.0,1.0,1.0,0.214,3.0,3.0,1.0,0.545,0.455,Bobby Portis,1610612749.0,MIL,F,30.0,1.0,1.0,0.643,3.0,9.0,0.333,0.38,-0.047,Bobby Portis,1610612749.0,MIL,30.0,1.0,28.2,7.0,4.0,3.0,0.0,0.0,0.0,0.0,1.0,0.0,1.0,1.0,0.0,0.0,1.0,1.0,1.0,1.0,0.0,1.0,1.0,1.0,Bobby Portis,1610612749,MIL,1,0,1,28.2,49.0,1.0,0.0,0.0,0.0,0.0,0.0,0.0,0.0,0.0,0.0,0.0,0.0,0.0,1.0,1.0,0.0,0.0,Bobby Portis,1610612749,MIL,1,0,1,28.18,28.18,11401.0,2.16,1.08,1.08,4.34,4.97,3.85,2024_25
201572,Brook Lopez,Brook,1610612749,MIL,36.0,1,0,1,0.0,22.683333333333334,3,4,0.75,0,1,0.0,1,2,0.5,1,2,3,1,1,0,1,0,2,1,7,-8,14.1,0,0,13.0,1,66,66,66,65,59,90,13,73,88,73,50,39,52,33,60,55,71,38,63,13,1,70,56,75,99,84,10,1,80,,14.5,96.28,110,142.2,121.7,92,1.0,3.0,51,-20.5,14.3,77,104,0.05,59,98,0.75,-20.5,62,116,59,-29.1,33,92,0.113,73,4.0,93,108,121.7,121,90,0.717,0.05,0.108,80.24,59,96,97,0.042,96,96.28,99.58,46,76,116,142.7,0.105,113.6,20,14.3,0.07,142.2,72,99,42,0.091,0.0,11.0,4.0,0.0,2.0,1.0,0.091,13.0,1.0,0.0,0.0,1.0,1.0,2.0,1.0,1.0,0.0,0.0,0.0,0.0,0.0,0.0,0.0,0.5,2.0,0.0,0.5,0.0,2.0,14.0,17.0,1.78,0.88,0.412,7.0,3.0,1.5,1.333,0.0,0.0,0.6,0.5,0.4,2.0,0.0,1.0,1.0,1.0,0.4,2.7,0.5,5.0,2.0,1.0,0.5,0.5,1.0,1.0,6.0,0.5,0.333,3.9,,,,,,,,,,,,,,,,,2.0,0.5,0.0,1.0,0.0,,2.0,0.5,0.0,2.0,2.0,1.0,1.0,,,,,,,,,,,,,,0.5,1.0,0.5,2.0,0.25,1.0,0.0,1.0,1.0,0.5,0.25,0.0,1.0,,,,0.0,0.0,0,0,0,0.0,1.0,0.75,3.0,4.0,0.0,0.0,1.0,0.0,1.0,1.0,3.0,0.0,0.0,0.0,0.0,0.0,,0.0,0.0,0.0,0.0,3.0,,0.0,0.0,0.0,0.0,,0.0,0.0,0.0,0.0,229.0,136.0,0.401,0.636,0.594,-0.042,C,0.0,0.0,1.0,0.0,0.0,3.0,0.0,0.0,,,0.0,MIL,0.0,0.0,1.0,0.0,0.0,0.0,0.0,0.0,0.0,0.0,0.0,3.0,0.0,0.0,,0.0,0,0.0,0.0,1.0,1,0.0,2025,20250102,False,22400465,Brook Lopez,1610612749.0,MIL,C,36.0,1.0,1.0,1.0,8.0,15.0,0.533,0.489,0.044,Brook Lopez,1610612749.0,MIL,C,36.0,1.0,1.0,0.133,1.0,2.0,0.5,0.337,0.164,Brook Lopez,1610612749.0,MIL,C,36.0,1.0,1.0,0.867,7.0,13.0,0.538,0.541,-0.002,Brook Lopez,1610612749.0,MIL,C,36.0,1.0,1.0,0.467,7.0,7.0,1.0,0.64,0.36,Brook Lopez,1610612749.0,MIL,C,36.0,1.0,1.0,0.6,7.0,9.0,0.778,0.589,0.188,Brook Lopez,1610612749.0,MIL,C,36.0,1.0,1.0,0.2,1.0,3.0,0.333,0.353,-0.02,Brook Lopez,1610612749.0,MIL,36.0,1.0,22.7,13.0,11.0,2.0,0.0,0.0,0.0,0.0,0.0,0.0,0.0,0.0,0.0,1.0,0.0,1.0,1.0,1.0,1.0,0.0,1.0,1.0,Brook Lopez,1610612749,MIL,1,0,1,22.7,17.0,0.0,0.0,0.0,0.0,0.0,0.0,0.0,0.0,0.0,0.0,0.0,0.0,0.0,0.0,0.0,0.0,0.0,Brook Lopez,1610612749,MIL,1,0,1,22.68,22.68,8512.0,1.61,0.78,0.83,4.06,4.14,3.99,2024_25
1630560,Cam Thomas,Cam,1610612751,BKN,23.0,1,1,0,1.0,21.865,8,22,0.364,2,11,0.182,6,6,1.0,3,4,7,2,1,2,0,1,1,5,24,-1,40.4,0,0,39.0,1,1,1,1,66,13,4,92,26,5,72,4,8,1,3,26,17,47,38,5,35,90,31,5,14,65,12,10,1,11,,3.6,98.79,1,109.1,102.2,72,2.0,8.0,18,-6.9,3.7,96,1,0.286,95,53,0.409,-6.9,67,52,13,-9.7,90,72,0.472,32,22.0,53,81,102.2,53,4,0.487,0.235,0.486,82.32,95,75,20,0.103,75,98.79,99.05,46,100,52,110.3,0.19,100.6,91,7.4,0.14,109.1,31,7,23,0.051,0.0,39.0,7.0,0.0,5.0,2.0,0.051,57.0,3.0,0.182,1.0,0.818,0.0,9.0,0.429,7.0,2.0,0.0,0.0,1.0,2.0,2.0,0.091,0.0,11.0,0.0,4.0,0.0,2.0,42.0,70.0,3.42,2.9,0.343,24.0,2.0,1.0,1.0,0.0,0.0,0.636,0.5,0.8,6.0,0.0,3.0,0.0,4.0,16.0,13.4,0.0,5.0,7.0,0.0,0.5,0.8,0.0,0.0,11.0,0.636,0.0,11.5,0.0,1.0,2.0,0.045,0.0,0.0,BKN,0.045,0.0,1610612751.0,1.0,1.0,0.0,0.091,0.0,0.0,2.0,0.273,0.0,0.333,2.0,0.0,6.0,0.182,0.091,2.0,4.0,0.5,0.333,0.6,0.227,11.0,0.545,3.0,6.0,0.273,0.5,5.0,2.0,0.333,5.0,0.455,0.333,1.0,0.136,3.0,0.091,1.0,0.0,1.0,2.0,0.333,0.045,0.0,1.0,0.227,0.182,0.167,1.0,6.0,2,11,5,5.0,1.0,0.409,2.0,2.0,0.0,0.0,1.0,0.333,10.0,0.667,3.0,0.1,1.0,3.0,0.0,1.0,0.0,1.0,6.0,1.0,1.0,2.0,0.0,1.0,0.0,1.0,0.5,0.0,0.0,2.0,0.5,1.0,97.0,68.0,0.435,0.638,0.701,0.063,G,0.0,0.333,0.667,2.0,0.0,3.0,0.0,0.0,0.0,0.0,3.0,BKN,3.0,0.0,8.0,0.0,3.0,0.0,5.0,0.0,0.6,0.25,0.0,2.0,0.0,1.0,0.0,0.0,2,0.417,0.2,5.0,6,1.0,2025,20250102,False,22400465,Cam Thomas,1610612751.0,BKN,G,23.0,1.0,1.0,1.0,7.0,11.0,0.636,0.495,0.142,Cam Thomas,1610612751.0,BKN,G,23.0,1.0,1.0,0.364,1.0,4.0,0.25,0.401,-0.151,Cam Thomas,1610612751.0,BKN,G,23.0,1.0,1.0,0.636,6.0,7.0,0.857,0.563,0.294,Cam Thomas,1610612751.0,BKN,G,23.0,1.0,1.0,0.455,5.0,5.0,1.0,0.591,0.409,Cam Thomas,1610612751.0,BKN,G,23.0,1.0,1.0,0.455,5.0,5.0,1.0,0.573,0.427,Cam Thomas,1610612751.0,BKN,G,23.0,1.0,1.0,0.545,2.0,6.0,0.333,0.413,-0.08,Cam Thomas,1610612751.0,BKN,23.0,1.0,21.9,1.0,0.0,1.0,0.0,0.0,0.0,0.0,0.0,1.0,1.0,0.0,1.0,0.0,0.0,0.0,0.0,0.0,0.0,0.0,0.0,0.0,Cam Thomas,1610612751,BKN,1,1,0,21.9,70.0,0.0,0.0,0.0,0.0,0.0,0.0,0.0,0.0,0.0,0.0,0.0,0.0,0.0,0.0,0.0,0.0,0.0,Cam Thomas,1610612751,BKN,1,1,0,21.87,21.87,8509.0,1.61,0.91,0.7,4.1,4.04,4.16,2024_25
1629661,Cameron Johnson,Cameron,1610612751,BKN,28.0,1,1,0,1.0,38.67333333333333,10,16,0.625,6,12,0.5,0,0,0.0,2,3,5,0,5,0,0,0,1,0,26,-2,27.0,0,0,37.0,1,1,1,1,5,6,11,23,3,4,21,67,69,67,13,37,32,102,2,63,35,1,31,84,10,68,37,10,1,16,,23.8,98.67,40,115.0,113.9,73,0.0,10.0,42,-1.1,23.8,102,35,0.0,70,122,0.813,-1.1,30,62,6,2.8,17,73,0.228,97,16.0,122,59,113.9,50,11,0.813,0.112,0.224,82.23,70,68,102,0.049,68,98.67,102.55,79,81,62,108.8,0.068,111.6,17,0.0,0.059,115.0,77,50,64,0.0,1.0,39.0,4.0,0.0,2.0,1.0,0.026,51.0,3.0,0.25,0.0,1.5,0.0,6.0,1.0,3.0,0.0,0.0,0.0,0.0,1.0,0.0,0.0,0.0,4.0,0.0,2.5,0.0,1.0,42.0,61.0,2.5,2.03,0.426,26.0,3.0,0.0,0.0,0.0,0.0,0.833,0.667,0.75,3.0,0.0,2.0,0.0,3.0,5.1,5.4,0.0,4.0,5.0,1.0,0.667,1.0,0.0,1.0,7.0,0.714,0.0,5.7,,,,,,,,,,,,,,,,,3.0,0.188,0.0,1.0,0.0,,3.0,0.188,0.0,3.0,3.0,1.0,1.0,1.0,0.063,6.0,0.417,1.0,5.0,0.313,0.375,2.0,1.0,0.2,1.0,0.333,1.071,0.0,0.438,7.0,0.438,0.0,5.0,,7.0,0.714,0.0,0.714,5.0,1.0,0.75,0.667,2.0,3.0,3,4,8,12.0,0.0,0.813,0.0,0.0,0.0,0.0,0.0,0.444,7.0,1.0,2.0,0.286,5.0,0.0,3.0,2.0,0.0,2.0,0.0,2.0,4.0,2.0,0.0,1.0,0.667,0.8,1.0,0.0,2.0,2.0,0.0,2.0,132.0,88.0,0.346,0.645,0.667,0.022,F,2.0,0.0,1.0,1.0,2.0,2.0,4.0,0.0,0.0,0.0,1.0,BKN,0.0,0.0,6.0,0.8,0.0,0.0,0.0,5.0,0.0,0.167,1.0,2.0,1.0,0.0,0.0,1.0,4,0.667,0.444,9.0,9,4.0,2025,20250102,False,22400465,Cameron Johnson,1610612751.0,BKN,F,29.0,1.0,1.0,1.0,7.0,18.0,0.389,0.519,-0.13,Cameron Johnson,1610612751.0,BKN,F,29.0,1.0,1.0,0.333,2.0,6.0,0.333,0.389,-0.056,Cameron Johnson,1610612751.0,BKN,F,29.0,1.0,1.0,0.667,5.0,12.0,0.417,0.59,-0.173,Cameron Johnson,1610612751.0,BKN,F,29.0,1.0,1.0,0.5,4.0,9.0,0.444,0.687,-0.243,Cameron Johnson,1610612751.0,BKN,F,29.0,1.0,1.0,0.5,4.0,9.0,0.444,0.65,-0.205,Cameron Johnson,1610612751.0,BKN,F,29.0,1.0,1.0,0.389,2.0,7.0,0.286,0.42,-0.134,Cameron Johnson,1610612751.0,BKN,29.0,1.0,38.7,4.0,3.0,1.0,1.0,0.0,0.0,0.0,1.0,0.0,1.0,1.0,0.0,0.0,0.0,0.0,0.0,0.0,0.0,0.0,0.0,0.0,Cameron Johnson,1610612751,BKN,1,1,0,38.7,61.0,0.0,0.0,0.0,0.0,0.0,0.0,0.0,0.0,0.0,0.0,0.0,0.0,0.0,0.0,0.0,0.0,0.0,Cameron Johnson,1610612751,BKN,1,1,0,38.67,38.67,15920.0,3.02,1.69,1.33,4.39,4.69,4.04,2024_25
1626156,D'Angelo Russell,D'Angelo,1610612751,BKN,28.0,1,1,0,1.0,27.883333333333333,3,11,0.273,0,4,0.0,5,5,1.0,0,3,3,12,1,2,0,1,2,3,11,1,37.6,1,0,30.0,1,1,1,1,41,59,32,107,73,39,73,7,10,1,67,37,55,2,38,5,35,90,70,16,50,52,18,1,1,31,,3.8,98.98,48,117.2,121.1,65,12.0,3.0,67,3.8,3.8,8,44,0.571,60,54,0.273,3.8,22,70,59,9.1,102,65,0.212,81,11.0,54,43,121.1,51,32,0.417,0.132,0.212,82.49,60,53,1,0.0,53,98.98,103.25,57,67,70,109.8,0.094,118.9,109,46.2,0.05,117.2,93,39,1,0.207,1.0,58.0,17.0,2.0,31.0,15.0,0.259,57.0,2.0,0.3,1.0,0.7,0.0,7.0,0.333,6.0,2.0,2.0,0.2,1.0,3.0,2.0,0.1,0.0,10.0,0.0,6.0,0.0,0.0,28.0,73.0,4.93,4.85,0.151,11.0,0.0,0.0,0.0,0.0,0.0,1.0,0.0,0.75,0.0,0.0,0.0,0.0,3.0,0.0,6.3,0.0,4.0,3.0,1.0,0.0,1.0,0.0,1.0,4.0,0.75,0.0,6.3,,,,,,,,,,,,,,,,,3.0,0.455,0.0,0.6,0.0,,5.0,0.455,0.0,3.0,5.0,0.6,0.6,0.0,0.182,4.0,0.0,0.0,2.0,0.182,0.364,0.0,0.0,0.0,2.0,0.0,0.0,0.0,0.182,2.0,0.182,0.0,0.0,,2.0,0.0,0.0,0.0,0.0,0.286,0.286,0.0,0.0,2.0,2,7,4,0.0,0.0,0.273,0.0,0.0,0.0,0.0,0.0,0.0,3.0,0.5,2.0,0.0,1.0,0.0,1.0,0.0,0.0,0.0,2.0,0.0,0.0,1.0,0.0,0.0,0.0,0.0,0.667,0.0,0.0,3.0,0.0,2.0,130.0,84.0,0.387,0.627,0.646,0.019,G,1.0,0.333,0.5,0.0,1.0,2.0,0.0,0.0,0.0,0.0,0.0,BKN,3.0,0.0,3.0,0.0,0.0,0.0,1.0,1.0,0.0,0.0,0.0,1.0,1.0,1.0,0.0,0.0,0,0.0,0.0,2.0,2,0.0,2025,20250102,False,22400465,D'Angelo Russell,1610612751.0,BKN,G,29.0,1.0,1.0,1.0,8.0,10.0,0.8,0.533,0.267,D'Angelo Russell,1610612751.0,BKN,G,29.0,1.0,1.0,0.3,2.0,3.0,0.667,0.396,0.271,D'Angelo Russell,1610612751.0,BKN,G,29.0,1.0,1.0,0.7,6.0,7.0,0.857,0.598,0.259,D'Angelo Russell,1610612751.0,BKN,G,29.0,1.0,1.0,0.5,4.0,5.0,0.8,0.692,0.108,D'Angelo Russell,1610612751.0,BKN,G,29.0,1.0,1.0,0.6,5.0,6.0,0.833,0.663,0.171,D'Angelo Russell,1610612751.0,BKN,G,29.0,1.0,1.0,0.4,3.0,4.0,0.75,0.414,0.336,D'Angelo Russell,1610612751.0,BKN,29.0,1.0,27.9,1.0,1.0,0.0,0.0,0.0,1.0,2.0,0.0,0.0,0.0,0.0,0.0,0.0,0.0,0.0,0.0,0.0,0.0,0.0,0.0,0.0,D'Angelo Russell,1610612751,BKN,1,1,0,27.9,73.0,0.0,0.0,0.0,0.0,0.0,0.0,0.0,0.0,0.0,0.0,0.0,0.0,0.0,0.0,0.0,0.0,0.0,D'Angelo Russell,1610612751,BKN,1,1,0,27.88,27.88,11177.0,2.12,1.21,0.91,4.3,4.76,3.81,2024_25
203081,Damian Lillard,Damian,1610612749,MIL,34.0,1,0,1,0.0,40.29166666666666,6,20,0.3,4,13,0.308,7,8,0.875,1,2,3,7,3,1,0,1,2,6,23,-4,37.1,0,0,39.0,1,66,66,66,1,24,6,106,11,2,58,3,4,36,33,60,55,10,8,20,35,90,70,3,15,82,22,10,1,11,,8.9,98.88,18,118.1,113.3,68,2.33,6.0,66,-4.8,9.1,55,15,0.233,72,69,0.4,-4.8,40,71,24,-8.7,89,68,0.271,106,20.0,69,80,113.3,72,6,0.489,0.078,0.274,82.4,72,71,29,0.023,71,98.88,101.48,83,86,71,117.1,0.05,108.4,93,21.2,0.036,118.1,109,73,19,0.108,0.0,65.0,10.0,1.0,17.0,8.0,0.123,80.0,1.0,0.571,1.0,0.286,0.0,4.0,0.2,5.0,2.0,1.0,0.071,1.0,8.0,2.0,0.071,0.0,14.0,0.0,6.9,0.0,0.0,33.0,97.0,4.29,4.21,0.237,23.0,1.0,0.0,0.0,0.0,0.0,0.6,0.5,0.333,2.0,0.0,1.0,0.0,2.0,27.8,17.2,0.0,6.0,3.0,2.0,0.5,0.5,0.0,2.0,7.0,0.429,0.0,11.9,,0.0,1.0,0.05,1.0,0.0,MIL,0.0,1.0,1610612749.0,1.0,1.0,1.0,0.05,1.0,1.0,1.0,0.3,0.0,0.167,0.0,,6.0,0.3,0.0,1.0,6.0,0.167,0.167,,0.0,8.0,0.375,0.0,8.0,0.4,0.4,2.0,2.0,0.25,0.0,0.25,0.6,0.0,0.25,5.0,0.25,0.0,2.0,,5.0,0.4,0.0,0.4,2.0,0.417,0.333,0.25,1.0,4.0,2,6,5,9.0,0.0,0.4,0.0,0.0,0.0,0.0,0.0,0.333,13.0,0.2,5.0,0.308,0.0,1.0,0.0,0.0,0.0,0.0,2.0,4.0,0.0,1.0,0.0,0.0,0.0,0.0,0.0,0.0,0.0,0.0,0.5,0.0,104.0,61.0,0.337,0.616,0.587,-0.03,G,0.0,0.0,0.2,3.0,0.0,5.0,1.0,0.0,0.0,0.0,0.0,MIL,1.0,0.0,10.0,0.5,1.0,1.0,1.0,2.0,1.0,0.3,0.0,1.0,0.0,0.0,0.0,0.0,3,0.5,0.333,9.0,9,3.0,2025,20250102,False,22400465,Damian Lillard,1610612749.0,MIL,G,34.0,1.0,1.0,1.0,6.0,11.0,0.545,0.417,0.129,Damian Lillard,1610612749.0,MIL,G,34.0,1.0,1.0,0.545,3.0,6.0,0.5,0.346,0.154,Damian Lillard,1610612749.0,MIL,G,34.0,1.0,1.0,0.455,3.0,5.0,0.6,0.493,0.107,Damian Lillard,1610612749.0,MIL,G,34.0,1.0,1.0,0.182,1.0,2.0,0.5,0.545,-0.045,Damian Lillard,1610612749.0,MIL,G,34.0,1.0,1.0,0.182,1.0,2.0,0.5,0.501,-0.001,Damian Lillard,1610612749.0,MIL,G,34.0,1.0,1.0,0.545,3.0,6.0,0.5,0.352,0.148,Damian Lillard,1610612749.0,MIL,34.0,1.0,40.3,3.0,1.0,2.0,4.0,0.0,1.0,2.0,0.0,0.0,0.0,0.0,0.0,0.0,1.0,1.0,1.0,0.0,0.0,1.0,1.0,0.0,Damian Lillard,1610612749,MIL,1,0,1,40.3,97.0,0.0,0.0,0.0,0.0,0.0,0.0,0.0,0.0,0.0,0.0,0.0,0.0,0.0,0.0,0.0,0.0,0.0,Damian Lillard,1610612749,MIL,1,0,1,40.3,40.3,15197.0,2.88,1.58,1.29,4.09,4.77,3.5,2024_25
1630549,Day'Ron Sharpe,Day'Ron,1610612751,BKN,23.0,1,1,0,1.0,19.883333333333333,1,3,0.333,0,1,0.0,4,4,1.0,2,4,6,4,2,0,0,1,4,3,6,17,17.2,0,0,16.0,1,1,1,1,75,96,98,93,73,88,73,10,14,1,13,26,21,26,20,63,35,90,121,16,79,11,64,10,1,69,,18.6,98.98,88,100.0,135.7,66,2.0,1.0,12,35.7,18.2,18,83,0.211,22,113,0.333,35.7,71,29,96,33.6,57,66,0.146,38,3.0,109,21,135.7,35,98,0.63,0.086,0.143,82.48,22,22,38,0.111,22,98.98,98.74,42,21,29,101.2,0.182,134.8,101,36.4,0.15,100.0,20,70,23,0.148,0.0,27.0,3.0,0.0,9.0,4.0,0.148,19.0,0.0,0.0,0.0,0.0,0.0,0.0,0.0,0.0,0.0,0.0,0.0,0.0,0.0,0.0,0.0,0.0,0.0,0.0,0.7,0.0,1.0,21.0,34.0,1.19,0.56,0.176,6.0,5.0,0.0,0.8,1.0,0.5,0.667,0.5,0.8,4.0,0.0,1.0,2.0,2.0,5.4,4.0,0.5,5.0,3.0,0.0,0.5,0.8,3.0,0.0,9.0,0.667,0.5,3.2,,0.0,1.0,0.333,1.0,0.0,BKN,0.0,1.0,1610612751.0,1.0,1.0,1.0,0.333,1.0,1.0,0.0,0.333,0.0,0.0,0.0,,1.0,0.333,0.0,0.0,1.0,0.0,0.0,,,,,,,,,,,,,,0.0,0.0,0.333,1.0,0.333,0.0,0.0,,1.0,0.0,0.0,0.0,0.0,,,,0.0,0.0,0,0,0,0.0,0.5,0.333,0.0,4.0,0.0,0.0,0.0,0.0,1.0,0.5,2.0,0.0,0.0,0.0,0.0,0.0,0.0,0.0,0.0,0.0,0.0,1.0,0.0,0.0,0.0,0.0,0.0,0.0,0.0,0.0,0.0,0.0,39.0,19.0,0.394,0.633,0.487,-0.145,C,0.0,0.0,0.5,0.0,0.0,2.0,0.0,0.0,0.0,0.0,0.0,BKN,0.0,0.0,1.0,0.0,0.0,0.0,0.0,0.0,0.0,0.0,0.0,1.0,0.0,0.0,0.0,0.0,0,0.0,0.0,1.0,1,0.0,2025,20250102,False,22400465,Day'Ron Sharpe,1610612751.0,BKN,C,23.0,1.0,1.0,1.0,1.0,10.0,0.1,0.488,-0.388,Day'Ron Sharpe,1610612751.0,BKN,C,23.0,1.0,1.0,0.4,1.0,4.0,0.25,0.392,-0.142,Day'Ron Sharpe,1610612751.0,BKN,C,23.0,1.0,1.0,0.6,0.0,6.0,0.0,0.548,-0.548,Day'Ron Sharpe,1610612751.0,BKN,C,23.0,1.0,1.0,0.3,0.0,3.0,0.0,0.643,-0.643,Day'Ron Sharpe,1610612751.0,BKN,C,23.0,1.0,1.0,0.3,0.0,3.0,0.0,0.607,-0.607,Day'Ron Sharpe,1610612751.0,BKN,C,23.0,1.0,1.0,0.5,1.0,5.0,0.2,0.4,-0.2,Day'Ron Sharpe,1610612751.0,BKN,23.0,1.0,19.9,3.0,3.0,0.0,0.0,0.0,1.0,2.0,3.0,0.0,3.0,1.0,0.0,0.0,1.0,1.0,1.0,0.0,0.0,1.0,1.0,0.0,Day'Ron Sharpe,1610612751,BKN,1,1,0,19.9,34.0,0.0,0.0,0.0,0.0,0.0,0.0,0.0,0.0,0.0,0.0,0.0,0.0,0.0,0.0,0.0,0.0,0.0,Day'Ron Sharpe,1610612751,BKN,1,1,0,19.88,19.88,8480.0,1.61,0.92,0.69,4.55,4.59,4.51,2024_25
1629018,Gary Trent Jr.,Gary,1610612749,MIL,25.0,1,0,1,0.0,21.043333333333333,2,8,0.25,2,7,0.286,4,4,1.0,1,1,2,0,1,1,0,0,2,2,10,-11,14.4,0,0,16.0,1,66,66,66,70,82,49,109,26,16,59,10,14,1,33,92,81,102,38,20,35,1,70,30,56,111,80,10,1,69,,9.3,101.5,49,122.7,95.6,29,0.0,2.0,52,-27.2,9.1,102,45,0.0,106,70,0.375,-27.2,44,86,82,-27.3,78,29,0.212,111,8.0,69,106,95.6,81,49,0.512,0.048,0.212,84.59,106,108,102,0.04,108,101.5,101.14,45,107,86,123.2,0.045,95.9,99,0.0,0.043,122.7,104,105,64,0.0,0.0,6.0,1.0,0.0,0.0,0.0,0.0,11.0,0.0,0.0,0.0,0.0,0.0,0.0,0.0,0.0,0.0,0.0,0.0,0.0,0.0,0.0,0.0,0.0,0.0,0.0,0.3,0.0,0.0,11.0,15.0,1.31,0.8,0.667,10.0,0.0,0.0,0.0,0.0,0.0,1.0,1.0,1.0,1.0,0.0,1.0,0.0,1.0,25.6,19.0,0.0,1.0,2.0,0.0,1.0,1.0,0.0,0.0,2.0,1.0,0.0,12.5,,,,,,,,,,,,,,,,,,,,,,,,,,,,,,0.0,0.125,3.0,0.5,0.0,2.0,0.25,0.375,1.0,1.0,0.5,1.0,0.333,0.3,0.0,0.625,5.0,0.625,0.0,1.0,,5.0,0.2,0.0,0.2,1.0,0.75,0.5,1.0,1.0,1.0,1,2,3,3.0,0.0,0.375,0.0,0.0,0.0,0.0,0.0,0.167,6.0,0.0,0.0,0.333,1.0,0.0,0.0,0.0,0.0,1.0,1.0,2.0,0.0,0.0,0.0,0.0,0.0,0.0,0.0,0.0,0.0,0.0,0.0,0.0,78.0,51.0,0.322,0.61,0.654,0.044,G,0.0,0.0,0.0,1.0,0.0,0.0,1.0,0.0,0.0,0.0,0.0,MIL,0.0,0.0,5.0,0.5,0.0,0.0,1.0,2.0,0.0,0.2,0.0,0.0,0.0,0.0,0.0,0.0,1,0.25,0.167,6.0,6,1.0,2025,20250102,False,22400465,Gary Trent Jr.,1610612749.0,MIL,G,26.0,1.0,1.0,1.0,4.0,7.0,0.571,0.428,0.143,Gary Trent Jr.,1610612749.0,MIL,G,26.0,1.0,1.0,0.571,2.0,4.0,0.5,0.351,0.149,Gary Trent Jr.,1610612749.0,MIL,G,26.0,1.0,1.0,0.429,2.0,3.0,0.667,0.502,0.164,Gary Trent Jr.,1610612749.0,MIL,G,26.0,1.0,1.0,0.143,1.0,1.0,1.0,0.585,0.415,Gary Trent Jr.,1610612749.0,MIL,G,26.0,1.0,1.0,0.286,2.0,2.0,1.0,0.534,0.466,Gary Trent Jr.,1610612749.0,MIL,G,26.0,1.0,1.0,0.714,2.0,5.0,0.4,0.352,0.048,Gary Trent Jr.,1610612749.0,MIL,26.0,1.0,21.1,0.0,0.0,0.0,1.0,0.0,0.0,0.0,0.0,1.0,1.0,0.0,1.0,0.0,0.0,0.0,0.0,0.0,0.0,0.0,0.0,0.0,Gary Trent Jr.,1610612749,MIL,1,0,1,21.1,15.0,0.0,0.0,0.0,0.0,0.0,0.0,0.0,0.0,0.0,0.0,0.0,0.0,0.0,0.0,0.0,0.0,0.0,Gary Trent Jr.,1610612749,MIL,1,0,1,21.05,21.05,7841.0,1.49,0.72,0.77,3.95,4.01,3.9,2024_25
203507,Giannis Antetokounmpo,Giannis,1610612749,MIL,30.0,1,0,1,0.0,37.1,12,24,0.5,0,0,0.0,3,10,0.3,3,10,13,7,3,1,3,1,4,8,27,12,62.1,1,0,55.0,1,66,66,66,7,4,3,50,73,104,73,22,2,65,3,2,2,10,8,20,1,90,121,1,8,23,3,1,1,5,,7.8,100.27,6,100.0,116.9,48,2.33,12.0,29,16.9,8.1,67,6,0.35,68,67,0.5,16.9,23,29,4,10.7,93,48,0.33,23,24.0,67,41,116.9,27,3,0.475,0.156,0.343,83.56,68,36,10,0.07,36,100.27,103.22,77,82,29,99.8,0.233,110.5,73,18.9,0.151,100.0,19,26,19,0.149,0.0,47.0,13.0,0.0,18.0,7.0,0.149,52.0,3.0,0.267,1.0,0.467,0.0,7.0,0.3,10.0,0.0,2.0,0.133,0.0,4.0,2.0,0.067,0.0,15.0,4.0,6.1,0.5,7.0,29.0,80.0,4.61,3.45,0.338,27.0,5.0,0.0,0.8,3.0,1.0,0.765,0.6,0.769,6.0,1.0,0.0,4.0,6.0,3.7,4.8,0.4,13.0,6.0,2.0,0.5,0.833,7.0,1.0,19.0,0.684,0.538,5.1,,0.0,5.0,0.208,0.4,0.0,MIL,0.0,0.4,1610612749.0,1.0,5.0,2.0,0.208,2.0,0.4,8.0,0.5,0.0,0.667,0.0,,12.0,0.5,0.0,8.0,12.0,0.667,0.667,0.286,0.292,7.0,0.286,2.0,0.0,0.0,0.292,2.0,0.0,,7.0,0.286,,,,,,,,,,,,,,0.4,0.4,,,,2,5,4,0.0,0.5,0.5,0.0,4.0,0.5,2.0,0.0,0.0,0.0,0.556,18.0,0.0,0.0,2.0,0.0,0.0,0.0,0.0,5.0,0.0,0.0,10.0,0.0,0.0,0.0,0.0,0.0,0.0,0.0,1.0,0.4,0.0,119.0,67.0,0.37,0.639,0.563,-0.076,F,1.0,0.0,0.556,0.0,0.0,18.0,0.0,0.0,0.0,0.0,0.0,MIL,1.0,0.0,0.0,0.0,2.0,0.0,4.0,0.0,0.5,0.0,0.0,10.0,0.0,0.0,0.0,0.0,0,,,,0,,2025,20250102,False,22400465,Giannis Antetokounmpo,1610612749.0,MIL,F,30.0,1.0,1.0,1.0,4.0,9.0,0.444,0.44,0.004,Giannis Antetokounmpo,1610612749.0,MIL,F,30.0,1.0,1.0,0.444,2.0,4.0,0.5,0.322,0.178,Giannis Antetokounmpo,1610612749.0,MIL,F,30.0,1.0,1.0,0.556,2.0,5.0,0.4,0.539,-0.139,Giannis Antetokounmpo,1610612749.0,MIL,F,30.0,1.0,1.0,0.444,2.0,4.0,0.5,0.637,-0.137,Giannis Antetokounmpo,1610612749.0,MIL,F,30.0,1.0,1.0,0.556,2.0,5.0,0.4,0.578,-0.178,Giannis Antetokounmpo,1610612749.0,MIL,F,30.0,1.0,1.0,0.444,2.0,4.0,0.5,0.324,0.177,Giannis Antetokounmpo,1610612749.0,MIL,30.0,1.0,37.1,7.0,4.0,3.0,1.0,0.0,2.0,5.0,1.0,0.0,1.0,1.0,0.0,0.0,0.0,0.0,0.0,0.0,0.0,0.0,0.0,0.0,Giannis Antetokounmpo,1610612749,MIL,1,0,1,37.1,80.0,4.0,1.0,2.0,0.5,0.0,0.0,0.0,2.0,0.5,2.0,0.5,1.0,0.25,0.0,0.0,0.0,0.0,Giannis Antetokounmpo,1610612749,MIL,1,0,1,37.1,37.1,13508.0,2.56,1.38,1.18,3.93,4.51,3.43,2024_25
1630592,Jalen Wilson,Jalen,1610612751,BKN,24.0,1,1,0,1.0,36.98333333333333,6,13,0.462,1,4,0.25,0,0,0.0,2,2,4,1,2,2,0,1,3,0,13,-21,23.3,0,0,23.0,1,1,1,1,8,24,22,73,44,39,60,67,69,67,13,60,44,71,20,5,35,90,108,84,39,123,44,10,1,44,,12.5,99.29,71,118.2,92.1,60,0.5,6.0,46,-26.1,12.5,99,69,0.056,114,84,0.5,-26.1,36,72,24,-18.7,82,60,0.169,113,13.0,84,97,92.1,58,22,0.5,0.051,0.17,82.74,114,107,94,0.045,107,99.29,101.83,76,112,72,111.6,0.043,92.9,73,6.3,0.044,118.2,100,98,57,0.029,1.0,34.0,6.0,0.0,4.0,2.0,0.059,29.0,1.0,0.5,0.0,0.5,0.0,2.0,0.5,2.0,0.0,0.0,0.0,0.0,2.0,0.0,0.0,0.0,4.0,0.0,2.1,0.0,0.0,26.0,49.0,2.61,1.8,0.265,13.0,5.0,0.0,1.2,1.0,0.5,0.4,0.5,0.333,4.0,0.0,1.0,0.0,2.0,2.6,5.5,0.0,6.0,3.0,0.0,0.5,0.333,1.0,0.0,10.0,0.4,0.25,8.3,,,,,,,,,,,,,,,,,2.0,0.385,0.0,0.4,0.0,,5.0,0.385,0.0,2.0,5.0,0.4,0.4,1.0,0.077,2.0,0.5,1.0,1.0,0.077,0.154,1.0,0.0,0.0,1.0,0.5,0.583,3.0,0.462,6.0,0.231,2.0,1.0,0.667,3.0,0.5,0.231,0.333,3.0,,,,0.0,0.0,0,0,0,3.0,0.6,0.5,0.0,6.0,0.0,0.0,0.0,0.2,1.0,0.8,5.0,0.0,3.0,0.0,1.0,1.0,0.0,2.0,1.0,0.0,1.0,4.0,0.0,0.5,0.0,0.333,0.333,0.0,0.0,3.0,0.0,1.0,98.0,61.0,0.35,0.637,0.622,-0.015,F,2.0,1.0,0.8,0.0,0.0,5.0,1.0,0.0,0.0,0.0,0.0,BKN,1.0,0.0,1.0,0.25,0.0,0.0,0.0,4.0,0.0,0.0,0.0,4.0,0.0,1.0,0.0,0.0,1,0.3,0.25,4.0,5,1.0,2025,20250102,False,22400465,Jalen Wilson,1610612751.0,BKN,F,24.0,1.0,1.0,1.0,7.0,17.0,0.412,0.512,-0.1,Jalen Wilson,1610612751.0,BKN,F,24.0,1.0,1.0,0.471,2.0,8.0,0.25,0.379,-0.129,Jalen Wilson,1610612751.0,BKN,F,24.0,1.0,1.0,0.529,5.0,9.0,0.556,0.603,-0.048,Jalen Wilson,1610612751.0,BKN,F,24.0,1.0,1.0,0.471,5.0,8.0,0.625,0.701,-0.076,Jalen Wilson,1610612751.0,BKN,F,24.0,1.0,1.0,0.471,5.0,8.0,0.625,0.671,-0.046,Jalen Wilson,1610612751.0,BKN,F,24.0,1.0,1.0,0.529,2.0,9.0,0.222,0.404,-0.182,Jalen Wilson,1610612751.0,BKN,24.0,1.0,37.0,8.0,3.0,5.0,1.0,0.0,1.0,2.0,0.0,0.0,0.0,0.0,0.0,0.0,3.0,3.0,3.0,0.0,0.0,1.0,1.0,0.0,Jalen Wilson,1610612751,BKN,1,1,0,37.0,49.0,0.0,0.0,0.0,0.0,0.0,0.0,0.0,0.0,0.0,0.0,0.0,0.0,0.0,0.0,0.0,0.0,0.0,Jalen Wilson,1610612751,BKN,1,1,0,36.98,36.98,15116.0,2.86,1.55,1.31,4.42,4.62,4.19,2024_25
1630553,Keon Johnson,Keon,1610612751,BKN,22.0,1,1,0,1.0,28.016666666666666,3,7,0.429,1,2,0.5,2,3,0.667,2,7,9,1,2,0,1,1,4,2,9,-6,22.3,0,0,22.0,1,1,1,1,40,59,55,77,44,71,21,32,30,48,13,8,6,71,20,63,13,90,121,30,59,93,48,10,1,46,,17.7,97.66,73,119.3,108.8,81,0.5,3.0,27,-10.5,18.2,93,77,0.053,86,109,0.5,-10.5,56,75,59,1.3,76,81,0.156,34,7.0,109,64,108.8,54,55,0.541,0.068,0.166,81.38,86,80,96,0.074,80,97.66,99.92,57,79,75,110.8,0.189,112.2,73,9.1,0.141,119.3,30,89,57,0.03,0.0,33.0,1.0,1.0,2.0,2.0,0.061,26.0,1.0,0.333,1.0,0.667,0.0,4.0,0.333,3.0,1.0,0.0,0.0,0.5,2.0,2.0,0.167,0.0,6.0,0.0,2.7,0.0,1.0,18.0,43.0,3.73,2.93,0.209,9.0,3.0,0.0,0.667,2.0,1.0,0.692,0.5,0.636,4.0,0.0,0.0,0.0,7.0,6.4,5.4,0.0,11.0,7.0,1.0,0.5,0.7,2.0,1.0,14.0,0.643,0.222,5.1,,0.0,1.0,0.143,0.0,0.0,BKN,0.0,0.0,1610612751.0,1.0,1.0,0.0,0.143,0.0,0.0,2.0,0.571,0.0,0.5,0.0,,4.0,0.571,0.0,2.0,4.0,0.5,0.5,,,,,,,,,,,,,,0.75,0.0,0.286,2.0,0.286,0.0,1.0,,2.0,0.5,0.0,0.5,1.0,0.5,0.5,,0.0,0.0,1,2,2,3.0,0.5,0.5,0.0,2.0,0.0,0.0,0.0,0.5,2.0,0.333,3.0,0.5,0.0,1.0,0.0,0.0,0.0,0.0,1.0,1.0,0.0,1.0,0.0,0.0,0.0,0.0,0.0,0.0,0.0,1.0,1.0,0.0,95.0,65.0,0.358,0.621,0.684,0.063,G,0.0,0.0,0.333,1.0,0.0,3.0,0.0,0.0,0.0,0.0,0.0,BKN,1.0,0.0,2.0,0.0,1.0,0.0,1.0,0.0,1.0,0.5,0.0,1.0,0.0,0.0,0.0,0.0,1,0.75,0.5,2.0,2,1.0,2025,20250102,False,22400465,Keon Johnson,1610612751.0,BKN,G,23.0,1.0,1.0,1.0,8.0,16.0,0.5,0.488,0.012,Keon Johnson,1610612751.0,BKN,G,23.0,1.0,1.0,0.313,0.0,5.0,0.0,0.375,-0.375,Keon Johnson,1610612751.0,BKN,G,23.0,1.0,1.0,0.688,8.0,11.0,0.727,0.577,0.15,Keon Johnson,1610612751.0,BKN,G,23.0,1.0,1.0,0.438,6.0,7.0,0.857,0.648,0.209,Keon Johnson,1610612751.0,BKN,G,23.0,1.0,1.0,0.5,6.0,8.0,0.75,0.612,0.138,Keon Johnson,1610612751.0,BKN,G,23.0,1.0,1.0,0.313,0.0,5.0,0.0,0.388,-0.388,Keon Johnson,1610612751.0,BKN,23.0,1.0,28.0,5.0,5.0,0.0,1.0,1.0,0.0,0.0,2.0,0.0,2.0,1.0,0.0,0.0,0.0,0.0,0.0,0.0,0.0,0.0,0.0,0.0,Keon Johnson,1610612751,BKN,1,1,0,28.0,43.0,0.0,0.0,0.0,0.0,0.0,0.0,0.0,0.0,0.0,0.0,0.0,0.0,0.0,0.0,0.0,0.0,0.0,Keon Johnson,1610612751,BKN,1,1,0,28.02,28.02,12070.0,2.29,1.19,1.1,4.65,4.6,4.7,2024_25
203114,Khris Middleton,Khris,1610612749,MIL,33.0,1,0,1,0.0,24.035,6,11,0.545,0,3,0.0,0,0,0.0,0,3,3,2,0,1,0,0,0,1,12,-18,21.6,0,0,19.0,1,66,66,66,57,24,32,45,73,53,73,67,69,67,67,37,55,47,81,20,35,1,1,56,41,120,51,10,1,55,,0.0,98.86,64,136.7,98.0,69,0.0,6.0,67,-38.7,0.0,75,61,0.143,102,1,0.545,-38.7,54,109,24,-43.9,75,69,0.186,46,11.0,1,124,98.0,115,32,0.545,0.12,0.187,82.38,102,117,62,0.0,117,98.86,100.09,50,109,109,138.4,0.158,94.5,72,15.4,0.059,136.7,77,43,64,0.065,0.0,31.0,6.0,0.0,5.0,2.0,0.065,28.0,0.0,0.5,0.0,0.0,0.0,0.0,0.0,1.0,0.0,1.0,0.5,0.0,1.0,0.0,0.0,0.0,2.0,1.0,2.0,2.0,0.0,28.0,42.0,2.85,1.9,0.286,12.0,1.0,0.0,0.0,0.0,0.0,0.6,0.0,0.6,0.0,0.0,0.0,0.0,3.0,0.0,7.4,0.0,5.0,3.0,0.0,0.0,0.6,0.0,0.0,5.0,0.6,0.0,7.4,,,,,,,,,,,,,,,,,3.0,0.364,0.0,0.75,0.0,,4.0,0.364,0.0,3.0,4.0,0.75,0.75,1.0,0.273,5.0,0.6,3.0,2.0,0.182,0.455,3.0,0.0,0.0,3.0,0.6,0.0,1.0,0.182,2.0,0.091,0.0,0.0,0.0,1.0,0.0,0.091,0.0,0.0,0.6,0.6,,0.0,0.0,3,5,6,2.0,0.0,0.545,0.0,0.0,1.0,2.0,0.0,0.25,2.0,1.0,2.0,0.0,1.0,3.0,0.0,0.0,0.0,1.0,5.0,0.0,0.0,2.0,0.0,0.0,0.0,0.0,1.0,0.0,0.0,1.0,0.6,1.0,26.0,18.0,0.289,0.634,0.692,0.058,F,1.0,1.0,1.0,0.0,1.0,2.0,0.0,0.0,0.0,0.0,0.0,MIL,3.0,0.0,2.0,0.0,0.0,0.0,2.0,1.0,0.0,0.0,0.0,2.0,1.0,3.0,0.0,0.0,1,0.25,0.0,3.0,4,0.0,2025,20250102,False,22400465,Khris Middleton,1610612764.0,WAS,F,33.0,1.0,1.0,1.0,5.0,9.0,0.556,0.443,0.112,Khris Middleton,1610612764.0,WAS,F,33.0,1.0,1.0,0.333,1.0,3.0,0.333,0.398,-0.065,Khris Middleton,1610612764.0,WAS,F,33.0,1.0,1.0,0.667,4.0,6.0,0.667,0.515,0.151,Khris Middleton,1610612764.0,WAS,F,33.0,1.0,1.0,0.444,3.0,4.0,0.75,0.592,0.158,Khris Middleton,1610612764.0,WAS,F,33.0,1.0,1.0,0.556,3.0,5.0,0.6,0.536,0.064,Khris Middleton,1610612764.0,WAS,F,33.0,1.0,1.0,0.333,1.0,3.0,0.333,0.4,-0.067,Khris Middleton,1610612764.0,WAS,33.0,1.0,24.0,1.0,0.0,1.0,2.0,0.0,0.0,0.0,0.0,0.0,0.0,0.0,0.0,0.0,0.0,0.0,0.0,0.0,0.0,0.0,0.0,0.0,Khris Middleton,1610612764,WAS,1,0,1,24.0,42.0,1.0,1.0,1.0,1.0,0.0,0.0,0.0,2.0,2.0,0.0,0.0,0.0,0.0,0.0,0.0,0.0,0.0,Khris Middleton,1610612764,WAS,1,0,1,24.03,24.03,9800.0,1.86,0.99,0.87,4.49,4.78,4.23,2024_25
1630699,MarJon Beauchamp,MarJon,1610612749,MIL,24.0,1,0,1,0.0,6.648333333333333,0,0,0.0,0,0,0.0,0,0,0.0,0,3,3,0,0,0,0,0,0,0,0,18,3.6,0,0,3.0,1,66,66,66,123,118,125,118,73,104,73,67,69,67,67,37,55,102,81,63,35,1,1,84,119,10,123,10,1,124,,0.0,101.08,127,14.3,142.9,37,0.0,0.0,67,128.6,0.0,102,127,0.0,9,1,0.0,128.6,11,3,118,118.2,119,37,0.0,17,0.0,1,3,142.9,3,125,0.0,0.171,0.0,84.23,9,1,102,0.0,1,101.08,104.54,14,29,3,14.4,0.25,132.6,118,0.0,0.15,14.3,20,19,64,0.0,0.0,4.0,1.0,0.0,0.0,0.0,0.0,1.0,0.0,1.0,0.0,0.0,0.0,0.0,0.0,0.0,0.0,0.0,0.0,0.0,1.0,0.0,0.0,0.0,1.0,0.0,0.1,0.0,0.0,1.0,4.0,1.24,1.25,0.0,0.0,0.0,0.0,0.0,0.0,0.0,1.0,0.0,0.75,0.0,0.0,0.0,1.0,2.0,0.0,6.3,0.333,4.0,2.0,1.0,0.0,1.0,1.0,1.0,4.0,0.75,0.333,6.3,,,,,,,,,,,,,,,,,,,,,,,,,,,,,,,,,,,,,,,,,,,,,,,,,,,,,,,,,,,,,0,0,0,0.0,0.0,0.0,0.0,0.0,0.0,0.0,0.0,0.0,0.0,0.0,0.0,0.0,0.0,0.0,0.0,0.0,0.0,0.0,0.0,0.0,0.0,0.0,0.0,0.0,0.0,0.0,0.0,0.0,0.0,0.0,0.0,0.0,11.0,7.0,0.44,0.597,0.636,0.039,F,0.0,0.0,0.0,0.0,0.0,0.0,0.0,0.0,0.0,0.0,0.0,MIL,0.0,0.0,0.0,0.0,0.0,0.0,0.0,0.0,0.0,0.0,0.0,0.0,0.0,0.0,0.0,0.0,0,,,,0,,2025,20250102,False,22400465,MarJon Beauchamp,1610612752.0,NYK,F,24.0,1.0,1.0,1.0,0.0,3.0,0.0,0.444,-0.444,MarJon Beauchamp,1610612752.0,NYK,F,24.0,1.0,1.0,1.0,0.0,3.0,0.0,0.368,-0.368,,,,,,,,,,,,,,,,,,,,,,,,,,,,,,,,,,,,,,,,MarJon Beauchamp,1610612752.0,NYK,F,24.0,1.0,1.0,1.0,0.0,3.0,0.0,0.372,-0.372,MarJon Beauchamp,1610612752.0,NYK,24.0,1.0,6.7,1.0,0.0,1.0,0.0,0.0,0.0,0.0,0.0,0.0,0.0,0.0,0.0,0.0,2.0,2.0,2.0,1.0,0.0,1.0,1.0,0.5,MarJon Beauchamp,1610612752,NYK,1,0,1,6.7,4.0,0.0,0.0,0.0,0.0,0.0,0.0,0.0,0.0,0.0,0.0,0.0,0.0,0.0,0.0,0.0,0.0,0.0,MarJon Beauchamp,1610612752,NYK,1,0,1,6.65,6.65,2556.0,0.48,0.24,0.25,4.22,4.12,2.87,2024_25
1629651,Nic Claxton,Nic,1610612751,BKN,25.0,1,1,0,1.0,33.266666666666666,5,9,0.556,0,0,0.0,6,8,0.75,1,10,11,2,0,1,1,0,3,5,16,-1,38.2,1,0,33.0,1,1,1,1,22,34,42,40,73,104,73,4,4,40,33,2,3,47,81,20,13,1,108,5,29,65,15,1,1,24,,0.0,101.0,79,108.6,107.1,38,0.0,5.0,64,-1.4,0.0,77,80,0.105,90,1,0.556,-1.4,17,51,34,3.6,53,38,0.148,16,9.0,1,57,107.1,41,42,0.639,0.163,0.156,84.17,90,69,74,0.027,69,101.0,103.83,70,92,51,103.1,0.256,106.8,69,14.3,0.145,108.6,25,23,64,0.047,0.0,43.0,4.0,0.0,4.0,2.0,0.047,40.0,0.0,1.0,0.0,0.0,0.0,0.0,0.0,0.0,0.0,0.0,0.0,0.0,2.0,0.0,0.0,0.0,2.0,0.0,1.7,0.0,4.0,36.0,59.0,1.77,0.85,0.271,16.0,9.0,0.0,1.0,1.0,1.0,0.846,0.25,0.909,5.0,1.0,0.0,1.0,9.0,4.8,4.5,0.1,11.0,9.0,2.0,0.2,1.0,2.0,1.0,15.0,0.733,0.182,4.4,,,,,,,,,,,,,,,,,3.0,0.556,0.0,0.6,0.0,,5.0,0.556,0.0,3.0,5.0,0.6,0.6,0.5,0.444,4.0,0.5,2.0,0.0,0.0,0.444,2.0,0.0,,4.0,0.5,,,,,,,,,,,,,,0.0,0.0,,,,0,1,0,0.0,0.75,0.556,0.0,9.0,0.0,0.0,0.0,0.0,0.0,1.0,5.0,0.0,0.0,0.0,0.0,0.0,0.0,0.0,2.0,0.0,0.0,5.0,0.0,0.0,0.0,0.0,0.0,0.0,0.0,2.0,0.0,0.0,144.0,76.0,0.472,0.651,0.528,-0.123,C,1.0,0.0,0.833,0.0,0.0,6.0,0.0,0.0,0.0,0.0,0.0,BKN,1.0,0.0,0.0,0.0,0.0,0.0,1.0,0.0,0.0,0.0,0.0,5.0,0.0,0.0,0.0,0.0,0,0.0,,,1,,2025,20250102,False,22400465,Nic Claxton,1610612751.0,BKN,C,25.0,1.0,1.0,1.0,10.0,17.0,0.588,0.597,-0.008,,,,,,,,,,,,,,Nic Claxton,1610612751.0,BKN,C,25.0,1.0,1.0,1.0,10.0,17.0,0.588,0.621,-0.033,Nic Claxton,1610612751.0,BKN,C,25.0,1.0,1.0,0.765,8.0,13.0,0.615,0.711,-0.095,Nic Claxton,1610612751.0,BKN,C,25.0,1.0,1.0,0.765,8.0,13.0,0.615,0.682,-0.066,Nic Claxton,1610612751.0,BKN,C,25.0,1.0,1.0,0.118,1.0,2.0,0.5,0.416,0.084,Nic Claxton,1610612751.0,BKN,25.0,1.0,33.3,7.0,7.0,0.0,6.0,0.0,3.0,7.0,0.0,0.0,0.0,0.0,0.0,0.0,2.0,2.0,2.0,1.0,0.0,1.0,1.0,0.5,Nic Claxton,1610612751,BKN,1,1,0,33.3,59.0,0.0,0.0,0.0,0.0,0.0,0.0,0.0,0.0,0.0,0.0,0.0,0.0,0.0,0.0,0.0,0.0,0.0,Nic Claxton,1610612751,BKN,1,1,0,33.27,33.27,13486.0,2.55,1.38,1.18,4.38,4.53,4.22,2024_25
1626192,Pat Connaughton,Pat,1610612749,MIL,31.0,1,0,1,0.0,9.548333333333334,1,3,0.333,0,2,0.0,0,0,0.0,2,2,4,1,0,1,1,0,1,0,2,14,14.3,0,0,11.0,1,66,66,66,110,96,98,93,73,71,73,67,69,67,13,60,44,71,81,20,13,1,31,84,108,18,82,10,1,93,,0.0,95.51,99,47.4,121.1,97,0.0,1.0,6,73.7,0.0,36,95,0.167,60,1,0.333,73.7,68,4,96,68.0,108,97,0.125,53,3.0,1,6,121.1,4,98,0.333,0.188,0.125,79.6,60,4,51,0.143,4,95.51,99.03,19,74,4,46.6,0.143,114.5,101,25.0,0.143,47.4,26,16,64,0.091,0.0,11.0,3.0,0.0,3.0,1.0,0.091,7.0,0.0,0.0,0.0,0.0,0.0,0.0,0.0,0.0,0.0,0.0,0.0,0.0,0.0,0.0,0.0,0.0,0.0,0.0,0.3,0.0,1.0,7.0,14.0,1.23,0.5,0.143,2.0,2.0,2.0,0.0,2.0,1.0,1.0,1.0,1.0,2.0,0.0,0.0,0.0,2.0,5.9,5.3,0.0,2.0,2.0,0.0,1.0,1.0,2.0,0.0,4.0,1.0,0.5,4.7,,,,,,,,,,,,,,,,,0.0,0.333,0.0,0.0,1.0,0.0,1.0,0.0,0.333,0.0,0.0,,0.0,,0.0,1.0,0.0,0.0,1.0,0.333,0.333,0.0,0.0,0.0,0.0,0.0,1.0,1.0,0.333,1.0,0.0,1.0,0.0,1.0,0.0,1.0,0.333,,1.0,,,,0.0,0.0,0,0,0,0.0,0.0,0.333,2.0,0.0,0.0,0.0,1.0,0.0,2.0,1.0,1.0,0.0,0.0,0.0,0.0,0.0,0.0,0.0,0.0,0.0,0.0,1.0,0.0,0.0,0.0,0.0,0.0,0.0,0.0,0.0,0.0,0.0,43.0,23.0,0.364,0.632,0.535,-0.097,G,0.0,0.0,1.0,0.0,0.0,1.0,0.0,0.0,0.0,0.0,0.0,MIL,0.0,0.0,2.0,0.0,0.0,0.0,0.0,0.0,0.0,0.0,0.0,1.0,0.0,0.0,0.0,0.0,0,0.0,0.0,2.0,2,0.0,2025,20250102,False,22400465,Pat Connaughton,1610612749.0,MIL,G,32.0,1.0,1.0,1.0,2.0,5.0,0.4,0.414,-0.014,Pat Connaughton,1610612749.0,MIL,G,32.0,1.0,1.0,0.4,0.0,2.0,0.0,0.349,-0.349,Pat Connaughton,1610612749.0,MIL,G,32.0,1.0,1.0,0.6,2.0,3.0,0.667,0.471,0.196,Pat Connaughton,1610612749.0,MIL,G,32.0,1.0,1.0,0.4,1.0,2.0,0.5,0.545,-0.045,Pat Connaughton,1610612749.0,MIL,G,32.0,1.0,1.0,0.4,1.0,2.0,0.5,0.501,-0.001,Pat Connaughton,1610612749.0,MIL,G,32.0,1.0,1.0,0.4,0.0,2.0,0.0,0.391,-0.391,Pat Connaughton,1610612749.0,MIL,32.0,1.0,9.6,1.0,0.0,1.0,1.0,0.0,1.0,3.0,0.0,0.0,0.0,0.0,0.0,1.0,0.0,1.0,1.0,1.0,1.0,0.0,1.0,1.0,Pat Connaughton,1610612749,MIL,1,0,1,9.6,14.0,0.0,0.0,0.0,0.0,0.0,0.0,0.0,0.0,0.0,0.0,0.0,0.0,0.0,0.0,0.0,0.0,0.0,Pat Connaughton,1610612749,MIL,1,0,1,9.55,9.55,4000.0,0.76,0.4,0.36,4.71,5.35,4.21,2024_25
1631157,Ryan Rollins,Ryan,1610612749,MIL,22.0,1,0,1,0.0,18.69833333333333,2,4,0.5,0,2,0.0,0,0,0.0,1,1,2,1,0,0,0,0,4,1,4,-12,7.9,0,0,7.0,1,66,66,66,81,82,90,50,73,71,73,67,69,67,33,92,81,71,81,63,35,1,121,56,94,113,105,10,1,106,,0.0,101.4,116,122.5,94.9,32,0.0,2.0,46,-27.6,0.0,58,116,0.1,107,1,0.5,-27.6,26,85,82,-32.2,82,32,0.087,106,4.0,1,110,94.9,82,90,0.5,0.008,0.088,84.5,107,109,75,0.045,109,101.4,103.09,39,114,85,123.4,0.05,91.1,73,20.0,0.048,122.5,94,119,64,0.059,0.0,17.0,2.0,0.0,2.0,1.0,0.059,17.0,1.0,0.5,0.0,0.5,0.0,2.0,1.0,1.0,0.0,0.0,0.0,0.0,2.0,0.0,0.0,0.0,4.0,0.0,1.2,0.0,0.0,9.0,23.0,3.26,2.91,0.174,4.0,1.0,0.0,2.0,1.0,1.0,0.4,1.0,0.2,1.0,0.0,0.0,1.0,0.0,3.5,5.7,1.0,5.0,0.0,1.0,1.0,0.25,2.0,1.0,6.0,0.333,1.0,7.9,,0.0,1.0,0.25,1.0,0.0,MIL,0.0,1.0,1610612749.0,1.0,1.0,1.0,0.25,1.0,1.0,1.0,0.25,0.0,1.0,0.0,,1.0,0.25,0.0,1.0,1.0,1.0,1.0,,,,,,,,,,,,,,0.0,0.0,0.5,2.0,0.5,0.0,0.0,,2.0,0.0,0.0,0.0,0.0,0.0,0.0,0.0,0.0,1.0,0,1,0,0.0,1.0,0.5,0.0,2.0,0.0,0.0,0.0,0.0,1.0,1.0,2.0,0.0,1.0,0.0,1.0,0.0,0.0,0.0,0.0,0.0,0.0,2.0,0.0,0.0,0.0,0.0,0.0,0.0,0.0,0.0,0.0,0.0,27.0,11.0,0.365,0.599,0.407,-0.191,G,0.0,0.0,1.0,0.0,0.0,2.0,0.0,,0.0,0.0,0.0,MIL,0.0,,1.0,0.0,0.0,,0.0,1.0,0.0,0.0,0.0,2.0,0.0,0.0,0.0,0.0,0,0.0,0.0,1.0,1,0.0,2025,20250102,False,22400465,Ryan Rollins,1610612749.0,MIL,G,22.0,1.0,1.0,1.0,2.0,9.0,0.222,0.454,-0.232,Ryan Rollins,1610612749.0,MIL,G,22.0,1.0,1.0,0.333,0.0,3.0,0.0,0.349,-0.349,Ryan Rollins,1610612749.0,MIL,G,22.0,1.0,1.0,0.667,2.0,6.0,0.333,0.525,-0.191,Ryan Rollins,1610612749.0,MIL,G,22.0,1.0,1.0,0.333,1.0,3.0,0.333,0.583,-0.25,Ryan Rollins,1610612749.0,MIL,G,22.0,1.0,1.0,0.444,2.0,4.0,0.5,0.551,-0.051,Ryan Rollins,1610612749.0,MIL,G,22.0,1.0,1.0,0.444,0.0,4.0,0.0,0.391,-0.391,Ryan Rollins,1610612749.0,MIL,22.0,1.0,18.7,2.0,2.0,0.0,2.0,0.0,0.0,0.0,0.0,0.0,0.0,0.0,0.0,0.0,1.0,1.0,1.0,0.0,0.0,1.0,1.0,0.0,Ryan Rollins,1610612749,MIL,1,0,1,18.7,23.0,0.0,0.0,0.0,0.0,0.0,0.0,0.0,0.0,0.0,0.0,0.0,0.0,0.0,0.0,0.0,0.0,0.0,Ryan Rollins,1610612749,MIL,1,0,1,18.7,18.7,7925.0,1.5,0.71,0.79,4.48,4.34,4.59,2024_25
1627752,Taurean Prince,Taurean,1610612749,MIL,30.0,1,0,1,0.0,18.266666666666666,3,6,0.5,2,5,0.4,0,0,0.0,2,1,3,2,1,1,0,0,2,0,8,-4,16.6,0,0,17.0,1,66,66,66,84,59,66,50,26,26,45,67,69,67,13,92,55,47,38,20,35,1,70,84,67,82,67,10,1,62,,11.1,101.17,76,120.5,113.2,35,2.0,3.0,10,-7.4,11.1,50,75,0.167,75,79,0.667,-7.4,27,78,59,-5.4,47,35,0.159,106,6.0,79,74,113.2,73,66,0.667,0.101,0.161,84.31,75,76,51,0.118,76,101.17,103.06,38,80,78,117.4,0.05,112.0,38,22.2,0.081,120.5,62,55,23,0.154,1.0,13.0,3.0,0.0,8.0,3.0,0.231,13.0,0.0,0.5,0.0,0.0,1.0,0.0,0.0,0.0,0.0,0.0,0.0,0.0,1.0,0.0,0.0,0.5,2.0,0.0,0.5,0.0,0.0,11.0,20.0,1.39,0.6,0.4,8.0,1.0,0.0,2.0,1.0,0.5,0.6,1.0,0.333,2.0,0.0,1.0,1.0,0.0,15.1,14.7,1.0,3.0,1.0,0.0,1.0,0.333,2.0,0.0,5.0,0.6,0.667,13.8,,,,,,,,,,,,,,,,,1.0,0.167,0.0,1.0,0.0,,1.0,0.167,0.0,1.0,1.0,1.0,1.0,,0.0,5.0,0.6,0.0,5.0,0.833,0.833,2.0,2.0,0.4,0.0,0.4,,,,,,,,,,,,,,0.0,0.0,0.0,0.0,1.0,0,1,0,6.0,1.0,0.667,0.0,2.0,0.0,0.0,0.0,0.5,2.0,1.0,1.0,0.5,2.0,0.0,2.0,0.0,0.0,0.0,0.0,1.0,1.0,1.0,1.0,0.0,0.5,0.5,0.0,0.0,1.0,0.0,0.0,0.0,129.0,82.0,0.411,0.619,0.636,0.016,F,0.0,0.0,1.0,1.0,0.0,1.0,1.0,0.0,1.0,0.0,0.0,MIL,0.0,0.0,2.0,0.5,0.0,0.0,0.0,2.0,0.0,0.5,0.0,1.0,0.0,0.0,0.0,0.0,2,0.75,0.5,4.0,4,2.0,2025,20250102,False,22400465,Taurean Prince,1610612749.0,MIL,F,30.0,1.0,1.0,1.0,5.0,9.0,0.556,0.428,0.128,Taurean Prince,1610612749.0,MIL,F,30.0,1.0,1.0,0.333,1.0,3.0,0.333,0.356,-0.023,Taurean Prince,1610612749.0,MIL,F,30.0,1.0,1.0,0.667,4.0,6.0,0.667,0.512,0.154,Taurean Prince,1610612749.0,MIL,F,30.0,1.0,1.0,0.222,2.0,2.0,1.0,0.64,0.36,Taurean Prince,1610612749.0,MIL,F,30.0,1.0,1.0,0.333,2.0,3.0,0.667,0.56,0.107,Taurean Prince,1610612749.0,MIL,F,30.0,1.0,1.0,0.444,2.0,4.0,0.5,0.376,0.124,Taurean Prince,1610612749.0,MIL,30.0,1.0,18.3,1.0,1.0,0.0,1.0,0.0,0.0,0.0,0.0,1.0,1.0,0.0,1.0,0.0,0.0,0.0,0.0,0.0,0.0,0.0,0.0,0.0,Taurean Prince,1610612749,MIL,1,0,1,18.3,20.0,0.0,0.0,0.0,0.0,0.0,0.0,0.0,0.0,0.0,0.0,0.0,0.0,0.0,0.0,0.0,0.0,0.0,Taurean Prince,1610612749,MIL,1,0,1,18.27,18.27,7125.0,1.35,0.65,0.7,3.95,3.98,3.94,2024_25
1631213,Tyrese Martin,Tyrese,1610612751,BKN,25.0,1,1,0,1.0,14.91,0,2,0.0,0,1,0.0,0,0,0.0,0,0,0,3,0,1,0,0,1,1,0,16,7.5,0,0,5.0,1,1,1,1,101,118,111,118,73,88,73,67,69,67,67,118,120,36,81,20,35,1,31,56,119,15,108,10,1,114,,0.0,99.8,124,96.7,140.6,50,0.0,0.0,67,44.0,0.0,5,123,0.188,13,1,0.0,44.0,74,25,118,48.0,119,50,0.056,118,2.0,1,12,140.6,25,111,0.0,0.016,0.059,83.17,13,14,46,0.0,14,99.8,98.25,32,9,25,96.8,0.0,144.8,118,60.0,0.0,96.7,120,118,64,0.136,0.0,22.0,5.0,0.0,8.0,3.0,0.136,20.0,0.0,0.333,0.0,0.0,0.0,0.0,0.0,1.0,0.0,1.0,0.333,0.0,1.0,0.0,0.0,0.0,3.0,0.0,1.7,0.0,0.0,9.0,25.0,4.12,3.64,0.0,0.0,0.0,0.0,0.0,,,,,,,,,,,,,,,,,,,,,,,,,,,,,,,,,,,,,,,,,0.0,0.5,0.0,0.0,0.0,,1.0,0.5,0.0,0.0,1.0,0.0,0.0,,0.0,1.0,0.0,0.0,1.0,0.5,0.5,0.0,0.0,0.0,0.0,0.0,,,,,,,,,,,,,,,,,0.0,0.0,0,0,0,0.0,0.0,0.0,0.0,0.0,0.0,0.0,0.0,0.0,1.0,0.0,1.0,0.0,0.0,0.0,0.0,0.0,,0.0,0.0,0.0,0.0,0.0,,0.0,0.0,0.0,0.0,,0.0,0.0,0.0,0.0,35.0,21.0,0.315,0.606,0.6,-0.006,F,0.0,0.0,0.0,0.0,0.0,1.0,0.0,0.0,,,0.0,BKN,0.0,0.0,1.0,0.0,0.0,0.0,0.0,0.0,0.0,0.0,0.0,0.0,0.0,0.0,,0.0,0,0.0,0.0,1.0,1,0.0,2025,20250102,False,22400465,Tyrese Martin,1610612751.0,BKN,F,26.0,1.0,1.0,1.0,2.0,7.0,0.286,0.496,-0.21,Tyrese Martin,1610612751.0,BKN,F,26.0,1.0,1.0,0.429,1.0,3.0,0.333,0.401,-0.067,Tyrese Martin,1610612751.0,BKN,F,26.0,1.0,1.0,0.571,1.0,4.0,0.25,0.569,-0.319,Tyrese Martin,1610612751.0,BKN,F,26.0,1.0,1.0,0.571,1.0,4.0,0.25,0.659,-0.409,Tyrese Martin,1610612751.0,BKN,F,26.0,1.0,1.0,0.571,1.0,4.0,0.25,0.625,-0.375,Tyrese Martin,1610612751.0,BKN,F,26.0,1.0,1.0,0.429,1.0,3.0,0.333,0.414,-0.081,Tyrese Martin,1610612751.0,BKN,26.0,1.0,14.9,1.0,1.0,0.0,2.0,0.0,1.0,3.0,0.0,1.0,1.0,0.0,1.0,0.0,0.0,0.0,0.0,0.0,0.0,0.0,0.0,0.0,Tyrese Martin,1610612751,BKN,1,1,0,14.9,25.0,0.0,0.0,0.0,0.0,0.0,0.0,0.0,0.0,0.0,0.0,0.0,0.0,0.0,0.0,0.0,0.0,0.0,Tyrese Martin,1610612751,BKN,1,1,0,14.92,14.92,6755.0,1.28,0.7,0.58,4.88,5.07,4.68,2024_25
1630533,Ziaire Williams,Ziaire,1610612751,BKN,23.0,1,1,0,1.0,18.51833333333333,2,5,0.4,2,4,0.5,2,2,1.0,2,4,6,1,1,0,1,1,2,2,8,12,18.7,0,0,19.0,1,1,1,1,82,82,78,85,26,39,21,32,39,1,13,26,21,71,38,63,13,90,70,30,67,23,60,10,1,55,,12.7,107.57,82,90.5,122.0,6,1.0,2.0,17,31.5,12.5,82,79,0.083,58,89,0.6,31.5,8,17,82,25.5,46,6,0.152,32,5.0,84,26,122.0,19,78,0.68,0.133,0.15,89.64,58,25,85,0.105,25,107.57,106.84,41,65,17,93.8,0.19,119.3,54,12.5,0.15,90.5,20,38,42,0.056,0.0,18.0,2.0,0.0,2.0,1.0,0.056,14.0,0.0,0.0,0.0,0.0,0.0,0.0,0.0,0.0,0.0,0.0,0.0,0.0,0.0,0.0,0.0,0.0,0.0,0.0,0.7,0.0,1.0,14.0,27.0,1.56,0.48,0.296,8.0,4.0,0.0,0.0,1.0,0.5,0.667,0.4,0.571,5.0,0.0,1.0,1.0,3.0,11.3,8.8,0.25,7.0,4.0,2.0,0.4,0.8,2.0,2.0,11.0,0.545,0.333,7.6,,0.0,1.0,0.2,0.0,0.0,BKN,0.0,0.0,1610612751.0,1.0,1.0,0.0,0.2,0.0,0.0,0.0,0.4,1.0,0.5,2.0,0.5,2.0,0.0,0.4,1.0,0.0,,0.75,,0.0,1.0,1.5,0.0,1.0,0.2,0.2,1.0,1.0,1.0,0.0,1.0,0.0,0.0,0.2,1.0,0.2,0.0,0.0,,1.0,0.0,0.0,0.0,0.0,,,,0.0,0.0,0,0,0,6.0,0.0,0.6,0.0,0.0,0.0,0.0,0.0,0.5,3.0,0.0,1.0,0.667,1.0,0.0,1.0,0.0,0.0,0.0,0.0,2.0,0.0,0.0,0.0,0.0,0.0,0.0,0.0,0.0,0.0,0.0,0.0,0.0,65.0,45.0,0.344,0.642,0.692,0.051,F,0.0,0.0,0.0,2.0,0.0,1.0,0.0,0.0,0.0,0.0,0.0,BKN,0.0,0.0,3.0,0.0,0.0,0.0,0.0,1.0,0.0,0.667,0.0,0.0,0.0,0.0,0.0,0.0,2,0.75,0.5,4.0,4,2.0,2025,20250102,False,22400465,Ziaire Williams,1610612751.0,BKN,F,23.0,1.0,1.0,1.0,3.0,7.0,0.429,0.449,-0.021,Ziaire Williams,1610612751.0,BKN,F,23.0,1.0,1.0,0.571,2.0,4.0,0.5,0.367,0.133,Ziaire Williams,1610612751.0,BKN,F,23.0,1.0,1.0,0.429,1.0,3.0,0.333,0.481,-0.148,Ziaire Williams,1610612751.0,BKN,F,23.0,1.0,1.0,0.286,1.0,2.0,0.5,0.582,-0.082,Ziaire Williams,1610612751.0,BKN,F,23.0,1.0,1.0,0.286,1.0,2.0,0.5,0.541,-0.041,Ziaire Williams,1610612751.0,BKN,F,23.0,1.0,1.0,0.571,2.0,4.0,0.5,0.371,0.13,Ziaire Williams,1610612751.0,BKN,23.0,1.0,18.5,2.0,1.0,1.0,1.0,0.0,1.0,2.0,0.0,0.0,0.0,0.0,0.0,0.0,1.0,1.0,1.0,0.0,0.0,1.0,1.0,0.0,Ziaire Williams,1610612751,BKN,1,1,0,18.5,27.0,0.0,0.0,0.0,0.0,0.0,0.0,0.0,0.0,0.0,0.0,0.0,0.0,0.0,0.0,0.0,0.0,0.0,Ziaire Williams,1610612751,BKN,1,1,0,18.52,18.52,8093.0,1.53,0.8,0.74,4.47,4.48,4.47,2024_25
