PLAYER_ID,PLAYER_NAME,NICKNAME,TEAM_ID,TEAM_ABBREVIATION,AGE,GP,W,L,W_PCT,MIN,FGM,FGA,FG_PCT,FG3M,FG3A,FG3_PCT,FTM,FTA,FT_PCT,OREB,DREB,REB,AST,TOV,STL,BLK,BLKA,PF,PFD,PTS,PLUS_MINUS,NBA_FANTASY_PTS,DD2,TD3,WNBA_FANTASY_PTS,GP_RANK,W_RANK,L_RANK,W_PCT_RANK,MIN_RANK,FGM_RANK,FGA_RANK,FG_PCT_RANK,FG3M_RANK,FG3A_RANK,FG3_PCT_RANK,FTM_RANK,FTA_RANK,FT_PCT_RANK,OREB_RANK,DREB_RANK,REB_RANK,AST_RANK,TOV_RANK,STL_RANK,BLK_RANK,BLKA_RANK,PF_RANK,PFD_RANK,PTS_RANK,PLUS_MINUS_RANK,NBA_FANTASY_PTS_RANK,DD2_RANK,TD3_RANK,WNBA_FANTASY_PTS_RANK,team_poss,EFG_PCT_RANK,OREB_PCT,sp_work_DEF_RATING,AST_TO,NET_RATING,AST_TO_RANK,sp_work_OFF_RATING_RANK,DREB_PCT_RANK,OFF_RATING_RANK,E_DEF_RATING_RANK,AST_PCT_RANK,EFG_PCT,REB_PCT,E_NET_RATING,DREB_PCT,E_OFF_RATING_RANK,OFF_RATING,FGA_PG_RANK,PACE,AST_PCT,PIE,FGA_PG,TM_TOV_PCT_RANK,AST_RATIO,PACE_PER40,TM_TOV_PCT,DEF_RATING_RANK,E_TOV_PCT,PIE_RANK,E_USG_PCT_RANK,E_PACE_RANK,E_OFF_RATING,PACE_RANK,AST_RATIO_RANK,E_PACE,USG_PCT,NET_RATING_RANK,DEF_RATING,E_DEF_RATING,sp_work_NET_RATING,sp_work_PACE,sp_work_NET_RATING_RANK,sp_work_PACE_RANK,POSS,USG_PCT_RANK,E_TOV_PCT_RANK,sp_work_OFF_RATING,FGM_PG,E_USG_PCT,REB_PCT_RANK,OREB_PCT_RANK,TS_PCT_RANK,FGM_PG_RANK,sp_work_DEF_RATING_RANK,E_NET_RATING_RANK,TS_PCT,PASSES_RECEIVED,FT_AST,POTENTIAL_AST,AST_TO_PASS_PCT,AST_ADJ,AST_TO_PASS_PCT_ADJ,SECONDARY_AST,AST_PTS_CREATED,PASSES_MADE,DRIVE_TOV_PCT,DRIVE_FGM,DRIVES,DRIVE_PTS,DRIVE_PASSES_PCT,DRIVE_FG_PCT,DRIVE_PF,DRIVE_PTS_PCT,DRIVE_FGA,DRIVE_AST_PCT,DRIVE_FTM,DRIVE_PASSES,DRIVE_TOV,DRIVE_PF_PCT,DRIVE_FTA,DRIVE_FT_PCT,DRIVE_AST,AVG_DRIB_PER_TOUCH,PTS_PER_ELBOW_TOUCH,AVG_SEC_PER_TOUCH,TIME_OF_POSS,TOUCHES,POINTS,PAINT_TOUCHES,PTS_PER_PAINT_TOUCH,PTS_PER_POST_TOUCH,PTS_PER_TOUCH,POST_TOUCHES,FRONT_CT_TOUCHES,ELBOW_TOUCHES,AVG_OREB_DIST,REB_CHANCE_DEFER,AVG_REB_DIST,OREB_CHANCE_PCT,REB_CONTEST,DREB_CHANCE_PCT,REB_CONTEST_PCT,REB_CHANCES,OREB_CONTEST_PCT,REB_CHANCE_PCT_ADJ,REB_CHANCE_PCT,OREB_CHANCE_DEFER,DREB_CHANCE_DEFER,REB_UNCONTEST,OREB_CHANCE_PCT_ADJ,OREB_CHANCES,DREB_CONTEST_PCT,DREB_CONTEST,OREB_CONTEST,DREB_CHANCE_PCT_ADJ,AVG_DREB_DIST,DREB_CHANCES,DREB_UNCONTEST,OREB_UNCONTEST,very_tight_FG2_PCT,very_tight_FG2A,PLAYER_LAST_TEAM_ABBREVIATION,very_tight_EFG_PCT,very_tight_FG3A_FREQUENCY,very_tight_FG3A,very_tight_FG2A_FREQUENCY,very_tight_FG3M,very_tight_FGA_FREQUENCY,PLAYER_LAST_TEAM_ID,very_tight_FGA,very_tight_FG_PCT,G,very_tight_FG2M,very_tight_FG3_PCT,very_tight_FGM,tight_FG2M,tight_FGA_FREQUENCY,tight_FG3M,tight_FG3A,tight_EFG_PCT,tight_FG_PCT,tight_FG2A_FREQUENCY,tight_FGA,tight_FG3_PCT,tight_FGM,tight_FG3A_FREQUENCY,tight_FG2_PCT,tight_FG2A,open_EFG_PCT,open_FG3_PCT,open_FGM,open_FG_PCT,open_FG3A,open_FG3A_FREQUENCY,open_FGA,open_FGA_FREQUENCY,open_FG2A,open_FG3M,open_FG2A_FREQUENCY,open_FG2M,open_FG2_PCT,wide_open_FG3_PCT,wide_open_FGA_FREQUENCY,wide_open_FG2M,wide_open_FGM,wide_open_FG3M,wide_open_FG_PCT,wide_open_FG3A_FREQUENCY,wide_open_FG2_PCT,wide_open_EFG_PCT,wide_open_FG2A_FREQUENCY,wide_open_FG2A,wide_open_FG3A,wide_open_FGA,PULL_UP_FGM,PULL_UP_FG3_PCT,PULL_UP_FG3M,PULL_UP_EFG_PCT,PULL_UP_FGA,PULL_UP_FG3A,PULL_UP_PTS,PULL_UP_FG_PCT,PAINT_TOUCH_FG_PCT,POST_TOUCH_FG_PCT,ELBOW_TOUCH_PTS,ELBOW_TOUCH_FG_PCT,POST_TOUCH_PTS,CATCH_SHOOT_FG_PCT,EFF_FG_PCT,PAINT_TOUCH_PTS,CATCH_SHOOT_PTS,RA_FGA,CORNER_3_FG_PCT,BACKCOURT_FGA,ITP_FG_PCT,MID_FG_PCT,RIGHT_CORNER_3_FG_PCT,BACKCOURT_FGM,CORNER_3_FGM,MID_FGM,ABOVE_BREAK_3_FGM,ABOVE_BREAK_3_FGA,ITP_FGM,RIGHT_CORNER_3_FGM,LEFT_CORNER_3_FG_PCT,ABOVE_BREAK_3_FG_PCT,ITP_FGA,MID_FGA,CORNER_3_FGA,RA_FG_PCT,LEFT_CORNER_3_FGA,LEFT_CORNER_3_FGM,BACKCOURT_FG_PCT,RA_FGM,RIGHT_CORNER_3_FGA,FREQ,NS_LT_06_PCT,FGM_LT_06,FGA_LT_06,PLUSMINUS,LT_06_PCT,PLAYER_POSITION,FGM_30_34,FGA_20_24,FGM_5_9,FGP_15_19,FGP_5_9,TEAM_ABBR,FGA_10_14,FGA_30_34,FGM_20_24,FGP_30_34,FGP_40_PLUS,FGA_40_PLUS,FGP_25_29,FGM_15_19,FGA_LT_5,FGA_25_29,FGM_40_PLUS,FGP_35_39,FGM_LT_5,FGP_10_14,FGA_15_19,FGP_20_24,FGM_35_39,FGM_10_14,FGM_25_29,FGP_LT_5,FGA_35_39,FGA_5_9,CATCH_SHOOT_FGA,CATCH_SHOOT_FG3M,CATCH_SHOOT_EFG_PCT,CATCH_SHOOT_FG3_PCT,CATCH_SHOOT_FGM,CATCH_SHOOT_FG3A,year,date,playoffs,GAME_ID,index,HTM,VTM,overall_def_PLAYER_NAME,overall_def_PLAYER_LAST_TEAM_ID,overall_def_PLAYER_LAST_TEAM_ABBREVIATION,overall_def_PLAYER_POSITION,overall_def_AGE,overall_def_GP,overall_def_G,overall_def_FREQ,overall_def_D_FGM,overall_def_D_FGA,overall_def_D_FG_PCT,overall_def_NORMAL_FG_PCT,overall_def_PCT_PLUSMINUS,three_pt_def_PLAYER_NAME,three_pt_def_PLAYER_LAST_TEAM_ID,three_pt_def_PLAYER_LAST_TEAM_ABBREVIATION,three_pt_def_PLAYER_POSITION,three_pt_def_AGE,three_pt_def_GP,three_pt_def_G,three_pt_def_FREQ,three_pt_def_FG3M,three_pt_def_FG3A,three_pt_def_FG3_PCT,three_pt_def_NS_FG3_PCT,three_pt_def_PLUSMINUS,two_pt_def_PLAYER_NAME,two_pt_def_PLAYER_LAST_TEAM_ID,two_pt_def_PLAYER_LAST_TEAM_ABBREVIATION,two_pt_def_PLAYER_POSITION,two_pt_def_AGE,two_pt_def_GP,two_pt_def_G,two_pt_def_FREQ,two_pt_def_FG2M,two_pt_def_FG2A,two_pt_def_FG2_PCT,two_pt_def_NS_FG2_PCT,two_pt_def_PLUSMINUS,less_6ft_def_PLAYER_NAME,less_6ft_def_PLAYER_LAST_TEAM_ID,less_6ft_def_PLAYER_LAST_TEAM_ABBREVIATION,less_6ft_def_PLAYER_POSITION,less_6ft_def_AGE,less_6ft_def_GP,less_6ft_def_G,less_6ft_def_FREQ,less_6ft_def_FGM_LT_06,less_6ft_def_FGA_LT_06,less_6ft_def_LT_06_PCT,less_6ft_def_NS_LT_06_PCT,less_6ft_def_PLUSMINUS,less_10ft_def_PLAYER_NAME,less_10ft_def_PLAYER_LAST_TEAM_ID,less_10ft_def_PLAYER_LAST_TEAM_ABBREVIATION,less_10ft_def_PLAYER_POSITION,less_10ft_def_AGE,less_10ft_def_GP,less_10ft_def_G,less_10ft_def_FREQ,less_10ft_def_FGM_LT_10,less_10ft_def_FGA_LT_10,less_10ft_def_LT_10_PCT,less_10ft_def_NS_LT_10_PCT,less_10ft_def_PLUSMINUS,more_15ft_def_PLAYER_NAME,more_15ft_def_PLAYER_LAST_TEAM_ID,more_15ft_def_PLAYER_LAST_TEAM_ABBREVIATION,more_15ft_def_PLAYER_POSITION,more_15ft_def_AGE,more_15ft_def_GP,more_15ft_def_G,more_15ft_def_FREQ,more_15ft_def_FGM_GT_15,more_15ft_def_FGA_GT_15,more_15ft_def_GT_15_PCT,more_15ft_def_NS_GT_15_PCT,more_15ft_def_PLUSMINUS,hustle_PLAYER_NAME,hustle_TEAM_ID,hustle_TEAM_ABBREVIATION,hustle_AGE,hustle_G,hustle_MIN,hustle_CONTESTED_SHOTS,hustle_CONTESTED_SHOTS_2PT,hustle_CONTESTED_SHOTS_3PT,hustle_DEFLECTIONS,hustle_CHARGES_DRAWN,hustle_SCREEN_ASSISTS,hustle_SCREEN_AST_PTS,hustle_OFF_LOOSE_BALLS_RECOVERED,hustle_DEF_LOOSE_BALLS_RECOVERED,hustle_LOOSE_BALLS_RECOVERED,hustle_PCT_LOOSE_BALLS_RECOVERED_OFF,hustle_PCT_LOOSE_BALLS_RECOVERED_DEF,hustle_OFF_BOXOUTS,hustle_DEF_BOXOUTS,hustle_BOX_OUTS,hustle_BOX_OUT_PLAYER_TEAM_REBS,hustle_BOX_OUT_PLAYER_REBS,hustle_PCT_BOX_OUTS_OFF,hustle_PCT_BOX_OUTS_DEF,hustle_PCT_BOX_OUTS_TEAM_REB,hustle_PCT_BOX_OUTS_REB,post_touch_PLAYER_NAME,post_touch_TEAM_ID,post_touch_TEAM_ABBREVIATION,post_touch_GP,post_touch_W,post_touch_L,post_touch_MIN,post_touch_TOUCHES,post_touch_POST_TOUCHES,post_touch_POST_TOUCH_FGM,post_touch_POST_TOUCH_FGA,post_touch_POST_TOUCH_FG_PCT,post_touch_POST_TOUCH_FTM,post_touch_POST_TOUCH_FTA,post_touch_POST_TOUCH_FT_PCT,post_touch_POST_TOUCH_PTS,post_touch_POST_TOUCH_PTS_PCT,post_touch_POST_TOUCH_PASSES,post_touch_POST_TOUCH_PASSES_PCT,post_touch_POST_TOUCH_AST,post_touch_POST_TOUCH_AST_PCT,post_touch_POST_TOUCH_TOV,post_touch_POST_TOUCH_TOV_PCT,post_touch_POST_TOUCH_FOULS,post_touch_POST_TOUCH_FOULS_PCT,speed_distance_PLAYER_NAME,speed_distance_TEAM_ID,speed_distance_TEAM_ABBREVIATION,speed_distance_GP,speed_distance_W,speed_distance_L,speed_distance_MIN,speed_distance_MIN1,speed_distance_DIST_FEET,speed_distance_DIST_MILES,speed_distance_DIST_MILES_OFF,speed_distance_DIST_MILES_DEF,speed_distance_AVG_SPEED,speed_distance_AVG_SPEED_OFF,speed_distance_AVG_SPEED_DEF,season
1629599,Amir Coffey,Amir,1610612746.0,LAC,27.0,1,1,0,1.0,23.48333333333333,4,5,0.8,1,1,1.0,0,0,0.0,0,2,2,0,0,0,0,1,3,0,9,12,11.4,0,0,12.0,1,1,1,1,66,50,83,9,45,84,1,75,75,75,71,66,80,94,82,53,46,77,84,91,64,13,96,10,2,93,,14,0.0,114.6,0.0,25.0,68,14,69,14,36,94,0.9,0.054,25.9,0.105,14,139.6,83,98.11,0.0,0.067,5.0,1,0.0,81.76,0.0,33,0.0,82,109,78,140.4,77,94,97.87,0.091,11,114.6,114.5,25.0,98.11,11,77,48,108,1,139.6,4.0,0.095,87,71,14,50,33,14,0.9,9.0,0.0,0.0,0.0,0.0,0.0,0.0,0.0,9.0,0.0,2.0,3.0,4.0,0.0,0.667,0.0,1.333,3.0,0.0,0.0,0.0,0.0,0.0,0.0,0.0,0.0,2.14,0.0,2.73,0.6,14.0,9.0,0.0,0.0,0.0,0.643,0.0,8.0,0.0,0.0,0.0,4.2,0.0,1.0,1.0,0.5,4.0,0.0,0.5,0.5,0.0,0.0,1.0,0.0,2.0,0.5,1.0,0.0,1.0,4.2,2.0,1.0,0.0,,,,,,,,,,,,,,,,,1.0,0.4,0.0,0.0,0.5,0.5,0.4,2.0,,1.0,0.0,0.5,2.0,1.0,,1.0,1.0,0.0,0.0,1.0,0.2,1.0,0.0,0.2,1.0,1.0,1.0,0.4,1.0,2.0,1.0,1.0,0.2,1.0,1.25,0.2,1.0,1.0,2.0,1,,0.0,1.0,1,0.0,2,1.0,0.0,0.0,0.0,0.0,0.0,1.0,0.9,0.0,3.0,1.0,0.0,0.0,0.667,0.0,0.0,0.0,0.0,0.0,1.0,1.0,2.0,0.0,0.0,1.0,3.0,0.0,0.0,1.0,0.0,0.0,0.0,1.0,0.0,0.275,0.612,23.0,33.0,0.085,0.697,G-F,0.0,0.0,2.0,0.0,1.0,LAC,0.0,0.0,0.0,0.0,0.0,0.0,1.0,0.0,2.0,1.0,0.0,,1.0,0.0,0.0,0.0,,0.0,1.0,0.5,,2.0,1,1.0,1.5,1.0,1,1.0,2024,20240108,False,22300511,,,,Amir Coffey,1610612746.0,LAC,G-F,27.0,1.0,1.0,1.0,6.0,9.0,0.667,0.45,0.217,Amir Coffey,1610612746.0,LAC,G-F,27.0,1.0,1.0,0.444,3.0,4.0,0.75,0.348,0.403,Amir Coffey,1610612746.0,LAC,G-F,27.0,1.0,1.0,0.556,3.0,5.0,0.6,0.514,0.086,Amir Coffey,1610612746.0,LAC,G-F,27.0,1.0,1.0,0.222,1.0,2.0,0.5,0.591,-0.091,Amir Coffey,1610612746.0,LAC,G-F,27.0,1.0,1.0,0.333,2.0,3.0,0.667,0.525,0.141,Amir Coffey,1610612746.0,LAC,G-F,27.0,1.0,1.0,0.556,4.0,5.0,0.8,0.367,0.433,Amir Coffey,1610612746.0,LAC,27.0,1.0,23.5,3.0,2.0,1.0,0.0,0.0,0.0,0.0,0.0,0.0,0.0,0.0,0.0,0.0,1.0,1.0,1.0,0.0,0.0,1.0,1.0,0.0,Amir Coffey,1610612746,LAC,1,1,0,23.5,14.0,0.0,0.0,0.0,0.0,0.0,0.0,0.0,0.0,0.0,0.0,0.0,0.0,0.0,0.0,0.0,0.0,0.0,Amir Coffey,1610612746,LAC,1,1,0,23.48,23.48,8707.0,1.65,0.83,0.82,3.72,3.81,3.63,2023_24
203078,Bradley Beal,Bradley,1610612756.0,PHX,31.0,1,0,1,0.0,34.8,7,15,0.467,0,2,0.0,1,2,0.5,0,3,3,2,2,2,0,0,4,1,15,-7,25.6,0,0,24.0,1,62,62,62,18,26,18,71,86,68,86,62,50,59,71,43,63,54,21,7,46,1,104,67,39,99,50,10,2,55,,81,0.0,123.0,1.0,-6.3,48,73,61,73,73,74,0.467,0.051,-12.8,0.111,86,116.7,18,100.69,0.091,0.046,15.0,69,10.0,83.91,10.0,67,10.1,101,40,48,113.1,41,81,101.05,0.228,79,123.0,125.9,-6.3,100.69,79,41,72,40,72,116.7,7.0,0.229,90,71,96,26,67,91,0.472,49.0,0.0,4.0,0.038,3.0,0.058,1.0,5.0,52.0,0.071,3.0,14.0,6.0,0.286,0.333,0.0,0.429,9.0,0.0,0.0,4.0,1.0,0.0,0.0,0.0,0.0,3.0,0.0,3.27,3.9,71.0,15.0,0.0,0.0,0.0,0.211,0.0,26.0,0.0,0.0,0.0,8.2,0.0,0.0,0.375,0.0,8.0,0.0,0.375,0.375,0.0,0.0,3.0,0.0,0.0,0.0,0.0,0.0,0.375,8.2,8.0,3.0,0.0,0.25,4.0,PHX,0.25,0.0,0.0,0.267,0.0,0.267,1610612756.0,4.0,0.25,1.0,1.0,,1.0,3.0,0.333,0.0,0.0,0.6,0.6,0.333,5.0,,3.0,0.0,0.6,5.0,0.333,0.0,1.0,0.333,2.0,0.133,3.0,0.2,1.0,0.0,0.067,1.0,1.0,,0.2,2.0,2.0,0.0,0.667,0.0,0.667,0.667,0.2,3.0,0.0,3.0,0,,0.0,0.0,2,0.0,0,0.0,0.0,0.0,0.0,0.0,0.0,0.0,0.467,0.0,0.0,6.0,0.0,0.0,0.0,0.5,0.0,0.0,0.0,1.0,0.0,2.0,0.0,0.0,0.0,0.0,5.0,2.0,0.0,1.0,0.0,0.0,0.0,6.0,0.0,0.285,0.623,31.0,49.0,0.01,0.633,G,0.0,0.0,1.0,0.0,0.5,PHX,2.0,0.0,0.0,0.0,0.0,0.0,0.0,0.0,9.0,2.0,0.0,,6.0,0.0,0.0,0.0,,0.0,0.0,0.667,,2.0,2,0.0,0.0,0.0,0,2.0,2024,20240108,False,22300511,,,,Bradley Beal,1610612756.0,PHX,G,31.0,1.0,1.0,1.0,8.0,17.0,0.471,0.493,-0.023,Bradley Beal,1610612756.0,PHX,G,31.0,1.0,1.0,0.412,2.0,7.0,0.286,0.406,-0.12,Bradley Beal,1610612756.0,PHX,G,31.0,1.0,1.0,0.588,6.0,10.0,0.6,0.553,0.047,Bradley Beal,1610612756.0,PHX,G,31.0,1.0,1.0,0.118,2.0,2.0,1.0,0.612,0.389,Bradley Beal,1610612756.0,PHX,G,31.0,1.0,1.0,0.235,3.0,4.0,0.75,0.608,0.142,Bradley Beal,1610612756.0,PHX,G,31.0,1.0,1.0,0.529,3.0,9.0,0.333,0.41,-0.077,Bradley Beal,1610612756.0,PHX,31.0,1.0,34.8,6.0,3.0,3.0,2.0,0.0,0.0,0.0,0.0,1.0,1.0,0.0,1.0,0.0,0.0,0.0,0.0,0.0,0.0,0.0,0.0,0.0,Bradley Beal,1610612756,PHX,1,0,1,34.8,71.0,0.0,0.0,0.0,0.0,0.0,0.0,0.0,0.0,0.0,0.0,0.0,0.0,0.0,0.0,0.0,0.0,0.0,Bradley Beal,1610612756,PHX,1,0,1,34.8,34.8,13523.0,2.56,1.39,1.18,4.14,4.58,3.74,2023_24
1630527,Brandon Boston Jr.,Brandon,1610612746.0,LAC,22.0,1,1,0,1.0,4.633333333333334,2,2,1.0,1,1,1.0,0,0,0.0,0,0,0,0,1,0,0,0,2,0,5,2,4.0,0,0,6.0,1,1,1,1,117,77,104,1,45,84,1,75,75,75,71,100,109,94,39,53,46,1,55,91,91,41,112,10,2,109,,3,0.0,122.2,0.0,7.8,68,37,100,37,78,94,1.25,0.0,37.7,0.0,2,130.0,104,98.42,0.0,0.091,2.0,120,0.0,82.01,33.3,59,33.3,67,3,118,165.0,71,94,85.57,0.273,35,122.2,127.3,7.8,98.42,35,71,10,16,121,130.0,2.0,0.338,109,71,3,77,59,4,1.25,7.0,0.0,0.0,0.0,0.0,0.0,0.0,0.0,5.0,1.0,0.0,1.0,0.0,0.0,0.0,0.0,0.0,0.0,0.0,0.0,0.0,1.0,0.0,0.0,0.0,0.0,1.78,0.0,2.19,0.3,9.0,5.0,0.0,0.0,0.0,0.556,0.0,8.0,0.0,,,,,,,,,,,,,,,,,,,,,,,,,,,,,,,,,,,,,,,,,1.0,0.5,0.0,0.0,1.0,1.0,0.5,1.0,,1.0,0.0,1.0,1.0,1.5,1.0,1.0,1.0,1.0,0.5,1.0,0.5,0.0,1.0,0.0,0.0,,,,,,,,,,,,,,,1,1.0,1.0,1.5,1,1.0,3,1.0,0.0,0.0,0.0,0.0,0.0,0.0,1.25,0.0,0.0,0.0,0.0,,1.0,0.0,0.0,,0.0,0.0,1.0,1.0,1.0,0.0,,1.0,1.0,0.0,0.0,0.0,,,,0.0,0.0,0.4,0.652,9.0,10.0,0.248,0.9,G,,0.0,1.0,0.0,1.0,LAC,0.0,,0.0,,,,1.0,0.0,0.0,1.0,,,0.0,0.0,0.0,0.0,,0.0,1.0,0.0,,1.0,0,0.0,,,0,0.0,2024,20240108,False,22300511,,,,,,,,,,,,,,,,,,,,,,,,,,,,,,,,,,,,,,,,,,,,,,,,,,,,,,,,,,,,,,,,,,,,,,,,,,,,,,,,,,Brandon Boston,1610612746.0,LAC,22.0,1.0,4.6,0.0,0.0,0.0,0.0,0.0,0.0,0.0,0.0,0.0,0.0,0.0,0.0,0.0,1.0,1.0,1.0,0.0,0.0,1.0,1.0,0.0,Brandon Boston,1610612746,LAC,1,1,0,4.6,9.0,0.0,0.0,0.0,0.0,0.0,0.0,0.0,0.0,0.0,0.0,0.0,0.0,0.0,0.0,0.0,0.0,0.0,Brandon Boston,1610612746,LAC,1,1,0,4.63,4.63,1775.0,0.34,0.2,0.14,3.55,4.49,2.52,2023_24
1628464,Daniel Theis,Daniel,1610612746.0,LAC,32.0,1,1,0,1.0,14.083333333333334,3,6,0.5,0,1,0.0,0,0,0.0,2,1,3,3,1,1,1,1,3,0,6,15,19.1,0,0,16.0,1,1,1,1,103,64,68,55,86,84,86,75,75,75,16,86,63,35,39,21,23,77,84,91,84,8,74,10,2,79,,65,0.2,93.1,3.0,51.7,16,8,88,8,3,31,0.5,0.125,47.6,0.071,17,144.8,68,98.84,0.214,0.101,6.0,69,30.0,82.37,10.0,4,10.0,55,55,40,139.1,69,17,101.77,0.212,2,93.1,91.5,51.7,98.84,2,69,29,50,69,144.8,3.0,0.211,28,4,91,64,4,2,0.5,12.0,0.0,3.0,0.176,3.0,0.176,0.0,7.0,17.0,0.0,0.0,0.0,0.0,0.0,0.0,0.0,0.0,0.0,0.0,0.0,0.0,0.0,0.0,0.0,0.0,0.0,0.26,0.0,1.23,0.5,23.0,6.0,7.0,0.857,0.0,0.261,0.0,12.0,3.0,10.7,0.0,9.2,0.5,1.0,0.25,0.333,8.0,0.5,0.375,0.375,0.0,0.0,2.0,0.5,4.0,0.0,0.0,1.0,0.25,6.2,4.0,1.0,1.0,0.333,3.0,LAC,0.333,0.0,0.0,0.5,0.0,0.5,1610612746.0,3.0,0.333,1.0,1.0,,1.0,,,,,,,,,,,,,,,,,,,,,,,,,,,0.0,0.5,2.0,2.0,0.0,0.667,0.167,1.0,0.667,0.333,2.0,1.0,3.0,0,,0.0,,0,0.0,0,,0.6,0.0,0.0,0.0,0.0,0.0,0.5,6.0,0.0,3.0,0.0,0.0,0.0,0.0,0.0,0.0,0.0,0.0,0.0,1.0,0.0,0.0,0.0,0.0,2.0,0.0,0.0,1.0,0.0,0.0,0.0,3.0,0.0,0.424,0.626,62.0,112.0,-0.072,0.554,F-C,0.0,0.0,0.0,0.0,0.0,LAC,0.0,0.0,0.0,0.0,0.0,0.0,0.0,0.0,4.0,1.0,0.0,,3.0,0.0,0.0,0.0,,0.0,0.0,0.75,,1.0,1,0.0,0.0,0.0,0,1.0,2024,20240108,False,22300511,,,,Daniel Theis,1610612746.0,LAC,F-C,32.0,1.0,1.0,1.0,3.0,7.0,0.429,0.48,-0.052,Daniel Theis,1610612746.0,LAC,F-C,32.0,1.0,1.0,0.286,1.0,2.0,0.5,0.396,0.104,Daniel Theis,1610612746.0,LAC,F-C,32.0,1.0,1.0,0.714,2.0,5.0,0.4,0.524,-0.124,Daniel Theis,1610612746.0,LAC,F-C,32.0,1.0,1.0,0.286,1.0,2.0,0.5,0.695,-0.195,Daniel Theis,1610612746.0,LAC,F-C,32.0,1.0,1.0,0.286,1.0,2.0,0.5,0.654,-0.154,Daniel Theis,1610612746.0,LAC,F-C,32.0,1.0,1.0,0.429,1.0,3.0,0.333,0.385,-0.052,Daniel Theis,1610612746.0,LAC,32.0,1.0,14.1,6.0,5.0,1.0,2.0,0.0,1.0,2.0,0.0,0.0,0.0,0.0,0.0,0.0,1.0,1.0,1.0,1.0,0.0,1.0,1.0,1.0,Daniel Theis,1610612746,LAC,1,1,0,14.1,23.0,0.0,0.0,0.0,0.0,0.0,0.0,0.0,0.0,0.0,0.0,0.0,0.0,0.0,0.0,0.0,0.0,0.0,Daniel Theis,1610612746,LAC,1,1,0,14.08,14.08,5579.0,1.06,0.59,0.47,4.31,4.82,3.83,2023_24
1626164,Devin Booker,Devin,1610612756.0,PHX,27.0,1,0,1,0.0,34.0,8,14,0.571,2,6,0.333,2,2,1.0,0,0,0,5,6,0,0,0,4,2,20,-31,21.5,0,0,27.0,1,62,62,62,22,19,25,41,32,20,59,45,50,1,71,100,109,21,1,53,46,1,104,40,24,125,64,10,2,45,,48,0.0,147.2,0.83,-40.1,57,104,100,104,115,24,0.643,0.0,-43.9,0.0,112,107.1,25,100.24,0.263,0.051,14.0,117,19.2,83.53,23.1,118,23.2,93,18,37,103.5,49,59,101.93,0.284,122,147.2,147.4,-40.1,100.24,122,49,70,11,117,107.1,8.0,0.284,109,71,49,19,118,118,0.672,64.0,1.0,10.0,0.109,8.0,0.174,2.0,15.0,46.0,0.077,4.0,13.0,10.0,0.538,1.0,1.0,0.769,4.0,0.154,2.0,7.0,1.0,0.077,2.0,1.0,2.0,4.43,0.0,4.97,5.6,68.0,20.0,1.0,0.0,0.0,0.294,0.0,30.0,0.0,,,,,,,,,,,,,,,,,,,,,,,,,1.0,1.0,PHX,1.0,0.0,0.0,0.071,0.0,0.071,1610612756.0,1.0,1.0,1.0,1.0,,1.0,4.0,0.429,0.0,1.0,0.667,0.667,0.357,6.0,0.0,4.0,0.071,0.8,5.0,0.6,0.5,2.0,0.4,4.0,0.286,5.0,0.357,1.0,2.0,0.071,0.0,0.0,0.0,0.143,1.0,1.0,0.0,0.5,0.071,1.0,0.5,0.071,1.0,1.0,2.0,6,0.2,1.0,0.542,12,5.0,13,0.5,0.0,0.0,0.0,0.0,0.0,1.0,0.643,0.0,3.0,0.0,0.0,,0.667,0.8,0.0,,0.0,4.0,2.0,6.0,2.0,0.0,0.0,0.333,3.0,5.0,0.0,0.0,0.0,0.0,,0.0,0.0,0.315,0.629,75.0,112.0,0.04,0.67,G,0.0,0.0,2.0,1.0,1.0,PHX,4.0,0.0,0.0,0.0,,,0.333,2.0,0.0,6.0,,,0.0,0.5,2.0,0.0,,2.0,2.0,0.0,,2.0,1,1.0,1.5,1.0,1,1.0,2024,20240108,False,22300511,,,,Devin Booker,1610612756.0,PHX,G,27.0,1.0,1.0,1.0,11.0,15.0,0.733,0.508,0.226,Devin Booker,1610612756.0,PHX,G,27.0,1.0,1.0,0.2,2.0,3.0,0.667,0.419,0.248,Devin Booker,1610612756.0,PHX,G,27.0,1.0,1.0,0.8,9.0,12.0,0.75,0.563,0.187,Devin Booker,1610612756.0,PHX,G,27.0,1.0,1.0,0.4,6.0,6.0,1.0,0.665,0.335,Devin Booker,1610612756.0,PHX,G,27.0,1.0,1.0,0.6,7.0,9.0,0.778,0.637,0.141,Devin Booker,1610612756.0,PHX,G,27.0,1.0,1.0,0.2,2.0,3.0,0.667,0.426,0.24,Devin Booker,1610612756.0,PHX,27.0,1.0,34.0,5.0,3.0,2.0,1.0,0.0,0.0,0.0,0.0,0.0,0.0,0.0,0.0,0.0,0.0,0.0,0.0,0.0,0.0,0.0,0.0,0.0,Devin Booker,1610612756,PHX,1,0,1,34.0,68.0,0.0,0.0,0.0,0.0,0.0,0.0,0.0,0.0,0.0,0.0,0.0,0.0,0.0,0.0,0.0,0.0,0.0,Devin Booker,1610612756,PHX,1,0,1,34.0,34.0,12884.0,2.44,1.27,1.17,3.94,4.62,3.66,2023_24
1629234,Drew Eubanks,Drew,1610612756.0,PHX,27.0,1,0,1,0.0,16.366666666666667,0,1,0.0,0,0,0.0,0,0,0.0,2,2,4,0,0,0,2,1,2,0,0,-5,10.8,0,0,8.0,1,62,62,62,91,114,112,114,86,102,86,75,75,75,16,66,46,94,82,53,5,77,55,91,119,90,98,10,2,103,,114,0.143,131.3,0.0,-15.6,68,78,44,78,95,94,0.0,0.143,-15.9,0.143,77,115.6,112,93.85,0.0,0.017,1.0,1,0.0,78.21,0.0,93,0.0,108,121,101,115.0,109,94,94.2,0.026,96,131.3,130.9,-15.6,93.85,96,109,32,121,1,115.6,0.0,0.028,22,10,119,114,93,96,0.0,5.0,0.0,1.0,0.0,0.0,0.0,0.0,0.0,12.0,0.0,0.0,0.0,0.0,0.0,0.0,0.0,0.0,0.0,0.0,0.0,0.0,0.0,0.0,0.0,0.0,0.0,0.15,0.0,1.4,0.3,13.0,0.0,2.0,0.0,0.0,0.0,0.0,6.0,0.0,2.0,0.0,3.7,0.4,2.0,0.667,0.5,7.0,1.0,0.571,0.571,0.0,0.0,2.0,0.4,5.0,0.0,0.0,2.0,0.667,5.4,3.0,2.0,0.0,,,,,,,,,,,,,,,,,0.0,1.0,0.0,0.0,0.0,0.0,1.0,1.0,,0.0,0.0,0.0,1.0,,,,,,,,,,,,,,,,,,,,,,,,,,,0,,,,0,,0,,0.0,0.0,0.0,0.0,0.0,0.0,0.0,0.0,0.0,0.0,0.0,0.0,0.0,0.0,0.0,0.0,0.0,0.0,0.0,0.0,0.0,0.0,0.0,0.0,1.0,0.0,0.0,0.0,0.0,0.0,0.0,0.0,0.0,0.411,0.636,63.0,118.0,-0.102,0.534,F-C,,0.0,0.0,0.0,0.0,PHX,0.0,,0.0,,0.0,0.0,0.0,0.0,0.0,0.0,0.0,,0.0,0.0,0.0,0.0,,0.0,0.0,0.0,,1.0,0,,,,0,,2024,20240108,False,22300511,,,,Drew Eubanks,1610612756.0,PHX,F-C,27.0,1.0,1.0,1.0,3.0,9.0,0.333,0.484,-0.151,Drew Eubanks,1610612756.0,PHX,F-C,27.0,1.0,1.0,0.444,1.0,4.0,0.25,0.367,-0.117,Drew Eubanks,1610612756.0,PHX,F-C,27.0,1.0,1.0,0.556,2.0,5.0,0.4,0.533,-0.133,Drew Eubanks,1610612756.0,PHX,F-C,27.0,1.0,1.0,0.333,1.0,3.0,0.333,0.605,-0.272,Drew Eubanks,1610612756.0,PHX,F-C,27.0,1.0,1.0,0.556,2.0,5.0,0.4,0.562,-0.162,Drew Eubanks,1610612756.0,PHX,F-C,27.0,1.0,1.0,0.444,1.0,4.0,0.25,0.359,-0.109,Drew Eubanks,1610612756.0,PHX,27.0,1.0,16.4,7.0,5.0,2.0,1.0,0.0,3.0,7.0,0.0,0.0,0.0,0.0,0.0,0.0,1.0,1.0,0.0,0.0,0.0,1.0,0.0,0.0,Drew Eubanks,1610612756,PHX,1,0,1,16.4,13.0,0.0,0.0,0.0,0.0,0.0,0.0,0.0,0.0,0.0,0.0,0.0,0.0,0.0,0.0,0.0,0.0,0.0,Drew Eubanks,1610612756,PHX,1,0,1,16.37,16.37,6598.0,1.25,0.71,0.54,4.02,4.53,3.48,2023_24
201569,Eric Gordon,Eric,1610612756.0,PHX,35.0,1,0,1,0.0,24.6,3,8,0.375,2,7,0.286,4,4,1.0,0,1,1,2,1,0,0,0,1,2,12,-17,15.2,0,0,17.0,1,62,62,62,60,64,53,84,32,14,71,17,23,1,71,86,98,54,39,53,46,1,15,40,54,122,86,10,2,73,,65,0.0,149.0,2.0,-28.6,31,65,95,65,120,66,0.5,0.027,-33.9,0.053,68,120.4,53,97.56,0.118,0.065,8.0,64,15.4,81.3,7.7,120,7.8,83,60,89,119.0,84,69,96.9,0.204,112,149.0,152.9,-28.6,97.56,112,84,49,54,64,120.4,3.0,0.205,107,71,63,64,120,116,0.615,23.0,0.0,3.0,0.111,3.0,0.167,1.0,5.0,18.0,0.0,1.0,6.0,6.0,0.5,1.0,2.0,1.0,1.0,0.167,4.0,3.0,0.0,0.333,4.0,1.0,1.0,1.79,0.0,2.16,1.0,28.0,12.0,0.0,0.0,0.0,0.429,0.0,18.0,0.0,0.0,0.0,10.3,0.0,0.0,1.0,0.0,1.0,0.0,1.0,1.0,0.0,0.0,1.0,0.0,0.0,0.0,0.0,0.0,1.0,10.3,1.0,1.0,0.0,,,,,,,,,,,,,,,,,1.0,0.25,0.0,1.0,0.5,0.5,0.125,2.0,0.0,1.0,0.125,1.0,1.0,0.75,0.5,2.0,0.5,4.0,0.5,4.0,0.5,0.0,2.0,0.0,0.0,,0.0,0.25,0.0,0.0,0.0,0.0,0.25,,0.0,0.0,0.0,2.0,2.0,0,0.0,0.0,0.0,1,1.0,0,0.0,0.0,0.0,0.0,0.0,0.0,0.333,0.5,0.0,6.0,0.0,0.0,0.0,1.0,0.0,0.0,0.0,0.0,0.0,2.0,6.0,1.0,0.0,0.0,0.333,1.0,0.0,1.0,0.0,0.0,0.0,0.0,0.0,1.0,0.356,0.629,66.0,95.0,0.066,0.695,G,,1.0,1.0,0.0,1.0,PHX,0.0,,0.0,,0.0,0.0,0.333,0.0,0.0,6.0,0.0,,0.0,0.0,0.0,0.0,,0.0,2.0,0.0,,1.0,6,2.0,0.5,0.333,2,6.0,2024,20240108,False,22300511,,,,Eric Gordon,1610612756.0,PHX,G,35.0,1.0,1.0,1.0,2.0,6.0,0.333,0.499,-0.166,Eric Gordon,1610612756.0,PHX,G,35.0,1.0,1.0,0.333,1.0,2.0,0.5,0.314,0.187,Eric Gordon,1610612756.0,PHX,G,35.0,1.0,1.0,0.667,1.0,4.0,0.25,0.561,-0.311,Eric Gordon,1610612756.0,PHX,G,35.0,1.0,1.0,0.167,1.0,1.0,1.0,0.622,0.378,Eric Gordon,1610612756.0,PHX,G,35.0,1.0,1.0,0.167,1.0,1.0,1.0,0.602,0.398,Eric Gordon,1610612756.0,PHX,G,35.0,1.0,1.0,0.667,1.0,4.0,0.25,0.362,-0.112,Eric Gordon,1610612756.0,PHX,35.0,1.0,24.6,1.0,1.0,0.0,0.0,0.0,2.0,4.0,1.0,1.0,2.0,0.5,0.5,0.0,0.0,0.0,0.0,0.0,0.0,0.0,0.0,0.0,Eric Gordon,1610612756,PHX,1,0,1,24.6,28.0,0.0,0.0,0.0,0.0,0.0,0.0,0.0,0.0,0.0,0.0,0.0,0.0,0.0,0.0,0.0,0.0,0.0,Eric Gordon,1610612756,PHX,1,0,1,24.6,24.6,8407.0,1.59,0.88,0.71,3.62,4.1,3.14,2023_24
1628960,Grayson Allen,Grayson,1610612756.0,PHX,28.0,1,0,1,0.0,30.85333333333333,1,3,0.333,1,3,0.333,5,5,1.0,0,3,3,2,1,0,0,0,1,2,8,-22,13.6,0,0,14.0,1,62,62,62,40,97,97,90,45,51,59,9,17,1,71,43,63,54,39,53,46,1,15,40,72,124,90,10,2,85,,65,0.0,140.0,2.0,-32.2,31,103,52,103,110,78,0.5,0.06,-33.0,0.13,108,107.8,97,100.35,0.08,0.056,3.0,87,25.0,83.62,12.5,110,12.2,89,110,49,106.6,48,31,101.03,0.091,118,140.0,139.7,-32.2,100.35,118,48,64,108,88,107.8,1.0,0.094,81,71,28,97,110,115,0.769,25.0,0.0,2.0,0.059,2.0,0.059,0.0,5.0,34.0,0.333,0.0,3.0,2.0,0.333,0.0,1.0,0.667,0.0,0.0,2.0,1.0,1.0,0.333,2.0,1.0,0.0,1.15,0.0,2.0,1.4,41.0,8.0,0.0,0.0,0.0,0.195,0.0,14.0,0.0,0.0,0.0,11.1,0.0,1.0,0.6,0.333,5.0,0.0,0.6,0.6,0.0,0.0,2.0,0.0,0.0,0.333,1.0,0.0,0.6,11.1,5.0,2.0,0.0,,,,,,,,,,,,,,,,,,,,,,,,,,,,,,,,,,,,,,,,,,,0.333,1.0,0.0,1.0,1.0,0.333,1.0,,0.5,0.0,0.0,3.0,3.0,0,,0.0,,0,0.0,0,,0.0,0.0,0.0,0.0,0.0,0.333,0.5,0.0,3.0,0.0,0.5,0.0,0.0,0.0,0.0,0.0,1.0,0.0,0.0,1.0,0.0,0.0,1.0,0.0,0.0,0.0,2.0,0.0,1.0,1.0,0.0,0.0,1.0,0.348,0.626,108.0,161.0,0.045,0.671,G,0.0,2.0,0.0,0.0,0.0,PHX,0.0,0.0,1.0,0.0,0.0,0.0,0.0,0.0,0.0,1.0,0.0,,0.0,0.0,0.0,0.5,,0.0,0.0,0.0,,0.0,3,1.0,0.5,0.333,1,3.0,2024,20240108,False,22300511,,,,Grayson Allen,1610612756.0,PHX,G,28.0,1.0,1.0,1.0,9.0,15.0,0.6,0.488,0.112,Grayson Allen,1610612756.0,PHX,G,28.0,1.0,1.0,0.333,3.0,5.0,0.6,0.373,0.227,Grayson Allen,1610612756.0,PHX,G,28.0,1.0,1.0,0.667,6.0,10.0,0.6,0.538,0.062,Grayson Allen,1610612756.0,PHX,G,28.0,1.0,1.0,0.067,1.0,1.0,1.0,0.601,0.399,Grayson Allen,1610612756.0,PHX,G,28.0,1.0,1.0,0.2,1.0,3.0,0.333,0.594,-0.26,Grayson Allen,1610612756.0,PHX,G,28.0,1.0,1.0,0.533,5.0,8.0,0.625,0.391,0.234,Grayson Allen,1610612756.0,PHX,28.0,1.0,30.9,8.0,5.0,3.0,0.0,0.0,0.0,0.0,0.0,0.0,0.0,0.0,0.0,0.0,0.0,0.0,0.0,0.0,0.0,0.0,0.0,0.0,Grayson Allen,1610612756,PHX,1,0,1,30.9,41.0,0.0,0.0,0.0,0.0,0.0,0.0,0.0,0.0,0.0,0.0,0.0,0.0,0.0,0.0,0.0,0.0,0.0,Grayson Allen,1610612756,PHX,1,0,1,30.85,30.85,12333.0,2.34,1.19,1.15,4.22,4.82,3.72,2023_24
1627826,Ivica Zubac,Ivica,1610612746.0,LAC,27.0,1,1,0,1.0,27.66333333333333,8,9,0.889,0,0,0.0,3,6,0.5,2,6,8,3,0,1,1,0,3,3,19,14,39.1,0,0,34.0,1,1,1,1,49,19,50,6,86,102,86,25,12,59,16,12,10,35,82,21,23,1,84,22,25,9,21,10,2,28,,15,0.1,119.3,0.0,22.1,68,12,10,12,53,58,0.889,0.186,25.4,0.261,10,141.4,50,99.77,0.13,0.157,9.0,1,20.0,83.14,0.0,52,0.0,22,71,62,143.5,55,53,99.56,0.182,17,119.3,118.1,22.1,99.77,17,55,58,67,1,141.4,8.0,0.181,8,22,21,19,52,15,0.816,26.0,0.0,3.0,0.073,4.0,0.098,1.0,8.0,41.0,0.0,0.0,0.0,0.0,0.0,0.0,0.0,0.0,0.0,0.0,0.0,0.0,0.0,0.0,0.0,0.0,0.0,0.49,0.5,1.34,1.2,53.0,19.0,12.0,1.083,1.25,0.358,4.0,27.0,4.0,6.5,1.0,6.6,1.0,0.0,0.6,0.0,12.0,0.0,0.727,0.667,0.0,1.0,8.0,1.0,2.0,0.0,0.0,0.0,0.667,6.6,10.0,6.0,2.0,1.0,3.0,LAC,1.0,0.0,0.0,0.333,0.0,0.333,1610612746.0,3.0,1.0,1.0,3.0,,3.0,4.0,0.556,0.0,0.0,0.8,0.8,0.556,5.0,,4.0,0.0,0.8,5.0,1.0,,1.0,1.0,0.0,0.0,1.0,0.111,1.0,0.0,0.111,1.0,1.0,,,,,,,,,,,,,,0,,,,0,,0,,1.0,1.0,2.0,1.0,5.0,0.0,0.889,13.0,0.0,4.0,0.0,0.0,0.8,0.0,0.0,0.0,0.0,0.0,0.0,0.0,4.0,0.0,0.0,0.0,5.0,0.0,0.0,1.0,0.0,0.0,0.0,4.0,0.0,0.404,0.635,129.0,249.0,-0.117,0.518,C,0.0,0.0,1.0,0.0,0.5,LAC,0.0,0.0,0.0,0.0,0.0,0.0,0.0,0.0,7.0,0.0,0.0,,7.0,0.0,0.0,0.0,,0.0,0.0,1.0,,2.0,0,,,,0,,2024,20240108,False,22300511,,,,Ivica Zubac,1610612746.0,LAC,C,27.0,1.0,1.0,1.0,9.0,18.0,0.5,0.499,0.001,Ivica Zubac,1610612746.0,LAC,C,27.0,1.0,1.0,0.167,0.0,3.0,0.0,0.417,-0.417,Ivica Zubac,1610612746.0,LAC,C,27.0,1.0,1.0,0.833,9.0,15.0,0.6,0.551,0.049,Ivica Zubac,1610612746.0,LAC,C,27.0,1.0,1.0,0.5,5.0,9.0,0.556,0.58,-0.024,Ivica Zubac,1610612746.0,LAC,C,27.0,1.0,1.0,0.556,6.0,10.0,0.6,0.566,0.034,Ivica Zubac,1610612746.0,LAC,C,27.0,1.0,1.0,0.278,1.0,5.0,0.2,0.434,-0.234,Ivica Zubac,1610612746.0,LAC,27.0,1.0,27.7,8.0,7.0,1.0,0.0,0.0,5.0,12.0,0.0,1.0,1.0,0.0,1.0,2.0,0.0,2.0,2.0,2.0,1.0,0.0,1.0,1.0,Ivica Zubac,1610612746,LAC,1,1,0,27.7,53.0,4.0,2.0,2.0,1.0,1.0,2.0,0.5,5.0,1.25,1.0,0.25,0.0,0.0,0.0,0.0,1.0,0.25,Ivica Zubac,1610612746,LAC,1,1,0,27.67,27.67,10563.0,2.0,1.15,0.85,4.08,4.47,3.61,2023_24
201935,James Harden,James,1610612746.0,LAC,34.0,1,1,0,1.0,29.6,6,8,0.75,3,4,0.75,4,4,1.0,0,7,7,10,3,0,0,0,1,5,19,25,39.4,1,0,39.0,1,1,1,1,43,33,53,14,14,39,14,17,23,1,71,5,16,3,7,53,46,1,15,11,25,1,19,1,2,18,,12,0.0,103.3,3.33,39.3,15,10,17,10,8,10,0.938,0.143,37.7,0.226,15,142.6,53,98.11,0.357,0.217,8.0,93,45.5,81.76,13.6,10,13.2,4,66,55,139.4,78,6,99.99,0.176,3,103.3,101.8,39.3,98.11,3,78,61,70,93,142.6,6.0,0.189,22,71,12,33,10,7,0.973,58.0,1.0,17.0,0.192,12.0,0.231,1.0,24.0,52.0,0.0,3.0,12.0,9.0,0.583,0.75,1.0,0.75,4.0,0.167,2.0,7.0,0.0,0.083,2.0,1.0,2.0,5.38,0.0,5.98,6.9,69.0,19.0,0.0,0.0,0.0,0.275,0.0,18.0,1.0,0.0,1.0,8.5,0.0,0.0,0.875,0.0,8.0,0.0,1.0,0.875,0.0,1.0,6.0,0.0,0.0,0.0,0.0,0.0,1.0,8.5,8.0,6.0,0.0,1.0,1.0,LAC,1.0,0.0,0.0,0.125,0.0,0.125,1610612746.0,1.0,1.0,1.0,1.0,,1.0,0.0,0.25,1.0,1.0,0.75,0.5,0.125,2.0,1.0,1.0,0.125,0.0,1.0,0.667,0.0,2.0,0.667,1.0,0.125,3.0,0.375,2.0,0.0,0.25,2.0,1.0,1.0,0.25,0.0,2.0,2.0,1.0,0.25,,1.5,0.0,0.0,2.0,2.0,3,0.667,2.0,1.0,4,3.0,8,0.75,0.0,0.0,0.0,0.0,0.0,1.0,0.938,0.0,3.0,1.0,0.0,0.0,0.667,0.0,0.0,0.0,0.0,0.0,3.0,4.0,2.0,0.0,0.0,0.75,3.0,0.0,0.0,1.0,0.0,0.0,0.0,1.0,0.0,0.339,0.631,87.0,138.0,-0.001,0.63,G,0.0,0.0,1.0,0.0,0.5,LAC,1.0,1.0,0.0,0.0,0.0,0.0,1.0,0.0,1.0,3.0,0.0,,1.0,1.0,0.0,0.0,,1.0,3.0,1.0,,2.0,1,1.0,1.5,1.0,1,1.0,2024,20240108,False,22300511,,,,James Harden,1610612746.0,LAC,G,34.0,1.0,1.0,1.0,4.0,13.0,0.308,0.508,-0.2,James Harden,1610612746.0,LAC,G,34.0,1.0,1.0,0.308,0.0,4.0,0.0,0.392,-0.392,James Harden,1610612746.0,LAC,G,34.0,1.0,1.0,0.692,4.0,9.0,0.444,0.557,-0.112,James Harden,1610612746.0,LAC,G,34.0,1.0,1.0,0.308,3.0,4.0,0.75,0.648,0.103,James Harden,1610612746.0,LAC,G,34.0,1.0,1.0,0.462,3.0,6.0,0.5,0.632,-0.132,James Harden,1610612746.0,LAC,G,34.0,1.0,1.0,0.385,1.0,5.0,0.2,0.432,-0.232,James Harden,1610612746.0,LAC,34.0,1.0,29.6,3.0,1.0,2.0,1.0,0.0,0.0,0.0,0.0,0.0,0.0,0.0,0.0,0.0,1.0,1.0,1.0,0.0,0.0,1.0,1.0,0.0,James Harden,1610612746,LAC,1,1,0,29.6,69.0,0.0,0.0,0.0,0.0,0.0,0.0,0.0,0.0,0.0,0.0,0.0,0.0,0.0,0.0,0.0,0.0,0.0,James Harden,1610612746,LAC,1,1,0,29.6,29.6,9979.0,1.89,1.07,0.82,3.62,4.14,3.07,2023_24
1629006,Josh Okogie,Josh,1610612756.0,PHX,25.0,1,0,1,0.0,17.746666666666666,2,3,0.667,0,1,0.0,0,0,0.0,1,0,1,2,0,3,0,0,2,1,4,-12,17.2,0,0,13.0,1,62,62,62,85,77,97,22,86,84,86,75,75,75,35,100,98,54,82,2,46,1,55,67,100,115,78,10,2,88,,44,0.071,158.3,0.0,-33.3,68,50,100,50,119,51,0.667,0.04,-25.3,0.0,48,125.0,97,97.37,0.154,0.068,3.0,1,40.0,81.14,0.0,124,0.0,80,115,72,127.1,86,9,98.45,0.077,120,158.3,152.4,-33.3,97.37,120,86,36,113,1,125.0,2.0,0.078,98,34,50,77,124,110,0.667,7.0,0.0,2.0,0.182,2.0,0.182,0.0,5.0,11.0,0.0,0.0,0.0,0.0,0.0,0.0,0.0,0.0,0.0,0.0,0.0,0.0,0.0,0.0,0.0,0.0,0.0,0.8,0.0,1.45,0.4,15.0,4.0,1.0,2.0,0.0,0.267,0.0,6.0,0.0,3.5,0.0,3.5,1.0,0.0,0.0,0.0,1.0,0.0,1.0,1.0,0.0,0.0,1.0,1.0,1.0,0.0,0.0,0.0,0.0,0.0,0.0,0.0,1.0,,,,,,,,,,,,,,,,,1.0,0.333,0.0,0.0,1.0,1.0,0.333,1.0,,1.0,0.0,1.0,1.0,,,,,,,,,,,,,,0.0,0.667,1.0,1.0,0.0,0.5,0.333,1.0,0.5,0.333,1.0,1.0,2.0,0,,0.0,,0,0.0,0,,1.0,0.0,0.0,0.0,0.0,0.0,0.667,2.0,0.0,2.0,0.0,0.0,0.0,0.0,0.0,0.0,0.0,0.0,0.0,0.0,0.0,0.0,0.0,0.0,0.0,0.0,1.0,1.0,1.0,0.0,0.0,2.0,0.0,0.342,0.63,54.0,80.0,0.045,0.675,G,0.0,1.0,0.0,0.0,0.0,PHX,0.0,0.0,0.0,0.0,0.0,0.0,0.0,0.0,2.0,0.0,0.0,,2.0,0.0,0.0,0.0,,0.0,0.0,1.0,,0.0,1,0.0,0.0,0.0,0,1.0,2024,20240108,False,22300511,,,,Josh Okogie,1610612756.0,PHX,G,25.0,1.0,1.0,1.0,4.0,5.0,0.8,0.55,0.25,Josh Okogie,1610612756.0,PHX,G,25.0,1.0,1.0,0.2,0.0,1.0,0.0,0.41,-0.41,Josh Okogie,1610612756.0,PHX,G,25.0,1.0,1.0,0.8,4.0,4.0,1.0,0.608,0.392,Josh Okogie,1610612756.0,PHX,G,25.0,1.0,1.0,0.6,3.0,3.0,1.0,0.648,0.352,Josh Okogie,1610612756.0,PHX,G,25.0,1.0,1.0,0.6,3.0,3.0,1.0,0.636,0.364,Josh Okogie,1610612756.0,PHX,G,25.0,1.0,1.0,0.2,0.0,1.0,0.0,0.419,-0.419,Josh Okogie,1610612756.0,PHX,25.0,1.0,17.8,2.0,1.0,1.0,3.0,0.0,0.0,0.0,0.0,0.0,0.0,0.0,0.0,0.0,0.0,0.0,0.0,0.0,0.0,0.0,0.0,0.0,Josh Okogie,1610612756,PHX,1,0,1,17.8,15.0,0.0,0.0,0.0,0.0,0.0,0.0,0.0,0.0,0.0,0.0,0.0,0.0,0.0,0.0,0.0,0.0,0.0,Josh Okogie,1610612756,PHX,1,0,1,17.75,17.75,7554.0,1.43,0.73,0.7,4.34,4.32,4.37,2023_24
203994,Jusuf Nurkić,Jusuf,1610612756.0,PHX,29.0,1,0,1,0.0,21.366666666666667,3,8,0.375,1,2,0.5,1,2,0.5,1,2,3,2,0,1,0,1,1,2,8,-14,17.6,0,0,16.0,1,62,62,62,77,64,53,84,45,68,32,62,50,59,35,66,63,54,82,21,46,77,15,40,72,118,76,10,2,79,,84,0.048,140.0,0.0,-28.6,68,90,40,90,112,55,0.438,0.088,-30.8,0.154,93,111.4,53,99.97,0.143,0.057,8.0,1,18.2,83.31,0.0,110,0.0,88,65,58,110.7,50,62,99.74,0.196,113,140.0,141.5,-28.6,99.97,113,50,44,64,1,111.4,3.0,0.196,51,49,100,64,110,114,0.45,23.0,0.0,4.0,0.069,2.0,0.069,0.0,4.0,29.0,0.0,0.0,0.0,0.0,0.0,0.0,0.0,0.0,0.0,0.0,0.0,0.0,0.0,0.0,0.0,0.0,0.0,0.24,1.0,1.41,0.9,38.0,8.0,6.0,0.667,0.0,0.211,0.0,20.0,2.0,2.5,1.0,2.2,0.143,2.0,0.4,0.667,12.0,1.0,0.273,0.25,0.0,1.0,1.0,0.143,7.0,0.5,1.0,1.0,0.5,2.0,5.0,1.0,0.0,0.25,4.0,PHX,0.25,0.0,0.0,0.5,0.0,0.5,1610612756.0,4.0,0.25,1.0,1.0,,1.0,1.0,0.25,0.0,0.0,0.5,0.5,0.25,2.0,,1.0,0.0,0.5,2.0,,,,,,,,,,,,,,0.5,0.25,0.0,1.0,1.0,0.5,0.25,,0.75,0.0,0.0,2.0,2.0,0,,0.0,,0,0.0,0,,0.4,0.0,2.0,0.5,0.0,0.5,0.438,4.0,3.0,3.0,0.0,0.0,0.333,0.0,0.0,0.0,0.0,0.0,1.0,2.0,1.0,0.0,0.0,0.5,3.0,0.0,0.0,0.333,0.0,0.0,0.0,1.0,0.0,0.448,0.629,137.0,244.0,-0.067,0.561,C,0.0,0.0,0.0,0.0,0.0,PHX,0.0,0.0,0.0,0.0,0.0,0.0,0.5,0.0,5.0,2.0,0.0,,2.0,0.0,0.0,0.0,,0.0,1.0,0.4,,1.0,2,1.0,0.75,0.5,1,2.0,2024,20240108,False,22300511,,,,Jusuf Nurkić,1610612756.0,PHX,C,29.0,1.0,1.0,1.0,8.0,8.0,1.0,0.569,0.431,Jusuf Nurkić,1610612756.0,PHX,C,29.0,1.0,1.0,0.125,1.0,1.0,1.0,0.41,0.59,Jusuf Nurkić,1610612756.0,PHX,C,29.0,1.0,1.0,0.875,7.0,7.0,1.0,0.604,0.396,Jusuf Nurkić,1610612756.0,PHX,C,29.0,1.0,1.0,0.375,3.0,3.0,1.0,0.661,0.339,Jusuf Nurkić,1610612756.0,PHX,C,29.0,1.0,1.0,0.5,4.0,4.0,1.0,0.653,0.347,Jusuf Nurkić,1610612756.0,PHX,C,29.0,1.0,1.0,0.25,2.0,2.0,1.0,0.419,0.581,Jusuf Nurkić,1610612756.0,PHX,29.0,1.0,21.4,3.0,3.0,0.0,0.0,0.0,5.0,10.0,0.0,1.0,1.0,0.0,1.0,0.0,2.0,2.0,1.0,1.0,0.0,1.0,0.5,0.5,Jusuf Nurkić,1610612756,PHX,1,0,1,21.4,38.0,0.0,0.0,0.0,0.0,0.0,0.0,0.0,0.0,0.0,0.0,0.0,0.0,0.0,0.0,0.0,0.0,0.0,Jusuf Nurkić,1610612756,PHX,1,0,1,21.37,21.37,8175.0,1.55,0.8,0.75,4.02,4.69,3.45,2023_24
202695,Kawhi Leonard,Kawhi,1610612746.0,LAC,33.0,1,1,0,1.0,32.45,8,15,0.533,1,3,0.333,0,0,0.0,0,3,3,2,3,5,1,0,1,2,17,11,38.6,0,0,35.0,1,1,1,1,28,19,18,50,45,51,59,75,75,75,71,43,63,54,7,1,23,1,15,40,33,15,22,10,2,26,,63,0.0,115.2,0.67,14.7,58,40,66,40,35,81,0.567,0.056,14.8,0.107,35,129.9,18,98.37,0.071,0.11,15.0,102,10.0,81.97,15.0,34,15.0,49,39,68,129.1,74,81,99.02,0.231,25,115.2,114.3,14.7,98.37,25,74,67,38,102,129.9,8.0,0.236,85,71,73,19,34,29,0.567,33.0,0.0,3.0,0.065,2.0,0.065,0.0,4.0,31.0,0.2,3.0,10.0,6.0,0.3,0.6,0.0,0.6,5.0,0.1,0.0,3.0,2.0,0.0,0.0,0.0,1.0,2.73,0.0,3.43,2.9,51.0,17.0,2.0,2.0,0.0,0.333,1.0,33.0,3.0,0.0,1.0,6.9,0.0,1.0,1.0,0.333,6.0,0.0,0.6,0.5,1.0,0.0,2.0,0.0,4.0,0.333,1.0,0.0,1.0,6.9,3.0,2.0,0.0,0.5,2.0,LAC,0.5,0.0,0.0,0.133,0.0,0.133,1610612746.0,2.0,0.5,1.0,1.0,,1.0,6.0,0.667,0.0,0.0,0.6,0.6,0.667,10.0,,6.0,0.0,0.6,10.0,0.0,0.0,0.0,0.0,1.0,0.067,1.0,0.067,0.0,0.0,0.0,0.0,,0.5,0.133,0.0,1.0,1.0,0.5,0.133,,0.75,0.0,0.0,2.0,2.0,4,1.0,1.0,0.563,8,1.0,9,0.5,1.0,0.0,0.0,0.0,0.0,0.333,0.567,4.0,2.0,2.0,0.0,0.0,0.5,0.5,0.0,0.0,0.0,2.0,1.0,3.0,3.0,0.0,0.0,0.333,6.0,4.0,0.0,1.0,0.0,0.0,0.0,2.0,0.0,0.382,0.633,90.0,147.0,-0.021,0.612,F,0.0,0.0,3.0,0.0,0.6,LAC,3.0,0.0,0.0,0.0,0.0,0.0,0.333,0.0,3.0,3.0,0.0,,2.0,0.667,1.0,0.0,,2.0,1.0,0.667,,5.0,3,0.0,0.333,0.0,1,2.0,2024,20240108,False,22300511,,,,Kawhi Leonard,1610612746.0,LAC,F,33.0,1.0,1.0,1.0,5.0,8.0,0.625,0.526,0.1,Kawhi Leonard,1610612746.0,LAC,F,33.0,1.0,1.0,0.375,2.0,3.0,0.667,0.396,0.27,Kawhi Leonard,1610612746.0,LAC,F,33.0,1.0,1.0,0.625,3.0,5.0,0.6,0.564,0.036,Kawhi Leonard,1610612746.0,LAC,F,33.0,1.0,1.0,0.25,1.0,2.0,0.5,0.651,-0.151,Kawhi Leonard,1610612746.0,LAC,F,33.0,1.0,1.0,0.375,2.0,3.0,0.667,0.643,0.023,Kawhi Leonard,1610612746.0,LAC,F,33.0,1.0,1.0,0.375,2.0,3.0,0.667,0.442,0.225,Kawhi Leonard,1610612746.0,LAC,33.0,1.0,32.5,4.0,2.0,2.0,4.0,0.0,0.0,0.0,0.0,1.0,1.0,0.0,1.0,0.0,2.0,2.0,2.0,0.0,0.0,1.0,1.0,0.0,Kawhi Leonard,1610612746,LAC,1,1,0,32.5,51.0,1.0,0.0,0.0,0.0,0.0,0.0,0.0,0.0,0.0,1.0,1.0,0.0,0.0,0.0,0.0,0.0,0.0,Kawhi Leonard,1610612746,LAC,1,1,0,32.45,32.45,12262.0,2.32,1.32,1.0,4.01,4.3,3.68,2023_24
201142,Kevin Durant,Kevin,1610612756.0,PHX,35.0,1,0,1,0.0,34.67,10,17,0.588,3,6,0.5,7,8,0.875,0,7,7,2,3,0,1,1,2,8,30,-14,41.4,0,0,44.0,1,62,62,62,19,4,11,40,14,20,32,4,5,35,71,5,16,54,7,53,23,77,55,2,6,118,16,10,2,9,,43,0.0,127.4,0.67,-17.7,58,96,12,96,76,69,0.676,0.117,-16.8,0.241,95,109.7,11,100.37,0.105,0.163,17.0,85,8.0,83.65,12.0,81,11.8,18,5,53,110.3,46,88,100.21,0.299,99,127.4,127.1,-17.7,100.37,99,46,72,5,84,109.7,10.0,0.311,34,71,36,4,81,99,0.731,44.0,0.0,4.0,0.054,2.0,0.054,0.0,5.0,37.0,0.0,4.0,13.0,15.0,0.077,0.5,3.0,1.154,8.0,0.0,5.0,1.0,0.0,0.231,6.0,0.833,0.0,2.56,0.0,3.77,4.0,63.0,30.0,0.0,0.0,0.0,0.476,0.0,31.0,1.0,0.0,1.0,7.7,0.0,2.0,0.636,0.286,11.0,0.0,0.7,0.636,0.0,1.0,5.0,0.0,1.0,0.286,2.0,0.0,0.7,7.7,11.0,5.0,0.0,0.0,1.0,PHX,0.0,0.0,0.0,0.059,0.0,0.059,1610612756.0,1.0,0.0,1.0,0.0,,0.0,4.0,0.706,2.0,5.0,0.583,0.5,0.412,12.0,0.4,6.0,0.294,0.571,7.0,1.0,,2.0,1.0,0.0,0.0,2.0,0.118,2.0,0.0,0.118,2.0,1.0,1.0,0.118,1.0,2.0,1.0,1.0,0.059,1.0,1.25,0.059,1.0,1.0,2.0,6,0.667,2.0,0.778,9,3.0,14,0.667,0.0,0.0,0.0,0.0,0.0,0.333,0.676,0.0,3.0,2.0,0.0,0.0,0.571,0.5,0.0,0.0,0.0,1.0,3.0,5.0,4.0,0.0,0.0,0.6,7.0,2.0,1.0,1.0,0.0,0.0,0.0,2.0,1.0,0.347,0.632,72.0,125.0,-0.056,0.576,F,0.0,1.0,2.0,1.0,0.5,PHX,3.0,1.0,0.0,0.0,0.0,0.0,0.75,1.0,3.0,4.0,0.0,,2.0,0.667,1.0,0.0,,2.0,3.0,0.667,,4.0,3,1.0,0.5,0.333,1,3.0,2024,20240108,False,22300511,,,,Kevin Durant,1610612756.0,PHX,F,35.0,1.0,1.0,1.0,6.0,12.0,0.5,0.513,-0.013,Kevin Durant,1610612756.0,PHX,F,35.0,1.0,1.0,0.167,2.0,2.0,1.0,0.396,0.604,Kevin Durant,1610612756.0,PHX,F,35.0,1.0,1.0,0.833,4.0,10.0,0.4,0.566,-0.166,Kevin Durant,1610612756.0,PHX,F,35.0,1.0,1.0,0.333,2.0,4.0,0.5,0.659,-0.159,Kevin Durant,1610612756.0,PHX,F,35.0,1.0,1.0,0.417,2.0,5.0,0.4,0.618,-0.218,Kevin Durant,1610612756.0,PHX,F,35.0,1.0,1.0,0.25,2.0,3.0,0.667,0.394,0.273,Kevin Durant,1610612756.0,PHX,35.0,1.0,34.7,8.0,7.0,1.0,2.0,0.0,0.0,0.0,1.0,0.0,1.0,1.0,0.0,0.0,0.0,0.0,0.0,0.0,0.0,0.0,0.0,0.0,Kevin Durant,1610612756,PHX,1,0,1,34.7,63.0,0.0,0.0,0.0,0.0,0.0,0.0,0.0,0.0,0.0,0.0,0.0,0.0,0.0,0.0,0.0,0.0,0.0,Kevin Durant,1610612756,PHX,1,0,1,34.67,34.67,11827.0,2.24,1.14,1.1,3.58,3.75,3.43,2023_24
1641738,Kobe Brown,Kobe,1610612746.0,LAC,24.0,1,1,0,1.0,4.633333333333334,0,0,0.0,0,0,0.0,0,0,0.0,0,0,0,0,0,1,0,0,1,0,0,2,3.0,0,0,2.0,1,1,1,1,117,114,119,114,86,102,86,75,75,75,71,100,109,94,82,21,46,1,15,91,119,41,117,10,2,120,,114,0.0,122.2,0.0,7.8,68,37,100,37,78,94,0.0,0.0,37.7,0.0,2,130.0,119,98.42,0.0,0.0,0.0,1,0.0,82.01,0.0,59,0.0,114,122,118,165.0,71,94,85.57,0.0,35,122.2,127.3,7.8,98.42,35,71,10,122,1,130.0,0.0,0.0,109,71,119,114,59,4,0.0,2.0,0.0,0.0,0.0,0.0,0.0,0.0,0.0,5.0,0.0,0.0,0.0,0.0,0.0,0.0,0.0,0.0,0.0,0.0,0.0,0.0,0.0,0.0,0.0,0.0,0.0,0.8,0.0,1.43,0.1,5.0,0.0,0.0,0.0,0.0,0.0,0.0,1.0,0.0,,,,,,,,,,,,,,,,,,,,,,,,,,,,,,,,,,,,,,,,,,,,,,,,,,,,,,,,,,,,,,,,,,,,,,,,,,,,,,,,0,,,,0,,0,,0.0,0.0,0.0,0.0,0.0,0.0,0.0,0.0,0.0,0.0,0.0,,0.0,0.0,0.0,,0.0,0.0,0.0,0.0,0.0,0.0,,0.0,0.0,0.0,0.0,0.0,,,,0.0,0.0,0.402,0.618,20.0,33.0,-0.012,0.606,F,,0.0,0.0,0.0,0.0,LAC,0.0,,0.0,,,,0.0,0.0,0.0,0.0,,,0.0,0.0,0.0,0.0,,0.0,0.0,0.0,,0.0,0,,,,0,,2024,20240108,False,22300511,,,,Kobe Brown,1610612746.0,LAC,F,24.0,1.0,1.0,1.0,0.0,1.0,0.0,0.364,-0.364,,,,,,,,,,,,,,Kobe Brown,1610612746.0,LAC,F,24.0,1.0,1.0,1.0,0.0,1.0,0.0,0.462,-0.462,Kobe Brown,1610612746.0,LAC,F,24.0,1.0,1.0,1.0,0.0,1.0,0.0,0.485,-0.485,Kobe Brown,1610612746.0,LAC,F,24.0,1.0,1.0,1.0,0.0,1.0,0.0,0.444,-0.444,,,,,,,,,,,,,,Kobe Brown,1610612746.0,LAC,24.0,1.0,4.6,0.0,0.0,0.0,1.0,0.0,0.0,0.0,0.0,0.0,0.0,0.0,0.0,0.0,0.0,0.0,0.0,0.0,0.0,0.0,0.0,0.0,Kobe Brown,1610612746,LAC,1,1,0,4.6,5.0,0.0,0.0,0.0,0.0,0.0,0.0,0.0,0.0,0.0,0.0,0.0,0.0,0.0,0.0,0.0,0.0,0.0,Kobe Brown,1610612746,LAC,1,1,0,4.63,4.63,1877.0,0.36,0.2,0.15,4.74,4.48,5.03,2023_24
203486,Mason Plumlee,Mason,1610612746.0,LAC,34.0,1,1,0,1.0,4.633333333333334,0,0,0.0,0,0,0.0,1,2,0.5,0,2,2,3,0,0,0,0,0,1,1,2,7.9,0,0,6.0,1,1,1,1,117,114,119,114,86,102,86,62,50,59,71,66,80,35,82,53,46,1,1,67,117,41,107,10,2,109,,114,0.0,122.2,0.0,7.8,68,37,1,37,78,3,0.0,0.286,37.7,0.667,2,130.0,119,98.42,0.6,0.227,0.0,1,75.0,82.01,0.0,59,0.0,2,107,118,165.0,71,2,85.57,0.091,35,122.2,127.3,7.8,98.42,35,71,10,108,1,130.0,0.0,0.099,3,71,70,114,59,4,0.568,9.0,0.0,3.0,0.273,3.0,0.273,0.0,7.0,11.0,0.0,0.0,2.0,1.0,0.5,0.0,1.0,0.5,0.0,0.5,1.0,1.0,0.0,0.5,2.0,0.5,1.0,2.31,0.0,3.16,0.7,13.0,1.0,0.0,0.0,0.0,0.077,0.0,7.0,1.0,0.0,0.0,7.3,0.0,0.0,0.667,0.0,3.0,0.0,0.667,0.667,0.0,0.0,2.0,0.0,0.0,0.0,0.0,0.0,0.667,7.3,3.0,2.0,0.0,,,,,,,,,,,,,,,,,,,,,,,,,,,,,,,,,,,,,,,,,,,,,,,,,,,,,,,,0,,,,0,,0,,0.0,0.0,0.0,0.0,0.0,0.0,0.0,0.0,0.0,0.0,0.0,,0.0,0.0,0.0,,0.0,0.0,0.0,0.0,0.0,0.0,,0.0,0.0,0.0,0.0,0.0,,,,0.0,0.0,0.492,0.636,24.0,30.0,0.164,0.8,F-C,,0.0,0.0,0.0,0.0,LAC,0.0,,0.0,,,,0.0,0.0,0.0,0.0,,,0.0,0.0,0.0,0.0,,0.0,0.0,0.0,,0.0,0,,,,0,,2024,20240108,False,22300511,,,,,,,,,,,,,,,,,,,,,,,,,,,,,,,,,,,,,,,,,,,,,,,,,,,,,,,,,,,,,,,,,,,,,,,,,,,,,,,,,,Mason Plumlee,1610612746.0,LAC,34.0,1.0,4.6,0.0,0.0,0.0,0.0,0.0,0.0,0.0,0.0,1.0,1.0,0.0,1.0,0.0,0.0,0.0,0.0,0.0,0.0,0.0,0.0,0.0,Mason Plumlee,1610612746,LAC,1,1,0,4.6,13.0,0.0,0.0,0.0,0.0,0.0,0.0,0.0,0.0,0.0,0.0,0.0,0.0,0.0,0.0,0.0,0.0,0.0,Mason Plumlee,1610612746,LAC,1,1,0,4.63,4.63,1981.0,0.38,0.22,0.15,4.74,4.49,5.03,2023_24
1626181,Norman Powell,Norman,1610612746.0,LAC,31.0,1,1,0,1.0,24.55,4,6,0.667,2,3,0.667,4,4,1.0,1,4,5,1,1,0,0,1,1,2,14,20,20.5,0,0,22.0,1,1,1,1,61,50,68,22,32,51,19,17,23,1,35,30,36,77,39,53,46,77,15,40,44,5,69,10,2,59,,17,0.063,110.0,1.0,37.1,48,4,30,4,18,86,0.833,0.132,36.0,0.182,9,147.1,68,98.74,0.043,0.131,6.0,69,10.0,82.28,10.0,24,10.2,35,81,61,145.3,70,81,99.6,0.155,6,110.0,109.4,37.1,98.74,6,70,51,79,75,147.1,4.0,0.155,25,39,13,50,24,8,0.902,13.0,0.0,0.0,0.091,1.0,0.091,0.0,3.0,11.0,0.0,0.0,2.0,4.0,0.0,0.0,2.0,2.0,0.0,0.0,4.0,0.0,0.0,1.0,4.0,1.0,0.0,2.1,0.0,2.59,0.9,21.0,14.0,2.0,1.0,0.0,0.667,0.0,13.0,1.0,5.0,0.0,9.8,0.5,2.0,0.667,0.4,8.0,0.0,0.625,0.625,0.0,0.0,3.0,0.5,2.0,0.5,2.0,0.0,0.667,11.0,6.0,2.0,1.0,,,,,,,,,,,,,,,,,0.0,0.333,0.0,1.0,0.0,0.0,0.167,2.0,0.0,0.0,0.167,0.0,1.0,,,,,,,,,,,,,,1.0,0.667,2.0,4.0,2.0,1.0,0.333,1.0,1.25,0.333,2.0,2.0,4.0,1,0.0,0.0,0.5,2,1.0,2,0.5,0.5,0.0,0.0,0.0,0.0,1.0,0.833,2.0,6.0,1.0,1.0,0.0,0.0,1.0,1.0,0.0,1.0,1.0,1.0,2.0,0.0,1.0,0.0,0.5,1.0,1.0,1.0,1.0,0.0,0.0,0.0,1.0,1.0,0.337,0.617,67.0,93.0,0.104,0.72,G,0.0,1.0,0.0,0.0,0.0,LAC,1.0,0.0,1.0,0.0,0.0,0.0,0.5,0.0,1.0,2.0,0.0,,1.0,1.0,0.0,1.0,,1.0,1.0,1.0,,1.0,2,2.0,1.5,1.0,2,2.0,2024,20240108,False,22300511,,,,Norman Powell,1610612746.0,LAC,G,31.0,1.0,1.0,1.0,2.0,4.0,0.5,0.473,0.027,Norman Powell,1610612746.0,LAC,G,31.0,1.0,1.0,0.25,0.0,1.0,0.0,0.379,-0.379,Norman Powell,1610612746.0,LAC,G,31.0,1.0,1.0,0.75,2.0,3.0,0.667,0.554,0.112,,,,,,,,,,,,,,Norman Powell,1610612746.0,LAC,G,31.0,1.0,1.0,0.75,2.0,3.0,0.667,0.615,0.051,Norman Powell,1610612746.0,LAC,G,31.0,1.0,1.0,0.25,0.0,1.0,0.0,0.378,-0.378,Norman Powell,1610612746.0,LAC,31.0,1.0,24.6,2.0,2.0,0.0,1.0,0.0,0.0,0.0,0.0,1.0,1.0,0.0,1.0,0.0,0.0,0.0,0.0,0.0,0.0,0.0,0.0,0.0,Norman Powell,1610612746,LAC,1,1,0,24.6,21.0,0.0,0.0,0.0,0.0,0.0,0.0,0.0,0.0,0.0,0.0,0.0,0.0,0.0,0.0,0.0,0.0,0.0,Norman Powell,1610612746,LAC,1,1,0,24.55,24.55,9244.0,1.75,0.98,0.77,4.0,4.42,3.58,2023_24
202331,Paul George,Paul,1610612746.0,LAC,34.0,1,1,0,1.0,31.33333333333333,10,19,0.526,4,9,0.444,1,2,0.5,1,6,7,0,1,1,0,0,2,3,25,21,35.4,0,0,38.0,1,1,1,1,37,4,6,53,6,6,53,62,50,59,35,12,16,94,39,21,46,1,55,22,10,4,28,10,2,21,,52,0.043,117.5,0.0,31.0,68,3,14,3,30,94,0.632,0.143,34.3,0.231,8,148.4,6,97.28,0.0,0.121,19.0,53,0.0,81.06,4.8,43,4.8,42,15,63,147.3,87,94,99.54,0.288,8,117.5,113.0,31.0,97.28,8,87,64,9,55,148.4,10.0,0.292,22,54,59,4,43,9,0.629,35.0,1.0,4.0,0.0,1.0,0.038,0.0,0.0,26.0,0.2,1.0,5.0,2.0,0.4,1.0,0.0,0.4,1.0,0.0,0.0,2.0,1.0,0.0,0.0,0.0,0.0,2.63,0.667,3.46,2.8,49.0,25.0,2.0,1.0,1.333,0.51,3.0,31.0,3.0,13.8,1.0,10.1,1.0,1.0,0.857,0.143,8.0,0.0,1.0,0.875,0.0,1.0,6.0,1.0,1.0,0.167,1.0,0.0,1.0,9.5,7.0,5.0,1.0,1.0,1.0,LAC,1.25,0.053,1.0,0.053,1.0,0.105,1610612746.0,2.0,1.0,1.0,1.0,1.0,2.0,2.0,0.526,2.0,5.0,0.5,0.4,0.263,10.0,0.4,4.0,0.263,0.4,5.0,0.75,0.5,4.0,0.667,2.0,0.105,6.0,0.316,4.0,1.0,0.211,3.0,0.75,0.0,0.053,0.0,0.0,0.0,0.0,0.053,,0.0,0.0,0.0,1.0,1.0,3,0.333,1.0,0.5,7,3.0,7,0.429,0.5,0.667,2.0,0.5,4.0,0.556,0.632,2.0,13.0,1.0,0.0,0.0,0.333,0.667,0.0,0.0,0.0,4.0,4.0,9.0,1.0,0.0,0.0,0.444,3.0,6.0,0.0,1.0,0.0,0.0,0.0,1.0,0.0,0.386,0.625,112.0,191.0,-0.038,0.586,F,,0.0,1.0,0.333,0.333,LAC,3.0,,0.0,,0.0,0.0,0.444,1.0,1.0,9.0,0.0,,1.0,1.0,3.0,0.0,,3.0,4.0,1.0,,3.0,7,3.0,0.786,0.5,4,6.0,2024,20240108,False,22300511,,,,Paul George,1610612746.0,LAC,F,34.0,1.0,1.0,1.0,3.0,9.0,0.333,0.482,-0.148,Paul George,1610612746.0,LAC,F,34.0,1.0,1.0,0.889,2.0,8.0,0.25,0.398,-0.148,Paul George,1610612746.0,LAC,F,34.0,1.0,1.0,0.111,1.0,1.0,1.0,0.567,0.433,,,,,,,,,,,,,,,,,,,,,,,,,,,Paul George,1610612746.0,LAC,F,34.0,1.0,1.0,0.889,2.0,8.0,0.25,0.41,-0.16,Paul George,1610612746.0,LAC,34.0,1.0,31.3,5.0,1.0,4.0,2.0,0.0,0.0,0.0,1.0,2.0,3.0,0.333,0.667,0.0,0.0,0.0,0.0,0.0,0.0,0.0,0.0,0.0,Paul George,1610612746,LAC,1,1,0,31.3,49.0,3.0,2.0,3.0,0.667,0.0,0.0,0.0,4.0,1.333,0.0,0.0,0.0,0.0,0.0,0.0,0.0,0.0,Paul George,1610612746,LAC,1,1,0,31.33,31.33,11582.0,2.19,1.29,0.91,3.96,4.38,3.49,2023_24
201566,Russell Westbrook,Russell,1610612746.0,LAC,35.0,1,1,0,1.0,14.983333333333333,3,6,0.5,0,1,0.0,3,3,1.0,2,0,2,7,1,2,0,0,2,2,9,-3,26.9,0,0,22.0,1,1,1,1,99,64,68,55,86,84,86,25,39,1,16,100,80,9,39,7,46,1,55,40,64,76,45,10,2,59,,65,0.133,132.3,7.0,-5.6,3,47,100,47,96,2,0.5,0.087,-4.1,0.0,47,126.7,68,97.71,0.636,0.184,6.0,58,46.7,81.42,6.7,96,6.5,11,38,79,127.3,81,4,97.77,0.222,76,132.3,131.4,-5.6,97.71,76,81,30,41,58,126.7,3.0,0.239,53,17,63,64,96,74,0.615,29.0,0.0,8.0,0.241,7.0,0.241,0.0,15.0,29.0,0.0,2.0,6.0,5.0,0.5,0.667,0.0,0.833,3.0,0.5,0.0,3.0,0.0,0.0,0.0,0.0,3.0,4.59,0.0,5.29,3.3,37.0,9.0,4.0,0.5,2.0,0.243,1.0,12.0,0.0,1.2,0.0,1.2,0.667,1.0,0.0,0.5,3.0,0.5,0.667,0.667,0.0,0.0,1.0,0.667,3.0,0.0,0.0,1.0,0.0,0.0,0.0,0.0,1.0,,,,,,,,,,,,,,,,,3.0,0.667,0.0,0.0,0.75,0.75,0.667,4.0,,3.0,0.0,0.75,4.0,0.0,,0.0,0.0,0.0,0.0,1.0,0.167,1.0,0.0,0.167,0.0,0.0,0.0,0.167,0.0,0.0,0.0,0.0,0.167,,0.0,0.0,0.0,1.0,1.0,1,,0.0,0.5,2,0.0,2,0.5,0.0,1.0,0.0,0.0,2.0,0.0,0.5,2.0,0.0,2.0,0.0,,0.333,0.0,0.0,,0.0,0.0,0.0,1.0,1.0,0.0,0.0,0.0,3.0,0.0,0.0,1.0,0.0,0.0,,2.0,0.0,0.307,0.61,45.0,84.0,-0.074,0.536,G,,0.0,1.0,0.0,0.333,LAC,0.0,,0.0,,,,0.0,0.0,2.0,1.0,,,2.0,0.0,0.0,0.0,,0.0,0.0,1.0,,3.0,1,0.0,0.0,0.0,0,1.0,2024,20240108,False,22300511,,,,Russell Westbrook,1610612746.0,LAC,G,35.0,1.0,1.0,1.0,4.0,5.0,0.8,0.494,0.306,Russell Westbrook,1610612746.0,LAC,G,35.0,1.0,1.0,0.2,1.0,1.0,1.0,0.379,0.621,Russell Westbrook,1610612746.0,LAC,G,35.0,1.0,1.0,0.8,3.0,4.0,0.75,0.553,0.198,Russell Westbrook,1610612746.0,LAC,G,35.0,1.0,1.0,0.2,1.0,1.0,1.0,0.634,0.366,Russell Westbrook,1610612746.0,LAC,G,35.0,1.0,1.0,0.2,1.0,1.0,1.0,0.61,0.39,Russell Westbrook,1610612746.0,LAC,G,35.0,1.0,1.0,0.6,2.0,3.0,0.667,0.407,0.26,Russell Westbrook,1610612746.0,LAC,35.0,1.0,15.0,1.0,0.0,1.0,2.0,0.0,0.0,0.0,1.0,0.0,1.0,1.0,0.0,0.0,0.0,0.0,0.0,0.0,0.0,0.0,0.0,0.0,Russell Westbrook,1610612746,LAC,1,1,0,15.0,37.0,1.0,1.0,1.0,1.0,0.0,0.0,0.0,2.0,2.0,0.0,0.0,0.0,0.0,0.0,0.0,0.0,0.0,Russell Westbrook,1610612746,LAC,1,1,0,14.98,14.98,5734.0,1.09,0.61,0.48,4.04,4.15,3.92,2023_24
1630240,Saben Lee,Saben,1610612756.0,PHX,25.0,1,0,1,0.0,5.2,0,1,0.0,0,0,0.0,2,2,1.0,1,0,1,0,1,0,0,0,0,1,2,-3,2.2,0,0,3.0,1,62,62,62,113,114,112,114,86,102,86,45,50,1,35,100,98,94,39,53,46,1,1,67,110,76,119,10,2,115,,114,0.25,140.0,0.0,-30.0,68,92,100,92,122,94,0.0,0.125,-45.7,0.0,82,110.0,112,92.31,0.0,0.024,1.0,120,0.0,76.92,33.3,110,34.7,107,22,121,114.1,114,94,84.92,0.273,114,140.0,159.8,-30.0,92.31,114,114,10,16,122,110.0,0.0,0.271,28,2,78,114,110,120,0.532,9.0,0.0,0.0,0.0,0.0,0.0,0.0,0.0,7.0,0.25,0.0,4.0,0.0,0.5,0.0,0.0,0.0,1.0,0.0,0.0,2.0,1.0,0.0,0.0,0.0,0.0,4.18,0.0,4.94,0.9,11.0,2.0,2.0,1.0,0.0,0.182,0.0,5.0,0.0,1.9,0.0,1.9,1.0,1.0,0.0,1.0,1.0,1.0,1.0,1.0,0.0,0.0,0.0,1.0,1.0,0.0,0.0,1.0,0.0,0.0,0.0,0.0,0.0,0.0,1.0,PHX,0.0,0.0,0.0,1.0,0.0,1.0,1610612756.0,1.0,0.0,1.0,0.0,,0.0,,,,,,,,,,,,,,,,,,,,,,,,,,,,,,,,,,,,,,,,0,,,,0,,0,,0.0,0.0,0.0,0.0,0.0,0.0,0.0,2.0,0.0,0.0,0.0,,0.0,0.0,0.0,,0.0,0.0,0.0,0.0,0.0,0.0,,0.0,1.0,0.0,0.0,0.0,,,,0.0,0.0,0.333,0.613,4.0,7.0,-0.041,0.571,G,,0.0,0.0,0.0,0.0,PHX,0.0,,0.0,,,,0.0,0.0,1.0,0.0,,,0.0,0.0,0.0,0.0,,0.0,0.0,0.0,,0.0,0,,,,0,,2024,20240108,False,22300511,,,,,,,,,,,,,,,,,,,,,,,,,,,,,,,,,,,,,,,,,,,,,,,,,,,,,,,,,,,,,,,,,,,,,,,,,,,,,,,,,,Saben Lee,1610612756.0,PHX,25.0,1.0,5.2,0.0,0.0,0.0,1.0,0.0,0.0,0.0,0.0,0.0,0.0,0.0,0.0,0.0,0.0,0.0,0.0,0.0,0.0,0.0,0.0,0.0,Saben Lee,1610612756,PHX,1,0,1,5.2,11.0,0.0,0.0,0.0,0.0,0.0,0.0,0.0,0.0,0.0,0.0,0.0,0.0,0.0,0.0,0.0,0.0,0.0,Saben Lee,1610612756,PHX,1,0,1,5.2,5.2,2106.0,0.4,0.21,0.19,4.23,4.35,4.13,2023_24
1629611,Terance Mann,Terance,1610612746.0,LAC,27.0,1,1,0,1.0,27.953333333333333,5,9,0.556,3,6,0.5,1,2,0.5,3,2,5,3,1,0,0,1,2,2,14,14,23.5,0,0,25.0,1,1,1,1,48,42,50,44,14,20,32,62,50,59,8,66,36,35,39,53,46,77,55,40,44,9,60,10,2,52,,34,0.136,110.3,3.0,21.9,16,28,84,28,19,65,0.722,0.106,29.2,0.08,18,132.2,50,100.45,0.12,0.093,9.0,62,21.4,83.71,7.1,25,7.2,65,73,75,138.9,44,47,98.32,0.164,18,110.3,109.7,21.9,100.45,18,44,59,75,63,132.2,5.0,0.175,40,16,41,42,25,11,0.709,31.0,0.0,3.0,0.111,4.0,0.148,1.0,8.0,27.0,0.0,0.0,3.0,0.0,0.667,0.0,0.0,0.0,1.0,0.0,0.0,2.0,0.0,0.0,0.0,0.0,0.0,1.77,0.0,2.28,1.5,39.0,14.0,5.0,0.6,0.0,0.359,0.0,26.0,0.0,2.0,1.0,6.4,1.0,2.0,0.667,0.4,6.0,0.667,1.0,0.833,0.0,1.0,3.0,1.0,3.0,0.0,0.0,2.0,1.0,13.0,3.0,2.0,1.0,,,,,,,,,,,,,,,,,1.0,0.222,0.0,0.0,0.5,0.5,0.222,2.0,,1.0,0.0,0.5,2.0,,,,,,,,,,,,,,0.5,0.778,1.0,4.0,3.0,0.571,0.667,1.0,0.786,0.111,1.0,6.0,7.0,0,,0.0,,0,0.0,0,,1.0,0.0,0.0,0.0,0.0,0.5,0.722,3.0,9.0,2.0,1.0,,0.0,0.0,0.0,,2.0,0.0,1.0,4.0,0.0,0.0,1.0,0.25,1.0,0.0,2.0,1.0,2.0,2.0,,2.0,0.0,0.354,0.625,52.0,96.0,-0.083,0.542,G-F,0.0,2.0,0.0,0.0,0.0,LAC,0.0,0.0,2.0,0.0,,,0.25,0.0,3.0,4.0,,,2.0,0.0,0.0,1.0,,0.0,1.0,0.667,,0.0,6,3.0,0.75,0.5,3,6.0,2024,20240108,False,22300511,,,,Terance Mann,1610612746.0,LAC,G-F,27.0,1.0,1.0,1.0,5.0,7.0,0.714,0.481,0.233,Terance Mann,1610612746.0,LAC,G-F,27.0,1.0,1.0,0.286,0.0,2.0,0.0,0.411,-0.411,Terance Mann,1610612746.0,LAC,G-F,27.0,1.0,1.0,0.714,5.0,5.0,1.0,0.537,0.463,Terance Mann,1610612746.0,LAC,G-F,27.0,1.0,1.0,0.429,3.0,3.0,1.0,0.583,0.417,Terance Mann,1610612746.0,LAC,G-F,27.0,1.0,1.0,0.429,3.0,3.0,1.0,0.556,0.444,Terance Mann,1610612746.0,LAC,G-F,27.0,1.0,1.0,0.571,2.0,4.0,0.5,0.395,0.106,Terance Mann,1610612746.0,LAC,27.0,1.0,28.0,2.0,2.0,0.0,0.0,0.0,0.0,0.0,0.0,0.0,0.0,0.0,0.0,0.0,0.0,0.0,0.0,0.0,0.0,0.0,0.0,0.0,Terance Mann,1610612746,LAC,1,1,0,28.0,39.0,0.0,0.0,0.0,0.0,0.0,0.0,0.0,0.0,0.0,0.0,0.0,0.0,0.0,0.0,0.0,0.0,0.0,Terance Mann,1610612746,LAC,1,1,0,27.95,27.95,11299.0,2.14,1.16,0.98,4.24,4.55,4.32,2023_24
1629002,Chimezie Metu,Chimezie,1610612756.0,PHX,27.0,1,0,1,0.0,7.933333333333334,1,1,1.0,0,0,0.0,2,2,1.0,0,2,2,0,0,0,1,0,1,1,4,-7,9.4,0,0,8.0,1,62,62,62,110,97,112,1,86,102,86,45,50,1,71,66,80,94,82,53,23,1,15,67,100,99,103,10,2,103,,9,0.0,146.7,0.0,-52.9,68,120,5,120,121,94,1.0,0.154,-64.1,0.333,121,93.8,112,93.78,0.0,0.208,1.0,1,0.0,78.15,0.0,117,0.0,5,101,108,90.8,110,94,92.93,0.105,124,146.7,154.9,-52.9,93.78,124,110,16,103,1,93.8,1.0,0.107,18,71,9,97,117,125,1.064,4.0,0.0,1.0,0.0,0.0,0.0,0.0,0.0,8.0,0.0,0.0,0.0,0.0,0.0,0.0,0.0,0.0,0.0,0.0,0.0,0.0,0.0,0.0,0.0,0.0,0.0,1.5,0.0,2.42,0.4,10.0,4.0,0.0,0.0,0.0,0.4,0.0,4.0,0.0,0.0,1.0,4.3,0.0,0.0,0.667,0.0,4.0,0.0,0.667,0.5,0.0,1.0,2.0,0.0,2.0,0.0,0.0,0.0,1.0,4.3,3.0,2.0,0.0,,,,,,,,,,,,,,,,,,,,,,,,,,,,,,1.0,,1.0,1.0,0.0,0.0,1.0,1.0,1.0,0.0,1.0,1.0,1.0,,,,,,,,,,,,,,1,,,1.0,1,,2,1.0,0.0,0.0,0.0,0.0,0.0,0.0,1.0,0.0,0.0,0.0,0.0,,0.0,1.0,0.0,,0.0,1.0,0.0,0.0,0.0,0.0,,0.0,0.0,1.0,0.0,0.0,,,,0.0,0.0,0.456,0.607,50.0,73.0,0.078,0.685,F-C,,0.0,0.0,1.0,0.0,DET,0.0,,0.0,,,,0.0,1.0,0.0,0.0,,,0.0,0.0,1.0,0.0,,0.0,0.0,0.0,,0.0,0,,,,0,,2024,20240108,False,22300511,3005.0,LAC,PHX,Chimezie Metu,1610612765.0,DET,F-C,27.0,1.0,1.0,1.0,1.0,2.0,0.5,0.452,0.049,,,,,,,,,,,,,,Chimezie Metu,1610612765.0,DET,F-C,27.0,1.0,1.0,1.0,1.0,2.0,0.5,0.527,-0.027,,,,,,,,,,,,,,Chimezie Metu,1610612765.0,DET,F-C,27.0,1.0,1.0,1.0,1.0,2.0,0.5,0.569,-0.069,,,,,,,,,,,,,,Chimezie Metu,1610612765.0,DET,27.0,1.0,7.9,1.0,1.0,0.0,0.0,0.0,0.0,0.0,0.0,0.0,0.0,0.0,0.0,0.0,1.0,1.0,1.0,0.0,0.0,1.0,1.0,0.0,Chimezie Metu,1610612765,DET,1,0,1,7.9,10.0,0.0,0.0,0.0,0.0,0.0,0.0,0.0,0.0,0.0,0.0,0.0,0.0,0.0,0.0,0.0,0.0,0.0,Chimezie Metu,1610612765,DET,1,0,1,7.93,7.93,2964.0,0.56,0.31,0.26,4.1,4.18,4.03,2023_24
1630692,Jordan Goodwin,Jordan,1610612756.0,PHX,25.0,1,0,1,0.0,5.2,2,3,0.667,0,0,0.0,0,0,0.0,0,0,0,0,0,0,0,0,0,0,4,-3,4.0,0,0,4.0,1,62,62,62,113,77,97,22,86,102,86,75,75,75,71,100,109,94,82,53,46,1,1,91,100,76,112,10,2,113,,44,0.0,140.0,0.0,-30.0,68,92,100,92,122,94,0.667,0.0,-45.7,0.0,82,110.0,97,92.31,0.0,0.143,3.0,1,0.0,76.92,0.0,110,0.0,27,19,121,114.1,114,94,84.92,0.273,114,140.0,159.8,-30.0,92.31,114,114,10,16,1,110.0,2.0,0.282,109,71,50,77,110,120,0.667,9.0,2.0,3.0,0.0,2.0,0.222,0.0,3.0,9.0,0.0,2.0,4.0,4.0,0.5,1.0,0.0,1.0,2.0,0.0,0.0,2.0,0.0,0.0,0.0,0.0,0.0,4.0,0.0,3.67,0.7,12.0,4.0,0.0,0.0,0.0,0.333,0.0,5.0,0.0,,,,,,,,,,,,,,,,,,,,,,,,,,,,,,,,,,,,,,,,,,,,,,,,,,,,,,0.667,,2.0,0.667,0.0,0.0,3.0,1.0,3.0,0.0,1.0,2.0,0.667,,,,,,,,,,,,,,0,,,0.0,1,,0,0.0,0.0,0.0,0.0,0.0,0.0,0.0,0.667,0.0,0.0,1.0,0.0,,1.0,0.0,0.0,,0.0,0.0,0.0,0.0,1.0,0.0,,0.0,1.0,1.0,0.0,1.0,,,,1.0,0.0,0.377,0.629,49.0,86.0,-0.059,0.57,G,,0.0,1.0,0.0,1.0,MEM,0.0,,0.0,,,,0.0,0.0,1.0,0.0,,,1.0,0.0,1.0,0.0,,0.0,0.0,1.0,,1.0,0,,,,0,,2024,20240108,False,22300511,3001.0,LAC,PHX,Jordan Goodwin,1610612763.0,MEM,G,25.0,1.0,1.0,1.0,2.0,3.0,0.667,0.477,0.189,Jordan Goodwin,1610612763.0,MEM,G,25.0,1.0,1.0,0.333,1.0,1.0,1.0,0.374,0.626,Jordan Goodwin,1610612763.0,MEM,G,25.0,1.0,1.0,0.667,1.0,2.0,0.5,0.586,-0.086,Jordan Goodwin,1610612763.0,MEM,G,25.0,1.0,1.0,0.333,0.0,1.0,0.0,0.701,-0.701,Jordan Goodwin,1610612763.0,MEM,G,25.0,1.0,1.0,0.667,1.0,2.0,0.5,0.639,-0.139,Jordan Goodwin,1610612763.0,MEM,G,25.0,1.0,1.0,0.333,1.0,1.0,1.0,0.377,0.623,,,,,,,,,,,,,,,,,,,,,,,,,,,,Jordan Goodwin,1610612763,MEM,1,0,1,5.2,12.0,0.0,0.0,0.0,0.0,0.0,0.0,0.0,0.0,0.0,0.0,0.0,0.0,0.0,0.0,0.0,0.0,0.0,Jordan Goodwin,1610612763,MEM,1,0,1,5.2,5.2,2324.0,0.44,0.22,0.22,4.23,4.35,4.12,2023_24
1628966,Keita Bates-Diop,Keita,1610612756.0,PHX,28.0,1,0,1,0.0,2.063333333333333,1,1,1.0,1,1,1.0,0,0,0.0,0,0,0,0,0,0,0,0,1,0,3,3,3.0,0,0,4.0,1,62,62,62,123,97,112,1,45,84,1,75,75,75,71,100,109,94,82,53,46,1,15,91,104,36,117,10,2,113,,1,0.0,175.0,0.0,75.0,68,1,100,1,125,94,1.5,0.0,77.3,0.0,1,250.0,112,93.05,0.0,0.114,1.0,1,0.0,77.54,0.0,125,0.0,46,29,117,257.7,112,94,90.26,0.25,1,175.0,180.4,75.0,93.05,1,112,4,30,1,250.0,1.0,0.258,109,71,1,97,125,1,1.5,1.0,0.0,0.0,0.0,0.0,0.0,0.0,0.0,2.0,0.0,0.0,0.0,0.0,0.0,0.0,0.0,0.0,0.0,0.0,0.0,0.0,0.0,0.0,0.0,0.0,0.0,0.0,0.0,1.65,0.1,3.0,3.0,0.0,0.0,0.0,1.0,0.0,1.0,0.0,,,,,,,,,,,,,,,,,,,,,,,,,,,,,,,,,,,,,,,,,,,,,,,,,,,,,,,,,,,,,,,,,,,1.0,1.0,0.0,1.0,1.0,1.0,1.0,,1.5,0.0,0.0,1.0,1.0,0,,0.0,,0,0.0,0,,0.0,0.0,0.0,0.0,0.0,1.0,1.5,0.0,3.0,0.0,1.0,,0.0,0.0,,,1.0,0.0,0.0,0.0,0.0,,1.0,0.0,0.0,0.0,1.0,0.0,1.0,1.0,,0.0,,0.358,0.629,36.0,67.0,-0.092,0.537,F,,1.0,0.0,0.0,0.0,BKN,0.0,,1.0,,,,0.0,0.0,0.0,0.0,,,0.0,0.0,0.0,1.0,,0.0,0.0,0.0,,0.0,1,1.0,1.5,1.0,1,1.0,2024,20240108,False,22300511,2990.0,LAC,PHX,Keita Bates-Diop,1610612751.0,BKN,F,28.0,1.0,1.0,1.0,1.0,1.0,1.0,0.467,0.533,Keita Bates-Diop,1610612751.0,BKN,F,28.0,1.0,1.0,1.0,1.0,1.0,1.0,0.41,0.59,,,,,,,,,,,,,,,,,,,,,,,,,,,,,,,,,,,,,,,,Keita Bates-Diop,1610612751.0,BKN,F,28.0,1.0,1.0,1.0,1.0,1.0,1.0,0.419,0.581,Keita Bates-Diop,1610612751.0,BKN,28.0,1.0,2.1,1.0,0.0,1.0,0.0,0.0,0.0,0.0,0.0,0.0,0.0,0.0,0.0,0.0,0.0,0.0,0.0,0.0,0.0,0.0,0.0,0.0,Keita Bates-Diop,1610612751,BKN,1,0,1,2.1,3.0,0.0,0.0,0.0,0.0,0.0,0.0,0.0,0.0,0.0,0.0,0.0,0.0,0.0,0.0,0.0,0.0,0.0,Keita Bates-Diop,1610612751,BKN,1,0,1,2.07,2.07,892.0,0.17,0.08,0.09,4.79,5.21,4.44,2023_24
1629139,Yuta Watanabe,Yuta,1610612756.0,PHX,29.0,1,0,1,0.0,5.2,0,2,0.0,0,2,0.0,1,2,0.5,0,0,0,0,0,0,0,0,1,1,1,-3,1.0,0,0,1.0,1,62,62,62,113,114,104,114,86,68,86,62,50,59,71,100,109,94,82,53,46,1,15,67,117,76,122,10,2,122,,114,0.0,140.0,0.0,-30.0,68,92,100,92,122,94,0.0,0.0,-45.7,0.0,82,110.0,104,92.31,0.0,-0.143,2.0,1,0.0,76.92,0.0,110,0.0,124,22,121,114.1,114,94,84.92,0.273,114,140.0,159.8,-30.0,92.31,114,114,10,16,1,110.0,0.0,0.271,109,71,118,114,110,120,0.174,6.0,0.0,0.0,0.0,0.0,0.0,0.0,0.0,4.0,0.0,0.0,0.0,0.0,0.0,0.0,0.0,0.0,0.0,0.0,0.0,0.0,0.0,0.0,0.0,0.0,0.0,0.86,0.0,1.69,0.2,7.0,1.0,0.0,0.0,0.0,0.143,0.0,6.0,0.0,,,,,,,,,,,,,,,,,,,,,,,,,,,,,,,,,,,,,,,,,,,,,,,,,,,,,,,,,,,,,,,,,,,0.0,1.0,0.0,0.0,0.0,0.0,1.0,,0.0,0.0,0.0,2.0,2.0,0,0.0,0.0,0.0,1,1.0,0,0.0,0.0,0.0,0.0,0.0,0.0,0.0,0.0,0.0,0.0,0.0,0.0,,0.0,0.0,0.0,,0.0,0.0,0.0,1.0,0.0,0.0,,0.0,0.0,0.0,1.0,0.0,,,,0.0,1.0,0.454,0.649,42.0,69.0,-0.04,0.609,G-F,,1.0,0.0,0.0,0.0,MEM,0.0,,0.0,,,,0.0,0.0,0.0,1.0,,,0.0,0.0,0.0,0.0,,0.0,0.0,0.0,,0.0,1,0.0,0.0,0.0,0,1.0,2024,20240108,False,22300511,3003.0,LAC,PHX,Yuta Watanabe,1610612763.0,MEM,G-F,29.0,1.0,1.0,1.0,1.0,1.0,1.0,0.406,0.594,,,,,,,,,,,,,,Yuta Watanabe,1610612763.0,MEM,G-F,29.0,1.0,1.0,1.0,1.0,1.0,1.0,0.469,0.531,Yuta Watanabe,1610612763.0,MEM,G-F,29.0,1.0,1.0,1.0,1.0,1.0,1.0,0.491,0.509,Yuta Watanabe,1610612763.0,MEM,G-F,29.0,1.0,1.0,1.0,1.0,1.0,1.0,0.475,0.525,,,,,,,,,,,,,,Yuta Watanabe,1610612763.0,MEM,29.0,1.0,5.2,1.0,1.0,0.0,0.0,0.0,0.0,0.0,0.0,0.0,0.0,0.0,0.0,0.0,0.0,0.0,0.0,0.0,0.0,0.0,0.0,0.0,Yuta Watanabe,1610612763,MEM,1,0,1,5.2,7.0,0.0,0.0,0.0,0.0,0.0,0.0,0.0,0.0,0.0,0.0,0.0,0.0,0.0,0.0,0.0,0.0,0.0,Yuta Watanabe,1610612763,MEM,1,0,1,5.2,5.2,2213.0,0.42,0.23,0.19,4.24,4.35,4.13,2023_24
