EntityId,TeamId,Name,ShortName,RowId,TeamAbbreviation,SecondsPlayed,GamesPlayed,Minutes,PlusMinus,OffPoss,DefPoss,SecondChanceOffPoss,TotalPoss,AtRimFGM,AtRimFGA,SecondChanceAtRimFGM,SecondChanceAtRimFGA,LongMidRangeFGM,LongMidRangeFGA,FG2M,FG2A,FtPoints,Points,OpponentPoints,SecondChanceFG2M,SecondChanceFG2A,SecondChancePoints,PtsAssisted2s,PtsUnassisted2s,TwoPtAssists,Assists,AtRimAssists,AssistPoints,OffTwoPtRebounds,DefThreePtRebounds,DefTwoPtRebounds,DefRebounds,OffRebounds,Rebounds,LiveBallTurnovers,BadPassTurnovers,Turnovers,FoulsDrawn,Loose Ball Fouls Drawn,FTA,TwoPtShootingFoulsDrawn,FirstChancePoints,Assisted2sPct,NonPutbacksAssisted2sPct,Fg2Pct,SecondChanceFg2Pct,EfgPct,SecondChanceEfgPct,TsPct,SecondChanceTsPct,LiveBallTurnoverPct,DefTwoPtReboundPct,OffTwoPtReboundPct,DefThreePtReboundPct,DefFGReboundPct,OffFGReboundPct,OffAtRimReboundPct,OffLongMidRangeReboundPct,DefAtRimReboundPct,DefShortMidRangeReboundPct,DefArc3ReboundPct,DefCorner3ReboundPct,Pace,SecondsPerPossOff,SecondsPerPossDef,SecondsExcludingORebsPerPossOff,SecondsExcludingORebsPerPossDef,AtRimFrequency,AtRimAccuracy,UnblockedAtRimAccuracy,AtRimPctAssisted,LongMidRangeFrequency,LongMidRangeAccuracy,UnblockedLongMidRangeAccuracy,SecondChanceAtRimFrequency,SecondChanceAtRimAccuracy,SecondChanceAtRimPctAssisted,AtRimFG3AFrequency,ShotQualityAvg,SecondChanceShotQualityAvg,ShootingFoulsDrawnPct,TwoPtShootingFoulsDrawnPct,SecondChancePointsPct,Avg2ptShotDistance,ShootingFouls,Fouls,Corner3FGA,Arc3FGA,FG3A,NonHeaveArc3FGA,FG3APct,Corner3Frequency,Arc3Frequency,Avg3ptShotDistance,PenaltyOffPoss,PenaltyAtRimFGM,PenaltyAtRimFGA,Arc3FGM,FG3M,PenaltyFG2M,PenaltyFG2A,PenaltyPoints,PtsUnassisted3s,NonHeaveArc3FGM,PenaltyPointsExcludingTakeFouls,PenaltyOffPossExcludingTakeFouls,Fg3Pct,NonHeaveFg3Pct,PenaltyFg2Pct,PenaltyEfgPct,PenaltyTsPct,DefLongMidRangeReboundPct,Arc3Accuracy,UnblockedArc3Accuracy,PenaltyAtRimFrequency,PenaltyAtRimAccuracy,NonHeaveArc3Accuracy,PenaltyShotQualityAvg,PenaltyPointsPct,PenaltyOffPossPct,PenaltyDefPoss,PenaltyFtPoints,BlockingFoulsDrawn,NonShootingFoulsDrawn,NonShootingPenaltyNonTakeFouls,NonShootingPenaltyNonTakeFoulsDrawn,Steals,LostBallSteals,LostBallTurnovers,2pt And 1 Free Throw Trips,Blocked2s,BlockedAtRim,Blocks,RecoveredBlocks,BlocksRecoveredPct,ShortMidRangeFGM,ShortMidRangeFGA,PenaltyCorner3FGA,PenaltyArc3FGM,PenaltyArc3FGA,PenaltyFG3M,PenaltyFG3A,PtsAssisted3s,ThreePtAssists,Arc3Assists,ShortMidRangeAssists,FTDefRebounds,Assisted3sPct,PenaltyFg3Pct,DefFTReboundPct,ShortMidRangeFrequency,ShortMidRangeAccuracy,UnblockedShortMidRangeAccuracy,ShortMidRangePctAssisted,Arc3PctAssisted,PenaltyCorner3Frequency,PenaltyArc3Frequency,PenaltyArc3Accuracy,Fg2aBlocked,SelfOReb,BadPassSteals,BadPassOutOfBoundsTurnovers,DeadBallTurnovers,SecondChanceTurnovers,FG2APctBlocked,AtRimPctBlocked,OffShortMidRangeReboundPct,SelfORebPct,Corner3FGM,SecondChanceFtPoints,PtsPutbacks,Corner3Assists,LongMidRangeAssists,Technical Free Throw Trips,LongMidRangePctAssisted,Corner3Accuracy,UnblockedCorner3Accuracy,Corner3PctAssisted,Charge Fouls,HeaveAttempts,PenaltyTurnovers,BlockedShortMidRange,SecondChanceArc3FGA,SecondChanceFG3A,SecondChanceArc3Frequency,Fg3aBlocked,OffThreePtRebounds,LostBallOutOfBoundsTurnovers,StepOutOfBoundsTurnovers,Loose Ball Fouls,Offensive Fouls,Offensive Fouls Drawn,ThreePtShootingFoulsDrawn,Blocked3s,BlockedArc3,BlockedLongMidRange,DefensiveGoaltends,3SecondViolations,FG3APctBlocked,ShortMidRangePctBlocked,LongMidRangePctBlocked,Arc3PctBlocked,OffThreePtReboundPct,OffArc3ReboundPct,OffCorner3ReboundPct,ThreePtShootingFoulsDrawnPct,PenaltyCorner3FGM,PenaltyCorner3Accuracy,BlockingFouls,SecondChanceArc3FGM,SecondChanceFG3M,SecondChanceFg3Pct,SecondChanceArc3Accuracy,SecondChanceArc3PctAssisted,Travels,SecondChanceCorner3FGA,SecondChanceCorner3Frequency,Defensive 3 Seconds Violations,Charge Fouls Drawn,FTOffRebounds,OffFTReboundPct,BlockedCorner3,SecondChanceCorner3FGM,SecondChanceCorner3Accuracy,SecondChanceCorner3PctAssisted,team_id,year,season,team_vs
1495-1626246-201980-202695-2225,1610612759,"Tim Duncan, Boban Marjanovic, Danny Green, Kawhi Leonard, Tony Parker","Duncan, Marjanovic, Green, Leonard, Parker",1495-1626246-201980-202695-2225,SAS,169.0,1,3.0,6.0,5.0,5.0,2.0,10.0,2.0,3.0,1.0,1.0,1.0,2.0,3.0,5.0,2.0,8.0,2.0,2.0,2.0,4.0,4.0,2.0,2.0,2.0,2.0,4.0,2.0,2.0,2.0,4.0,2.0,6.0,1.0,1.0,1.0,2.0,1.0,2.0,1.0,4.0,0.6666666666666666,0.6666666666666666,0.6,1.0,0.6,1.0,0.6666666666666666,1.0,1.0,1.0,1.0,1.0,1.0,1.0,1.0,1.0,1.0,1.0,1.0,1.0,85.20710059171597,17.8,16.0,13.4,16.0,0.6,0.6666666666666666,0.6666666666666666,1.0,0.4,0.5,0.5,0.5,1.0,1.0,0.6,0.5075999999999999,0.55055,0.16666666666666666,0.16666666666666666,0.5,9.3,,,,,,,,,,,,,,,,,,,,,,,,,,,,,,,,,,,,,,,,,,,,,,,,,,,,,,,,,,,,,,,,,,,,,,,,,,,,,,,,,,,,,,,,,,,,,,,,,,,,,,,,,,,,,,,,,,,,,,,,,,,,,,,,,,,,,,,,,,,,,,1610612759,2016,2015-16,True
1495-1626246-201980-2225-2755,1610612759,"Tim Duncan, Boban Marjanovic, Danny Green, Tony Parker, Kevin Martin","Duncan, Marjanovic, Green, Parker, Martin",1495-1626246-201980-2225-2755,SAS,60.0,1,1.0,-4.0,1.0,2.0,,3.0,,1.0,,,,,,1.0,,,4.0,,,,,,,,,,,,,,,,,,,,,,,,,,,,,,,,,,,,,,,,,,,,72.0,32.0,14.0,32.0,13.5,1.0,,,,,,,,,,1.0,0.4229,,,,,2.6,1.0,1.0,,,,,,,,,,,,,,,,,,,,,,,,,,,,,,,,,,,,,,,,,,,,,,,,,,,,,,,,,,,,,,,,,,,,,,,,,,,,,,,,,,,,,,,,,,,,,,,,,,,,,,,,,,,,,,,,,,,,,,,,,,,,,,,,,,,,,,,,,,,,1610612759,2016,2015-16,True
1495-1889-1938-200746-202695,1610612759,"Tim Duncan, Andre Miller, Manu Ginobili, LaMarcus Aldridge, Kawhi Leonard","Duncan, Miller, Ginobili, Aldridge, Leonard",1495-1889-1938-200746-202695,SAS,107.0,1,2.0,-7.0,3.0,3.0,,6.0,,,,,,1.0,,1.0,,,7.0,,,,,,,,,,,,,,,,,,,1.0,,,,,,,,,,,,,,,,,,,,,,,,,80.74766355140187,19.333333333333332,16.333333333333332,19.333333333333332,16.333333333333332,,,,,0.3333333333333333,,,,,,0.6666666666666666,0.49943333333333334,,,,,16.8,,,1.0,1.0,2.0,1.0,0.6666666666666666,0.3333333333333333,0.3333333333333333,23.7,,,,,,,,,,,,,,,,,,,,,,,,,,,,,,,,,,,,,,,,,,,,,,,,,,,,,,,,,,,,,,,,,,,,,,,,,,,,,,,,,,,,,,,,,,,,,,,,,,,,,,,,,,,,,,,,,,,,,,,,,,,,,,,,,,,,1610612759,2016,2015-16,True
1495-1889-1938-200746-203937,1610612759,"Tim Duncan, Andre Miller, Manu Ginobili, LaMarcus Aldridge, Kyle Anderson","Duncan, Miller, Ginobili, Aldridge, Anderson",1495-1889-1938-200746-203937,SAS,11.0,1,,1.0,1.0,,,1.0,,,,,,,,,1.0,1.0,,,,,,,,,,,,,,,,,,,,1.0,,2.0,1.0,1.0,,,,,,,0.5,,,,,,,,,,,,,,130.9090909090909,11.0,,11.0,,,,,,,,,,,,,,,1.0,1.0,,,,,,,,,,,,,,,,,,,,,,,,,,,,,,,,,,,,,,,,,,,,,,,,,,,,,,,,,,,,,,,,,,,,,,,,,,,,,,,,,,,,,,,,,,,,,,,,,,,,,,,,,,,,,,,,,,,,,,,,,,,,,,,,,,,,,,,,,,,,,,,,1610612759,2016,2015-16,True
1495-1889-1938-202695-2561,1610612759,"Tim Duncan, Andre Miller, Manu Ginobili, Kawhi Leonard, David West","Duncan, Miller, Ginobili, Leonard, West",1495-1889-1938-202695-2561,SAS,86.0,1,1.0,3.0,2.0,2.0,,4.0,1.0,1.0,,,,,1.0,1.0,,5.0,2.0,,,,,2.0,,,,,,,1.0,1.0,,1.0,,,,1.0,,,,5.0,,,1.0,,1.25,,1.25,,,1.0,,,1.0,,,,,,,,66.97674418604652,23.0,20.0,23.0,20.0,0.5,1.0,1.0,,,,,,,,1.0,0.55745,,,,,0.9,,1.0,,1.0,1.0,1.0,0.5,,0.5,26.3,1.0,1.0,1.0,1.0,1.0,1.0,1.0,2.0,3.0,1.0,2.0,1.0,1.0,1.0,1.0,1.0,1.0,1.0,1.0,1.0,1.0,1.0,1.0,0.6601,0.4,0.5,,,,,,,,,,,,,,,,,,,,,,,,,,,,,,,,,,,,,,,,,,,,,,,,,,,,,,,,,,,,,,,,,,,,,,,,,,,,,,,,,,,,,,,,,,,,,,,,,,,,,,,,,,1610612759,2016,2015-16,True
1495-1889-1938-203937-2561,1610612759,"Tim Duncan, Andre Miller, Manu Ginobili, Kyle Anderson, David West","Duncan, Miller, Ginobili, Anderson, West",1495-1889-1938-203937-2561,SAS,81.0,1,1.0,,4.0,4.0,,8.0,1.0,1.0,,,,,1.0,1.0,5.0,7.0,7.0,,,,,2.0,,,,,,,1.0,1.0,,1.0,,,,3.0,,6.0,,7.0,,,1.0,,1.0,,0.875,,,1.0,,,0.5,,,,1.0,,,,142.2222222222222,10.75,9.5,10.75,8.25,1.0,1.0,1.0,,,,,,,,1.0,0.6848,,,,,0.8,,1.0,,,,,,,,,4.0,1.0,1.0,,,1.0,1.0,7.0,,,5.0,3.0,,,1.0,1.0,0.875,,,,1.0,1.0,,0.6848,1.0,1.0,4.0,5.0,1.0,3.0,1.0,2.0,,,,,,,,,,,,,,,,,,,,,,,,,,,,,,,,,,,,,,,,,,,,,,,,,,,,,,,,,,,,,,,,,,,,,,,,,,,,,,,,,,,,,,,,,,,,,,,,,,,,1610612759,2016,2015-16,True
1495-1889-200746-201980-202695,1610612759,"Tim Duncan, Andre Miller, LaMarcus Aldridge, Danny Green, Kawhi Leonard","Duncan, Miller, Aldridge, Green, Leonard",1495-1889-200746-201980-202695,SAS,254.0,1,4.0,-4.0,9.0,9.0,1.0,18.0,3.0,5.0,1.0,1.0,,1.0,3.0,6.0,1.0,7.0,11.0,1.0,1.0,2.0,4.0,2.0,2.0,2.0,2.0,4.0,1.0,,3.0,3.0,1.0,4.0,3.0,,3.0,1.0,,1.0,1.0,5.0,0.6666666666666666,0.6666666666666666,0.5,1.0,0.42857142857142855,1.0,0.5,1.0,1.0,0.6,0.3333333333333333,,0.6,0.25,0.5,,0.6666666666666666,1.0,,,102.04724409448819,16.11111111111111,12.11111111111111,14.777777777777779,11.666666666666666,0.7142857142857143,0.6,0.6,0.6666666666666666,0.14285714285714285,,,1.0,1.0,,0.8571428571428571,0.59945,0.8763,0.14285714285714285,0.16666666666666666,0.2857142857142857,3.9333333333333336,1.0,2.0,1.0,,1.0,,0.14285714285714285,0.14285714285714285,,22.6,,,,,,,,,,,,,,,,,,,,,,,,,,,,,,,,,1.0,1.0,3.0,1.0,2.0,2.0,2.0,1.0,0.5,,,,,,,,,,,,,,,,,,,,,,,,,,,,,,,,,,,,,,,,,,,,,,,,,,,,,,,,,,,,,,,,,,,,,,,,,,,,,,,,,,,,,,,,,,,1610612759,2016,2015-16,True
1495-1889-203937-2561-2755,1610612759,"Tim Duncan, Andre Miller, Kyle Anderson, David West, Kevin Martin","Duncan, Miller, Anderson, West, Martin",1495-1889-203937-2561-2755,SAS,19.0,1,,-2.0,1.0,1.0,,2.0,,,,,,,,,,,2.0,,,,,,,,,,,,,,,,,,,,,,,,,,,,,,,,,,,,,,,,,,,,151.57894736842107,18.0,1.0,18.0,1.0,,,,,,,,,,,,,,,,,,,1.0,,,,,,,,,1.0,,,,,,,,,,,1.0,,,,,,,,,,,,,,1.0,1.0,,,,,,,,,,,,,,,,,,,,,,,,,,,,,,,,,,,,,,,,,,,,,,,,,,,,,,,,,,,,,,,,,,,,,,,,,,,,,,,,,,,,,,,,,,,,,,,,,,,,,,,,,1610612759,2016,2015-16,True
1495-1938-200746-201980-2225,1610612759,"Tim Duncan, Manu Ginobili, LaMarcus Aldridge, Danny Green, Tony Parker","Duncan, Ginobili, Aldridge, Green, Parker",1495-1938-200746-201980-2225,SAS,445.0,2,7.0,-2.0,14.0,13.0,1.0,27.0,4.0,5.0,1.0,1.0,1.0,3.0,6.0,9.0,3.0,21.0,23.0,1.0,1.0,2.0,8.0,4.0,4.0,6.0,3.0,14.0,1.0,,2.0,3.0,1.0,4.0,,,,3.0,1.0,4.0,2.0,19.0,0.6666666666666666,0.6666666666666666,0.6666666666666666,1.0,0.6923076923076923,1.0,0.7,1.0,,1.0,0.3333333333333333,,1.0,0.2,,0.5,,1.0,,,87.37078651685393,13.928571428571429,19.23076923076923,13.428571428571429,19.23076923076923,0.38461538461538464,0.8,0.8,0.75,0.23076923076923078,0.3333333333333333,0.3333333333333333,1.0,1.0,1.0,0.6923076923076923,0.6070115384615384,0.9131,0.13333333333333333,0.18181818181818182,0.09523809523809523,7.544444444444445,1.0,3.0,2.0,2.0,4.0,2.0,0.3076923076923077,0.15384615384615385,0.15384615384615385,24.725,8.0,1.0,1.0,2.0,2.0,3.0,4.0,10.0,,2.0,10.0,8.0,0.5,0.5,0.75,0.6428571428571429,0.625,1.0,1.0,1.0,0.14285714285714285,1.0,1.0,0.54625,0.47619047619047616,0.5714285714285714,4.0,1.0,,,1.0,,,,,,,,,,,1.0,1.0,2.0,1.0,1.0,1.0,3.0,6.0,2.0,2.0,1.0,1.0,1.0,0.3333333333333333,1.0,0.07692307692307693,1.0,1.0,1.0,1.0,0.2857142857142857,0.14285714285714285,1.0,,,,,,,,,,,,,,,,,,,,,,,,,,,,,,,,,,,,,,,,,,,,,,,,,,,,,,,,,,,,,,,,,,,,1610612759,2016,2015-16,True
1495-1938-200746-201988-202695,1610612759,"Tim Duncan, Manu Ginobili, LaMarcus Aldridge, Patty Mills, Kawhi Leonard","Duncan, Ginobili, Aldridge, Mills, Leonard",1495-1938-200746-201988-202695,SAS,5.0,1,,-3.0,,1.0,,1.0,,,,,,,,,,,3.0,,,,,,,,,,,,,,,,,,,,,,,,,,,,,,,,,,,,,,,,,,,,288.0,,5.0,,5.0,,,,,,,,,,,,,,,,,,1.0,1.0,,,,,,,,,,,,,,,,,,,,,,,,,,,,,,,,,,,1.0,,,,,,,,,,,,,,,,,,,,,,,,,,,,,,,,,,,,,,,,,,,,,,,,,,,,,,,,,,,,,,,,,,,,,,,,,,,,,,,,,,,,,,,,,,,,,,,,,,,,,,,,,1610612759,2016,2015-16,True
1495-1938-200746-201988-203937,1610612759,"Tim Duncan, Manu Ginobili, LaMarcus Aldridge, Patty Mills, Kyle Anderson","Duncan, Ginobili, Aldridge, Mills, Anderson",1495-1938-200746-201988-203937,SAS,162.0,1,3.0,-3.0,4.0,5.0,1.0,9.0,,1.0,,,1.0,1.0,1.0,4.0,,2.0,5.0,,,,,2.0,,,,,1.0,,2.0,2.0,1.0,3.0,,,1.0,,,,,2.0,,,0.25,,0.25,,0.25,,,1.0,0.3333333333333333,,1.0,0.3333333333333333,,,,1.0,,,80.0,22.75,14.2,18.25,14.2,0.25,,,,0.25,1.0,1.0,,,,0.25,0.4365,,,,,6.125,1.0,1.0,,,,,,,,,,,,,,,,,,,,,,,,,,,,,,,,,,,,,,,,,1.0,,,,,,,,,,2.0,,,,,,,,,,,,,,0.5,,,,,,,,1.0,1.0,1.0,1.0,1.0,1.0,0.25,1.0,0.5,0.5,,,,,,,,,,,,,,,,,,,,,,,,,,,,,,,,,,,,,,,,,,,,,,,,,,,,,,,,,,1610612759,2016,2015-16,True
1495-1938-200746-202695-2225,1610612759,"Tim Duncan, Manu Ginobili, LaMarcus Aldridge, Kawhi Leonard, Tony Parker","Duncan, Ginobili, Aldridge, Leonard, Parker",1495-1938-200746-202695-2225,SAS,1031.0,6,17.0,-2.0,33.0,33.0,4.0,66.0,4.0,10.0,3.0,3.0,1.0,4.0,8.0,20.0,6.0,34.0,36.0,3.0,3.0,8.0,6.0,10.0,3.0,6.0,1.0,15.0,4.0,2.0,9.0,11.0,4.0,15.0,1.0,,3.0,6.0,1.0,7.0,3.0,26.0,0.375,0.5,0.4,1.0,0.45161290322580644,1.0,0.4852941176470588,1.0,0.3333333333333333,0.8181818181818182,0.3333333333333333,0.6666666666666666,0.7857142857142857,0.21052631578947367,0.5,,0.6666666666666666,1.0,1.0,0.5,92.1823472356935,15.575757575757576,15.666666666666666,15.333333333333334,15.545454545454545,0.3225806451612903,0.4,0.8,0.25,0.12903225806451613,0.25,0.25,1.0,1.0,,0.6774193548387096,0.5326096774193548,0.6267333333333334,0.08823529411764706,0.13043478260869565,0.23529411764705882,7.025,2.0,5.0,5.0,6.0,11.0,6.0,0.3548387096774194,0.16129032258064516,0.1935483870967742,24.072727272727274,,,,1.0,4.0,,,1.0,3.0,1.0,1.0,,0.36363636363636365,0.36363636363636365,,,,,0.16666666666666666,0.16666666666666666,,,0.16666666666666666,,0.029411764705882353,,4.0,1.0,,,,,4.0,1.0,1.0,,,,,,,3.0,6.0,,,,,,9.0,3.0,1.0,1.0,,0.75,,,0.1935483870967742,0.5,0.5,0.3333333333333333,1.0,,,,5.0,,3.0,1.0,2.0,,0.25,0.5,0.3333333333333333,,3.0,2.0,4.0,2.0,1.0,1.0,1.0,0.6,0.6,0.6666666666666666,,,,,,,,,,,,,,,,,,,,,,,,,,,,,,,,,,,,,,,,,,,,,,,,1610612759,2016,2015-16,True
1495-1938-201980-2561-2755,1610612759,"Tim Duncan, Manu Ginobili, Danny Green, David West, Kevin Martin","Duncan, Ginobili, Green, West, Martin",1495-1938-201980-2561-2755,SAS,88.0,1,1.0,2.0,4.0,3.0,,7.0,,1.0,,,1.0,1.0,1.0,2.0,,2.0,,,,,2.0,,1.0,1.0,,2.0,,,1.0,1.0,,1.0,,,1.0,1.0,,,,2.0,1.0,1.0,0.5,,0.3333333333333333,,0.3333333333333333,,,0.5,,,0.5,,,,0.5,,,,114.54545454545455,9.75,16.333333333333332,9.75,15.666666666666666,0.3333333333333333,,,,0.3333333333333333,1.0,1.0,,,,0.6666666666666666,0.5126499999999999,,,,,10.3,,1.0,,1.0,1.0,1.0,0.3333333333333333,,0.3333333333333333,25.5,,,,,,,,,,,,,,,,,,,,,,,,,,,,,,,,,1.0,1.0,,,,,,,,,,,,,,,,,,,,,,,,,,,,,,,,,,,1.0,,,,,,,,,,1.0,,1.0,,,,1.0,,,,,,,,,,,,,,,,,,,,,,,,,,,,,,,,,,,,,,,,,,,,,,,1610612759,2016,2015-16,True
1495-1938-201988-202695-2561,1610612759,"Tim Duncan, Manu Ginobili, Patty Mills, Kawhi Leonard, David West","Duncan, Ginobili, Mills, Leonard, West",1495-1938-201988-202695-2561,SAS,80.0,1,1.0,-3.0,2.0,2.0,,4.0,,1.0,,,,,,2.0,,,3.0,,,,,,,,,,,,1.0,1.0,,1.0,,,,,,,,,,,,,,,,,,1.0,,,0.5,,,,,,,,72.0,23.5,16.5,23.5,12.5,0.5,,,,,,,,,,0.5,0.5711,,,,,5.3,,,,,,,,,,,,,,,,,,,,,,,,,,,,1.0,,,,,,,,,,,,,,,,,,,,,,,,,1.0,,,,,,,,,,,,,,0.5,,,,,,,,1.0,,,,,,0.5,1.0,,,,,,,,,,,,,,,,,,,,,,,,,,,,,,,,,,,,,,,,,,,,,,,,,,,,,,,,,,,,1610612759,2016,2015-16,True
1495-1938-201988-202695-2564,1610612759,"Tim Duncan, Manu Ginobili, Patty Mills, Kawhi Leonard, Boris Diaw","Duncan, Ginobili, Mills, Leonard, Diaw",1495-1938-201988-202695-2564,SAS,104.0,1,2.0,-3.0,3.0,3.0,,6.0,,1.0,,,,,,1.0,,,3.0,,,,,,,,,,,,2.0,2.0,,2.0,,,2.0,1.0,,,,,,,,,,,,,,0.6666666666666666,,,0.6666666666666666,,,,1.0,,,,83.07692307692308,10.333333333333334,24.333333333333332,10.333333333333334,24.333333333333332,0.5,,,,,,,,,,1.0,0.4852,,,,,2.1,,2.0,,1.0,1.0,,0.5,,0.5,59.8,1.0,,,,,,,,,,,1.0,,,,,,1.0,,,,,,,,0.3333333333333333,1.0,,,,,,,,,,1.0,,1.0,,,,,,,1.0,,1.0,,,,,,,,,,,,,,,1.0,,1.0,,,1.0,2.0,,1.0,1.0,,,,,,,,,,,,,1.0,1.0,1.0,1.0,,,,,,,,,,,,,,,,,,,,,,,,,,,,,,,,,,,,,,,,,,,,1610612759,2016,2015-16,True
1495-1938-201988-203937-2561,1610612759,"Tim Duncan, Manu Ginobili, Patty Mills, Kyle Anderson, David West","Duncan, Ginobili, Mills, Anderson, West",1495-1938-201988-203937-2561,SAS,73.0,1,1.0,-2.0,2.0,3.0,1.0,5.0,1.0,1.0,1.0,1.0,,,1.0,2.0,,2.0,4.0,1.0,1.0,2.0,,2.0,,,,,1.0,,1.0,1.0,1.0,2.0,1.0,1.0,1.0,1.0,,,,,,,0.5,1.0,0.5,1.0,0.5,1.0,1.0,1.0,1.0,,1.0,1.0,,,,1.0,,,98.63013698630138,19.0,11.666666666666666,18.5,11.666666666666666,0.5,1.0,1.0,,,,,1.0,1.0,,0.5,0.52695,0.6662,,,1.0,4.5,1.0,2.0,,,,,,,,,,,,,,,,,,,,,,,,,,,,,,,,,,,,,,,,,,,,,,,,,,,1.0,,,,,,,,,,,,,,0.5,,,,,,,,,1.0,,,,,,,1.0,1.0,,,2.0,,,,,,,,,,,,,,,,,,,,,,,,,,,,,,,,,,,,,,,,,,,,,,,,,,,,,,,1610612759,2016,2015-16,True
1495-1938-201988-203937-2564,1610612759,"Tim Duncan, Manu Ginobili, Patty Mills, Kyle Anderson, Boris Diaw","Duncan, Ginobili, Mills, Anderson, Diaw",1495-1938-201988-203937-2564,SAS,295.0,2,5.0,2.0,12.0,11.0,,23.0,1.0,3.0,,,2.0,3.0,3.0,6.0,5.0,11.0,9.0,,,,4.0,2.0,2.0,2.0,1.0,4.0,,,2.0,3.0,,3.0,,,1.0,3.0,,6.0,3.0,11.0,0.6666666666666666,0.6666666666666666,0.5,,0.42857142857142855,,0.55,,,0.6666666666666666,,,0.6666666666666666,,,,,1.0,,,112.27118644067797,9.0,17.0,9.0,15.636363636363637,0.42857142857142855,0.3333333333333333,0.5,1.0,0.42857142857142855,0.6666666666666666,0.6666666666666666,,,,0.5714285714285714,0.5937,,0.3,0.3333333333333333,,9.133333333333333,3.0,7.0,,1.0,1.0,1.0,0.14285714285714285,,0.14285714285714285,24.8,4.0,,1.0,,,1.0,2.0,4.0,,,4.0,4.0,,,0.5,0.5,0.6666666666666666,,,,0.5,,,0.53635,0.36363636363636365,0.3333333333333333,6.0,2.0,,,1.0,,4.0,2.0,,,2.0,,2.0,2.0,1.0,,,,,,,,,,,,1.0,,,1.0,,,,,,,,,1.0,,2.0,1.0,1.0,,0.16666666666666666,0.3333333333333333,,,,,,,1.0,,0.5,,,,,,1.0,2.0,,,,,,,,,,,,,,,,,,,,,,,,,,,,,,,,,,,,,,,,,,,,1610612759,2016,2015-16,True
1495-1938-201988-203937-2755,1610612759,"Tim Duncan, Manu Ginobili, Patty Mills, Kyle Anderson, Kevin Martin","Duncan, Ginobili, Mills, Anderson, Martin",1495-1938-201988-203937-2755,SAS,75.0,1,1.0,-1.0,2.0,3.0,,5.0,,,,,,,,,2.0,2.0,3.0,,,,,,,,,,,,1.0,1.0,,1.0,,,,1.0,,2.0,1.0,2.0,,,,,,,0.5,,,0.5,,,0.5,,,,0.5,,,,96.0,18.5,12.666666666666666,18.5,12.333333333333334,,,,,,,,,,,1.0,0.4455,,0.5,1.0,,,1.0,1.0,1.0,,1.0,,1.0,1.0,,22.2,2.0,,,,,,,2.0,,,2.0,2.0,,,,,0.5,,,,,,,0.4455,1.0,1.0,2.0,2.0,,,,,,,,,,,,,,,,1.0,,,,1.0,,,,,,,,,,,,,,1.0,,,,,,,,,,,,,,,,,,,,,,,,,,,,,,,,,,,,,,,,,,,,,,,,,,,,,,,,,,,,,,,,,,,,,,1610612759,2016,2015-16,True
1495-1938-202695-2225-2561,1610612759,"Tim Duncan, Manu Ginobili, Kawhi Leonard, Tony Parker, David West","Duncan, Ginobili, Leonard, Parker, West",1495-1938-202695-2225-2561,SAS,16.0,1,,,1.0,,,1.0,,,,,,,,,,,,,,,,,,,,,,,,,,,,,1.0,,,,,,,,,,,,,,,,,,,,,,,,,,90.0,10.0,,10.0,,,,,,,,,,,,,,,,,,,,,,,,,,,,,,,,,,,,,,,,,,,,,,,,,,,,,,,,,,,,,,,,,,,,,,,,,,,,,,,,,,,,,,,,,,,,,,,,,1.0,,,,,,,,,,,,,,,,,,,,,,,,,,,,,,,,,,,,,,,,,,,,,,,,,,,,,,,,,,,,,,,1610612759,2016,2015-16,True
1495-200746-201980-201988-202695,1610612759,"Tim Duncan, LaMarcus Aldridge, Danny Green, Patty Mills, Kawhi Leonard","Duncan, Aldridge, Green, Mills, Leonard",1495-200746-201980-201988-202695,SAS,498.0,2,8.0,,16.0,16.0,1.0,32.0,3.0,5.0,,1.0,2.0,3.0,5.0,10.0,2.0,12.0,12.0,,1.0,,4.0,6.0,2.0,2.0,1.0,4.0,2.0,2.0,6.0,8.0,2.0,10.0,2.0,1.0,2.0,1.0,,2.0,1.0,12.0,0.4,0.4,0.5,,0.35714285714285715,,0.4,,1.0,0.75,0.4,0.6666666666666666,0.7272727272727273,0.2222222222222222,0.5,,1.0,0.5,0.6666666666666666,,92.5301204819277,13.8125,17.3125,12.4375,15.9375,0.35714285714285715,0.6,0.6,0.3333333333333333,0.21428571428571427,0.6666666666666666,0.6666666666666666,0.5,,,0.6428571428571429,0.555475,0.54945,0.06666666666666667,0.09090909090909091,,7.58,,3.0,1.0,3.0,4.0,3.0,0.2857142857142857,0.07142857142857142,0.21428571428571427,24.65,2.0,1.0,1.0,,,1.0,1.0,2.0,,,2.0,2.0,,,1.0,1.0,1.0,0.75,,,1.0,1.0,,0.8821,0.16666666666666666,0.125,,,,,,,3.0,1.0,1.0,,,,,,,,2.0,,,,,,,,,,,,,,0.14285714285714285,,,,,,,,,,2.0,,,,,,0.5,,,,,,1.0,,0.5,,,,,,,,1.0,1.0,0.5,,,,,,,,,,,,,,,,,,,,,,,,,,,,,,,,,,,,,,,,,1610612759,2016,2015-16,True
1495-200746-201980-202695-2225,1610612759,"Tim Duncan, LaMarcus Aldridge, Danny Green, Kawhi Leonard, Tony Parker","Duncan, Aldridge, Green, Leonard, Parker",1495-200746-201980-202695-2225,SAS,7833.0,10,131.0,-35.0,245.0,243.0,31.0,488.0,32.0,79.0,6.0,21.0,28.0,56.0,69.0,169.0,40.0,229.0,264.0,6.0,26.0,19.0,64.0,74.0,32.0,48.0,14.0,112.0,31.0,15.0,78.0,97.0,38.0,135.0,27.0,20.0,40.0,42.0,3.0,47.0,22.0,210.0,0.463768115942029,0.48484848484848486,0.40828402366863903,0.23076923076923078,0.421875,0.21428571428571427,0.463265306122449,0.296875,0.675,0.8125,0.31,0.75,0.8017241379310345,0.2753623188405797,0.425531914893617,0.21428571428571427,0.65625,0.8787878787878788,0.7142857142857143,0.8333333333333334,89.71275373420144,15.440816326530612,16.666666666666668,14.73469387755102,16.14814814814815,0.35267857142857145,0.4050632911392405,0.5423728813559322,0.4375,0.25,0.5,0.5185185185185185,0.75,0.2857142857142857,0.3333333333333333,0.5982142857142857,0.5206841517857143,0.551962,0.09387755102040816,0.1164021164021164,0.08296943231441048,8.357396449704142,17.0,35.0,19.0,36.0,55.0,36.0,0.24553571428571427,0.08482142857142858,0.16071428571428573,24.452727272727273,3.0,,,14.0,17.0,,1.0,2.0,3.0,14.0,2.0,3.0,0.3090909090909091,0.3090909090909091,,,0.3333333333333333,0.9032258064516129,0.3888888888888889,0.4,,,0.3888888888888889,0.3878,0.008733624454148471,0.012244897959183673,14.0,2.0,1.0,,1.0,,14.0,3.0,7.0,2.0,17.0,10.0,18.0,12.0,0.6666666666666666,9.0,34.0,,,,,,48.0,16.0,13.0,3.0,4.0,0.9411764705882353,,1.0,0.15178571428571427,0.2647058823529412,0.3103448275862069,0.3333333333333333,0.9285714285714286,,,,27.0,7.0,11.0,6.0,13.0,6.0,0.15976331360946747,0.25316455696202533,0.2,0.06363636363636363,3.0,7.0,6.0,3.0,15.0,2.0,0.5357142857142857,0.15789473684210525,0.15789473684210525,1.0,,,1.0,5.0,2.0,2.0,0.07142857142857142,1.0,7.0,1.0,1.0,1.0,2.0,3.0,1.0,1.0,1.0,2.0,1.0,1.0,0.01818181818181818,0.14705882352941177,0.03571428571428571,0.027777777777777776,0.18421052631578946,0.18181818181818182,0.1875,0.017857142857142856,,,,,,,,,,,,,,,,,,,,1610612759,2016,2015-16,True
1495-200746-201980-203937-2225,1610612759,"Tim Duncan, LaMarcus Aldridge, Danny Green, Kyle Anderson, Tony Parker","Duncan, Aldridge, Green, Anderson, Parker",1495-200746-201980-203937-2225,SAS,181.0,2,3.0,-4.0,7.0,6.0,1.0,13.0,1.0,1.0,,,,1.0,1.0,4.0,2.0,4.0,8.0,,1.0,,2.0,,1.0,1.0,1.0,2.0,1.0,,2.0,2.0,1.0,3.0,1.0,1.0,1.0,1.0,,2.0,1.0,4.0,1.0,1.0,0.25,,0.16666666666666666,,0.2857142857142857,,1.0,1.0,0.3333333333333333,,1.0,0.2,,,,1.0,,,103.42541436464089,13.857142857142858,14.0,13.857142857142858,14.0,0.16666666666666666,1.0,1.0,1.0,0.16666666666666666,,,,,,0.5,0.48609166666666664,0.285,0.14285714285714285,0.2,,8.7,,,1.0,1.0,2.0,1.0,0.3333333333333333,0.16666666666666666,0.16666666666666666,26.3,,,,,,,,,,,,,,,,,,1.0,,,,,,,,,,,,,,,,,,,,,,,,,2.0,,,,,,,,,,,,,,0.3333333333333333,,,,,,,,1.0,,,,,,0.25,,0.5,,,,,,,,,,,,,,,,,,,,,,,,,,,,,,,,,0.5,,,,,,,,,,,,,,,,,,,,,,,,,,1610612759,2016,2015-16,True
1495-200746-202695-203613-2225,1610612759,"Tim Duncan, LaMarcus Aldridge, Kawhi Leonard, Jonathon Simmons, Tony Parker","Duncan, Aldridge, Leonard, Simmons, Parker",1495-200746-202695-203613-2225,SAS,206.0,1,3.0,3.0,6.0,6.0,1.0,12.0,,2.0,,,1.0,2.0,1.0,4.0,2.0,7.0,4.0,,,,2.0,,1.0,2.0,,5.0,1.0,,1.0,1.0,1.0,2.0,,,1.0,3.0,,3.0,2.0,7.0,1.0,1.0,0.25,,0.5,,0.5833333333333334,,,1.0,0.3333333333333333,,1.0,0.3333333333333333,0.5,,1.0,,,,83.88349514563107,17.5,16.833333333333332,15.833333333333334,16.833333333333332,0.4,,,,0.4,0.5,0.5,,,,0.6,0.54351,,0.3333333333333333,0.4,,8.325,1.0,2.0,,1.0,1.0,1.0,0.2,,0.2,24.9,,,,1.0,1.0,,,,,1.0,,,1.0,1.0,,,,,1.0,1.0,,,1.0,,,,4.0,,,,,,1.0,,,1.0,1.0,1.0,1.0,1.0,1.0,,,,,,,,3.0,1.0,1.0,,,1.0,,,,,,,1.0,,,,1.0,,1.0,1.0,1.0,1.0,0.25,0.5,,,,,,,1.0,,1.0,,,,,,,,,,,,,,,,,1.0,,,,,,,,,,,,,,,,,,,,,,,,,,,,,,,,,,1610612759,2016,2015-16,True
1495-200746-202695-203937-2225,1610612759,"Tim Duncan, LaMarcus Aldridge, Kawhi Leonard, Kyle Anderson, Tony Parker","Duncan, Aldridge, Leonard, Anderson, Parker",1495-200746-202695-203937-2225,SAS,110.0,1,2.0,,3.0,3.0,,6.0,1.0,1.0,,,1.0,1.0,2.0,3.0,,4.0,4.0,,,,,4.0,,,,,,,1.0,1.0,,1.0,,,,,,,,4.0,,,0.6666666666666666,,0.6666666666666666,,0.6666666666666666,,,0.5,,,0.5,,,,,1.0,,,78.54545454545455,18.333333333333332,18.333333333333332,18.333333333333332,14.333333333333334,0.3333333333333333,1.0,1.0,,0.3333333333333333,1.0,1.0,,,,0.3333333333333333,0.42283333333333334,,,,,8.833333333333334,1.0,1.0,,,,,,,,,,,,,,,,,,,,,,,,,,,,,,,,,,,,,,,,,,,,,,,,,,,1.0,,,,,,,,,,,,,,0.3333333333333333,,,,,,,,1.0,,,,,,0.3333333333333333,,,,,,,,,,,,,,,,,,,,,,,,,,,,,,,,,,,1.0,,,,,,,,,,,,,,,,,,,,,,,,,,1610612759,2016,2015-16,True
1495-200746-202695-2225-2755,1610612759,"Tim Duncan, LaMarcus Aldridge, Kawhi Leonard, Tony Parker, Kevin Martin","Duncan, Aldridge, Leonard, Parker, Martin",1495-200746-202695-2225-2755,SAS,233.0,1,4.0,1.0,7.0,8.0,2.0,15.0,3.0,3.0,1.0,1.0,,1.0,4.0,6.0,3.0,11.0,10.0,1.0,2.0,2.0,2.0,6.0,1.0,1.0,1.0,2.0,1.0,,1.0,1.0,2.0,3.0,,,,3.0,,5.0,1.0,9.0,0.25,0.3333333333333333,0.6666666666666666,0.5,0.5714285714285714,0.5,0.6111111111111112,0.5,,0.5,0.5,,0.5,0.6666666666666666,,,,,,,92.70386266094421,16.428571428571427,14.75,15.571428571428571,13.5,0.42857142857142855,1.0,1.0,0.3333333333333333,0.14285714285714285,,,0.5,1.0,,0.5714285714285714,0.6075857142857143,0.4213,0.2222222222222222,0.14285714285714285,0.18181818181818182,6.766666666666667,,2.0,,1.0,1.0,1.0,0.14285714285714285,,0.14285714285714285,24.9,6.0,3.0,3.0,,,3.0,5.0,9.0,,,9.0,6.0,,,0.6,0.5,0.5625,1.0,,,0.5,1.0,,0.6432,0.8181818181818182,0.8571428571428571,5.0,3.0,,,,,2.0,2.0,,,,,,,,1.0,2.0,,,1.0,,1.0,,,,,,,,,0.2857142857142857,0.5,0.5,,,,0.16666666666666666,,,,,,,,,,1.0,,,,2.0,,,,,,,,,,,,,,,,1.0,,,2.0,,,1.0,,,,,,,,,,1.0,1.0,,0.5,,,,,,,,,,,,,,,,,,,,1610612759,2016,2015-16,True
1495-201980-201988-202695-203937,1610612759,"Tim Duncan, Danny Green, Patty Mills, Kawhi Leonard, Kyle Anderson","Duncan, Green, Mills, Leonard, Anderson",1495-201980-201988-202695-203937,SAS,267.0,1,4.0,,9.0,9.0,3.0,18.0,3.0,4.0,2.0,3.0,,1.0,5.0,9.0,,13.0,13.0,2.0,4.0,4.0,6.0,4.0,3.0,4.0,1.0,9.0,4.0,,2.0,2.0,5.0,7.0,1.0,,2.0,,,,,9.0,0.6,1.0,0.5555555555555556,0.5,0.5416666666666666,0.5,0.5416666666666666,0.5,0.5,0.6666666666666666,1.0,,0.6666666666666666,0.8333333333333334,1.0,1.0,,,,,97.07865168539325,16.88888888888889,12.777777777777779,16.11111111111111,12.444444444444445,0.3333333333333333,0.75,0.75,0.3333333333333333,0.08333333333333333,,,0.75,0.6666666666666666,,0.5833333333333334,0.5476625,0.7228,,,0.3076923076923077,6.588888888888889,,,1.0,2.0,3.0,2.0,0.25,0.08333333333333333,0.16666666666666666,24.266666666666666,9.0,3.0,4.0,,1.0,5.0,9.0,13.0,,,13.0,9.0,0.3333333333333333,0.3333333333333333,0.5555555555555556,0.5416666666666666,0.5416666666666666,1.0,,,0.3333333333333333,0.75,,0.5476625,1.0,1.0,,,,,,,1.0,,1.0,,,,,,,2.0,4.0,1.0,,2.0,1.0,3.0,3.0,1.0,,2.0,,1.0,0.3333333333333333,,0.3333333333333333,0.5,0.5,1.0,,0.08333333333333333,0.16666666666666666,,,1.0,1.0,,1.0,1.0,,,1.0,0.16666666666666666,1.0,,4.0,1.0,,,,1.0,1.0,1.0,,,2.0,,,,,,1.0,,,,,,,,,,,,,,,,0.5,0.5,,,1.0,1.0,,,,,,,,,,,,,,,,,,1610612759,2016,2015-16,True
1495-201980-201988-202695-2564,1610612759,"Tim Duncan, Danny Green, Patty Mills, Kawhi Leonard, Boris Diaw","Duncan, Green, Mills, Leonard, Diaw",1495-201980-201988-202695-2564,SAS,226.0,2,4.0,-6.0,8.0,8.0,1.0,16.0,2.0,2.0,,,1.0,1.0,3.0,6.0,1.0,7.0,13.0,1.0,1.0,2.0,4.0,2.0,2.0,2.0,2.0,4.0,1.0,1.0,1.0,2.0,1.0,3.0,,,1.0,1.0,,2.0,1.0,5.0,0.6666666666666666,0.6666666666666666,0.5,1.0,0.42857142857142855,1.0,0.4375,1.0,,1.0,0.3333333333333333,1.0,1.0,0.25,,,,1.0,1.0,,101.94690265486726,15.375,12.875,14.625,11.125,0.2857142857142857,1.0,1.0,1.0,0.14285714285714285,1.0,1.0,,,,0.42857142857142855,0.5146857142857143,0.381,0.125,0.14285714285714285,0.2857142857142857,7.066666666666666,,2.0,1.0,,1.0,,0.14285714285714285,0.14285714285714285,,23.5,,,,,,,,,,,,,,,,,,,,,,,,,,,,,1.0,,,,1.0,1.0,,,,,,,,,3.0,,,,,,,,,,,,,,0.42857142857142855,,,,,,,,1.0,,,,1.0,,0.16666666666666666,,0.3333333333333333,,,,,,,,,,,,,,,,,,,,,,,,1.0,,,,,,,,,0.3333333333333333,,,,,,,,,,,,,,,,,,,,,,,,,,1610612759,2016,2015-16,True
1495-201980-202695-2225-2561,1610612759,"Tim Duncan, Danny Green, Kawhi Leonard, Tony Parker, David West","Duncan, Green, Leonard, Parker, West",1495-201980-202695-2225-2561,SAS,206.0,1,3.0,-5.0,3.0,4.0,1.0,7.0,1.0,3.0,,,,1.0,1.0,4.0,,2.0,7.0,,1.0,,2.0,,1.0,1.0,1.0,2.0,1.0,,1.0,1.0,3.0,4.0,,,,1.0,,,,2.0,1.0,1.0,0.25,,0.16666666666666666,,0.16666666666666666,,,0.5,0.3333333333333333,,0.3333333333333333,0.6,0.5,,,,,,48.932038834951456,40.333333333333336,21.25,30.333333333333332,17.5,0.5,0.3333333333333333,0.5,1.0,0.16666666666666666,,,,,,0.8333333333333334,0.5292916666666666,,,,,5.9,1.0,2.0,1.0,1.0,2.0,1.0,0.3333333333333333,0.16666666666666666,0.16666666666666666,24.35,,,,,,,,,,,,,,,,,,0.5,,,,,,,,,2.0,,,,,,,,,,,,,,,,,,,,,,,,,,,,,,,,,,,,,,1.0,,,,,,0.25,0.3333333333333333,,,,,,,,,,,,,,,,,1.0,1.0,0.5,,2.0,,,,,,,,,,,,,,,,1.0,1.0,1.0,,,,1.0,,,,,,,,,,,,,,,,,1610612759,2016,2015-16,True
1495-201980-203937-2225-2561,1610612759,"Tim Duncan, Danny Green, Kyle Anderson, Tony Parker, David West","Duncan, Green, Anderson, Parker, West",1495-201980-203937-2225-2561,SAS,84.0,1,1.0,2.0,2.0,2.0,,4.0,1.0,1.0,,,1.0,1.0,2.0,2.0,,4.0,2.0,,,,,4.0,,,,,,,1.0,1.0,,1.0,,,,,,,,4.0,,,1.0,,1.0,,1.0,,,0.5,,,0.5,,,,1.0,,,,68.57142857142857,12.5,29.5,12.5,28.0,0.5,1.0,1.0,,0.5,1.0,1.0,,,,0.5,0.59935,,,,,9.0,,,,,,,,,,,,,,,,,,,,,,,,,,,,,,,,,,,,,,,,,,,,,,,,,,,,,,,,,,,,,,,,,,,,,,,,,,,,,,,,,,,,,,,,,,,,,,,,,,,,,,,,,,,,,,,,,,,,,,,,,,,,,,,,,,,,,,,,,,,,,,1610612759,2016,2015-16,True
1495-201988-202695-203937-2564,1610612759,"Tim Duncan, Patty Mills, Kawhi Leonard, Kyle Anderson, Boris Diaw","Duncan, Mills, Leonard, Anderson, Diaw",1495-201988-202695-203937-2564,SAS,25.0,1,,2.0,1.0,1.0,,2.0,,,,,,,1.0,1.0,,2.0,,,,,,2.0,,,,,,1.0,,1.0,,1.0,,,,,,,,2.0,,,1.0,,1.0,,1.0,,,,,1.0,1.0,,,,,,1.0,,115.19999999999999,7.0,18.0,7.0,18.0,,,,,,,,,,,,0.4259,,,,,7.6,,,,,,,,,,,,,,,,,,,,,,,,,,,,,,,,,,,,,,,,,,,,,,,,,,,,1.0,1.0,,,,,,,,,,,,,,1.0,1.0,1.0,,,,,,,,,,,,,,,,,,,,,,,,,,,,,,,,,,,,,,,,,,,,,,,,,,,,,,,,,,,,,,,,,,,,,,,,,1610612759,2016,2015-16,True
1495-202695-2225-2564-2755,1610612759,"Tim Duncan, Kawhi Leonard, Tony Parker, Boris Diaw, Kevin Martin","Duncan, Leonard, Parker, Diaw, Martin",1495-202695-2225-2564-2755,SAS,66.0,1,1.0,-4.0,1.0,2.0,,3.0,,,,,,,,1.0,,,4.0,,,,,,,,,,,,,,,,,,,1.0,,,,,,,,,,,,,,,,,,,,,,,,,65.45454545454545,30.0,18.0,30.0,18.0,,,,,,,,,,,,0.4089,,,,,10.0,,,,,,,,,,,,,,,,,,,,,,,,,,,,,,,,,,,,,,,,,,,,,,,,,,,,,1.0,,,,,,,,,,,,,,1.0,,,,,,,,,,,,,,,,,,,,,,,,,,,,,,,,,,,,,,,,,,,,,,,,,,,,,,,,,,,,,,,,,,,,,,,,,,,1610612759,2016,2015-16,True
1626246-1889-201980-2561-2755,1610612759,"Boban Marjanovic, Andre Miller, Danny Green, David West, Kevin Martin","Marjanovic, Miller, Green, West, Martin",1626246-1889-201980-2561-2755,SAS,196.0,1,3.0,-6.0,7.0,6.0,,13.0,,,,,,2.0,1.0,4.0,,2.0,8.0,,,,,2.0,,,,,,,2.0,2.0,,2.0,1.0,1.0,2.0,,,,,2.0,,,0.25,,0.2,,0.2,,0.5,1.0,,,1.0,,,,,1.0,,,95.51020408163265,19.0,10.5,19.0,10.5,,,,,0.4,,,,,,0.2,0.37818,,,,,13.95,1.0,1.0,1.0,,1.0,,0.2,0.2,,22.2,,,,,,,,,,,,,,,,,,1.0,,,,,,,,,6.0,,,,,,,,,,,,,,,1.0,2.0,,,,,,,,,,,,,,0.4,0.5,0.5,,,,,,,,,,1.0,,,,,,,,,,,,,,,,,,,,,,,,,,,,,,,,,,,,,,,,,,,,,,,,,,,,,,,,,,,,,,,1610612759,2016,2015-16,True
1626246-1889-203613-203937-2561,1610612759,"Boban Marjanovic, Andre Miller, Jonathon Simmons, Kyle Anderson, David West","Marjanovic, Miller, Simmons, Anderson, West",1626246-1889-203613-203937-2561,SAS,148.0,1,2.0,2.0,5.0,5.0,1.0,10.0,2.0,2.0,,,,,2.0,2.0,,7.0,5.0,,,,4.0,,2.0,3.0,2.0,7.0,,,2.0,2.0,1.0,3.0,1.0,,1.0,1.0,1.0,2.0,,7.0,1.0,1.0,1.0,,0.875,,0.7,,1.0,0.6666666666666666,,,0.6666666666666666,1.0,,,0.5,,,,97.29729729729729,10.8,18.8,10.4,18.8,0.5,1.0,1.0,1.0,,,,,,,1.0,0.6193875,,,,,1.15,,,1.0,1.0,2.0,1.0,0.5,0.25,0.25,24.8,5.0,2.0,2.0,,1.0,2.0,2.0,7.0,,,7.0,5.0,0.5,0.5,1.0,0.875,0.7,1.0,,,0.5,1.0,,0.6193875,1.0,1.0,5.0,,,1.0,,1.0,,,1.0,,2.0,2.0,2.0,1.0,0.5,,,1.0,,1.0,1.0,2.0,3.0,1.0,,,,1.0,0.5,,,,,,,0.25,0.25,,,,,,,,,,,,1.0,,,1.0,,,,1.0,1.0,1.0,,,1.0,,,,,,1.0,,,,,,,,,,,,,,,,1.0,1.0,,,1.0,1.0,,,,,,,,,,,,,,,,,,1610612759,2016,2015-16,True
1626246-1889-203613-203937-2564,1610612759,"Boban Marjanovic, Andre Miller, Jonathon Simmons, Kyle Anderson, Boris Diaw","Marjanovic, Miller, Simmons, Anderson, Diaw",1626246-1889-203613-203937-2564,SAS,279.0,1,5.0,-6.0,8.0,9.0,1.0,17.0,2.0,2.0,,,,3.0,2.0,5.0,4.0,11.0,17.0,,,,2.0,2.0,1.0,1.0,1.0,2.0,1.0,,,,1.0,1.0,,,1.0,2.0,,4.0,2.0,11.0,0.5,0.5,0.4,,0.5833333333333334,,0.6875,,,,0.3333333333333333,,,0.3333333333333333,,0.3333333333333333,,,,,87.74193548387096,15.0,17.666666666666668,14.875,16.77777777777778,0.3333333333333333,1.0,1.0,0.5,0.5,,,,,,0.5,0.5402333333333333,,0.25,0.2857142857142857,,11.459999999999999,2.0,4.0,,1.0,1.0,1.0,0.16666666666666666,,0.16666666666666666,25.0,8.0,2.0,2.0,1.0,1.0,2.0,5.0,11.0,3.0,1.0,11.0,8.0,1.0,1.0,0.4,0.5833333333333334,0.6875,,1.0,1.0,0.3333333333333333,1.0,1.0,0.5402333333333333,1.0,1.0,9.0,4.0,,,1.0,,1.0,,,,,,,,,,,,1.0,1.0,1.0,1.0,,,,,,,1.0,,,,,,,,0.16666666666666666,1.0,,,1.0,,1.0,1.0,,,,,,,,,,,,,,,,,1.0,,,,,,,,1.0,,,,,,,,,,,,,,,,,,,,,,,,,,,,,,,,,,,,,1610612759,2016,2015-16,True
1626246-1889-203937-2561-2755,1610612759,"Boban Marjanovic, Andre Miller, Kyle Anderson, David West, Kevin Martin","Marjanovic, Miller, Anderson, West, Martin",1626246-1889-203937-2561-2755,SAS,452.0,2,8.0,4.0,14.0,15.0,,29.0,1.0,2.0,,,2.0,2.0,3.0,4.0,2.0,17.0,13.0,,,,2.0,4.0,1.0,4.0,1.0,11.0,,1.0,4.0,5.0,,5.0,,,1.0,4.0,1.0,4.0,1.0,17.0,0.3333333333333333,0.3333333333333333,0.75,,0.75,,0.7083333333333334,,,0.6666666666666666,,1.0,0.7142857142857143,,,,,1.0,,1.0,92.38938053097345,13.214285714285714,17.8,13.214285714285714,16.466666666666665,0.2,0.5,1.0,1.0,0.2,1.0,1.0,,,,0.8,0.5521550000000001,,0.09090909090909091,0.2,,9.15,1.0,3.0,3.0,3.0,6.0,3.0,0.6,0.3,0.3,24.366666666666664,9.0,1.0,2.0,1.0,3.0,2.0,3.0,12.0,,1.0,12.0,9.0,0.5,0.5,0.6666666666666666,0.7142857142857143,0.75,0.6,0.3333333333333333,0.3333333333333333,0.2857142857142857,0.5,0.3333333333333333,0.5948857142857144,0.7058823529411765,0.6428571428571429,6.0,2.0,,1.0,2.0,1.0,,,,,1.0,,1.0,,,,,1.0,1.0,3.0,2.0,4.0,9.0,3.0,1.0,,,1.0,0.5,,,,,,1.0,0.14285714285714285,0.42857142857142855,0.3333333333333333,1.0,,,1.0,1.0,,0.25,0.5,,,2.0,,,2.0,,,,0.6666666666666666,0.6666666666666666,1.0,,,,,,,,,,,,,,1.0,,,,1.0,,,,,,,,,,,1.0,1.0,,,,,,,,,,,,,,,,,,1610612759,2016,2015-16,True
1626246-1889-203937-2564-2755,1610612759,"Boban Marjanovic, Andre Miller, Kyle Anderson, Boris Diaw, Kevin Martin","Marjanovic, Miller, Anderson, Diaw, Martin",1626246-1889-203937-2564-2755,SAS,203.0,1,3.0,,5.0,5.0,2.0,10.0,2.0,4.0,1.0,2.0,1.0,1.0,3.0,5.0,,6.0,6.0,1.0,2.0,2.0,2.0,4.0,1.0,1.0,1.0,2.0,1.0,,2.0,2.0,2.0,4.0,,,,1.0,1.0,2.0,,4.0,0.3333333333333333,0.5,0.6,0.5,0.42857142857142855,0.5,0.375,0.5,,0.5,0.5,,0.5,0.5,0.5,,0.5,,,,70.93596059113301,17.6,23.0,16.4,20.2,0.5714285714285714,0.5,0.6666666666666666,0.5,0.14285714285714285,1.0,1.0,1.0,0.5,,0.8571428571428571,0.59885,0.6339,,,0.3333333333333333,4.279999999999999,,,,2.0,2.0,2.0,0.2857142857142857,,0.2857142857142857,25.2,5.0,2.0,4.0,,,3.0,5.0,6.0,,,6.0,5.0,,,0.6,0.42857142857142855,0.375,1.0,,,0.5714285714285714,0.5,,0.59885,1.0,1.0,,,,1.0,,1.0,,,,,,,,,,,,,,2.0,,2.0,,,,,,,,,,,,,,,0.2857142857142857,,1.0,,,,,,0.2,0.25,,,,,2.0,,,,,,,,,,,,,,,,1.0,,,,,,,,,,,,,,,,0.5,0.5,,,,,,,,,,,,,,,,,,,,,,1610612759,2016,2015-16,True
1626246-1938-200746-202695-2225,1610612759,"Boban Marjanovic, Manu Ginobili, LaMarcus Aldridge, Kawhi Leonard, Tony Parker","Marjanovic, Ginobili, Aldridge, Leonard, Parker",1626246-1938-200746-202695-2225,SAS,169.0,1,3.0,11.0,7.0,6.0,1.0,13.0,1.0,1.0,,,,1.0,1.0,2.0,5.0,13.0,2.0,,,2.0,2.0,,1.0,2.0,1.0,5.0,,2.0,3.0,5.0,1.0,6.0,,,,3.0,2.0,6.0,,11.0,1.0,1.0,0.5,,0.8,,0.8125,1.0,,1.0,,1.0,1.0,0.5,,,,1.0,1.0,,110.76923076923076,7.0,20.0,7.0,20.0,0.2,1.0,1.0,1.0,0.2,,,,,,0.8,0.58428,,,,0.15384615384615385,8.9,,2.0,,3.0,3.0,3.0,0.6,,0.6,25.066666666666666,7.0,1.0,1.0,2.0,2.0,1.0,2.0,13.0,3.0,2.0,13.0,7.0,0.6666666666666666,0.6666666666666666,0.5,0.8,0.8125,1.0,0.6666666666666666,0.6666666666666666,0.2,1.0,0.6666666666666666,0.58428,1.0,1.0,3.0,5.0,,3.0,,3.0,,,,,,,,,,,,,2.0,3.0,2.0,3.0,3.0,1.0,1.0,,,0.5,0.6666666666666666,,,,,,0.5,,0.6,0.6666666666666666,,,,,,,,,,,,2.0,,,,,,,,,,,,,,,,,1.0,,,,,,,,,,,,,,,,1.0,1.0,,,,,,,,,,,,,,,,,,,,,,1610612759,2016,2015-16,True
1626246-200746-201980-201988-202695,1610612759,"Boban Marjanovic, LaMarcus Aldridge, Danny Green, Patty Mills, Kawhi Leonard","Marjanovic, Aldridge, Green, Mills, Leonard",1626246-200746-201980-201988-202695,SAS,28.0,1,,-2.0,1.0,2.0,,3.0,,1.0,,,,,,1.0,,,2.0,,,,,,,,,,,,,,,,,,,,,,,,,,,,,,,,,,,,,,,,,,,,154.28571428571428,18.0,5.0,18.0,5.0,1.0,,,,,,,,,,1.0,0.6055,,,,,1.9,,,,,,,,,,,,,,,,,,,,,,,,,,,,,,,,,,,,,,,,,,,,,,,,,,,,,,,,,,,,,,,,,,,,,,,,,,,1.0,,,,,,1.0,1.0,,,,,,,,,,,,,,,,,,,,,,,,,,,,,,,,,,,,,,,,,,,,,,,,,,,,,,,,,,,,1610612759,2016,2015-16,True
1626246-200746-201980-202695-2225,1610612759,"Boban Marjanovic, LaMarcus Aldridge, Danny Green, Kawhi Leonard, Tony Parker","Marjanovic, Aldridge, Green, Leonard, Parker",1626246-200746-201980-202695-2225,SAS,165.0,1,3.0,-4.0,6.0,6.0,,12.0,2.0,2.0,,,,1.0,2.0,3.0,2.0,6.0,10.0,,,,4.0,,2.0,2.0,2.0,4.0,,,,,,,,,1.0,1.0,,2.0,1.0,6.0,1.0,1.0,0.6666666666666666,,0.5,,0.6,,,,,,,,,,,,,,104.72727272727273,11.833333333333334,15.666666666666666,11.833333333333334,15.666666666666666,0.5,1.0,1.0,1.0,0.25,,,,,,0.75,0.6595875,,0.2,0.25,,5.333333333333333,1.0,1.0,,1.0,1.0,1.0,0.25,,0.25,24.2,,,,,,,,,,,,,,,,,,,,,,,,,,,,,1.0,,,,,,,,,,,,,,,,,,,,,,,,,,,,,,,,,,,,,,,1.0,1.0,,,,,,,,,,,,,,,,,,,,,,,,,,,,,,,,,,,,,,,,,,,,,,,,,,,,,,,,,,,,,,,1610612759,2016,2015-16,True
1626246-200746-201980-2225-2755,1610612759,"Boban Marjanovic, LaMarcus Aldridge, Danny Green, Tony Parker, Kevin Martin","Marjanovic, Aldridge, Green, Parker, Martin",1626246-200746-201980-2225-2755,SAS,1.0,1,,,,,,,,,,,,,,,,,,,,,,,,,,,,,,,,,1.0,1.0,1.0,,,,,,,,,,,,,,1.0,,,,,,,,,,,,,,,,,,,,,,,,,,,,,,,,,,,,,,,,,,,,,,,,,,,,,,,,,,,,,,,,,,,,,,,,,,,,,,,,,,,,,,,,,,,,,,,,,,,,,,,,,,,,,,,,,,,,,,,,,,,,,,,,,,1.0,,,,,,,,,,,,,,,,,,,,,,,,,,,,,,,,,,,,,,,,,,,,,1610612759,2016,2015-16,True
1626246-201980-201988-2561-2755,1610612759,"Boban Marjanovic, Danny Green, Patty Mills, David West, Kevin Martin","Marjanovic, Green, Mills, West, Martin",1626246-201980-201988-2561-2755,SAS,29.0,1,,,1.0,2.0,,3.0,,,,,,,,,,,,,,,,,,,,,,,,1.0,,1.0,,,,1.0,,,,,,,,,,,,,,,,,,,,,,,,,148.9655172413793,20.0,4.5,20.0,4.5,,,,,,,,,,,1.0,0.5421,,,,,,,,1.0,,1.0,,1.0,1.0,,24.2,,,,,,,,,,,,,,,,,,,,,,,,,,,2.0,,,,,,,,,,,,,,,,,,,,,,,,,,1.0,,,1.0,,,,,,,,,,,,,,,,,,,,,,,,,,,,,,,,,,,,,,,,,,1.0,,,,,,,,,,,,,,,,,,,,,,,,,,,,,,,,,,1610612759,2016,2015-16,True
1626246-201988-203937-2561-2755,1610612759,"Boban Marjanovic, Patty Mills, Kyle Anderson, David West, Kevin Martin","Marjanovic, Mills, Anderson, West, Martin",1626246-201988-203937-2561-2755,SAS,44.0,1,1.0,,1.0,1.0,,2.0,,,,,,,,,,,,,,,,,,,,,,,1.0,1.0,,1.0,,,1.0,,,,,,,,,,,,,,,1.0,,,1.0,,,,,1.0,,,65.45454545454545,23.0,21.0,23.0,21.0,,,,,,,,,,,,,,,,,,,1.0,,,,,,,,,1.0,,,,,,,,,,,1.0,,,,,,,,,,,,,,1.0,1.0,,,,,,,,,,,,,,,,,,,,,,,,,,,,,,,,,,,,,,,,,,1.0,,,,,,,,,,,,,,,,,,1.0,,,,,,,,,,,,,,,,,,,,,,,,,,,,,,,,,,,,,,,,,,,,,1610612759,2016,2015-16,True
1626246-201988-203937-2564-2755,1610612759,"Boban Marjanovic, Patty Mills, Kyle Anderson, Boris Diaw, Kevin Martin","Marjanovic, Mills, Anderson, Diaw, Martin",1626246-201988-203937-2564-2755,SAS,77.0,1,1.0,-3.0,3.0,2.0,,5.0,,,,,1.0,2.0,1.0,2.0,,2.0,5.0,,,,,2.0,,,,,,,,,,,,,,,,,,2.0,,,0.5,,0.3333333333333333,,0.3333333333333333,,,,,,,,,,,,,,93.5064935064935,16.0,14.5,16.0,14.5,,,,,0.6666666666666666,0.5,0.5,,,,0.3333333333333333,0.431,,,,,17.35,,,,1.0,1.0,1.0,0.3333333333333333,,0.3333333333333333,26.5,,,,,,,,,,,,,,,,,,,,,,,,,,,,,,,,,,,,,,,,,,,,,,,,,,,,,,,,,,,,,,,,,,,,,,,,,,,,,,,,,,,,,,,,,,,,,,,,,,,,,,,,,,,,,,,,,,,,,,,,,,,,,,,,,,,,1610612759,2016,2015-16,True
1626246-203613-203937-2564-2755,1610612759,"Boban Marjanovic, Jonathon Simmons, Kyle Anderson, Boris Diaw, Kevin Martin","Marjanovic, Simmons, Anderson, Diaw, Martin",1626246-203613-203937-2564-2755,SAS,493.0,1,8.0,1.0,14.0,15.0,1.0,29.0,2.0,3.0,1.0,1.0,2.0,3.0,4.0,8.0,1.0,18.0,17.0,1.0,1.0,2.0,4.0,4.0,2.0,4.0,1.0,10.0,1.0,,5.0,5.0,1.0,6.0,1.0,1.0,2.0,2.0,,2.0,1.0,16.0,0.5,0.5,0.5,1.0,0.7083333333333334,1.0,0.6923076923076923,1.0,0.5,0.8333333333333334,0.25,,0.8333333333333334,0.2,,,1.0,0.5,,,84.70588235294117,14.928571428571429,18.933333333333334,14.5,18.666666666666668,0.25,0.6666666666666666,0.6666666666666666,0.5,0.25,0.6666666666666666,0.6666666666666666,1.0,1.0,,0.5833333333333334,0.5244166666666666,0.4695,0.07692307692307693,0.1111111111111111,0.1111111111111111,8.45,,1.0,2.0,2.0,4.0,2.0,0.3333333333333333,0.16666666666666666,0.16666666666666666,23.975,11.0,2.0,3.0,1.0,3.0,4.0,6.0,15.0,3.0,1.0,15.0,11.0,0.75,0.75,0.6666666666666666,0.7777777777777778,0.75,1.0,0.5,0.5,0.3333333333333333,0.6666666666666666,0.5,0.5545722222222222,0.8333333333333334,0.7857142857142857,,1.0,,,,,2.0,1.0,,,1.0,1.0,2.0,1.0,0.5,,2.0,2.0,,1.0,2.0,3.0,6.0,2.0,1.0,,,0.6666666666666666,0.6666666666666666,,0.16666666666666666,,,,1.0,0.2222222222222222,0.1111111111111111,,,,1.0,,1.0,,,,0.5,,2.0,,,1.0,1.0,,0.5,1.0,1.0,0.5,,,2.0,,,,,,,,,,1.0,,,1.0,1.0,,,,,,,,,,,,2.0,1.0,,,,,,,,,,,,,,,,,,1610612759,2016,2015-16,True
1889-201980-201988-203937-2564,1610612759,"Andre Miller, Danny Green, Patty Mills, Kyle Anderson, Boris Diaw","Miller, Green, Mills, Anderson, Diaw",1889-201980-201988-203937-2564,SAS,20.0,1,,2.0,1.0,1.0,,2.0,,,,,,,,,2.0,2.0,,,,,,,,,,,,,1.0,1.0,,1.0,,,,1.0,,2.0,1.0,2.0,,,,,,,1.0,,,1.0,,,1.0,,,,,,,,144.0,13.0,7.0,13.0,7.0,,,,,,,,,,,,,,1.0,1.0,,,,,,,,,,,,,,,,,,,,,,,,,,,,,,1.0,,,,,,,,,,,,,,,,,,,,,,,,,,,,,,,,,,,,,,,,,,,,,,,,,,,,,,,,,,,,,,,,,,,,,,,,,,,,,,,,,,,,,,,,,,,,,,,,,,,,,,,,,,,,,,,,,,1610612759,2016,2015-16,True
1889-201988-203613-203937-2564,1610612759,"Andre Miller, Patty Mills, Jonathon Simmons, Kyle Anderson, Boris Diaw","Miller, Mills, Simmons, Anderson, Diaw",1889-201988-203613-203937-2564,SAS,85.0,1,1.0,3.0,3.0,2.0,1.0,5.0,1.0,1.0,,,,,1.0,1.0,,5.0,2.0,,,3.0,2.0,,1.0,2.0,1.0,5.0,,,1.0,1.0,,1.0,,,,3.0,,2.0,1.0,2.0,1.0,1.0,1.0,,1.25,1.5,0.8333333333333334,1.5,,1.0,,,1.0,,,,,,,,84.70588235294117,10.666666666666666,26.5,6.0,26.5,0.5,1.0,1.0,1.0,,,,,,,1.0,0.565775,,0.3333333333333333,0.5,0.6,1.3,1.0,2.0,,1.0,1.0,1.0,0.5,,0.5,25.7,2.0,1.0,1.0,1.0,1.0,1.0,1.0,2.0,,1.0,2.0,2.0,1.0,1.0,1.0,1.0,0.5,1.0,1.0,1.0,1.0,1.0,1.0,0.6244,0.4,0.6666666666666666,1.0,,,,,,,,,,,,,,,,,,,,,,3.0,1.0,1.0,,,1.0,,,,,,,1.0,,,,,,,,,,,,,,,,,,,,,,,,,,,,1.0,1.0,1.0,,,,,,,,,,,,,,,,,,,,,,,,,1.0,1.0,1.0,1.0,1.0,,,,,,,,,,,,1610612759,2016,2015-16,True
1889-203937-2561-2564-2755,1610612759,"Andre Miller, Kyle Anderson, David West, Boris Diaw, Kevin Martin","Miller, Anderson, West, Diaw, Martin",1889-203937-2561-2564-2755,SAS,173.0,1,3.0,3.0,5.0,6.0,1.0,11.0,1.0,2.0,,,,1.0,1.0,3.0,3.0,5.0,2.0,,,,,2.0,,,,,1.0,1.0,2.0,3.0,1.0,4.0,1.0,,1.0,3.0,,4.0,2.0,5.0,,,0.3333333333333333,,0.3333333333333333,,0.5,,1.0,1.0,0.5,1.0,1.0,0.5,1.0,,1.0,1.0,1.0,,91.5606936416185,11.6,19.166666666666668,11.2,19.166666666666668,0.6666666666666666,0.5,0.5,,0.3333333333333333,,,,,,0.6666666666666666,0.5761,,0.4,0.4,,6.133333333333333,,,,,,,,,,,1.0,,1.0,,,,1.0,,,,,1.0,,,,,,,,,1.0,,,0.4947,,0.2,,,1.0,,,,1.0,1.0,1.0,,,,,,,,,,,,,,,,,,,,,,,,,,,,,,,1.0,,,,1.0,,,,0.5,,,,,,,,,,,,,1.0,,,,,,,,,,,,,,,,,,,,,,,,,,,,,,,,,,,,,,,,,,,,,1610612759,2016,2015-16,True
1938-200746-201980-201988-202695,1610612759,"Manu Ginobili, LaMarcus Aldridge, Danny Green, Patty Mills, Kawhi Leonard","Ginobili, Aldridge, Green, Mills, Leonard",1938-200746-201980-201988-202695,SAS,200.0,2,3.0,-4.0,7.0,6.0,,13.0,,,,,,3.0,,4.0,2.0,2.0,6.0,,,,,,,,,,,1.0,1.0,2.0,,2.0,1.0,1.0,2.0,1.0,,2.0,,2.0,,,,,,,0.2,,0.5,0.5,,1.0,0.6666666666666666,,,,,1.0,1.0,,93.6,16.285714285714285,14.333333333333334,16.285714285714285,14.333333333333334,,,,,0.75,,,,,,,0.3558,,,,,15.65,,,,,,,,,,,2.0,,,,,,,2.0,,,2.0,2.0,,,,,1.0,,,,,,,,1.0,0.2857142857142857,6.0,2.0,,1.0,,1.0,,,,,,,,,,,1.0,,,,,,,,,,,,,,0.25,,,,,,,,1.0,,,,1.0,,0.25,,,,,,,,,,,,,,,,1.0,,,,,,,,,,,,,,,,,,,1.0,,,,,,,,,,,,,,,1.0,,,,,,,,,,,1610612759,2016,2015-16,True
1938-200746-201980-201988-2561,1610612759,"Manu Ginobili, LaMarcus Aldridge, Danny Green, Patty Mills, David West","Ginobili, Aldridge, Green, Mills, West",1938-200746-201980-201988-2561,SAS,546.0,3,9.0,-15.0,17.0,15.0,3.0,32.0,,3.0,,,1.0,5.0,3.0,11.0,3.0,12.0,27.0,2.0,2.0,4.0,2.0,4.0,1.0,2.0,,5.0,1.0,,,,2.0,2.0,1.0,1.0,2.0,2.0,,3.0,1.0,8.0,0.3333333333333333,0.3333333333333333,0.2727272727272727,1.0,0.28125,0.6666666666666666,0.3235294117647059,0.6666666666666666,0.5,,0.125,,,0.18181818181818182,0.3333333333333333,,,,,,84.3956043956044,16.41176470588235,17.8,14.941176470588236,16.533333333333335,0.1875,,,,0.3125,0.2,0.2,,,,0.5,0.487746875,0.556175,0.058823529411764705,0.08333333333333333,0.3333333333333333,10.245454545454546,3.0,4.0,3.0,2.0,5.0,2.0,0.3125,0.1875,0.125,23.48,5.0,,2.0,,1.0,2.0,4.0,8.0,,,8.0,5.0,0.2,0.2,0.5,0.5,0.5,,,,0.2857142857142857,,,0.5219714285714285,0.6666666666666666,0.29411764705882354,7.0,1.0,,,,,1.0,1.0,,,,,,,,2.0,3.0,2.0,,1.0,1.0,3.0,3.0,1.0,,1.0,,1.0,0.3333333333333333,,0.1875,0.6666666666666666,0.6666666666666666,0.5,,0.2857142857142857,0.14285714285714285,,1.0,,,,1.0,,0.09090909090909091,0.3333333333333333,,,1.0,,,1.0,,1.0,,0.3333333333333333,0.3333333333333333,1.0,,,,,,1.0,,1.0,1.0,,,,1.0,,,,,,,,0.2,,,0.5,0.3333333333333333,1.0,,,1.0,0.5,,,,,,,,1.0,0.3333333333333333,,,,,,,,,1610612759,2016,2015-16,True
1938-200746-201980-201988-2564,1610612759,"Manu Ginobili, LaMarcus Aldridge, Danny Green, Patty Mills, Boris Diaw","Ginobili, Aldridge, Green, Mills, Diaw",1938-200746-201980-201988-2564,SAS,281.0,2,5.0,-1.0,10.0,8.0,1.0,18.0,3.0,3.0,,,,1.0,3.0,5.0,4.0,10.0,11.0,,,,,6.0,,,,,1.0,1.0,1.0,2.0,1.0,3.0,,,2.0,4.0,1.0,4.0,2.0,10.0,,,0.6,,0.42857142857142855,,0.5555555555555556,,,1.0,0.5,1.0,1.0,0.25,,1.0,,1.0,,1.0,92.24199288256227,16.0,15.125,15.6,15.125,0.42857142857142855,1.0,1.0,,0.14285714285714285,,,,,,0.7142857142857143,0.5050214285714285,,0.2222222222222222,0.2857142857142857,,6.56,,3.0,,2.0,2.0,2.0,0.2857142857142857,,0.2857142857142857,24.7,3.0,,,,,,1.0,2.0,,,2.0,3.0,,,,,0.3333333333333333,,,,,,,0.4648,0.2,0.3,,2.0,,,,,1.0,1.0,,,,,,,,,1.0,,,1.0,,1.0,,,,,,,,,0.14285714285714285,,,,,,0.5,,1.0,,,,2.0,1.0,0.2,,,,,,,,,,,,,,,,,,,,,,,,,,2.0,,,,,,,,,1.0,,,,,,,,,,,,,,,,,,,,,,,,,,1610612759,2016,2015-16,True
1938-200746-201980-202695-2225,1610612759,"Manu Ginobili, LaMarcus Aldridge, Danny Green, Kawhi Leonard, Tony Parker","Ginobili, Aldridge, Green, Leonard, Parker",1938-200746-201980-202695-2225,SAS,690.0,4,12.0,-1.0,25.0,23.0,5.0,48.0,7.0,14.0,1.0,4.0,1.0,2.0,10.0,21.0,8.0,28.0,29.0,2.0,5.0,6.0,6.0,14.0,3.0,3.0,3.0,6.0,4.0,2.0,6.0,8.0,6.0,14.0,2.0,,4.0,8.0,,8.0,4.0,22.0,0.3,0.3333333333333333,0.47619047619047616,0.4,0.4166666666666667,0.4,0.5185185185185185,0.5,0.5,0.75,0.36363636363636365,0.5,0.6666666666666666,0.42857142857142855,0.42857142857142855,,0.5,0.75,0.3333333333333333,1.0,100.17391304347827,13.4,15.434782608695652,12.92,14.608695652173912,0.5833333333333334,0.5,0.5384615384615384,0.42857142857142855,0.08333333333333333,0.5,0.5,0.8,0.25,,0.7083333333333334,0.5271145833333334,0.5307666666666667,0.15384615384615385,0.17391304347826086,0.21428571428571427,4.7,2.0,4.0,2.0,1.0,3.0,1.0,0.125,0.08333333333333333,0.041666666666666664,24.933333333333334,4.0,1.0,2.0,,,1.0,2.0,5.0,,,3.0,3.0,,,0.5,0.3333333333333333,0.625,1.0,,,0.6666666666666666,0.5,,0.6471,0.17857142857142858,0.16,1.0,3.0,,1.0,,,1.0,,2.0,2.0,1.0,1.0,1.0,,,2.0,5.0,1.0,,,,1.0,,,,,,,,,0.20833333333333334,0.4,0.4,,,0.3333333333333333,,,1.0,1.0,1.0,,2.0,,0.047619047619047616,0.07142857142857142,0.3333333333333333,0.07692307692307693,,2.0,2.0,,,,,,,,,,1.0,,,,,,2.0,,,1.0,1.0,,,,,,,,,,,,0.6666666666666666,,1.0,,,,,,,,,,,,,1.0,,,,,,,,1610612759,2016,2015-16,True
1938-200746-201980-202695-2564,1610612759,"Manu Ginobili, LaMarcus Aldridge, Danny Green, Kawhi Leonard, Boris Diaw","Ginobili, Aldridge, Green, Leonard, Diaw",1938-200746-201980-202695-2564,SAS,221.0,1,4.0,-6.0,7.0,8.0,,15.0,,1.0,,,,,,1.0,3.0,6.0,12.0,,,,,,,,,,,1.0,1.0,2.0,,2.0,1.0,1.0,1.0,2.0,,4.0,1.0,6.0,,,,,0.375,,0.5,,1.0,1.0,,1.0,1.0,,,,,1.0,,1.0,97.73755656108598,13.857142857142858,15.5,13.857142857142858,15.5,0.25,,,,,,,,,,1.0,0.4664125,,0.2,0.5,,3.0,2.0,2.0,,3.0,3.0,3.0,0.75,,0.75,24.900000000000002,5.0,,1.0,1.0,1.0,,1.0,5.0,3.0,1.0,5.0,5.0,0.3333333333333333,0.3333333333333333,,0.375,0.5,,0.3333333333333333,0.5,0.25,,0.3333333333333333,0.4664125,0.8333333333333334,0.7142857142857143,3.0,2.0,,1.0,,1.0,,,,,,,,,,,,,1.0,3.0,1.0,3.0,,,,,,,0.3333333333333333,,,,,,,,0.75,0.3333333333333333,1.0,,,,,,1.0,1.0,,,,,,,,,,,,,,,,,,,,1.0,,,,,,,,,,,,,0.3333333333333333,,,0.3333333333333333,,,,,,,,,,,,,,,,,,,,,,,,1610612759,2016,2015-16,True
1938-200746-201980-203937-2564,1610612759,"Manu Ginobili, LaMarcus Aldridge, Danny Green, Kyle Anderson, Boris Diaw","Ginobili, Aldridge, Green, Anderson, Diaw",1938-200746-201980-203937-2564,SAS,7.0,1,,2.0,1.0,1.0,,2.0,1.0,1.0,,,,,1.0,1.0,,2.0,,,,,2.0,,1.0,1.0,1.0,2.0,,,,,,,,,,,,,,2.0,1.0,1.0,1.0,,1.0,,1.0,,,,,,,,,,,,,,411.42857142857144,4.0,3.0,4.0,3.0,1.0,1.0,1.0,1.0,,,,,,,1.0,0.4395,,,,,2.0,,,,,,,,,,,1.0,1.0,1.0,,,1.0,1.0,2.0,,,2.0,1.0,,,1.0,1.0,1.0,,,,1.0,1.0,,0.4395,1.0,1.0,1.0,,,,,,,,,,,,1.0,,,,,,,,,,,,,,,,,,,,,,,,,,,,,,,,,,,,,,,,,,,,,,,,,,,,,,,,,,,,,1.0,1.0,,,,,,,,,,,,,,,,,,,,,,,,,,,,,,,1610612759,2016,2015-16,True
1938-200746-201980-2225-2561,1610612759,"Manu Ginobili, LaMarcus Aldridge, Danny Green, Tony Parker, David West","Ginobili, Aldridge, Green, Parker, West",1938-200746-201980-2225-2561,SAS,113.0,1,2.0,,5.0,5.0,1.0,10.0,1.0,2.0,,,,,1.0,3.0,2.0,4.0,4.0,,,2.0,2.0,,1.0,1.0,1.0,2.0,,,1.0,2.0,1.0,3.0,1.0,1.0,1.0,1.0,,2.0,1.0,2.0,1.0,1.0,0.3333333333333333,,0.25,,0.4,1.0,1.0,1.0,,,1.0,0.3333333333333333,,,,,,,127.43362831858407,12.6,10.0,12.6,10.0,0.5,0.5,0.5,1.0,,,,,,,0.75,0.6071875,,0.2,0.25,0.5,2.1333333333333333,,2.0,,1.0,1.0,1.0,0.25,,0.25,24.1,2.0,,1.0,,,,2.0,,,,,2.0,,,,,,1.0,,,0.5,,,0.48945,,0.4,4.0,,,,2.0,,,,,,,,,,,,1.0,,,,,,,,,,1.0,,,1.0,0.25,,,,,,,,1.0,,,,,,0.3333333333333333,,,,,2.0,,,,,,,,,,,,,,,,,1.0,,,1.0,,,,,,,,,,1.0,,,1.0,1.0,,,,,,,,,,,,,,,,,,,,,,1610612759,2016,2015-16,True
1938-200746-201980-2225-2564,1610612759,"Manu Ginobili, LaMarcus Aldridge, Danny Green, Tony Parker, Boris Diaw","Ginobili, Aldridge, Green, Parker, Diaw",1938-200746-201980-2225-2564,SAS,261.0,2,4.0,2.0,7.0,8.0,2.0,15.0,2.0,4.0,2.0,2.0,1.0,1.0,5.0,7.0,,10.0,8.0,2.0,2.0,4.0,2.0,8.0,1.0,1.0,,2.0,2.0,4.0,,4.0,2.0,6.0,2.0,1.0,2.0,2.0,,,,6.0,0.2,0.3333333333333333,0.7142857142857143,1.0,0.7142857142857143,1.0,0.7142857142857143,1.0,1.0,,1.0,1.0,0.8,1.0,1.0,,,,1.0,1.0,82.75862068965517,19.714285714285715,15.375,19.571428571428573,14.75,0.5714285714285714,0.5,0.6666666666666666,,0.14285714285714285,1.0,1.0,1.0,1.0,,0.5714285714285714,0.49968571428571423,0.5146,,,0.4,5.8999999999999995,1.0,1.0,,,,,,,,,,,,,,,,,,,,,,,,,,,,,,,,,,,6.0,,,,,,,,1.0,,1.0,1.0,1.0,,,2.0,2.0,,,,,,,,,1.0,,,,,0.2857142857142857,1.0,1.0,0.5,,,,,1.0,,,,,,0.14285714285714285,0.25,,,,,4.0,,,,,,,,,,,,,,,,,,,,,,,,,,1.0,,,,,,,,,,,,,,,,,,,,,,,,,,,,,1610612759,2016,2015-16,True
1938-200746-201988-202695-2561,1610612759,"Manu Ginobili, LaMarcus Aldridge, Patty Mills, Kawhi Leonard, David West","Ginobili, Aldridge, Mills, Leonard, West",1938-200746-201988-202695-2561,SAS,1183.0,8,20.0,,36.0,38.0,8.0,74.0,8.0,14.0,2.0,5.0,3.0,4.0,15.0,23.0,7.0,46.0,46.0,3.0,7.0,7.0,6.0,24.0,3.0,6.0,2.0,15.0,3.0,3.0,9.0,14.0,8.0,22.0,3.0,2.0,8.0,6.0,1.0,9.0,4.0,39.0,0.2,0.23076923076923078,0.6521739130434783,0.42857142857142855,0.5909090909090909,0.42857142857142855,0.6052631578947368,0.4375,0.375,0.6428571428571429,0.375,0.75,0.6666666666666666,0.5333333333333333,0.3333333333333333,1.0,0.3333333333333333,0.6666666666666666,0.6666666666666666,1.0,90.07607776838547,16.5,15.5,15.777777777777779,14.81578947368421,0.42424242424242425,0.5714285714285714,0.6153846153846154,0.25,0.12121212121212122,0.75,0.75,0.7142857142857143,0.4,,0.7272727272727273,0.51329375,0.6121333333333333,0.10810810810810811,0.14814814814814814,0.15217391304347827,5.139130434782609,3.0,12.0,2.0,8.0,10.0,8.0,0.30303030303030304,0.06060606060606061,0.24242424242424243,29.57,10.0,3.0,6.0,1.0,3.0,4.0,9.0,13.0,,1.0,13.0,10.0,0.3,0.3,0.4444444444444444,0.4583333333333333,0.5,0.8,0.125,0.125,0.5,0.5,0.125,0.4959863636363636,0.2826086956521739,0.2777777777777778,18.0,2.0,,1.0,3.0,,,,1.0,,1.0,1.0,1.0,,,4.0,5.0,1.0,,2.0,1.0,3.0,9.0,3.0,1.0,1.0,2.0,1.0,0.3333333333333333,0.6666666666666666,0.15151515151515152,0.8,0.8,0.25,1.0,0.08333333333333333,0.16666666666666666,,1.0,,,1.0,5.0,,0.043478260869565216,0.07142857142857142,,,2.0,1.0,4.0,2.0,,,,1.0,1.0,1.0,1.0,,1.0,,,,,,5.0,1.0,,1.0,2.0,1.0,,,,,,,,,,,0.7142857142857143,0.7142857142857143,,,1.0,1.0,,,,,,,,,,,,,,,,,,1610612759,2016,2015-16,True
1938-200746-201988-202695-2564,1610612759,"Manu Ginobili, LaMarcus Aldridge, Patty Mills, Kawhi Leonard, Boris Diaw","Ginobili, Aldridge, Mills, Leonard, Diaw",1938-200746-201988-202695-2564,SAS,372.0,4,6.0,-4.0,11.0,14.0,1.0,25.0,2.0,3.0,,,1.0,3.0,3.0,8.0,,9.0,13.0,,1.0,,4.0,2.0,2.0,3.0,1.0,7.0,,1.0,5.0,6.0,,6.0,1.0,1.0,1.0,1.0,,,,9.0,0.6666666666666666,0.6666666666666666,0.375,,0.45,,0.45,,1.0,0.8333333333333334,,0.5,0.75,,,,1.0,,0.5,,96.77419354838709,16.363636363636363,13.714285714285714,15.909090909090908,13.357142857142858,0.3,0.6666666666666666,0.6666666666666666,0.5,0.3,0.3333333333333333,0.3333333333333333,,,,0.5,0.49441499999999994,0.364,,,,10.3,2.0,3.0,,2.0,2.0,2.0,0.2,,0.2,24.75,5.0,1.0,1.0,1.0,1.0,1.0,3.0,5.0,,1.0,5.0,5.0,0.5,0.5,0.3333333333333333,0.5,0.5,1.0,0.5,0.5,0.2,1.0,0.5,0.56639,0.5555555555555556,0.45454545454545453,3.0,,,,1.0,,,,,,,,,,,,2.0,,1.0,2.0,1.0,2.0,3.0,1.0,1.0,,,1.0,0.5,,0.2,,,,1.0,,0.4,0.5,,,,,,,,,,,,,,,1.0,,1.0,,,,,,,,,,,,,,,,,,,,,,,,,,,,,,,,,,,,,,,,,,,,1.0,,,,,,,1610612759,2016,2015-16,True
1938-200746-201988-203937-2561,1610612759,"Manu Ginobili, LaMarcus Aldridge, Patty Mills, Kyle Anderson, David West","Ginobili, Aldridge, Mills, Anderson, West",1938-200746-201988-203937-2561,SAS,483.0,4,8.0,-2.0,17.0,17.0,1.0,34.0,1.0,3.0,1.0,2.0,2.0,6.0,4.0,10.0,7.0,15.0,17.0,1.0,2.0,2.0,2.0,6.0,1.0,1.0,,2.0,3.0,,3.0,3.0,3.0,6.0,1.0,,2.0,6.0,,10.0,5.0,13.0,0.25,0.25,0.4,0.5,0.3333333333333333,0.5,0.4411764705882353,0.5,0.5,1.0,0.5,,1.0,0.375,0.5,0.5,1.0,,,,101.36645962732918,14.058823529411764,14.352941176470589,12.647058823529411,14.352941176470589,0.25,0.3333333333333333,0.5,,0.5,0.3333333333333333,0.3333333333333333,1.0,0.5,,0.4166666666666667,0.43793333333333334,0.437,0.29411764705882354,0.3333333333333333,0.13333333333333333,11.39,,4.0,,2.0,2.0,2.0,0.16666666666666666,,0.16666666666666666,25.9,7.0,1.0,1.0,,,3.0,5.0,8.0,,,8.0,7.0,,,0.6,0.5,0.5714285714285714,1.0,,,0.16666666666666666,1.0,,0.4344333333333333,0.5333333333333333,0.4117647058823529,4.0,2.0,,,1.0,,5.0,2.0,1.0,,,,,,,1.0,1.0,,,1.0,,1.0,,,,1.0,,,,,0.08333333333333333,1.0,1.0,1.0,,,0.16666666666666666,,1.0,1.0,3.0,,1.0,,0.1,0.3333333333333333,,0.14285714285714285,,,,,,,,,,,1.0,,1.0,,,,,,,,,,,,,,,,,,,,,,,,,,,,,,,,,,,,,,,,,,,,,1610612759,2016,2015-16,True
1938-200746-201988-203937-2564,1610612759,"Manu Ginobili, LaMarcus Aldridge, Patty Mills, Kyle Anderson, Boris Diaw","Ginobili, Aldridge, Mills, Anderson, Diaw",1938-200746-201988-203937-2564,SAS,276.0,2,5.0,2.0,8.0,7.0,4.0,15.0,1.0,5.0,1.0,3.0,1.0,3.0,2.0,10.0,,4.0,2.0,1.0,3.0,2.0,2.0,2.0,1.0,1.0,1.0,2.0,4.0,,4.0,4.0,4.0,8.0,1.0,1.0,1.0,2.0,,,,2.0,0.5,0.5,0.2,0.3333333333333333,0.18181818181818182,0.25,0.18181818181818182,0.25,1.0,0.8,0.5,,0.6666666666666666,0.4444444444444444,0.5,0.5,1.0,,,,78.26086956521739,14.5,22.857142857142858,10.375,21.285714285714285,0.45454545454545453,0.2,0.25,1.0,0.2727272727272727,0.3333333333333333,0.3333333333333333,0.75,0.3333333333333333,1.0,0.5454545454545454,0.5149863636363636,0.5930375,,,0.5,8.290000000000001,,1.0,,1.0,1.0,1.0,0.09090909090909091,,0.09090909090909091,25.0,6.0,1.0,3.0,,,2.0,7.0,4.0,,,4.0,6.0,,,0.2857142857142857,0.25,0.25,0.5,,,0.375,0.3333333333333333,,0.50574375,1.0,0.75,3.0,,,,,,,,,,1.0,,1.0,,,,2.0,,,1.0,,1.0,,,,,,,,,0.18181818181818182,,,,,,0.125,,1.0,,,,,,0.1,0.2,0.5,,,,,,,,,,,,,,1.0,,1.0,1.0,0.25,,,,,,,,,,,1.0,,,,,,,,,,,,,,,,,,,,,,,,,,,,,,1610612759,2016,2015-16,True
1938-200746-202695-203937-2225,1610612759,"Manu Ginobili, LaMarcus Aldridge, Kawhi Leonard, Kyle Anderson, Tony Parker","Ginobili, Aldridge, Leonard, Anderson, Parker",1938-200746-202695-203937-2225,SAS,11.0,1,,2.0,1.0,,,1.0,,,,,,,,,2.0,2.0,,,,,,,,,,,,,,,,,,,,1.0,,2.0,1.0,2.0,,,,,,,1.0,,,,,,,,,,,,,,130.9090909090909,11.0,,11.0,,,,,,,,,,,,,,,1.0,1.0,,,,,,,,,,,,,,,,,,,,,,,,,,,,,,,,,,,,,,,,,,,,,,,,,,,,,,,,,,,,,,,,,,,,,,,,,,,,,,,,,,,,,,,,,,,,,,,,,,,,,,,,,,,,,,,,,,,,,,,,,,,,,,,,,,,,,,,,,,,,,,,,1610612759,2016,2015-16,True
1938-200746-202695-2225-2561,1610612759,"Manu Ginobili, LaMarcus Aldridge, Kawhi Leonard, Tony Parker, David West","Ginobili, Aldridge, Leonard, Parker, West",1938-200746-202695-2225-2561,SAS,657.0,6,11.0,-6.0,19.0,20.0,2.0,39.0,3.0,7.0,,1.0,5.0,6.0,8.0,15.0,,19.0,25.0,,1.0,,4.0,12.0,2.0,3.0,1.0,7.0,2.0,2.0,4.0,6.0,2.0,8.0,2.0,,4.0,,,,,19.0,0.25,0.25,0.5333333333333333,,0.5588235294117647,,0.5588235294117647,,0.5,0.4444444444444444,0.2857142857142857,1.0,0.5454545454545454,0.25,0.25,1.0,0.4,0.3333333333333333,1.0,,85.47945205479452,14.736842105263158,18.85,14.578947368421053,17.1,0.4117647058823529,0.42857142857142855,0.6,0.3333333333333333,0.35294117647058826,0.8333333333333334,0.8333333333333334,1.0,,,0.5294117647058824,0.5316088235294117,0.6322,,,,9.26,3.0,7.0,,2.0,2.0,2.0,0.11764705882352941,,0.11764705882352941,24.65,6.0,1.0,3.0,1.0,1.0,1.0,3.0,5.0,,1.0,5.0,6.0,0.5,0.5,0.3333333333333333,0.5,0.5,1.0,0.5,0.5,0.6,0.3333333333333333,0.5,0.6452899999999999,0.2631578947368421,0.3157894736842105,4.0,,,,1.0,,1.0,,2.0,,2.0,2.0,2.0,,,,2.0,,1.0,2.0,1.0,2.0,3.0,1.0,1.0,,,1.0,0.5,,0.11764705882352941,,,,1.0,,0.4,0.5,2.0,,1.0,1.0,2.0,1.0,0.13333333333333333,0.2857142857142857,,,,,,,1.0,,0.2,,,,,,1.0,,,,,,,,,,1.0,,,,,,,,,,,,,,,,,,,,,,,,,,,,,,,,,,,1610612759,2016,2015-16,True
1938-200746-202695-2225-2564,1610612759,"Manu Ginobili, LaMarcus Aldridge, Kawhi Leonard, Tony Parker, Boris Diaw","Ginobili, Aldridge, Leonard, Parker, Diaw",1938-200746-202695-2225-2564,SAS,699.0,5,12.0,-13.0,22.0,24.0,6.0,46.0,3.0,14.0,1.0,4.0,2.0,5.0,5.0,22.0,6.0,19.0,32.0,1.0,4.0,7.0,2.0,8.0,1.0,2.0,,5.0,8.0,1.0,8.0,11.0,8.0,19.0,2.0,1.0,2.0,5.0,1.0,7.0,1.0,12.0,0.2,0.25,0.22727272727272727,0.25,0.2708333333333333,0.5,0.35185185185185186,0.5833333333333334,1.0,0.8,0.47058823529411764,1.0,0.8181818181818182,0.4444444444444444,0.45454545454545453,0.6666666666666666,0.5,0.75,,1.0,94.76394849785407,15.863636363636363,14.583333333333334,15.454545454545455,13.958333333333334,0.5833333333333334,0.21428571428571427,0.23076923076923078,,0.20833333333333334,0.4,0.4,0.8,0.25,,0.6666666666666666,0.55151875,0.54878,0.07692307692307693,0.043478260869565216,0.3684210526315789,5.363636363636363,3.0,7.0,,2.0,2.0,2.0,0.08333333333333333,,0.08333333333333333,24.4,5.0,,4.0,1.0,1.0,,4.0,5.0,,1.0,5.0,5.0,0.5,0.5,,,0.35714285714285715,1.0,0.5,0.5,0.8,,0.5,0.6299699999999999,0.2631578947368421,0.22727272727272727,13.0,5.0,,1.0,3.0,1.0,1.0,1.0,1.0,,1.0,1.0,1.0,,,,3.0,,,1.0,,1.0,3.0,1.0,1.0,,2.0,1.0,,0.6666666666666666,0.125,,,,1.0,,0.2,,1.0,1.0,,,,1.0,0.045454545454545456,0.07142857142857142,0.3333333333333333,0.058823529411764705,,2.0,2.0,,1.0,,0.5,,,,,,,,1.0,1.0,0.2,,,,,2.0,,,1.0,,,,,,,,,,,,,0.3333333333333333,,,,1.0,1.0,1.0,1.0,1.0,,,,,,,,,,,,1610612759,2016,2015-16,True
1938-200746-203937-2225-2561,1610612759,"Manu Ginobili, LaMarcus Aldridge, Kyle Anderson, Tony Parker, David West","Ginobili, Aldridge, Anderson, Parker, West",1938-200746-203937-2225-2561,SAS,37.0,1,1.0,,1.0,1.0,,2.0,,,,,,,,,2.0,2.0,2.0,,,,,,,,,,,,,,1.0,1.0,,,,1.0,,2.0,1.0,2.0,,,,,,,0.5,,,,,,,1.0,,,,,,,77.83783783783784,20.0,17.0,19.0,17.0,,,,,,,,,,,1.0,0.6087,,0.5,1.0,,,,,1.0,,1.0,,1.0,1.0,,23.8,,,,,,,,,,,,,,,,,,,,,,,,0.6087,,,,,,,,,,,,,,,,,,,,1.0,,,,1.0,,,,,,,,,,,,,,1.0,,,,,,,,,,,,,,,,,,,,,,,,,,,,,,,1.0,,,,,,,,,,,,,,,,1.0,,1.0,,,,,,,,,,,,,,,,,,,,,1610612759,2016,2015-16,True
1938-200746-203937-2561-2755,1610612759,"Manu Ginobili, LaMarcus Aldridge, Kyle Anderson, David West, Kevin Martin","Ginobili, Aldridge, Anderson, West, Martin",1938-200746-203937-2561-2755,SAS,111.0,1,2.0,4.0,4.0,4.0,,8.0,2.0,2.0,,,,,2.0,3.0,,4.0,,,,,4.0,,2.0,2.0,2.0,4.0,,1.0,2.0,3.0,,3.0,,,,,,,,4.0,1.0,1.0,0.6666666666666666,,0.5,,0.5,,,1.0,,1.0,1.0,,,,1.0,,1.0,,103.78378378378378,12.75,15.0,12.75,15.0,0.5,1.0,1.0,1.0,,,,,,,0.75,0.6576125,,,,,3.266666666666667,,1.0,,1.0,1.0,1.0,0.25,,0.25,25.4,4.0,2.0,2.0,,,2.0,3.0,4.0,,,4.0,4.0,,,0.6666666666666666,0.5,0.5,1.0,,,0.5,1.0,,0.6576125,1.0,1.0,,,,,,,1.0,,,,1.0,1.0,1.0,1.0,1.0,,1.0,,,1.0,,1.0,,,,,,,,,0.25,,,,,,0.25,,,,1.0,,,,,,,,,,,,,,,,,,,,,,,,,,,,,,,,,,,,,,,,,,,,,,,,,,,,,,,,,,,,,,,,,1610612759,2016,2015-16,True
1938-201980-201988-2561-2564,1610612759,"Manu Ginobili, Danny Green, Patty Mills, David West, Boris Diaw","Ginobili, Green, Mills, West, Diaw",1938-201980-201988-2561-2564,SAS,394.0,5,7.0,,12.0,12.0,,24.0,3.0,3.0,,,1.0,2.0,4.0,5.0,2.0,10.0,10.0,,,,6.0,2.0,3.0,3.0,3.0,6.0,,1.0,5.0,7.0,,7.0,3.0,1.0,4.0,2.0,,2.0,1.0,10.0,0.75,0.75,0.8,,0.5714285714285714,,0.625,,0.75,0.7142857142857143,,1.0,0.75,,,,0.5,1.0,1.0,,87.71573604060914,14.083333333333334,18.75,14.083333333333334,18.0,0.42857142857142855,1.0,1.0,1.0,0.2857142857142857,0.5,0.5,,,,0.7142857142857143,0.5895928571428571,,0.125,0.16666666666666666,,8.68,2.0,7.0,1.0,1.0,2.0,1.0,0.2857142857142857,0.14285714285714285,0.14285714285714285,24.2,2.0,,,,,1.0,1.0,2.0,,,2.0,2.0,,,1.0,1.0,1.0,0.75,,,,,,0.351,0.2,0.16666666666666666,,,,,,,2.0,,2.0,,1.0,1.0,1.0,1.0,1.0,,,,,,,,,,,,1.0,,,1.0,,,,,,,,,,,2.0,,1.0,,,,,,,,,,,,,,,,1.0,,1.0,,,,,,,,,1.0,,,,,,,,,,,,,,,,,,,,,,,,,,,,,,,,,,,,1610612759,2016,2015-16,True
1938-201988-202695-203937-2561,1610612759,"Manu Ginobili, Patty Mills, Kawhi Leonard, Kyle Anderson, David West","Ginobili, Mills, Leonard, Anderson, West",1938-201988-202695-203937-2561,SAS,89.0,1,1.0,,3.0,2.0,,5.0,2.0,2.0,,,,,2.0,2.0,,4.0,4.0,,,,2.0,2.0,1.0,1.0,1.0,2.0,,,,1.0,,1.0,1.0,,1.0,,,,,4.0,0.5,0.5,1.0,,1.0,,1.0,,1.0,,,,,,,,,,,,80.89887640449437,19.333333333333332,15.5,19.333333333333332,15.5,1.0,1.0,1.0,0.5,,,,,,,1.0,0.4045,,,,,3.1,1.0,1.0,,,,,,,,,,,,,,,,,,,,,,,,,,,,,,,,,,,,,,,,,,,1.0,,,,,,,,,,,,,,,,,,1.0,,,1.0,,,,,,,,,,,,,,,,,,,,,,,,,,,,,,,,,,,,,,,,,,,,,,,,,,,,,,,,,,,,,,,,,,,,,,,,,,,,1610612759,2016,2015-16,True
1938-201988-202695-2561-2564,1610612759,"Manu Ginobili, Patty Mills, Kawhi Leonard, David West, Boris Diaw","Ginobili, Mills, Leonard, West, Diaw",1938-201988-202695-2561-2564,SAS,849.0,5,14.0,1.0,25.0,25.0,5.0,50.0,3.0,4.0,1.0,1.0,3.0,5.0,7.0,12.0,4.0,30.0,29.0,1.0,2.0,5.0,8.0,6.0,4.0,7.0,2.0,17.0,3.0,5.0,6.0,12.0,7.0,19.0,5.0,2.0,6.0,4.0,1.0,6.0,3.0,25.0,0.5714285714285714,0.6666666666666666,0.5833333333333334,0.5,0.5652173913043478,0.4166666666666667,0.5769230769230769,0.4166666666666667,0.8333333333333334,0.6666666666666666,0.6,0.8333333333333334,0.7333333333333333,0.5,1.0,,0.75,0.6666666666666666,0.8333333333333334,,84.80565371024734,17.68,16.28,15.92,16.0,0.17391304347826086,0.75,0.75,0.6666666666666666,0.21739130434782608,0.6,0.6,0.16666666666666666,1.0,,0.6521739130434783,0.5311021739130435,0.4881166666666667,0.11538461538461539,0.2,0.16666666666666666,9.375,2.0,7.0,5.0,6.0,11.0,6.0,0.4782608695652174,0.21739130434782608,0.2608695652173913,24.036363636363635,,,,1.0,4.0,,,,3.0,1.0,,,0.36363636363636365,0.36363636363636365,,,,0.5,0.16666666666666666,0.16666666666666666,,,0.16666666666666666,,,,2.0,,,,1.0,,,,3.0,,2.0,2.0,2.0,1.0,0.5,1.0,3.0,,,,,,9.0,3.0,,1.0,1.0,0.75,,1.0,0.13043478260869565,0.3333333333333333,0.5,1.0,,,,,1.0,1.0,,,1.0,,0.08333333333333333,,1.0,0.09090909090909091,3.0,,2.0,3.0,1.0,,0.3333333333333333,0.6,0.6,1.0,1.0,,,,3.0,4.0,0.5,,3.0,,,,,,,,,,,,,0.3333333333333333,,,0.42857142857142855,0.2,1.0,,,,,1.0,1.0,0.25,0.3333333333333333,,,1.0,0.16666666666666666,,,1.0,0.5,,,,,1610612759,2016,2015-16,True
1938-201988-203937-2561-2564,1610612759,"Manu Ginobili, Patty Mills, Kyle Anderson, David West, Boris Diaw","Ginobili, Mills, Anderson, West, Diaw",1938-201988-203937-2561-2564,SAS,1182.0,6,20.0,-13.0,41.0,40.0,3.0,81.0,2.0,3.0,,,3.0,13.0,8.0,25.0,5.0,27.0,40.0,,2.0,,8.0,8.0,4.0,5.0,1.0,11.0,1.0,4.0,10.0,14.0,2.0,16.0,7.0,3.0,10.0,7.0,,7.0,2.0,27.0,0.5,0.5,0.32,,0.34375,,0.37142857142857144,,0.7,0.9090909090909091,0.058823529411764705,0.8,0.875,0.09523809523809523,,,1.0,0.75,0.6666666666666666,1.0,98.68020304568529,14.682926829268293,14.5,14.146341463414634,14.025,0.09375,0.6666666666666666,1.0,0.5,0.40625,0.23076923076923078,0.23076923076923078,,,,0.3125,0.4549709677419355,0.3898,0.058823529411764705,0.07407407407407407,,12.235999999999999,2.0,12.0,1.0,6.0,7.0,5.0,0.21875,0.03125,0.1875,28.357142857142858,16.0,,,1.0,2.0,3.0,6.0,14.0,3.0,1.0,14.0,16.0,0.2857142857142857,0.3333333333333333,0.5,0.5454545454545454,0.5833333333333334,1.0,0.16666666666666666,0.16666666666666666,,,0.2,0.44851,0.5185185185185185,0.3902439024390244,18.0,2.0,1.0,1.0,1.0,1.0,3.0,2.0,4.0,,1.0,,2.0,,,3.0,9.0,1.0,1.0,4.0,2.0,5.0,3.0,1.0,,1.0,,0.5,0.4,,0.28125,0.3333333333333333,0.42857142857142855,0.3333333333333333,,0.09090909090909091,0.36363636363636365,0.25,3.0,,1.0,2.0,3.0,1.0,0.12,0.3333333333333333,0.16666666666666666,,1.0,,,1.0,2.0,1.0,0.6666666666666666,1.0,1.0,1.0,,1.0,6.0,1.0,,,,,1.0,,1.0,1.0,,1.0,,1.0,,,,,,0.2222222222222222,,,0.25,0.25,,,1.0,1.0,3.0,,,,,,,,,,,,,1.0,,,,1610612759,2016,2015-16,True
1938-202695-203937-2225-2561,1610612759,"Manu Ginobili, Kawhi Leonard, Kyle Anderson, Tony Parker, David West","Ginobili, Leonard, Anderson, Parker, West",1938-202695-203937-2225-2561,SAS,50.0,1,1.0,-1.0,1.0,2.0,1.0,3.0,1.0,1.0,1.0,1.0,,,1.0,2.0,,2.0,3.0,1.0,1.0,2.0,,2.0,,,,,1.0,1.0,,1.0,1.0,2.0,,,,,,,,,,,0.5,1.0,0.5,1.0,0.5,1.0,,,1.0,1.0,1.0,1.0,,,,,1.0,,86.39999999999999,17.0,16.5,17.0,16.5,0.5,1.0,1.0,,,,,1.0,1.0,,0.5,0.41265,0.4278,,,1.0,4.15,,,,,,,,,,,,,,,,,,,,,,,,,,,,,,,,,,,,,,,,,,,,,,,,,,,,,1.0,,,,,,,,,,,,,,0.5,,,,,,,,1.0,,,,,,0.5,,1.0,,,,2.0,,,,,,,,,,,,,,,,,,,,,,,,,,,,,1.0,,,,,,,,,,,,,,,,,,,,,,,,,,1610612759,2016,2015-16,True
200746-201980-201988-202695-203937,1610612759,"LaMarcus Aldridge, Danny Green, Patty Mills, Kawhi Leonard, Kyle Anderson","Aldridge, Green, Mills, Leonard, Anderson",200746-201980-201988-202695-203937,SAS,96.0,1,2.0,4.0,3.0,2.0,2.0,5.0,2.0,2.0,2.0,2.0,,,2.0,2.0,2.0,6.0,2.0,2.0,2.0,4.0,2.0,2.0,1.0,1.0,1.0,2.0,,,1.0,1.0,2.0,3.0,,,,1.0,,2.0,,2.0,0.5,1.0,1.0,1.0,0.5,1.0,0.6,1.0,,0.5,,,0.3333333333333333,1.0,,,1.0,,,,75.0,18.666666666666668,20.0,17.666666666666668,15.5,0.5,1.0,1.0,0.5,,,,1.0,1.0,0.5,1.0,0.6675375,,,,0.6666666666666666,0.5,,1.0,1.0,1.0,2.0,1.0,0.5,0.25,0.25,24.1,3.0,2.0,2.0,,,2.0,2.0,6.0,,,6.0,3.0,,,1.0,0.5,0.6,,,,0.5,1.0,,0.6675375,1.0,1.0,,2.0,,1.0,,1.0,,,,,1.0,1.0,1.0,1.0,1.0,,,1.0,,1.0,,2.0,,,,,,,,,,,,,,0.25,0.25,,,,,,,,,,,,,,2.0,,,,,,,,,,,,,,,,2.0,,,,,,,,,,,,,,,,1.0,1.0,1.0,,,,,,,,,,,,,,,,,,,,,1610612759,2016,2015-16,True
200746-201980-201988-202695-2561,1610612759,"LaMarcus Aldridge, Danny Green, Patty Mills, Kawhi Leonard, David West","Aldridge, Green, Mills, Leonard, West",200746-201980-201988-202695-2561,SAS,46.0,1,1.0,2.0,2.0,2.0,1.0,4.0,1.0,1.0,,,,,1.0,1.0,2.0,4.0,2.0,,,2.0,,2.0,,,,,,,1.0,1.0,2.0,3.0,,,,2.0,2.0,4.0,,2.0,,,1.0,,0.5,,0.5,0.5,,1.0,,,1.0,1.0,,,,,,,125.21739130434781,9.5,13.5,9.5,13.5,0.5,1.0,1.0,,,,,,,,1.0,0.601125,,,,0.5,1.6,1.0,1.0,1.0,,1.0,,0.5,0.5,,23.0,2.0,1.0,1.0,,,1.0,1.0,4.0,,,4.0,2.0,,,1.0,0.5,0.5,1.0,,,0.5,1.0,,0.601125,1.0,1.0,,2.0,,2.0,,2.0,,,,,,,,,,,,1.0,,,,1.0,,,,,,,,,,,,,,0.5,,,,,,,,,,,,,,2.0,,,,,,,,,,,,,,,,,1.0,,,,,,,,,,,,,,,,1.0,,1.0,,,,,,,,,,,,,,,1.0,1.0,,,,,1610612759,2016,2015-16,True
200746-201980-201988-202695-2564,1610612759,"LaMarcus Aldridge, Danny Green, Patty Mills, Kawhi Leonard, Boris Diaw","Aldridge, Green, Mills, Leonard, Diaw",200746-201980-201988-202695-2564,SAS,212.0,3,4.0,5.0,7.0,7.0,,14.0,3.0,3.0,,,3.0,3.0,6.0,6.0,,12.0,7.0,,,,8.0,4.0,4.0,4.0,2.0,8.0,,1.0,2.0,3.0,,3.0,,,,,,,,12.0,0.6666666666666666,0.6666666666666666,1.0,,0.8571428571428571,,0.8571428571428571,,,0.6666666666666666,,1.0,0.75,,,,1.0,,1.0,,95.09433962264151,12.0,18.285714285714285,12.0,17.857142857142858,0.42857142857142855,1.0,1.0,0.6666666666666666,0.42857142857142855,1.0,1.0,,,,0.5714285714285714,0.49714285714285716,,,,,10.383333333333333,1.0,1.0,,1.0,1.0,1.0,0.14285714285714285,,0.14285714285714285,24.5,2.0,1.0,1.0,,,2.0,2.0,4.0,,,4.0,2.0,,,1.0,1.0,1.0,1.0,,,0.5,1.0,,0.65025,0.3333333333333333,0.2857142857142857,,,,,,,1.0,1.0,,,,,,,,,,,,,,,,,,,,,,,,,,,,,,,,,,,,,,,,,,,,,2.0,,0.6666666666666666,,,,,,,,,,,,,,,,,,,,,,,,,,,,,,,,,,1.0,,,,,,,,,,,,,,,,,1610612759,2016,2015-16,True
200746-201980-202695-2225-2561,1610612759,"LaMarcus Aldridge, Danny Green, Kawhi Leonard, Tony Parker, David West","Aldridge, Green, Leonard, Parker, West",200746-201980-202695-2225-2561,SAS,1143.0,3,19.0,11.0,40.0,38.0,7.0,78.0,9.0,12.0,2.0,3.0,2.0,5.0,14.0,22.0,8.0,51.0,40.0,2.0,4.0,8.0,10.0,18.0,5.0,9.0,3.0,22.0,4.0,4.0,6.0,10.0,7.0,17.0,5.0,3.0,9.0,11.0,1.0,11.0,4.0,43.0,0.35714285714285715,0.38461538461538464,0.6363636363636364,0.5,0.6323529411764706,0.4375,0.6538461538461539,0.5,0.5555555555555556,0.75,0.5714285714285714,0.8,0.7692307692307693,0.42857142857142855,1.0,0.5,0.5,0.75,0.75,1.0,98.26771653543307,13.975,15.368421052631579,12.675,15.078947368421053,0.35294117647058826,0.75,0.75,0.3333333333333333,0.14705882352941177,0.4,0.4,0.375,0.6666666666666666,0.5,0.7058823529411765,0.5130882352941176,0.5571499999999999,0.10810810810810811,0.16,0.1568627450980392,7.122727272727272,8.0,12.0,3.0,9.0,12.0,9.0,0.35294117647058826,0.08823529411764706,0.2647058823529412,25.391666666666666,19.0,5.0,6.0,4.0,5.0,8.0,12.0,28.0,3.0,4.0,28.0,19.0,0.4166666666666667,0.4166666666666667,0.6666666666666666,0.6111111111111112,0.6363636363636364,1.0,0.4444444444444444,0.4444444444444444,0.3333333333333333,0.8333333333333334,0.4444444444444444,0.5134777777777777,0.5490196078431373,0.475,8.0,6.0,,2.0,1.0,2.0,6.0,5.0,2.0,1.0,,,,,,3.0,5.0,2.0,1.0,4.0,2.0,6.0,12.0,4.0,3.0,2.0,,0.8,0.3333333333333333,,0.14705882352941177,0.6,0.6,0.6666666666666666,0.75,0.1111111111111111,0.2222222222222222,0.25,,2.0,1.0,1.0,4.0,1.0,,,,0.14285714285714285,1.0,1.0,2.0,1.0,,,,0.3333333333333333,0.3333333333333333,1.0,,,2.0,,3.0,4.0,0.375,,2.0,1.0,,,1.0,,,,,,,,,,,,0.2857142857142857,0.4,,,1.0,0.5,1.0,1.0,1.0,0.25,0.3333333333333333,1.0,,1.0,0.125,,,1.0,1.0,,,,,1610612759,2016,2015-16,True
200746-201980-202695-2225-2564,1610612759,"LaMarcus Aldridge, Danny Green, Kawhi Leonard, Tony Parker, Boris Diaw","Aldridge, Green, Leonard, Parker, Diaw",200746-201980-202695-2225-2564,SAS,568.0,3,9.0,8.0,17.0,19.0,1.0,36.0,4.0,6.0,,,1.0,4.0,6.0,12.0,3.0,24.0,16.0,,,,10.0,2.0,5.0,8.0,4.0,19.0,1.0,2.0,6.0,8.0,1.0,9.0,1.0,,1.0,2.0,,4.0,2.0,24.0,0.8333333333333334,0.8333333333333334,0.5,,0.65625,,0.6666666666666666,,1.0,0.8571428571428571,0.16666666666666666,1.0,0.8888888888888888,0.14285714285714285,,,1.0,1.0,,1.0,91.26760563380282,14.941176470588236,16.526315789473685,14.411764705882353,15.789473684210526,0.375,0.6666666666666666,1.0,1.0,0.25,0.25,0.25,,,,0.625,0.561446875,0.5361,0.1111111111111111,0.14285714285714285,,7.391666666666667,2.0,2.0,2.0,2.0,4.0,2.0,0.25,0.125,0.125,23.975,4.0,2.0,2.0,1.0,3.0,2.0,3.0,7.0,,1.0,7.0,4.0,0.75,0.75,0.6666666666666666,0.875,0.875,0.75,0.5,0.5,0.5,1.0,0.5,0.6788625,0.2916666666666667,0.23529411764705882,1.0,,,,,,,,1.0,,1.0,,1.0,1.0,1.0,1.0,2.0,1.0,,,1.0,1.0,9.0,3.0,1.0,,,1.0,1.0,,0.125,0.5,0.5,,1.0,0.25,,,2.0,,,,,,0.16666666666666666,0.3333333333333333,1.0,,2.0,,,2.0,1.0,,1.0,1.0,1.0,1.0,,,,,1.0,1.0,1.0,,,,,,,,,,,1.0,,,,,,,,,,,1.0,1.0,,,,,,,,,,,,,,,,,,1610612759,2016,2015-16,True
200746-201980-203937-2225-2561,1610612759,"LaMarcus Aldridge, Danny Green, Kyle Anderson, Tony Parker, David West","Aldridge, Green, Anderson, Parker, West",200746-201980-203937-2225-2561,SAS,107.0,1,2.0,6.0,3.0,2.0,1.0,5.0,,,,,,,,1.0,,6.0,,,,3.0,,,,2.0,,6.0,1.0,1.0,1.0,2.0,1.0,3.0,,,1.0,,,,,3.0,,,,,1.0,1.5,1.0,1.5,,0.5,1.0,1.0,0.6666666666666666,1.0,,,,,1.0,,67.28971962616822,17.0,28.0,15.666666666666666,21.5,,,,,,,,,,,0.6666666666666666,0.4787333333333333,0.54645,,,0.5,7.7,,1.0,1.0,1.0,2.0,1.0,0.6666666666666666,0.3333333333333333,0.3333333333333333,23.7,,,,1.0,2.0,,,,,1.0,,,1.0,1.0,,,,1.0,1.0,1.0,,,1.0,,,,,,,,,,,,,,,,,,,,1.0,,,,,,6.0,2.0,1.0,,,1.0,,,0.3333333333333333,,,,1.0,,,,,1.0,,1.0,1.0,,,,1.0,1.0,1.0,,,1.0,,,,1.0,1.0,1.0,,,,,,1.0,,,,,,1.0,,,,,,,,,,,,,,,,,,,,,1.0,1.0,,,,1.0,1.0,,,,,,1.0,1.0,1.0,1610612759,2016,2015-16,True
200746-202695-203937-2225-2564,1610612759,"LaMarcus Aldridge, Kawhi Leonard, Kyle Anderson, Tony Parker, Boris Diaw","Aldridge, Leonard, Anderson, Parker, Diaw",200746-202695-203937-2225-2564,SAS,351.0,2,6.0,1.0,11.0,11.0,,22.0,4.0,6.0,,,1.0,3.0,6.0,10.0,,12.0,11.0,,,,6.0,6.0,3.0,3.0,2.0,6.0,,,4.0,4.0,,4.0,1.0,,1.0,,,,,12.0,0.5,0.5,0.6,,0.6,,0.6,,1.0,0.6666666666666666,,,0.6666666666666666,,,,,1.0,,,90.25641025641026,11.818181818181818,20.09090909090909,11.818181818181818,19.363636363636363,0.6,0.6666666666666666,0.6666666666666666,0.5,0.3,0.3333333333333333,0.3333333333333333,,,,0.6,0.5695,,,,,6.220000000000001,2.0,2.0,,,,,,,,,,,,,,,,,,,,,,,,,,0.3333333333333333,,,,,,,,,,,,,,,2.0,,1.0,,,,,,,1.0,1.0,,,,,,,,,1.0,,,,,0.1,1.0,1.0,1.0,,,,,,,2.0,,,,,,,,,,,,,,,,,,,,,,,,,,,,,,,,,,,,,,,,,,,,,,,,,,,,,,,,,,,,,,,,,1610612759,2016,2015-16,True
200746-202695-2225-2564-2755,1610612759,"LaMarcus Aldridge, Kawhi Leonard, Tony Parker, Boris Diaw, Kevin Martin","Aldridge, Leonard, Parker, Diaw, Martin",200746-202695-2225-2564-2755,SAS,124.0,1,2.0,-3.0,5.0,4.0,1.0,9.0,,1.0,,,,2.0,,4.0,,,3.0,,1.0,,,,,,,,1.0,1.0,2.0,3.0,1.0,4.0,,,1.0,,,,,,,,,,,,,,,1.0,0.25,1.0,1.0,0.2,1.0,,,1.0,1.0,,104.51612903225805,14.6,12.75,12.4,12.75,0.2,,,,0.4,,,,,,0.4,0.44550999999999996,0.4151,,,,12.5,1.0,1.0,,1.0,1.0,1.0,0.2,,0.2,24.8,,,,,,,,,,,,,,,,,,1.0,,,,,,,,,,,,,,,,,,,,,,,,,1.0,,,,,,,,,,,,,,0.2,,,,,,,,,,,,1.0,,,,,,,,,,,,,,,,,,,,,,,,,1.0,,,,,,,,,,,,,,,,,,,,,,,,,,,,,,,,,,,,,,1610612759,2016,2015-16,True
201980-201988-202695-2561-2564,1610612759,"Danny Green, Patty Mills, Kawhi Leonard, David West, Boris Diaw","Green, Mills, Leonard, West, Diaw",201980-201988-202695-2561-2564,SAS,216.0,3,4.0,-8.0,7.0,9.0,,16.0,1.0,2.0,,,1.0,1.0,3.0,4.0,,9.0,17.0,,,,,6.0,,1.0,,3.0,,1.0,,1.0,,1.0,2.0,2.0,2.0,,,,,9.0,,,0.75,,0.75,,0.75,,1.0,,,1.0,1.0,,,,,,1.0,,106.66666666666666,16.857142857142858,10.88888888888889,16.857142857142858,9.222222222222221,0.3333333333333333,0.5,0.5,,0.16666666666666666,1.0,1.0,,,,0.6666666666666666,0.55424,,,,,8.125,,1.0,,2.0,2.0,1.0,0.3333333333333333,,0.3333333333333333,51.4,,,,1.0,1.0,,,,,1.0,,,0.5,1.0,,,,,0.5,0.5,,,1.0,,,,1.0,,,,,,1.0,,,,,,,,,1.0,1.0,,,1.0,,1.0,3.0,1.0,1.0,,,1.0,,,0.16666666666666666,1.0,1.0,,1.0,,1.0,,,,1.0,,,,,,,,,,,,,,,,,,,1.0,,,,,,,,,,,,,,,,,,,,,,,,,,,,,,,,,,,,,,,,,,,,,,1610612759,2016,2015-16,True
201980-201988-203937-2561-2564,1610612759,"Danny Green, Patty Mills, Kyle Anderson, David West, Boris Diaw","Green, Mills, Anderson, West, Diaw",201980-201988-203937-2561-2564,SAS,193.0,4,3.0,5.0,6.0,7.0,1.0,13.0,4.0,5.0,2.0,2.0,,1.0,4.0,6.0,,8.0,3.0,2.0,2.0,4.0,,8.0,,,,,1.0,2.0,3.0,5.0,2.0,7.0,1.0,1.0,2.0,1.0,,1.0,1.0,4.0,,,0.6666666666666666,1.0,0.5714285714285714,1.0,0.5714285714285714,1.0,0.5,1.0,0.5,1.0,1.0,0.6666666666666666,1.0,,1.0,,1.0,1.0,96.99481865284974,15.833333333333334,14.0,14.666666666666666,14.0,0.7142857142857143,0.8,1.0,,0.14285714285714285,,,1.0,1.0,,0.8571428571428571,0.5251571428571429,0.5468,0.14285714285714285,0.16666666666666666,0.5,4.45,1.0,4.0,,1.0,1.0,1.0,0.14285714285714285,,0.14285714285714285,25.2,,,,,,,,,,,,,,,,,,1.0,,,,,,,,,,,,,,,,,,1.0,,,,,,,,,,,,,,,,,,,,,,,,,,,,,1.0,,,,1.0,,0.16666666666666666,0.2,,,,,2.0,,,,,,,,,,,,,,,,1.0,,,1.0,1.0,,,,,,,,,,,,1.0,1.0,,,,,,,,,,,,,,,,,,,,,,1610612759,2016,2015-16,True
201988-202695-203613-203937-2561,1610612759,"Patty Mills, Kawhi Leonard, Jonathon Simmons, Kyle Anderson, David West","Mills, Leonard, Simmons, Anderson, West",201988-202695-203613-203937-2561,SAS,116.0,1,2.0,2.0,4.0,4.0,1.0,8.0,1.0,1.0,,,1.0,1.0,3.0,3.0,,6.0,4.0,,,,6.0,,3.0,3.0,1.0,6.0,,,2.0,2.0,,2.0,,,,,,,,6.0,1.0,1.0,1.0,,1.0,,1.0,,,1.0,,,1.0,,,,1.0,,,,99.3103448275862,12.5,16.5,12.25,16.5,0.3333333333333333,1.0,1.0,1.0,0.3333333333333333,1.0,1.0,,,,0.3333333333333333,0.38599999999999995,,,,,9.166666666666666,,,,,,,,,,,3.0,1.0,1.0,,,3.0,3.0,6.0,,,6.0,3.0,,,1.0,1.0,1.0,1.0,,,0.3333333333333333,1.0,,0.38599999999999995,1.0,0.75,,,,,,,,,,,,,,,,1.0,1.0,,,,,,,,,1.0,,,,,0.3333333333333333,1.0,1.0,1.0,,,,,,,,,,,,,,,,,,,1.0,,1.0,,,,,,,,,,,,,,,,,,,,,,1.0,,,,,,,,,,,,,,,,,,,,,,,,,,,,,1610612759,2016,2015-16,True
201988-202695-203937-2561-2564,1610612759,"Patty Mills, Kawhi Leonard, Kyle Anderson, David West, Boris Diaw","Mills, Leonard, Anderson, West, Diaw",201988-202695-203937-2561-2564,SAS,474.0,3,8.0,-8.0,15.0,15.0,1.0,30.0,3.0,3.0,,,1.0,5.0,4.0,9.0,,8.0,16.0,,,,6.0,2.0,3.0,3.0,2.0,6.0,1.0,1.0,5.0,6.0,1.0,7.0,2.0,2.0,4.0,1.0,,2.0,1.0,8.0,0.75,0.75,0.4444444444444444,,0.3333333333333333,,0.3076923076923077,,0.5,0.8333333333333334,0.25,0.3333333333333333,0.6666666666666666,0.14285714285714285,,0.25,1.0,0.6666666666666666,,0.5,91.13924050632912,16.133333333333333,15.466666666666667,15.666666666666666,13.8,0.25,1.0,1.0,0.6666666666666666,0.4166666666666667,0.2,0.25,,,,0.5,0.4624875,,0.07692307692307693,0.1,,11.922222222222222,,1.0,,3.0,3.0,3.0,0.25,,0.25,24.866666666666664,1.0,1.0,1.0,,,1.0,2.0,2.0,,,2.0,1.0,,,0.5,0.5,0.5,1.0,,,0.5,1.0,,0.53115,0.25,0.06666666666666667,2.0,,,,,,1.0,,,,1.0,1.0,1.0,1.0,1.0,,1.0,,,,,,,,,,,,,,0.08333333333333333,,,,,,,,2.0,,1.0,,2.0,,0.2222222222222222,,,,,,,,1.0,,1.0,,,,,,,,,,,,,1.0,1.0,,,,,,,,,,,1.0,0.2,,,,,,,,,,,,,,,,,,,,,,,,,1610612759,2016,2015-16,True
201988-203613-203937-2561-2564,1610612759,"Patty Mills, Jonathon Simmons, Kyle Anderson, David West, Boris Diaw","Mills, Simmons, Anderson, West, Diaw",201988-203613-203937-2561-2564,SAS,207.0,1,3.0,-2.0,5.0,6.0,3.0,11.0,3.0,6.0,2.0,3.0,,,3.0,6.0,,6.0,8.0,2.0,3.0,4.0,4.0,2.0,2.0,2.0,2.0,4.0,4.0,1.0,1.0,2.0,5.0,7.0,1.0,1.0,2.0,1.0,1.0,,,2.0,0.6666666666666666,0.6666666666666666,0.5,0.6666666666666666,0.42857142857142855,0.6666666666666666,0.42857142857142855,0.6666666666666666,0.5,0.5,1.0,1.0,0.6666666666666666,1.0,1.0,,1.0,,1.0,,76.52173913043478,18.4,19.166666666666668,14.2,16.166666666666668,0.8571428571428571,0.5,0.5,0.6666666666666666,,,,1.0,0.6666666666666666,0.5,1.0,0.6453642857142857,0.6381333333333333,,,0.6666666666666666,0.9333333333333332,1.0,2.0,,1.0,1.0,1.0,0.14285714285714285,,0.14285714285714285,25.7,1.0,1.0,1.0,,,1.0,1.0,2.0,,,2.0,1.0,,,1.0,1.0,1.0,,,,1.0,1.0,,0.572,0.3333333333333333,0.2,1.0,,,,,,,,,,,,,,,,,,,,,,,,,,,,,,,,,,,,,,,1.0,,1.0,1.0,1.0,,,1.0,0.25,,,,,,,,,,,,,,,,,,,1.0,,,,,,,,,,,,,,,,1.0,1.0,,,,,,,,,,,,,,,,,,,,,,1610612759,2016,2015-16,True
201988-203937-2561-2564-2755,1610612759,"Patty Mills, Kyle Anderson, David West, Boris Diaw, Kevin Martin","Mills, Anderson, West, Diaw, Martin",201988-203937-2561-2564-2755,SAS,512.0,3,9.0,-2.0,14.0,14.0,4.0,28.0,3.0,7.0,2.0,3.0,1.0,2.0,6.0,13.0,3.0,15.0,17.0,2.0,3.0,5.0,6.0,6.0,3.0,3.0,1.0,6.0,3.0,1.0,2.0,3.0,4.0,7.0,2.0,2.0,2.0,6.0,1.0,5.0,3.0,10.0,0.5,0.75,0.46153846153846156,0.6666666666666666,0.42857142857142855,0.6666666666666666,0.46875,0.625,1.0,1.0,0.42857142857142855,1.0,1.0,0.5,0.5,1.0,,1.0,1.0,,78.75,19.071428571428573,17.5,18.5,17.5,0.5,0.42857142857142855,0.42857142857142855,0.3333333333333333,0.14285714285714285,0.5,0.5,1.0,0.6666666666666666,,0.5714285714285714,0.5414285714285715,0.64665,0.1875,0.2,0.3333333333333333,7.199999999999999,,1.0,1.0,,1.0,,0.07142857142857142,0.07142857142857142,,23.9,3.0,,,,,,1.0,1.0,,,1.0,3.0,,,,,0.25,1.0,,,,,,0.3955,0.06666666666666667,0.21428571428571427,7.0,1.0,1.0,,1.0,,4.0,2.0,,1.0,,,,,,2.0,4.0,,,,,,,,,1.0,,,,,0.2857142857142857,0.5,0.5,0.5,,,,,,,2.0,,,,,,,,,1.0,4.0,,1.0,,1.0,,,,,,1.0,,,,,,1.0,,,,,,,,,,,,,,,,1.0,,1.0,,,,,,,,,,,,,,,,,,,,,1610612759,2016,2015-16,True
202695-203937-2225-2561-2564,1610612759,"Kawhi Leonard, Kyle Anderson, Tony Parker, David West, Boris Diaw","Leonard, Anderson, Parker, West, Diaw",202695-203937-2225-2561-2564,SAS,65.0,1,1.0,4.0,2.0,3.0,1.0,5.0,1.0,1.0,,,1.0,1.0,2.0,3.0,,4.0,,1.0,1.0,2.0,2.0,2.0,1.0,1.0,1.0,2.0,1.0,,1.0,1.0,1.0,2.0,,,,2.0,,,,2.0,0.5,0.5,0.6666666666666666,1.0,0.6666666666666666,1.0,0.6666666666666666,1.0,,1.0,1.0,,1.0,1.0,,,,1.0,,,110.76923076923077,16.0,11.0,8.5,11.0,0.3333333333333333,1.0,1.0,1.0,0.3333333333333333,1.0,1.0,,,,0.3333333333333333,0.5481333333333334,0.4066,,,0.5,9.1,,,,,,,,,,,,,,,,,,,,,,,,,,,,,,,,,,,,,,,,,,,1.0,1.0,,,1.0,,1.0,1.0,1.0,,1.0,,,,,,,,,,,,,,0.3333333333333333,,,,,,,,,,,,,,,,1.0,,,,,,,,,,,,,,,1.0,,,,,,,,,,1.0,,,,,,,,,,,,,,,,,,,,,,,,,,,,,,,,,,1610612759,2016,2015-16,True
