PLAYER_ID,PLAYER_NAME,NICKNAME,TEAM_ID,TEAM_ABBREVIATION,AGE,GP,W,L,W_PCT,MIN,FGM,FGA,FG_PCT,FG3M,FG3A,FG3_PCT,FTM,FTA,FT_PCT,OREB,DREB,REB,AST,TOV,STL,BLK,BLKA,PF,PFD,PTS,PLUS_MINUS,NBA_FANTASY_PTS,DD2,TD3,WNBA_FANTASY_PTS,GP_RANK,W_RANK,L_RANK,W_PCT_RANK,MIN_RANK,FGM_RANK,FGA_RANK,FG_PCT_RANK,FG3M_RANK,FG3A_RANK,FG3_PCT_RANK,FTM_RANK,FTA_RANK,FT_PCT_RANK,OREB_RANK,DREB_RANK,REB_RANK,AST_RANK,TOV_RANK,STL_RANK,BLK_RANK,BLKA_RANK,PF_RANK,PFD_RANK,PTS_RANK,PLUS_MINUS_RANK,NBA_FANTASY_PTS_RANK,DD2_RANK,TD3_RANK,WNBA_FANTASY_PTS_RANK,team_poss,FGM_PG,DEF_RATING,NET_RATING,FGM_PG_RANK,OREB_PCT_RANK,PACE_RANK,OFF_RATING_RANK,E_NET_RATING,DREB_PCT,FGA_PG_RANK,E_TOV_PCT,E_DEF_RATING,PIE,E_TOV_PCT_RANK,AST_PCT_RANK,sp_work_NET_RATING_RANK,AST_PCT,AST_TO,DREB_PCT_RANK,OFF_RATING,sp_work_PACE,sp_work_DEF_RATING,E_PACE_RANK,sp_work_DEF_RATING_RANK,PACE_PER40,sp_work_OFF_RATING,AST_RATIO,NET_RATING_RANK,AST_RATIO_RANK,E_PACE,TS_PCT_RANK,POSS,PACE,AST_TO_RANK,PIE_RANK,sp_work_PACE_RANK,USG_PCT_RANK,EFG_PCT,sp_work_NET_RATING,USG_PCT,E_DEF_RATING_RANK,TM_TOV_PCT_RANK,OREB_PCT,E_OFF_RATING_RANK,E_USG_PCT_RANK,E_NET_RATING_RANK,TS_PCT,sp_work_OFF_RATING_RANK,REB_PCT,TM_TOV_PCT,FGA_PG,E_USG_PCT,DEF_RATING_RANK,REB_PCT_RANK,EFG_PCT_RANK,E_OFF_RATING,PASSES_RECEIVED,AST_TO_PASS_PCT_ADJ,FT_AST,POTENTIAL_AST,PASSES_MADE,AST_PTS_CREATED,AST_TO_PASS_PCT,SECONDARY_AST,AST_ADJ,DRIVE_FT_PCT,DRIVE_FTA,DRIVE_AST,DRIVE_AST_PCT,DRIVE_PTS_PCT,DRIVE_FGM,DRIVE_PF_PCT,DRIVE_PF,DRIVE_TOV_PCT,DRIVE_FGA,DRIVES,DRIVE_PASSES,DRIVE_PTS,DRIVE_FTM,DRIVE_FG_PCT,DRIVE_PASSES_PCT,DRIVE_TOV,PAINT_TOUCHES,AVG_DRIB_PER_TOUCH,AVG_SEC_PER_TOUCH,POINTS,PTS_PER_PAINT_TOUCH,PTS_PER_TOUCH,POST_TOUCHES,ELBOW_TOUCHES,TOUCHES,PTS_PER_POST_TOUCH,TIME_OF_POSS,PTS_PER_ELBOW_TOUCH,FRONT_CT_TOUCHES,REB_CHANCE_PCT_ADJ,OREB_CONTEST_PCT,OREB_CHANCES,DREB_CONTEST,OREB_CHANCE_PCT,DREB_CONTEST_PCT,REB_CHANCES,REB_CHANCE_PCT,OREB_CONTEST,DREB_CHANCES,REB_UNCONTEST,AVG_REB_DIST,DREB_CHANCE_DEFER,REB_CONTEST,AVG_DREB_DIST,AVG_OREB_DIST,OREB_UNCONTEST,DREB_UNCONTEST,OREB_CHANCE_PCT_ADJ,REB_CHANCE_DEFER,DREB_CHANCE_PCT_ADJ,OREB_CHANCE_DEFER,REB_CONTEST_PCT,DREB_CHANCE_PCT,very_tight_FG2A,very_tight_FGM,very_tight_FG3_PCT,very_tight_FG2M,very_tight_FG2_PCT,very_tight_FGA_FREQUENCY,very_tight_FG_PCT,very_tight_FG3A,very_tight_FG3M,very_tight_FGA,PLAYER_LAST_TEAM_ABBREVIATION,G,very_tight_FG3A_FREQUENCY,PLAYER_LAST_TEAM_ID,very_tight_FG2A_FREQUENCY,very_tight_EFG_PCT,tight_FG3A,tight_FGA,tight_FGA_FREQUENCY,tight_FG2_PCT,tight_FG3_PCT,tight_FG2M,tight_FG2A_FREQUENCY,tight_FG3A_FREQUENCY,tight_FG3M,tight_EFG_PCT,tight_FGM,tight_FG_PCT,tight_FG2A,open_FGA_FREQUENCY,open_FG3_PCT,open_FG3A,open_FG2A,open_FG2M,open_FG3M,open_FG2A_FREQUENCY,open_FG3A_FREQUENCY,open_FG_PCT,open_FGA,open_FGM,open_FG2_PCT,open_EFG_PCT,wide_open_FG3_PCT,wide_open_FGA,wide_open_EFG_PCT,wide_open_FG3A_FREQUENCY,wide_open_FG_PCT,wide_open_FGA_FREQUENCY,wide_open_FGM,wide_open_FG2A_FREQUENCY,wide_open_FG2M,wide_open_FG3M,wide_open_FG2_PCT,wide_open_FG3A,wide_open_FG2A,PULL_UP_FG3A,PULL_UP_FGA,PULL_UP_FG3_PCT,PULL_UP_FG_PCT,PULL_UP_FGM,PULL_UP_FG3M,PULL_UP_EFG_PCT,PULL_UP_PTS,CATCH_SHOOT_FG_PCT,EFF_FG_PCT,POST_TOUCH_FG_PCT,PAINT_TOUCH_PTS,ELBOW_TOUCH_PTS,CATCH_SHOOT_PTS,PAINT_TOUCH_FG_PCT,POST_TOUCH_PTS,ELBOW_TOUCH_FG_PCT,MID_FGA,ITP_FG_PCT,RA_FGA,LEFT_CORNER_3_FGA,BACKCOURT_FGM,LEFT_CORNER_3_FGM,ITP_FGM,MID_FGM,ABOVE_BREAK_3_FG_PCT,CORNER_3_FGM,RIGHT_CORNER_3_FGM,RA_FGM,ITP_FGA,BACKCOURT_FG_PCT,MID_FG_PCT,CORNER_3_FGA,ABOVE_BREAK_3_FGM,LEFT_CORNER_3_FG_PCT,RIGHT_CORNER_3_FG_PCT,CORNER_3_FG_PCT,BACKCOURT_FGA,ABOVE_BREAK_3_FGA,RIGHT_CORNER_3_FGA,RA_FG_PCT,PLUSMINUS,FGA_LT_06,PLAYER_POSITION,FREQ,FGM_LT_06,LT_06_PCT,NS_LT_06_PCT,FGA_40_PLUS,FGA_30_34,FGM_15_19,FGM_25_29,FGM_35_39,FGM_20_24,FGP_20_24,FGA_5_9,FGP_15_19,FGA_20_24,FGP_LT_5,FGP_10_14,FGP_30_34,TEAM_ABBR,FGP_40_PLUS,FGA_LT_5,FGA_15_19,FGM_10_14,FGA_35_39,FGP_25_29,FGM_30_34,FGP_5_9,FGA_25_29,FGM_LT_5,FGA_10_14,FGP_35_39,FGM_40_PLUS,FGM_5_9,CATCH_SHOOT_FG3M,CATCH_SHOOT_EFG_PCT,CATCH_SHOOT_FGM,CATCH_SHOOT_FG3_PCT,CATCH_SHOOT_FGA,CATCH_SHOOT_FG3A,year,date,playoffs,GAME_ID,overall_def_PLAYER_NAME,overall_def_PLAYER_LAST_TEAM_ID,overall_def_PLAYER_LAST_TEAM_ABBREVIATION,overall_def_PLAYER_POSITION,overall_def_AGE,overall_def_GP,overall_def_G,overall_def_FREQ,overall_def_D_FGM,overall_def_D_FGA,overall_def_D_FG_PCT,overall_def_NORMAL_FG_PCT,overall_def_PCT_PLUSMINUS,three_pt_def_PLAYER_NAME,three_pt_def_PLAYER_LAST_TEAM_ID,three_pt_def_PLAYER_LAST_TEAM_ABBREVIATION,three_pt_def_PLAYER_POSITION,three_pt_def_AGE,three_pt_def_GP,three_pt_def_G,three_pt_def_FREQ,three_pt_def_FG3M,three_pt_def_FG3A,three_pt_def_FG3_PCT,three_pt_def_NS_FG3_PCT,three_pt_def_PLUSMINUS,two_pt_def_PLAYER_NAME,two_pt_def_PLAYER_LAST_TEAM_ID,two_pt_def_PLAYER_LAST_TEAM_ABBREVIATION,two_pt_def_PLAYER_POSITION,two_pt_def_AGE,two_pt_def_GP,two_pt_def_G,two_pt_def_FREQ,two_pt_def_FG2M,two_pt_def_FG2A,two_pt_def_FG2_PCT,two_pt_def_NS_FG2_PCT,two_pt_def_PLUSMINUS,less_6ft_def_PLAYER_NAME,less_6ft_def_PLAYER_LAST_TEAM_ID,less_6ft_def_PLAYER_LAST_TEAM_ABBREVIATION,less_6ft_def_PLAYER_POSITION,less_6ft_def_AGE,less_6ft_def_GP,less_6ft_def_G,less_6ft_def_FREQ,less_6ft_def_FGM_LT_06,less_6ft_def_FGA_LT_06,less_6ft_def_LT_06_PCT,less_6ft_def_NS_LT_06_PCT,less_6ft_def_PLUSMINUS,less_10ft_def_PLAYER_NAME,less_10ft_def_PLAYER_LAST_TEAM_ID,less_10ft_def_PLAYER_LAST_TEAM_ABBREVIATION,less_10ft_def_PLAYER_POSITION,less_10ft_def_AGE,less_10ft_def_GP,less_10ft_def_G,less_10ft_def_FREQ,less_10ft_def_FGM_LT_10,less_10ft_def_FGA_LT_10,less_10ft_def_LT_10_PCT,less_10ft_def_NS_LT_10_PCT,less_10ft_def_PLUSMINUS,more_15ft_def_PLAYER_NAME,more_15ft_def_PLAYER_LAST_TEAM_ID,more_15ft_def_PLAYER_LAST_TEAM_ABBREVIATION,more_15ft_def_PLAYER_POSITION,more_15ft_def_AGE,more_15ft_def_GP,more_15ft_def_G,more_15ft_def_FREQ,more_15ft_def_FGM_GT_15,more_15ft_def_FGA_GT_15,more_15ft_def_GT_15_PCT,more_15ft_def_NS_GT_15_PCT,more_15ft_def_PLUSMINUS,hustle_PLAYER_NAME,hustle_TEAM_ID,hustle_TEAM_ABBREVIATION,hustle_AGE,hustle_G,hustle_MIN,hustle_CONTESTED_SHOTS,hustle_CONTESTED_SHOTS_2PT,hustle_CONTESTED_SHOTS_3PT,hustle_DEFLECTIONS,hustle_CHARGES_DRAWN,hustle_SCREEN_ASSISTS,hustle_SCREEN_AST_PTS,hustle_OFF_LOOSE_BALLS_RECOVERED,hustle_DEF_LOOSE_BALLS_RECOVERED,hustle_LOOSE_BALLS_RECOVERED,hustle_PCT_LOOSE_BALLS_RECOVERED_OFF,hustle_PCT_LOOSE_BALLS_RECOVERED_DEF,hustle_OFF_BOXOUTS,hustle_DEF_BOXOUTS,hustle_BOX_OUTS,hustle_BOX_OUT_PLAYER_TEAM_REBS,hustle_BOX_OUT_PLAYER_REBS,hustle_PCT_BOX_OUTS_OFF,hustle_PCT_BOX_OUTS_DEF,hustle_PCT_BOX_OUTS_TEAM_REB,hustle_PCT_BOX_OUTS_REB,post_touch_PLAYER_NAME,post_touch_TEAM_ID,post_touch_TEAM_ABBREVIATION,post_touch_GP,post_touch_W,post_touch_L,post_touch_MIN,post_touch_TOUCHES,post_touch_POST_TOUCHES,post_touch_POST_TOUCH_FGM,post_touch_POST_TOUCH_FGA,post_touch_POST_TOUCH_FG_PCT,post_touch_POST_TOUCH_FTM,post_touch_POST_TOUCH_FTA,post_touch_POST_TOUCH_FT_PCT,post_touch_POST_TOUCH_PTS,post_touch_POST_TOUCH_PTS_PCT,post_touch_POST_TOUCH_PASSES,post_touch_POST_TOUCH_PASSES_PCT,post_touch_POST_TOUCH_AST,post_touch_POST_TOUCH_AST_PCT,post_touch_POST_TOUCH_TOV,post_touch_POST_TOUCH_TOV_PCT,post_touch_POST_TOUCH_FOULS,post_touch_POST_TOUCH_FOULS_PCT,speed_distance_PLAYER_NAME,speed_distance_TEAM_ID,speed_distance_TEAM_ABBREVIATION,speed_distance_GP,speed_distance_W,speed_distance_L,speed_distance_MIN,speed_distance_MIN1,speed_distance_DIST_FEET,speed_distance_DIST_MILES,speed_distance_DIST_MILES_OFF,speed_distance_DIST_MILES_DEF,speed_distance_AVG_SPEED,speed_distance_AVG_SPEED_OFF,speed_distance_AVG_SPEED_DEF,season
1630598,Aaron Wiggins,Aaron,1610612760,OKC,24.0,1,0,1,0.0,12.086666666666666,2,3,0.667,1,1,1.0,1,2,0.5,1,3,4,0,2,1,0,0,0,2,6,-10,11.8,0,0,13.0,1,104,104,104,180,125,172,30,64,142,1,90,71,93,49,72,79,162,25,35,69,1,1,55,125,153,154,14,1,142,,2.0,128.0,-40.0,125,38,129,197,-30.1,0.214,172,34.0,122.7,0.134,204,162,192,0.0,0.0,45,88.0,99.28,128.0,157,148,82.74,88.0,0.0,192,162,98.97,27,25,99.28,107,59,129,56,0.833,-40.0,0.231,130,200,0.083,188,54,176,0.773,197,0.154,33.3,3.0,0.237,148,29,21,92.6,8.0,0.0,0.0,1.0,9.0,0.0,0.0,0.0,0.0,0.0,0.0,0.0,0.0,0.667,1.0,0.0,0.0,0.333,2.0,3.0,0.0,2.0,0.0,0.5,0.0,1.0,1.0,1.8,2.34,6.0,1.0,0.4,0.0,0.0,15.0,0.0,0.6,0.0,7.0,1.0,0.0,1.0,2.0,1.0,0.667,5.0,0.8,0.0,4.0,2.0,9.5,1.0,2.0,3.9,26.5,1.0,1.0,1.0,1.0,1.0,0.0,0.5,0.75,,,,,,,,,,,,,,,,,0.0,1.0,0.333,1.0,,1.0,0.333,0.0,0.0,1.0,1.0,1.0,1.0,0.333,,0.0,1.0,0.0,0.0,0.333,0.0,0.0,1.0,0.0,0.0,0.0,1.0,1.0,1.5,0.333,1.0,0.333,1.0,0.0,0.0,1.0,,1.0,0.0,0.0,0,,,0,0.0,,0,1.0,0.833,0.0,1.0,0.0,3.0,0.0,0.0,0.0,0.0,0.5,0.0,,,,1.0,0.0,1.0,0.0,0.0,0.0,2.0,,0.0,0.0,1.0,,0.0,0.0,,1.0,0.0,0.0,-0.024,213.0,G,0.4,127.0,0.596,0.621,,,0.0,1.0,,0.0,0.0,2.0,0.0,0.0,0.0,0.0,,OKC,,0.0,0.0,0.0,,1.0,,0.5,1.0,0.0,0.0,,,1.0,1.0,1.5,1,1.0,1,1.0,2023,20230324,False,22201106,Aaron Wiggins,1610612760.0,OKC,G,24.0,1.0,1.0,1.0,3.0,8.0,0.375,0.478,-0.103,Aaron Wiggins,1610612760.0,OKC,G,24.0,1.0,1.0,0.5,2.0,4.0,0.5,0.338,0.162,Aaron Wiggins,1610612760.0,OKC,G,24.0,1.0,1.0,0.5,1.0,4.0,0.25,0.571,-0.321,Aaron Wiggins,1610612760.0,OKC,G,24.0,1.0,1.0,0.25,1.0,2.0,0.5,0.636,-0.136,Aaron Wiggins,1610612760.0,OKC,G,24.0,1.0,1.0,0.25,1.0,2.0,0.5,0.61,-0.11,Aaron Wiggins,1610612760.0,OKC,G,24.0,1.0,1.0,0.5,2.0,4.0,0.5,0.343,0.157,Aaron Wiggins,1610612760.0,OKC,24.0,1.0,12.1,3.0,2.0,1.0,1.0,0.0,0.0,0.0,0.0,2.0,2.0,0.0,1.0,0.0,0.0,0.0,0.0,0.0,0.0,0.0,0.0,0.0,Aaron Wiggins,1610612760,OKC,1,0,1,12.1,15.0,0.0,0.0,0.0,0.0,0.0,0.0,0.0,0.0,0.0,0.0,0.0,0.0,0.0,0.0,0.0,0.0,0.0,Aaron Wiggins,1610612760,OKC,1,0,1,12.08,12.08,5042.0,0.95,0.48,0.47,4.71,5.94,3.9,2022_23
203076,Anthony Davis,Anthony,1610612747,LAL,30.0,1,1,0,1.0,36.486666666666665,15,21,0.714,0,1,0.0,7,11,0.636,5,10,15,1,1,1,0,1,1,7,37,8,58.5,1,0,55.0,1,1,1,1,17,1,8,24,113,142,113,6,3,88,3,6,2,119,59,35,69,136,47,4,2,56,3,1,1,4,,15.0,105.5,11.0,1,10,170,97,11.2,0.238,8,3.6,106.7,0.277,85,141,71,0.063,1.0,37,116.4,96.04,105.5,188,53,80.03,116.4,3.7,71,161,94.9,54,73,96.04,65,2,170,22,0.714,11.0,0.302,58,86,0.132,79,19,61,0.716,97,0.188,3.7,21.0,0.315,53,15,49,117.9,48.0,0.018,0.0,3.0,56.0,2.0,0.018,0.0,1.0,0.75,4.0,0.0,0.0,1.167,2.0,0.333,2.0,0.0,2.0,6.0,2.0,7.0,3.0,1.0,0.333,0.0,14.0,1.0,2.32,37.0,1.571,0.451,8.0,8.0,82.0,0.5,3.2,0.875,50.0,0.625,1.0,7.0,2.0,0.714,0.2,26.0,0.577,5.0,19.0,8.0,5.4,2.0,7.0,5.8,4.5,0.0,8.0,0.714,2.0,0.588,0.0,0.467,0.526,1.0,1.0,,1.0,1.0,0.048,1.0,0.0,0.0,1.0,LAL,1.0,0.0,1610612747.0,0.048,1.0,0.0,13.0,0.619,0.769,,10.0,0.619,0.0,0.0,0.769,10.0,0.769,13.0,0.238,,0.0,5.0,3.0,0.0,0.238,0.0,0.6,5.0,3.0,0.6,0.6,0.0,2.0,0.5,0.048,0.5,0.095,1.0,0.048,1.0,0.0,1.0,1.0,1.0,0.0,6,,0.667,4,0.0,0.667,8,0.0,0.714,0.667,22.0,7.0,0.0,0.909,4.0,0.6,2.0,0.667,9.0,0.0,0.0,0.0,6.0,0.0,0.0,0.0,0.0,9.0,9.0,0.0,0.0,0.0,0.0,0.0,0.0,0.0,0.0,1.0,0.0,1.0,-0.08,340.0,F-C,0.404,195.0,0.574,0.654,0.0,,0.0,0.0,0.0,0.0,0.0,6.0,0.0,0.0,1.0,1.0,,LAL,0.0,10.0,2.0,2.0,0.0,0.0,,0.5,1.0,10.0,2.0,0.0,0.0,3.0,0.0,0.0,0,0.0,2,1.0,2023,20230324,False,22201106,Anthony Davis,1610612747.0,LAL,F-C,30.0,1.0,1.0,1.0,7.0,14.0,0.5,0.478,0.022,Anthony Davis,1610612747.0,LAL,F-C,30.0,1.0,1.0,0.143,1.0,2.0,0.5,0.395,0.105,Anthony Davis,1610612747.0,LAL,F-C,30.0,1.0,1.0,0.857,6.0,12.0,0.5,0.518,-0.018,Anthony Davis,1610612747.0,LAL,F-C,30.0,1.0,1.0,0.357,2.0,5.0,0.4,0.588,-0.188,Anthony Davis,1610612747.0,LAL,F-C,30.0,1.0,1.0,0.5,3.0,7.0,0.429,0.547,-0.118,Anthony Davis,1610612747.0,LAL,F-C,30.0,1.0,1.0,0.429,3.0,6.0,0.5,0.409,0.091,Anthony Davis,1610612747.0,LAL,30.0,1.0,36.5,5.0,5.0,0.0,3.0,0.0,6.0,13.0,1.0,0.0,1.0,1.0,0.0,2.0,1.0,3.0,3.0,2.0,0.667,0.333,1.0,0.667,Anthony Davis,1610612747,LAL,1,1,0,36.5,82.0,8.0,2.0,3.0,0.667,0.0,0.0,0.0,4.0,0.5,4.0,0.5,0.0,0.0,1.0,0.125,0.0,0.0,Anthony Davis,1610612747,LAL,1,1,0,36.48,36.48,12806.0,2.43,1.38,1.05,3.72,4.04,3.35,2022_23
1630559,Austin Reaves,Austin,1610612747,LAL,25.0,1,1,0,1.0,38.23333333333333,3,12,0.25,1,5,0.2,4,4,1.0,3,3,6,9,3,0,0,0,3,2,11,4,28.7,0,0,27.0,1,1,1,1,8,101,51,163,64,42,101,21,30,1,9,72,40,5,11,94,69,1,145,55,87,73,68,14,1,63,,3.0,116.3,6.5,101,46,119,69,4.4,0.073,51,11.6,116.2,0.056,148,39,91,0.281,3.0,147,122.8,99.81,116.3,116,101,83.17,122.8,34.6,91,29,100.74,158,79,99.81,23,136,119,110,0.292,6.5,0.179,102,146,0.071,70,118,91,0.4,69,0.072,11.5,12.0,0.177,101,115,169,120.6,69.0,0.145,0.0,18.0,62.0,24.0,0.145,0.0,9.0,1.0,4.0,1.0,0.077,0.308,0.0,0.154,2.0,0.154,3.0,13.0,6.0,4.0,4.0,0.0,0.462,2.0,0.0,5.1,5.35,11.0,0.0,0.134,0.0,2.0,82.0,0.0,7.3,0.0,41.0,1.0,0.0,3.0,0.0,1.0,0.0,7.0,0.857,0.0,4.0,6.0,13.4,1.0,0.0,9.2,17.7,3.0,3.0,1.0,1.0,1.0,0.0,0.0,0.75,,,,,,,,,,,,,,,,,1.0,5.0,0.417,0.25,0.0,1.0,0.333,0.083,0.0,0.2,1.0,0.2,4.0,0.417,0.0,2.0,3.0,1.0,0.0,0.25,0.167,0.2,5.0,1.0,0.333,0.2,0.5,2.0,0.75,0.167,0.5,0.167,1.0,0.0,0.0,1.0,,2.0,0.0,3.0,8,0.333,0.375,3,1.0,0.438,7,0.0,0.292,0.0,0.0,0.0,0.0,0.0,0.0,0.0,3.0,0.0,0.0,1.0,0.0,0.0,0.0,2.0,0.333,0.0,0.0,0.0,4.0,0.0,0.667,1.0,1.0,0.0,0.0,0.0,1.0,3.0,0.0,0.0,-0.003,248.0,G,0.334,154.0,0.621,0.624,1.0,,1.0,1.0,0.0,0.0,0.0,3.0,0.5,1.0,0.0,1.0,,LAL,0.0,1.0,2.0,1.0,0.0,0.333,,0.0,3.0,0.0,1.0,0.0,0.0,0.0,0.0,0.0,0,0.0,2,2.0,2023,20230324,False,22201106,Austin Reaves,1610612747.0,LAL,G,25.0,1.0,1.0,1.0,8.0,18.0,0.444,0.472,-0.027,Austin Reaves,1610612747.0,LAL,G,25.0,1.0,1.0,0.222,2.0,4.0,0.5,0.34,0.16,Austin Reaves,1610612747.0,LAL,G,25.0,1.0,1.0,0.778,6.0,14.0,0.429,0.531,-0.103,Austin Reaves,1610612747.0,LAL,G,25.0,1.0,1.0,0.278,2.0,5.0,0.4,0.578,-0.178,Austin Reaves,1610612747.0,LAL,G,25.0,1.0,1.0,0.667,6.0,12.0,0.5,0.551,-0.051,Austin Reaves,1610612747.0,LAL,G,25.0,1.0,1.0,0.278,2.0,5.0,0.4,0.357,0.043,Austin Reaves,1610612747.0,LAL,25.0,1.0,38.2,6.0,4.0,2.0,0.0,0.0,0.0,0.0,1.0,1.0,2.0,0.5,0.5,0.0,0.0,0.0,0.0,0.0,0.0,0.0,0.0,0.0,Austin Reaves,1610612747,LAL,1,1,0,38.2,82.0,0.0,0.0,0.0,0.0,0.0,0.0,0.0,0.0,0.0,0.0,0.0,0.0,0.0,0.0,0.0,0.0,0.0,Austin Reaves,1610612747,LAL,1,1,0,38.23,38.23,13958.0,2.64,1.55,1.09,3.82,4.3,3.57,2022_23
203471,Dennis Schröder,Dennis,1610612747,LAL,29.0,1,1,0,1.0,36.8,8,14,0.571,2,4,0.5,3,4,0.75,1,2,3,6,3,2,1,1,2,3,21,4,39.6,0,0,38.0,1,1,1,1,15,32,32,64,34,59,33,36,30,75,49,110,102,28,11,10,24,136,96,31,33,73,28,14,1,32,,8.0,109.6,8.7,32,106,194,87,8.7,0.048,32,12.1,110.9,0.136,153,42,76,0.261,2.0,169,118.3,93.91,109.6,197,71,78.26,118.3,24.0,76,69,92.87,77,71,93.91,36,57,194,61,0.643,8.7,0.226,76,151,0.026,74,68,69,0.666,87,0.038,12.0,14.0,0.225,71,171,69,119.6,73.0,0.125,1.0,16.0,64.0,14.0,0.094,1.0,8.0,0.5,2.0,2.0,0.111,0.5,4.0,0.056,1.0,0.167,7.0,18.0,7.0,9.0,1.0,0.571,0.389,3.0,0.0,4.29,4.93,21.0,0.0,0.25,0.0,0.0,84.0,0.0,6.9,0.0,44.0,0.75,0.0,2.0,0.0,0.5,0.0,5.0,0.6,0.0,3.0,3.0,14.8,1.0,0.0,12.6,19.2,1.0,2.0,0.5,1.0,1.0,0.0,0.0,0.667,,,,,,,,,,,,,,,,,0.0,4.0,0.286,0.25,,1.0,0.286,0.0,0.0,0.25,1.0,0.25,4.0,0.643,0.667,3.0,6.0,5.0,2.0,0.429,0.214,0.778,9.0,7.0,0.833,0.889,0.0,1.0,0.0,0.071,0.0,0.071,0.0,0.0,0.0,0.0,,1.0,0.0,1.0,5,1.0,0.8,4,1.0,0.9,9,0.333,0.643,0.0,0.0,0.0,3.0,0.0,0.0,0.0,1.0,0.6,4.0,1.0,0.0,0.0,3.0,0.0,0.667,0.0,0.0,3.0,5.0,0.0,0.0,1.0,2.0,0.0,0.0,0.0,0.0,3.0,0.0,0.75,0.032,252.0,G,0.339,164.0,0.651,0.619,0.0,,0.0,2.0,0.0,0.0,0.0,2.0,0.0,1.0,0.6,1.0,,LAL,0.0,5.0,1.0,2.0,0.0,0.667,,0.5,3.0,3.0,2.0,0.0,0.0,1.0,1.0,0.5,1,0.333,3,3.0,2023,20230324,False,22201106,Dennis Schröder,1610612747.0,LAL,G,29.0,1.0,1.0,1.0,6.0,18.0,0.333,0.487,-0.153,Dennis Schröder,1610612747.0,LAL,G,29.0,1.0,1.0,0.278,1.0,5.0,0.2,0.361,-0.161,Dennis Schröder,1610612747.0,LAL,G,29.0,1.0,1.0,0.722,5.0,13.0,0.385,0.532,-0.147,Dennis Schröder,1610612747.0,LAL,G,29.0,1.0,1.0,0.333,3.0,6.0,0.5,0.609,-0.109,Dennis Schröder,1610612747.0,LAL,G,29.0,1.0,1.0,0.611,4.0,11.0,0.364,0.556,-0.192,Dennis Schröder,1610612747.0,LAL,G,29.0,1.0,1.0,0.333,1.0,6.0,0.167,0.373,-0.206,Dennis Schröder,1610612747.0,LAL,29.0,1.0,36.8,5.0,2.0,3.0,4.0,0.0,2.0,5.0,1.0,0.0,1.0,1.0,0.0,0.0,0.0,0.0,0.0,0.0,0.0,0.0,0.0,0.0,Dennis Schröder,1610612747,LAL,1,1,0,36.8,84.0,0.0,0.0,0.0,0.0,0.0,0.0,0.0,0.0,0.0,0.0,0.0,0.0,0.0,0.0,0.0,0.0,0.0,Dennis Schröder,1610612747,LAL,1,1,0,36.8,36.8,13981.0,2.65,1.46,1.19,4.02,4.43,3.89,2022_23
1630198,Isaiah Joe,Isaiah,1610612760,OKC,23.0,1,0,1,0.0,19.78,0,3,0.0,0,3,0.0,2,2,1.0,0,1,1,1,1,1,0,0,1,2,2,-11,6.7,0,0,6.0,1,104,104,104,138,189,172,189,113,87,113,57,71,1,108,148,169,119,59,35,69,1,47,55,177,158,184,14,1,186,,0.0,136.4,-32.1,189,108,19,151,-30.0,0.053,172,17.0,136.6,0.0,174,147,176,0.059,1.0,166,104.3,110.41,136.4,30,175,92.01,104.3,16.7,176,104,109.06,178,47,110.41,65,181,19,184,0.0,-32.1,0.096,177,172,0.0,140,185,175,0.258,151,0.023,16.7,3.0,0.098,175,185,189,106.6,11.0,0.1,0.0,2.0,10.0,2.0,0.1,0.0,1.0,0.0,0.0,1.0,0.5,0.0,0.0,0.0,0.0,0.0,0.0,2.0,2.0,0.0,0.0,0.0,1.0,0.0,0.0,1.44,2.12,2.0,0.0,0.125,0.0,0.0,16.0,0.0,0.6,0.0,10.0,1.0,0.0,0.0,0.0,0.0,0.0,2.0,0.5,0.0,2.0,1.0,8.0,1.0,0.0,8.0,0.0,0.0,1.0,0.0,1.0,1.0,0.0,0.0,0.5,,,,,,,,,,,,,,,,,,,,,,,,,,,,,,0.333,0.0,1.0,0.0,0.0,0.0,0.0,0.333,0.0,1.0,0.0,,0.0,0.0,2.0,0.0,0.667,0.0,0.667,0.0,0.0,0.0,0.0,,2.0,0.0,0.0,0,,,0,0.0,,0,0.0,0.0,0.0,0.0,0.0,0.0,0.0,0.0,0.0,0.0,0.0,0.0,0.0,0.0,0.0,0.0,0.0,0.0,0.0,0.0,0.0,0.0,0.0,0.0,0.0,0.0,0.0,0.0,0.0,0.0,3.0,0.0,0.0,0.004,168.0,G,0.378,106.0,0.631,0.627,0.0,,0.0,0.0,0.0,0.0,0.0,0.0,0.0,0.0,0.0,0.0,,OKC,0.0,0.0,0.0,0.0,0.0,0.0,,0.0,3.0,0.0,0.0,0.0,0.0,0.0,0.0,0.0,0,0.0,3,3.0,2023,20230324,False,22201106,Isaiah Joe,1610612760.0,OKC,G,23.0,1.0,1.0,1.0,3.0,4.0,0.75,0.476,0.274,Isaiah Joe,1610612760.0,OKC,G,23.0,1.0,1.0,0.5,2.0,2.0,1.0,0.361,0.64,Isaiah Joe,1610612760.0,OKC,G,23.0,1.0,1.0,0.5,1.0,2.0,0.5,0.581,-0.081,,,,,,,,,,,,,,Isaiah Joe,1610612760.0,OKC,G,23.0,1.0,1.0,0.25,0.0,1.0,0.0,0.671,-0.671,Isaiah Joe,1610612760.0,OKC,G,23.0,1.0,1.0,0.5,2.0,2.0,1.0,0.369,0.632,Isaiah Joe,1610612760.0,OKC,23.0,1.0,19.8,1.0,1.0,0.0,1.0,1.0,1.0,3.0,0.0,1.0,1.0,0.0,1.0,0.0,0.0,0.0,0.0,0.0,0.0,0.0,0.0,0.0,Isaiah Joe,1610612760,OKC,1,0,1,19.8,16.0,0.0,0.0,0.0,0.0,0.0,0.0,0.0,0.0,0.0,0.0,0.0,0.0,0.0,0.0,0.0,0.0,0.0,Isaiah Joe,1610612760,OKC,1,0,1,19.78,19.78,8080.0,1.53,0.81,0.72,4.19,4.78,3.65,2022_23
1631114,Jalen Williams,Jalen,1610612760,OKC,22.0,1,0,1,0.0,38.28333333333333,3,10,0.3,0,2,0.0,3,3,1.0,2,3,5,2,1,1,0,3,0,3,9,-1,20.0,0,0,18.0,1,104,104,104,6,101,69,155,113,113,113,36,50,1,22,72,61,76,59,35,69,205,1,31,101,105,105,14,1,112,,3.0,115.8,-4.3,101,66,165,118,-0.5,0.071,69,7.0,114.1,0.053,116,137,112,0.069,2.0,148,111.5,96.54,115.8,180,98,80.45,111.5,14.3,112,117,96.37,159,78,96.54,36,142,165,146,0.3,-4.3,0.132,95,114,0.048,111,143,106,0.398,118,0.06,7.1,10.0,0.139,98,137,165,113.6,32.0,0.065,0.0,3.0,31.0,5.0,0.065,0.0,2.0,0.0,0.0,1.0,0.167,0.667,2.0,0.0,0.0,0.0,3.0,6.0,3.0,4.0,0.0,0.667,0.5,0.0,2.0,2.68,3.3,9.0,0.0,0.205,0.0,2.0,44.0,0.0,2.4,0.0,21.0,0.714,0.0,4.0,0.0,0.5,0.0,12.0,0.417,0.0,8.0,5.0,11.4,4.0,0.0,9.7,13.9,2.0,3.0,0.667,5.0,0.75,1.0,0.0,0.375,,,,,,,,,,,,,,,,,0.0,8.0,0.8,0.375,,3.0,0.8,0.0,0.0,0.375,3.0,0.375,8.0,0.2,0.0,2.0,0.0,0.0,0.0,0.0,0.2,0.0,2.0,0.0,,0.0,,,,,,,,,,,,,,2.0,3,0.0,0.0,0,0.0,0.0,0,0.0,0.3,0.0,0.0,0.0,0.0,0.0,0.0,0.0,0.0,0.25,4.0,0.0,0.0,0.0,1.0,0.0,0.0,0.0,0.0,2.0,4.0,0.0,0.0,0.0,0.0,0.0,0.0,0.0,0.0,2.0,0.0,0.5,-0.014,296.0,G-F,0.457,183.0,0.618,0.632,0.0,,0.0,0.0,0.0,0.0,0.0,4.0,0.0,0.0,0.5,0.0,,OKC,0.0,4.0,0.0,0.0,0.0,0.0,,0.25,2.0,2.0,0.0,0.0,0.0,1.0,0.0,,0,,0,0.0,2023,20230324,False,22201106,Jalen Williams,1610612760.0,OKC,G-F,22.0,1.0,1.0,1.0,5.0,10.0,0.5,0.481,0.019,Jalen Williams,1610612760.0,OKC,G-F,22.0,1.0,1.0,0.3,2.0,3.0,0.667,0.372,0.295,Jalen Williams,1610612760.0,OKC,G-F,22.0,1.0,1.0,0.7,3.0,7.0,0.429,0.559,-0.13,Jalen Williams,1610612760.0,OKC,G-F,22.0,1.0,1.0,0.3,3.0,3.0,1.0,0.669,0.331,Jalen Williams,1610612760.0,OKC,G-F,22.0,1.0,1.0,0.3,3.0,3.0,1.0,0.619,0.381,Jalen Williams,1610612760.0,OKC,G-F,22.0,1.0,1.0,0.5,2.0,5.0,0.4,0.376,0.024,Jalen Williams,1610612760.0,OKC,22.0,1.0,38.3,3.0,3.0,0.0,2.0,0.0,1.0,2.0,0.0,0.0,0.0,0.0,0.0,0.0,1.0,1.0,1.0,0.0,0.0,1.0,1.0,0.0,Jalen Williams,1610612760,OKC,1,0,1,38.3,44.0,0.0,0.0,0.0,0.0,0.0,0.0,0.0,0.0,0.0,0.0,0.0,0.0,0.0,0.0,0.0,0.0,0.0,Jalen Williams,1610612760,OKC,1,0,1,38.28,38.28,15809.0,2.99,1.58,1.41,4.42,5.19,3.78,2022_23
1629020,Jarred Vanderbilt,Jarred,1610612747,LAL,24.0,1,1,0,1.0,27.92,0,6,0.0,0,1,0.0,1,2,0.5,4,6,10,0,0,0,1,2,3,2,1,-7,16.0,0,0,13.0,1,1,1,1,66,189,118,189,113,142,113,90,71,93,5,24,9,162,126,94,24,185,145,55,190,141,134,14,1,142,,0.0,119.6,-10.6,189,13,177,133,-13.8,0.182,118,0.0,122.2,-0.005,1,162,123,0.0,0.0,57,109.1,95.42,119.6,192,114,79.51,109.1,0.0,123,162,94.73,191,55,95.42,107,189,177,174,0.0,-10.6,0.106,128,1,0.121,131,178,133,0.073,133,0.152,0.0,6.0,0.104,114,31,189,108.4,6.0,0.0,0.0,0.0,18.0,0.0,0.0,0.0,0.0,0.0,0.0,0.0,0.0,0.0,0.0,0.0,0.0,0.0,0.0,0.0,0.0,0.0,0.0,0.0,0.0,0.0,6.0,1.0,1.79,1.0,0.167,0.038,0.0,0.0,26.0,0.0,0.8,0.0,10.0,0.556,1.0,9.0,1.0,0.444,0.167,19.0,0.526,4.0,10.0,5.0,4.7,0.0,5.0,5.0,4.2,0.0,5.0,0.5,1.0,0.6,1.0,0.5,0.6,2.0,0.0,,0.0,0.0,0.333,0.0,0.0,0.0,2.0,LAL,1.0,0.0,1610612747.0,0.333,0.0,0.0,3.0,0.5,0.0,,0.0,0.5,0.0,0.0,0.0,0.0,0.0,3.0,,,,,,,,,,,,,,0.0,1.0,0.0,0.167,0.0,0.167,0.0,0.0,0.0,0.0,,1.0,0.0,0.0,0,,,0,0.0,,0,0.0,0.0,0.0,1.0,0.0,0.0,0.0,0.0,0.0,0.0,0.0,5.0,0.0,0.0,0.0,0.0,0.0,0.0,0.0,0.0,0.0,0.0,0.0,0.0,1.0,0.0,0.0,0.0,0.0,0.0,0.0,1.0,0.0,-0.009,333.0,F,0.43,211.0,0.634,0.643,0.0,,0.0,0.0,,0.0,0.0,0.0,0.0,1.0,0.0,0.0,,LAL,0.0,5.0,0.0,0.0,,0.0,,0.0,0.0,0.0,0.0,,0.0,0.0,0.0,0.0,0,0.0,1,1.0,2023,20230324,False,22201106,Jarred Vanderbilt,1610612747.0,LAL,F,24.0,1.0,1.0,1.0,8.0,18.0,0.444,0.485,-0.041,Jarred Vanderbilt,1610612747.0,LAL,F,24.0,1.0,1.0,0.389,3.0,7.0,0.429,0.346,0.083,Jarred Vanderbilt,1610612747.0,LAL,F,24.0,1.0,1.0,0.611,5.0,11.0,0.455,0.52,-0.066,Jarred Vanderbilt,1610612747.0,LAL,F,24.0,1.0,1.0,0.111,1.0,2.0,0.5,0.591,-0.091,Jarred Vanderbilt,1610612747.0,LAL,F,24.0,1.0,1.0,0.278,3.0,5.0,0.6,0.533,0.067,Jarred Vanderbilt,1610612747.0,LAL,F,24.0,1.0,1.0,0.5,4.0,9.0,0.444,0.369,0.075,Jarred Vanderbilt,1610612747.0,LAL,24.0,1.0,27.9,8.0,6.0,2.0,2.0,0.0,0.0,0.0,0.0,0.0,0.0,0.0,0.0,0.0,0.0,0.0,0.0,0.0,0.0,0.0,0.0,0.0,Jarred Vanderbilt,1610612747,LAL,1,1,0,27.9,26.0,0.0,0.0,0.0,0.0,0.0,0.0,0.0,0.0,0.0,0.0,0.0,0.0,0.0,0.0,0.0,0.0,0.0,Jarred Vanderbilt,1610612747,LAL,1,1,0,27.92,27.92,11678.0,2.21,1.15,1.06,4.47,4.56,4.8,2022_23
1631119,Jaylin Williams,Jaylin,1610612760,OKC,21.0,1,0,1,0.0,26.813333333333333,2,7,0.286,1,5,0.2,0,0,0.0,0,3,3,1,1,1,1,0,4,0,5,-13,15.1,0,0,14.0,1,104,104,104,76,125,106,159,64,42,101,118,130,118,108,72,102,119,59,35,24,1,186,150,143,168,141,14,1,136,,2.0,117.3,-25.0,125,108,196,190,-25.0,0.125,106,11.1,119.0,0.005,145,141,159,0.063,1.0,103,92.3,93.09,117.3,198,105,77.57,92.3,11.1,159,130,91.62,167,52,93.09,65,180,196,145,0.357,-25.0,0.133,113,144,0.0,185,146,162,0.357,190,0.053,11.1,7.0,0.138,105,149,154,94.0,24.0,0.029,0.0,2.0,34.0,2.0,0.029,0.0,1.0,0.0,0.0,0.0,0.0,0.0,0.0,0.0,0.0,0.0,0.0,0.0,0.0,0.0,0.0,0.0,0.0,0.0,0.0,0.23,1.64,5.0,0.0,0.114,0.0,0.0,44.0,0.0,1.2,0.0,20.0,0.429,0.0,1.0,0.0,0.0,0.0,9.0,0.333,0.0,8.0,3.0,8.9,2.0,0.0,8.9,0.0,0.0,3.0,0.0,2.0,0.5,0.0,0.0,0.375,,,,,,,,,,,,,,,,,,,,,,,,,,,,,,,,,,,,,,,,,,,0.2,7.0,0.357,0.714,0.286,1.0,2.0,0.286,1.0,1.0,0.5,5.0,2.0,0.0,0,,,0,0.0,,0,0.286,0.357,0.0,0.0,0.0,5.0,0.0,0.0,0.0,2.0,0.0,0.0,1.0,0.0,0.0,0.0,1.0,0.25,0.0,0.0,0.0,0.0,0.0,0.5,1.0,1.0,0.0,0.0,0.0,0.0,4.0,0.0,0.0,0.068,151.0,F,0.378,107.0,0.709,0.64,0.0,,0.0,1.0,,1.0,0.5,0.0,0.0,2.0,0.0,0.0,,OKC,0.0,0.0,1.0,0.0,,0.25,,0.0,4.0,0.0,0.0,,0.0,0.0,1.0,0.3,1,0.2,5,5.0,2023,20230324,False,22201106,Jaylin Williams,1610612760.0,OKC,F,21.0,1.0,1.0,1.0,9.0,15.0,0.6,0.521,0.079,Jaylin Williams,1610612760.0,OKC,F,21.0,1.0,1.0,0.267,1.0,4.0,0.25,0.324,-0.074,Jaylin Williams,1610612760.0,OKC,F,21.0,1.0,1.0,0.733,8.0,11.0,0.727,0.568,0.16,Jaylin Williams,1610612760.0,OKC,F,21.0,1.0,1.0,0.2,2.0,3.0,0.667,0.685,-0.018,Jaylin Williams,1610612760.0,OKC,F,21.0,1.0,1.0,0.267,3.0,4.0,0.75,0.638,0.113,Jaylin Williams,1610612760.0,OKC,F,21.0,1.0,1.0,0.4,2.0,6.0,0.333,0.362,-0.029,Jaylin Williams,1610612760.0,OKC,21.0,1.0,26.8,10.0,7.0,3.0,1.0,0.0,2.0,4.0,0.0,1.0,1.0,0.0,1.0,0.0,3.0,3.0,1.0,0.0,0.0,1.0,1.0,0.0,Jaylin Williams,1610612760,OKC,1,0,1,26.8,44.0,0.0,0.0,0.0,0.0,0.0,0.0,0.0,0.0,0.0,0.0,0.0,0.0,0.0,0.0,0.0,0.0,0.0,Jaylin Williams,1610612760,OKC,1,0,1,26.82,26.82,9095.0,1.72,0.9,0.83,3.64,3.97,3.32,2022_23
1630526,Jeremiah Robinson-Earl,Jeremiah,1610612760,OKC,22.0,1,0,1,0.0,17.32,5,6,0.833,2,3,0.667,2,2,1.0,1,2,3,0,0,0,0,0,0,1,14,8,17.6,0,0,19.0,1,104,104,104,161,63,118,9,34,87,18,57,71,1,49,110,102,162,126,94,69,1,1,95,64,56,121,14,1,105,,5.0,111.4,22.9,63,46,161,33,28.3,0.087,118,0.0,106.1,0.181,1,162,42,0.0,0.0,134,134.3,97.0,111.4,152,79,80.83,134.3,0.0,42,162,99.38,7,35,97.0,107,28,161,106,1.0,22.9,0.184,55,1,0.071,30,112,31,1.017,33,0.081,0.0,6.0,0.181,79,101,5,134.4,11.0,0.0,0.0,0.0,14.0,0.0,0.0,0.0,0.0,0.0,0.0,0.0,0.0,0.0,0.0,0.0,0.0,0.0,0.0,0.0,0.0,0.0,0.0,0.0,0.0,0.0,1.0,0.24,1.06,14.0,0.0,0.667,0.0,0.0,21.0,0.0,0.4,0.0,10.0,0.6,1.0,2.0,0.0,0.5,0.0,6.0,0.5,1.0,4.0,2.0,5.1,1.0,1.0,6.9,1.6,0.0,2.0,0.5,1.0,0.667,0.0,0.333,0.5,1.0,1.0,,1.0,1.0,0.167,1.0,0.0,0.0,1.0,OKC,1.0,0.0,1610612760.0,0.167,1.0,0.0,1.0,0.167,1.0,,1.0,0.167,0.0,0.0,1.0,1.0,1.0,1.0,,,,,,,,,,,,,,0.667,4.0,1.0,0.5,0.75,0.667,3.0,0.167,1.0,2.0,1.0,3.0,1.0,0.0,0,,,0,0.0,,0,0.75,1.0,0.0,0.0,0.0,8.0,0.0,0.0,0.0,1.0,0.0,2.0,0.0,0.0,0.0,0.0,1.0,0.5,1.0,1.0,2.0,0.0,0.0,1.0,1.0,1.0,0.0,1.0,1.0,0.0,2.0,1.0,1.0,-0.038,162.0,F,0.432,98.0,0.605,0.643,0.0,,0.0,1.0,,1.0,1.0,0.0,0.0,1.0,1.0,1.0,,OKC,0.0,2.0,0.0,1.0,,0.5,,0.0,2.0,2.0,1.0,,0.0,0.0,2.0,1.0,3,0.667,4,3.0,2023,20230324,False,22201106,Jeremiah Robinson-Earl,1610612760.0,OKC,F,22.0,1.0,1.0,1.0,5.0,10.0,0.5,0.52,-0.02,Jeremiah Robinson-Earl,1610612760.0,OKC,F,22.0,1.0,1.0,0.1,0.0,1.0,0.0,0.278,-0.278,Jeremiah Robinson-Earl,1610612760.0,OKC,F,22.0,1.0,1.0,0.9,5.0,9.0,0.556,0.554,0.002,Jeremiah Robinson-Earl,1610612760.0,OKC,F,22.0,1.0,1.0,0.3,2.0,3.0,0.667,0.685,-0.019,Jeremiah Robinson-Earl,1610612760.0,OKC,F,22.0,1.0,1.0,0.6,3.0,6.0,0.5,0.598,-0.098,Jeremiah Robinson-Earl,1610612760.0,OKC,F,22.0,1.0,1.0,0.3,1.0,3.0,0.333,0.342,-0.009,Jeremiah Robinson-Earl,1610612760.0,OKC,22.0,1.0,17.3,4.0,3.0,1.0,0.0,0.0,1.0,2.0,1.0,0.0,1.0,1.0,0.0,0.0,2.0,2.0,2.0,0.0,0.0,1.0,1.0,0.0,Jeremiah Robinson-Earl,1610612760,OKC,1,0,1,17.3,21.0,0.0,0.0,0.0,0.0,0.0,0.0,0.0,0.0,0.0,0.0,0.0,0.0,0.0,0.0,0.0,0.0,0.0,Jeremiah Robinson-Earl,1610612760,OKC,1,0,1,17.32,17.32,7297.0,1.38,0.7,0.68,4.57,5.48,3.91,2022_23
1630581,Josh Giddey,Josh,1610612760,OKC,20.0,1,0,1,0.0,38.60333333333333,12,24,0.5,2,6,0.333,1,1,1.0,4,13,17,7,2,1,1,1,3,1,27,14,61.9,1,0,57.0,1,104,104,104,3,4,1,86,34,26,67,90,119,1,5,1,1,23,25,35,24,136,145,95,15,35,2,1,1,2,,12.0,110.5,18.4,4,27,188,47,21.6,0.271,1,6.0,108.8,0.196,106,34,51,0.292,3.5,24,128.9,94.5,110.5,191,76,78.75,128.9,21.2,51,83,94.75,115,76,94.5,22,19,188,23,0.542,18.4,0.295,67,106,0.105,41,27,43,0.552,47,0.198,6.1,24.0,0.303,76,14,110,130.4,57.0,0.172,3.0,14.0,64.0,24.0,0.109,1.0,11.0,0.0,0.0,1.0,0.063,0.563,4.0,0.0,0.0,0.0,10.0,16.0,6.0,9.0,0.0,0.4,0.375,0.0,4.0,2.8,3.72,27.0,1.0,0.29,0.0,3.0,93.0,0.0,5.8,0.667,40.0,0.895,0.75,8.0,4.0,0.5,0.308,20.0,0.85,3.0,15.0,10.0,5.2,0.0,7.0,5.0,5.6,1.0,9.0,0.571,1.0,0.867,1.0,0.412,0.867,4.0,3.0,,3.0,0.75,0.167,0.75,0.0,0.0,4.0,OKC,1.0,0.0,1610612760.0,0.167,0.75,0.0,9.0,0.375,0.444,,4.0,0.375,0.0,0.0,0.444,4.0,0.444,9.0,0.208,0.0,1.0,4.0,3.0,0.0,0.167,0.042,0.6,5.0,3.0,0.75,0.6,0.4,6.0,0.5,0.208,0.333,0.25,2.0,0.042,0.0,2.0,0.0,5.0,1.0,0.0,2,,0.5,1,0.0,0.5,2,0.333,0.542,0.0,4.0,2.0,6.0,1.0,0.0,0.5,1.0,0.4,7.0,0.0,0.0,0.0,4.0,0.0,0.333,0.0,0.0,6.0,10.0,0.0,0.0,0.0,2.0,0.0,0.0,0.0,0.0,6.0,0.0,0.857,-0.038,407.0,G,0.469,246.0,0.604,0.643,0.0,,0.0,2.0,0.0,0.0,0.0,8.0,0.0,0.0,0.667,0.0,,OKC,0.0,9.0,0.0,0.0,0.0,0.333,,0.5,6.0,6.0,1.0,0.0,0.0,4.0,2.0,0.6,2,0.4,5,5.0,2023,20230324,False,22201106,Josh Giddey,1610612760.0,OKC,G,20.0,1.0,1.0,1.0,7.0,12.0,0.583,0.491,0.092,Josh Giddey,1610612760.0,OKC,G,20.0,1.0,1.0,0.333,2.0,4.0,0.5,0.351,0.149,Josh Giddey,1610612760.0,OKC,G,20.0,1.0,1.0,0.667,5.0,8.0,0.625,0.582,0.044,Josh Giddey,1610612760.0,OKC,G,20.0,1.0,1.0,0.5,3.0,6.0,0.5,0.652,-0.152,Josh Giddey,1610612760.0,OKC,G,20.0,1.0,1.0,0.583,4.0,7.0,0.571,0.619,-0.048,Josh Giddey,1610612760.0,OKC,G,20.0,1.0,1.0,0.333,2.0,4.0,0.5,0.361,0.139,Josh Giddey,1610612760.0,OKC,20.0,1.0,38.6,5.0,2.0,3.0,2.0,0.0,0.0,0.0,0.0,0.0,0.0,0.0,0.0,0.0,3.0,3.0,3.0,2.0,0.0,1.0,1.0,0.667,Josh Giddey,1610612760,OKC,1,0,1,38.6,93.0,0.0,0.0,0.0,0.0,0.0,0.0,0.0,0.0,0.0,0.0,0.0,0.0,0.0,0.0,0.0,0.0,0.0,Josh Giddey,1610612760,OKC,1,0,1,38.6,38.6,14958.0,2.83,1.46,1.37,4.11,4.85,3.77,2022_23
1630322,Lindy Waters III,Lindy,1610612760,OKC,25.0,1,0,1,0.0,18.45,2,4,0.5,2,4,0.5,0,0,0.0,0,0,0,1,0,0,0,0,2,0,6,1,7.5,0,0,9.0,1,104,104,104,148,125,152,86,34,59,33,118,130,118,108,182,192,119,126,94,69,1,96,150,125,92,179,14,1,161,,2.0,113.2,-0.3,125,108,116,110,1.3,0.0,152,0.0,110.0,0.037,1,131,106,0.071,0.0,182,112.8,100.16,113.2,93,89,83.47,112.8,20.0,106,84,102.24,34,39,100.16,107,158,116,180,0.75,-0.3,0.1,70,1,0.0,117,184,104,0.75,110,0.0,0.0,4.0,0.099,89,192,29,111.3,10.0,0.071,0.0,1.0,14.0,2.0,0.071,0.0,1.0,0.0,0.0,0.0,0.0,0.0,0.0,0.0,0.0,0.0,0.0,0.0,0.0,0.0,0.0,0.0,0.0,0.0,0.0,0.28,1.35,6.0,0.0,0.333,0.0,0.0,18.0,0.0,0.4,0.0,10.0,,,,,,,,,,,,,,,,,,,,,,,,,,,,,,,,,,,,,,,,,1.0,1.0,0.25,,0.0,0.0,0.0,0.25,0.0,0.0,0.0,0.0,0.0,0.25,1.0,1.0,0.0,0.0,1.0,0.0,0.25,1.0,1.0,1.0,,1.5,0.5,2.0,0.75,0.5,0.5,0.5,1.0,0.0,0.0,1.0,,2.0,0.0,2.0,2,0.5,0.5,1,1.0,0.75,3,0.5,0.75,0.0,0.0,0.0,3.0,0.0,0.0,0.0,0.0,0.0,0.0,,0.0,,0.0,0.0,0.5,0.0,0.0,0.0,0.0,0.0,0.0,0.0,2.0,,0.0,0.0,0.0,4.0,0.0,0.0,-0.043,73.0,F,0.353,43.0,0.589,0.632,0.0,,0.0,2.0,,0.0,0.0,0.0,0.0,1.0,0.0,0.0,,OKC,0.0,0.0,0.0,0.0,,0.667,,0.0,3.0,0.0,0.0,,0.0,0.0,1.0,0.75,1,0.5,2,2.0,2023,20230324,False,22201106,Lindy Waters III,1610612760.0,OKC,F,25.0,1.0,1.0,1.0,6.0,14.0,0.429,0.43,-0.001,Lindy Waters III,1610612760.0,OKC,F,25.0,1.0,1.0,0.357,1.0,5.0,0.2,0.362,-0.162,Lindy Waters III,1610612760.0,OKC,F,25.0,1.0,1.0,0.643,5.0,9.0,0.556,0.504,0.051,Lindy Waters III,1610612760.0,OKC,F,25.0,1.0,1.0,0.286,4.0,4.0,1.0,0.591,0.409,Lindy Waters III,1610612760.0,OKC,F,25.0,1.0,1.0,0.429,5.0,6.0,0.833,0.57,0.264,Lindy Waters III,1610612760.0,OKC,F,25.0,1.0,1.0,0.5,1.0,7.0,0.143,0.366,-0.223,Lindy Waters III,1610612760.0,OKC,25.0,1.0,18.5,10.0,5.0,5.0,2.0,0.0,1.0,2.0,0.0,0.0,0.0,0.0,0.0,0.0,0.0,0.0,0.0,0.0,0.0,0.0,0.0,0.0,Lindy Waters III,1610612760,OKC,1,0,1,18.5,18.0,0.0,0.0,0.0,0.0,0.0,0.0,0.0,0.0,0.0,0.0,0.0,0.0,0.0,0.0,0.0,0.0,0.0,Lindy Waters III,1610612760,OKC,1,0,1,18.45,18.45,7909.0,1.5,0.73,0.77,4.55,5.11,4.14,2022_23
1629022,Lonnie Walker IV,Lonnie,1610612747,LAL,24.0,1,1,0,1.0,23.683333333333334,7,12,0.583,4,8,0.5,2,4,0.5,1,3,4,0,0,3,0,0,1,3,20,-1,33.8,0,0,34.0,1,1,1,1,105,39,51,61,13,16,33,57,30,93,49,72,79,162,126,3,69,1,47,31,38,105,46,14,1,44,,7.0,113.7,0.3,39,86,80,107,2.3,0.125,51,0.0,112.6,0.177,1,162,102,0.0,0.0,103,114.0,102.35,113.7,88,91,85.29,114.0,0.0,102,162,102.47,45,50,102.35,107,32,80,57,0.75,0.3,0.23,84,1,0.036,101,57,103,0.727,107,0.077,0.0,12.0,0.235,91,106,29,114.9,20.0,0.0,0.0,2.0,14.0,0.0,0.0,0.0,0.0,0.0,0.0,0.0,0.0,0.667,1.0,0.0,0.0,0.0,1.0,3.0,2.0,2.0,0.0,1.0,0.667,0.0,0.0,2.45,2.81,20.0,0.0,0.69,0.0,0.0,29.0,0.0,1.4,0.0,17.0,1.0,0.0,1.0,0.0,1.0,0.0,4.0,1.0,0.0,3.0,4.0,13.7,0.0,0.0,10.9,22.2,1.0,3.0,1.0,0.0,1.0,0.0,0.0,1.0,,,,,,,,,,,,,,,,,0.0,4.0,0.333,0.75,,3.0,0.333,0.0,0.0,0.75,3.0,0.75,4.0,0.25,0.0,3.0,0.0,0.0,0.0,0.0,0.25,0.0,3.0,0.0,,0.0,0.8,5.0,1.2,0.417,0.8,0.417,4.0,0.0,0.0,4.0,,5.0,0.0,0.0,2,,0.5,1,0.0,0.5,2,0.5,0.75,0.0,0.0,0.0,12.0,0.0,0.0,0.0,2.0,0.0,2.0,0.0,0.0,0.0,0.0,1.0,0.429,1.0,1.0,2.0,0.0,0.0,0.5,1.0,3.0,0.0,1.0,1.0,0.0,7.0,1.0,1.0,0.017,163.0,G-F,0.338,106.0,0.65,0.633,0.0,,1.0,3.0,0.0,1.0,0.333,1.0,1.0,3.0,1.0,0.0,,LAL,0.0,2.0,1.0,0.0,0.0,0.6,,0.0,5.0,2.0,0.0,0.0,0.0,0.0,4.0,0.75,4,0.5,8,8.0,2023,20230324,False,22201106,Lonnie Walker IV,1610612747.0,LAL,G-F,24.0,1.0,1.0,1.0,3.0,7.0,0.429,0.434,-0.005,Lonnie Walker IV,1610612747.0,LAL,G-F,24.0,1.0,1.0,0.571,1.0,4.0,0.25,0.361,-0.111,Lonnie Walker IV,1610612747.0,LAL,G-F,24.0,1.0,1.0,0.429,2.0,3.0,0.667,0.528,0.139,Lonnie Walker IV,1610612747.0,LAL,G-F,24.0,1.0,1.0,0.429,2.0,3.0,0.667,0.575,0.092,Lonnie Walker IV,1610612747.0,LAL,G-F,24.0,1.0,1.0,0.429,2.0,3.0,0.667,0.55,0.117,Lonnie Walker IV,1610612747.0,LAL,G-F,24.0,1.0,1.0,0.571,1.0,4.0,0.25,0.37,-0.12,Lonnie Walker IV,1610612747.0,LAL,24.0,1.0,23.7,4.0,1.0,3.0,3.0,0.0,0.0,0.0,0.0,0.0,0.0,0.0,0.0,0.0,0.0,0.0,0.0,0.0,0.0,0.0,0.0,0.0,Lonnie Walker IV,1610612747,LAL,1,1,0,23.7,29.0,0.0,0.0,0.0,0.0,0.0,0.0,0.0,0.0,0.0,0.0,0.0,0.0,0.0,0.0,0.0,0.0,0.0,Lonnie Walker IV,1610612747,LAL,1,1,0,23.68,23.68,9047.0,1.71,0.95,0.76,4.0,4.11,4.41,2022_23
1629652,Luguentz Dort,Luguentz,1610612760,OKC,24.0,1,0,1,0.0,30.98333333333333,5,12,0.417,5,8,0.625,0,0,0.0,4,2,6,1,0,0,2,0,4,0,15,-12,29.7,0,0,31.0,1,104,104,104,36,63,51,130,9,16,24,118,130,118,5,110,40,119,126,94,7,1,186,150,59,162,60,14,1,51,,5.0,124.2,-22.6,63,30,153,162,-20.5,0.065,51,0.0,124.0,0.079,1,149,152,0.056,0.0,154,101.6,97.6,124.2,175,130,81.33,101.6,7.7,152,146,96.8,86,64,97.6,107,115,153,128,0.625,-22.6,0.162,138,1,0.103,152,126,151,0.625,162,0.086,0.0,12.0,0.167,130,93,71,103.4,24.0,0.048,0.0,2.0,21.0,2.0,0.048,0.0,1.0,0.0,0.0,0.0,0.0,0.0,0.0,0.0,0.0,0.0,1.0,6.0,5.0,0.0,0.0,0.0,0.833,0.0,5.0,1.94,2.53,15.0,0.0,0.455,0.0,1.0,33.0,0.0,1.4,0.0,21.0,0.462,0.5,9.0,1.0,0.444,0.5,13.0,0.462,2.0,4.0,3.0,5.7,0.0,3.0,7.4,4.9,2.0,1.0,0.444,0.0,0.5,0.0,0.5,0.5,1.0,0.0,,0.0,0.0,0.083,0.0,0.0,0.0,1.0,OKC,1.0,0.0,1610612760.0,0.083,0.0,1.0,2.0,0.167,0.0,0.0,0.0,0.083,0.083,0.0,0.0,0.0,0.0,1.0,0.25,0.0,1.0,2.0,0.0,0.0,0.167,0.083,0.0,3.0,0.0,0.0,0.0,0.833,6.0,1.25,0.5,0.833,0.5,5.0,0.0,0.0,5.0,,6.0,0.0,1.0,2,0.0,0.0,0,0.0,0.0,0,0.714,0.625,0.0,0.0,0.0,15.0,0.0,0.0,0.0,1.0,0.0,0.0,1.0,0.0,1.0,0.0,0.0,0.667,1.0,0.0,0.0,3.0,0.0,0.0,2.0,4.0,1.0,0.0,0.5,0.0,6.0,1.0,0.0,0.016,256.0,G,0.309,165.0,0.645,0.628,0.0,,0.0,3.0,0.0,2.0,0.5,3.0,0.0,4.0,0.0,0.0,,OKC,0.0,0.0,0.0,0.0,0.0,0.6,,0.0,5.0,0.0,0.0,0.0,0.0,0.0,5.0,1.071,5,0.714,7,7.0,2023,20230324,False,22201106,Luguentz Dort,1610612760.0,OKC,G,24.0,1.0,1.0,1.0,4.0,14.0,0.286,0.465,-0.179,Luguentz Dort,1610612760.0,OKC,G,24.0,1.0,1.0,0.357,1.0,5.0,0.2,0.377,-0.177,Luguentz Dort,1610612760.0,OKC,G,24.0,1.0,1.0,0.643,3.0,9.0,0.333,0.516,-0.182,Luguentz Dort,1610612760.0,OKC,G,24.0,1.0,1.0,0.357,1.0,5.0,0.2,0.63,-0.43,Luguentz Dort,1610612760.0,OKC,G,24.0,1.0,1.0,0.5,1.0,7.0,0.143,0.555,-0.412,Luguentz Dort,1610612760.0,OKC,G,24.0,1.0,1.0,0.357,1.0,5.0,0.2,0.383,-0.183,Luguentz Dort,1610612760.0,OKC,24.0,1.0,31.0,8.0,3.0,5.0,1.0,0.0,0.0,0.0,1.0,0.0,1.0,1.0,0.0,0.0,0.0,0.0,0.0,0.0,0.0,0.0,0.0,0.0,Luguentz Dort,1610612760,OKC,1,0,1,31.0,33.0,0.0,0.0,0.0,0.0,0.0,0.0,0.0,0.0,0.0,0.0,0.0,0.0,0.0,0.0,0.0,0.0,0.0,Luguentz Dort,1610612760,OKC,1,0,1,30.98,30.98,11644.0,2.21,1.08,1.13,4.02,4.16,3.89,2022_23
1627736,Malik Beasley,Malik,1610612747,LAL,26.0,1,1,0,1.0,18.446666666666665,4,11,0.364,2,6,0.333,0,0,0.0,0,2,2,1,2,2,0,0,0,0,10,13,17.9,0,0,19.0,1,1,1,1,149,87,62,149,34,26,67,118,130,118,108,110,138,119,25,10,69,1,1,150,91,38,119,14,1,105,,4.0,102.5,32.5,87,108,67,30,28.4,0.111,62,14.3,103.4,0.064,163,138,27,0.067,0.5,113,135.0,104.08,102.5,57,46,86.74,135.0,7.1,27,148,104.86,143,40,104.08,98,124,67,30,0.455,32.5,0.289,50,163,0.0,34,30,30,0.455,30,0.057,14.3,11.0,0.296,46,140,137,131.8,25.0,0.118,1.0,3.0,17.0,5.0,0.059,0.0,2.0,0.0,0.0,0.0,0.0,0.8,2.0,0.0,0.0,0.0,4.0,5.0,1.0,4.0,0.0,0.5,0.2,0.0,0.0,2.07,2.33,10.0,0.0,0.333,0.0,0.0,30.0,0.0,1.2,0.0,24.0,1.0,0.0,0.0,1.0,0.0,0.5,2.0,1.0,0.0,2.0,1.0,4.8,0.0,1.0,4.8,0.0,0.0,1.0,0.0,0.0,1.0,0.0,0.5,1.0,,,,,,,,,,,,,,,,,1.0,5.0,0.455,0.5,1.0,2.0,0.364,0.091,1.0,0.7,3.0,0.6,4.0,0.545,0.2,5.0,1.0,0.0,1.0,0.091,0.455,0.167,6.0,1.0,0.0,0.25,,,,,,,,,,,,,,1.0,2,0.0,0.0,0,0.0,0.0,0,0.333,0.455,0.0,0.0,0.0,6.0,0.0,0.0,0.0,1.0,0.5,0.0,,0.0,,2.0,0.0,0.333,0.0,0.0,0.0,4.0,0.0,0.0,0.0,2.0,,0.0,0.0,0.0,6.0,0.0,0.0,-0.001,270.0,G,0.405,170.0,0.63,0.63,0.0,,0.0,2.0,0.0,0.0,0.0,2.0,0.0,0.0,1.0,0.0,,LAL,0.0,1.0,1.0,0.0,0.0,0.333,,0.5,6.0,1.0,1.0,0.0,0.0,1.0,2.0,0.5,2,0.4,6,5.0,2023,20230324,False,22201106,Malik Beasley,1610612747.0,LAL,G,26.0,1.0,1.0,1.0,4.0,6.0,0.667,0.465,0.202,Malik Beasley,1610612747.0,LAL,G,26.0,1.0,1.0,0.333,2.0,2.0,1.0,0.363,0.637,Malik Beasley,1610612747.0,LAL,G,26.0,1.0,1.0,0.667,2.0,4.0,0.5,0.524,-0.024,Malik Beasley,1610612747.0,LAL,G,26.0,1.0,1.0,0.333,0.0,2.0,0.0,0.584,-0.584,Malik Beasley,1610612747.0,LAL,G,26.0,1.0,1.0,0.333,0.0,2.0,0.0,0.537,-0.537,Malik Beasley,1610612747.0,LAL,G,26.0,1.0,1.0,0.5,3.0,3.0,1.0,0.354,0.646,Malik Beasley,1610612747.0,LAL,26.0,1.0,18.5,1.0,0.0,1.0,1.0,0.0,0.0,0.0,0.0,1.0,1.0,0.0,1.0,0.0,0.0,0.0,0.0,0.0,0.0,0.0,0.0,0.0,Malik Beasley,1610612747,LAL,1,1,0,18.5,30.0,0.0,0.0,0.0,0.0,0.0,0.0,0.0,0.0,0.0,0.0,0.0,0.0,0.0,0.0,0.0,0.0,0.0,Malik Beasley,1610612747,LAL,1,1,0,18.45,18.45,6844.0,1.3,0.76,0.54,3.93,4.3,3.45,2022_23
1631172,Ousmane Dieng,Ousmane,1610612760,OKC,20.0,1,0,1,0.0,1.93,0,1,0.0,0,1,0.0,0,0,0.0,0,1,1,0,1,0,0,0,1,0,0,-3,0.2,0,0,1.0,1,104,104,104,205,189,197,189,113,142,113,118,130,118,108,148,169,162,59,94,69,1,47,150,192,117,203,14,1,202,,0.0,200.0,-83.3,189,108,2,92,-94.2,1.0,197,50.0,204.9,-0.125,207,162,205,0.0,0.0,1,116.7,136.79,200.0,3,207,113.99,116.7,0.0,205,162,139.27,192,6,136.79,107,205,2,11,0.0,-83.3,0.333,207,207,0.0,119,18,205,0.0,92,0.333,50.0,1.0,0.316,207,1,189,110.8,1.0,0.0,0.0,0.0,1.0,0.0,0.0,0.0,0.0,0.0,0.0,0.0,0.0,0.0,0.0,0.0,0.0,0.0,0.0,0.0,0.0,0.0,0.0,0.0,0.0,0.0,0.0,3.0,3.45,0.0,0.0,0.0,0.0,1.0,3.0,0.0,0.2,0.0,1.0,1.0,0.0,0.0,0.0,0.0,0.0,1.0,1.0,0.0,1.0,1.0,8.6,0.0,0.0,8.6,0.0,0.0,1.0,0.0,0.0,1.0,0.0,0.0,1.0,,,,,,,,,,,,,,,,,,,,,,,,,,,,,,1.0,0.0,1.0,0.0,0.0,0.0,0.0,1.0,0.0,1.0,0.0,,0.0,,,,,,,,,,,,,,1.0,1,0.0,0.0,0,0.0,0.0,0,0.0,0.0,0.0,0.0,0.0,0.0,0.0,0.0,0.0,0.0,0.0,0.0,,,,0.0,0.0,0.0,,,0.0,0.0,,0.0,,0.0,,,,,1.0,,0.0,-0.118,80.0,F,0.435,39.0,0.488,0.605,,,0.0,0.0,,,,0.0,0.0,,0.0,0.0,,OKC,,0.0,0.0,0.0,,0.0,,0.0,1.0,0.0,0.0,,,0.0,0.0,,0,,0,0.0,2023,20230324,False,22201106,,,,,,,,,,,,,,,,,,,,,,,,,,,,,,,,,,,,,,,,,,,,,,,,,,,,,,,,,,,,,,,,,,,,,,,,,,,,,,,,,,,,,,,,,,,,,,,,,,,,,,,,,,Ousmane Dieng,1610612760,OKC,1,0,1,1.9,3.0,0.0,0.0,0.0,0.0,0.0,0.0,0.0,0.0,0.0,0.0,0.0,0.0,0.0,0.0,0.0,0.0,0.0,Ousmane Dieng,1610612760,OKC,1,0,1,1.93,1.93,953.0,0.18,0.1,0.08,5.51,5.96,5.13,2022_23
1629060,Rui Hachimura,Rui,1610612747,LAL,25.0,1,1,0,1.0,13.866666666666667,1,1,1.0,0,0,0.0,1,1,1.0,0,3,3,1,1,1,0,0,2,1,3,1,10.1,0,0,9.0,1,1,1,1,177,159,197,1,113,178,113,90,119,1,108,72,102,119,59,35,69,1,96,95,171,92,160,14,1,161,,1.0,125.8,7.5,159,108,50,36,4.9,0.273,197,29.1,123.3,0.063,197,131,88,0.071,1.0,23,133.3,105.58,125.8,31,139,87.98,133.3,33.3,88,30,108.76,4,30,105.58,65,125,50,200,1.0,7.5,0.057,133,200,0.0,47,194,89,1.042,36,0.12,33.3,1.0,0.071,139,50,5,128.2,6.0,0.091,0.0,3.0,11.0,2.0,0.091,0.0,1.0,0.0,0.0,0.0,0.0,1.0,1.0,0.0,0.0,0.0,1.0,3.0,2.0,3.0,0.0,1.0,0.667,0.0,0.0,1.29,2.52,3.0,0.0,0.214,0.0,1.0,14.0,0.0,0.6,0.0,6.0,0.5,0.0,2.0,2.0,0.0,0.667,8.0,0.375,0.0,6.0,1.0,5.5,1.0,2.0,5.5,0.0,0.0,1.0,0.0,2.0,0.6,1.0,0.667,0.5,,,,,,,,,,,,,,,,,0.0,1.0,1.0,1.0,,1.0,1.0,0.0,0.0,1.0,1.0,1.0,1.0,,,,,,,,,,,,,,,,,,,,,,,,,,,,0,,,0,,,0,0.0,1.0,0.0,0.0,0.0,0.0,0.0,0.0,0.0,0.0,0.0,1.0,,0.0,,0.0,0.0,0.0,0.0,0.0,1.0,0.0,0.0,0.0,0.0,0.0,,0.0,0.0,0.0,0.0,0.0,1.0,-0.077,166.0,F,0.359,93.0,0.56,0.638,0.0,,0.0,0.0,,0.0,0.0,0.0,0.0,0.0,1.0,0.0,,LAL,0.0,1.0,0.0,0.0,,0.0,,0.0,0.0,1.0,0.0,,0.0,0.0,,,0,,0,,2023,20230324,False,22201106,Rui Hachimura,1610612747.0,LAL,F,25.0,1.0,1.0,1.0,0.0,1.0,0.0,0.389,-0.389,Rui Hachimura,1610612747.0,LAL,F,25.0,1.0,1.0,1.0,0.0,1.0,0.0,0.351,-0.351,,,,,,,,,,,,,,,,,,,,,,,,,,,,,,,,,,,,,,,,Rui Hachimura,1610612747.0,LAL,F,25.0,1.0,1.0,1.0,0.0,1.0,0.0,0.359,-0.359,Rui Hachimura,1610612747.0,LAL,25.0,1.0,13.9,1.0,1.0,0.0,1.0,0.0,0.0,0.0,0.0,1.0,1.0,0.0,1.0,0.0,1.0,1.0,1.0,1.0,0.0,1.0,1.0,1.0,Rui Hachimura,1610612747,LAL,1,1,0,13.9,14.0,0.0,0.0,0.0,0.0,0.0,0.0,0.0,0.0,0.0,0.0,0.0,0.0,0.0,0.0,0.0,0.0,0.0,Rui Hachimura,1610612747,LAL,1,1,0,13.87,13.87,5684.0,1.08,0.61,0.47,4.41,4.17,4.74,2022_23
1628983,Shai Gilgeous-Alexander,Shai,1610612760,OKC,24.0,1,0,1,0.0,35.75,9,22,0.409,1,3,0.333,8,9,0.889,0,5,5,8,2,1,1,0,4,5,27,2,49.0,0,0,45.0,1,104,104,104,21,22,6,134,64,87,67,3,6,61,108,45,61,16,25,35,24,1,186,11,15,86,12,14,1,13,,9.0,116.2,-0.4,22,108,102,101,-1.2,0.132,6,5.6,117.6,0.139,102,22,107,0.348,4.0,98,115.8,100.7,116.2,137,100,83.92,115.8,22.2,107,72,99.84,123,76,100.7,19,54,102,15,0.432,-0.4,0.318,104,99,0.0,87,14,108,0.52,101,0.063,5.6,22.0,0.323,100,127,139,116.4,49.0,0.31,1.0,15.0,29.0,24.0,0.276,0.0,9.0,1.0,6.0,1.0,0.059,0.941,5.0,0.176,3.0,0.0,12.0,17.0,2.0,16.0,6.0,0.417,0.118,0.0,0.0,6.03,6.28,27.0,0.0,0.466,2.0,0.0,58.0,0.0,6.1,0.0,17.0,0.5,0.0,1.0,2.0,0.0,0.4,11.0,0.455,0.0,10.0,3.0,6.6,1.0,2.0,6.6,0.0,0.0,3.0,0.0,1.0,0.556,0.0,0.4,0.5,2.0,1.0,,1.0,0.5,0.091,0.5,0.0,0.0,2.0,OKC,1.0,0.0,1610612760.0,0.091,0.5,0.0,6.0,0.273,0.333,,2.0,0.273,0.0,0.0,0.333,2.0,0.333,6.0,0.455,0.0,1.0,9.0,3.0,0.0,0.409,0.045,0.3,10.0,3.0,0.333,0.3,0.5,4.0,0.875,0.091,0.75,0.182,3.0,0.091,2.0,1.0,1.0,2.0,2.0,3.0,13,0.333,0.385,5,1.0,0.423,11,0.0,0.432,0.0,0.0,0.0,0.0,0.0,0.0,0.0,3.0,0.429,2.0,0.0,0.0,0.0,6.0,0.0,0.333,0.0,0.0,2.0,14.0,0.0,0.0,0.0,1.0,0.0,0.0,0.0,0.0,3.0,0.0,1.0,-0.024,366.0,G,0.397,222.0,0.607,0.63,0.0,,0.0,1.0,0.0,0.0,0.0,7.0,0.0,0.0,0.6,0.5,,OKC,0.0,5.0,1.0,3.0,0.0,0.333,,0.286,3.0,3.0,6.0,0.0,0.0,2.0,0.0,,0,,0,0.0,2023,20230324,False,22201106,Shai Gilgeous-Alexander,1610612760.0,OKC,G,24.0,1.0,1.0,1.0,7.0,16.0,0.438,0.498,-0.061,Shai Gilgeous-Alexander,1610612760.0,OKC,G,24.0,1.0,1.0,0.313,1.0,5.0,0.2,0.368,-0.168,Shai Gilgeous-Alexander,1610612760.0,OKC,G,24.0,1.0,1.0,0.688,6.0,11.0,0.545,0.571,-0.025,Shai Gilgeous-Alexander,1610612760.0,OKC,G,24.0,1.0,1.0,0.563,6.0,9.0,0.667,0.656,0.011,Shai Gilgeous-Alexander,1610612760.0,OKC,G,24.0,1.0,1.0,0.563,6.0,9.0,0.667,0.616,0.051,Shai Gilgeous-Alexander,1610612760.0,OKC,G,24.0,1.0,1.0,0.375,1.0,6.0,0.167,0.368,-0.201,Shai Gilgeous-Alexander,1610612760.0,OKC,24.0,1.0,35.8,7.0,3.0,4.0,3.0,0.0,1.0,3.0,0.0,0.0,0.0,0.0,0.0,0.0,3.0,3.0,3.0,0.0,0.0,1.0,1.0,0.0,Shai Gilgeous-Alexander,1610612760,OKC,1,0,1,35.8,58.0,2.0,0.0,0.0,0.0,0.0,0.0,0.0,0.0,0.0,1.0,0.5,0.0,0.0,1.0,0.5,0.0,0.0,Shai Gilgeous-Alexander,1610612760,OKC,1,0,1,35.75,35.75,13160.0,2.49,1.32,1.17,3.91,4.31,3.55,2022_23
1628972,Troy Brown Jr.,Troy,1610612747,LAL,23.0,1,1,0,1.0,26.916666666666668,2,10,0.2,2,7,0.286,0,0,0.0,0,2,2,2,1,0,2,1,0,0,6,-3,16.4,0,0,16.0,1,1,1,1,75,125,69,176,34,22,86,118,130,118,108,110,138,76,59,94,7,136,1,150,125,117,129,14,1,121,,2.0,117.3,-9.9,125,108,187,138,-11.7,0.065,69,7.7,117.9,0.019,122,102,120,0.105,2.0,154,107.4,94.51,117.3,189,105,78.76,107.4,15.4,120,111,94.8,174,54,94.51,36,173,187,115,0.3,-9.9,0.175,107,120,0.0,143,121,129,0.3,138,0.032,7.7,10.0,0.173,105,176,165,106.2,21.0,0.111,0.0,3.0,18.0,5.0,0.111,0.0,2.0,0.0,0.0,0.0,0.0,0.0,0.0,0.0,0.0,0.0,2.0,2.0,0.0,0.0,0.0,0.0,0.0,0.0,0.0,1.48,2.21,6.0,0.0,0.207,0.0,0.0,29.0,0.0,1.1,0.0,18.0,0.4,0.0,2.0,1.0,0.0,0.5,6.0,0.333,0.0,4.0,1.0,3.9,1.0,1.0,3.9,0.0,0.0,1.0,0.0,1.0,0.667,0.0,0.5,0.5,1.0,0.0,,0.0,0.0,0.1,0.0,0.0,0.0,1.0,LAL,1.0,0.0,1610612747.0,0.1,0.0,0.0,1.0,0.1,0.0,,0.0,0.1,0.0,0.0,0.0,0.0,0.0,1.0,0.4,0.333,3.0,1.0,0.0,1.0,0.1,0.3,0.25,4.0,1.0,0.0,0.375,0.25,4.0,0.375,0.4,0.25,0.4,1.0,0.0,0.0,1.0,,4.0,0.0,1.0,3,1.0,0.333,1,1.0,0.5,3,0.167,0.3,0.0,0.0,0.0,3.0,0.0,0.0,0.0,1.0,0.0,0.0,0.0,,0.0,0.0,0.0,0.333,0.0,0.0,0.0,2.0,,0.0,1.0,2.0,0.0,0.0,0.0,,6.0,1.0,0.0,0.037,273.0,G-F,0.357,184.0,0.674,0.637,,,0.0,2.0,,0.0,0.0,1.0,0.0,1.0,0.0,0.0,,LAL,,1.0,0.0,0.0,,0.333,,0.0,6.0,0.0,1.0,,,0.0,1.0,0.25,1,0.167,6,6.0,2023,20230324,False,22201106,Troy Brown Jr.,1610612747.0,LAL,G-F,23.0,1.0,1.0,1.0,6.0,14.0,0.429,0.465,-0.037,Troy Brown Jr.,1610612747.0,LAL,G-F,23.0,1.0,1.0,0.214,1.0,3.0,0.333,0.356,-0.022,Troy Brown Jr.,1610612747.0,LAL,G-F,23.0,1.0,1.0,0.786,5.0,11.0,0.455,0.516,-0.061,Troy Brown Jr.,1610612747.0,LAL,G-F,23.0,1.0,1.0,0.286,2.0,4.0,0.5,0.589,-0.089,Troy Brown Jr.,1610612747.0,LAL,G-F,23.0,1.0,1.0,0.429,3.0,6.0,0.5,0.543,-0.043,Troy Brown Jr.,1610612747.0,LAL,G-F,23.0,1.0,1.0,0.429,2.0,6.0,0.333,0.371,-0.038,Troy Brown Jr.,1610612747.0,LAL,23.0,1.0,26.9,6.0,5.0,1.0,1.0,0.0,0.0,0.0,0.0,0.0,0.0,0.0,0.0,0.0,0.0,0.0,0.0,0.0,0.0,0.0,0.0,0.0,Troy Brown Jr.,1610612747,LAL,1,1,0,26.9,29.0,0.0,0.0,0.0,0.0,0.0,0.0,0.0,0.0,0.0,0.0,0.0,0.0,0.0,0.0,0.0,0.0,0.0,Troy Brown Jr.,1610612747,LAL,1,1,0,26.92,26.92,10716.0,2.03,1.11,0.92,4.24,4.38,4.06,2022_23
1629117,Wenyen Gabriel,Wenyen,1610612747,LAL,26.0,1,1,0,1.0,17.64666666666667,2,4,0.5,1,2,0.5,2,2,1.0,2,6,8,0,0,0,0,0,2,1,7,6,16.6,0,0,16.0,1,1,1,1,157,125,152,86,64,113,33,57,71,1,22,24,21,162,126,94,69,1,96,95,120,63,127,14,1,121,,2.0,102.6,22.4,125,27,106,55,18.9,0.333,152,0.0,102.4,0.125,1,162,44,0.0,0.0,12,125.0,100.64,102.6,94,47,83.87,125.0,0.0,44,162,102.22,52,36,100.64,107,65,106,160,0.625,22.4,0.116,48,1,0.105,65,164,46,0.717,55,0.216,0.0,4.0,0.116,47,8,71,121.4,8.0,0.0,0.0,1.0,16.0,0.0,0.0,0.0,0.0,0.0,0.0,0.0,0.0,0.0,0.0,0.0,0.0,0.0,0.0,0.0,0.0,0.0,0.0,0.0,0.0,0.0,2.0,0.43,1.34,7.0,1.0,0.333,0.0,0.0,21.0,0.0,0.5,0.0,10.0,0.615,1.0,6.0,5.0,0.333,0.833,14.0,0.571,2.0,8.0,1.0,3.9,0.0,7.0,4.3,2.9,0.0,1.0,0.4,1.0,0.75,1.0,0.875,0.75,1.0,0.0,,0.0,0.0,0.25,0.0,0.0,0.0,1.0,LAL,1.0,0.0,1610612747.0,0.25,0.0,0.0,1.0,0.25,1.0,,1.0,0.25,0.0,0.0,1.0,1.0,1.0,1.0,,,,,,,,,,,,,,0.5,2.0,0.75,0.5,0.5,0.5,1.0,0.0,0.0,1.0,,2.0,0.0,0.0,0,,,0,0.0,,0,0.5,0.625,0.0,2.0,0.0,3.0,0.5,0.0,0.0,0.0,0.0,2.0,,0.0,,0.0,0.0,0.0,1.0,1.0,1.0,0.0,0.0,0.0,2.0,0.0,,0.5,0.5,0.0,0.0,2.0,0.5,-0.068,221.0,F,0.441,126.0,0.57,0.638,0.0,,0.0,0.0,,1.0,0.5,0.0,0.0,2.0,0.5,0.0,,LAL,0.0,2.0,0.0,0.0,,0.0,,0.0,0.0,1.0,0.0,,0.0,0.0,1.0,0.75,1,0.5,2,2.0,2023,20230324,False,22201106,Wenyen Gabriel,1610612747.0,LAL,F,26.0,1.0,1.0,1.0,5.0,9.0,0.556,0.45,0.106,Wenyen Gabriel,1610612747.0,LAL,F,26.0,1.0,1.0,0.444,2.0,4.0,0.5,0.319,0.181,Wenyen Gabriel,1610612747.0,LAL,F,26.0,1.0,1.0,0.556,3.0,5.0,0.6,0.519,0.081,Wenyen Gabriel,1610612747.0,LAL,F,26.0,1.0,1.0,0.333,2.0,3.0,0.667,0.596,0.071,Wenyen Gabriel,1610612747.0,LAL,F,26.0,1.0,1.0,0.444,2.0,4.0,0.5,0.539,-0.039,Wenyen Gabriel,1610612747.0,LAL,F,26.0,1.0,1.0,0.444,2.0,4.0,0.5,0.322,0.178,Wenyen Gabriel,1610612747.0,LAL,26.0,1.0,17.7,7.0,4.0,3.0,0.0,0.0,3.0,8.0,1.0,0.0,1.0,1.0,0.0,0.0,0.0,0.0,0.0,0.0,0.0,0.0,0.0,0.0,Wenyen Gabriel,1610612747,LAL,1,1,0,17.7,21.0,0.0,0.0,0.0,0.0,0.0,0.0,0.0,0.0,0.0,0.0,0.0,0.0,0.0,0.0,0.0,0.0,0.0,Wenyen Gabriel,1610612747,LAL,1,1,0,17.65,17.65,7335.0,1.39,0.78,0.61,4.46,4.74,4.16,2022_23
