PLAYER_ID,PLAYER_NAME,NICKNAME,TEAM_ID,TEAM_ABBREVIATION,AGE,GP,W,L,W_PCT,MIN,FGM,FGA,FG_PCT,FG3M,FG3A,FG3_PCT,FTM,FTA,FT_PCT,OREB,DREB,REB,AST,TOV,STL,BLK,BLKA,PF,PFD,PTS,PLUS_MINUS,NBA_FANTASY_PTS,DD2,TD3,WNBA_FANTASY_PTS,GP_RANK,W_RANK,L_RANK,W_PCT_RANK,MIN_RANK,FGM_RANK,FGA_RANK,FG_PCT_RANK,FG3M_RANK,FG3A_RANK,FG3_PCT_RANK,FTM_RANK,FTA_RANK,FT_PCT_RANK,OREB_RANK,DREB_RANK,REB_RANK,AST_RANK,TOV_RANK,STL_RANK,BLK_RANK,BLKA_RANK,PF_RANK,PFD_RANK,PTS_RANK,PLUS_MINUS_RANK,NBA_FANTASY_PTS_RANK,DD2_RANK,TD3_RANK,WNBA_FANTASY_PTS_RANK,team_poss,FGM_PG,DEF_RATING,NET_RATING,FGM_PG_RANK,OREB_PCT_RANK,PACE_RANK,OFF_RATING_RANK,E_NET_RATING,DREB_PCT,FGA_PG_RANK,E_TOV_PCT,E_DEF_RATING,PIE,E_TOV_PCT_RANK,AST_PCT_RANK,sp_work_NET_RATING_RANK,AST_PCT,AST_TO,DREB_PCT_RANK,OFF_RATING,sp_work_PACE,sp_work_DEF_RATING,E_PACE_RANK,sp_work_DEF_RATING_RANK,PACE_PER40,sp_work_OFF_RATING,AST_RATIO,NET_RATING_RANK,AST_RATIO_RANK,E_PACE,TS_PCT_RANK,POSS,PACE,AST_TO_RANK,PIE_RANK,sp_work_PACE_RANK,USG_PCT_RANK,EFG_PCT,sp_work_NET_RATING,USG_PCT,E_DEF_RATING_RANK,TM_TOV_PCT_RANK,OREB_PCT,E_OFF_RATING_RANK,E_USG_PCT_RANK,E_NET_RATING_RANK,TS_PCT,sp_work_OFF_RATING_RANK,REB_PCT,TM_TOV_PCT,FGA_PG,E_USG_PCT,DEF_RATING_RANK,REB_PCT_RANK,EFG_PCT_RANK,E_OFF_RATING,PASSES_RECEIVED,AST_TO_PASS_PCT_ADJ,FT_AST,POTENTIAL_AST,PASSES_MADE,AST_PTS_CREATED,AST_TO_PASS_PCT,SECONDARY_AST,AST_ADJ,DRIVE_FT_PCT,DRIVE_FTA,DRIVE_AST,DRIVE_AST_PCT,DRIVE_PTS_PCT,DRIVE_FGM,DRIVE_PF_PCT,DRIVE_PF,DRIVE_TOV_PCT,DRIVE_FGA,DRIVES,DRIVE_PASSES,DRIVE_PTS,DRIVE_FTM,DRIVE_FG_PCT,DRIVE_PASSES_PCT,DRIVE_TOV,PAINT_TOUCHES,AVG_DRIB_PER_TOUCH,AVG_SEC_PER_TOUCH,POINTS,PTS_PER_PAINT_TOUCH,PTS_PER_TOUCH,POST_TOUCHES,ELBOW_TOUCHES,TOUCHES,PTS_PER_POST_TOUCH,TIME_OF_POSS,PTS_PER_ELBOW_TOUCH,FRONT_CT_TOUCHES,REB_CHANCE_PCT_ADJ,OREB_CONTEST_PCT,OREB_CHANCES,DREB_CONTEST,OREB_CHANCE_PCT,DREB_CONTEST_PCT,REB_CHANCES,REB_CHANCE_PCT,OREB_CONTEST,DREB_CHANCES,REB_UNCONTEST,AVG_REB_DIST,DREB_CHANCE_DEFER,REB_CONTEST,AVG_DREB_DIST,AVG_OREB_DIST,OREB_UNCONTEST,DREB_UNCONTEST,OREB_CHANCE_PCT_ADJ,REB_CHANCE_DEFER,DREB_CHANCE_PCT_ADJ,OREB_CHANCE_DEFER,REB_CONTEST_PCT,DREB_CHANCE_PCT,very_tight_FG2A,very_tight_FGM,very_tight_FG3_PCT,very_tight_FG2M,very_tight_FG2_PCT,very_tight_FGA_FREQUENCY,very_tight_FG_PCT,very_tight_FG3A,very_tight_FG3M,very_tight_FGA,PLAYER_LAST_TEAM_ABBREVIATION,G,very_tight_FG3A_FREQUENCY,PLAYER_LAST_TEAM_ID,very_tight_FG2A_FREQUENCY,very_tight_EFG_PCT,tight_FG3A,tight_FGA,tight_FGA_FREQUENCY,tight_FG2_PCT,tight_FG3_PCT,tight_FG2M,tight_FG2A_FREQUENCY,tight_FG3A_FREQUENCY,tight_FG3M,tight_EFG_PCT,tight_FGM,tight_FG_PCT,tight_FG2A,open_FGA_FREQUENCY,open_FG3_PCT,open_FG3A,open_FG2A,open_FG2M,open_FG3M,open_FG2A_FREQUENCY,open_FG3A_FREQUENCY,open_FG_PCT,open_FGA,open_FGM,open_FG2_PCT,open_EFG_PCT,wide_open_FG3_PCT,wide_open_FGA,wide_open_EFG_PCT,wide_open_FG3A_FREQUENCY,wide_open_FG_PCT,wide_open_FGA_FREQUENCY,wide_open_FGM,wide_open_FG2A_FREQUENCY,wide_open_FG2M,wide_open_FG3M,wide_open_FG2_PCT,wide_open_FG3A,wide_open_FG2A,PULL_UP_FG3A,PULL_UP_FGA,PULL_UP_FG3_PCT,PULL_UP_FG_PCT,PULL_UP_FGM,PULL_UP_FG3M,PULL_UP_EFG_PCT,PULL_UP_PTS,CATCH_SHOOT_FG_PCT,EFF_FG_PCT,POST_TOUCH_FG_PCT,PAINT_TOUCH_PTS,ELBOW_TOUCH_PTS,CATCH_SHOOT_PTS,PAINT_TOUCH_FG_PCT,POST_TOUCH_PTS,ELBOW_TOUCH_FG_PCT,MID_FGA,ITP_FG_PCT,RA_FGA,LEFT_CORNER_3_FGA,BACKCOURT_FGM,LEFT_CORNER_3_FGM,ITP_FGM,MID_FGM,ABOVE_BREAK_3_FG_PCT,CORNER_3_FGM,RIGHT_CORNER_3_FGM,RA_FGM,ITP_FGA,BACKCOURT_FG_PCT,MID_FG_PCT,CORNER_3_FGA,ABOVE_BREAK_3_FGM,LEFT_CORNER_3_FG_PCT,RIGHT_CORNER_3_FG_PCT,CORNER_3_FG_PCT,BACKCOURT_FGA,ABOVE_BREAK_3_FGA,RIGHT_CORNER_3_FGA,RA_FG_PCT,PLUSMINUS,FGA_LT_06,PLAYER_POSITION,FREQ,FGM_LT_06,LT_06_PCT,NS_LT_06_PCT,FGA_40_PLUS,FGA_30_34,FGM_15_19,FGM_25_29,FGM_35_39,FGM_20_24,FGP_20_24,FGA_5_9,FGP_15_19,FGA_20_24,FGP_LT_5,FGP_10_14,FGP_30_34,TEAM_ABBR,FGP_40_PLUS,FGA_LT_5,FGA_15_19,FGM_10_14,FGA_35_39,FGP_25_29,FGM_30_34,FGP_5_9,FGA_25_29,FGM_LT_5,FGA_10_14,FGP_35_39,FGM_40_PLUS,FGM_5_9,CATCH_SHOOT_FG3M,CATCH_SHOOT_EFG_PCT,CATCH_SHOOT_FGM,CATCH_SHOOT_FG3_PCT,CATCH_SHOOT_FGA,CATCH_SHOOT_FG3A,year,date,playoffs,GAME_ID,overall_def_FREQ,overall_def_D_FGM,overall_def_D_FGA,overall_def_D_FG_PCT,overall_def_NORMAL_FG_PCT,overall_def_PCT_PLUSMINUS,three_pt_def_FREQ,three_pt_def_FG3M,three_pt_def_FG3A,three_pt_def_FG3_PCT,three_pt_def_NS_FG3_PCT,three_pt_def_PLUSMINUS,two_pt_def_FREQ,two_pt_def_FG2M,two_pt_def_FG2A,two_pt_def_FG2_PCT,two_pt_def_NS_FG2_PCT,two_pt_def_PLUSMINUS,less_6ft_def_FREQ,less_6ft_def_FGM_LT_06,less_6ft_def_FGA_LT_06,less_6ft_def_LT_06_PCT,less_6ft_def_NS_LT_06_PCT,less_6ft_def_PLUSMINUS,less_10ft_def_FREQ,less_10ft_def_FGM_LT_10,less_10ft_def_FGA_LT_10,less_10ft_def_LT_10_PCT,less_10ft_def_NS_LT_10_PCT,less_10ft_def_PLUSMINUS,more_15ft_def_FREQ,more_15ft_def_FGM_GT_15,more_15ft_def_FGA_GT_15,more_15ft_def_GT_15_PCT,more_15ft_def_NS_GT_15_PCT,more_15ft_def_PLUSMINUS,hustle_TEAM_ID,hustle_TEAM_ABBREVIATION,hustle_CONTESTED_SHOTS,hustle_CONTESTED_SHOTS_2PT,hustle_CONTESTED_SHOTS_3PT,hustle_DEFLECTIONS,hustle_CHARGES_DRAWN,hustle_SCREEN_ASSISTS,hustle_SCREEN_AST_PTS,hustle_OFF_LOOSE_BALLS_RECOVERED,hustle_DEF_LOOSE_BALLS_RECOVERED,hustle_LOOSE_BALLS_RECOVERED,hustle_PCT_LOOSE_BALLS_RECOVERED_OFF,hustle_PCT_LOOSE_BALLS_RECOVERED_DEF,hustle_OFF_BOXOUTS,hustle_DEF_BOXOUTS,hustle_BOX_OUTS,hustle_BOX_OUT_PLAYER_TEAM_REBS,hustle_BOX_OUT_PLAYER_REBS,hustle_PCT_BOX_OUTS_OFF,hustle_PCT_BOX_OUTS_DEF,hustle_PCT_BOX_OUTS_TEAM_REB,hustle_PCT_BOX_OUTS_REB,post_touch_TEAM_ID,post_touch_TEAM_ABBREVIATION,post_touch_TOUCHES,post_touch_POST_TOUCHES,post_touch_POST_TOUCH_FGM,post_touch_POST_TOUCH_FGA,post_touch_POST_TOUCH_FG_PCT,post_touch_POST_TOUCH_FTM,post_touch_POST_TOUCH_FTA,post_touch_POST_TOUCH_FT_PCT,post_touch_POST_TOUCH_PTS,post_touch_POST_TOUCH_PTS_PCT,post_touch_POST_TOUCH_PASSES,post_touch_POST_TOUCH_PASSES_PCT,post_touch_POST_TOUCH_AST,post_touch_POST_TOUCH_AST_PCT,post_touch_POST_TOUCH_TOV,post_touch_POST_TOUCH_TOV_PCT,post_touch_POST_TOUCH_FOULS,post_touch_POST_TOUCH_FOULS_PCT,speed_distance_TEAM_ID,speed_distance_TEAM_ABBREVIATION,speed_distance_MIN1,speed_distance_DIST_FEET,speed_distance_DIST_MILES,speed_distance_DIST_MILES_OFF,speed_distance_DIST_MILES_DEF,speed_distance_AVG_SPEED,speed_distance_AVG_SPEED_OFF,speed_distance_AVG_SPEED_DEF,season
202692,Alec Burks,Alec,1610612765,DET,31.0,1,0,1,0.0,18.45,3,8,0.375,2,7,0.286,3,4,0.75,0,4,4,1,1,1,0,0,1,4,11,12,19.3,0,0,20.0,1,95,95,95,127,84,78,120,36,22,86,37,31,62,88,48,68,98,56,23,63,1,38,26,71,30,95,13,1,85,,3.0,110.5,31.6,84,88,102,11,33.7,0.211,78,8.5,110.6,0.102,112,122,23,0.067,1.0,38,142.1,98.86,110.5,118,72,82.38,142.1,8.3,23,132,98.03,92,38,98.86,59,74,102,31,0.5,31.6,0.268,79,108,0.0,9,33,20,0.564,11,0.118,8.3,8.0,0.266,72,49,84,144.4,16.0,0.067,0.0,1.0,15.0,2.0,0.067,0.0,1.0,1.0,2.0,0.0,0.0,0.667,0.0,0.333,1.0,0.0,0.0,3.0,2.0,2.0,2.0,0.0,0.667,0.0,0.0,1.54,2.38,11.0,0.0,0.393,0.0,1.0,28.0,0.0,1.1,2.0,17.0,0.571,0.0,0.0,0.0,0.0,0.0,7.0,0.571,0.0,7.0,4.0,10.3,0.0,0.0,10.3,0.0,0.0,4.0,0.0,0.0,0.571,0.0,0.0,0.571,0.0,0.0,0.0,0.0,,0.125,0.0,1.0,0.0,1.0,DET,1.0,0.125,1610612765.0,0.0,0.0,2.0,2.0,0.25,,0.0,0.0,0.0,0.25,0.0,0.0,0.0,0.0,0.0,0.375,0.667,3.0,0.0,0.0,2.0,0.0,0.375,0.667,3.0,2.0,,1.0,0.0,2.0,0.5,0.125,0.5,0.25,1.0,0.125,1.0,0.0,1.0,1.0,1.0,3.0,3,0.333,0.333,1,1.0,0.5,3,0.4,0.5,0.0,0.0,2.0,5.0,0.0,0.0,1.0,1.0,0.0,0.0,0.0,,0.0,0.0,1.0,0.2,1.0,1.0,0.0,0.0,,1.0,2.0,1.0,0.0,0.5,0.5,,5.0,2.0,0.0,-0.023,163.0,G,0.437,99.0,0.607,0.63,,0.0,1.0,0.0,,2.0,0.667,0.0,1.0,3.0,0.0,0.0,0.0,DET,,0.0,1.0,0.0,,0.0,0.0,0.0,4.0,0.0,0.0,,,0.0,1.0,0.5,2,0.25,5,4.0,2023,20230301,False,22200934,1.0,1.0,3.0,0.333,0.505,-0.172,0.333,1.0,1.0,1.0,0.379,0.621,0.667,0.0,2.0,0.0,0.554,-0.554,0.667,0.0,2.0,0.0,0.61,-0.61,0.667,0.0,2.0,0.0,0.582,-0.582,0.333,1.0,1.0,1.0,0.389,0.611,1610612765.0,DET,0.0,0.0,0.0,3.0,0.0,0.0,0.0,0.0,1.0,1.0,0.0,1.0,0.0,0.0,0.0,0.0,0.0,0.0,0.0,0.0,0.0,1610612765,DET,28.0,0.0,0.0,0.0,0.0,0.0,0.0,0.0,0.0,0.0,0.0,0.0,0.0,0.0,0.0,0.0,0.0,0.0,1610612765,DET,18.45,7165.0,1.36,0.66,0.7,4.18,4.4,3.97,2022_23
1627936,Alex Caruso,Alex,1610612741,CHI,29.0,1,1,0,1.0,20.15,2,5,0.4,2,4,0.5,2,2,1.0,0,1,1,2,3,0,0,0,4,1,8,6,9.2,0,0,13.0,1,1,1,1,118,102,113,102,36,59,35,55,66,1,88,132,148,59,10,78,63,1,160,85,96,54,147,13,1,124,,2.0,104.9,11.8,102,88,103,83,12.4,0.059,113,27.6,104.7,0.012,180,78,60,0.118,0.67,151,116.7,98.86,104.9,108,58,82.38,116.7,18.2,60,76,98.76,50,42,98.86,85,159,103,81,0.6,11.8,0.188,57,179,0.0,77,85,60,0.68,83,0.027,27.3,5.0,0.19,58,162,56,117.1,24.0,0.103,0.0,2.0,29.0,4.0,0.069,1.0,3.0,0.0,0.0,0.0,0.0,0.0,0.0,0.0,0.0,0.0,1.0,2.0,1.0,0.0,0.0,0.0,0.5,0.0,2.0,0.87,1.84,8.0,1.0,0.211,0.0,0.0,38.0,0.0,1.2,0.0,18.0,0.5,0.0,0.0,1.0,0.0,1.0,2.0,0.5,0.0,2.0,0.0,3.6,0.0,1.0,3.6,0.0,0.0,0.0,0.0,0.0,0.5,0.0,1.0,0.5,,,,,,,,,,,,,,,,,0.0,1.0,0.2,0.0,,0.0,0.2,0.0,0.0,0.0,0.0,0.0,1.0,0.2,0.0,1.0,0.0,0.0,0.0,0.0,0.2,0.0,1.0,0.0,,0.0,0.667,3.0,1.0,0.6,0.667,0.6,2.0,0.0,0.0,2.0,,3.0,0.0,1.0,2,0.0,0.0,0,0.0,0.0,0,0.667,0.6,0.0,2.0,0.0,6.0,0.0,0.0,0.0,0.0,0.0,0.0,2.0,0.0,1.0,0.0,0.0,0.0,2.0,1.0,0.0,1.0,0.0,0.0,3.0,0.0,0.5,1.0,0.667,0.0,1.0,1.0,0.0,-0.008,197.0,G,0.326,121.0,0.614,0.622,0.0,0.0,0.0,0.0,,2.0,0.667,1.0,0.0,3.0,0.0,0.0,0.0,CHI,0.0,0.0,0.0,0.0,,0.0,0.0,0.0,1.0,0.0,0.0,,0.0,0.0,2.0,1.0,2,0.667,3,3.0,2023,20230301,False,22200934,1.0,6.0,11.0,0.545,0.45,0.095,0.727,4.0,8.0,0.5,0.37,0.13,0.273,2.0,3.0,0.667,0.512,0.155,0.182,1.0,2.0,0.5,0.572,-0.072,0.182,1.0,2.0,0.5,0.527,-0.027,0.818,5.0,9.0,0.556,0.387,0.168,1610612741.0,CHI,5.0,1.0,4.0,0.0,0.0,0.0,0.0,1.0,0.0,1.0,1.0,0.0,0.0,0.0,0.0,0.0,0.0,0.0,0.0,0.0,0.0,1610612741,CHI,38.0,0.0,0.0,0.0,0.0,0.0,0.0,0.0,0.0,0.0,0.0,0.0,0.0,0.0,0.0,0.0,0.0,0.0,1610612741,CHI,20.15,8422.0,1.6,0.89,0.7,4.42,4.48,4.35,2022_23
203083,Andre Drummond,Andre,1610612741,CHI,29.0,1,1,0,1.0,12.533333333333331,0,1,0.0,0,0,0.0,1,2,0.5,2,4,6,0,3,0,0,0,4,1,1,-9,5.2,0,0,7.0,1,1,1,1,161,165,173,165,102,158,102,83,66,87,24,48,41,144,10,78,63,1,160,85,168,141,164,13,1,153,,0.0,137.0,-37.0,165,9,40,141,-46.4,0.4,173,61.5,145.7,-0.054,189,144,170,0.0,0.0,3,100.0,105.32,137.0,74,166,87.77,100.0,0.0,170,144,102.64,158,28,105.32,99,184,40,118,0.0,-37.0,0.147,179,189,0.143,147,119,174,0.266,141,0.25,60.0,1.0,0.152,166,2,165,99.3,3.0,0.0,0.0,0.0,6.0,0.0,0.0,0.0,0.0,0.0,0.0,0.0,0.0,0.0,0.0,0.0,0.0,0.0,0.0,0.0,0.0,0.0,0.0,0.0,0.0,0.0,2.0,0.56,1.51,1.0,0.0,0.111,0.0,1.0,9.0,0.0,0.2,1.0,5.0,0.75,0.5,4.0,2.0,0.5,0.5,8.0,0.75,1.0,4.0,3.0,6.7,0.0,3.0,6.1,7.9,1.0,2.0,0.5,0.0,1.0,0.0,0.5,1.0,,,,,,,,,,,,,,,,,0.0,1.0,1.0,0.0,,0.0,1.0,0.0,0.0,0.0,0.0,0.0,1.0,,,,,,,,,,,,,,,,,,,,,,,,,,,,0,,,0,,,0,0.0,0.0,0.0,0.0,1.0,0.0,0.0,0.0,0.0,0.0,0.0,1.0,,,,0.0,0.0,0.0,0.0,0.0,0.0,0.0,,0.0,0.0,0.0,,0.0,0.0,,0.0,0.0,0.0,0.033,139.0,C,0.42,96.0,0.691,0.658,,0.0,0.0,0.0,,0.0,0.0,0.0,0.0,0.0,0.0,0.0,0.0,CHI,,1.0,0.0,0.0,,0.0,0.0,0.0,0.0,0.0,0.0,,,0.0,,,0,,0,,2023,20230301,False,22200934,1.0,3.0,5.0,0.6,0.508,0.092,0.4,1.0,2.0,0.5,0.306,0.195,0.6,2.0,3.0,0.667,0.539,0.128,0.2,1.0,1.0,1.0,0.694,0.306,0.2,1.0,1.0,1.0,0.62,0.38,0.8,2.0,4.0,0.5,0.364,0.136,1610612741.0,CHI,4.0,2.0,2.0,1.0,0.0,0.0,0.0,0.0,0.0,0.0,0.0,0.0,0.0,0.0,0.0,0.0,0.0,0.0,0.0,0.0,0.0,1610612741,CHI,9.0,0.0,0.0,0.0,0.0,0.0,0.0,0.0,0.0,0.0,0.0,0.0,0.0,0.0,0.0,0.0,0.0,0.0,1610612741,CHI,12.53,4698.0,0.89,0.5,0.39,3.9,4.02,3.78,2022_23
1630245,Ayo Dosunmu,Ayo,1610612741,CHI,23.0,1,1,0,1.0,14.833333333333334,2,4,0.5,0,0,0.0,0,0,0.0,0,2,2,1,1,0,0,1,1,0,4,-14,6.9,0,0,7.0,1,1,1,1,147,102,133,56,102,158,102,108,110,108,88,98,114,98,56,78,63,129,38,130,128,167,154,13,1,153,,2.0,142.4,-42.4,102,88,26,141,-48.2,0.2,133,16.7,147.6,0.041,160,93,174,0.1,1.0,42,100.0,106.79,142.4,43,178,88.99,100.0,16.7,174,80,105.23,111,33,106.79,59,146,26,139,0.5,-42.4,0.125,182,159,0.0,145,140,175,0.5,141,0.074,16.7,4.0,0.131,178,107,84,99.4,22.0,0.045,0.0,3.0,22.0,3.0,0.045,0.0,1.0,0.0,0.0,0.0,0.0,0.4,1.0,0.0,0.0,0.4,2.0,5.0,1.0,2.0,0.0,0.5,0.2,2.0,0.0,4.5,4.4,4.0,0.0,0.143,0.0,0.0,28.0,0.0,2.1,0.0,7.0,0.667,0.0,0.0,0.0,0.0,0.0,3.0,0.667,0.0,3.0,2.0,10.3,0.0,0.0,10.3,0.0,0.0,2.0,0.0,0.0,0.667,0.0,0.0,0.667,,,,,,,,,,,,,,,,,0.0,2.0,0.5,0.5,,1.0,0.5,0.0,0.0,0.5,1.0,0.5,2.0,0.5,,0.0,2.0,1.0,0.0,0.5,0.0,0.5,2.0,1.0,0.5,0.5,,,,,,,,,,,,,,,1,,1.0,1,,1.0,2,0.0,0.5,0.0,0.0,0.0,0.0,0.0,0.0,0.0,1.0,0.0,2.0,0.0,0.0,0.0,0.0,1.0,0.0,0.0,0.0,1.0,1.0,0.0,1.0,0.0,0.0,0.0,0.0,0.0,0.0,0.0,0.0,0.5,0.008,226.0,G,0.359,143.0,0.633,0.625,0.0,0.0,0.0,0.0,,0.0,0.0,1.0,0.0,0.0,0.5,1.0,0.0,CHI,0.0,2.0,0.0,1.0,,0.0,0.0,0.0,0.0,1.0,1.0,,0.0,0.0,,,0,,0,,2023,20230301,False,22200934,1.0,1.0,4.0,0.25,0.501,-0.251,0.25,0.0,1.0,0.0,0.389,-0.389,0.75,1.0,3.0,0.333,0.563,-0.23,0.5,1.0,2.0,0.5,0.717,-0.217,0.5,1.0,2.0,0.5,0.634,-0.134,0.5,0.0,2.0,0.0,0.365,-0.365,1610612741.0,CHI,3.0,2.0,1.0,2.0,0.0,0.0,0.0,0.0,0.0,0.0,0.0,0.0,0.0,0.0,0.0,0.0,0.0,0.0,0.0,0.0,0.0,1610612741,CHI,28.0,0.0,0.0,0.0,0.0,0.0,0.0,0.0,0.0,0.0,0.0,0.0,0.0,0.0,0.0,0.0,0.0,0.0,1610612741,CHI,14.83,6214.0,1.18,0.7,0.48,4.39,4.69,4.04,2022_23
202711,Bojan Bogdanović,Bojan,1610612765,DET,34.0,1,0,1,0.0,39.46666666666667,11,21,0.524,8,12,0.667,4,4,1.0,2,4,6,3,2,1,1,4,4,5,34,11,49.7,0,0,55.0,1,95,95,95,3,11,6,55,1,1,19,25,31,1,24,48,41,44,25,23,20,188,160,12,8,32,8,13,1,5,,11.0,108.1,15.7,11,39,60,56,15.3,0.098,6,7.2,107.9,0.17,98,74,51,0.125,1.5,119,123.8,103.38,108.1,61,64,86.15,123.8,10.7,51,122,103.77,35,84,103.38,53,29,60,27,0.714,15.7,0.272,69,93,0.067,53,28,52,0.747,56,0.085,7.1,21.0,0.274,64,95,37,123.2,41.0,0.107,0.0,6.0,28.0,7.0,0.107,0.0,3.0,0.0,0.0,0.0,0.0,0.0,0.0,0.0,0.0,0.111,3.0,9.0,4.0,0.0,0.0,0.0,0.444,1.0,2.0,2.35,3.3,34.0,0.0,0.596,3.0,0.0,57.0,0.0,3.1,0.0,43.0,0.462,0.0,4.0,0.0,0.5,0.0,14.0,0.429,0.0,10.0,6.0,9.2,1.0,0.0,6.7,14.4,2.0,4.0,0.5,1.0,0.444,0.0,0.0,0.4,,,,,,,,,,,,,,,,,3.0,10.0,0.476,0.286,1.0,2.0,0.333,0.143,3.0,0.65,5.0,0.5,7.0,0.381,0.667,6.0,2.0,1.0,4.0,0.095,0.286,0.625,8.0,5.0,0.5,0.875,0.333,3.0,0.5,0.143,0.333,0.143,1.0,0.0,0.0,1.0,,3.0,0.0,3.0,9,0.667,0.556,5,2.0,0.667,12,0.667,0.714,0.0,0.0,0.0,18.0,0.0,0.0,0.0,5.0,0.0,3.0,0.0,0.0,0.0,0.0,3.0,0.727,0.0,0.0,0.0,1.0,0.0,0.6,1.0,8.0,0.0,0.0,0.0,0.0,11.0,1.0,0.0,0.052,245.0,F,0.371,170.0,0.694,0.642,0.0,0.0,1.0,6.0,0.0,2.0,0.667,2.0,1.0,3.0,0.0,0.667,0.0,DET,0.0,3.0,1.0,2.0,0.0,0.667,0.0,0.0,9.0,0.0,3.0,0.0,0.0,0.0,6.0,1.0,6,0.667,9,9.0,2023,20230301,False,22200934,1.0,6.0,14.0,0.429,0.481,-0.053,0.214,1.0,3.0,0.333,0.36,-0.027,0.786,5.0,11.0,0.455,0.536,-0.081,0.214,2.0,3.0,0.667,0.641,0.026,0.357,2.0,5.0,0.4,0.601,-0.201,0.429,3.0,6.0,0.5,0.394,0.106,1610612765.0,DET,8.0,7.0,1.0,1.0,0.0,1.0,2.0,0.0,0.0,0.0,0.0,0.0,0.0,0.0,0.0,0.0,0.0,0.0,0.0,0.0,0.0,1610612765,DET,57.0,3.0,0.0,2.0,0.0,0.0,0.0,0.0,0.0,0.0,1.0,0.333,1.0,0.333,0.0,0.0,0.0,0.0,1610612765,DET,39.47,15273.0,2.89,1.54,1.35,4.0,4.52,3.57,2022_23
1629632,Coby White,Coby,1610612741,CHI,23.0,1,1,0,1.0,22.465,5,11,0.455,3,6,0.5,1,1,1.0,0,2,2,5,2,3,0,0,2,1,14,-10,30.9,0,0,30.0,1,1,1,1,103,51,47,88,22,36,35,83,103,1,88,98,114,23,25,3,63,1,84,85,57,151,47,13,1,42,,5.0,131.3,-25.3,51,88,48,131,-28.6,0.118,47,10.8,134.5,0.131,126,6,149,0.455,2.5,105,106.0,104.7,131.3,66,156,87.25,106.0,27.8,149,33,103.5,73,50,104.7,25,53,48,52,0.591,-25.3,0.224,159,126,0.0,126,46,151,0.612,131,0.048,11.1,11.0,0.244,156,136,64,105.9,33.0,0.241,1.0,4.0,29.0,13.0,0.172,1.0,7.0,0.0,0.0,1.0,0.167,0.0,0.0,0.0,0.0,0.0,1.0,6.0,4.0,0.0,0.0,0.0,0.667,0.0,0.0,2.02,2.74,14.0,0.0,0.311,0.0,0.0,45.0,0.0,2.1,0.0,27.0,0.5,0.0,0.0,0.0,0.0,0.0,6.0,0.333,0.0,6.0,2.0,7.5,2.0,0.0,7.5,0.0,0.0,2.0,0.0,2.0,0.5,0.0,0.0,0.333,,,,,,,,,,,,,,,,,0.0,2.0,0.182,0.0,,0.0,0.182,0.0,0.0,0.0,0.0,0.0,2.0,0.364,0.0,1.0,3.0,2.0,0.0,0.273,0.091,0.5,4.0,2.0,0.667,0.5,0.6,5.0,0.9,0.455,0.6,0.455,3.0,0.0,0.0,3.0,,5.0,0.0,0.0,3,,0.333,1,0.0,0.333,2,0.5,0.591,0.0,0.0,0.0,9.0,0.0,0.0,0.0,3.0,0.0,2.0,0.0,0.0,0.0,0.0,1.0,0.5,0.0,0.0,1.0,0.0,0.0,0.333,0.0,3.0,0.0,0.0,0.0,0.0,6.0,0.0,0.5,0.024,162.0,G,0.302,107.0,0.66,0.637,0.0,0.0,1.0,3.0,,0.0,0.0,0.0,0.333,0.0,0.5,0.0,0.0,CHI,0.0,2.0,3.0,0.0,,0.5,0.0,0.0,6.0,1.0,0.0,,0.0,0.0,3.0,0.75,3,0.5,6,6.0,2023,20230301,False,22200934,1.0,6.0,7.0,0.857,0.515,0.342,0.571,3.0,4.0,0.75,0.412,0.338,0.429,3.0,3.0,1.0,0.589,0.411,0.286,2.0,2.0,1.0,0.703,0.297,0.286,2.0,2.0,1.0,0.637,0.364,0.714,4.0,5.0,0.8,0.406,0.394,1610612741.0,CHI,1.0,0.0,1.0,3.0,0.0,0.0,0.0,0.0,1.0,1.0,0.0,1.0,0.0,0.0,0.0,0.0,0.0,0.0,0.0,0.0,0.0,1610612741,CHI,45.0,0.0,0.0,0.0,0.0,0.0,0.0,0.0,0.0,0.0,0.0,0.0,0.0,0.0,0.0,0.0,0.0,0.0,1610612741,CHI,22.47,8938.0,1.69,0.97,0.72,4.16,4.53,3.71,2022_23
202709,Cory Joseph,Cory,1610612765,DET,31.0,1,0,1,0.0,25.316666666666663,1,3,0.333,1,3,0.333,0,0,0.0,0,4,4,5,0,1,0,0,2,0,3,7,18.3,0,0,15.0,1,95,95,95,85,135,145,125,63,74,74,108,110,108,88,48,68,23,117,23,63,1,84,130,143,45,100,13,1,115,,1.0,98.1,17.6,135,88,109,86,19.9,0.133,145,0.0,98.0,0.102,1,26,46,0.278,0.0,90,115.7,98.59,98.1,120,31,82.16,115.7,62.5,46,2,97.72,111,51,98.59,99,75,109,182,0.5,17.6,0.055,28,1,0.0,75,182,44,0.5,86,0.077,0.0,3.0,0.056,31,102,84,117.9,42.0,0.111,0.0,10.0,45.0,13.0,0.111,0.0,5.0,0.0,0.0,0.0,0.0,0.0,0.0,0.0,0.0,0.0,0.0,0.0,0.0,0.0,0.0,0.0,0.0,0.0,0.0,4.9,5.04,3.0,0.0,0.061,0.0,0.0,49.0,0.0,4.1,0.0,15.0,1.0,0.0,0.0,2.0,0.0,0.5,4.0,1.0,0.0,4.0,2.0,11.9,0.0,2.0,11.9,0.0,0.0,2.0,0.0,0.0,1.0,0.0,0.5,1.0,,,,,,,,,,,,,,,,,,,,,,,,,,,,,,0.667,0.5,2.0,0.0,0.0,1.0,0.0,0.667,0.5,2.0,1.0,,0.75,0.0,1.0,0.0,0.333,0.0,0.333,0.0,0.0,0.0,0.0,,1.0,0.0,1.0,1,1.0,1.0,1,1.0,1.5,3,0.0,0.5,0.0,0.0,0.0,0.0,0.0,0.0,0.0,0.0,0.0,0.0,0.0,,0.0,0.0,0.0,0.5,0.0,0.0,0.0,0.0,,0.0,1.0,1.0,0.0,0.0,0.0,,2.0,1.0,0.0,0.022,111.0,G,0.391,72.0,0.649,0.627,,0.0,0.0,1.0,0.0,0.0,0.0,0.0,0.0,1.0,0.0,0.0,0.0,DET,,0.0,0.0,0.0,0.0,0.5,0.0,0.0,2.0,0.0,0.0,0.0,,0.0,0.0,0.0,0,0.0,2,2.0,2023,20230301,False,22200934,1.0,3.0,10.0,0.3,0.461,-0.161,0.3,1.0,3.0,0.333,0.373,-0.04,0.7,2.0,7.0,0.286,0.53,-0.244,0.3,2.0,3.0,0.667,0.638,0.029,0.3,2.0,3.0,0.667,0.572,0.095,0.7,1.0,7.0,0.143,0.394,-0.251,1610612765.0,DET,8.0,6.0,2.0,1.0,0.0,1.0,2.0,0.0,1.0,1.0,0.0,1.0,0.0,0.0,0.0,0.0,0.0,0.0,0.0,0.0,0.0,1610612765,DET,49.0,0.0,0.0,0.0,0.0,0.0,0.0,0.0,0.0,0.0,0.0,0.0,0.0,0.0,0.0,0.0,0.0,0.0,1610612765,DET,25.32,10652.0,2.02,0.99,1.02,4.3,4.63,4.02,2022_23
201942,DeMar DeRozan,DeMar,1610612741,CHI,33.0,1,1,0,1.0,36.66666666666666,7,16,0.438,0,0,0.0,7,9,0.778,3,4,7,7,2,0,0,0,1,8,21,10,37.9,0,0,35.0,1,1,1,1,16,27,21,98,102,158,102,8,7,61,9,48,28,9,25,78,63,1,38,2,26,37,30,13,1,29,,7.0,102.7,11.8,27,29,104,92,9.7,0.114,21,6.9,102.3,0.147,93,24,59,0.28,3.5,109,114.5,98.84,102.7,102,43,82.36,114.5,25.0,59,37,100.09,98,76,98.84,10,41,104,42,0.438,11.8,0.241,50,93,0.086,95,41,68,0.526,92,0.1,7.1,16.0,0.253,43,66,120,112.0,57.0,0.205,0.0,14.0,44.0,17.0,0.159,2.0,9.0,0.0,0.0,0.0,0.0,0.273,1.0,0.0,0.0,0.091,3.0,11.0,6.0,3.0,0.0,0.333,0.545,1.0,1.0,4.09,4.89,21.0,2.0,0.309,9.0,5.0,68.0,0.444,5.5,0.8,46.0,1.0,0.333,4.0,0.0,0.75,0.0,7.0,1.0,1.0,4.0,6.0,10.3,0.0,1.0,6.7,15.2,2.0,4.0,0.75,0.0,1.0,0.0,0.143,1.0,1.0,0.0,,0.0,0.0,0.063,0.0,0.0,0.0,1.0,CHI,1.0,0.0,1610612741.0,0.063,0.0,0.0,11.0,0.688,0.455,,5.0,0.688,0.0,0.0,0.455,5.0,0.455,11.0,0.25,,0.0,4.0,2.0,0.0,0.25,0.0,0.5,4.0,2.0,0.5,0.5,,,,,,,,,,,,,,,9,,0.333,3,,0.333,6,0.333,0.438,0.5,2.0,4.0,2.0,0.0,4.0,0.667,8.0,0.333,2.0,0.0,0.0,0.0,2.0,3.0,0.0,0.0,0.0,2.0,6.0,0.0,0.375,0.0,0.0,0.0,0.0,0.0,0.0,0.0,0.0,1.0,0.007,255.0,G-F,0.378,165.0,0.647,0.64,0.0,0.0,1.0,0.0,0.0,0.0,0.0,3.0,0.25,1.0,1.0,0.5,0.0,CHI,0.0,2.0,4.0,3.0,0.0,0.0,0.0,0.333,0.0,2.0,6.0,0.0,0.0,1.0,,0.5,1,,2,,2023,20230301,False,22200934,1.0,7.0,12.0,0.583,0.494,0.089,0.417,2.0,5.0,0.4,0.329,0.071,0.583,5.0,7.0,0.714,0.507,0.207,0.167,2.0,2.0,1.0,0.625,0.375,0.25,2.0,3.0,0.667,0.558,0.109,0.583,3.0,7.0,0.429,0.382,0.047,1610612741.0,CHI,2.0,2.0,0.0,1.0,0.0,0.0,0.0,2.0,0.0,2.0,1.0,0.0,0.0,0.0,0.0,0.0,0.0,0.0,0.0,0.0,0.0,1610612741,CHI,68.0,9.0,2.0,4.0,0.5,0.0,0.0,0.0,4.0,0.444,4.0,0.444,1.0,0.111,0.0,0.0,0.0,0.0,1610612741,CHI,36.67,13044.0,2.47,1.43,1.04,3.75,3.9,3.25,2022_23
1628977,Hamidou Diallo,Hamidou,1610612765,DET,24.0,1,0,1,0.0,28.566666666666663,7,13,0.538,0,2,0.0,5,5,1.0,0,1,1,1,2,0,0,0,2,3,19,14,19.7,0,0,21.0,1,95,95,95,59,27,36,52,102,89,102,19,25,1,88,132,148,98,25,78,63,1,84,40,34,25,91,13,1,80,,7.0,101.6,22.6,27,88,53,54,28.8,0.032,36,11.0,101.4,0.095,128,131,39,0.059,0.5,169,124.2,104.18,101.6,87,39,86.81,124.2,5.6,39,141,101.86,69,62,104.18,89,83,53,38,0.538,22.6,0.254,47,126,0.0,37,32,31,0.625,54,0.019,11.1,13.0,0.268,39,171,80,130.2,31.0,0.034,0.0,1.0,29.0,3.0,0.034,0.0,1.0,0.0,0.0,0.0,0.0,0.4,1.0,0.0,0.0,0.2,4.0,5.0,0.0,2.0,0.0,0.25,0.0,1.0,1.0,0.98,1.75,19.0,3.0,0.413,0.0,0.0,46.0,0.0,1.3,0.0,28.0,0.5,0.0,0.0,0.0,0.0,0.0,2.0,0.5,0.0,2.0,1.0,8.6,0.0,0.0,8.6,0.0,0.0,1.0,0.0,0.0,0.5,0.0,0.0,0.5,1.0,0.0,,0.0,0.0,0.077,0.0,0.0,0.0,1.0,DET,1.0,0.0,1610612765.0,0.077,0.0,0.0,8.0,0.615,0.625,,5.0,0.615,0.0,0.0,0.625,5.0,0.625,8.0,0.077,,0.0,1.0,1.0,0.0,0.077,0.0,1.0,1.0,1.0,1.0,1.0,0.0,3.0,0.333,0.154,0.333,0.231,1.0,0.077,1.0,0.0,1.0,2.0,1.0,0.0,3,,0.667,2,0.0,0.667,4,0.0,0.538,0.0,3.0,0.0,0.0,1.0,0.0,0.0,3.0,0.0,8.0,0.0,0.0,0.0,0.0,2.0,0.0,0.0,0.0,5.0,0.0,0.0,0.667,0.0,0.0,0.0,0.0,0.0,0.0,2.0,0.0,0.625,-0.047,141.0,G,0.406,84.0,0.596,0.643,0.0,0.0,1.0,0.0,0.0,1.0,0.5,0.0,0.5,2.0,0.625,0.0,0.0,DET,0.0,8.0,2.0,0.0,0.0,0.0,0.0,0.0,1.0,5.0,0.0,0.0,0.0,0.0,0.0,0.0,0,0.0,2,2.0,2023,20230301,False,22200934,1.0,8.0,17.0,0.471,0.489,-0.018,0.294,3.0,5.0,0.6,0.38,0.22,0.706,5.0,12.0,0.417,0.534,-0.117,0.059,1.0,1.0,1.0,0.656,0.344,0.176,1.0,3.0,0.333,0.609,-0.276,0.647,6.0,11.0,0.545,0.401,0.145,1610612765.0,DET,9.0,7.0,2.0,1.0,0.0,0.0,0.0,1.0,0.0,1.0,1.0,0.0,0.0,1.0,1.0,1.0,0.0,0.0,1.0,1.0,0.0,1610612765,DET,46.0,0.0,0.0,0.0,0.0,0.0,0.0,0.0,0.0,0.0,0.0,0.0,0.0,0.0,0.0,0.0,0.0,0.0,1610612765,DET,28.57,11772.0,2.23,1.13,1.1,4.18,4.51,3.91,2022_23
1631093,Jaden Ivey,Jaden,1610612765,DET,21.0,1,0,1,0.0,31.466666666666665,5,9,0.556,2,4,0.5,6,9,0.667,0,4,4,2,4,1,0,0,4,5,18,-10,24.8,0,0,28.0,1,95,95,95,42,51,69,48,36,59,35,15,7,77,88,48,68,59,2,23,63,1,160,12,40,151,69,13,1,47,,5.0,119.1,-11.5,51,88,70,123,-10.0,0.133,69,21.1,116.4,0.079,172,84,117,0.111,0.5,90,107.6,102.2,119.1,58,103,85.17,107.6,10.5,117,123,103.91,46,66,102.2,89,95,70,46,0.667,-11.5,0.236,102,172,0.0,123,47,113,0.694,123,0.073,21.1,9.0,0.24,103,109,46,106.5,44.0,0.135,3.0,9.0,37.0,9.0,0.054,0.0,5.0,0.75,4.0,1.0,0.083,0.417,1.0,0.167,2.0,0.083,1.0,12.0,8.0,5.0,3.0,1.0,0.667,1.0,1.0,3.83,4.07,18.0,0.0,0.333,0.0,2.0,54.0,0.0,3.7,0.0,23.0,0.667,0.0,0.0,0.0,0.0,0.0,6.0,0.667,0.0,6.0,4.0,6.0,0.0,0.0,6.0,0.0,0.0,4.0,0.0,0.0,0.667,0.0,0.0,0.667,,,,,,,,,,,,,,,,,0.0,3.0,0.333,1.0,,3.0,0.333,0.0,0.0,1.0,3.0,1.0,3.0,0.444,0.5,2.0,2.0,0.0,1.0,0.222,0.222,0.25,4.0,1.0,0.0,0.375,0.5,2.0,0.75,0.222,0.5,0.222,1.0,0.0,0.0,1.0,,2.0,0.0,2.0,4,0.5,0.25,1,1.0,0.375,3,0.5,0.667,0.0,0.0,0.0,3.0,0.0,0.0,0.0,1.0,0.0,3.0,0.0,0.0,0.0,0.0,0.0,0.5,0.0,0.0,3.0,1.0,0.0,0.0,0.0,2.0,0.0,0.0,0.0,0.0,4.0,0.0,1.0,0.064,285.0,G,0.438,198.0,0.695,0.631,0.0,0.0,0.0,1.0,0.0,1.0,1.0,0.0,0.0,1.0,1.0,0.0,0.0,DET,0.0,3.0,1.0,0.0,0.0,0.333,0.0,0.0,3.0,3.0,1.0,0.0,0.0,0.0,0.0,0.0,0,0.0,1,1.0,2023,20230301,False,22200934,1.0,4.0,10.0,0.4,0.466,-0.066,0.3,0.0,3.0,0.0,0.359,-0.359,0.7,4.0,7.0,0.571,0.543,0.028,0.4,2.0,4.0,0.5,0.65,-0.15,0.4,2.0,4.0,0.5,0.625,-0.125,0.5,1.0,5.0,0.2,0.374,-0.174,1610612765.0,DET,2.0,1.0,1.0,1.0,0.0,1.0,3.0,0.0,0.0,0.0,0.0,0.0,0.0,0.0,0.0,0.0,0.0,0.0,0.0,0.0,0.0,1610612765,DET,54.0,0.0,0.0,0.0,0.0,0.0,0.0,0.0,0.0,0.0,0.0,0.0,0.0,0.0,0.0,0.0,0.0,0.0,1610612765,DET,31.47,13181.0,2.5,1.28,1.22,4.37,5.0,3.83,2022_23
1630164,James Wiseman,James,1610612765,DET,22.0,1,0,1,0.0,29.166666666666668,3,5,0.6,0,1,0.0,1,2,0.5,3,6,9,2,3,0,0,0,4,1,7,-16,17.8,0,0,18.0,1,95,95,95,54,84,113,39,102,128,102,83,66,87,9,19,13,59,10,78,63,1,160,85,107,173,105,13,1,95,,3.0,127.1,-27.1,84,21,121,141,-26.4,0.25,113,27.6,125.4,0.057,180,84,153,0.111,0.67,18,100.0,97.1,127.1,117,140,80.91,100.0,18.2,153,76,98.25,81,59,97.1,85,125,121,130,0.6,-27.1,0.141,137,179,0.12,148,135,146,0.595,141,0.184,27.3,5.0,0.14,140,16,56,99.0,22.0,0.049,0.0,4.0,41.0,5.0,0.049,0.0,2.0,0.0,0.0,0.0,0.0,0.0,0.0,0.0,0.0,0.0,0.0,0.0,0.0,0.0,0.0,0.0,0.0,0.0,7.0,0.51,1.43,7.0,0.429,0.143,2.0,3.0,49.0,1.0,1.2,0.667,22.0,0.75,0.667,5.0,1.0,0.6,0.167,14.0,0.643,2.0,11.0,6.0,3.1,2.0,3.0,2.6,3.9,1.0,5.0,0.6,2.0,0.667,0.0,0.333,0.545,,,,,,,,,,,,,,,,,0.0,4.0,0.8,0.75,,3.0,0.8,0.0,0.0,0.75,3.0,0.75,4.0,,,,,,,,,,,,,,0.0,1.0,0.0,0.2,0.0,0.2,0.0,0.0,0.0,0.0,,1.0,0.0,0.0,0,,,0,0.0,,0,0.0,0.6,1.0,3.0,2.0,0.0,0.5,2.0,1.0,0.0,0.5,2.0,0.0,0.0,0.0,1.0,0.0,0.0,0.0,0.0,2.0,2.0,0.0,0.0,0.0,0.0,0.0,0.0,0.0,0.0,1.0,0.0,1.0,0.028,88.0,C,0.429,60.0,0.682,0.654,0.0,0.0,0.0,0.0,0.0,0.0,0.0,2.0,0.0,0.0,1.0,0.0,0.0,DET,0.0,2.0,0.0,0.0,0.0,0.0,0.0,0.5,1.0,2.0,0.0,0.0,0.0,1.0,0.0,0.0,0,0.0,1,1.0,2023,20230301,False,22200934,1.0,6.0,13.0,0.462,0.505,-0.044,0.308,0.0,4.0,0.0,0.344,-0.344,0.692,6.0,9.0,0.667,0.559,0.108,0.462,6.0,6.0,1.0,0.652,0.348,0.615,6.0,8.0,0.75,0.635,0.115,0.385,0.0,5.0,0.0,0.37,-0.37,1610612765.0,DET,8.0,7.0,1.0,1.0,0.0,4.0,9.0,1.0,0.0,1.0,1.0,0.0,1.0,1.0,2.0,2.0,1.0,0.5,0.5,1.0,0.5,1610612765,DET,49.0,2.0,1.0,1.0,1.0,0.0,0.0,0.0,2.0,1.0,1.0,0.5,0.0,0.0,0.0,0.0,0.0,0.0,1610612765,DET,29.17,11340.0,2.15,1.09,1.06,4.0,4.5,3.93,2022_23
1630165,Killian Hayes,Killian,1610612765,DET,21.0,1,0,1,0.0,24.35,5,9,0.556,1,4,0.25,0,0,0.0,0,2,2,7,3,3,0,0,2,1,11,-17,29.9,0,0,27.0,1,95,95,95,91,51,69,48,63,59,89,108,110,108,88,98,114,9,10,3,63,1,84,85,71,177,51,13,1,52,,5.0,130.8,-32.7,51,88,68,152,-31.3,0.095,69,15.8,126.6,0.124,158,4,163,0.467,2.33,120,98.1,102.51,130.8,39,153,85.42,98.1,36.8,163,16,105.7,74,52,102.51,28,57,68,66,0.611,-32.7,0.211,142,158,0.0,158,67,158,0.611,152,0.047,15.8,9.0,0.212,153,137,55,95.3,40.0,0.2,1.0,7.0,40.0,20.0,0.175,0.0,8.0,0.0,0.0,0.0,0.0,1.5,3.0,0.0,0.0,0.0,4.0,4.0,0.0,6.0,0.0,0.75,0.0,0.0,0.0,3.9,4.22,11.0,0.0,0.216,0.0,0.0,51.0,0.0,3.6,0.0,15.0,0.4,0.0,1.0,0.0,0.0,0.0,5.0,0.4,0.0,4.0,2.0,7.2,0.0,0.0,7.2,0.0,0.0,2.0,0.0,0.0,0.5,0.0,0.0,0.5,,,,,,,,,,,,,,,,,0.0,3.0,0.333,0.667,,2.0,0.333,0.0,0.0,0.667,2.0,0.667,3.0,0.333,0.0,2.0,1.0,1.0,0.0,0.111,0.222,0.333,3.0,1.0,1.0,0.333,0.5,3.0,0.833,0.222,0.667,0.333,2.0,0.111,1.0,1.0,1.0,2.0,1.0,1.0,4,0.0,0.5,2,0.0,0.5,4,0.333,0.611,0.0,0.0,0.0,3.0,0.0,0.0,0.0,1.0,0.5,2.0,1.0,0.0,0.0,1.0,1.0,0.0,1.0,1.0,2.0,2.0,0.0,1.0,2.0,0.0,0.0,1.0,0.5,0.0,2.0,1.0,1.0,0.006,303.0,G,0.442,195.0,0.644,0.638,0.0,0.0,1.0,0.0,,1.0,0.333,1.0,1.0,3.0,1.0,1.0,0.0,DET,0.0,2.0,1.0,1.0,,0.0,0.0,0.0,1.0,2.0,1.0,,0.0,0.0,1.0,0.5,1,0.333,3,3.0,2023,20230301,False,22200934,1.0,9.0,13.0,0.692,0.473,0.219,0.615,6.0,8.0,0.75,0.367,0.383,0.385,3.0,5.0,0.6,0.558,0.042,0.154,2.0,2.0,1.0,0.656,0.344,0.154,2.0,2.0,1.0,0.628,0.372,0.769,6.0,10.0,0.6,0.381,0.219,1610612765.0,DET,6.0,3.0,3.0,3.0,0.0,0.0,0.0,0.0,0.0,0.0,0.0,0.0,0.0,0.0,0.0,0.0,0.0,0.0,0.0,0.0,0.0,1610612765,DET,51.0,0.0,0.0,0.0,0.0,0.0,0.0,0.0,0.0,0.0,0.0,0.0,0.0,0.0,0.0,0.0,0.0,0.0,1610612765,DET,24.35,9284.0,1.76,0.93,0.83,4.15,4.49,3.43,2022_23
1628963,Marvin Bagley III,Marvin,1610612765,DET,24.0,1,0,1,0.0,18.83333333333333,2,5,0.4,0,0,0.0,4,4,1.0,2,7,9,1,1,0,1,0,2,3,8,14,22.3,0,0,20.0,1,95,95,95,125,102,113,102,102,158,102,25,31,1,24,13,13,98,56,78,20,1,84,40,96,25,78,13,1,85,,2.0,97.7,35.7,102,15,18,24,41.7,0.292,113,11.4,95.8,0.135,134,126,17,0.063,1.0,14,133.3,108.32,97.7,22,29,90.27,133.3,11.1,17,114,107.76,82,42,108.32,59,50,18,94,0.4,35.7,0.174,24,126,0.133,18,96,12,0.592,24,0.231,11.1,5.0,0.177,29,5,127,137.5,13.0,0.067,0.0,1.0,15.0,3.0,0.067,0.0,1.0,1.0,4.0,0.0,0.0,1.0,0.0,0.5,2.0,0.0,1.0,4.0,0.0,4.0,4.0,0.0,0.0,0.0,3.0,1.04,2.16,8.0,0.667,0.308,1.0,2.0,26.0,0.0,0.9,1.0,14.0,1.0,0.5,3.0,3.0,0.667,0.429,9.0,1.0,1.0,7.0,5.0,3.5,0.0,4.0,3.1,4.6,1.0,4.0,0.667,0.0,1.0,0.0,0.444,1.0,,,,,,,,,,,,,,,,,0.0,3.0,0.6,0.333,,1.0,0.6,0.0,0.0,0.333,1.0,0.333,3.0,0.2,,0.0,1.0,0.0,0.0,0.2,0.0,0.0,1.0,0.0,0.0,0.0,,1.0,1.0,0.0,1.0,0.2,1.0,0.2,1.0,0.0,1.0,0.0,1.0,,0,,,0,,,0,0.0,0.4,0.0,2.0,2.0,0.0,0.5,0.0,0.0,1.0,0.0,2.0,0.0,0.0,0.0,0.0,0.0,0.0,0.0,0.0,2.0,2.0,0.0,0.0,0.0,0.0,0.0,0.0,0.0,0.0,0.0,0.0,1.0,0.01,120.0,F,0.405,81.0,0.675,0.665,0.0,0.0,0.0,0.0,,0.0,0.0,1.0,0.0,0.0,0.667,0.0,0.0,DET,0.0,3.0,0.0,0.0,,0.0,0.0,0.0,0.0,2.0,1.0,,0.0,0.0,,0.0,0,,1,,2023,20230301,False,22200934,1.0,1.0,6.0,0.167,0.518,-0.352,0.333,0.0,2.0,0.0,0.369,-0.369,0.667,1.0,4.0,0.25,0.601,-0.351,0.333,1.0,2.0,0.5,0.66,-0.16,0.5,1.0,3.0,0.333,0.652,-0.318,0.5,0.0,3.0,0.0,0.377,-0.377,1610612765.0,DET,4.0,3.0,1.0,1.0,0.0,4.0,12.0,0.0,0.0,0.0,0.0,0.0,0.0,2.0,2.0,2.0,1.0,0.0,1.0,1.0,0.5,1610612765,DET,26.0,1.0,0.0,0.0,0.0,0.0,0.0,0.0,0.0,0.0,0.0,0.0,0.0,0.0,1.0,1.0,0.0,0.0,1610612765,DET,18.83,7729.0,1.46,0.71,0.76,4.32,4.44,4.23,2022_23
202696,Nikola Vučević,Nikola,1610612741,CHI,32.0,1,1,0,1.0,35.46666666666667,5,15,0.333,0,5,0.0,2,4,0.5,1,8,9,2,1,1,0,0,1,4,12,11,27.8,0,0,25.0,1,1,1,1,23,51,24,125,102,42,102,55,31,87,48,7,13,59,56,23,63,1,38,26,64,32,55,13,1,63,,5.0,104.0,14.7,51,82,78,78,13.9,0.267,24,5.1,104.1,0.066,83,112,53,0.077,2.0,17,118.7,101.5,104.0,88,53,84.59,118.7,10.5,53,123,101.75,149,75,101.5,30,115,78,72,0.333,14.7,0.205,53,83,0.029,74,64,54,0.358,78,0.141,5.3,15.0,0.218,53,31,142,118.0,55.0,0.033,0.0,6.0,61.0,5.0,0.033,0.0,2.0,0.5,2.0,0.0,0.0,1.0,1.0,0.25,1.0,0.0,2.0,4.0,1.0,4.0,1.0,0.5,0.25,0.0,8.0,0.47,1.6,12.0,1.0,0.152,3.0,5.0,79.0,0.0,2.1,0.4,54.0,0.9,1.0,1.0,5.0,1.0,0.625,11.0,0.818,1.0,10.0,3.0,3.3,1.0,6.0,2.9,6.8,0.0,3.0,1.0,1.0,0.889,0.0,0.667,0.8,,,,,,,,,,,,,,,,,0.0,6.0,0.4,0.667,,4.0,0.4,0.0,0.0,0.667,4.0,0.667,6.0,0.267,,0.0,4.0,1.0,0.0,0.267,0.0,0.25,4.0,1.0,0.25,0.25,0.0,5.0,0.0,0.333,0.0,0.333,0.0,0.0,0.0,0.0,,5.0,0.0,0.0,1,,0.0,0,0.0,0.0,0,0.0,0.333,0.0,8.0,2.0,0.0,0.8,0.0,1.0,3.0,0.5,5.0,0.0,0.0,0.0,1.0,0.0,0.0,0.0,0.0,4.0,2.0,0.0,0.0,0.0,0.0,0.0,0.0,0.0,0.0,5.0,0.0,0.8,0.024,497.0,C,0.458,334.0,0.672,0.648,0.0,0.0,0.0,0.0,0.0,0.0,0.0,0.0,0.0,2.0,0.667,1.0,0.0,CHI,0.0,6.0,2.0,1.0,0.0,0.0,0.0,0.0,4.0,4.0,1.0,0.0,0.0,0.0,0.0,0.0,0,0.0,7,5.0,2023,20230301,False,22200934,1.0,5.0,11.0,0.455,0.509,-0.054,0.182,0.0,2.0,0.0,0.413,-0.413,0.818,5.0,9.0,0.556,0.552,0.003,0.182,2.0,2.0,1.0,0.717,0.283,0.636,4.0,7.0,0.571,0.632,-0.061,0.273,1.0,3.0,0.333,0.38,-0.047,1610612741.0,CHI,4.0,2.0,2.0,3.0,0.0,4.0,9.0,0.0,1.0,1.0,0.0,1.0,1.0,5.0,6.0,6.0,2.0,0.167,0.833,1.0,0.333,1610612741,CHI,79.0,3.0,0.0,0.0,0.0,0.0,0.0,0.0,0.0,0.0,3.0,1.0,0.0,0.0,0.0,0.0,0.0,0.0,1610612741,CHI,35.47,12662.0,2.4,1.36,1.04,3.74,4.05,3.37,2022_23
201976,Patrick Beverley,Patrick,1610612741,CHI,34.0,1,1,0,1.0,33.166666666666664,2,4,0.5,0,2,0.0,1,4,0.25,4,6,10,10,1,4,1,0,3,3,5,16,46.0,1,0,35.0,1,1,1,1,33,102,133,56,102,89,102,83,31,106,3,19,8,3,56,1,20,1,128,40,119,16,12,1,1,29,,2.0,98.6,23.2,102,17,98,65,20.0,0.2,133,6.0,99.3,0.146,87,13,38,0.37,10.0,42,121.7,99.86,98.6,99,33,83.22,121.7,58.8,38,3,100.53,134,69,99.86,1,43,98,167,0.5,23.2,0.092,32,87,0.129,69,169,43,0.434,65,0.164,5.9,4.0,0.09,33,19,84,119.3,49.0,0.162,0.0,11.0,68.0,23.0,0.147,1.0,11.0,0.25,4.0,3.0,0.333,0.111,0.0,0.222,2.0,0.0,0.0,9.0,7.0,1.0,1.0,0.0,0.778,0.0,3.0,3.32,4.3,5.0,0.0,0.062,0.0,2.0,81.0,0.0,5.8,1.0,28.0,0.909,0.25,5.0,1.0,0.8,0.167,11.0,0.909,1.0,7.0,8.0,11.0,0.0,2.0,8.8,14.3,3.0,5.0,0.8,0.0,0.857,0.0,0.2,0.857,,,,,,,,,,,,,,,,,,,,,,,,,,,,,,0.75,0.0,2.0,1.0,1.0,0.0,0.25,0.5,0.333,3.0,1.0,1.0,0.333,,1.0,1.0,0.0,1.0,0.25,1.0,0.25,1.0,0.0,1.0,0.0,1.0,0.0,0,,,0,0.0,,0,0.333,0.5,0.0,0.0,2.0,2.0,0.0,0.0,1.0,1.0,0.0,1.0,1.0,0.0,0.0,0.0,1.0,0.0,0.0,0.0,1.0,0.0,0.0,1.0,1.0,0.0,0.0,0.0,0.0,0.0,1.0,0.0,1.0,0.063,209.0,G,0.394,147.0,0.703,0.64,0.0,0.0,1.0,0.0,0.0,0.0,0.0,0.0,1.0,1.0,1.0,0.0,0.0,CHI,0.0,1.0,1.0,0.0,0.0,0.0,0.0,0.0,1.0,1.0,0.0,0.0,0.0,0.0,0.0,0.0,0,0.0,2,2.0,2023,20230301,False,22200934,1.0,5.0,11.0,0.455,0.436,0.019,0.273,1.0,3.0,0.333,0.405,-0.071,0.727,4.0,8.0,0.5,0.474,0.026,0.273,3.0,3.0,1.0,0.603,0.397,0.273,3.0,3.0,1.0,0.525,0.475,0.455,1.0,5.0,0.2,0.396,-0.196,1610612741.0,CHI,6.0,4.0,2.0,5.0,0.0,1.0,2.0,1.0,1.0,2.0,0.5,0.5,0.0,0.0,0.0,0.0,0.0,0.0,0.0,0.0,0.0,1610612741,CHI,81.0,0.0,0.0,0.0,0.0,0.0,0.0,0.0,0.0,0.0,0.0,0.0,0.0,0.0,0.0,0.0,0.0,0.0,1610612741,CHI,33.17,13539.0,2.56,1.44,1.13,4.34,4.37,3.94,2022_23
1630172,Patrick Williams,Patrick,1610612741,CHI,21.0,1,1,0,1.0,27.835,4,9,0.444,1,1,1.0,2,2,1.0,0,2,2,0,0,0,2,0,3,2,11,-6,19.4,0,0,18.0,1,1,1,1,65,67,69,95,63,128,1,55,66,1,88,98,114,144,117,78,5,1,128,59,71,128,94,13,1,95,,4.0,122.0,-13.8,67,88,58,118,-13.2,0.087,69,0.0,121.5,0.05,1,144,122,0.0,0.0,124,108.2,103.47,122.0,65,119,86.22,108.2,0.0,122,144,103.6,94,61,103.47,99,133,58,122,0.5,-13.8,0.145,120,1,0.0,108,121,124,0.557,118,0.039,0.0,9.0,0.15,119,148,84,108.3,15.0,0.0,0.0,0.0,22.0,0.0,0.0,0.0,0.0,1.0,2.0,0.0,0.0,0.667,1.0,0.167,1.0,0.0,5.0,6.0,0.0,4.0,2.0,0.2,0.0,0.0,0.0,1.66,2.4,11.0,0.0,0.344,0.0,0.0,32.0,0.0,1.3,0.0,12.0,0.2,0.0,7.0,2.0,0.0,1.0,11.0,0.182,0.0,4.0,0.0,7.3,1.0,2.0,7.3,0.0,0.0,0.0,0.0,1.0,0.667,0.0,1.0,0.5,1.0,1.0,,1.0,1.0,0.111,1.0,0.0,0.0,1.0,CHI,1.0,0.0,1610612741.0,0.111,1.0,0.0,6.0,0.667,0.333,,2.0,0.667,0.0,0.0,0.333,2.0,0.333,6.0,0.222,1.0,1.0,1.0,0.0,1.0,0.111,0.111,0.5,2.0,1.0,0.0,0.75,,,,,,,,,,,,,,0.0,1,,0.0,0,0.0,0.0,0,1.0,0.5,0.0,0.0,0.0,3.0,0.0,0.0,0.0,1.0,0.0,5.0,0.0,0.0,0.0,0.0,0.0,0.0,1.0,1.0,3.0,2.0,0.0,0.0,1.0,0.0,0.0,1.0,1.0,0.0,0.0,1.0,0.6,-0.027,280.0,F,0.392,172.0,0.614,0.641,0.0,0.0,0.0,0.0,0.0,1.0,1.0,2.0,0.0,1.0,0.6,0.0,0.0,CHI,0.0,5.0,1.0,0.0,0.0,0.0,0.0,0.0,0.0,3.0,0.0,0.0,0.0,0.0,1.0,1.5,1,1.0,1,1.0,2023,20230301,False,22200934,1.0,3.0,10.0,0.3,0.474,-0.174,0.4,1.0,4.0,0.25,0.406,-0.156,0.6,2.0,6.0,0.333,0.53,-0.196,0.3,1.0,3.0,0.333,0.637,-0.303,0.3,1.0,3.0,0.333,0.555,-0.221,0.5,1.0,5.0,0.2,0.406,-0.206,1610612741.0,CHI,9.0,5.0,4.0,1.0,0.0,0.0,0.0,0.0,0.0,0.0,0.0,0.0,0.0,1.0,1.0,1.0,0.0,0.0,1.0,1.0,0.0,1610612741,CHI,32.0,0.0,0.0,0.0,0.0,0.0,0.0,0.0,0.0,0.0,0.0,0.0,0.0,0.0,0.0,0.0,0.0,0.0,1610612741,CHI,27.83,11807.0,2.24,1.22,1.01,4.32,4.48,4.14,2022_23
1630181,R.J. Hampton,R.J.,1610612765,DET,22.0,1,0,1,0.0,7.116666666666666,0,1,0.0,0,0,0.0,0,0,0.0,0,0,0,0,0,0,0,0,0,0,0,-10,0.0,0,0,0.0,1,95,95,95,170,165,173,165,102,158,102,108,110,108,88,171,175,144,117,78,63,1,1,130,170,151,184,13,1,184,,0.0,150.0,-71.4,165,88,135,183,-66.2,0.0,173,0.0,145.4,-0.027,1,144,184,0.0,0.0,171,78.6,94.43,150.0,138,183,78.69,78.6,0.0,184,144,95.51,170,14,94.43,99,180,135,174,0.0,-71.4,0.067,178,1,0.0,182,175,185,0.0,183,0.0,0.0,1.0,0.067,183,175,165,79.3,6.0,0.0,0.0,2.0,7.0,0.0,0.0,0.0,0.0,0.0,0.0,0.0,0.0,0.0,0.0,0.0,0.0,0.0,0.0,0.0,0.0,0.0,0.0,0.0,0.0,0.0,0.0,0.88,1.41,0.0,0.0,0.0,0.0,0.0,8.0,0.0,0.2,0.0,3.0,,,,,,,,,,,,,,,,,,,,,,,,,,,,,,,,,,,,,,,,,0.0,1.0,1.0,0.0,,0.0,1.0,0.0,0.0,0.0,0.0,0.0,1.0,,,,,,,,,,,,,,,,,,,,,,,,,,,,1,,0.0,0,,0.0,0,0.0,0.0,0.0,0.0,0.0,0.0,0.0,0.0,0.0,1.0,0.0,0.0,,,,0.0,0.0,0.0,0.0,0.0,0.0,0.0,,0.0,0.0,0.0,,0.0,0.0,,0.0,0.0,0.0,-0.053,57.0,G,0.432,33.0,0.579,0.632,,,0.0,0.0,,0.0,0.0,0.0,0.0,0.0,0.0,0.0,,DET,,0.0,1.0,0.0,,0.0,,0.0,0.0,0.0,0.0,,,0.0,,,0,,0,,2023,20230301,False,22200934,1.0,2.0,2.0,1.0,0.477,0.524,,,,,,,1.0,2.0,2.0,1.0,0.539,0.462,1.0,2.0,2.0,1.0,0.618,0.382,1.0,2.0,2.0,1.0,0.589,0.411,,,,,,,1610612765.0,DET,0.0,0.0,0.0,1.0,0.0,0.0,0.0,0.0,0.0,0.0,0.0,0.0,0.0,0.0,0.0,0.0,0.0,0.0,0.0,0.0,0.0,1610612765,DET,8.0,0.0,0.0,0.0,0.0,0.0,0.0,0.0,0.0,0.0,0.0,0.0,0.0,0.0,0.0,0.0,0.0,0.0,1610612765,DET,7.12,2909.0,0.55,0.26,0.29,4.86,4.91,4.81,2022_23
203585,Rodney McGruder,Rodney,1610612765,DET,31.0,1,0,1,0.0,17.266666666666666,2,4,0.5,0,2,0.0,0,0,0.0,0,1,1,1,0,1,0,0,2,0,4,-15,9.7,0,0,8.0,1,95,95,95,135,102,133,56,102,89,102,108,110,108,88,132,148,98,117,23,63,1,84,130,128,169,140,13,1,147,,2.0,133.3,-39.0,102,88,107,158,-36.8,0.067,133,0.0,127.9,0.042,1,98,171,0.091,0.0,146,94.3,98.69,133.3,76,159,82.24,94.3,20.0,171,62,102.47,111,35,98.69,99,141,107,160,0.5,-39.0,0.103,146,1,0.0,168,160,169,0.5,158,0.033,0.0,4.0,0.105,159,157,84,91.2,11.0,0.111,0.0,3.0,9.0,3.0,0.111,0.0,1.0,0.0,0.0,0.0,0.0,2.0,1.0,0.0,0.0,0.0,1.0,1.0,0.0,2.0,0.0,1.0,0.0,0.0,2.0,1.14,1.91,4.0,0.0,0.286,0.0,1.0,14.0,0.0,0.4,0.0,10.0,0.5,0.0,1.0,0.0,0.0,0.0,2.0,0.5,0.0,1.0,1.0,5.3,0.0,0.0,5.3,0.0,0.0,1.0,0.0,0.0,1.0,0.0,0.0,1.0,,,,,,,,,,,,,,,,,0.0,2.0,0.5,1.0,,2.0,0.5,0.0,0.0,1.0,2.0,1.0,2.0,0.25,0.0,1.0,0.0,0.0,0.0,0.0,0.25,0.0,1.0,0.0,,0.0,0.0,1.0,0.0,0.25,0.0,0.25,0.0,0.0,0.0,0.0,,1.0,0.0,0.0,1,,1.0,1,0.0,1.0,2,0.0,0.5,0.0,0.0,0.0,0.0,0.0,0.0,0.0,0.0,1.0,1.0,1.0,0.0,0.0,1.0,0.0,0.0,0.0,0.0,1.0,1.0,0.0,0.0,2.0,0.0,0.0,0.0,0.0,0.0,0.0,1.0,1.0,0.251,28.0,G,0.304,25.0,0.893,0.642,0.0,0.0,0.0,0.0,,0.0,0.0,0.0,0.0,2.0,1.0,1.0,0.0,DET,0.0,1.0,0.0,1.0,,0.0,0.0,0.0,0.0,1.0,1.0,,0.0,0.0,0.0,0.0,0,0.0,2,2.0,2023,20230301,False,22200934,1.0,5.0,5.0,1.0,0.502,0.498,,,,,,,1.0,5.0,5.0,1.0,0.566,0.434,0.4,2.0,2.0,1.0,0.681,0.319,0.6,3.0,3.0,1.0,0.663,0.337,0.4,2.0,2.0,1.0,0.39,0.61,1610612765.0,DET,1.0,1.0,0.0,1.0,0.0,1.0,3.0,0.0,0.0,0.0,0.0,0.0,0.0,0.0,0.0,0.0,0.0,0.0,0.0,0.0,0.0,1610612765,DET,14.0,0.0,0.0,0.0,0.0,0.0,0.0,0.0,0.0,0.0,0.0,0.0,0.0,0.0,0.0,0.0,0.0,0.0,1610612765,DET,17.27,7534.0,1.43,0.73,0.7,4.51,5.06,4.08,2022_23
203897,Zach LaVine,Zach,1610612741,CHI,28.0,1,1,0,1.0,36.88333333333333,14,20,0.7,6,9,0.667,7,7,1.0,0,1,1,0,2,1,1,1,3,3,41,6,46.2,0,0,52.0,1,1,1,1,15,5,9,21,3,7,19,8,16,1,88,132,148,144,25,23,20,129,128,40,2,54,11,13,1,10,,14.0,115.4,6.1,5,88,71,67,4.8,0.036,9,8.0,114.6,0.2,107,144,75,0.0,0.0,168,121.5,102.16,115.4,67,90,85.13,121.5,0.0,75,144,103.46,17,79,102.16,99,20,71,24,0.85,6.1,0.284,94,106,0.0,68,24,81,0.888,67,0.016,8.0,20.0,0.29,90,172,22,119.3,40.0,0.059,0.0,2.0,17.0,0.0,0.0,1.0,1.0,1.0,4.0,0.0,0.0,1.6,2.0,0.4,2.0,0.0,2.0,5.0,1.0,8.0,4.0,1.0,0.2,0.0,1.0,2.93,3.96,41.0,2.0,0.953,1.0,1.0,43.0,0.0,2.8,2.0,29.0,0.5,0.0,0.0,1.0,0.0,1.0,2.0,0.5,0.0,2.0,0.0,4.7,0.0,1.0,4.7,0.0,0.0,0.0,0.0,0.0,0.5,0.0,1.0,0.5,3.0,3.0,,3.0,1.0,0.15,1.0,0.0,0.0,3.0,CHI,1.0,0.0,1610612741.0,0.15,1.0,4.0,11.0,0.55,0.571,0.75,4.0,0.35,0.2,3.0,0.773,7.0,0.636,7.0,0.25,0.75,4.0,1.0,1.0,3.0,0.05,0.2,0.8,5.0,4.0,1.0,1.1,0.0,1.0,0.0,0.05,0.0,0.05,0.0,0.0,0.0,0.0,,1.0,0.0,3.0,7,0.667,0.571,4,2.0,0.714,10,0.75,0.85,0.0,2.0,2.0,16.0,1.0,0.0,1.0,5.0,0.5,4.0,3.0,0.0,2.0,1.0,3.0,0.667,2.0,0.0,4.0,2.0,0.0,0.6,3.0,4.0,0.667,0.0,0.667,0.0,6.0,0.0,1.0,-0.022,241.0,G,0.316,146.0,0.606,0.628,0.0,1.0,1.0,3.0,0.0,2.0,0.667,1.0,0.333,3.0,1.0,1.0,1.0,CHI,0.0,4.0,3.0,3.0,0.0,0.6,1.0,0.0,5.0,4.0,3.0,0.0,0.0,0.0,3.0,0.929,5,0.6,7,5.0,2023,20230301,False,22200934,1.0,6.0,13.0,0.462,0.471,-0.01,0.385,2.0,5.0,0.4,0.374,0.026,0.615,4.0,8.0,0.5,0.537,-0.037,0.154,1.0,2.0,0.5,0.717,-0.217,0.385,3.0,5.0,0.6,0.592,0.008,0.462,2.0,6.0,0.333,0.389,-0.056,1610612741.0,CHI,10.0,5.0,5.0,1.0,0.0,0.0,0.0,0.0,1.0,1.0,0.0,1.0,0.0,0.0,0.0,0.0,0.0,0.0,0.0,0.0,0.0,1610612741,CHI,43.0,1.0,0.0,1.0,0.0,0.0,0.0,0.0,0.0,0.0,0.0,0.0,0.0,0.0,0.0,0.0,0.0,0.0,1610612741,CHI,36.88,13949.0,2.64,1.49,1.16,3.87,4.15,3.87,2022_23
