PLAYER_ID,date,team_poss,overall_def_D_FGM,overall_def_D_FGA,overall_def_D_FG_PCT,overall_def_NORMAL_FG_PCT,overall_def_PCT_PLUSMINUS,hustle_MIN,hustle_CONTESTED_SHOTS,hustle_CONTESTED_SHOTS_2PT,hustle_CONTESTED_SHOTS_3PT,hustle_DEFLECTIONS,hustle_CHARGES_DRAWN,hustle_SCREEN_ASSISTS,hustle_SCREEN_AST_PTS,hustle_OFF_LOOSE_BALLS_RECOVERED,hustle_DEF_LOOSE_BALLS_RECOVERED,hustle_LOOSE_BALLS_RECOVERED,hustle_PCT_LOOSE_BALLS_RECOVERED_OFF,hustle_PCT_LOOSE_BALLS_RECOVERED_DEF,hustle_OFF_BOXOUTS,hustle_DEF_BOXOUTS,hustle_BOX_OUTS,hustle_BOX_OUT_PLAYER_TEAM_REBS,hustle_BOX_OUT_PLAYER_REBS,hustle_PCT_BOX_OUTS_OFF,hustle_PCT_BOX_OUTS_DEF,hustle_PCT_BOX_OUTS_TEAM_REB,hustle_PCT_BOX_OUTS_REB,DIST_FEET,DIST_MILES,DIST_MILES_OFF,DIST_MILES_DEF,AVG_SPEED,AVG_SPEED_OFF,AVG_SPEED_DEF
203932,20211126,96.0,6.0,12.0,0.5,0.489,0.012,37.3,7.0,6.0,1.0,3.0,0.0,2.0,6.0,1.0,0.0,1.0,1.0,0.0,0.0,2.0,2.0,1.0,1.0,0.0,1.0,0.5,0.5,13936.0,2.6,1.4,1.3,3.94,4.41,3.8
1628988,20211126,96.0,4.0,8.0,0.5,0.422,0.078,10.8,3.0,3.0,0.0,1.0,0.0,0.0,0.0,0.0,0.0,0.0,0.0,0.0,0.0,1.0,1.0,1.0,0.0,0.0,1.0,1.0,0.0,4406.0,0.8,0.4,0.4,4.16,4.15,4.16
1630174,20211126,96.0,1.0,1.0,1.0,0.463,0.537,10.1,1.0,1.0,0.0,1.0,0.0,0.0,0.0,0.0,0.0,0.0,0.0,0.0,0.0,0.0,0.0,0.0,0.0,0.0,0.0,0.0,0.0,3916.0,0.7,0.4,0.4,3.82,4.61,4.16
201143,20211126,96.0,8.0,19.0,0.421,0.462,-0.041,25.3,14.0,13.0,1.0,0.0,0.0,0.0,0.0,0.0,0.0,0.0,0.0,0.0,1.0,1.0,2.0,2.0,1.0,0.5,0.5,1.0,0.5,9371.0,1.8,0.9,0.9,4.01,4.14,3.87
202692,20211126,98.0,5.0,8.0,0.625,0.447,0.179,23.0,3.0,2.0,1.0,2.0,0.0,0.0,0.0,0.0,1.0,1.0,0.0,1.0,0.0,0.0,0.0,0.0,0.0,0.0,0.0,0.0,0.0,9032.0,1.7,0.9,0.8,4.14,4.49,3.81
1630197,20211126,96.0,4.0,7.0,0.571,0.433,0.138,17.2,2.0,2.0,0.0,3.0,0.0,0.0,0.0,0.0,0.0,0.0,0.0,0.0,0.0,0.0,0.0,0.0,0.0,0.0,0.0,0.0,0.0,6974.0,1.3,0.7,0.6,4.19,4.54,3.85
1627936,20211126,98.0,1.0,7.0,0.143,0.446,-0.303,25.3,3.0,1.0,2.0,4.0,1.0,1.0,2.0,0.0,0.0,0.0,0.0,0.0,0.0,0.0,0.0,0.0,0.0,0.0,0.0,0.0,0.0,9937.0,1.9,1.0,0.9,4.27,4.64,3.92
203458,20211126,124.0,8.0,17.0,0.471,0.513,-0.043,37.0,15.0,11.0,4.0,1.0,0.0,5.0,11.0,0.0,0.0,0.0,0.0,0.0,0.0,4.0,4.0,4.0,1.0,0.0,1.0,1.0,0.25,13246.0,2.5,1.3,1.2,3.79,4.12,3.49
1628993,20211126,97.0,1.0,1.0,1.0,0.497,0.503,,,,,,,,,,,,,,,,,,,,,,,976.0,0.2,0.1,0.1,4.56,4.34,4.79
203952,20211126,97.0,2.0,10.0,0.2,0.435,-0.235,34.0,6.0,2.0,4.0,1.0,0.0,1.0,2.0,1.0,0.0,1.0,1.0,0.0,0.0,0.0,0.0,0.0,0.0,0.0,0.0,0.0,0.0,13228.0,2.5,1.3,1.2,4.2,4.29,4.09
1629014,20211126,100.0,7.0,9.0,0.778,0.475,0.302,28.9,2.0,2.0,0.0,3.0,0.0,0.0,0.0,0.0,0.0,0.0,0.0,0.0,0.0,0.0,0.0,0.0,0.0,0.0,0.0,0.0,0.0,10719.0,2.0,1.1,1.0,3.93,4.37,3.89
203076,20211126,126.0,16.0,31.0,0.516,0.472,0.044,48.6,21.0,17.0,4.0,3.0,0.0,2.0,4.0,1.0,0.0,1.0,1.0,0.0,0.0,1.0,1.0,1.0,1.0,0.0,1.0,1.0,1.0,16919.0,3.2,1.6,1.6,3.67,3.62,3.74
1630162,20211126,103.0,9.0,14.0,0.643,0.466,0.177,27.5,2.0,2.0,0.0,1.0,0.0,0.0,0.0,1.0,0.0,1.0,1.0,0.0,0.0,0.0,0.0,0.0,0.0,0.0,0.0,0.0,0.0,10120.0,1.9,1.0,0.9,3.89,3.91,3.87
203085,20211126,96.0,1.0,2.0,0.5,0.461,0.039,16.5,0.0,0.0,0.0,1.0,0.0,0.0,0.0,0.0,0.0,0.0,0.0,0.0,0.0,0.0,0.0,0.0,0.0,0.0,0.0,0.0,0.0,6177.0,1.2,0.6,0.6,4.03,4.25,3.83
202340,20211126,126.0,2.0,4.0,0.5,0.485,0.015,11.8,0.0,0.0,0.0,2.0,0.0,0.0,0.0,0.0,1.0,1.0,0.0,1.0,0.0,0.0,0.0,0.0,0.0,0.0,0.0,0.0,0.0,5185.0,1.0,0.5,0.5,4.82,4.81,4.84
1630245,20211126,98.0,3.0,6.0,0.5,0.437,0.064,,,,,,,,,,,,,,,,,,,,,,,7154.0,1.4,0.7,0.7,4.25,4.32,4.17
1626171,20211126,96.0,6.0,18.0,0.333,0.48,-0.146,28.5,8.0,5.0,3.0,0.0,0.0,2.0,6.0,0.0,0.0,0.0,0.0,0.0,2.0,2.0,4.0,4.0,3.0,0.5,0.5,1.0,0.75,11081.0,2.1,1.1,1.0,4.18,4.34,4.01
203992,20211126,101.0,6.0,16.0,0.375,0.428,-0.053,25.9,11.0,8.0,3.0,2.0,0.0,1.0,2.0,0.0,1.0,1.0,0.0,1.0,0.0,0.0,0.0,0.0,0.0,0.0,0.0,0.0,0.0,10784.0,2.0,1.1,0.9,4.3,4.69,3.89
202711,20211126,96.0,2.0,6.0,0.333,0.469,-0.136,31.2,2.0,2.0,0.0,0.0,0.0,0.0,0.0,0.0,2.0,2.0,0.0,1.0,0.0,1.0,1.0,0.0,0.0,0.0,1.0,0.0,0.0,11767.0,2.2,1.2,1.1,3.93,4.44,3.79
1629626,20211126,100.0,1.0,1.0,1.0,0.399,0.601,,,,,,,,,,,,,,,,,,,,,,,1116.0,0.2,0.1,0.1,3.23,3.56,2.94
203078,20211126,95.0,5.0,12.0,0.417,0.418,-0.001,37.2,1.0,0.0,1.0,1.0,0.0,1.0,2.0,0.0,1.0,1.0,0.0,1.0,0.0,0.0,0.0,0.0,0.0,0.0,0.0,0.0,0.0,14752.0,2.8,1.6,1.2,4.23,4.68,3.74
1629634,20211126,100.0,8.0,10.0,0.8,0.507,0.293,11.6,6.0,4.0,2.0,1.0,0.0,2.0,4.0,1.0,0.0,1.0,1.0,0.0,0.0,2.0,2.0,2.0,0.0,0.0,1.0,1.0,0.0,4882.0,0.9,0.5,0.5,4.13,4.88,4.34
1627742,20211126,97.0,1.0,6.0,0.167,0.435,-0.268,37.5,4.0,2.0,2.0,2.0,0.0,0.0,0.0,1.0,1.0,2.0,0.5,0.5,0.0,0.0,0.0,0.0,0.0,0.0,0.0,0.0,0.0,13994.0,2.7,1.6,1.0,4.03,4.51,3.18
1627854,20211126,96.0,4.0,6.0,0.667,0.412,0.255,22.9,2.0,0.0,2.0,0.0,0.0,0.0,0.0,0.0,0.0,0.0,0.0,0.0,0.0,0.0,0.0,0.0,0.0,0.0,0.0,0.0,0.0,9637.0,1.8,1.1,0.7,4.42,4.9,3.83
1627741,20211126,95.0,10.0,14.0,0.714,0.498,0.216,40.3,4.0,4.0,0.0,2.0,0.0,1.0,2.0,0.0,0.0,0.0,0.0,0.0,0.0,0.0,0.0,0.0,0.0,0.0,0.0,0.0,0.0,15989.0,3.0,1.8,1.2,4.11,4.75,3.43
203468,20211126,97.0,12.0,20.0,0.6,0.482,0.118,39.2,6.0,3.0,3.0,0.0,0.0,0.0,0.0,1.0,2.0,3.0,0.333,0.667,0.0,0.0,0.0,0.0,0.0,0.0,0.0,0.0,0.0,15443.0,2.9,1.6,1.4,4.19,4.68,4.0
1630595,20211126,103.0,10.0,19.0,0.526,0.439,0.088,28.5,10.0,4.0,6.0,4.0,0.0,1.0,3.0,0.0,1.0,1.0,0.0,1.0,0.0,0.0,0.0,0.0,0.0,0.0,0.0,0.0,0.0,12019.0,2.3,1.3,1.0,4.55,5.22,3.9
1629629,20211126,98.0,9.0,15.0,0.6,0.435,0.165,28.4,6.0,1.0,5.0,6.0,0.0,0.0,0.0,0.0,0.0,0.0,0.0,0.0,0.0,0.0,0.0,0.0,0.0,0.0,0.0,0.0,0.0,11418.0,2.2,1.2,1.0,4.34,4.4,4.27
1629661,20211126,96.0,5.0,13.0,0.385,0.479,-0.094,27.6,3.0,2.0,1.0,2.0,0.0,1.0,2.0,0.0,0.0,0.0,0.0,0.0,0.0,3.0,3.0,3.0,0.0,0.0,1.0,1.0,0.0,11106.0,2.1,1.2,0.9,4.23,4.94,3.55
1626166,20211126,96.0,0.0,7.0,0.0,0.442,-0.442,17.8,4.0,2.0,2.0,2.0,0.0,0.0,0.0,0.0,1.0,1.0,0.0,1.0,0.0,1.0,1.0,1.0,0.0,0.0,1.0,1.0,0.0,7333.0,1.4,0.8,0.6,4.37,5.52,3.44
1627747,20211126,,5.0,8.0,0.625,0.462,0.163,34.1,3.0,3.0,0.0,0.0,0.0,0.0,0.0,0.0,0.0,0.0,0.0,0.0,0.0,0.0,0.0,0.0,0.0,0.0,0.0,0.0,0.0,13022.0,2.5,1.4,1.0,4.17,4.43,3.53
2546,20211126,126.0,6.0,10.0,0.6,0.47,0.13,43.3,0.0,0.0,0.0,4.0,0.0,0.0,0.0,0.0,0.0,0.0,0.0,0.0,0.0,1.0,1.0,1.0,0.0,0.0,1.0,1.0,0.0,14333.0,2.7,1.3,1.4,3.46,3.46,3.47
1629002,20211126,124.0,3.0,7.0,0.429,0.517,-0.089,25.4,7.0,5.0,2.0,5.0,0.0,1.0,3.0,0.0,0.0,0.0,0.0,0.0,0.0,1.0,1.0,1.0,1.0,0.0,1.0,1.0,1.0,9906.0,1.9,1.0,0.9,4.23,4.66,3.85
1628449,20211126,94.0,3.0,7.0,0.429,0.451,-0.023,14.2,4.0,4.0,0.0,1.0,0.0,1.0,2.0,0.0,1.0,1.0,0.0,1.0,0.0,1.0,1.0,0.0,0.0,0.0,1.0,0.0,0.0,5567.0,1.1,0.5,0.5,4.31,4.39,3.54
1629185,20211126,97.0,1.0,4.0,0.25,0.464,-0.214,12.5,1.0,0.0,1.0,1.0,0.0,0.0,0.0,0.0,0.0,0.0,0.0,0.0,0.0,0.0,0.0,0.0,0.0,0.0,0.0,0.0,0.0,4745.0,0.9,0.5,0.4,4.2,4.75,3.66
1630537,20211126,95.0,2.0,9.0,0.222,0.401,-0.179,23.2,6.0,3.0,3.0,1.0,0.0,1.0,2.0,1.0,0.0,1.0,1.0,0.0,0.0,0.0,0.0,0.0,0.0,0.0,0.0,0.0,0.0,9798.0,1.9,1.0,0.8,4.57,4.68,3.96
101108,20211126,96.0,7.0,13.0,0.538,0.434,0.104,30.2,4.0,2.0,2.0,2.0,0.0,0.0,0.0,0.0,2.0,2.0,0.0,1.0,0.0,1.0,1.0,1.0,0.0,0.0,1.0,1.0,0.0,10626.0,2.0,1.1,0.9,3.71,4.13,3.3
1629643,20211126,100.0,6.0,13.0,0.462,0.454,0.008,25.2,8.0,3.0,5.0,3.0,0.0,2.0,4.0,0.0,0.0,0.0,0.0,0.0,0.0,0.0,0.0,0.0,0.0,0.0,0.0,0.0,0.0,10161.0,1.9,1.0,0.9,4.24,4.13,4.37
203991,20211126,101.0,6.0,14.0,0.429,0.431,-0.002,29.4,12.0,10.0,2.0,2.0,1.0,5.0,11.0,2.0,1.0,3.0,0.667,0.333,0.0,6.0,6.0,6.0,1.0,0.0,1.0,1.0,0.167,10979.0,2.1,1.2,0.9,3.99,4.42,3.53
1629632,20211126,98.0,4.0,7.0,0.571,0.394,0.177,23.9,2.0,0.0,2.0,0.0,0.0,0.0,0.0,0.0,0.0,0.0,0.0,0.0,0.0,0.0,0.0,0.0,0.0,0.0,0.0,0.0,0.0,9391.0,1.8,0.9,0.9,4.25,4.51,4.03
1628998,20211126,104.0,5.0,14.0,0.357,0.471,-0.114,27.5,7.0,2.0,5.0,3.0,1.0,0.0,0.0,2.0,0.0,2.0,1.0,0.0,0.0,1.0,1.0,1.0,0.0,0.0,1.0,1.0,0.0,11429.0,2.2,1.3,0.9,4.5,5.04,3.9
202709,20211126,103.0,3.0,9.0,0.333,0.447,-0.114,24.8,2.0,1.0,1.0,1.0,0.0,0.0,0.0,1.0,1.0,2.0,0.5,0.5,0.0,2.0,2.0,2.0,1.0,0.0,1.0,1.0,0.5,11168.0,2.1,1.2,0.9,4.78,4.96,4.55
1626156,20211126,103.0,5.0,11.0,0.455,0.472,-0.017,28.5,2.0,1.0,1.0,1.0,1.0,0.0,0.0,0.0,0.0,0.0,0.0,0.0,0.0,1.0,1.0,1.0,0.0,0.0,1.0,1.0,0.0,10892.0,2.1,1.2,0.9,4.13,4.37,3.85
1630625,20211126,94.0,7.0,10.0,0.7,0.463,0.237,16.6,4.0,3.0,1.0,1.0,0.0,1.0,2.0,0.0,1.0,1.0,0.0,1.0,0.0,0.0,0.0,0.0,0.0,0.0,0.0,0.0,0.0,6996.0,1.3,0.6,0.7,4.35,4.85,4.0
1627745,20211126,124.0,,,,,,4.6,1.0,1.0,0.0,0.0,0.0,1.0,2.0,0.0,0.0,0.0,0.0,0.0,0.0,0.0,0.0,0.0,0.0,0.0,0.0,0.0,0.0,1845.0,0.3,0.2,0.1,3.76,3.9,3.5
203081,20211126,100.0,6.0,15.0,0.4,0.466,-0.066,38.0,5.0,1.0,4.0,2.0,0.0,0.0,0.0,0.0,0.0,0.0,0.0,0.0,0.0,0.0,0.0,0.0,0.0,0.0,0.0,0.0,0.0,13841.0,2.6,1.4,1.2,3.9,4.17,3.62
1629655,20211126,95.0,9.0,22.0,0.409,0.431,-0.022,26.9,14.0,10.0,4.0,3.0,0.0,3.0,7.0,0.0,1.0,1.0,0.0,1.0,0.0,1.0,1.0,1.0,1.0,0.0,1.0,1.0,1.0,10588.0,2.0,1.0,1.0,4.17,4.23,4.11
201568,20211126,101.0,5.0,11.0,0.455,0.419,0.035,21.1,4.0,1.0,3.0,2.0,0.0,4.0,9.0,0.0,0.0,0.0,0.0,0.0,0.0,3.0,3.0,3.0,2.0,0.0,1.0,1.0,0.667,8075.0,1.5,0.9,0.6,3.92,4.28,3.49
1629647,20211126,96.0,5.0,8.0,0.625,0.478,0.147,21.7,5.0,3.0,2.0,0.0,0.0,0.0,0.0,0.0,0.0,0.0,0.0,0.0,0.0,0.0,0.0,0.0,0.0,0.0,0.0,0.0,0.0,8646.0,1.6,0.9,0.8,4.15,4.86,4.0
1630558,20211126,124.0,5.0,6.0,0.833,0.443,0.39,16.6,2.0,0.0,2.0,1.0,0.0,0.0,0.0,0.0,0.0,0.0,0.0,0.0,0.0,0.0,0.0,0.0,0.0,0.0,0.0,0.0,0.0,6436.0,1.2,0.7,0.5,4.12,4.46,3.73
202722,20211126,,3.0,7.0,0.429,0.41,0.019,15.6,3.0,3.0,0.0,1.0,0.0,0.0,0.0,0.0,0.0,0.0,0.0,0.0,0.0,1.0,1.0,1.0,0.0,0.0,1.0,1.0,0.0,6540.0,1.2,0.7,0.5,4.35,4.82,3.83
1628368,20211126,124.0,14.0,25.0,0.56,0.469,0.091,52.7,2.0,0.0,2.0,2.0,0.0,0.0,0.0,0.0,0.0,0.0,0.0,0.0,0.0,0.0,0.0,0.0,0.0,0.0,0.0,0.0,0.0,20333.0,3.9,2.2,1.7,4.13,4.73,3.55
1629001,20211126,100.0,6.0,9.0,0.667,0.52,0.146,19.8,3.0,2.0,1.0,1.0,0.0,1.0,2.0,1.0,1.0,2.0,0.5,0.5,0.0,1.0,1.0,1.0,0.0,0.0,1.0,1.0,0.0,8261.0,1.6,0.8,0.7,4.38,4.45,3.76
201599,20211126,,0.0,5.0,0.0,0.452,-0.452,10.9,4.0,4.0,0.0,0.0,0.0,1.0,2.0,0.0,1.0,1.0,0.0,1.0,1.0,1.0,2.0,1.0,1.0,0.5,0.5,1.0,1.0,4310.0,0.8,0.4,0.4,4.24,3.82,4.77
201942,20211126,98.0,4.0,9.0,0.444,0.457,-0.012,28.2,1.0,1.0,0.0,1.0,0.0,0.0,0.0,0.0,0.0,0.0,0.0,0.0,0.0,0.0,0.0,0.0,0.0,0.0,0.0,0.0,0.0,10503.0,2.0,1.1,0.9,4.07,4.88,3.39
1629028,20211126,96.0,6.0,18.0,0.333,0.492,-0.159,32.1,13.0,7.0,6.0,0.0,0.0,7.0,15.0,0.0,0.0,0.0,0.0,0.0,0.0,4.0,4.0,4.0,3.0,0.0,1.0,1.0,0.75,12062.0,2.3,1.3,1.0,4.02,4.61,3.44
1627749,20211126,96.0,5.0,10.0,0.5,0.455,0.045,37.7,6.0,4.0,2.0,5.0,0.0,1.0,3.0,0.0,1.0,1.0,0.0,1.0,0.0,1.0,1.0,1.0,0.0,0.0,1.0,1.0,0.0,15356.0,2.9,1.6,1.3,4.38,4.83,3.93
1626153,20211126,101.0,4.0,6.0,0.667,0.474,0.193,20.6,2.0,2.0,0.0,4.0,0.0,0.0,0.0,0.0,1.0,1.0,0.0,1.0,0.0,1.0,1.0,0.0,0.0,0.0,1.0,0.0,0.0,8075.0,1.5,0.9,0.7,4.15,4.4,4.45
1630166,20211126,95.0,3.0,5.0,0.6,0.421,0.179,21.5,4.0,2.0,2.0,1.0,0.0,0.0,0.0,0.0,0.0,0.0,0.0,0.0,0.0,0.0,0.0,0.0,0.0,0.0,0.0,0.0,0.0,8491.0,1.6,0.9,0.7,4.17,4.49,3.82
203471,20211126,,8.0,13.0,0.615,0.451,0.165,37.9,6.0,5.0,1.0,0.0,0.0,0.0,0.0,2.0,0.0,2.0,1.0,0.0,0.0,2.0,2.0,2.0,1.0,0.0,1.0,1.0,0.5,14930.0,2.8,1.4,1.4,4.16,4.44,3.92
202324,20211126,96.0,1.0,2.0,0.5,0.549,-0.049,9.6,2.0,1.0,1.0,0.0,0.0,0.0,0.0,0.0,0.0,0.0,0.0,0.0,0.0,0.0,0.0,0.0,0.0,0.0,0.0,0.0,0.0,3566.0,0.7,0.3,0.3,4.08,3.78,3.27
1627884,20211126,98.0,2.0,7.0,0.286,0.47,-0.184,10.1,1.0,0.0,1.0,1.0,0.0,2.0,5.0,1.0,0.0,1.0,1.0,0.0,0.0,0.0,0.0,0.0,0.0,0.0,0.0,0.0,0.0,3921.0,0.7,0.4,0.4,3.92,4.92,4.12
1628401,20211126,96.0,2.0,12.0,0.167,0.451,-0.284,37.4,4.0,4.0,0.0,3.0,0.0,0.0,0.0,3.0,0.0,3.0,1.0,0.0,0.0,0.0,0.0,0.0,0.0,0.0,0.0,0.0,0.0,15012.0,2.8,1.7,1.1,4.23,4.87,3.52
1630217,20211126,100.0,4.0,6.0,0.667,0.491,0.176,23.8,4.0,3.0,1.0,2.0,0.0,0.0,0.0,0.0,0.0,0.0,0.0,0.0,0.0,0.0,0.0,0.0,0.0,0.0,0.0,0.0,0.0,9807.0,1.9,1.0,0.9,4.48,4.57,4.38
1626164,20211126,96.0,8.0,20.0,0.4,0.451,-0.051,35.5,7.0,3.0,4.0,2.0,0.0,0.0,0.0,0.0,0.0,0.0,0.0,0.0,0.0,3.0,3.0,2.0,1.0,0.0,1.0,0.667,0.333,13356.0,2.5,1.4,1.2,3.96,4.58,3.71
1629653,20211126,98.0,1.0,2.0,0.5,0.383,0.117,,,,,,,,,,,,,,,,,,,,,,,2511.0,0.5,0.3,0.2,4.61,5.54,3.67
1628984,20211126,97.0,5.0,14.0,0.357,0.441,-0.084,29.4,4.0,2.0,2.0,4.0,0.0,0.0,0.0,0.0,0.0,0.0,0.0,0.0,0.0,0.0,0.0,0.0,0.0,0.0,0.0,0.0,0.0,11758.0,2.2,1.2,1.0,4.17,4.36,3.95
1628415,20211126,100.0,4.0,9.0,0.444,0.45,-0.005,19.2,4.0,1.0,3.0,2.0,0.0,0.0,0.0,2.0,0.0,2.0,1.0,0.0,0.0,0.0,0.0,0.0,0.0,0.0,0.0,0.0,0.0,7454.0,1.4,0.7,0.7,4.13,4.09,4.17
1627734,20211126,124.0,5.0,11.0,0.455,0.426,0.028,36.4,7.0,5.0,2.0,0.0,0.0,4.0,10.0,2.0,0.0,2.0,1.0,0.0,2.0,1.0,3.0,3.0,2.0,0.667,0.333,1.0,0.667,14445.0,2.7,1.5,1.2,4.19,4.36,4.01
1628378,20211126,96.0,2.0,5.0,0.4,0.42,-0.02,33.9,1.0,1.0,0.0,3.0,0.0,1.0,2.0,1.0,2.0,3.0,0.333,0.667,0.0,1.0,1.0,1.0,1.0,0.0,1.0,1.0,1.0,11870.0,2.2,1.2,1.1,3.62,4.1,3.49
203110,20211126,97.0,9.0,17.0,0.529,0.466,0.063,34.3,11.0,7.0,4.0,3.0,0.0,3.0,8.0,0.0,0.0,0.0,0.0,0.0,0.0,1.0,1.0,1.0,0.0,0.0,1.0,1.0,0.0,12398.0,2.3,1.3,1.1,3.81,4.24,3.71
1629234,20211126,100.0,3.0,5.0,0.6,0.444,0.156,7.4,2.0,1.0,1.0,0.0,0.0,3.0,7.0,0.0,0.0,0.0,0.0,0.0,0.0,0.0,0.0,0.0,0.0,0.0,0.0,0.0,0.0,2918.0,0.6,0.4,0.2,4.74,5.38,3.82
2730,20211126,126.0,2.0,7.0,0.286,0.465,-0.179,16.3,5.0,4.0,1.0,2.0,0.0,2.0,5.0,0.0,1.0,1.0,0.0,1.0,0.0,1.0,1.0,1.0,1.0,0.0,1.0,1.0,1.0,5993.0,1.1,0.5,0.6,3.83,4.02,3.68
202683,20211126,96.0,3.0,11.0,0.273,0.48,-0.207,18.0,3.0,2.0,1.0,0.0,0.0,3.0,7.0,0.0,0.0,0.0,0.0,0.0,2.0,0.0,2.0,2.0,1.0,1.0,0.0,1.0,0.5,6421.0,1.2,0.6,0.6,3.84,3.87,3.81
202339,20211126,100.0,3.0,11.0,0.273,0.442,-0.17,30.1,6.0,2.0,4.0,2.0,0.0,1.0,2.0,0.0,0.0,0.0,0.0,0.0,0.0,2.0,2.0,2.0,0.0,0.0,1.0,1.0,0.0,11036.0,2.1,1.1,1.0,3.96,4.37,3.58
203095,20211126,98.0,4.0,5.0,0.8,0.501,0.299,25.7,1.0,1.0,0.0,0.0,0.0,0.0,0.0,1.0,0.0,1.0,1.0,0.0,0.0,0.0,0.0,0.0,0.0,0.0,0.0,0.0,0.0,10768.0,2.0,1.2,0.9,4.38,4.89,4.26
1630267,20211126,96.0,4.0,9.0,0.444,0.464,-0.02,28.2,5.0,2.0,3.0,1.0,0.0,0.0,0.0,0.0,1.0,1.0,0.0,1.0,0.0,1.0,1.0,1.0,0.0,0.0,1.0,1.0,0.0,11481.0,2.2,1.2,1.0,4.37,5.27,3.63
1628402,20211126,103.0,2.0,8.0,0.25,0.432,-0.182,21.2,8.0,3.0,5.0,0.0,0.0,0.0,0.0,0.0,0.0,0.0,0.0,0.0,0.0,0.0,0.0,0.0,0.0,0.0,0.0,0.0,0.0,9065.0,1.7,0.9,0.8,4.47,4.66,4.26
1630532,20211126,100.0,3.0,7.0,0.429,0.47,-0.042,29.4,6.0,3.0,3.0,1.0,0.0,0.0,0.0,0.0,0.0,0.0,0.0,0.0,0.0,1.0,1.0,1.0,1.0,0.0,1.0,1.0,1.0,12212.0,2.3,1.4,1.0,4.48,5.21,4.1
1627832,20211126,94.0,8.0,18.0,0.444,0.472,-0.027,38.0,7.0,3.0,4.0,4.0,0.0,0.0,0.0,0.0,0.0,0.0,0.0,0.0,0.0,1.0,1.0,1.0,1.0,0.0,1.0,1.0,1.0,15266.0,2.9,1.6,1.3,4.3,4.92,3.72
202066,20211126,97.0,3.0,3.0,1.0,0.521,0.479,11.0,2.0,1.0,1.0,0.0,0.0,0.0,0.0,0.0,1.0,1.0,0.0,1.0,0.0,0.0,0.0,0.0,0.0,0.0,0.0,0.0,0.0,4326.0,0.8,0.5,0.4,4.09,4.91,4.26
203914,20211126,100.0,2.0,7.0,0.286,0.499,-0.214,27.6,2.0,1.0,1.0,1.0,0.0,0.0,0.0,0.0,0.0,0.0,0.0,0.0,0.0,0.0,0.0,0.0,0.0,0.0,0.0,0.0,0.0,11057.0,2.1,1.1,1.0,4.39,4.42,4.37
1627780,20211126,97.0,4.0,7.0,0.571,0.432,0.14,11.7,1.0,0.0,1.0,3.0,0.0,1.0,2.0,0.0,2.0,2.0,0.0,1.0,0.0,0.0,0.0,0.0,0.0,0.0,0.0,0.0,0.0,5160.0,1.0,0.5,0.5,4.78,4.84,4.71
1629018,20211126,94.0,8.0,10.0,0.8,0.465,0.335,31.7,1.0,1.0,0.0,4.0,0.0,0.0,0.0,0.0,3.0,3.0,0.0,1.0,0.0,0.0,0.0,0.0,0.0,0.0,0.0,0.0,0.0,11587.0,2.2,1.2,1.0,3.93,4.18,3.67
201588,20211126,96.0,4.0,12.0,0.333,0.435,-0.102,25.3,10.0,5.0,5.0,1.0,0.0,1.0,2.0,0.0,0.0,0.0,0.0,0.0,0.0,0.0,0.0,0.0,0.0,0.0,0.0,0.0,0.0,9920.0,1.9,1.0,0.9,4.23,4.36,4.09
1630686,20211126,96.0,3.0,4.0,0.75,0.373,0.377,3.2,3.0,0.0,3.0,0.0,0.0,0.0,0.0,0.0,0.0,0.0,0.0,0.0,0.0,0.0,0.0,0.0,0.0,0.0,0.0,0.0,0.0,1431.0,0.3,0.1,0.1,4.84,2.94,3.56
203507,20211126,96.0,5.0,13.0,0.385,0.499,-0.114,30.1,8.0,5.0,3.0,0.0,0.0,2.0,5.0,2.0,1.0,3.0,0.667,0.333,0.0,1.0,1.0,1.0,0.0,0.0,1.0,1.0,0.0,10633.0,2.0,1.2,0.8,3.76,4.35,3.13
202330,20211126,104.0,1.0,6.0,0.167,0.508,-0.341,27.2,5.0,4.0,1.0,0.0,0.0,1.0,3.0,1.0,0.0,1.0,1.0,0.0,0.0,0.0,0.0,0.0,0.0,0.0,0.0,0.0,0.0,10977.0,2.1,1.1,0.9,4.33,4.81,3.52
203476,20211126,101.0,2.0,5.0,0.4,0.431,-0.031,12.0,4.0,3.0,1.0,0.0,0.0,2.0,5.0,0.0,0.0,0.0,0.0,0.0,0.0,3.0,3.0,3.0,2.0,0.0,1.0,1.0,0.667,4433.0,0.8,0.5,0.3,3.85,4.05,3.56
1629684,20211126,96.0,7.0,12.0,0.583,0.485,0.099,27.4,7.0,5.0,2.0,0.0,0.0,0.0,0.0,0.0,0.0,0.0,0.0,0.0,0.0,2.0,2.0,2.0,0.0,0.0,1.0,1.0,0.0,10903.0,2.1,1.0,1.1,4.3,4.39,4.22
1628960,20211126,96.0,2.0,9.0,0.222,0.481,-0.259,24.4,7.0,4.0,3.0,1.0,0.0,1.0,2.0,0.0,0.0,0.0,0.0,0.0,0.0,1.0,1.0,1.0,0.0,0.0,1.0,1.0,0.0,9940.0,1.9,1.0,0.8,4.39,4.32,3.98
1628977,20211126,103.0,1.0,6.0,0.167,0.447,-0.28,17.9,1.0,1.0,0.0,5.0,0.0,0.0,0.0,2.0,0.0,2.0,1.0,0.0,0.0,0.0,0.0,0.0,0.0,0.0,0.0,0.0,0.0,7321.0,1.4,0.8,0.6,4.38,5.03,3.73
202355,20211126,96.0,2.0,6.0,0.333,0.482,-0.149,11.4,5.0,4.0,1.0,1.0,0.0,4.0,9.0,0.0,2.0,2.0,0.0,1.0,1.0,0.0,1.0,1.0,1.0,1.0,0.0,1.0,1.0,4028.0,0.8,0.4,0.4,3.89,4.11,3.68
1630529,20211126,97.0,6.0,15.0,0.4,0.442,-0.042,35.3,10.0,5.0,5.0,5.0,0.0,0.0,0.0,0.0,0.0,0.0,0.0,0.0,0.0,0.0,0.0,0.0,0.0,0.0,0.0,0.0,0.0,13679.0,2.6,1.4,1.2,4.12,4.27,3.97
1629649,20211126,100.0,1.0,1.0,1.0,0.51,0.49,8.4,2.0,1.0,1.0,0.0,0.0,0.0,0.0,1.0,0.0,1.0,1.0,0.0,0.0,0.0,0.0,0.0,0.0,0.0,0.0,0.0,0.0,3497.0,0.7,0.4,0.3,4.59,4.95,4.18
1630193,20211126,98.0,1.0,5.0,0.2,0.43,-0.23,19.7,3.0,2.0,1.0,2.0,0.0,0.0,0.0,0.0,0.0,0.0,0.0,0.0,0.0,0.0,0.0,0.0,0.0,0.0,0.0,0.0,0.0,8423.0,1.6,0.8,0.8,4.52,4.62,4.43
1629067,20211126,94.0,,,,,,,,,,,,,,,,,,,,,,,,,,,,575.0,0.1,0.1,0.0,3.62,8.05,0.0
1628392,20211126,104.0,7.0,13.0,0.538,0.444,0.095,18.6,8.0,4.0,4.0,1.0,0.0,2.0,4.0,0.0,0.0,0.0,0.0,0.0,3.0,2.0,5.0,2.0,2.0,0.6,0.4,1.0,1.0,8073.0,1.5,0.8,0.7,4.44,4.45,4.44
1630191,20211126,103.0,3.0,7.0,0.429,0.442,-0.014,27.2,6.0,6.0,0.0,1.0,0.0,2.0,5.0,0.0,1.0,1.0,0.0,1.0,0.0,8.0,8.0,7.0,3.0,0.0,1.0,0.875,0.375,10923.0,2.1,1.1,0.9,4.4,4.32,4.02
202397,20211126,95.0,1.0,4.0,0.25,0.354,-0.104,5.6,0.0,0.0,0.0,1.0,0.0,0.0,0.0,0.0,0.0,0.0,0.0,0.0,0.0,0.0,0.0,0.0,0.0,0.0,0.0,0.0,0.0,2100.0,0.4,0.2,0.2,3.9,3.73,4.09
1630688,20211126,96.0,0.0,1.0,0.0,0.296,-0.296,2.0,1.0,0.0,1.0,0.0,0.0,0.0,0.0,0.0,0.0,0.0,0.0,0.0,0.0,0.0,0.0,0.0,0.0,0.0,0.0,0.0,0.0,820.0,0.2,0.1,0.1,5.37,7.42,4.22
1627826,20211126,104.0,4.0,16.0,0.25,0.446,-0.196,22.0,11.0,10.0,1.0,1.0,0.0,2.0,4.0,0.0,0.0,0.0,0.0,0.0,2.0,6.0,8.0,8.0,6.0,0.25,0.75,1.0,0.75,8516.0,1.6,0.8,0.8,4.15,4.53,3.82
1629630,20211126,100.0,2.0,7.0,0.286,0.463,-0.177,8.8,3.0,3.0,0.0,0.0,0.0,1.0,2.0,0.0,0.0,0.0,0.0,0.0,0.0,0.0,0.0,0.0,0.0,0.0,0.0,0.0,0.0,3278.0,0.6,0.3,0.3,3.88,3.89,3.86
203210,20211126,96.0,8.0,12.0,0.667,0.469,0.197,16.4,6.0,1.0,5.0,4.0,0.0,2.0,5.0,0.0,0.0,0.0,0.0,0.0,0.0,2.0,2.0,2.0,1.0,0.0,1.0,1.0,0.5,6232.0,1.2,0.7,0.5,4.2,4.57,3.77
201580,20211126,96.0,2.0,5.0,0.4,0.427,-0.027,13.9,1.0,1.0,0.0,0.0,0.0,1.0,2.0,0.0,0.0,0.0,0.0,0.0,0.0,3.0,3.0,2.0,0.0,0.0,1.0,1.0,0.0,5111.0,1.0,0.5,0.5,4.02,4.3,3.76
203953,20211126,96.0,1.0,2.0,0.5,0.46,0.041,4.6,4.0,4.0,0.0,2.0,0.0,0.0,0.0,0.0,0.0,0.0,0.0,0.0,0.0,0.0,0.0,0.0,0.0,0.0,0.0,0.0,0.0,1782.0,0.3,0.2,0.2,3.56,5.25,4.32
1630183,20211126,103.0,6.0,9.0,0.667,0.449,0.218,21.6,6.0,3.0,3.0,2.0,0.0,0.0,0.0,1.0,0.0,1.0,1.0,0.0,0.0,0.0,0.0,0.0,0.0,0.0,0.0,0.0,0.0,9390.0,1.8,1.0,0.8,4.7,5.09,4.29
203109,20211126,96.0,3.0,9.0,0.333,0.411,-0.078,20.5,5.0,3.0,2.0,7.0,0.0,2.0,4.0,1.0,0.0,1.0,1.0,0.0,0.0,0.0,0.0,0.0,0.0,0.0,0.0,0.0,0.0,7450.0,1.4,0.8,0.7,3.86,4.74,3.61
1627774,20211126,103.0,1.0,2.0,0.5,0.416,0.085,6.9,1.0,1.0,0.0,0.0,0.0,0.0,0.0,0.0,0.0,0.0,0.0,0.0,0.0,0.0,0.0,0.0,0.0,0.0,0.0,0.0,0.0,3073.0,0.6,0.3,0.3,4.8,4.8,4.81
1627751,20211126,96.0,9.0,27.0,0.333,0.463,-0.129,34.4,22.0,17.0,5.0,2.0,0.0,8.0,17.0,0.0,0.0,0.0,0.0,0.0,2.0,2.0,4.0,4.0,3.0,0.5,0.5,1.0,0.75,13657.0,2.6,1.4,1.2,4.29,4.69,3.91
1629667,20211126,104.0,8.0,15.0,0.533,0.435,0.098,23.1,11.0,6.0,5.0,0.0,0.0,0.0,0.0,1.0,0.0,1.0,1.0,0.0,0.0,1.0,1.0,0.0,0.0,0.0,1.0,0.0,0.0,9567.0,1.8,1.1,0.7,4.35,4.94,3.67
1630188,20211126,95.0,0.0,1.0,0.0,0.531,-0.531,2.0,1.0,1.0,0.0,0.0,0.0,0.0,0.0,0.0,0.0,0.0,0.0,0.0,0.0,0.0,0.0,0.0,0.0,0.0,0.0,0.0,0.0,788.0,0.1,0.1,0.1,2.69,7.43,4.21
1630591,20211126,100.0,4.0,6.0,0.667,0.47,0.197,26.1,3.0,3.0,0.0,4.0,0.0,0.0,0.0,1.0,0.0,1.0,1.0,0.0,0.0,0.0,0.0,0.0,0.0,0.0,0.0,0.0,0.0,11083.0,2.1,1.2,0.9,4.62,4.81,4.4
1630547,20211126,104.0,2.0,2.0,1.0,0.393,0.607,,,,,,,,,,,,,,,,,,,,,,,1699.0,0.3,0.2,0.1,4.13,5.3,2.86
1628991,20211126,100.0,4.0,8.0,0.5,0.479,0.021,23.3,2.0,2.0,0.0,1.0,0.0,1.0,2.0,0.0,0.0,0.0,0.0,0.0,0.0,0.0,0.0,0.0,0.0,0.0,0.0,0.0,0.0,9326.0,1.8,0.9,0.8,4.36,4.34,3.9
1629020,20211126,103.0,3.0,11.0,0.273,0.482,-0.21,24.1,6.0,3.0,3.0,6.0,0.0,0.0,0.0,0.0,1.0,1.0,0.0,1.0,0.0,0.0,0.0,0.0,0.0,0.0,0.0,0.0,0.0,10222.0,1.9,1.0,0.9,4.49,4.82,4.15
1629633,20211126,100.0,2.0,2.0,1.0,0.403,0.597,12.0,3.0,2.0,1.0,1.0,0.0,0.0,0.0,0.0,0.0,0.0,0.0,0.0,0.0,0.0,0.0,0.0,0.0,0.0,0.0,0.0,0.0,4433.0,0.8,0.4,0.4,3.85,4.74,3.24
1629750,20211126,98.0,3.0,6.0,0.5,0.419,0.081,23.4,3.0,3.0,0.0,2.0,0.0,1.0,2.0,0.0,0.0,0.0,0.0,0.0,0.0,1.0,1.0,1.0,1.0,0.0,1.0,1.0,1.0,9393.0,1.8,0.9,0.9,4.46,4.87,4.11
1627759,20211126,96.0,1.0,7.0,0.143,0.464,-0.321,27.1,5.0,3.0,2.0,4.0,0.0,0.0,0.0,1.0,0.0,1.0,1.0,0.0,1.0,1.0,2.0,1.0,0.0,0.5,0.5,0.5,0.0,10509.0,2.0,1.1,0.9,4.24,4.74,3.77
1629669,20211126,103.0,1.0,1.0,1.0,0.474,0.526,,,,,,,,,,,,,,,,,,,,,,,2965.0,0.6,0.3,0.3,4.81,4.8,4.81
1628369,20211126,96.0,1.0,9.0,0.111,0.452,-0.341,40.1,6.0,2.0,4.0,1.0,0.0,0.0,0.0,0.0,0.0,0.0,0.0,0.0,1.0,0.0,1.0,0.0,0.0,1.0,0.0,0.0,0.0,14900.0,2.8,1.5,1.3,3.96,4.29,3.64
201145,20211126,96.0,9.0,10.0,0.9,0.5,0.4,28.8,7.0,6.0,1.0,1.0,0.0,3.0,6.0,1.0,0.0,1.0,1.0,0.0,0.0,1.0,1.0,1.0,1.0,0.0,1.0,1.0,1.0,10141.0,1.9,1.0,0.9,3.76,3.93,3.59
203924,20211126,103.0,5.0,16.0,0.313,0.457,-0.144,33.1,11.0,5.0,6.0,1.0,0.0,0.0,0.0,0.0,0.0,0.0,0.0,0.0,0.0,0.0,0.0,0.0,0.0,0.0,0.0,0.0,0.0,12863.0,2.4,1.4,1.1,4.08,4.7,3.79
1630526,20211126,96.0,5.0,10.0,0.5,0.497,0.003,23.0,7.0,4.0,3.0,0.0,1.0,2.0,4.0,0.0,0.0,0.0,0.0,0.0,0.0,1.0,1.0,1.0,0.0,0.0,1.0,1.0,0.0,9346.0,1.8,1.0,0.8,4.36,4.79,3.93
1630579,20211126,98.0,0.0,1.0,0.0,0.503,-0.503,3.6,1.0,1.0,0.0,0.0,0.0,0.0,0.0,0.0,0.0,0.0,0.0,0.0,1.0,0.0,1.0,1.0,0.0,1.0,0.0,1.0,0.0,1450.0,0.3,0.2,0.1,4.65,5.45,3.6
204060,20211126,100.0,5.0,8.0,0.625,0.42,0.205,22.7,4.0,2.0,2.0,0.0,0.0,1.0,3.0,0.0,0.0,0.0,0.0,0.0,0.0,1.0,1.0,0.0,0.0,0.0,1.0,0.0,0.0,8698.0,1.6,0.8,0.8,4.0,4.21,3.82
1628381,20211126,101.0,4.0,11.0,0.364,0.442,-0.078,23.2,5.0,4.0,1.0,1.0,1.0,1.0,2.0,0.0,0.0,0.0,0.0,0.0,1.0,1.0,2.0,2.0,2.0,0.5,0.5,1.0,1.0,9131.0,1.7,0.9,0.8,4.1,4.47,3.75
1629723,20211126,100.0,4.0,7.0,0.571,0.439,0.132,16.0,4.0,2.0,2.0,1.0,0.0,0.0,0.0,0.0,0.0,0.0,0.0,0.0,0.0,0.0,0.0,0.0,0.0,0.0,0.0,0.0,0.0,6508.0,1.2,0.6,0.6,4.24,5.16,3.58
202685,20211126,97.0,2.0,11.0,0.182,0.501,-0.32,29.5,7.0,7.0,0.0,0.0,0.0,4.0,8.0,0.0,0.0,0.0,0.0,0.0,0.0,12.0,12.0,6.0,2.0,0.0,1.0,1.0,0.333,10536.0,2.0,1.1,0.9,3.79,3.95,3.61
203903,20211126,96.0,3.0,7.0,0.429,0.417,0.011,22.5,3.0,1.0,2.0,2.0,0.0,1.0,2.0,2.0,0.0,2.0,1.0,0.0,0.0,1.0,1.0,1.0,1.0,0.0,1.0,1.0,1.0,9033.0,1.7,1.0,0.8,4.29,4.94,4.15
1629162,20211126,103.0,1.0,4.0,0.25,0.434,-0.184,15.1,2.0,1.0,1.0,1.0,0.0,0.0,0.0,0.0,0.0,0.0,0.0,0.0,0.0,0.0,0.0,0.0,0.0,0.0,0.0,0.0,0.0,6579.0,1.2,0.6,0.6,4.51,5.15,4.02
1629670,20211126,96.0,1.0,3.0,0.333,0.448,-0.115,13.3,2.0,0.0,2.0,0.0,0.0,0.0,0.0,1.0,0.0,1.0,1.0,0.0,0.0,0.0,0.0,0.0,0.0,0.0,0.0,0.0,0.0,5486.0,1.0,0.6,0.5,4.07,4.53,4.41
1629673,20211126,97.0,6.0,10.0,0.6,0.453,0.147,34.6,3.0,0.0,3.0,0.0,0.0,1.0,3.0,0.0,0.0,0.0,0.0,0.0,0.0,0.0,0.0,0.0,0.0,0.0,0.0,0.0,0.0,13180.0,2.5,1.4,1.1,4.09,4.6,3.58
1630581,20211126,96.0,9.0,13.0,0.692,0.482,0.21,28.8,3.0,2.0,1.0,2.0,0.0,2.0,6.0,0.0,1.0,1.0,0.0,1.0,0.0,0.0,0.0,0.0,0.0,0.0,0.0,0.0,0.0,11223.0,2.1,1.1,1.0,4.11,4.47,3.77
1628404,20211126,100.0,9.0,16.0,0.563,0.458,0.105,36.6,10.0,7.0,3.0,1.0,0.0,0.0,0.0,0.0,0.0,0.0,0.0,0.0,0.0,0.0,0.0,0.0,0.0,0.0,0.0,0.0,0.0,14084.0,2.7,1.5,1.2,4.14,4.5,3.76
1628367,20211126,124.0,2.0,8.0,0.25,0.5,-0.25,19.3,2.0,1.0,1.0,0.0,0.0,0.0,0.0,0.0,0.0,0.0,0.0,0.0,0.0,2.0,2.0,2.0,1.0,0.0,1.0,1.0,0.5,7501.0,1.4,0.8,0.7,3.95,4.85,3.7
1629006,20211126,103.0,3.0,4.0,0.75,0.453,0.297,12.5,1.0,1.0,0.0,3.0,0.0,0.0,0.0,0.0,0.0,0.0,0.0,0.0,0.0,0.0,0.0,0.0,0.0,0.0,0.0,0.0,0.0,4969.0,0.9,0.5,0.5,3.99,4.46,4.4
1630563,20211126,96.0,0.0,3.0,0.0,0.414,-0.414,4.6,2.0,0.0,2.0,0.0,0.0,0.0,0.0,0.0,0.0,0.0,0.0,0.0,0.0,1.0,1.0,1.0,0.0,0.0,1.0,1.0,0.0,1650.0,0.3,0.1,0.2,3.77,3.08,4.25
201950,20211126,96.0,7.0,15.0,0.467,0.46,0.007,33.5,8.0,4.0,4.0,1.0,0.0,0.0,0.0,0.0,0.0,0.0,0.0,0.0,0.0,0.0,0.0,0.0,0.0,0.0,0.0,0.0,0.0,12476.0,2.4,1.3,1.1,4.06,4.41,3.72
1629308,20211126,97.0,4.0,9.0,0.444,0.445,-0.001,23.2,0.0,0.0,0.0,3.0,0.0,2.0,5.0,0.0,0.0,0.0,0.0,0.0,1.0,0.0,1.0,0.0,0.0,1.0,0.0,0.0,0.0,9578.0,1.8,1.0,0.8,4.39,4.92,3.85
203944,20211126,98.0,9.0,12.0,0.75,0.482,0.268,31.6,7.0,3.0,4.0,2.0,0.0,4.0,10.0,1.0,0.0,1.0,1.0,0.0,1.0,0.0,1.0,0.0,0.0,1.0,0.0,0.0,0.0,12120.0,2.3,1.3,1.0,4.1,4.38,3.79
1630551,20211126,94.0,,,,,,,,,,,,,,,,,,,,,,,,,,,,543.0,0.1,0.1,0.0,3.62,8.05,0.0
203200,20211126,124.0,2.0,6.0,0.333,0.453,-0.12,22.2,6.0,3.0,3.0,1.0,1.0,1.0,3.0,0.0,0.0,0.0,0.0,0.0,0.0,1.0,1.0,1.0,0.0,0.0,1.0,1.0,0.0,9055.0,1.7,1.0,0.7,4.35,4.98,3.7
1626159,20211126,100.0,,,,,,,,,,,,,,,,,,,,,,,,,,,,1101.0,0.2,0.1,0.1,4.11,2.85,7.3
203994,20211126,100.0,9.0,14.0,0.643,0.526,0.116,23.9,3.0,3.0,0.0,1.0,0.0,1.0,2.0,0.0,0.0,0.0,0.0,0.0,0.0,0.0,0.0,0.0,0.0,0.0,0.0,0.0,0.0,9451.0,1.8,0.9,0.9,4.29,4.23,4.36
1630539,20211126,104.0,1.0,2.0,0.5,0.458,0.043,3.1,3.0,1.0,2.0,0.0,0.0,0.0,0.0,0.0,0.0,0.0,0.0,0.0,0.0,0.0,0.0,0.0,0.0,0.0,0.0,0.0,0.0,1378.0,0.3,0.1,0.1,5.15,3.62,3.26
1626157,20211126,103.0,5.0,11.0,0.455,0.458,-0.004,31.0,8.0,5.0,3.0,4.0,0.0,1.0,2.0,2.0,2.0,4.0,0.5,0.5,0.0,2.0,2.0,2.0,1.0,0.0,1.0,1.0,0.5,11385.0,2.2,1.1,1.1,4.03,4.05,4.0
1628966,20211126,96.0,2.0,5.0,0.4,0.449,-0.049,18.4,2.0,2.0,0.0,0.0,0.0,1.0,2.0,0.0,0.0,0.0,0.0,0.0,0.0,1.0,1.0,1.0,0.0,0.0,1.0,1.0,0.0,7663.0,1.5,0.8,0.7,4.71,5.15,4.29
1629103,20211126,96.0,4.0,9.0,0.444,0.404,0.04,23.4,2.0,2.0,0.0,1.0,0.0,0.0,0.0,0.0,0.0,0.0,0.0,0.0,0.0,0.0,0.0,0.0,0.0,0.0,0.0,0.0,0.0,9110.0,1.7,0.9,0.8,4.08,4.18,3.98
1629640,20211126,96.0,7.0,20.0,0.35,0.451,-0.101,38.2,11.0,5.0,6.0,2.0,0.0,0.0,0.0,2.0,1.0,3.0,0.667,0.333,0.0,1.0,1.0,1.0,0.0,0.0,1.0,1.0,0.0,15514.0,2.9,1.7,1.3,4.26,4.72,4.07
1626162,20211126,104.0,7.0,14.0,0.5,0.447,0.053,26.9,7.0,5.0,2.0,0.0,0.0,0.0,0.0,0.0,0.0,0.0,0.0,0.0,0.0,0.0,0.0,0.0,0.0,0.0,0.0,0.0,0.0,10186.0,1.9,1.1,0.9,3.95,4.46,3.84
202689,20211126,98.0,6.0,9.0,0.667,0.468,0.198,23.0,6.0,3.0,3.0,0.0,0.0,0.0,0.0,1.0,0.0,1.0,1.0,0.0,0.0,0.0,0.0,0.0,0.0,0.0,0.0,0.0,0.0,8826.0,1.7,1.0,0.7,4.15,4.44,3.8
1629026,20211126,96.0,1.0,6.0,0.167,0.482,-0.315,24.4,2.0,0.0,2.0,1.0,2.0,0.0,0.0,1.0,0.0,1.0,1.0,0.0,0.0,0.0,0.0,0.0,0.0,0.0,0.0,0.0,0.0,10242.0,1.9,1.0,0.9,4.39,4.82,3.99
203484,20211126,95.0,5.0,11.0,0.455,0.439,0.015,27.4,3.0,3.0,0.0,3.0,0.0,1.0,2.0,0.0,1.0,1.0,0.0,1.0,0.0,2.0,2.0,2.0,0.0,0.0,1.0,1.0,0.0,10800.0,2.0,1.1,0.9,4.09,4.38,3.77
1628989,20211126,101.0,1.0,6.0,0.167,0.43,-0.263,25.5,4.0,0.0,4.0,1.0,0.0,0.0,0.0,1.0,0.0,1.0,1.0,0.0,0.0,0.0,0.0,0.0,0.0,0.0,0.0,0.0,0.0,10147.0,1.9,1.1,0.9,4.11,4.67,3.97
1628995,20211126,101.0,0.0,1.0,0.0,0.526,-0.526,7.7,1.0,0.0,1.0,0.0,0.0,0.0,0.0,0.0,0.0,0.0,0.0,0.0,0.0,0.0,0.0,0.0,0.0,0.0,0.0,0.0,0.0,3107.0,0.6,0.3,0.3,4.45,4.62,4.28
1626172,20211126,97.0,5.0,16.0,0.313,0.47,-0.158,20.1,7.0,5.0,2.0,0.0,0.0,1.0,3.0,1.0,0.0,1.0,1.0,0.0,0.0,0.0,0.0,0.0,0.0,0.0,0.0,0.0,0.0,7589.0,1.4,0.8,0.7,4.01,4.53,4.08
203114,20211126,96.0,8.0,12.0,0.667,0.471,0.196,30.6,3.0,2.0,1.0,3.0,0.0,0.0,0.0,0.0,0.0,0.0,0.0,0.0,0.0,0.0,0.0,0.0,0.0,0.0,0.0,0.0,0.0,10878.0,2.1,1.2,0.8,3.88,4.37,3.01
1629681,20211126,100.0,,,,,,12.0,1.0,1.0,0.0,1.0,0.0,2.0,4.0,0.0,0.0,0.0,0.0,0.0,0.0,1.0,1.0,1.0,0.0,0.0,1.0,1.0,0.0,4694.0,0.9,0.4,0.4,4.33,4.75,3.23
1630184,20211126,97.0,3.0,3.0,1.0,0.417,0.583,9.8,3.0,2.0,1.0,2.0,0.0,0.0,0.0,0.0,0.0,0.0,0.0,0.0,0.0,0.0,0.0,0.0,0.0,0.0,0.0,0.0,0.0,4000.0,0.8,0.4,0.4,4.67,4.72,4.63
203937,20211126,100.0,6.0,8.0,0.75,0.477,0.273,16.4,3.0,2.0,1.0,2.0,0.0,0.0,0.0,0.0,1.0,1.0,0.0,1.0,0.0,0.0,0.0,0.0,0.0,0.0,0.0,0.0,0.0,6797.0,1.3,0.7,0.6,4.27,4.67,3.9
1628398,20211126,95.0,4.0,10.0,0.4,0.412,-0.012,32.9,5.0,5.0,0.0,1.0,0.0,1.0,3.0,0.0,0.0,0.0,0.0,0.0,1.0,0.0,1.0,1.0,1.0,1.0,0.0,1.0,1.0,13160.0,2.5,1.4,1.1,4.25,4.68,3.81
1630163,20211126,104.0,3.0,7.0,0.429,0.444,-0.015,29.1,0.0,0.0,0.0,2.0,0.0,0.0,0.0,0.0,1.0,1.0,0.0,1.0,0.0,1.0,1.0,1.0,1.0,0.0,1.0,1.0,1.0,12102.0,2.3,1.3,1.0,4.47,4.97,3.95
1629013,20211126,96.0,2.0,7.0,0.286,0.419,-0.133,20.0,3.0,2.0,1.0,1.0,0.0,0.0,0.0,0.0,0.0,0.0,0.0,0.0,0.0,0.0,0.0,0.0,0.0,0.0,0.0,0.0,0.0,8091.0,1.5,0.8,0.7,4.16,4.63,3.73
1626204,20211126,97.0,4.0,7.0,0.571,0.473,0.098,24.1,2.0,2.0,0.0,1.0,0.0,5.0,12.0,0.0,0.0,0.0,0.0,0.0,0.0,1.0,1.0,1.0,0.0,0.0,1.0,1.0,0.0,9605.0,1.8,1.0,0.9,4.23,4.75,4.19
2544,20211126,126.0,7.0,23.0,0.304,0.451,-0.146,49.8,4.0,3.0,1.0,2.0,1.0,1.0,3.0,2.0,0.0,2.0,1.0,0.0,0.0,0.0,0.0,0.0,0.0,0.0,0.0,0.0,0.0,16590.0,3.1,1.7,1.5,3.49,3.75,3.45
1630195,20211126,103.0,0.0,1.0,0.0,0.431,-0.431,3.9,1.0,1.0,0.0,0.0,0.0,0.0,0.0,1.0,1.0,2.0,0.5,0.5,0.0,0.0,0.0,0.0,0.0,0.0,0.0,0.0,0.0,1764.0,0.3,0.2,0.2,4.13,5.73,5.31
1629022,20211126,96.0,3.0,10.0,0.3,0.443,-0.143,15.2,4.0,2.0,2.0,0.0,0.0,0.0,0.0,0.0,0.0,0.0,0.0,0.0,0.0,0.0,0.0,0.0,0.0,0.0,0.0,0.0,0.0,5564.0,1.1,0.6,0.5,4.19,4.18,4.19
1628366,20211126,98.0,2.0,10.0,0.2,0.421,-0.221,31.4,5.0,2.0,3.0,5.0,0.0,2.0,5.0,0.0,2.0,2.0,0.0,1.0,0.0,1.0,1.0,1.0,0.0,0.0,1.0,1.0,0.0,12630.0,2.4,1.2,1.2,4.37,4.82,4.0
101150,20211126,101.0,1.0,2.0,0.5,0.391,0.11,15.4,1.0,0.0,1.0,0.0,0.0,0.0,0.0,1.0,0.0,1.0,1.0,0.0,0.0,0.0,0.0,0.0,0.0,0.0,0.0,0.0,0.0,5438.0,1.0,0.6,0.5,3.68,4.13,3.94
1629652,20211126,96.0,8.0,14.0,0.571,0.465,0.106,35.9,3.0,1.0,2.0,2.0,0.0,0.0,0.0,0.0,0.0,0.0,0.0,0.0,0.0,0.0,0.0,0.0,0.0,0.0,0.0,0.0,0.0,13974.0,2.6,1.4,1.3,4.07,4.51,3.95
1630568,20211126,103.0,3.0,4.0,0.75,0.509,0.242,10.5,4.0,4.0,0.0,0.0,0.0,1.0,2.0,0.0,0.0,0.0,0.0,0.0,1.0,2.0,3.0,2.0,1.0,0.333,0.667,0.667,0.333,4584.0,0.9,0.4,0.4,4.71,4.79,3.71
1628379,20211126,104.0,5.0,8.0,0.625,0.429,0.196,27.6,1.0,1.0,0.0,2.0,0.0,0.0,0.0,1.0,0.0,1.0,1.0,0.0,0.0,0.0,0.0,0.0,0.0,0.0,0.0,0.0,0.0,10860.0,2.1,1.1,0.9,4.23,4.28,3.76
1630201,20211126,94.0,2.0,6.0,0.333,0.46,-0.127,13.7,0.0,0.0,0.0,2.0,0.0,0.0,0.0,0.0,0.0,0.0,0.0,0.0,0.0,0.0,0.0,0.0,0.0,0.0,0.0,0.0,0.0,5532.0,1.0,0.5,0.5,4.13,4.54,3.79
1627763,20211126,95.0,8.0,14.0,0.571,0.445,0.127,35.6,6.0,4.0,2.0,0.0,0.0,0.0,0.0,0.0,1.0,1.0,0.0,1.0,0.0,1.0,1.0,1.0,0.0,0.0,1.0,1.0,0.0,13551.0,2.6,1.5,1.1,4.1,4.5,3.66
1627736,20211126,103.0,6.0,11.0,0.545,0.457,0.089,27.1,6.0,1.0,5.0,1.0,0.0,0.0,0.0,0.0,0.0,0.0,0.0,0.0,0.0,1.0,1.0,0.0,0.0,0.0,1.0,0.0,0.0,10961.0,2.1,1.1,1.0,4.34,4.67,4.03
1628370,20211126,126.0,8.0,18.0,0.444,0.442,0.002,43.6,9.0,4.0,5.0,1.0,0.0,0.0,0.0,0.0,0.0,0.0,0.0,0.0,0.0,0.0,0.0,0.0,0.0,0.0,0.0,0.0,0.0,16995.0,3.2,1.6,1.6,3.98,4.08,3.88
202694,20211126,104.0,4.0,11.0,0.364,0.415,-0.051,23.4,5.0,2.0,3.0,3.0,0.0,0.0,0.0,0.0,1.0,1.0,0.0,1.0,0.0,0.0,0.0,0.0,0.0,0.0,0.0,0.0,0.0,8645.0,1.6,0.8,0.8,3.89,4.07,3.72
203935,20211126,96.0,7.0,13.0,0.538,0.453,0.085,32.8,6.0,3.0,3.0,1.0,0.0,0.0,0.0,3.0,1.0,4.0,0.75,0.25,0.0,2.0,2.0,2.0,1.0,0.0,1.0,1.0,0.5,11954.0,2.3,1.2,1.1,4.05,4.17,3.94
1630210,20211126,96.0,,,,,,5.0,0.0,0.0,0.0,0.0,1.0,0.0,0.0,0.0,0.0,0.0,0.0,0.0,0.0,0.0,0.0,0.0,0.0,0.0,0.0,0.0,0.0,2135.0,0.4,0.2,0.2,4.29,4.69,3.95
1628963,20211126,103.0,6.0,11.0,0.545,0.492,0.053,34.7,6.0,2.0,4.0,1.0,0.0,1.0,2.0,0.0,1.0,1.0,0.0,1.0,1.0,1.0,2.0,1.0,0.0,0.5,0.5,1.0,0.0,14163.0,2.7,1.6,1.1,4.3,4.84,3.69
1629744,20211126,98.0,0.0,1.0,0.0,0.376,-0.376,4.6,1.0,1.0,0.0,0.0,0.0,0.0,0.0,0.0,0.0,0.0,0.0,0.0,0.0,0.0,0.0,0.0,0.0,0.0,0.0,0.0,0.0,2126.0,0.4,0.2,0.2,4.8,5.0,4.61
203090,20211126,124.0,1.0,4.0,0.25,0.548,-0.298,8.1,2.0,1.0,1.0,1.0,0.0,0.0,0.0,0.0,0.0,0.0,0.0,0.0,0.0,0.0,0.0,0.0,0.0,0.0,0.0,0.0,0.0,3264.0,0.6,0.4,0.3,4.33,4.96,5.17
1628969,20211126,96.0,5.0,9.0,0.556,0.404,0.151,38.6,3.0,2.0,1.0,4.0,0.0,0.0,0.0,0.0,1.0,1.0,0.0,1.0,0.0,0.0,0.0,0.0,0.0,0.0,0.0,0.0,0.0,15854.0,3.0,1.5,1.5,4.35,4.54,4.18
201144,20211126,96.0,7.0,17.0,0.412,0.43,-0.018,31.1,10.0,2.0,8.0,1.0,0.0,0.0,0.0,0.0,1.0,1.0,0.0,1.0,0.0,0.0,0.0,0.0,0.0,0.0,0.0,0.0,0.0,12021.0,2.3,1.2,1.1,4.18,4.58,3.83
203488,20211126,96.0,5.0,8.0,0.625,0.6,0.025,17.3,11.0,10.0,1.0,2.0,0.0,1.0,3.0,0.0,1.0,1.0,0.0,1.0,0.0,1.0,1.0,1.0,0.0,0.0,1.0,1.0,0.0,6563.0,1.2,0.7,0.5,3.9,4.58,3.23
1628970,20211126,104.0,7.0,15.0,0.467,0.465,0.002,25.9,6.0,4.0,2.0,0.0,0.0,1.0,3.0,0.0,0.0,0.0,0.0,0.0,0.0,1.0,1.0,1.0,0.0,0.0,1.0,1.0,0.0,9830.0,1.9,1.0,0.9,4.11,4.65,3.65
1630540,20211126,98.0,1.0,1.0,1.0,0.396,0.604,4.1,0.0,0.0,0.0,1.0,0.0,0.0,0.0,0.0,0.0,0.0,0.0,0.0,0.0,0.0,0.0,0.0,0.0,0.0,0.0,0.0,0.0,1646.0,0.3,0.2,0.1,4.12,5.04,3.02
1629011,20211126,98.0,2.0,8.0,0.25,0.53,-0.28,21.2,5.0,5.0,0.0,2.0,0.0,5.0,11.0,1.0,0.0,1.0,1.0,0.0,1.0,3.0,4.0,4.0,2.0,0.25,0.75,1.0,0.5,8175.0,1.5,0.8,0.7,4.01,4.02,3.99
1628964,20211126,100.0,4.0,11.0,0.364,0.48,-0.116,23.4,8.0,4.0,4.0,0.0,0.0,1.0,2.0,1.0,1.0,2.0,0.5,0.5,1.0,0.0,1.0,1.0,1.0,1.0,0.0,1.0,1.0,9103.0,1.7,0.9,0.8,4.17,4.08,4.29
1626149,20211126,104.0,3.0,10.0,0.3,0.444,-0.144,19.6,10.0,5.0,5.0,1.0,1.0,4.0,9.0,0.0,0.0,0.0,0.0,0.0,0.0,1.0,1.0,1.0,1.0,0.0,1.0,1.0,1.0,7008.0,1.3,0.7,0.6,3.75,3.86,3.64
1628420,20211126,96.0,8.0,10.0,0.8,0.46,0.34,32.4,7.0,4.0,3.0,2.0,0.0,0.0,0.0,0.0,0.0,0.0,0.0,0.0,0.0,0.0,0.0,0.0,0.0,0.0,0.0,0.0,0.0,12243.0,2.3,1.3,1.0,4.02,4.62,3.43
1629021,20211126,100.0,7.0,8.0,0.875,0.468,0.407,17.5,4.0,1.0,3.0,2.0,0.0,1.0,3.0,0.0,0.0,0.0,0.0,0.0,0.0,4.0,4.0,3.0,1.0,0.0,1.0,1.0,0.333,6743.0,1.3,0.7,0.6,4.14,4.4,3.86
1628539,20211126,,5.0,6.0,0.833,0.476,0.357,12.0,4.0,3.0,1.0,1.0,0.0,0.0,0.0,0.0,0.0,0.0,0.0,0.0,0.0,0.0,0.0,0.0,0.0,0.0,0.0,0.0,0.0,4611.0,0.9,0.5,0.4,4.17,4.41,3.89
1626167,20211126,95.0,11.0,28.0,0.393,0.454,-0.061,31.3,15.0,9.0,6.0,2.0,0.0,2.0,5.0,0.0,1.0,1.0,0.0,1.0,1.0,1.0,2.0,2.0,1.0,0.5,0.5,1.0,0.5,12127.0,2.3,1.2,1.1,4.14,4.14,4.14
1629642,20211126,100.0,3.0,9.0,0.333,0.439,-0.105,20.0,5.0,3.0,2.0,1.0,0.0,0.0,0.0,0.0,0.0,0.0,0.0,0.0,0.0,0.0,0.0,0.0,0.0,0.0,0.0,0.0,0.0,7729.0,1.5,0.8,0.7,4.27,4.54,4.01
1630233,20211126,103.0,0.0,1.0,0.0,0.355,-0.355,1.9,1.0,1.0,0.0,0.0,0.0,0.0,0.0,0.0,0.0,0.0,0.0,0.0,0.0,0.0,0.0,0.0,0.0,0.0,0.0,0.0,0.0,889.0,0.2,0.1,0.1,5.3,5.72,4.92
1629675,20211126,103.0,5.0,7.0,0.714,0.472,0.242,13.7,7.0,4.0,3.0,2.0,0.0,2.0,5.0,0.0,0.0,0.0,0.0,0.0,0.0,1.0,1.0,1.0,1.0,0.0,1.0,1.0,1.0,5600.0,1.1,0.5,0.5,4.48,3.88,4.29
202357,20211126,97.0,3.0,4.0,0.75,0.463,0.287,10.3,3.0,2.0,1.0,0.0,0.0,0.0,0.0,1.0,0.0,1.0,1.0,0.0,0.0,1.0,1.0,1.0,0.0,0.0,1.0,1.0,0.0,4253.0,0.8,0.4,0.4,4.45,4.5,4.39
203457,20211126,98.0,5.0,12.0,0.417,0.468,-0.051,18.3,5.0,3.0,2.0,2.0,0.0,3.0,8.0,1.0,0.0,1.0,1.0,0.0,0.0,0.0,0.0,0.0,0.0,0.0,0.0,0.0,0.0,7624.0,1.4,0.8,0.6,4.19,4.67,3.68
1630208,20211126,104.0,5.0,12.0,0.417,0.484,-0.067,14.5,6.0,3.0,3.0,0.0,0.0,0.0,0.0,0.0,0.0,0.0,0.0,0.0,0.0,0.0,0.0,0.0,0.0,0.0,0.0,0.0,0.0,6399.0,1.2,0.7,0.5,4.58,4.79,4.33
1629638,20211126,96.0,3.0,6.0,0.5,0.462,0.038,23.6,4.0,3.0,1.0,1.0,0.0,1.0,3.0,0.0,0.0,0.0,0.0,0.0,0.0,0.0,0.0,0.0,0.0,0.0,0.0,0.0,0.0,9671.0,1.8,1.0,0.8,4.33,4.89,3.8
202696,20211126,98.0,11.0,24.0,0.458,0.472,-0.013,28.7,10.0,8.0,2.0,0.0,0.0,3.0,7.0,0.0,0.0,0.0,0.0,0.0,0.0,3.0,3.0,2.0,2.0,0.0,1.0,1.0,1.0,10172.0,1.9,1.0,0.9,3.82,4.27,3.41
1626181,20211126,104.0,4.0,7.0,0.571,0.442,0.129,25.5,3.0,1.0,2.0,1.0,0.0,0.0,0.0,0.0,0.0,0.0,0.0,0.0,0.0,0.0,0.0,0.0,0.0,0.0,0.0,0.0,0.0,9711.0,1.8,0.9,0.9,4.02,3.9,4.15
1630167,20211126,98.0,3.0,5.0,0.6,0.482,0.118,13.8,1.0,0.0,1.0,0.0,0.0,0.0,0.0,1.0,0.0,1.0,1.0,0.0,0.0,0.0,0.0,0.0,0.0,0.0,0.0,0.0,0.0,7428.0,1.4,0.8,0.7,4.46,4.89,4.65
203490,20211126,97.0,2.0,6.0,0.333,0.437,-0.104,21.2,5.0,4.0,1.0,1.0,0.0,0.0,0.0,0.0,0.0,0.0,0.0,0.0,0.0,0.0,0.0,0.0,0.0,0.0,0.0,0.0,0.0,8357.0,1.6,0.8,0.7,4.24,4.39,3.58
1629023,20211126,104.0,10.0,16.0,0.625,0.483,0.142,24.3,7.0,5.0,2.0,5.0,0.0,2.0,4.0,0.0,1.0,1.0,0.0,1.0,0.0,3.0,3.0,3.0,2.0,0.0,1.0,1.0,0.667,8863.0,1.7,0.9,0.8,3.98,4.5,3.52
1627783,20211126,94.0,10.0,24.0,0.417,0.463,-0.046,36.7,11.0,7.0,4.0,1.0,0.0,0.0,0.0,1.0,2.0,3.0,0.333,0.667,1.0,2.0,3.0,3.0,2.0,0.333,0.667,1.0,0.667,13753.0,2.6,1.4,1.2,4.01,4.57,3.51
1626192,20211126,96.0,5.0,11.0,0.455,0.475,-0.021,27.1,7.0,3.0,4.0,2.0,0.0,0.0,0.0,0.0,0.0,0.0,0.0,0.0,0.0,0.0,0.0,0.0,0.0,0.0,0.0,0.0,0.0,10026.0,1.9,1.0,0.9,3.94,4.08,3.8
202331,20211126,104.0,4.0,12.0,0.333,0.426,-0.093,32.4,4.0,2.0,2.0,3.0,0.0,1.0,2.0,0.0,2.0,2.0,0.0,1.0,0.0,0.0,0.0,0.0,0.0,0.0,0.0,0.0,0.0,12162.0,2.3,1.3,1.0,4.02,4.73,3.38
1627822,20211126,96.0,2.0,2.0,1.0,0.431,0.569,3.2,1.0,0.0,1.0,0.0,0.0,1.0,3.0,0.0,0.0,0.0,0.0,0.0,0.0,0.0,0.0,0.0,0.0,0.0,0.0,0.0,0.0,1326.0,0.3,0.1,0.1,4.84,3.57,2.94
1630173,20211126,94.0,12.0,23.0,0.522,0.524,-0.003,33.5,13.0,8.0,5.0,1.0,0.0,5.0,11.0,0.0,0.0,0.0,0.0,0.0,0.0,0.0,0.0,0.0,0.0,0.0,0.0,0.0,0.0,12893.0,2.4,1.3,1.2,4.06,4.39,4.07
1629656,20211126,98.0,4.0,4.0,1.0,0.576,0.424,17.0,0.0,0.0,0.0,1.0,0.0,0.0,0.0,0.0,1.0,1.0,0.0,1.0,0.0,0.0,0.0,0.0,0.0,0.0,0.0,0.0,0.0,6749.0,1.3,0.6,0.6,4.27,3.92,3.96
1630181,20211126,100.0,7.0,8.0,0.875,0.445,0.43,20.5,5.0,2.0,3.0,0.0,0.0,0.0,0.0,0.0,0.0,0.0,0.0,0.0,0.0,0.0,0.0,0.0,0.0,0.0,0.0,0.0,0.0,8076.0,1.5,0.8,0.7,4.1,4.06,4.14
1629628,20211126,98.0,7.0,15.0,0.467,0.47,-0.004,31.5,7.0,7.0,0.0,0.0,0.0,0.0,0.0,0.0,0.0,0.0,0.0,0.0,1.0,0.0,1.0,0.0,0.0,1.0,0.0,0.0,0.0,11955.0,2.3,1.2,1.0,4.56,4.47,4.24
203526,20211126,95.0,4.0,11.0,0.364,0.428,-0.065,16.7,4.0,2.0,2.0,0.0,0.0,0.0,0.0,0.0,0.0,0.0,0.0,0.0,0.0,0.0,0.0,0.0,0.0,0.0,0.0,0.0,0.0,6779.0,1.3,0.7,0.6,4.31,4.79,3.86
202704,20211126,104.0,4.0,11.0,0.364,0.428,-0.064,33.6,6.0,5.0,1.0,1.0,0.0,0.0,0.0,0.0,1.0,1.0,0.0,1.0,0.0,0.0,0.0,0.0,0.0,0.0,0.0,0.0,0.0,12581.0,2.4,1.3,1.1,4.01,4.36,3.66
203496,20211126,104.0,5.0,10.0,0.5,0.463,0.037,30.5,4.0,2.0,2.0,4.0,0.0,1.0,3.0,2.0,0.0,2.0,1.0,0.0,0.0,0.0,0.0,0.0,0.0,0.0,0.0,0.0,0.0,11473.0,2.2,1.2,1.0,4.1,4.44,3.76
203918,20211126,104.0,2.0,4.0,0.5,0.508,-0.008,,,,,,,,,,,,,,,,,,,,,,,6847.0,1.3,0.7,0.6,4.09,4.04,4.16
1629641,20211126,96.0,1.0,3.0,0.333,0.433,-0.1,16.8,1.0,1.0,0.0,1.0,0.0,0.0,0.0,0.0,0.0,0.0,0.0,0.0,0.0,1.0,1.0,1.0,0.0,0.0,1.0,1.0,0.0,6553.0,1.2,0.6,0.6,4.11,4.34,3.9
1626220,20211126,96.0,6.0,18.0,0.333,0.464,-0.131,32.0,11.0,10.0,1.0,3.0,0.0,2.0,4.0,0.0,0.0,0.0,0.0,0.0,0.0,1.0,1.0,1.0,1.0,0.0,1.0,1.0,1.0,12611.0,2.4,1.2,1.1,4.19,4.35,3.7
200752,20211126,96.0,3.0,7.0,0.429,0.462,-0.034,16.0,4.0,3.0,1.0,2.0,0.0,0.0,0.0,0.0,0.0,0.0,0.0,0.0,1.0,0.0,1.0,1.0,1.0,1.0,0.0,1.0,1.0,6109.0,1.2,0.6,0.6,4.29,4.41,4.17
203497,20211126,96.0,11.0,24.0,0.458,0.471,-0.012,36.6,20.0,18.0,2.0,0.0,0.0,12.0,28.0,1.0,0.0,1.0,1.0,0.0,1.0,3.0,4.0,2.0,1.0,0.25,0.75,1.0,0.5,13442.0,2.5,1.3,1.3,3.86,4.12,3.92
201566,20211126,126.0,7.0,14.0,0.5,0.481,0.019,51.2,2.0,1.0,1.0,3.0,0.0,0.0,0.0,0.0,0.0,0.0,0.0,0.0,0.0,1.0,1.0,1.0,1.0,0.0,1.0,1.0,1.0,18845.0,3.6,1.8,1.8,3.92,4.08,3.78
1630240,20211126,103.0,6.0,10.0,0.6,0.456,0.144,20.4,4.0,1.0,3.0,2.0,0.0,0.0,0.0,0.0,0.0,0.0,0.0,0.0,0.0,0.0,0.0,0.0,0.0,0.0,0.0,0.0,0.0,8312.0,1.6,0.8,0.8,4.36,4.75,4.04
1630180,20211126,103.0,2.0,8.0,0.25,0.418,-0.168,22.5,5.0,2.0,3.0,1.0,0.0,0.0,0.0,0.0,0.0,0.0,0.0,0.0,0.0,1.0,1.0,1.0,0.0,0.0,1.0,1.0,0.0,8858.0,1.7,0.9,0.8,4.32,4.23,4.42
1630572,20211126,96.0,1.0,1.0,1.0,0.519,0.481,3.2,2.0,1.0,1.0,0.0,0.0,1.0,3.0,0.0,0.0,0.0,0.0,0.0,0.0,1.0,1.0,0.0,0.0,0.0,1.0,0.0,0.0,1298.0,0.2,0.2,0.1,3.22,5.89,3.56
1630583,20211126,100.0,2.0,8.0,0.25,0.37,-0.12,12.0,8.0,2.0,6.0,0.0,0.0,1.0,2.0,0.0,0.0,0.0,0.0,0.0,0.0,0.0,0.0,0.0,0.0,0.0,0.0,0.0,0.0,4860.0,0.9,0.4,0.5,4.33,4.75,4.05
1630567,20211126,94.0,8.0,18.0,0.444,0.459,-0.015,35.5,11.0,4.0,7.0,5.0,0.0,2.0,4.0,0.0,0.0,0.0,0.0,0.0,0.0,1.0,1.0,1.0,1.0,0.0,1.0,1.0,1.0,14487.0,2.7,1.4,1.3,4.29,4.56,4.03
201586,20211126,96.0,1.0,8.0,0.125,0.455,-0.33,18.9,11.0,7.0,4.0,1.0,0.0,1.0,2.0,0.0,0.0,0.0,0.0,0.0,0.0,1.0,1.0,1.0,0.0,0.0,1.0,1.0,0.0,7099.0,1.3,0.7,0.6,3.83,4.22,3.46
1628983,20211126,96.0,5.0,14.0,0.357,0.476,-0.119,34.4,7.0,4.0,3.0,1.0,0.0,0.0,0.0,1.0,0.0,1.0,1.0,0.0,0.0,0.0,0.0,0.0,0.0,0.0,0.0,0.0,0.0,13013.0,2.5,1.4,1.0,4.06,4.67,3.16
203524,20211126,101.0,1.0,2.0,0.5,0.422,0.078,5.6,2.0,1.0,1.0,0.0,0.0,0.0,0.0,1.0,0.0,1.0,1.0,0.0,0.0,3.0,3.0,3.0,0.0,0.0,1.0,1.0,0.0,2007.0,0.4,0.2,0.1,4.08,3.33,2.64
203915,20211126,,3.0,11.0,0.273,0.414,-0.141,31.3,5.0,2.0,3.0,0.0,0.0,1.0,2.0,0.0,0.0,0.0,0.0,0.0,0.0,0.0,0.0,0.0,0.0,0.0,0.0,0.0,0.0,11440.0,2.2,1.3,0.9,3.98,4.46,3.44
201939,20211126,97.0,3.0,13.0,0.231,0.448,-0.217,38.1,3.0,1.0,2.0,2.0,0.0,4.0,8.0,0.0,1.0,1.0,0.0,1.0,0.0,0.0,0.0,0.0,0.0,0.0,0.0,0.0,0.0,14932.0,2.8,1.7,1.2,4.17,5.13,3.54
203500,20211126,100.0,4.0,5.0,0.8,0.569,0.231,17.7,5.0,5.0,0.0,0.0,0.0,2.0,4.0,2.0,0.0,2.0,1.0,0.0,1.0,4.0,5.0,4.0,0.0,0.2,0.8,0.8,0.0,6574.0,1.2,0.7,0.6,3.85,4.65,3.72
1629004,20211126,94.0,3.0,5.0,0.6,0.441,0.159,17.3,2.0,2.0,0.0,2.0,0.0,0.0,0.0,0.0,0.0,0.0,0.0,0.0,0.0,0.0,0.0,0.0,0.0,0.0,0.0,0.0,0.0,7475.0,1.4,0.7,0.7,4.49,4.71,4.3
204456,20211126,95.0,3.0,7.0,0.429,0.43,-0.002,22.2,0.0,0.0,0.0,4.0,0.0,0.0,0.0,2.0,1.0,3.0,0.667,0.333,0.0,1.0,1.0,0.0,0.0,0.0,1.0,0.0,0.0,9694.0,1.8,1.0,0.8,4.51,4.73,4.27
1629659,20211126,126.0,9.0,14.0,0.643,0.445,0.198,24.2,7.0,5.0,2.0,1.0,0.0,1.0,3.0,0.0,0.0,0.0,0.0,0.0,0.0,1.0,1.0,1.0,1.0,0.0,1.0,1.0,1.0,9061.0,1.7,0.9,0.8,4.14,4.5,3.81
1627752,20211126,103.0,6.0,9.0,0.667,0.482,0.185,19.5,3.0,1.0,2.0,2.0,0.0,0.0,0.0,0.0,0.0,0.0,0.0,0.0,0.0,0.0,0.0,0.0,0.0,0.0,0.0,0.0,0.0,7847.0,1.5,0.8,0.7,4.32,4.91,3.79
1629611,20211126,104.0,6.0,14.0,0.429,0.434,-0.006,31.1,2.0,0.0,2.0,3.0,0.0,0.0,0.0,3.0,1.0,4.0,0.75,0.25,0.0,1.0,1.0,0.0,0.0,0.0,1.0,0.0,0.0,12855.0,2.4,1.3,1.2,4.29,4.54,4.39
1629056,20211126,124.0,3.0,9.0,0.333,0.502,-0.169,28.6,2.0,0.0,2.0,2.0,0.0,0.0,0.0,0.0,0.0,0.0,0.0,0.0,0.0,0.0,0.0,0.0,0.0,0.0,0.0,0.0,0.0,11343.0,2.1,1.1,1.0,4.14,4.64,3.71
203082,20211126,100.0,4.0,8.0,0.5,0.438,0.062,20.1,4.0,1.0,3.0,1.0,0.0,0.0,0.0,0.0,0.0,0.0,0.0,0.0,0.0,0.0,0.0,0.0,0.0,0.0,0.0,0.0,0.0,7639.0,1.4,0.8,0.7,3.96,4.43,4.05
1626179,20211126,104.0,7.0,12.0,0.583,0.446,0.138,28.9,5.0,2.0,3.0,2.0,0.0,0.0,0.0,0.0,0.0,0.0,0.0,0.0,0.0,1.0,1.0,1.0,0.0,0.0,1.0,1.0,0.0,11836.0,2.2,1.1,1.1,4.29,4.55,4.06
201152,20211126,94.0,2.0,4.0,0.5,0.465,0.035,6.1,2.0,1.0,1.0,0.0,0.0,1.0,2.0,1.0,0.0,1.0,1.0,0.0,0.0,1.0,1.0,1.0,0.0,0.0,1.0,1.0,0.0,2165.0,0.4,0.2,0.2,3.63,3.32,3.99
203648,20211126,96.0,2.0,3.0,0.667,0.351,0.316,3.2,0.0,0.0,0.0,0.0,0.0,1.0,2.0,0.0,0.0,0.0,0.0,0.0,0.0,0.0,0.0,0.0,0.0,0.0,0.0,0.0,0.0,1418.0,0.3,0.2,0.1,4.84,5.88,3.56
1627789,20211126,101.0,,,,,,5.6,0.0,0.0,0.0,0.0,0.0,0.0,0.0,0.0,0.0,0.0,0.0,0.0,1.0,1.0,2.0,1.0,0.0,0.5,0.5,0.5,0.0,2237.0,0.4,0.3,0.2,4.09,5.01,5.27
203107,20211126,95.0,2.0,3.0,0.667,0.433,0.234,8.8,1.0,1.0,0.0,1.0,0.0,1.0,2.0,0.0,0.0,0.0,0.0,0.0,0.0,0.0,0.0,0.0,0.0,0.0,0.0,0.0,0.0,3550.0,0.7,0.4,0.3,4.57,4.97,4.13
1628396,20211126,98.0,2.0,5.0,0.4,0.427,-0.027,3.6,5.0,2.0,3.0,0.0,0.0,0.0,0.0,0.0,0.0,0.0,0.0,0.0,0.0,0.0,0.0,0.0,0.0,0.0,0.0,0.0,0.0,1390.0,0.3,0.2,0.1,4.64,6.43,2.98
203503,20211126,97.0,3.0,6.0,0.5,0.419,0.082,10.0,2.0,0.0,2.0,1.0,0.0,0.0,0.0,0.0,0.0,0.0,0.0,0.0,0.0,0.0,0.0,0.0,0.0,0.0,0.0,0.0,0.0,4097.0,0.8,0.4,0.4,4.54,4.56,4.51
1628470,20211126,96.0,3.0,5.0,0.6,0.403,0.197,11.7,4.0,3.0,1.0,0.0,0.0,0.0,0.0,0.0,0.0,0.0,0.0,0.0,0.0,1.0,1.0,1.0,0.0,0.0,1.0,1.0,0.0,5055.0,1.0,0.5,0.5,4.71,5.13,4.36
1629027,20211126,101.0,2.0,10.0,0.2,0.438,-0.238,27.4,1.0,0.0,1.0,0.0,0.0,0.0,0.0,1.0,0.0,1.0,1.0,0.0,0.0,0.0,0.0,0.0,0.0,0.0,0.0,0.0,0.0,10670.0,2.0,1.1,0.9,4.03,4.41,3.63
1630200,20211126,96.0,1.0,5.0,0.2,0.45,-0.25,17.7,1.0,1.0,0.0,0.0,0.0,0.0,0.0,0.0,1.0,1.0,0.0,1.0,0.0,0.0,0.0,0.0,0.0,0.0,0.0,0.0,0.0,7762.0,1.5,0.8,0.7,4.7,5.13,4.29
1630544,20211126,96.0,3.0,7.0,0.429,0.476,-0.048,17.0,2.0,1.0,1.0,2.0,0.0,0.0,0.0,1.0,1.0,2.0,0.5,0.5,0.0,0.0,0.0,0.0,0.0,0.0,0.0,0.0,0.0,7045.0,1.3,0.7,0.6,4.36,4.82,3.92
1630235,20211126,96.0,,,,,,2.8,0.0,0.0,0.0,0.0,0.0,1.0,2.0,0.0,0.0,0.0,0.0,0.0,0.0,0.0,0.0,0.0,0.0,0.0,0.0,0.0,0.0,1194.0,0.2,0.1,0.1,4.06,4.38,3.8
1626168,20211126,124.0,5.0,7.0,0.714,0.475,0.239,14.7,4.0,4.0,0.0,0.0,0.0,0.0,0.0,0.0,0.0,0.0,0.0,0.0,1.0,1.0,2.0,2.0,1.0,0.5,0.5,1.0,0.5,5668.0,1.1,0.6,0.5,4.19,4.48,3.88
202684,20211126,98.0,3.0,8.0,0.375,0.488,-0.113,20.1,6.0,4.0,2.0,1.0,0.0,1.0,2.0,1.0,0.0,1.0,1.0,0.0,2.0,1.0,3.0,3.0,1.0,0.667,0.333,1.0,0.333,7795.0,1.5,0.8,0.7,4.15,4.14,4.16
1628972,20211126,98.0,,,,,,5.9,0.0,0.0,0.0,1.0,0.0,1.0,3.0,0.0,0.0,0.0,0.0,0.0,0.0,0.0,0.0,0.0,0.0,0.0,0.0,0.0,0.0,2504.0,0.5,0.3,0.2,4.6,5.55,3.67
1629660,20211126,96.0,,,,,,10.7,0.0,0.0,0.0,0.0,0.0,1.0,3.0,0.0,0.0,0.0,0.0,0.0,0.0,0.0,0.0,0.0,0.0,0.0,0.0,0.0,0.0,4309.0,0.8,0.5,0.3,4.23,5.32,3.16
1630169,20211126,95.0,5.0,10.0,0.5,0.495,0.005,47.1,1.0,0.0,1.0,7.0,0.0,0.0,0.0,0.0,1.0,1.0,0.0,1.0,0.0,1.0,1.0,1.0,0.0,0.0,1.0,1.0,0.0,19332.0,3.7,2.1,1.6,4.4,4.87,3.91
1626145,20211126,100.0,4.0,6.0,0.667,0.549,0.118,20.0,1.0,1.0,0.0,0.0,0.0,0.0,0.0,0.0,1.0,1.0,0.0,1.0,0.0,0.0,0.0,0.0,0.0,0.0,0.0,0.0,0.0,8723.0,1.7,0.9,0.7,4.67,4.92,3.87
1628427,20211126,96.0,3.0,6.0,0.5,0.451,0.049,14.9,4.0,2.0,2.0,1.0,0.0,0.0,0.0,0.0,1.0,1.0,0.0,1.0,0.0,0.0,0.0,0.0,0.0,0.0,0.0,0.0,0.0,5668.0,1.1,0.6,0.5,4.02,4.78,3.37
201961,20211126,126.0,2.0,7.0,0.286,0.445,-0.159,15.6,4.0,1.0,3.0,1.0,0.0,0.0,0.0,0.0,0.0,0.0,0.0,0.0,0.0,0.0,0.0,0.0,0.0,0.0,0.0,0.0,0.0,6205.0,1.2,0.6,0.6,4.35,4.44,4.27
1628976,20211126,100.0,11.0,18.0,0.611,0.479,0.132,29.9,14.0,9.0,5.0,0.0,0.0,5.0,11.0,0.0,0.0,0.0,0.0,0.0,1.0,0.0,1.0,1.0,1.0,1.0,0.0,1.0,1.0,11170.0,2.1,1.1,1.0,4.05,4.06,4.03
203115,20211126,96.0,4.0,6.0,0.667,0.472,0.195,39.0,0.0,0.0,0.0,4.0,0.0,0.0,0.0,0.0,0.0,0.0,0.0,0.0,0.0,0.0,0.0,0.0,0.0,0.0,0.0,0.0,0.0,14585.0,2.8,1.4,1.3,4.05,4.14,3.69
1626195,20211126,97.0,3.0,6.0,0.5,0.513,-0.013,18.6,2.0,2.0,0.0,1.0,0.0,4.0,10.0,0.0,0.0,0.0,0.0,0.0,1.0,2.0,3.0,2.0,0.0,0.333,0.667,1.0,0.0,7052.0,1.3,0.8,0.6,4.0,4.94,3.67
1630214,20211126,100.0,5.0,8.0,0.625,0.422,0.203,12.0,3.0,2.0,1.0,0.0,0.0,2.0,4.0,1.0,0.0,1.0,1.0,0.0,0.0,0.0,0.0,0.0,0.0,0.0,0.0,0.0,0.0,4728.0,0.9,0.4,0.5,4.33,4.75,4.05
203897,20211126,98.0,3.0,9.0,0.333,0.43,-0.097,28.5,6.0,4.0,2.0,0.0,0.0,1.0,2.0,0.0,0.0,0.0,0.0,0.0,0.0,0.0,0.0,0.0,0.0,0.0,0.0,0.0,0.0,11449.0,2.2,1.2,1.0,4.45,5.07,3.88
1630192,20211126,96.0,6.0,10.0,0.6,0.469,0.131,15.0,4.0,2.0,2.0,1.0,0.0,3.0,7.0,0.0,0.0,0.0,0.0,0.0,1.0,1.0,2.0,2.0,1.0,0.5,0.5,1.0,0.5,6486.0,1.2,0.6,0.6,4.4,4.62,4.2
1630533,20211126,100.0,3.0,8.0,0.375,0.473,-0.098,15.5,6.0,4.0,2.0,1.0,0.0,0.0,0.0,0.0,0.0,0.0,0.0,0.0,0.0,0.0,0.0,0.0,0.0,0.0,0.0,0.0,0.0,6317.0,1.2,0.6,0.6,4.25,4.61,3.95
